1,14,15,16,24,25,26,27,34,35,36,37,44,45,46,47
2,15,16,17,24,25,26,27,34,35,36,37,44,45,46,47
3,15,16,17,24,25,26,27,34,35,36,37,44,45,46,47
4,15,16,17,24,25,26,27,33,34,35,36,37,38,41,42,43,44,45,46,47,48,49,50
5,13,14,22,23,24,25,26,27,32,33,34,35,36,37,41,42,43,44,45,46,47,48,49,50
6,11,12,13,14,20,21,22,23,24,30,31,32,33,34,40,41,42,43,44
7,1,2,11,12,13,20,21,22,23,30,31,32,33,40,41,42
8,2,3,11,12,13,14,15,16,17,21,22,23,24,25,26,27,31,32,33,34,35,36,37,43,44,45,46,47
9,6,14,15,16,17,24,25,26,27,34,35,36,37
10,14,15,16,17,24,25,26,27,34,35,36,37,45,46,47
11,14,15,16,17,24,25,26,27,34,35,36,37,44,45,46,47
12,13,14,15,16,23,24,25,26,33,34,35,36,44,45,46
13,5,6,13,14,15,16,17,23,24,25,26,27,33,34,35,36,37,44,45
14,6,14,15,16,17,24,25,26,27,34,35,36,37
15,14,15,16,24,25,26,27,34,35,36
16,14,15,16,23,24,25,26,34,35,36
17,13,14,15,16,23,24,25,26,33,34,35,36
18,14,15,16,23,24,25,26,34,35,36
19,14,15,16,24,25,26,34,35,36,45
20,14,15,16,24,25,26,34,35,36,45
21,14,15,16,17,24,25,26,27,34,35,36,37,45,46
22,14,15,16,17,24,25,26,27,34,35,36,37,45,46
23,15,16,17,24,25,26,27,34,35,36,37,45,46,47
24,15,16,17,24,25,26,27,34,35,36,37,45,46,47
25,14,15,16,17,24,25,26,27,34,35,36,37,45,46
26,14,15,16,17,24,25,26,27,34,35,36,37,45,46
27,6,14,15,16,17,24,25,26,27,34,35,36,37,45,46
28,5,6,7,14,15,16,17,24,25,26,27,35,36,37
29,6,7,15,16,17,18,25,26,27,28,35,36,37
30,6,7,15,16,17,18,25,26,27,28,35,36,37,38
31,7,15,16,17,18,25,26,27,28,35,36,37,38,45,46,47
32,14,15,16,17,24,25,26,27,34,35,36,37,45,46
33,6,14,15,16,17,24,25,26,27,34,35,36,37,45,46
34,5,6,14,15,16,17,24,25,26,27,34,35,36,37,45,46
35,14,15,16,17,24,25,26,27,28,34,35,36,37,38,45,46,47
36,7,8,15,16,17,18,25,26,27,28,35,36,37,38,46,47
37,5,6,7,8,14,15,16,17,18,25,26,27,28,35,36,37,38
38,4,5,6,7,14,15,16,17,18,24,25,26,27,35,36,37
39,3,4,5,6,7,13,14,15,16,17,23,24,25,26,27,34,35,36
40,3,4,5,6,7,13,14,15,16,17,24,25,26,27,35,36
41,1,2,3,4,5,6,7,8,9,10,14,15,16,17,18,24,25,26,27,35,36
42,1,2,3,4,5,6,7,8,9,10,14,15,16,17,18,24,25,26,27,28
43,1,2,3,4,5,6,7,8,9,10,14,15,16,17,18,25,26,27,28,36
44,4,5,6,7,8,14,15,16,17,18,25,26,27,28,36
45,4,5,6,7,8,14,15,16,17,18,24,25,26,27,28,35,36,37
46,6,7,15,16,17,18,25,26,27,28,35,36,37
47,6,7,15,16,17,18,25,26,27,28,35,36,37,38
48,6,7,8,9,15,16,17,18,19,25,26,27,28,29,35,36,37,38,39
49,8,9,16,17,18,19,26,27,28,29,36,37,38,39,48
50,6,7,15,16,17,18,19,25,26,27,28,29,35,36,37,38,39,47,48
51,6,14,15,16,17,24,25,26,27,28,34,35,36,37,45,46
52,6,14,15,16,17,24,25,26,27,34,35,36,37,45,46
53,6,7,14,15,16,17,18,24,25,26,27,28,35,36,37,38
54,6,7,8,15,16,17,18,19,25,26,27,28,29,36,37,38,39
55,7,8,16,17,18,19,26,27,28,29,36,37,38,39
56,7,8,14,15,16,17,18,19,24,25,26,27,28,29,34,35,36,37,38,45,46
57,4,5,6,13,14,15,16,17,22,23,24,25,26,27,33,34,35,36,37,45,46
58,13,14,15,16,22,23,24,25,26,27,32,33,34,35,36,37,43,44,45,46
59,15,16,17,24,25,26,27,34,35,36,37,44,45,46,47
60,15,16,17,18,25,26,27,28,35,36,37,38,45,46,47
