1,14,15,16,17,24,25,26,27,34,35,36,37,44,45,46,47
2,15,16,23,24,25,26,27,33,34,35,36,37,43,44,45,46,47
3,14,15,16,23,24,25,26,27,33,34,35,36,37,43,44,45,46,47
4,14,15,16,24,25,26,27,34,35,36,37,44,45,46
5,14,15,16,24,25,26,27,34,35,36,37,44,45,46
6,13,14,15,16,22,23,24,25,26,32,33,34,35,36,43,44,45,46
7,12,13,14,15,22,23,24,25,32,33,34,35,42,43,44,45
8,12,13,14,22,23,24,32,33,34,42,43,44
9,12,13,14,15,16,17,22,23,24,25,26,27,28,32,33,34,35,36,37,38,42,43,44,45,46,47
10,16,17,18,19,25,26,27,28,29,30,35,36,37,38,39,40,45,46,47,48,49
11,11,18,19,20,21,26,27,28,29,30,31,36,37,38,39,40,47,48,49,50
12,11,19,20,21,22,28,29,30,31,32,38,39,40,41,49,50
13,11,18,19,20,21,22,28,29,30,31,32,38,39,40,41,48,49,50
14,14,15,16,17,18,19,20,24,25,26,27,28,29,30,34,35,36,37,38,39,40,44,45,46,47,48,49
15,14,15,16,24,25,26,27,34,35,36,37,44,45,46
16,14,15,16,17,24,25,26,27,34,35,36,37,44,45,46
17,4,5,6,7,14,15,16,17,24,25,26,27,34,35,36,37
18,4,5,6,7,14,15,16,17,24,25,26,27,35,36,37
19,5,6,7,14,15,16,17,24,25,26,27,35,36,37
20,5,6,7,14,15,16,17,24,25,26,27,34,35,36,37
21,3,4,5,6,13,14,15,16,17,23,24,25,26,27,34,35,36
22,2,3,4,5,6,12,13,14,15,16,22,23,24,25,26,33,34,35
23,1,2,3,4,5,6,7,8,9,10,12,13,14,15,16,17,23,24,25,26
24,1,2,3,4,5,6,7,8,9,10,12,13,14,15,16,17,23,24,25,26,27
25,3,4,5,6,7,13,14,15,16,17,24,25,26,27,34,35,36
26,1,2,3,4,5,6,7,8,9,10,13,14,15,16,17,24,25,26,27,35,36
27,1,2,3,4,5,6,7,8,9,10,13,14,15,16,17,18,24,25,26,27
28,1,2,3,4,5,6,7,8,9,10,12,13,14,15,16,17,18,24,25,26
29,1,2,3,4,5,6,7,8,9,10,12,13,14,15,16,17,18,24,25,26
30,1,2,3,4,5,6,7,8,9,10,13,14,15,16,17,18,24,25,26
31,1,2,3,4,5,6,7,8,9,10,13,14,15,16,17,24,25,26,27,34,35,36
32,5,6,14,15,16,17,24,25,26,27,34,35,36
33,5,14,15,16,23,24,25,26,34,35,36
34,5,13,14,15,16,23,24,25,26,34,35,36
35,5,13,14,15,16,23,24,25,26,34,35,36
36,5,14,15,16,23,24,25,26,34,35,36
37,5,6,14,15,16,17,23,24,25,26,27,34,35,36
38,5,6,14,15,16,17,24,25,26,27,34,35,36
39,5,6,14,15,16,17,24,25,26,27,34,35,36,37
40,5,6,7,14,15,16,17,24,25,26,27,34,35,36,37
41,4,5,6,7,14,15,16,17,24,25,26,27,35,36,37
42,4,5,6,7,14,15,16,17,24,25,26,27,35,36
43,4,5,6,7,14,15,16,17,24,25,26,27,34,35,36
44,5,6,14,15,16,17,24,25,26,27,34,35,36
45,5,6,14,15,16,17,24,25,26,27,34,35,36
46,4,5,6,14,15,16,17,24,25,26,27,34,35,36
47,4,5,6,14,15,16,17,24,25,26,27,34,35,36
48,4,5,6,7,14,15,16,17,24,25,26,27,34,35,36
49,4,5,6,7,14,15,16,17,24,25,26,27,34,35,36
50,5,6,14,15,16,17,24,25,26,27,34,35,36,37
51,6,14,15,16,17,24,25,26,27,34,35,36,37
52,5,6,7,14,15,16,17,24,25,26,27,34,35,36,37
53,4,5,6,7,14,15,16,17,24,25,26,27,35,36
54,4,5,6,7,14,15,16,17,24,25,26,27,35,36
55,4,5,6,7,14,15,16,17,24,25,26,27,34,35,36,37
56,14,15,16,24,25,26,27,34,35,36,37,44,45,46
57,14,15,16,24,25,26,27,34,35,36,37,44,45,46
58,14,15,16,24,25,26,27,34,35,36,37,44,45,46
59,14,15,16,17,24,25,26,27,34,35,36,37,44,45,46
60,5,6,14,15,16,17,24,25,26,27,34,35,36,37
