1,5,6,14,15,16,17,24,25,26,27,34,35,36,37,45,46
2,15,16,17,24,25,26,27,34,35,36,37,45,46,47
3,15,16,17,18,25,26,27,28,29,35,36,37,38,39,46,47,48
4,15,16,17,18,24,25,26,27,28,34,35,36,37,38,44,45,46,47
5,15,16,24,25,26,27,34,35,36,37,44,45,46,47
6,13,14,16,22,23,24,25,26,27,32,33,34,35,36,37,41,42,43,44,45,46,47,48,49,50
7,13,14,22,23,24,25,32,33,34,35,42,43,44,45
8,13,14,22,23,24,25,31,32,33,34,35,42,43,44,45
9,21,22,23,24,25,31,32,33,34,35,41,42,43,44,45,46,47,48,49,50
10,13,14,15,21,22,23,24,25,26,31,32,33,34,35,36,41,42,43,44,45,46,47,48,49,50
11,14,15,16,17,23,24,25,26,27,28,33,34,35,36,37,38,43,44,45,46,47
12,4,5,6,7,14,15,16,17,24,25,26,27,28,35,36,37,46,47
13,4,5,6,7,14,15,16,17,24,25,26,27,35,36
14,4,5,6,7,14,15,16,17,24,25,26,27,34,35,36
15,5,6,13,14,15,16,23,24,25,26,33,34,35,36,45
16,13,14,15,16,23,24,25,26,33,34,35,36,44,45
17,13,14,15,16,23,24,25,26,33,34,35,36
18,4,5,13,14,15,16,23,24,25,26,33,34,35
19,4,5,12,13,14,15,16,22,23,24,25,26,32,33,34,35
20,11,12,13,14,21,22,23,24,31,32,33,34,42,43
21,2,3,4,11,12,13,14,15,21,22,23,24,25,31,32,33,34,42,43
22,3,4,12,13,14,15,22,23,24,25,32,33,34
23,3,4,5,12,13,14,15,16,22,23,24,25,26,32,33,34,35
24,4,5,6,13,14,15,16,23,24,25,26,27,33,34,35,36,37,44,45,46
25,14,15,16,17,24,25,26,27,34,35,36,37,44,45,46
26,5,6,14,15,16,17,24,25,26,27,34,35,36,37
27,5,6,7,14,15,16,17,24,25,26,27,34,35,36,37
28,5,6,7,14,15,16,17,24,25,26,27,35,36,37
29,5,6,7,14,15,16,17,18,24,25,26,27,28,35,36,37
30,6,7,8,15,16,17,18,25,26,27,28,35,36,37,38
31,6,7,15,16,17,18,25,26,27,28,35,36,37,38
32,6,7,15,16,17,18,25,26,27,28,35,36,37
33,5,6,7,14,15,16,17,24,25,26,27,35,36,37
34,5,6,7,14,15,16,17,24,25,26,27,35,36,37
35,5,6,7,14,15,16,17,18,24,25,26,27,28,35,36,37
36,6,7,15,16,17,18,25,26,27,28,35,36,37
37,5,6,7,8,15,16,17,18,25,26,27,28,35,36,37
38,5,6,7,8,15,16,17,18,25,26,27,28,36,37
39,5,6,7,8,15,16,17,18,19,25,26,27,28,29,36,37,38
40,6,7,8,15,16,17,18,19,25,26,27,28,29,35,36,37,38
41,4,5,6,7,14,15,16,17,24,25,26,27,34,35,36,37
42,4,5,6,7,14,15,16,17,24,25,26,27,34,35,36
43,4,5,6,7,14,15,16,17,24,25,26,27,35,36,37
44,4,5,6,7,8,14,15,16,17,18,24,25,26,27,28,35,36,37
45,4,5,6,7,8,14,15,16,17,18,24,25,26,27,28,35,36,37
46,4,5,6,7,8,14,15,16,17,18,24,25,26,27,28,35,36,37
47,5,6,7,15,16,17,25,26,27,28,35,36,37
48,6,7,15,16,17,18,25,26,27,28,35,36,37
49,6,7,8,15,16,17,18,25,26,27,28,35,36,37
50,6,7,8,15,16,17,18,25,26,27,28,36,37,38
51,6,7,8,14,15,16,17,18,24,25,26,27,28,35,36,37
52,6,7,14,15,16,17,24,25,26,27,35,36,37
53,6,7,14,15,16,17,24,25,26,27,35,36,37
54,6,14,15,16,17,24,25,26,27,34,35,36,37
55,5,6,14,15,16,17,24,25,26,27,34,35,36
56,5,6,7,14,15,16,17,24,25,26,27,34,35,36,37
57,5,6,7,14,15,16,17,24,25,26,27,35,36,37
58,5,6,7,14,15,16,17,24,25,26,27,35,36,37
59,6,7,15,16,17,18,25,26,27,28,35,36,37
60,5,6,7,15,16,17,25,26,27,35,36,37
