1,14,15,16,17,24,25,26,27,34,35,36,37,44,45,46,47
2,15,16,24,25,26,27,34,35,36,37,44,45,46,47
3,16,24,25,26,27,33,34,35,36,37,41,42,43,44,45,46,47,48,49,50
4,24,25,26,27,33,34,35,36,37,41,42,43,44,45,46,47,48,49,50
5,16,24,25,26,27,33,34,35,36,37,43,44,45,46,47
6,15,16,24,25,26,27,33,34,35,36,37,43,44,45,46,47
7,15,16,24,25,26,27,33,34,35,36,37,41,42,43,44,45,46,47,48,49,50
8,24,25,26,27,33,34,35,36,37,38,41,42,43,44,45,46,47,48,49,50
9,24,25,26,27,33,34,35,36,37,41,42,43,44,45,46,47,48,49,50
10,14,15,16,24,25,26,27,33,34,35,36,37,41,42,43,44,45,46,47,48,49,50
11,11,12,13,14,15,16,20,21,22,23,24,25,26,27,30,31,32,33,34,35,36,37,40,41,42,43,44,45,46
12,11,12,19,20,21,22,23,29,30,31,32,33,39,40,41,42,49,50
13,11,19,20,21,22,29,30,31,32,39,40,41,49,50
14,11,19,20,21,22,29,30,31,32,39,40,41,49,50
15,11,19,20,21,22,28,29,30,31,32,38,39,40,41,48,49,50
16,11,19,20,21,22,28,29,30,31,32,38,39,40,41,48,49,50
17,11,19,20,21,22,29,30,31,32,39,40,41,49,50
18,11,19,20,21,22,28,29,30,31,32,38,39,40,41,49,50
19,19,20,21,28,29,30,31,38,39,40,41,49,50
20,19,20,21,28,29,30,31,38,39,40,41,49,50
21,11,19,20,21,22,29,30,31,32,38,39,40,41,49,50
22,11,12,19,20,21,22,29,30,31,32,39,40,41,42,49,50
23,11,12,19,20,21,22,29,30,31,32,39,40,41,42,49,50
24,11,19,20,21,28,29,30,31,38,39,40,41,49,50
25,19,20,21,22,28,29,30,31,32,38,39,40,41,49,50
26,11,19,20,21,22,29,30,31,32,39,40,41,49,50
27,11,19,20,21,22,28,29,30,31,32,38,39,40,41,48,49,50
28,11,19,20,21,22,28,29,30,31,32,38,39,40,41,48,49,50
29,11,19,20,21,22,28,29,30,31,32,38,39,40,41,49,50
30,9,10,11,18,19,20,21,22,28,29,30,31,38,39,40,41,49,50
31,1,8,9,10,11,18,19,20,21,28,29,30,38,39,40
32,1,8,9,10,11,12,18,19,20,21,22,28,29,30,31,32,39,40,41,50
33,11,12,19,20,21,22,23,29,30,31,32,33,39,40,41,42,50
34,11,12,13,14,20,21,22,23,24,25,30,31,32,33,34,35,36,40,41,42,43,44,45,46,50
35,14,15,16,23,24,25,26,27,33,34,35,36,37,43,44,45,46,47
36,15,16,17,24,25,26,27,34,35,36,37,44,45,46,47
37,15,16,17,25,26,27,35,36,37,45,46,47
38,4,5,6,7,14,15,16,17,24,25,26,27,35,36,37
39,3,4,5,6,7,13,14,15,16,17,23,24,25,26,27,34,35,36
40,3,4,5,6,7,13,14,15,16,17,23,24,25,26,27,34,35,36
41,5,6,14,15,16,17,24,25,26,27,34,35,36,37
42,5,6,14,15,16,17,24,25,26,27,34,35,36,37
43,5,6,7,14,15,16,17,24,25,26,27,34,35,36,37
44,5,6,7,14,15,16,17,24,25,26,27,34,35,36,37
45,5,6,14,15,16,17,24,25,26,27,34,35,36,37
46,5,6,7,14,15,16,17,24,25,26,27,34,35,36,37
47,5,6,7,14,15,16,17,24,25,26,27,35,36,37
48,5,6,7,15,16,17,25,26,27,35,36,37
49,5,6,7,14,15,16,17,24,25,26,27,35,36,37
50,5,6,7,14,15,16,17,24,25,26,27,34,35,36,37
51,6,14,15,16,17,24,25,26,27,34,35,36,37
52,6,14,15,16,17,24,25,26,27,34,35,36,37
53,14,15,16,17,24,25,26,27,34,35,36,37
54,14,15,16,17,24,25,26,27,34,35,36,37
55,5,6,14,15,16,17,24,25,26,27,34,35,36,37
56,5,6,14,15,16,17,24,25,26,27,34,35,36,37
57,5,6,14,15,16,17,24,25,26,27,34,35,36,37
58,5,6,14,15,16,17,24,25,26,27,34,35,36,37
59,5,6,7,14,15,16,17,24,25,26,27,34,35,36,37
60,6,7,14,15,16,17,24,25,26,27,34,35,36,37
