1,14,15,16,17,23,24,25,26,27,33,34,35,36,37,41,42,43,44,45,46,47,48,49,50
2,14,23,24,25,26,32,33,34,35,36,37,41,42,43,44,45,46,47,48,49,50
3,14,15,16,22,23,24,25,26,32,33,34,35,36,42,43,44,45,46
4,14,15,16,24,25,26,27,34,35,36,37,44,45,46
5,14,15,16,17,24,25,26,27,34,35,36,37,44,45,46
6,15,16,24,25,26,27,33,34,35,36,37,38,41,42,43,44,45,46,47,48,49,50
7,15,16,24,25,26,27,33,34,35,36,37,38,41,42,43,44,45,46,47,48,49,50
8,14,15,16,23,24,25,26,27,33,34,35,36,37,43,44,45,46
9,14,15,23,24,25,26,33,34,35,36,43,44,45,46
10,14,15,23,24,25,26,33,34,35,36,43,44,45,46
11,14,15,23,24,25,26,33,34,35,36,43,44,45,46
12,14,15,16,23,24,25,26,33,34,35,36,43,44,45,46
13,15,16,23,24,25,26,27,33,34,35,36,37,43,44,45,46,47
14,14,15,16,23,24,25,26,27,33,34,35,36,37,43,44,45,46,47
15,14,15,16,23,24,25,26,33,34,35,36,43,44,45,46
16,6,14,15,16,17,24,25,26,27,34,35,36,37,44,45,46
17,5,6,14,15,16,17,24,25,26,27,34,35,36,37,45,46
18,14,15,16,23,24,25,26,33,34,35,36,44,45,46
19,14,15,16,24,25,26,34,35,36,44,45,46
20,14,15,16,23,24,25,26,33,34,35,36,44,45,46
21,14,15,16,23,24,25,26,33,34,35,36,44,45,46
22,14,15,16,24,25,26,34,35,36,44,45,46
23,14,15,16,24,25,26,34,35,36,44,45,46
24,14,15,16,24,25,26,27,34,35,36,37,45,46
25,5,6,14,15,16,17,24,25,26,27,34,35,36,37,45
26,5,6,14,15,16,17,24,25,26,27,34,35,36,37
27,5,6,14,15,16,17,24,25,26,27,34,35,36,37
28,5,6,14,15,16,17,24,25,26,27,34,35,36,37
29,5,6,14,15,16,17,24,25,26,27,34,35,36
30,5,6,14,15,16,17,24,25,26,27,34,35,36
31,5,6,14,15,16,17,24,25,26,27,34,35,36
32,5,6,14,15,16,17,24,25,26,27,34,35,36
33,5,6,14,15,16,17,24,25,26,27,34,35,36
34,5,6,14,15,16,17,24,25,26,27,34,35,36
35,5,6,14,15,16,17,24,25,26,27,34,35,36
36,5,6,7,14,15,16,17,24,25,26,27,34,35,36
37,5,6,7,14,15,16,17,24,25,26,27,34,35,36
38,5,6,7,14,15,16,17,24,25,26,27,34,35,36
39,5,6,14,15,16,17,24,25,26,27,34,35,36,37
40,5,6,14,15,16,17,24,25,26,27,34,35,36
41,5,6,7,14,15,16,17,24,25,26,27,34,35,36
42,5,6,7,14,15,16,17,24,25,26,27,34,35,36
43,5,6,7,14,15,16,17,24,25,26,27,34,35,36
44,5,6,7,14,15,16,17,24,25,26,27,34,35,36
45,5,6,7,14,15,16,17,24,25,26,27,34,35,36
46,5,6,7,14,15,16,17,24,25,26,27,34,35,36
47,5,6,7,14,15,16,17,24,25,26,27,34,35,36
48,5,6,7,14,15,16,17,24,25,26,27,34,35,36
49,5,6,7,14,15,16,17,24,25,26,27,34,35,36
50,5,6,14,15,16,17,24,25,26,27,34,35,36,37
51,5,6,14,15,16,17,24,25,26,27,34,35,36,37
52,5,6,14,15,16,17,24,25,26,27,34,35,36
53,5,6,7,14,15,16,17,24,25,26,27,34,35,36
54,5,6,7,14,15,16,17,24,25,26,27,34,35,36,37
55,5,6,14,15,16,17,24,25,26,27,34,35,36,37
56,5,6,14,15,16,17,24,25,26,27,34,35,36,37
57,6,14,15,16,17,24,25,26,27,34,35,36,37,45,46
58,6,14,15,16,17,24,25,26,27,34,35,36,37
59,5,6,14,15,16,17,24,25,26,27,34,35,36,37
60,5,6,14,15,16,17,24,25,26,27,34,35,36
