1,25,26,34,35,36,37,44,45,46,47,54,55,56,57,64,65,66,67,74,75,76,85,86
2,25,26,34,35,36,37,44,45,46,47,54,55,56,57,64,65,66,67,74,75,76,85,86
3,25,26,34,35,36,44,45,46,47,54,55,56,57,64,65,66,67,74,75,76,85,86
4,25,26,34,35,36,44,45,46,47,54,55,56,57,64,65,66,67,74,75,76,85,86
5,25,26,34,35,36,44,45,46,47,54,55,56,57,64,65,66,67,74,75,76,85,86
6,25,26,34,35,36,44,45,46,47,54,55,56,57,64,65,66,67,74,75,76,85,86
7,25,26,34,35,36,44,45,46,47,54,55,56,57,64,65,66,67,74,75,76,85,86
8,25,26,34,35,36,44,45,46,47,54,55,56,57,64,65,66,67,74,75,76,85,86
9,25,26,34,35,36,44,45,46,47,54,55,56,57,64,65,66,67,74,75,76,85,86
10,25,26,34,35,36,44,45,46,47,54,55,56,57,64,65,66,67,74,75,76,85,86
11,25,26,34,35,36,44,45,46,47,54,55,56,57,64,65,66,67,74,75,76,85,86
12,25,26,34,35,36,44,45,46,47,54,55,56,57,64,65,66,67,74,75,76,77,84,85,86
13,26,34,35,36,44,45,46,47,54,55,56,57,64,65,66,67,74,75,76,77,84,85,86,87
14,35,36,44,45,46,47,54,55,56,57,64,65,66,67,74,75,76,77,84,85,86,87
15,26,34,35,36,44,45,46,47,54,55,56,57,64,65,66,67,74,75,76,77,84,85,86
16,25,26,34,35,36,44,45,46,47,54,55,56,57,64,65,66,67,74,75,76,77,84,85,86
17,25,26,34,35,36,44,45,46,47,54,55,56,57,64,65,66,67,74,75,76,77,84,85,86
18,25,26,34,35,36,44,45,46,47,54,55,56,57,64,65,66,67,74,75,76,77,84,85,86
19,25,26,34,35,36,43,44,45,46,47,53,54,55,56,57,63,64,65,66,67,73,74,75,76,77,84,85,86
20,24,25,34,35,36,43,44,45,46,53,54,55,56,63,64,65,66,73,74,75,76,84,85,86
21,24,25,26,33,34,35,36,43,44,45,46,53,54,55,56,63,64,65,66,73,74,75,76,84,85
22,14,15,16,24,25,26,33,34,35,36,43,44,45,46,53,54,55,56,63,64,65,66,74,75,76
23,14,15,16,24,25,26,34,35,36,37,44,45,46,47,54,55,56,57,64,65,66,67,74,75,76
24,25,26,34,35,36,37,44,45,46,47,54,55,56,57,64,65,66,67,74,75,76,77,85,86
25,15,16,24,25,26,34,35,36,37,44,45,46,47,54,55,56,57,64,65,66,67,74,75,76,85,86
26,15,16,24,25,26,34,35,36,37,44,45,46,47,54,55,56,57,64,65,66,67,75,76
27,15,16,24,25,26,27,34,35,36,37,44,45,46,47,54,55,56,57,64,65,66,67,75,76
28,15,16,24,25,26,27,34,35,36,37,44,45,46,47,54,55,56,57,64,65,66,67,75,76
29,15,16,24,25,26,34,35,36,37,44,45,46,47,54,55,56,57,64,65,66,67,74,75,76,77,84,85,86,87,94,95,96,97
30,4,5,6,7,13,14,15,16,17,24,25,26,27,34,35,36,37,44,45,46,47,53,54,55,56,57,63,64,65,66,67,73,74,75,76,77,83,84,85,86,87,93,94,95,96,97
31,1,2,3,4,5,6,7,8,9,10,13,14,15,16,17,18,23,24,25,26,27,28,34,35,36,37,44,45,46,47,55,56
32,1,2,3,4,5,6,7,8,9,10,13,14,15,16,17,18,23,24,25,26,27,28,34,35,36,37,44,45,46,47,54,55,56,64,65,66
33,15,16,24,25,26,27,34,35,36,37,44,45,46,47,54,55,56,64,65,66,74,75,76
34,24,25,26,34,35,36,43,44,45,46,53,54,55,56,64,65,66,74,75,76
35,24,25,26,33,34,35,36,43,44,45,46,53,54,55,56,63,64,65,66,74,75,76
36,24,25,26,33,34,35,36,43,44,45,46,53,54,55,56,63,64,65,66,74,75,76
37,24,25,26,33,34,35,36,43,44,45,46,53,54,55,56,63,64,65,66,74,75,76
38,24,25,26,33,34,35,36,43,44,45,46,53,54,55,56,63,64,65,66,74,75,76
39,24,25,26,33,34,35,36,43,44,45,46,53,54,55,56,63,64,65,66,74,75,76
40,14,22,23,24,25,26,32,33,34,35,36,42,43,44,45,46,52,53,54,55,56,62,63,64,65,66,73,74,75,76
41,13,14,22,23,24,32,33,34,35,42,43,44,45,51,52,53,54,55,61,62,63,64,65,71,72,73,74,75,82,83,84,93
42,11,12,21,22,23,30,31,32,33,34,40,41,42,43,44,50,51,52,53,54,60,61,62,63,64,70,71,72,73,74,80,81,82,83,84
43,11,21,22,30,31,32,40,41,42,49,50,51,52,59,60,61,62,70,71,72,80
44,21,22,23,24,30,31,32,33,34,40,41,42,43,44,45,50,51,52,53,54,55,60,61,62,63,64,65,70,71,72,73,74,80,81,82,83,84
45,15,16,23,24,25,26,27,32,33,34,35,36,37,42,43,44,45,46,47,52,53,54,55,56,57,62,63,64,65,66,73,74,75,76,83,84
46,15,16,24,25,26,27,34,35,36,37,44,45,46,47,54,55,56,57,64,65,66,75,76
47,15,16,17,24,25,26,27,34,35,36,37,44,45,46,47,54,55,56,57,64,65,66,75,76
48,5,6,14,15,16,17,24,25,26,27,34,35,36,37,44,45,46,47,54,55,56,57,64,65,66,75,76
49,5,6,14,15,16,17,24,25,26,27,34,35,36,37,44,45,46,47,54,55,56,57,64,65,66,75,76
50,15,16,17,24,25,26,27,28,34,35,36,37,38,44,45,46,47,48,54,55,56,57,58,64,65,66,67,68,74,75,76,77,85,86
51,8,16,17,18,19,25,26,27,28,29,35,36,37,38,39,45,46,47,48,49,55,56,57,58,59,65,66,67,68,69,76,77
52,8,16,17,18,19,26,27,28,29,36,37,38,39,46,47,48,49,56,57,58,59,66,67,68,69,77,78,79,87,88
53,27,28,36,37,38,39,46,47,48,49,56,57,58,59,66,67,68,69,76,77,78,79,86,87,88,89,97,98
54,27,36,37,38,46,47,48,49,56,57,58,59,66,67,68,69,76,77,78,79,86,87,88,89,97,98
55,16,17,25,26,27,28,34,35,36,37,38,44,45,46,47,48,54,55,56,57,58,65,66,67,68,75,76,77,78,86,87,88
56,15,16,24,25,26,27,34,35,36,37,44,45,46,47,54,55,56,57,64,65,66,67,74,75,76,77
57,24,25,26,34,35,36,37,44,45,46,47,54,55,56,57,64,65,66,67,74,75,76
58,15,16,24,25,26,34,35,36,37,44,45,46,47,54,55,56,57,64,65,66,67,74,75,76,85,86
59,15,16,24,25,26,34,35,36,37,44,45,46,47,54,55,56,57,64,65,66,74,75,76
60,14,15,16,23,24,25,26,33,34,35,36,37,43,44,45,46,47,53,54,55,56,57,64,65,66,74,75,76
