1,16,24,25,26,34,35,36,37,44,45,46,47,54,55,56,57,64,65,66,67,74,75,76,77,84,85,86,87,94,95,96,97
2,45,46,54,55,56,57,63,64,65,66,67,73,74,75,76,77,78,81,82,83,84,85,86,87,88,89,90,91,92,93,94,95,96,97,98,99,100
3,55,56,63,64,65,66,67,68,71,72,73,74,75,76,77,78,79,80,81,82,83,84,85,86,87,88,89,90,91,92,93,94,95,96,97,98,99,100
4,25,26,34,35,36,44,45,46,47,54,55,56,57,64,65,66,67,68,71,72,73,74,75,76,77,78,79,80,81,82,83,84,85,86,87,88,89,90,91,92,93,94,95,96,97,98,99,100
5,1,2,3,4,5,6,7,8,9,10,13,14,15,16,17,23,24,25,26,27,33,34,35,36,37,44,45,46,47,54,55,56,57,64,65,66,67,74,75,76,77,84,85,86
6,1,2,3,4,5,6,7,8,9,10,13,14,15,16,17,18,19,23,24,25,26,27,28,29,33,34,35,36,37,38,39,44,45,46,47,48,49,54,55,56,57,58,66,67,68
7,7,8,16,17,18,19,26,27,28,29,36,37,38,39,40,46,47,48,49,50,56,57,58,59,60,67,68,69,70,77,78,79,80,88,89
8,28,29,37,38,39,40,47,48,49,50,51,57,58,59,60,61,67,68,69,70,71,77,78,79,80,87,88,89,90,99,100
9,29,38,39,40,47,48,49,50,51,57,58,59,60,61,67,68,69,70,71,78,79,80,88,89,90,99,100
10,17,18,19,26,27,28,29,36,37,38,39,40,46,47,48,49,50,56,57,58,59,60,67,68,69,70,77,78,79,80,88,89
11,7,8,15,16,17,18,19,25,26,27,28,29,35,36,37,38,39,44,45,46,47,48,49,54,55,56,57,58,59,64,65,66,67,68,75,76,77,85,86,87
12,14,15,16,23,24,25,26,27,33,34,35,36,37,43,44,45,46,47,53,54,55,56,57,63,64,65,66,67,74,75,76,77,85,86,87
13,14,15,23,24,25,26,32,33,34,35,36,42,43,44,45,46,52,53,54,55,56,62,63,64,65,72,73,74,75,83,84
14,23,24,32,33,34,42,43,44,52,53,54,62,63,64,72,73,74,82,83,84
15,12,21,22,23,31,32,33,34,41,42,43,44,51,52,53,54,61,62,63,64,71,72,73,74,82,83,84
16,12,13,21,22,23,24,31,32,33,34,41,42,43,44,51,52,53,54,61,62,63,71,72,73
17,12,13,21,22,23,24,31,32,33,34,41,42,43,44,51,52,53,54,61,62,63,71,72,73
18,21,22,23,31,32,33,40,41,42,43,44,50,51,52,53,54,60,61,62,63,70,71,72,73,81,82
19,21,22,23,31,32,33,40,41,42,43,50,51,52,53,60,61,62,63,70,71,72,73,81,82
20,21,22,23,31,32,33,40,41,42,43,50,51,52,53,60,61,62,63,70,71,72,73
21,12,21,22,23,31,32,33,34,41,42,43,44,51,52,53,54,61,62,63,71,72,73
22,22,23,31,32,33,41,42,43,44,51,52,53,54,61,62,63,71,72,73
23,22,23,31,32,33,41,42,43,44,51,52,53,54,61,62,63,71,72,73
24,12,13,14,15,21,22,23,24,25,31,32,33,34,35,41,42,43,44,45,51,52,53,54,55,61,62,63,64,71,72,73,74
25,13,14,15,16,22,23,24,25,26,27,32,33,34,35,36,37,42,43,44,45,46,47,52,53,54,55,56,57,63,64,65,66,67,73,74,75,76
26,15,16,17,24,25,26,27,34,35,36,37,44,45,46,47,54,55,56,57,64,65,66,67,75,76
27,5,6,7,14,15,16,17,24,25,26,27,34,35,36,37,44,45,46,47,54,55,56,57,65,66
28,6,14,15,16,17,24,25,26,27,34,35,36,37,44,45,46,47,54,55,56,57,65,66,67,75,76,77
29,16,17,25,26,27,34,35,36,37,44,45,46,47,54,55,56,57,65,66,67,75,76,77
30,16,25,26,27,35,36,37,38,44,45,46,47,48,54,55,56,57,58,65,66,67,68,75,76,77,78,86,87
31,27,36,37,38,45,46,47,48,55,56,57,58,65,66,67,68,75,76,77,78,86,87,88
32,16,17,18,25,26,27,28,35,36,37,38,45,46,47,48,55,56,57,58,65,66,67,68,75,76,77,78,86,87,88
33,16,17,18,25,26,27,28,35,36,37,38,45,46,47,48,55,56,57,58,66,67,68,76,77
34,16,17,18,25,26,27,28,35,36,37,38,45,46,47,48,55,56,57,58,66,67,68,76,77,78
35,26,27,28,35,36,37,38,45,46,47,48,55,56,57,58,65,66,67,68,76,77,78,86,87,88
36,27,36,37,38,45,46,47,48,55,56,57,58,65,66,67,68,76,77,78,86,87,88
37,26,27,35,36,37,38,45,46,47,48,55,56,57,58,65,66,67,68,76,77,78,86,87,88
38,15,16,17,24,25,26,27,34,35,36,37,38,44,45,46,47,48,54,55,56,57,58,64,65,66,67,68,75,76,77
39,15,16,24,25,26,27,34,35,36,37,44,45,46,47,54,55,56,57,64,65,66,67,75,76
40,15,16,17,24,25,26,27,34,35,36,37,44,45,46,47,54,55,56,57,64,65,66,75,76
41,5,6,14,15,16,17,24,25,26,27,34,35,36,37,44,45,46,47,54,55,56,57,64,65,66,75,76
42,5,6,14,15,16,17,24,25,26,27,34,35,36,37,44,45,46,47,54,55,56,57,64,65,66
43,5,6,14,15,16,17,24,25,26,27,34,35,36,37,44,45,46,47,54,55,56,57,65,66
44,5,6,14,15,16,17,24,25,26,27,34,35,36,37,44,45,46,47,54,55,56,57,65,66
45,5,6,14,15,16,17,24,25,26,27,34,35,36,37,44,45,46,47,54,55,56,57,65,66
46,5,6,14,15,16,17,24,25,26,27,34,35,36,37,44,45,46,47,54,55,56,57,64,65,66,67,75,76
47,15,16,17,24,25,26,27,28,34,35,36,37,38,44,45,46,47,48,54,55,56,57,58,65,66,67,75,76,77
48,16,17,18,25,26,27,28,35,36,37,38,45,46,47,48,55,56,57,58,65,66,67,76,77
49,6,7,8,15,16,17,18,25,26,27,28,35,36,37,38,45,46,47,48,55,56,57,58,66,67
50,6,7,8,15,16,17,18,25,26,27,28,35,36,37,38,45,46,47,48,55,56,57,58,66,67
51,6,7,15,16,17,18,25,26,27,28,35,36,37,38,45,46,47,48,55,56,57,58,66,67,68
52,16,17,18,25,26,27,28,34,35,36,37,38,44,45,46,47,48,55,56,57,58,65,66,67,68,75,76,77
53,16,25,26,27,34,35,36,37,44,45,46,47,54,55,56,57,64,65,66,67,74,75,76,77,85,86
54,25,26,34,35,36,37,44,45,46,47,54,55,56,57,64,65,66,67,74,75,76,77,85,86
55,25,26,34,35,36,37,44,45,46,47,54,55,56,57,64,65,66,67,74,75,76,77,85,86
56,15,16,17,24,25,26,27,34,35,36,37,44,45,46,47,54,55,56,57,64,65,66,67,75,76
57,15,16,17,24,25,26,27,34,35,36,37,44,45,46,47,54,55,56,57,65,66,67,75,76
58,15,16,17,24,25,26,27,34,35,36,37,44,45,46,47,54,55,56,57,65,66,67,75,76
59,15,16,17,24,25,26,27,34,35,36,37,44,45,46,47,54,55,56,57,65,66,67,75,76
60,15,16,17,25,26,27,34,35,36,37,44,45,46,47,54,55,56,57,65,66,67,75,76
