1,7,8,9,12,13,14,17,18,19,23
2,7,8,9,12,13,14,17,18,19,23
3,7,8,9,12,13,14,17,18,19,23,24
4,8,9,12,13,14,17,18,19,23,24
5,7,8,9,12,13,14,17,18,19,23,24
6,8,9,12,13,14,17,18,19,23,24
7,7,8,9,12,13,14,17,18,19,23
8,7,8,9,12,13,14,17,18,19,23
9,8,9,12,13,14,17,18,19,23,24
10,8,9,12,13,14,17,18,19,23,24
11,8,9,12,13,14,17,18,19,23,24
12,8,9,12,13,14,17,18,19,23,24
13,8,9,12,13,14,17,18,19,23,24
14,8,9,12,13,14,17,18,19,23,24
15,7,8,9,12,13,14,17,18,19,23,24
16,7,8,9,12,13,14,17,18,19,23
17,7,8,9,12,13,14,17,18,19,23
18,7,8,9,12,13,14,17,18,19,23
19,7,8,9,12,13,14,17,18,19,23
20,7,8,9,12,13,14,17,18,19,23
21,7,8,9,12,13,14,17,18,19,23
22,7,8,9,12,13,14,17,18,19,23
23,7,8,9,12,13,14,17,18,19,23
24,7,8,9,12,13,14,17,18,19,23,24
25,7,8,9,12,13,14,17,18,19,23
26,3,7,8,9,12,13,14,17,18,19
27,3,7,8,9,12,13,14,17,18,19
28,3,7,8,9,12,13,14,17,18,19
29,3,7,8,9,12,13,14,17,18,19
30,3,7,8,9,12,13,14,17,18,19
31,3,7,8,9,12,13,14,17,18,19
32,3,7,8,9,12,13,14,17,18,19
33,3,7,8,9,12,13,14,17,18,19
34,3,7,8,9,12,13,14,17,18,19
35,3,7,8,9,12,13,14,17,18,19
36,3,7,8,9,12,13,14,17,18,19
37,3,7,8,9,12,13,14,17,18,19
38,3,7,8,9,12,13,14,17,18,19
39,3,7,8,9,12,13,14,17,18,19
40,3,7,8,9,12,13,14,17,18,19
41,3,7,8,9,12,13,14,17,18,19
42,3,7,8,9,12,13,14,17,18,19
43,3,7,8,9,12,13,14,17,18,19
44,3,7,8,9,12,13,14,17,18,19
45,3,7,8,9,12,13,14,17,18,19
46,3,7,8,9,12,13,14,17,18,19
47,3,7,8,9,12,13,14,18,19
48,3,7,8,9,12,13,14,18,19
49,3,7,8,9,12,13,14,18,19
50,3,7,8,9,12,13,14,18,19
51,3,7,8,9,12,13,14,17,18,19
52,7,8,9,12,13,14,17,18,19
53,7,8,9,12,13,14,17,18,19
54,7,8,9,12,13,14,17,18,19
55,7,8,9,12,13,14,17,18,19
56,7,8,9,12,13,14,17,18,19
57,7,8,9,12,13,14,17,18,19
58,7,8,9,12,13,14,17,18,19
59,7,8,9,12,13,14,17,18,19
60,7,8,9,12,13,14,17,18,19
