1,3,7,8,9,12,13,14,17,18,19,23
2,3,7,8,9,12,13,14,17,18,19,23
3,7,8,9,12,13,14,17,18,19,22,23
4,7,8,12,13,14,17,18,19,22,23
5,7,8,12,13,14,17,18,19,22,23,24
6,12,13,14,17,18,19,21,22,23,24,25
7,7,8,9,12,13,14,17,18,19,21,22,23,24,25
8,8,9,13,14,18,19,23,24
9,8,9,13,14,18,19,23,24
10,8,9,13,14,18,19,23,24
11,7,8,9,12,13,14,17,18,19,22,23,24
12,7,8,11,12,13,14,16,17,18,19,22,23
13,8,12,13,14,17,18,19,22,23,24
14,8,12,13,14,17,18,19,22,23,24
15,8,12,13,14,17,18,19,22,23,24
16,8,12,13,14,17,18,19,22,23,24
17,7,8,12,13,14,17,18,19,22,23,24
18,7,8,9,12,13,14,17,18,19,22,23,24
19,7,8,9,12,13,14,17,18,19,23
20,7,8,9,12,13,14,17,18,19,23
21,7,8,9,12,13,14,17,18,19,23
22,7,8,9,12,13,14,17,18,19,23
23,2,3,7,8,9,12,13,14,17,18,19
24,2,3,7,8,9,12,13,14,17,18
25,3,7,8,9,12,13,14,17,18,19,23
26,3,7,8,9,12,13,14,17,18,19,23
27,3,7,8,9,12,13,14,17,18,19
28,3,7,8,9,12,13,14,17,18,19
29,1,2,3,4,5,7,8,9,12,13,14,17,18,19
30,1,2,3,4,5,7,8,9,12,13,14
31,1,2,3,4,5,7,8,9,12,13,14,17,18,19
32,3,7,8,9,12,13,14,17,18,19
33,3,7,8,9,12,13,14,17,18,19,23
34,7,8,9,12,13,14,17,18,19,23
35,7,8,9,12,13,14,17,18,19,23
36,7,8,9,12,13,14,17,18,19,22,23,24
37,3,7,8,9,12,13,14,17,18,19,22,23,24
38,1,2,3,4,5,7,8,9,12,13,14,17,18,19
39,1,2,3,4,5,7,8,9,12,13,14
40,2,3,4,7,8,9,12,13,14,17,18,19
41,7,8,9,12,13,14,17,18,19,23
42,3,4,7,8,9,12,13,14,17,18,19,23
43,1,2,3,4,5,7,8,9,12,13,14,18,19
44,1,2,3,4,5,7,8,9,12,13,14
45,1,2,3,4,5,7,8,9,12,13,14,18
46,3,4,7,8,9,12,13,14,17,18
47,3,7,8,9,12,13,14,17,18,19
48,3,7,8,9,12,13,14,17,18,19
49,3,7,8,9,12,13,14,17,18,19
50,3,7,8,9,12,13,14,17,18,19
51,3,7,8,9,12,13,14,17,18,19
52,3,7,8,9,12,13,14,17,18,19
53,3,7,8,9,12,13,14,17,18,19
54,3,7,8,9,12,13,14,17,18,19
55,3,7,8,9,12,13,14,17,18,19
56,3,7,8,9,12,13,14,17,18,19
57,3,4,7,8,9,12,13,14,17,18,19
58,3,4,7,8,9,12,13,14,18,19
59,3,7,8,9,12,13,14,17,18,19,23
60,7,8,9,12,13,14,17,18,19,23
