1,15,16,24,25,26,27,34,35,36,37,44,45,46,47,54,55,56,57,64,65,66,67,74,75,76,77,85,86
2,24,25,26,33,34,35,36,37,42,43,44,45,46,47,52,53,54,55,56,57,62,63,64,65,66,67,73,74,75,76,77,83,84,85,86
3,13,14,22,23,24,31,32,33,34,35,41,42,43,44,45,51,52,53,54,55,61,62,63,64,65,71,72,73,74,75,82,83,84
4,13,14,22,23,24,31,32,33,34,41,42,43,44,51,52,53,54,61,62,63,64,72,73,74
5,11,12,13,20,21,22,23,29,30,31,32,33,34,39,40,41,42,43,44,49,50,51,52,53,54,59,60,61,62,63,64,69,70,71,72,73,80
6,11,12,13,19,20,21,22,23,24,29,30,31,32,33,34,39,40,41,42,43,44,45,49,50,51,52,53,54,55,59,60,61,62,63,64,69,70,71,72,73,74,80
7,11,12,13,14,20,21,22,23,24,30,31,32,33,34,35,40,41,42,43,44,45,50,51,52,53,54,55,60,61,62,63,64,70,71,72,73,74
8,11,12,19,20,21,22,29,30,31,32,39,40,41,42,49,50,51,52,59,60,61,62,69,70,71,80
9,11,12,13,19,20,21,22,23,24,29,30,31,32,33,34,39,40,41,42,43,44,49,50,51,52,53,54,59,60,61,62,63,64,69,70,71,72,73,80
10,13,14,22,23,24,25,26,31,32,33,34,35,36,37,41,42,43,44,45,46,47,51,52,53,54,55,56,57,62,63,64,65,66,67,72,73,74,75,76,84,85,86
11,25,26,34,35,36,37,44,45,46,47,54,55,56,57,64,65,66,67,74,75,76,77,85,86
12,25,26,34,35,36,37,44,45,46,47,54,55,56,57,64,65,66,67,74,75,76,77,85,86
13,25,26,34,35,36,37,44,45,46,47,54,55,56,57,64,65,66,67,74,75,76,77,84,85,86
14,25,26,34,35,36,37,44,45,46,47,54,55,56,57,64,65,66,67,74,75,76,77,84,85,86
15,25,26,34,35,36,37,44,45,46,47,54,55,56,57,64,65,66,67,74,75,76,77,85,86
16,6,14,15,16,17,24,25,26,27,34,35,36,37,44,45,46,47,54,55,56,57,64,65,66,67,74,75,76,77,85,86
17,1,2,3,4,5,6,7,8,9,10,13,14,15,16,17,18,19,24,25,26,27,28,34,35,36,37,38,44,45,46,47,55,56,57,65,66,67
18,1,2,3,4,5,6,7,8,9,10,13,14,15,16,17,18,19,24,25,26,27,28,34,35,36,37,38,44,45,46,47,54,55,56,57,64,65,66
19,15,16,24,25,26,27,34,35,36,37,44,45,46,47,54,55,56,57,64,65,66,75,76
20,14,15,16,24,25,26,33,34,35,36,37,43,44,45,46,47,54,55,56,57,64,65,66,75,76
21,3,4,5,6,7,13,14,15,16,17,23,24,25,26,27,33,34,35,36,37,43,44,45,46,54,55,56,64,65,66,75
22,1,2,3,4,5,6,7,8,9,10,12,13,14,15,16,17,18,23,24,25,26,27,33,34,35,36,37,43,44,45,46,54,55,56
23,1,2,3,4,5,6,7,8,9,10,12,13,14,15,16,17,18,23,24,25,26,27,33,34,35,36,37,44,45,46,54,55
24,1,2,3,4,5,6,7,8,9,10,12,13,14,15,16,17,18,23,24,25,26,27,33,34,35,36,37,44,45,46,54,55,56
25,1,2,3,4,5,6,7,8,9,10,12,13,14,15,16,17,18,23,24,25,26,27,33,34,35,36,37,44,45,46,47,54,55,56
26,4,5,6,7,13,14,15,16,17,23,24,25,26,27,34,35,36,37,44,45,46,47,54,55,56,65,66
27,4,5,6,7,14,15,16,17,24,25,26,27,34,35,36,37,44,45,46,47,54,55,56,57,65,66
28,4,5,6,7,14,15,16,17,24,25,26,27,34,35,36,37,44,45,46,47,54,55,56,57,65,66
29,4,5,6,7,14,15,16,17,24,25,26,27,34,35,36,37,44,45,46,47,54,55,56,65,66
30,4,5,6,7,14,15,16,17,24,25,26,27,34,35,36,37,44,45,46,47,54,55,56,65,66
31,4,5,6,7,13,14,15,16,17,24,25,26,27,34,35,36,37,44,45,46,47,54,55,56,65
32,4,5,6,7,14,15,16,17,24,25,26,27,34,35,36,37,44,45,46,47,54,55,56,65,66
33,5,6,14,15,16,17,24,25,26,27,34,35,36,37,44,45,46,47,54,55,56,64,65,66
34,5,6,14,15,16,17,24,25,26,27,34,35,36,37,44,45,46,47,54,55,56,64,65,66
35,5,6,14,15,16,17,24,25,26,27,34,35,36,37,44,45,46,47,54,55,56,64,65,66
36,5,6,7,14,15,16,17,24,25,26,27,34,35,36,37,44,45,46,47,54,55,56,57,65,66
37,5,6,7,14,15,16,17,24,25,26,27,34,35,36,37,44,45,46,47,54,55,56,57,65,66
38,5,6,7,14,15,16,17,24,25,26,27,34,35,36,37,44,45,46,47,54,55,56,57,65,66
39,5,6,7,14,15,16,17,24,25,26,27,34,35,36,37,44,45,46,47,54,55,56,57,65,66
40,5,6,7,14,15,16,17,24,25,26,27,34,35,36,37,44,45,46,47,54,55,56,57,65,66
41,5,6,7,14,15,16,17,24,25,26,27,34,35,36,37,44,45,46,47,54,55,56,57,65,66
42,5,6,7,14,15,16,17,24,25,26,27,34,35,36,37,44,45,46,47,54,55,56,57,65,66
43,5,6,7,14,15,16,17,24,25,26,27,34,35,36,37,44,45,46,47,54,55,56,57,65,66
44,5,6,7,14,15,16,17,24,25,26,27,34,35,36,37,44,45,46,47,54,55,56,57,65,66
45,1,2,3,4,5,6,7,8,9,10,12,13,14,15,16,17,23,24,25,26,27,33,34,35,36,37,43,44,45,46,47,54,55,56,57,65,66
46,1,2,3,4,5,6,7,8,9,10,11,12,13,14,15,16,17,18,19,20,22,23,24,25,26,27,28,33,34,35,36,37,43,44,45,46,54,55
47,1,2,3,4,5,6,7,8,9,10,11,12,13,14,15,16,17,18,19,20,22,23,24,25,26,27,28,33,34,35,36,37,44,45,46
48,1,2,3,4,5,6,7,8,9,10,11,12,13,14,15,16,17,18,19,20,22,23,24,25,26,27,28,33,34,35,36,37,44,45,46
49,1,2,3,4,5,6,7,8,9,10,11,12,13,14,15,16,17,18,19,22,23,24,25,26,27,33,34,35,36,37,44,45,46,47,54,55,56,57,64,65,66,75,76
50,15,16,24,25,26,27,34,35,36,37,44,45,46,47,54,55,56,57,64,65,66,67,75,76
51,15,16,17,24,25,26,27,34,35,36,37,44,45,46,47,54,55,56,57,64,65,66,67,75,76
52,15,16,17,24,25,26,27,34,35,36,37,44,45,46,47,54,55,56,57,65,66,67,75,76
53,5,6,14,15,16,17,24,25,26,27,34,35,36,37,44,45,46,47,54,55,56,57,65,66
54,5,6,14,15,16,17,24,25,26,27,34,35,36,37,44,45,46,47,54,55,56,57,65,66,75,76
55,15,16,17,24,25,26,27,34,35,36,37,44,45,46,47,54,55,56,57,64,65,66,75,76
56,15,16,24,25,26,27,34,35,36,37,44,45,46,47,54,55,56,57,64,65,66,75,76
57,15,16,24,25,26,27,34,35,36,37,44,45,46,47,54,55,56,57,64,65,66,75,76
58,15,16,24,25,26,27,34,35,36,37,44,45,46,47,54,55,56,57,64,65,66,75,76
59,4,5,6,7,14,15,16,17,24,25,26,27,34,35,36,37,44,45,46,47,54,55,56,57,64,65,66,75,76
60,4,5,6,7,14,15,16,17,24,25,26,27,34,35,36,37,44,45,46,47,54,55,56,64,65,66
