1,6,14,15,16,17,24,25,26,27,34,35,36,37,44,45,46,47
2,24,25,26,27,33,34,35,36,37,38,41,42,43,44,45,46,47,48,49,50
3,25,26,31,32,33,34,35,36,37,38,39,40,41,42,43,44,45,46,47,48,49,50
4,14,15,16,24,25,26,27,31,32,33,34,35,36,37,38,39,40,41,42,43,44,45,46,47,48,49,50
5,1,2,3,4,5,6,7,8,9,10,13,14,15,16,17,24,25,26,27,34,35,36,37,44,45,46
6,1,2,3,4,5,6,7,8,9,10,13,14,15,16,17,18,19,24,25,26,27,28,29,36,37,38
7,6,7,8,9,16,17,18,19,20,26,27,28,29,30,37,38,39,40,48,49
8,17,18,19,20,21,27,28,29,30,31,37,38,39,40,47,48,49,50
9,18,19,20,21,27,28,29,30,31,37,38,39,40,48,49,50
10,7,8,9,16,17,18,19,20,26,27,28,29,30,37,38,39,40,48,49
11,5,6,7,8,9,15,16,17,18,19,24,25,26,27,28,29,34,35,36,37,38,45,46,47
12,4,5,6,13,14,15,16,17,23,24,25,26,27,33,34,35,36,37,45,46,47
13,4,5,12,13,14,15,16,22,23,24,25,26,32,33,34,35,43,44
14,12,13,14,22,23,24,32,33,34,42,43,44
15,2,11,12,13,14,21,22,23,24,31,32,33,34,42,43,44
16,2,3,11,12,13,14,21,22,23,24,31,32,33
17,2,3,11,12,13,14,21,22,23,24,31,32,33
18,11,12,13,20,21,22,23,24,30,31,32,33,40,41,42
19,11,12,13,20,21,22,23,30,31,32,33,40,41,42
20,11,12,13,20,21,22,23,30,31,32,33,40
21,2,11,12,13,14,21,22,23,24,31,32,33
22,11,12,13,21,22,23,24,31,32,33
23,11,12,13,21,22,23,24,31,32,33
24,2,3,4,5,11,12,13,14,15,21,22,23,24,25,31,32,33,34
25,3,4,5,6,12,13,14,15,16,17,22,23,24,25,26,27,33,34,35,36,37
26,5,6,7,14,15,16,17,24,25,26,27,34,35,36,37
27,4,5,6,7,14,15,16,17,24,25,26,27,35,36
28,4,5,6,7,14,15,16,17,24,25,26,27,35,36,37
29,6,7,14,15,16,17,24,25,26,27,35,36,37
30,6,15,16,17,18,24,25,26,27,28,35,36,37,38,46,47
31,16,17,18,25,26,27,28,35,36,37,38,46,47,48
32,6,7,8,15,16,17,18,25,26,27,28,35,36,37,38,46,47,48
33,6,7,8,15,16,17,18,25,26,27,28,36,37,38
34,6,7,8,15,16,17,18,25,26,27,28,36,37,38
35,15,16,17,18,25,26,27,28,35,36,37,38,46,47,48
36,16,17,18,25,26,27,28,35,36,37,38,46,47,48
37,15,16,17,18,25,26,27,28,35,36,37,38,46,47,48
38,5,6,7,14,15,16,17,18,24,25,26,27,28,34,35,36,37,38
39,5,6,14,15,16,17,24,25,26,27,34,35,36,37
40,5,6,7,14,15,16,17,24,25,26,27,34,35,36
41,4,5,6,7,14,15,16,17,24,25,26,27,34,35,36
42,4,5,6,7,14,15,16,17,24,25,26,27,34,35,36
43,4,5,6,7,14,15,16,17,24,25,26,27,35,36
44,4,5,6,7,14,15,16,17,24,25,26,27,35,36
45,4,5,6,7,14,15,16,17,24,25,26,27,35,36
46,4,5,6,7,14,15,16,17,24,25,26,27,34,35,36,37
47,5,6,7,14,15,16,17,18,24,25,26,27,28,35,36,37
48,6,7,8,15,16,17,18,25,26,27,28,35,36,37
49,5,6,7,8,15,16,17,18,25,26,27,28,36,37
50,5,6,7,8,15,16,17,18,25,26,27,28,36,37
51,5,6,7,8,15,16,17,18,25,26,27,28,36,37,38
52,6,7,8,14,15,16,17,18,24,25,26,27,28,35,36,37,38
53,6,14,15,16,17,24,25,26,27,34,35,36,37,45,46
54,14,15,16,17,24,25,26,27,34,35,36,37,45,46
55,14,15,16,17,24,25,26,27,34,35,36,37,45,46
56,5,6,7,14,15,16,17,24,25,26,27,34,35,36,37
57,5,6,7,14,15,16,17,24,25,26,27,35,36,37
58,5,6,7,14,15,16,17,24,25,26,27,35,36,37
59,5,6,7,14,15,16,17,24,25,26,27,35,36,37
60,5,6,7,14,15,16,17,24,25,26,27,35,36,37
