1,25,26,27,34,35,36,37,44,45,46,47,54,55,56,57,64,65,66,67,74,75,76,77,85,86
2,25,26,34,35,36,37,44,45,46,47,54,55,56,57,64,65,66,67,74,75,76,77,84,85,86,87
3,25,26,34,35,36,37,44,45,46,47,54,55,56,57,64,65,66,67,74,75,76,77,84,85,86,87
4,25,26,34,35,36,37,44,45,46,47,54,55,56,57,64,65,66,67,74,75,76,77,85,86
5,25,26,34,35,36,37,44,45,46,47,54,55,56,57,64,65,66,67,74,75,76,77,85,86
6,25,26,34,35,36,37,44,45,46,47,54,55,56,57,64,65,66,67,74,75,76,77,85,86
7,16,24,25,26,27,34,35,36,37,44,45,46,47,54,55,56,57,64,65,66,67,74,75,76,77,85,86
8,15,16,24,25,26,27,34,35,36,37,44,45,46,47,54,55,56,57,64,65,66,67,74,75,76
9,15,16,24,25,26,34,35,36,37,44,45,46,47,54,55,56,57,64,65,66,67,74,75,76
10,15,16,24,25,26,34,35,36,37,44,45,46,47,54,55,56,57,64,65,66,67,74,75,76
11,25,26,34,35,36,37,44,45,46,47,54,55,56,57,64,65,66,67,74,75,76,77,85,86
12,26,34,35,36,37,43,44,45,46,47,53,54,55,56,57,63,64,65,66,67,73,74,75,76,77,83,84,85,86,87,94,95,96
13,24,33,34,35,42,43,44,45,46,52,53,54,55,56,62,63,64,65,66,72,73,74,75,76,83,84,85,86,94,95
14,23,24,32,33,34,35,42,43,44,45,52,53,54,55,62,63,64,65,72,73,74,75,82,83,84
15,13,22,23,24,32,33,34,41,42,43,44,45,51,52,53,54,55,62,63,64,72,73,74,83
16,23,24,25,26,32,33,34,35,36,42,43,44,45,46,47,52,53,54,55,56,57,62,63,64,65,66,67,72,73,74,75,76,77,83,84,85,86
17,16,24,25,26,34,35,36,37,44,45,46,47,54,55,56,57,64,65,66,67,74,75,76,77,84,85,86
18,15,16,17,24,25,26,27,34,35,36,37,44,45,46,47,54,55,56,57,64,65,66,67,74,75,76
19,15,16,24,25,26,27,33,34,35,36,37,43,44,45,46,47,53,54,55,56,57,63,64,65,66,67,73,74,75,76,84,85
20,24,25,26,33,34,35,36,43,44,45,46,47,53,54,55,56,57,63,64,65,66,73,74,75,76,84,85
21,24,25,26,34,35,36,37,44,45,46,47,54,55,56,57,64,65,66,67,74,75,76,85
22,15,16,24,25,26,34,35,36,37,44,45,46,47,54,55,56,57,64,65,66,67,74,75,76
23,15,16,17,24,25,26,27,34,35,36,37,44,45,46,47,54,55,56,57,64,65,66,67,75,76
24,5,6,14,15,16,17,24,25,26,27,34,35,36,37,44,45,46,47,54,55,56,57,65,66,67,75,76
25,5,6,7,14,15,16,17,24,25,26,27,34,35,36,37,44,45,46,47,54,55,56,57,65,66,67
26,5,6,7,14,15,16,17,24,25,26,27,34,35,36,37,44,45,46,47,54,55,56,57,65,66
27,5,6,7,14,15,16,17,24,25,26,27,34,35,36,37,44,45,46,47,54,55,56,57,65,66
28,4,5,6,7,13,14,15,16,17,24,25,26,27,34,35,36,37,44,45,46,47,54,55,56,57,65,66
29,1,2,3,4,5,6,7,8,9,10,13,14,15,16,17,18,23,24,25,26,27,34,35,36,37,44,45,46,47,54,55,56
30,1,2,3,4,5,6,7,8,9,10,13,14,15,16,17,18,23,24,25,26,27,34,35,36,37,44,45,46,47,55,56
31,1,2,3,4,5,6,7,8,9,10,13,14,15,16,17,18,23,24,25,26,27,34,35,36,37,44,45,46,47,55,56
32,1,2,3,4,5,6,7,8,9,10,13,14,15,16,17,18,23,24,25,26,27,33,34,35,36,37,44,45,46,47,54,55,56
33,4,5,6,7,13,14,15,16,17,22,23,24,25,26,27,32,33,34,35,36,37,42,43,44,45,46,47,53,54,55,56,63,64,65
34,12,13,14,15,21,22,23,24,25,31,32,33,34,35,41,42,43,44,45,50,51,52,53,54,55,60,61,62,63,64,65,71,72,73,74
35,11,12,20,21,22,23,29,30,31,32,33,39,40,41,42,43,49,50,51,52,53,59,60,61,62,63,70,71,72,73,80
36,11,12,19,20,21,22,29,30,31,32,39,40,41,42,49,50,51,52,59,60,61,62,69,70,71,80
37,11,19,20,21,22,29,30,31,32,39,40,41,42,49,50,51,52,59,60,61,69,70,71,79,80,90
38,29,30,31,39,40,41,48,49,50,51,58,59,60,61,67,68,69,70,71,78,79,80,81,88,89,90
39,18,19,27,28,29,30,37,38,39,40,47,48,49,50,57,58,59,60,67,68,69,70,77,78,79,80,88,89,90
40,7,8,9,16,17,18,19,26,27,28,29,30,36,37,38,39,40,46,47,48,49,50,57,58,59,60,67,68,69,78,79
41,6,7,8,9,15,16,17,18,19,25,26,27,28,29,35,36,37,38,39,45,46,47,48,49,56,57,58,59,67,68
42,5,6,7,8,9,14,15,16,17,18,19,24,25,26,27,28,29,35,36,37,38,45,46,47,48,55,56,57,58,66,67
43,5,6,7,8,14,15,16,17,18,24,25,26,27,28,34,35,36,37,38,44,45,46,47,48,54,55,56,57,65,66
44,5,6,7,14,15,16,17,24,25,26,27,34,35,36,37,44,45,46,47,54,55,56,57,65,66
45,5,6,7,14,15,16,17,24,25,26,27,34,35,36,37,44,45,46,47,54,55,56,57,65,66
46,4,5,6,14,15,16,17,24,25,26,27,34,35,36,37,44,45,46,47,54,55,56,57,64,65,66
47,4,5,6,13,14,15,16,23,24,25,26,27,33,34,35,36,37,43,44,45,46,47,53,54,55,56,64,65,66
48,4,5,6,13,14,15,16,23,24,25,26,27,33,34,35,36,37,43,44,45,46,47,53,54,55,56,57,63,64,65,66,74,75,76
49,15,16,17,24,25,26,27,34,35,36,37,44,45,46,47,54,55,56,57,64,65,66,67,75,76
50,15,16,17,24,25,26,27,34,35,36,37,44,45,46,47,54,55,56,57,64,65,66,67,75,76
51,15,16,17,24,25,26,27,34,35,36,37,44,45,46,47,54,55,56,57,65,66,67,75,76,77
52,5,6,7,14,15,16,17,24,25,26,27,34,35,36,37,44,45,46,47,54,55,56,57,65,66,67,75,76
53,5,6,7,14,15,16,17,24,25,26,27,34,35,36,37,44,45,46,47,54,55,56,57,65,66,67
54,5,6,7,14,15,16,17,24,25,26,27,28,34,35,36,37,38,44,45,46,47,55,56,57,65,66,67
55,5,6,7,14,15,16,17,24,25,26,27,28,34,35,36,37,38,44,45,46,47,55,56,57,65,66,67
56,6,7,15,16,17,24,25,26,27,28,34,35,36,37,38,44,45,46,47,54,55,56,57,64,65,66,67,74,75,76,77,85,86
57,25,26,34,35,36,37,44,45,46,47,54,55,56,57,64,65,66,67,74,75,76,77,84,85,86,87,94,95,96,97
58,35,36,44,45,46,47,54,55,56,57,64,65,66,67,74,75,76,77,84,85,86,87,94,95,96,97
59,16,24,25,26,27,34,35,36,37,44,45,46,47,54,55,56,57,64,65,66,67,74,75,76,77,84,85,86,87,95,96
60,15,16,24,25,26,27,34,35,36,37,44,45,46,47,54,55,56,57,64,65,66,67,75,76
