1,7,8,9,12,13,14,17,18,19,22,23
2,7,8,12,13,14,17,18,19,22,23
3,7,8,12,13,14,17,18,19,21,22,23,24,25
4,13,14,16,17,18,19,20,21,22,23,24,25
5,13,16,17,18,19,20,21,22,23,24,25
6,13,16,17,18,19,20,21,22,23,24,25
7,8,12,13,14,16,17,18,19,20,21,22,23,24,25
8,7,8,12,13,14,17,18,19,22,23,24
9,7,8,12,13,14,17,18,19,22,23
10,7,8,12,13,14,17,18,19,20,21,22,23,24,25
11,16,17,18,19,20,21,22,23,24,25
12,7,8,12,13,14,16,17,18,19,20,21,22,23,24,25
13,8,12,13,14,17,18,19,22,23,24
14,8,12,13,14,17,18,19,22,23,24
15,8,12,13,14,17,18,19,22,23,24
16,8,12,13,14,17,18,19,22,23,24
17,7,8,12,13,14,17,18,19,22,23
18,3,7,8,9,12,13,14,17,18,19,22,23
19,3,7,8,9,12,13,14,17,18,19,23
20,7,8,12,13,14,17,18,23
21,3,7,8,12,13,17,18
22,3,7,8,12,13,17,18
23,2,3,7,8,9,12,13,14,17,18
24,7,8,9,12,13,14,17,18,19,23
25,3,7,8,9,12,13,14,17,18,19,23
26,2,3,4,7,8,9,12,13,14,17,18
27,2,3,4,7,8,9,12,13,14,17,18
28,3,4,7,8,9,12,13,14,17,18
29,3,7,8,9,12,13,14,17,18,19
30,3,7,8,9,12,13,14,17,18,19
31,2,3,4,7,8,9,12,13,14,17,18
32,2,3,4,7,8,9,12,13,14,17,18
33,2,3,7,8,9,12,13,14,17,18
34,3,7,8,9,12,13,14,17,18
35,3,7,8,9,12,13,14,17,18
36,2,3,4,7,8,9,12,13,14,17,18
37,2,3,4,7,8,9,12,13,14,18
38,2,3,4,7,8,9,12,13,14,18
39,2,3,4,7,8,9,12,13,14,17,18
40,3,7,8,9,12,13,14,17,18,19,22,23,24
41,3,7,8,9,12,13,14,17,18,19,22,23,24
42,2,3,4,7,8,9,12,13,14,17,18,19
43,2,3,4,7,8,9,12,13,14,17,18
44,3,4,7,8,9,12,13,14,17,18
45,3,7,8,9,12,13,14,17,18,19,22,23
46,6,7,8,11,12,13,16,17,18,21,22,23
47,6,7,11,12,16,17,21,22
48,6,7,11,12,16,17,21,22
49,6,7,11,12,16,17,21,22
50,6,7,10,11,12,15,16,17,20,21,22
51,6,10,11,15,16,20,21,25
52,6,9,10,11,14,15,16,20
53,6,9,10,11,14,15,16,19,20
54,6,9,10,11,14,15,16,19,20,25
55,1,5,6,7,8,10,11,12,13,15,16,17,18,20,21,22
56,3,4,7,8,9,12,13,14,17,18,19,22,23
57,3,4,7,8,9,12,13,14,17,18,19,23
58,7,8,9,12,13,14,17,18,19,23
59,7,8,9,12,13,14,17,18,19,23
60,7,8,9,12,13,14,17,18,19,22,23
