1,3,7,8,9,12,13,14,17,18,19
2,3,4,8,9,13,14,18,19,24
3,8,9,10,13,14,15,18,19,20,23,24
4,8,9,13,14,15,18,19,20,23,24,25
5,9,13,14,15,18,19,20,23,24,25
6,9,10,13,14,15,18,19,20,23,24,25
7,7,8,9,12,13,14,15,17,18,19,20,23,24,25
8,7,8,9,12,13,14,17,18,19,23
9,7,8,12,13,14,17,18,23
10,7,8,11,12,13,16,17,18,22,23
11,7,8,11,12,13,16,17,18,22
12,7,8,9,12,13,14,17,18,19,22,23
13,7,8,9,12,13,14,17,18,19,23
14,7,8,9,12,13,14,17,18,19,22,23
15,7,8,12,13,14,17,18,19,22,23,24
16,7,8,9,12,13,14,17,18,19,22,23,24
17,7,8,9,12,13,14,17,18,19,22,23,24
18,7,8,9,12,13,14,17,18,19,23,24
19,7,8,9,12,13,14,17,18,19,22,23
20,7,8,12,13,17,18,22,23
21,2,3,7,8,12,13,17,18
22,2,3,7,8,9,12,13,14,17,18
23,3,7,8,9,12,13,14,17,18,19
24,3,7,8,9,12,13,14,17,18,19
25,3,7,8,9,12,13,14,17,18,19
26,3,4,7,8,9,12,13,14,18,19
27,3,4,7,8,9,12,13,14,18,19
28,3,4,7,8,9,12,13,14,18
29,3,4,7,8,9,12,13,14,18
30,3,4,7,8,9,12,13,14,18
31,3,4,7,8,9,12,13,14,17,18
32,3,4,7,8,9,12,13,14,17,18
33,3,7,8,9,12,13,14,17,18,19
34,3,7,8,9,12,13,14,17,18,19
35,3,4,7,8,9,12,13,14,17,18
36,3,4,7,8,9,12,13,14,18
37,3,4,7,8,9,12,13,14,18
38,3,4,7,8,9,12,13,14,18
39,3,4,7,8,9,12,13,14,18,19
40,3,4,7,8,9,12,13,14,18,19
41,3,4,7,8,9,12,13,14,18,19
42,2,3,4,7,8,9,12,13,14,18,19
43,2,3,4,7,8,9,12,13,14,18
44,3,4,7,8,9,12,13,14,18,19
45,2,3,4,7,8,9,12,13,14,18
46,2,3,4,7,8,9,12,13,14,18
47,2,3,4,7,8,9,12,13,14,18
48,2,3,4,7,8,9,12,13,14,18
49,2,3,4,7,8,9,12,13,14,18
50,2,3,4,7,8,9,12,13,14,17,18,19
51,3,4,7,8,9,12,13,14,18,19
52,2,3,4,7,8,9,12,13,14,18
53,2,3,4,7,8,9,12,13,14,18
54,2,3,4,7,8,9,12,13,14,18
55,2,3,4,7,8,9,12,13,14,17,18,19
56,3,7,8,9,12,13,14,17,18,19
57,3,7,8,9,12,13,14,17,18,19
58,7,8,9,12,13,14,17,18,19
59,3,7,8,9,12,13,14,17,18,19
60,3,7,8,9,12,13,14,17,18,19
