1,7,8,9,12,13,14,17,18,19,23
2,8,9,12,13,14,17,18,19,23,24
3,8,9,12,13,14,17,18,19,22,23,24
4,8,9,12,13,14,17,18,19,22,23,24
5,8,9,12,13,14,17,18,19,22,23,24
6,8,9,12,13,14,17,18,19,22,23,24
7,8,9,12,13,14,17,18,19,23,24
8,8,9,12,13,14,17,18,19,23,24
9,7,8,9,12,13,14,17,18,19,23
10,7,8,9,12,13,14,17,18,19,23
11,3,7,8,9,12,13,14,17,18,19
12,3,7,8,9,12,13,14,17,18,19
13,3,7,8,9,12,13,14,17,18,19
14,3,7,8,9,12,13,14,17,18,19
15,3,7,8,9,12,13,14,17,18,19
16,7,8,9,12,13,14,17,18,19
17,3,7,8,9,12,13,14,17,18
18,7,8,9,12,13,14,17,18,19,23
19,7,8,12,13,14,17,18,19,23
20,7,8,12,13,14,17,18
21,7,8,9,12,13,14,17,18,19
22,7,8,9,12,13,14,17,18,19,23
23,7,8,9,12,13,14,17,18,19,23
24,7,8,9,12,13,14,17,18,19,23
25,3,7,8,9,12,13,14,17,18,19
26,3,7,8,9,12,13,14,17,18,19
27,3,7,8,9,12,13,14,17,18,19
28,3,7,8,9,12,13,14,18,19
29,3,7,8,9,12,13,14,18,19
30,3,7,8,9,12,13,14,18,19
31,3,7,8,9,12,13,14,18,19
32,3,7,8,9,12,13,14,18,19
33,3,7,8,9,12,13,14,18,19
34,3,7,8,9,12,13,14,18,19
35,3,7,8,9,12,13,14,18,19
36,3,4,8,9,12,13,14,18,19
37,3,4,8,9,12,13,14,18,19
38,3,4,7,8,9,12,13,14,18,19
39,3,4,7,8,9,12,13,14,18,19
40,3,4,7,8,9,12,13,14,18,19
41,3,4,7,8,9,12,13,14,18,19
42,3,4,7,8,9,12,13,14,18,19
43,3,4,7,8,9,12,13,14,18,19
44,3,4,7,8,9,12,13,14,18,19
45,3,4,7,8,9,12,13,14,18,19
46,3,4,8,9,13,14,18,19
47,3,4,8,9,13,14,18,19
48,3,4,8,9,13,14,18,19
49,3,4,8,9,13,14,18,19
50,3,4,7,8,9,12,13,14,18,19
51,3,4,7,8,9,12,13,14,18,19
52,3,4,7,8,9,12,13,14,18,19
53,3,4,7,8,9,12,13,14,18,19
54,3,4,7,8,9,12,13,14,18,19
55,3,4,8,9,12,13,14,18,19
56,3,4,8,9,13,14,18,19
57,3,4,8,9,13,14,18,19
58,3,4,8,9,13,14,18,19
59,3,4,7,8,9,12,13,14,18,19
60,3,4,7,8,9,12,13,14,18,19
