1,3,7,8,9,12,13,14,17,18,19
2,7,8,9,12,13,14,17,18,19,23
3,7,8,9,12,13,14,17,18,19,23
4,7,8,9,12,13,14,17,18,19,23
5,7,8,9,12,13,14,17,18,19,23
6,7,8,9,12,13,14,17,18,19,23
7,7,8,9,11,12,13,14,16,17,18,19,22,23
8,6,7,8,11,12,13,16,17,18,21,22,23
9,6,7,8,11,12,13,16,17,18,21,22,23
10,6,7,8,9,11,12,13,14,16,17,18,19,21,22,23
11,6,7,8,9,11,12,13,14,16,17,18,19,22,23
12,6,7,8,11,12,13,16,17,18,22
13,6,7,11,12,13,16,17,18,21,22,23
14,6,7,11,12,16,17,21,22
15,6,7,8,11,12,13,16,17,18,21,22,23
16,6,7,8,9,11,12,13,14,16,17,18,19,22,23,24
17,3,7,8,9,12,13,14,17,18,19
18,3,4,7,8,9,12,13,14,18,19
19,7,8,9,12,13,14,17,18,19,22,23
20,2,3,7,8,12,13,17,18,22,23
21,2,3,7,8,12,13,17,18
22,2,3,7,8,12,13,17,18
23,3,7,8,9,12,13,14,17,18,19,23
24,2,3,4,7,8,9,12,13,14,17,18,19,23
25,2,3,4,7,8,9,12,13,14,18
26,2,3,4,7,8,9,10,12,13,14,15,18,19,20
27,4,8,9,10,13,14,15,18,19,20
28,2,3,4,7,8,9,12,13,14,18,19
29,2,3,4,7,8,9,12,13,14,18,19
30,2,3,4,7,8,9,12,13,14,18
31,2,3,4,7,8,9,12,13,14,18
32,2,3,4,7,8,9,12,13,14,17,18
33,2,3,4,7,8,9,12,13,14,17,18
34,3,7,8,9,12,13,14,17,18,19
35,3,7,8,9,12,13,14,17,18,19
36,2,3,4,7,8,9,12,13,14,17,18
37,1,2,3,4,5,7,8,9,12,13,14
38,1,2,3,4,5,7,8,9,12,13,14,18
39,2,3,4,7,8,9,12,13,14,18
40,2,3,4,7,8,9,12,13,14,15,18,19,20
41,4,8,9,10,13,14,15,18,19,20
42,3,4,8,9,13,14,18,19
43,3,4,7,8,9,12,13,14,18,19
44,2,3,4,7,8,9,12,13,14,18,19
45,2,3,4,7,8,9,12,13,14,18,19
46,3,4,7,8,9,12,13,14,17,18,19
47,2,3,6,7,8,9,11,12,13,14,16,17,18
48,2,3,4,6,7,8,9,11,12,13,14,16,17,18
49,2,3,4,7,8,9,12,13,14,17,18
50,2,3,4,7,8,9,12,13,14,17,18
51,2,3,4,7,8,9,12,13,14,18,19
52,3,4,7,8,9,12,13,14,18,19
53,3,4,8,9,13,14,18,19
54,3,4,7,8,9,12,13,14,18,19
55,3,4,7,8,9,12,13,14,18,19
56,3,4,8,9,13,14,18,19
57,3,4,8,9,13,14,18,19
58,7,8,9,12,13,14,17,18,19,23
59,7,8,9,12,13,14,17,18,19,22,23,24
60,8,12,13,14,17,18,19,22,23,24
