1,14,15,16,17,24,25,26,27,34,35,36,37,45,46
2,14,15,16,17,24,25,26,27,34,35,36,37,45,46
3,14,15,16,24,25,26,27,34,35,36,37,44,45,46
4,14,15,16,23,24,25,26,27,33,34,35,36,37,44,45,46
5,13,14,15,16,23,24,25,26,33,34,35,36,44,45
6,5,6,14,15,16,17,24,25,26,27,34,35,36,37,46
7,14,15,16,17,24,25,26,27,34,35,36,37,45,46
8,14,15,16,17,24,25,26,27,34,35,36,37,45,46
9,14,15,16,17,24,25,26,27,34,35,36,37,45,46
10,14,15,16,17,24,25,26,27,34,35,36,37,45,46
11,14,15,16,17,24,25,26,27,34,35,36,37,45,46
12,14,15,16,17,24,25,26,27,34,35,36,37,45,46
13,14,15,16,17,24,25,26,27,34,35,36,37,45,46
14,14,15,16,17,24,25,26,27,34,35,36,37,45,46
15,14,15,16,17,24,25,26,27,34,35,36,37,45,46
16,14,15,16,17,24,25,26,27,34,35,36,37,45,46
17,14,15,16,17,24,25,26,27,34,35,36,37
18,6,14,15,16,17,24,25,26,27,34,35,36,37
19,5,6,7,14,15,16,17,24,25,26,27,34,35,36,37
20,5,6,7,14,15,16,17,24,25,26,27,34,35,36,37
21,5,6,14,15,16,17,24,25,26,27,34,35,36,37
22,13,14,15,16,23,24,25,26,33,34,35,36
23,5,13,14,15,16,23,24,25,26,33,34,35,36
24,5,6,13,14,15,16,23,24,25,26,34,35,36
25,5,6,14,15,16,23,24,25,26,34,35,36
26,5,6,14,15,16,24,25,26,34,35,36
27,5,6,14,15,16,24,25,26,34,35,36
28,5,6,14,15,16,24,25,26,34,35,36
29,5,6,14,15,16,17,24,25,26,27,34,35,36
30,5,6,7,14,15,16,17,24,25,26,27,34,35,36,37
31,5,6,7,14,15,16,17,24,25,26,27,35,36,37
32,5,6,7,14,15,16,17,24,25,26,27,35,36,37
33,5,6,7,14,15,16,17,24,25,26,27,34,35,36,37
34,5,6,14,15,16,17,24,25,26,27,34,35,36,37
35,5,6,7,14,15,16,17,24,25,26,27,34,35,36
36,5,6,7,14,15,16,17,24,25,26,27,35,36
37,5,6,7,14,15,16,17,24,25,26,27,35,36,37
38,5,6,7,14,15,16,17,24,25,26,27,35,36,37
39,5,6,7,14,15,16,17,24,25,26,27,35,36,37
40,5,6,7,14,15,16,17,24,25,26,27,35,36,37
41,5,6,7,14,15,16,17,24,25,26,27,34,35,36,37
42,5,6,7,14,15,16,17,24,25,26,27,35,36
43,5,6,7,14,15,16,17,24,25,26,27,35,36
44,5,6,7,14,15,16,17,24,25,26,27,34,35,36
45,5,6,7,14,15,16,17,24,25,26,27,34,35,36
46,5,6,7,14,15,16,17,24,25,26,27,34,35,36
47,4,5,6,14,15,16,17,24,25,26,27,34,35,36
48,4,5,6,14,15,16,17,24,25,26,27,34,35,36
49,5,6,14,15,16,17,24,25,26,27,34,35,36
50,5,6,7,14,15,16,17,24,25,26,27,34,35,36,37
51,5,6,7,14,15,16,17,24,25,26,27,34,35,36,37
52,5,6,7,14,15,16,17,24,25,26,27,34,35,36,37
53,5,6,7,14,15,16,17,24,25,26,27,35,36,37
54,5,6,7,14,15,16,17,24,25,26,27,35,36,37
55,5,6,7,14,15,16,17,24,25,26,27,34,35,36,37
56,5,6,14,15,16,17,24,25,26,27,34,35,36,37
57,6,14,15,16,17,24,25,26,27,34,35,36,37
58,6,14,15,16,17,24,25,26,27,34,35,36,37
59,6,7,14,15,16,17,24,25,26,27,34,35,36,37
60,6,7,15,16,17,18,24,25,26,27,28,35,36,37,38
