1,25,26,34,35,36,37,44,45,46,47,54,55,56,57,64,65,66,67,74,75,76,77,84,85,86,87,94,95,96,97
2,35,36,44,45,46,47,53,54,55,56,57,63,64,65,66,67,73,74,75,76,77,83,84,85,86,87,93,94,95,96,97
3,24,33,34,35,42,43,44,45,46,52,53,54,55,56,62,63,64,65,66,72,73,74,75,76,83,84,85,86,93,94,95,96
4,24,25,26,33,34,35,36,42,43,44,45,46,47,52,53,54,55,56,57,62,63,64,65,66,67,72,73,74,75,76,77,83,84,85,86
5,25,26,34,35,36,44,45,46,47,54,55,56,57,64,65,66,67,74,75,76,77,84,85,86,87
6,25,26,34,35,36,44,45,46,47,54,55,56,57,64,65,66,67,74,75,76,77,84,85,86
7,25,26,34,35,36,37,44,45,46,47,54,55,56,57,64,65,66,67,74,75,76,77,84,85,86
8,16,25,26,27,34,35,36,37,44,45,46,47,54,55,56,57,64,65,66,67,74,75,76,77,85,86
9,15,16,24,25,26,34,35,36,37,44,45,46,47,54,55,56,57,64,65,66,67,74,75,76,77,85,86
10,15,16,24,25,26,34,35,36,37,44,45,46,47,54,55,56,57,64,65,66,67,74,75,76
11,15,16,24,25,26,34,35,36,37,44,45,46,47,54,55,56,64,65,66,74,75,76
12,15,16,24,25,26,34,35,36,44,45,46,47,54,55,56,57,64,65,66,74,75,76
13,15,16,24,25,26,34,35,36,44,45,46,54,55,56,64,65,66,74,75,76
14,15,16,24,25,26,33,34,35,36,43,44,45,46,53,54,55,56,64,65,66,74,75,76
15,14,15,16,23,24,25,26,33,34,35,36,43,44,45,46,53,54,55,56,64,65,66,74,75,76
16,14,15,23,24,25,26,33,34,35,36,43,44,45,46,53,54,55,56,63,64,65,66,74,75
17,14,15,23,24,25,26,33,34,35,36,43,44,45,46,53,54,55,56,63,64,65,66,74,75,76
18,15,24,25,26,33,34,35,36,43,44,45,46,53,54,55,56,63,64,65,66,74,75,76,84,85
19,15,23,24,25,26,33,34,35,36,43,44,45,46,53,54,55,56,63,64,65,66,74,75,76
20,15,23,24,25,26,33,34,35,36,43,44,45,46,53,54,55,56,63,64,65,66,73,74,75,76,84,85
21,24,25,26,33,34,35,36,43,44,45,46,53,54,55,56,63,64,65,66,73,74,75,76,84,85,86
22,25,26,34,35,36,37,44,45,46,47,54,55,56,57,64,65,66,67,74,75,76,77,85,86
23,25,26,34,35,36,37,44,45,46,47,54,55,56,57,64,65,66,67,74,75,76,77,85,86
24,16,24,25,26,34,35,36,37,44,45,46,47,54,55,56,57,64,65,66,67,74,75,76,85,86
25,15,16,17,24,25,26,27,34,35,36,37,44,45,46,47,54,55,56,57,64,65,66,67,75,76
26,5,6,7,14,15,16,17,24,25,26,27,34,35,36,37,44,45,46,47,54,55,56,57,65,66,67,75,76
27,5,6,7,14,15,16,17,24,25,26,27,34,35,36,37,44,45,46,47,54,55,56,57,65,66
28,15,16,17,24,25,26,27,34,35,36,37,44,45,46,47,54,55,56,57,65,66,67,75,76
29,15,16,17,24,25,26,27,34,35,36,37,44,45,46,47,54,55,56,57,65,66,67,75,76,77
30,15,16,17,25,26,27,34,35,36,37,44,45,46,47,54,55,56,57,65,66,67,75,76,77
31,15,16,17,24,25,26,27,34,35,36,37,44,45,46,47,54,55,56,57,64,65,66,67,75,76
32,15,16,24,25,26,27,34,35,36,37,44,45,46,47,54,55,56,57,64,65,66,67,75,76
33,15,16,17,24,25,26,27,34,35,36,37,44,45,46,47,54,55,56,57,64,65,66,67,75,76
34,15,16,24,25,26,27,34,35,36,37,44,45,46,47,54,55,56,57,65,66,67,75,76,77
35,15,16,17,25,26,27,34,35,36,37,44,45,46,47,54,55,56,57,65,66,67,75,76,77
36,15,16,17,25,26,27,34,35,36,37,44,45,46,47,55,56,57,65,66,67,76
37,15,16,17,24,25,26,27,34,35,36,37,44,45,46,47,54,55,56,57,65,66,67,76
38,15,16,17,24,25,26,27,34,35,36,37,44,45,46,47,54,55,56,57,65,66,67
39,15,16,17,24,25,26,27,34,35,36,37,44,45,46,47,54,55,56,57,65,66
40,5,6,7,14,15,16,17,24,25,26,27,34,35,36,37,44,45,46,47,54,55,56,57,65,66
41,5,6,7,14,15,16,17,24,25,26,27,34,35,36,37,44,45,46,47,54,55,56,57,65,66
42,4,5,6,7,14,15,16,17,24,25,26,27,34,35,36,37,44,45,46,47,54,55,56,57,65,66
43,4,5,6,7,8,14,15,16,17,18,24,25,26,27,28,34,35,36,37,44,45,46,47,55,56,57,65,66
44,5,6,7,14,15,16,17,24,25,26,27,34,35,36,37,44,45,46,47,55,56,57,65,66,67
45,6,15,16,17,24,25,26,27,34,35,36,37,38,44,45,46,47,55,56,57,65,66,67
46,5,6,7,14,15,16,17,18,24,25,26,27,28,34,35,36,37,38,45,46,47,48,55,56,57,65,66,67
47,5,6,7,8,14,15,16,17,18,24,25,26,27,28,34,35,36,37,38,45,46,47,48,55,56,57,66,67
48,5,6,7,8,14,15,16,17,18,24,25,26,27,28,34,35,36,37,38,45,46,47,48,55,56,57,66,67
49,5,6,7,14,15,16,17,18,24,25,26,27,28,34,35,36,37,38,44,45,46,47,48,54,55,56,57,65,66,67
50,5,6,14,15,16,17,24,25,26,27,34,35,36,37,44,45,46,47,54,55,56,57,65,66,67
51,15,16,17,24,25,26,27,34,35,36,37,44,45,46,47,54,55,56,57,65,66,67,75,76
52,14,15,16,17,24,25,26,27,34,35,36,37,44,45,46,47,54,55,56,57,65,66,67,75,76
53,5,6,7,14,15,16,17,24,25,26,27,34,35,36,37,44,45,46,47,54,55,56,57,65,66
54,5,6,7,14,15,16,17,24,25,26,27,34,35,36,37,44,45,46,47,54,55,56,57,65,66
55,5,6,7,14,15,16,17,18,24,25,26,27,28,34,35,36,37,38,44,45,46,47,48,55,56,57,65,66,67
56,6,7,15,16,17,18,25,26,27,28,35,36,37,38,45,46,47,48,55,56,57,65,66,67
57,6,7,15,16,17,24,25,26,27,28,34,35,36,37,38,44,45,46,47,48,55,56,57,65,66,67,76
58,6,7,8,15,16,17,18,25,26,27,28,34,35,36,37,38,44,45,46,47,48,55,56,57,58,65,66,67,76
59,6,7,8,15,16,17,18,19,25,26,27,28,29,35,36,37,38,39,45,46,47,48,55,56,57,58,65,66,67
60,6,7,14,15,16,17,24,25,26,27,28,34,35,36,37,38,44,45,46,47,48,54,55,56,57,65,66,67
