1,3,7,8,9,12,13,14,17,18,19
2,3,7,8,9,12,13,14,17,18,19,22,23
3,7,8,11,12,13,16,17,18,21,22,23
4,7,11,12,13,16,17,18,21,22
5,6,7,11,12,13,16,17,18,21,22
6,6,7,11,12,13,16,17,18,21,22
7,6,7,10,11,12,15,16,17,20,21,22,25
8,1,5,6,10,11,15,16,20,21,25
9,1,5,6,10,11,15,16,20,21,25
10,6,10,11,15,16,20,21,25
11,6,7,8,10,11,12,13,14,15,16,17,18,19,20,21,22,23
12,8,12,13,14,17,18,19,21,22,23,24,25
13,13,14,16,17,18,19,20,21,22,23,24,25
14,16,17,18,19,20,21,22,23,24,25
15,16,17,18,19,20,21,22,23,24,25
16,14,16,17,18,19,20,21,22,23,24,25
17,9,13,14,15,17,18,19,20,21,22,23,24,25
18,9,13,14,15,18,19,20,23,24,25
19,8,9,10,13,14,15,18,19,20,23,24,25
20,7,8,9,12,13,14,15,17,18,19,20,22,23,24
21,2,3,7,8,12,13,17,18
22,2,3,7,8,12,13,17,18
23,2,3,7,8,9,12,13,14,17,18,19,23
24,3,4,7,8,9,12,13,14,17,18,19
25,2,3,4,7,8,9,12,13,14,18
26,2,3,4,7,8,9,12,13,14,18
27,2,3,4,7,8,9,12,13,14,18
28,2,3,4,7,8,9,12,13,14,18
29,2,3,4,7,8,9,12,13,14,18
30,2,3,4,7,8,9,12,13,14,18
31,2,3,4,7,8,9,12,13,14,17,18
32,3,7,8,9,12,13,14,17,18
33,3,7,8,12,13,17,18
34,3,7,8,12,13,17,18
35,3,7,8,12,13,17,18
36,3,7,8,12,13,17,18
37,3,7,8,12,13,17,18
38,3,7,8,12,13,17,18
39,3,7,8,12,13,17,18
40,3,7,8,12,13,17,18
41,3,7,8,9,12,13,14,17,18
42,3,7,8,9,12,13,14,17,18
43,2,3,4,7,8,9,12,13,14,17,18
44,2,3,4,7,8,9,12,13,14,17,18
45,2,3,7,8,9,12,13,14,17,18
46,2,3,7,8,12,13,17,18
47,2,3,7,8,9,12,13,14,17,18
48,2,3,7,8,9,12,13,14,17,18
49,2,3,4,7,8,9,12,13,14,17,18
50,2,3,4,7,8,9,12,13,14,17,18
51,2,3,4,7,8,9,12,13,14,17,18
52,3,7,8,9,12,13,14,17,18
53,3,7,8,9,12,13,14,17,18
54,3,7,8,9,12,13,14,17,18
55,3,7,8,9,12,13,14,17,18
56,3,7,8,9,12,13,14,17,18
57,3,7,8,9,12,13,14,17,18
58,3,7,8,9,12,13,14,17,18
59,3,7,8,9,12,13,14,17,18
60,3,7,8,9,12,13,14,17,18
