1,15,16,17,24,25,26,27,34,35,36,37,44,45,46,47
2,12,13,14,15,16,22,23,24,25,26,27,32,33,34,35,36,37,43,44,45,46
3,12,13,14,15,22,23,24,25,32,33,34,35,42,43,44
4,12,13,14,15,16,22,23,24,25,26,27,32,33,34,35,36,37,43,44,45,46
5,14,15,16,17,24,25,26,27,34,35,36,37,44,45,46
6,14,15,16,17,24,25,26,27,34,35,36,37,44,45,46
7,14,15,16,17,24,25,26,27,34,35,36,37,44,45,46
8,14,15,16,17,24,25,26,27,34,35,36,37,45,46
9,15,16,17,24,25,26,27,34,35,36,37,45,46,47
10,15,16,17,24,25,26,27,34,35,36,37,45,46,47
11,15,16,17,24,25,26,27,34,35,36,37,45,46,47
12,15,16,17,18,25,26,27,28,29,35,36,37,38,39,45,46,47,48
13,16,17,18,25,26,27,28,29,35,36,37,38,39,45,46,47,48
14,16,17,24,25,26,27,28,34,35,36,37,38,45,46,47
15,15,16,17,24,25,26,27,34,35,36,37,44,45,46,47
16,12,13,14,15,16,22,23,24,25,26,32,33,34,35,36,42,43,44,45,46
17,12,13,14,22,23,24,25,32,33,34,35,42,43,44
18,12,13,14,21,22,23,24,25,31,32,33,34,35,42,43,44
19,11,12,13,14,20,21,22,23,24,25,30,31,32,33,34,35,40,41,42,43,44,50
20,11,12,20,21,22,23,29,30,31,32,33,39,40,41,42,50
21,2,3,4,11,12,13,14,15,20,21,22,23,24,25,30,31,32,33,34,35,40,41,42
22,13,14,15,16,23,24,25,26,27,33,34,35,36,37,43,44,45,46
23,14,15,16,24,25,26,27,34,35,36,37,44,45,46
24,14,15,16,17,24,25,26,27,34,35,36,37,45,46
25,14,15,16,17,24,25,26,27,34,35,36,37,44,45,46,47
26,14,15,16,17,24,25,26,27,34,35,36,37,44,45,46,47
27,14,15,16,17,24,25,26,27,34,35,36,37,45,46
28,14,15,16,17,24,25,26,27,34,35,36,37
29,6,14,15,16,17,24,25,26,27,34,35,36,37
30,6,14,15,16,17,24,25,26,27,34,35,36,37
31,5,6,14,15,16,17,24,25,26,27,34,35,36,37
32,6,14,15,16,17,24,25,26,27,34,35,36,37,45,46
33,14,15,16,17,24,25,26,27,34,35,36,37,45,46
34,14,15,16,24,25,26,27,34,35,36,37,45,46
35,14,15,16,24,25,26,27,34,35,36,37,45,46
36,14,15,16,17,24,25,26,27,34,35,36,37,45,46
37,14,15,16,17,24,25,26,27,34,35,36,37,45
38,14,15,16,17,24,25,26,27,34,35,36,37,45,46
39,14,15,16,17,24,25,26,27,34,35,36,37,45,46
40,14,15,16,17,24,25,26,27,34,35,36,37,45,46
41,14,15,16,17,24,25,26,27,34,35,36,37,45,46
42,14,15,16,17,24,25,26,27,34,35,36,37,45,46
43,14,15,16,17,24,25,26,27,34,35,36,37,45,46
44,14,15,16,17,24,25,26,27,34,35,36,37,45,46
45,14,15,16,17,24,25,26,27,34,35,36,37,45,46
46,14,15,16,17,24,25,26,27,34,35,36,37,45,46
47,14,15,16,24,25,26,27,34,35,36,37,45,46
48,14,15,16,24,25,26,27,34,35,36,37,45,46
49,14,15,16,24,25,26,27,34,35,36,45
50,14,15,16,24,25,26,27,34,35,36,45
51,13,14,15,16,23,24,25,26,33,34,35,36,43,44,45
52,13,14,15,22,23,24,25,32,33,34,35,43,44,45
53,13,14,15,16,22,23,24,25,26,32,33,34,35,36,43,44,45
54,14,15,16,24,25,26,27,34,35,36,37,45,46
55,14,15,16,24,25,26,27,34,35,36,37,45,46
56,14,15,16,24,25,26,27,34,35,36,37,45,46
57,14,15,16,17,24,25,26,27,34,35,36,37,45,46
58,15,16,17,18,24,25,26,27,28,35,36,37,38,46
59,7,15,16,17,18,25,26,27,28,35,36,37,38
60,15,16,17,18,25,26,27,28,35,36,37,38,46
