1,5,6,14,15,16,17,24,25,26,27,34,35,36,37,45,46
2,13,14,15,16,17,22,23,24,25,26,27,32,33,34,35,36,37,43,44,45,46
3,3,4,11,12,13,14,15,21,22,23,24,25,31,32,33,34,35,42,43,44
4,3,4,11,12,13,14,21,22,23,24,31,32,33,34
5,1,2,3,10,11,12,13,14,19,20,21,22,23,24,29,30,31,32,33,34,39,40
6,1,2,3,9,10,11,12,13,14,19,20,21,22,23,24,25,29,30,31,32,33,34,39,40
7,1,2,3,4,10,11,12,13,14,15,20,21,22,23,24,25,30,31,32,33,34,40
8,1,2,9,10,11,12,19,20,21,22,29,30,31,32,39,40
9,1,2,3,9,10,11,12,13,14,19,20,21,22,23,24,29,30,31,32,33,34,39,40
10,3,4,11,12,13,14,15,16,17,21,22,23,24,25,26,27,32,33,34,35,36,37,44,45,46
11,14,15,16,17,24,25,26,27,34,35,36,37,45,46
12,14,15,16,17,24,25,26,27,34,35,36,37,45,46
13,14,15,16,17,24,25,26,27,34,35,36,37,44,45,46
14,14,15,16,17,24,25,26,27,34,35,36,37,44,45,46
15,14,15,16,17,24,25,26,27,34,35,36,37,45,46
16,4,5,6,7,14,15,16,17,24,25,26,27,34,35,36,37,45,46
17,1,2,3,4,5,6,7,8,9,10,14,15,16,17,18,24,25,26,27,35,36,37
18,1,2,3,4,5,6,7,8,9,10,14,15,16,17,18,24,25,26,27,34,35,36
19,5,6,14,15,16,17,24,25,26,27,34,35,36
20,4,5,6,13,14,15,16,17,23,24,25,26,27,34,35,36
21,3,4,5,6,7,13,14,15,16,17,23,24,25,26,34,35,36
22,1,2,3,4,5,6,7,8,9,10,13,14,15,16,17,23,24,25,26
23,1,2,3,4,5,6,7,8,9,10,13,14,15,16,17,24,25,26
24,1,2,3,4,5,6,7,8,9,10,13,14,15,16,17,24,25,26
25,1,2,3,4,5,6,7,8,9,10,13,14,15,16,17,24,25,26,27
26,3,4,5,6,7,13,14,15,16,17,24,25,26,27,35,36
27,4,5,6,7,14,15,16,17,24,25,26,27,35,36
28,4,5,6,7,14,15,16,17,24,25,26,27,35,36
29,4,5,6,7,14,15,16,17,24,25,26,27,35,36
30,4,5,6,7,14,15,16,17,24,25,26,27,35,36
31,3,4,5,6,7,14,15,16,17,24,25,26,27,35
32,4,5,6,7,14,15,16,17,24,25,26,27,35,36
33,4,5,6,7,14,15,16,17,24,25,26,27,34,35,36
34,4,5,6,7,14,15,16,17,24,25,26,27,34,35,36
35,4,5,6,7,14,15,16,17,24,25,26,27,34,35,36
36,4,5,6,7,14,15,16,17,24,25,26,27,35,36
37,4,5,6,7,14,15,16,17,24,25,26,27,35,36
38,4,5,6,7,14,15,16,17,24,25,26,27,35,36
39,4,5,6,7,14,15,16,17,24,25,26,27,35,36
40,4,5,6,7,14,15,16,17,24,25,26,27,35,36
41,4,5,6,7,14,15,16,17,24,25,26,27,35,36
42,4,5,6,7,14,15,16,17,24,25,26,27,35,36
43,4,5,6,7,14,15,16,17,24,25,26,27,35,36
44,4,5,6,7,14,15,16,17,24,25,26,27,35,36
45,1,2,3,4,5,6,7,8,9,10,13,14,15,16,17,23,24,25,26,27,35,36
46,1,2,3,4,5,6,7,8,9,10,12,13,14,15,16,17,18,23,24,25,26
47,1,2,3,4,5,6,7,8,9,10,12,13,14,15,16,17,18,24,25,26
48,1,2,3,4,5,6,7,8,9,10,12,13,14,15,16,17,18,24,25,26
49,1,2,3,4,5,6,7,8,9,10,12,13,14,15,16,17,24,25,26,27,34,35,36
50,5,6,14,15,16,17,24,25,26,27,34,35,36,37
51,5,6,7,14,15,16,17,24,25,26,27,34,35,36,37
52,5,6,7,14,15,16,17,24,25,26,27,35,36,37
53,4,5,6,7,14,15,16,17,24,25,26,27,35,36
54,4,5,6,7,14,15,16,17,24,25,26,27,35,36
55,5,6,7,14,15,16,17,24,25,26,27,34,35,36
56,5,6,14,15,16,17,24,25,26,27,34,35,36
57,5,6,14,15,16,17,24,25,26,27,34,35,36
58,5,6,14,15,16,17,24,25,26,27,34,35,36
59,4,5,6,7,14,15,16,17,24,25,26,27,34,35,36
60,4,5,6,7,14,15,16,17,24,25,26,27,34,35,36
