1,5,6,7,14,15,16,17,24,25,26,27,34,35,36,37
2,6,7,15,16,17,18,25,26,27,28,35,36,37
3,5,6,7,8,15,16,17,18,25,26,27,28,36,37
4,5,6,7,8,9,15,16,17,18,19,25,26,27,28,29,36,37
5,4,5,6,7,8,9,14,15,16,17,18,19,25,26,27,28,29,37
6,3,4,5,6,7,8,13,14,15,16,17,18,23,24,25,26,27,28,34,35,36
7,3,4,5,6,12,13,14,15,16,22,23,24,25,26,33,34,35
8,3,4,5,12,13,14,15,22,23,24,25,32,33,34,35
9,3,4,11,12,13,14,21,22,23,24,31,32,33,34,41,42,43
10,11,12,13,14,21,22,23,24,31,32,33,34,41,42,43,44
11,12,13,14,21,22,23,24,25,31,32,33,34,35,36,41,42,43,44,45,46,47,48,49,50
12,23,24,25,26,32,33,34,35,36,37,41,42,43,44,45,46,47,48,49,50
13,24,25,26,33,34,35,36,37,41,42,43,44,45,46,47,48,49,50
14,24,25,26,33,34,35,36,37,41,42,43,44,45,46,47,48,49,50
15,24,25,26,27,33,34,35,36,37,38,41,42,43,44,45,46,47,48,49,50
16,25,26,27,33,34,35,36,37,38,39,41,42,43,44,45,46,47,48,49,50
17,26,27,34,35,36,37,38,39,41,42,43,44,45,46,47,48,49,50
18,26,27,34,35,36,37,38,39,41,42,43,44,45,46,47,48,49,50
19,26,27,34,35,36,37,38,39,41,42,43,44,45,46,47,48,49,50
20,25,26,27,34,35,36,37,38,39,41,42,43,44,45,46,47,48,49,50
21,25,26,27,33,34,35,36,37,38,41,42,43,44,45,46,47,48,49,50
22,24,25,26,27,33,34,35,36,37,38,41,42,43,44,45,46,47,48,49,50
23,24,25,26,27,33,34,35,36,37,38,41,42,43,44,45,46,47,48,49,50
24,23,24,25,26,33,34,35,36,37,41,42,43,44,45,46,47,48,49,50
25,23,24,25,26,33,34,35,36,37,41,42,43,44,45,46,47,48,49,50
26,23,24,25,26,33,34,35,36,37,41,42,43,44,45,46,47,48,49,50
27,15,23,24,25,26,33,34,35,36,37,43,44,45,46,47
28,14,15,23,24,25,26,33,34,35,36,43,44,45,46
29,14,15,22,23,24,25,26,32,33,34,35,36,42,43,44,45,46
30,14,22,23,24,25,32,33,34,35,36,41,42,43,44,45,46,47,48,49,50
31,23,24,25,26,32,33,34,35,36,37,41,42,43,44,45,46,47,48,49,50
32,23,24,25,26,27,33,34,35,36,37,38,41,42,43,44,45,46,47,48,49,50
33,24,25,26,27,33,34,35,36,37,38,41,42,43,44,45,46,47,48,49,50
34,24,25,26,27,34,35,36,37,38,41,42,43,44,45,46,47,48,49,50
35,24,25,26,27,34,35,36,37,38,41,42,43,44,45,46,47,48,49,50
36,24,25,26,27,28,34,35,36,37,38,39,41,42,43,44,45,46,47,48,49,50
37,26,27,28,34,35,36,37,38,39,40,41,42,43,44,45,46,47,48,49,50
38,27,28,34,35,36,37,38,39,40,41,42,43,44,45,46,47,48,49,50
39,27,28,35,36,37,38,39,40,41,42,43,44,45,46,47,48,49,50
40,27,28,35,36,37,38,39,40,41,42,43,44,45,46,47,48,49,50
41,26,27,28,35,36,37,38,39,40,41,42,43,44,45,46,47,48,49,50
42,25,26,27,28,34,35,36,37,38,39,41,42,43,44,45,46,47,48,49,50
43,24,25,26,27,33,34,35,36,37,38,41,42,43,44,45,46,47,48,49,50
44,24,25,26,27,33,34,35,36,37,38,41,42,43,44,45,46,47,48,49,50
45,24,25,26,33,34,35,36,37,38,41,42,43,44,45,46,47,48,49,50
46,24,25,26,27,32,33,34,35,36,37,38,41,42,43,44,45,46,47,48,49,50
47,24,25,26,32,33,34,35,36,37,41,42,43,44,45,46,47,48,49,50
48,23,24,25,26,32,33,34,35,36,37,41,42,43,44,45,46,47,48,49,50
49,23,24,25,26,32,33,34,35,36,37,41,42,43,44,45,46,47,48,49,50
50,23,24,25,26,32,33,34,35,36,37,41,42,43,44,45,46,47,48,49,50
51,24,25,26,32,33,34,35,36,37,41,42,43,44,45,46,47,48,49,50
52,23,24,25,31,32,33,34,35,36,37,41,42,43,44,45,46,47,48,49,50
53,23,24,25,31,32,33,34,35,36,41,42,43,44,45,46,47,48,49,50
54,23,24,25,32,33,34,35,36,37,41,42,43,44,45,46,47,48,49,50
55,23,24,25,32,33,34,35,36,37,41,42,43,44,45,46,47,48,49,50
56,23,24,25,32,33,34,35,36,41,42,43,44,45,46,47,48,49,50
57,23,24,25,31,32,33,34,35,36,41,42,43,44,45,46,47,48,49,50
58,22,23,24,25,31,32,33,34,35,36,41,42,43,44,45,46,47,48,49,50
59,21,22,23,24,31,32,33,34,35,41,42,43,44,45,46,47,48,49,50
60,21,22,23,24,31,32,33,34,35,41,42,43,44,45,46,47,48,49,50
