1,3,4,7,8,9,12,13,14,17,18,19
2,3,4,8,9,13,14,18,19
3,3,4,8,9,13,14,18,19,23,24
4,3,4,8,9,13,14,18,19,23,24
5,3,4,5,8,9,10,13,14,18,19
6,1,2,3,4,5,8,9,10,13,14
7,1,2,3,4,5,8,9,10,13,14
8,1,2,3,4,5,8,9,10,13,14
9,2,3,4,5,7,8,9,12,13,14,17,18,19
10,2,3,7,8,12,13,17,18
11,2,3,7,8,12,13,17,18
12,3,7,8,9,12,13,14,17,18,19
13,7,8,9,12,13,14,17,18,19,23
14,7,8,9,12,13,14,17,18,19,23
15,8,9,13,14,18,19,23
16,3,4,7,8,9,12,13,14,17,18,19
17,3,4,8,9,10,13,14,15,18,19
18,4,8,9,10,13,14,15,18,19,20
19,8,9,10,13,14,15,18,19,20,23,24,25
20,9,13,14,15,18,19,20,23,24,25
21,8,9,12,13,14,17,18,19,20,22,23,24
22,8,12,13,14,17,18,19,21,22,23,24,25
23,12,13,14,17,18,19,21,22,23,24,25
24,8,12,13,14,17,18,19,21,22,23,24,25
25,7,8,11,12,13,16,17,18,21,22,23
26,6,7,11,12,13,16,17,18,21,22,23
27,1,2,3,6,7,8,11,12,13,16,17,22
28,1,2,3,4,6,7,8,9,11,12,13,14,17,18
29,2,3,4,7,8,9,12,13,14,18,19
30,3,4,8,9,13,14,18,19,23,24
31,3,4,8,9,13,14,18,19,23,24
32,3,4,5,8,9,10,13,14,15,18,19,20
33,1,4,5,6,9,10,11,14,15,16,19,20
34,1,5,6,9,10,11,14,15,16,20
35,1,5,6,10,11,15,16,20,21,25
36,6,10,11,14,15,16,19,20,21,25
37,6,9,10,11,14,15,16,19,20,24,25
38,9,10,11,14,15,16,19,20,24,25
39,9,10,14,15,19,20,24,25
40,9,10,13,14,15,18,19,20,23,24,25
41,9,10,11,13,14,15,16,18,19,20,23,24,25
42,6,9,10,11,14,15,16,19,20,21,25
43,6,10,11,15,16,20,21,25
44,1,5,6,10,11,15,16,20
45,1,5,6,7,10,11,12,15,16,20
46,1,2,5,6,7,10,11,12,15,16,17,20
47,1,2,6,7,11,12,16,17
48,1,6,7,10,11,12,15,16,17,20
49,6,7,10,11,12,15,16,17,20,21
50,6,10,11,12,15,16,20,21,25
51,6,10,11,15,16,20,21,25
52,6,10,11,15,16,20,21,25
53,5,6,10,11,15,16,20
54,5,6,9,10,11,14,15,16,19,20
55,5,9,10,14,15,19,20
56,4,5,8,9,10,13,14,15,18,19,20
57,3,4,5,8,9,10,13,14,15,18,19,20
58,3,4,5,8,9,10,13,14,15,19
59,3,4,5,8,9,10,13,14,15,18,19
60,3,4,8,9,13,14,18,19
