1,7,8,9,12,13,14,17,18,19,23
2,7,8,9,12,13,14,17,18,19,23,24
3,7,8,9,12,13,14,17,18,19,23,24
4,7,8,9,12,13,14,17,18,19,23
5,7,8,9,12,13,14,17,18,19,23
6,7,8,9,12,13,14,17,18,19,23
7,3,7,8,9,12,13,14,17,18,19,23
8,3,7,8,9,12,13,14,17,18,19,22,23,24
9,3,4,7,8,9,12,13,14,17,18,19,22,23,24
10,3,4,8,9,13,14,18,19
11,1,2,3,4,5,8,9,13,14
12,1,2,3,4,5,8,9,13,14,18,19
13,2,3,4,7,8,9,13,14,18,19
14,1,2,3,4,5,7,8,9,13,14
15,1,2,3,4,5,7,8,9,12,13,14
16,1,2,3,4,5,7,8,9,12,13,14,18,19
17,3,4,8,9,13,14,18,19
18,2,3,4,7,8,9,13,14,18,19
19,2,3,4,7,8,9,12,13,14
20,1,2,3,4,5,7,8,9,12,13,14,18
21,1,2,3,4,5,7,8,9,12,13,14,18
22,1,2,3,4,5,7,8,9,10,13,14
23,1,2,3,4,5,7,8,9,10,13,14
24,1,2,3,4,5,7,8,9,10,13,14
25,1,2,3,4,5,7,8,9,10,13,14
26,1,2,3,4,5,7,8,9,10,13,14
27,1,2,3,4,5,7,8,9,12,13,14
28,1,2,3,4,5,7,8,9,12,13,14
29,1,2,3,4,5,7,8,9,12,13,14
30,1,2,3,4,5,7,8,9,12,13,14
31,1,2,3,4,5,7,8,9,10,13,14
32,1,2,3,4,5,7,8,9,10,13,14
33,1,2,3,4,5,7,8,9,10,13,14,15
34,1,2,3,4,5,8,9,10,13,14,15
35,1,2,3,4,5,6,8,9,10,14,15
36,1,2,3,4,5,6,8,9,10,14,15
37,1,2,3,4,5,7,8,9,10,13,14,15
38,1,2,3,4,5,7,8,9,10,12,13,14
39,1,2,3,4,5,7,8,9,12,13,14
40,1,2,3,4,5,6,7,8,9,11,12,13
41,1,2,3,4,5,6,7,8,11,12,13
42,1,2,3,4,5,6,7,8,9,12,13,14,18
43,2,3,4,7,8,9,12,13,14,18,19
44,2,3,4,7,8,9,12,13,14,18,19
45,2,3,4,7,8,9,12,13,14,18,19
46,2,3,4,7,8,9,12,13,14,18,19
47,2,3,4,7,8,9,12,13,14,18,19
48,3,4,8,9,13,14,18,19
49,4,8,9,13,14,15,18,19,20,23,24
50,8,9,10,13,14,15,18,19,20,23,24,25
51,9,10,13,14,15,18,19,20,23,24,25
52,9,13,14,15,18,19,20,21,22,23,24,25
53,12,13,14,17,18,19,20,21,22,23,24,25
54,11,12,13,16,17,18,19,21,22,23,24,25
55,7,11,12,13,16,17,18,21,22,23
56,7,11,12,13,16,17,18,21,22,23
57,6,7,11,12,16,17,18,21,22,23
58,6,7,11,12,16,17,21,22
59,6,7,11,12,15,16,17,20,21,22,25
60,6,10,11,12,15,16,17,20,21,22,25
