1,11,12,13,21,22,23,24,25,30,31,32,33,34,35,40,41,42,43,44,45,50,51,52,53,54,55,60,61,62,63,64,65,70,71,72,73,74,75,80,84
2,11,12,20,21,22,29,30,31,32,39,40,41,42,49,50,51,52,60,61,62,70,71,72,80
3,11,12,20,21,22,30,31,32,40,41,42,49,50,51,52,59,60,61,62,69,70,71,72,79,80,81,82,89,90,91,100
4,31,39,40,41,42,48,49,50,51,52,58,59,60,61,62,67,68,69,70,71,72,77,78,79,80,81,82,87,88,89,90,91,97,98,99,100
5,39,48,49,50,51,57,58,59,60,61,67,68,69,70,71,77,78,79,80,81,87,88,89,90,91,92,93,94,95,96,97,98,99,100
6,49,50,51,58,59,60,61,68,69,70,71,72,78,79,80,81,82,87,88,89,90,91,92,93,94,95,96,97,98,99,100
7,49,50,51,58,59,60,61,68,69,70,71,78,79,80,81,82,87,88,89,90,91,92,93,94,95,96,97,98,99,100
8,49,50,51,58,59,60,61,68,69,70,71,78,79,80,81,82,87,88,89,90,91,92,93,94,95,96,97,98,99,100
9,49,50,51,58,59,60,61,68,69,70,71,72,78,79,80,81,82,87,88,89,90,91,92,93,94,95,96,97,98,99,100
10,49,50,51,58,59,60,61,68,69,70,71,72,78,79,80,81,82,87,88,89,90,91,92,93,94,95,96,97,98,99,100
11,49,50,51,58,59,60,61,68,69,70,71,72,78,79,80,81,82,87,88,89,90,91,92,93,94,95,96,97,98,99,100
12,49,50,51,58,59,60,61,62,68,69,70,71,72,78,79,80,81,82,87,88,89,90,91,92,93,94,95,96,97,98,99,100
13,49,50,51,58,59,60,61,62,67,68,69,70,71,72,77,78,79,80,81,82,87,88,89,90,91,92,93,94,95,96,97,98,99,100
14,37,38,39,46,47,48,49,50,55,56,57,58,59,60,61,65,66,67,68,69,70,71,75,76,77,78,79,80,81,85,86,87,88,89,90,91,96,97,98,99,100
15,16,17,25,26,27,28,35,36,37,38,45,46,47,48,55,56,57,58,65,66,67,68,75,76,77,78,85,86,87,88,96,97,98
16,5,6,7,8,14,15,16,17,18,24,25,26,27,28,34,35,36,37,38,44,45,46,47,48,55,56,57,58,65,66,67,76,77
17,5,6,7,8,14,15,16,17,18,24,25,26,27,28,34,35,36,37,38,44,45,46,47,48,55,56,57,58,66,67,68,76,77
18,16,17,18,25,26,27,28,35,36,37,38,45,46,47,48,55,56,57,58,66,67,68,76,77
19,6,7,15,16,17,18,25,26,27,28,35,36,37,38,45,46,47,48,55,56,57,58,66,67,68,76,77
20,5,6,7,8,15,16,17,18,25,26,27,28,35,36,37,38,45,46,47,48,55,56,57,66,67
21,5,6,7,8,14,15,16,17,18,25,26,27,28,35,36,37,38,45,46,47,48,55,56,57,66,67
22,5,6,7,8,15,16,17,18,25,26,27,28,35,36,37,38,45,46,47,48,55,56,57,58,66,67
23,7,15,16,17,18,25,26,27,28,35,36,37,38,45,46,47,48,55,56,57,58,66,67,68,76,77
24,1,2,3,4,5,6,7,8,9,10,14,15,16,17,18,19,25,26,27,28,29,35,36,37,38,45,46,47,48,55,56,57,58,66,67,68,77
25,1,2,3,4,5,6,7,8,9,10,13,14,15,16,17,18,19,20,24,25,26,27,28,29,35,36,37,38,45,46,47,48,56,57
26,1,2,3,4,5,6,7,8,9,10,13,14,15,16,17,18,19,20,24,25,26,27,28,29,35,36,37,38,45,46,47,48,56,57
27,1,2,3,4,5,6,7,8,9,10,14,15,16,17,18,19,24,25,26,27,28,29,35,36,37,38,45,46,47,48,55,56,57,58,65,66,67,68,75,76,77,78,86,87,88
28,27,36,37,38,45,46,47,48,55,56,57,58,65,66,67,68,69,75,76,77,78,79,84,85,86,87,88,89,90,91,92,93,94,95,96,97,98,99,100
29,47,56,57,58,65,66,67,68,69,75,76,77,78,79,81,83,84,85,86,87,88,89,90,91,92,93,94,95,96,97,98,99,100
30,56,57,58,65,66,67,68,69,75,76,77,78,79,80,81,83,84,85,86,87,88,89,90,91,92,93,94,95,96,97,98,99,100
31,46,55,56,57,58,64,65,66,67,68,69,74,75,76,77,78,79,80,81,82,83,84,85,86,87,88,89,90,91,92,93,94,95,96,97,98,99,100
32,46,54,55,56,57,64,65,66,67,68,73,74,75,76,77,78,82,83,84,85,86,87,88,89,91,92,93,94,95,96,97,98,99,100
33,46,54,55,56,57,64,65,66,67,68,74,75,76,77,78,83,84,85,86,87,88,89,91,92,93,94,95,96,97,98,99,100
34,46,55,56,57,64,65,66,67,68,74,75,76,77,78,83,84,85,86,87,88,89,91,92,93,94,95,96,97,98,99,100
35,46,47,55,56,57,58,64,65,66,67,68,74,75,76,77,78,79,83,84,85,86,87,88,89,91,92,93,94,95,96,97,98,99,100
36,46,47,55,56,57,58,64,65,66,67,68,74,75,76,77,78,79,83,84,85,86,87,88,89,91,92,93,94,95,96,97,98,99,100
37,46,47,55,56,57,58,64,65,66,67,68,74,75,76,77,78,79,83,84,85,86,87,88,89,90,91,92,93,94,95,96,97,98,99,100
38,46,47,55,56,57,58,64,65,66,67,68,73,74,75,76,77,78,79,82,83,84,85,86,87,88,89,90,91,92,93,94,95,96,97,98,99,100
39,45,53,54,55,56,57,63,64,65,66,67,68,72,73,74,75,76,77,78,81,82,83,84,85,86,87,88,89,90,91,92,93,94,95,96,97,98,99,100
40,44,45,52,53,54,55,56,62,63,64,65,66,67,72,73,74,75,76,77,81,82,83,84,85,86,87,88,91,92,93,94,95,96,97,98,99,100
41,43,44,45,52,53,54,55,62,63,64,65,66,71,72,73,74,75,76,81,82,83,84,85,86,91,92,93,94,95,96,97,98,99,100
42,43,44,52,53,54,55,61,62,63,64,65,71,72,73,74,75,81,82,83,84,85,91,92,93,94,95,96,97,98,99,100
43,33,42,43,44,51,52,53,54,55,61,62,63,64,65,71,72,73,74,75,81,82,83,84,85,91,92,93,94,95
44,33,42,43,44,45,52,53,54,55,56,61,62,63,64,65,66,71,72,73,74,75,76,81,82,83,84,85,86,87,91,92,93,94,95,96,97,98,99,100
45,44,45,46,53,54,55,56,57,63,64,65,66,67,73,74,75,76,77,78,82,83,84,85,86,87,88,89,91,92,93,94,95,96,97,98,99,100
46,25,26,34,35,36,37,44,45,46,47,54,55,56,57,64,65,66,67,68,73,74,75,76,77,78,82,83,84,85,86,87,88,89,91,92,93,94,95,96,97,98,99,100
47,1,2,3,4,5,6,7,8,9,10,11,12,13,14,15,16,17,18,19,20,23,24,25,26,27,28,29,34,35,36,37,38,44,45,46,47,54,55,56,57,64,65,66,67,74,75,76,77,85,86
48,1,2,3,4,5,6,7,8,9,10,11,12,13,14,15,16,17,18,19,20,23,24,25,26,27,28,29,34,35,36,37,38,45,46,47
49,1,2,3,4,5,6,7,8,9,10,11,12,13,14,15,16,17,18,19,20,24,25,26,27,28,29,30,34,35,36,37,38,39,46,47,48
50,1,2,3,4,5,6,7,8,9,10,11,12,13,14,15,16,17,18,19,20,24,25,26,27,28,29,30,35,36,37,38,39,40,46,47,48
51,1,2,3,4,5,6,7,8,9,10,11,12,13,14,15,16,17,18,19,20,25,26,27,28,29,30,36,37,38,39,40,47,48
52,1,2,3,4,5,6,7,8,9,10,11,12,13,14,15,16,17,18,19,20,24,25,26,27,28,29,30,35,36,37,38,39,46,47,48
53,1,2,3,4,5,6,7,8,9,10,11,12,13,14,15,16,17,18,19,20,23,24,25,26,27,28,29,34,35,36,37,38,39,45,46,47,48
54,1,2,3,4,5,6,7,8,9,10,11,12,13,14,15,16,17,18,19,20,22,23,24,25,26,27,28,33,34,35,36,37,38,43,44,45,46,47,54,55
55,1,2,3,4,5,6,7,8,9,10,12,13,14,15,16,17,22,23,24,25,26,27,32,33,34,35,36,42,43,44,45,46,52,53,54,55,63,64
56,2,3,4,5,11,12,13,14,15,21,22,23,24,25,31,32,33,34,35,42,43,44,45,52,53,54,63,64
57,2,3,4,5,11,12,13,14,15,21,22,23,24,25,31,32,33,34,35,42,43,44,45,52,53,54,63
58,2,3,4,5,11,12,13,14,15,21,22,23,24,25,31,32,33,34,35,42,43,44,45,52,53,54,63,64
59,2,3,4,5,12,13,14,15,22,23,24,25,32,33,34,35,42,43,44,45,52,53,54,55,63,64
60,3,4,5,12,13,14,15,22,23,24,25,32,33,34,35,42,43,44,45,52,53,54,55,63,64
