1,7,8,9,12,13,14,17,18,19,23,24
2,8,9,12,13,14,17,18,19,22,23,24
3,7,8,12,13,16,17,18,19,21,22,23,24,25
4,12,13,16,17,18,19,21,22,23,24,25
5,8,12,13,14,17,18,19,21,22,23,24,25
6,8,13,14,17,18,19,21,22,23,24,25
7,8,12,13,14,17,18,19,21,22,23,24,25
8,3,4,5,8,9,10,13,14,15,17,18,19,20,22,23,24
9,3,4,5,8,9,10,13,14,15,18,19
10,3,4,8,9,10,13,14,15,18,19
11,3,4,8,9,10,13,14,15,18,19,20,24,25
12,9,10,14,15,18,19,20,23,24,25
13,9,10,14,15,16,18,19,20,21,22,23,24,25
14,14,15,16,18,19,20,21,22,23,24,25
15,14,15,18,19,20,21,22,23,24,25
16,9,13,14,15,18,19,20,21,22,23,24,25
17,8,9,13,14,15,18,19,20,23,24,25
18,8,9,13,14,18,19,23,24
19,3,4,8,9,13,14,18,19,23,24
20,3,4,8,9,13,14,18,19
21,3,4,8,9,13,14,18,19
22,3,4,8,9,13,14,18,19
23,3,4,8,9,13,14,18,19
24,3,4,8,9,13,14,18,19
25,3,4,8,9,13,14,18,19
26,3,4,8,9,13,14,18,19
27,3,4,8,9,13,14,18,19,23,24
28,8,9,13,14,18,19,23,24,25
29,13,14,18,19,20,23,24,25
30,13,14,18,19,20,21,22,23,24,25
31,13,14,18,19,20,23,24,25
32,8,13,14,17,18,19,20,22,23,24,25
33,8,12,13,14,17,18,19,22,23,24
34,12,13,14,17,18,19,21,22,23,24,25
35,13,14,17,18,19,21,22,23,24,25
36,13,14,17,18,19,20,21,22,23,24,25
37,13,14,15,18,19,20,21,22,23,24,25
38,9,13,14,15,18,19,20,23,24,25
39,9,10,13,14,15,18,19,20,23,24,25
40,9,10,14,15,19,20,24,25
41,9,10,14,15,19,20,24,25
42,9,10,13,14,15,18,19,20,21,22,23,24,25
43,13,14,15,17,18,19,20,21,22,23,24,25
44,13,14,17,18,19,20,21,22,23,24,25
45,12,13,14,16,17,18,19,21,22,23,24,25
46,7,11,12,13,16,17,18,19,21,22,23,24,25
47,7,11,12,13,16,17,18,19,21,22,23,24,25
48,8,12,13,16,17,18,19,21,22,23,24,25
49,7,8,11,12,13,16,17,18,21,22,23
50,7,11,12,13,16,17,18,21,22,23
51,7,8,11,12,13,16,17,18,21,22,23
52,7,8,12,13,14,17,18,19,22,23,24
53,8,9,12,13,14,17,18,19,22,23,24
54,4,8,9,13,14,18,19,23,24
55,3,4,8,9,13,14,18,19
56,3,4,8,9,12,13,14,18,19
57,7,8,9,12,13,14,17,18,19,22,23
58,7,8,12,13,17,18,22,23
59,7,8,12,13,17,18,22,23
60,6,7,8,11,12,13,16,17,18,22,23
