1,25,26,27,34,35,36,37,44,45,46,47,54,55,56,57,64,65,66,67,74,75,76,77,85,86,87
2,26,27,35,36,37,38,45,46,47,48,49,55,56,57,58,59,65,66,67,68,69,74,75,76,77,78,79,84,85,86,87,88,89,91,92,93,94,95,96,97,98,99,100
3,18,19,27,28,29,36,37,38,39,46,47,48,49,56,57,58,59,60,66,67,68,69,70,76,77,78,79,80,86,87,88,89,90,96,97,98,99,100
4,17,18,19,26,27,28,29,36,37,38,39,46,47,48,49,56,57,58,59,67,68,69,77,78,79
5,18,27,28,29,36,37,38,39,46,47,48,49,56,57,58,59,67,68,69,77,78,79
6,18,27,28,29,36,37,38,39,46,47,48,49,56,57,58,59,67,68,69,77,78,79
7,17,18,26,27,28,29,35,36,37,38,39,45,46,47,48,49,55,56,57,58,59,65,66,67,68,69,76,77,78
8,26,27,35,36,37,38,45,46,47,48,55,56,57,58,65,66,67,68,75,76,77,85,86,87
9,17,18,25,26,27,28,29,35,36,37,38,39,45,46,47,48,49,55,56,57,58,59,65,66,67,68,69,75,76,77,78,85,86,87
10,18,19,27,28,29,36,37,38,39,46,47,48,49,56,57,58,59,67,68,69,77,78,79
11,18,19,27,28,29,36,37,38,39,46,47,48,49,56,57,58,59,67,68,69,77,78,79
12,18,19,27,28,29,36,37,38,39,46,47,48,49,56,57,58,59,67,68,69,77,78,79
13,18,19,27,28,29,30,37,38,39,40,46,47,48,49,50,57,58,59,60,67,68,69,70,77,78,79
14,18,19,20,27,28,29,30,37,38,39,40,47,48,49,50,57,58,59,60,67,68,69,70,78,79
15,18,19,20,21,28,29,30,31,37,38,39,40,41,47,48,49,50,51,58,59,60,61,68,69,70,79,80
16,19,20,21,22,29,30,31,32,39,40,41,42,49,50,51,52,59,60,61,62,69,70,71,72,79,80
17,11,21,22,30,31,32,39,40,41,42,43,49,50,51,52,53,59,60,61,62,69,70,71,72,80
18,21,22,30,31,32,40,41,42,43,50,51,52,53,60,61,62,70,71,72,80,81
19,11,21,22,30,31,32,40,41,42,50,51,52,60,61,62,70,71,72,80
20,11,12,21,22,30,31,32,39,40,41,42,43,49,50,51,52,53,59,60,61,62,69,70,71,72,79,80,81,90
21,19,20,21,29,30,31,32,39,40,41,42,49,50,51,52,59,60,61,62,69,70,71,79,80,81,90
22,11,18,19,20,21,27,28,29,30,31,32,37,38,39,40,41,42,47,48,49,50,51,52,57,58,59,60,61,68,69,70,71,78,79,80
23,17,18,19,20,27,28,29,30,36,37,38,39,40,46,47,48,49,50,56,57,58,59,60,67,68,69,70,77,78,79
24,16,17,18,19,26,27,28,29,35,36,37,38,39,45,46,47,48,49,55,56,57,58,59,66,67,68,69,76,77,78
25,16,17,18,25,26,27,28,35,36,37,38,45,46,47,48,55,56,57,58,65,66,67,68,76,77
26,15,16,17,23,24,25,26,27,33,34,35,36,37,43,44,45,46,47,53,54,55,56,57,63,64,65,66,67,74,75,76,77
27,14,15,23,24,25,26,32,33,34,35,36,42,43,44,45,46,52,53,54,55,56,62,63,64,65,66,73,74,75
28,13,14,22,23,24,25,32,33,34,35,42,43,44,45,52,53,54,55,62,63,64,65,72,73,74
29,13,14,15,16,22,23,24,25,26,27,32,33,34,35,36,37,42,43,44,45,46,47,52,53,54,55,56,57,62,63,64,65,66,67,72,73,74,75,76
30,15,16,17,18,24,25,26,27,28,34,35,36,37,38,44,45,46,47,48,54,55,56,57,58,64,65,66,67,68,75,76,77,78
31,17,18,19,26,27,28,29,36,37,38,39,46,47,48,49,56,57,58,59,66,67,68,69,77,78
32,17,18,19,26,27,28,29,30,36,37,38,39,40,46,47,48,49,50,56,57,58,59,60,67,68,69,70,77,78,79
33,18,19,20,27,28,29,30,37,38,39,40,47,48,49,50,57,58,59,60,67,68,69,70,78,79
34,18,19,27,28,29,30,37,38,39,40,47,48,49,50,57,58,59,60,67,68,69,70,78,79
35,19,28,29,30,37,38,39,40,47,48,49,50,57,58,59,60,67,68,69,70,78,79,80,89
36,19,27,28,29,30,37,38,39,40,47,48,49,50,57,58,59,60,67,68,69,70,77,78,79,80,89
37,8,17,18,19,26,27,28,29,36,37,38,39,40,46,47,48,49,50,57,58,59,60,67,68,69,77,78,79
38,7,8,9,10,16,17,18,19,20,26,27,28,29,30,35,36,37,38,39,40,45,46,47,48,49,56,57,58,59,66,67,68,69,76,77
39,16,17,18,19,20,26,27,28,29,30,35,36,37,38,39,40,45,46,47,48,49,50,55,56,57,58,59,60,66,67,68,69,70,76,77,78,79
40,18,19,20,27,28,29,30,37,38,39,40,47,48,49,50,57,58,59,60,67,68,69,70,77,78,79
41,18,19,27,28,29,37,38,39,47,48,49,50,57,58,59,60,67,68,69,77,78,79
42,18,19,27,28,29,37,38,39,47,48,49,57,58,59,67,68,69,77,78,79
43,18,19,27,28,29,37,38,39,46,47,48,49,57,58,59,67,68,69,77,78,79
44,18,19,20,21,27,28,29,30,31,37,38,39,40,41,42,47,48,49,50,51,52,57,58,59,60,61,67,68,69,70,71,77,78,79,80
45,20,21,29,30,31,32,39,40,41,42,49,50,51,52,59,60,61,62,69,70,71,79,80
46,19,20,21,28,29,30,31,38,39,40,41,48,49,50,51,58,59,60,61,68,69,70,71,78,79,80
47,18,19,27,28,29,30,37,38,39,40,47,48,49,50,57,58,59,60,67,68,69,70,77,78,79,80
48,18,19,27,28,29,37,38,39,40,47,48,49,50,57,58,59,60,67,68,69,77,78,79
49,18,19,27,28,29,37,38,39,40,47,48,49,50,57,58,59,60,67,68,69,77,78,79
50,18,19,27,28,29,37,38,39,47,48,49,57,58,59,67,68,69,77,78,79
51,18,19,27,28,29,36,37,38,39,46,47,48,49,56,57,58,59,67,68,69,77,78,79
52,17,18,19,26,27,28,29,36,37,38,39,46,47,48,49,56,57,58,59,66,67,68,69,77,78,79
53,17,18,19,26,27,28,29,36,37,38,39,46,47,48,49,56,57,58,59,66,67,68,69,77,78,79
54,18,19,27,28,29,37,38,39,40,47,48,49,50,57,58,59,60,67,68,69,77,78,79
55,18,19,27,28,29,30,37,38,39,40,47,48,49,50,57,58,59,60,67,68,69,70,78,79
56,18,19,27,28,29,30,37,38,39,40,47,48,49,50,57,58,59,60,67,68,69,70,78,79
57,18,19,27,28,29,30,37,38,39,40,47,48,49,50,57,58,59,60,67,68,69,70,78,79
58,19,20,28,29,30,37,38,39,40,47,48,49,50,57,58,59,60,68,69,70,78,79,80
59,18,19,20,27,28,29,30,37,38,39,40,47,48,49,50,57,58,59,60,67,68,69,70,78,79,80
60,18,19,27,28,29,30,37,38,39,40,47,48,49,50,57,58,59,60,67,68,69,70,78,79
