1,3,7,8,9,12,13,14,17,18,19,23
2,8,9,12,13,14,17,18,19,22,23,24
3,7,8,11,12,13,14,16,17,18,19,21,22,23,24
4,6,7,11,12,13,16,17,18,21,22,23
5,6,7,11,12,13,16,17,18,21,22,23,24,25
6,7,8,9,12,13,14,15,17,18,19,20,22,23,24,25
7,8,9,10,13,14,15,18,19,20,24
8,8,9,10,13,14,15,18,19,20,24,25
9,9,10,13,14,15,18,19,20,24,25
10,9,10,14,15,19,20,24
11,4,9,10,13,14,15,19,20
12,9,10,13,14,15,19,20
13,9,10,13,14,15,19,20
14,9,10,13,14,15,19,20
15,9,10,13,14,15,19,20
16,4,8,9,10,13,14,15,18,19,20
17,4,8,9,10,13,14,15,18,19,20,23,24
18,8,9,12,13,14,17,18,19,23,24
19,8,9,12,13,14,17,18,19,23,24
20,8,9,10,13,14,15,18,19,20,23,24,25
21,9,10,11,14,15,16,19,20,21,24,25
22,10,11,14,15,16,19,20,21,25
23,6,9,10,11,14,15,16,19,20,21,24,25
24,4,8,9,10,13,14,15,18,19,20,24,25
25,4,8,9,10,13,14,15,18,19,20
26,4,8,9,10,13,14,15,18,19,20
27,4,8,9,10,13,14,15,18,19,20
28,4,8,9,10,13,14,15,18,19,20
29,4,8,9,10,13,14,15,18,19,20
30,4,8,9,10,13,14,15,18,19,20
31,4,5,8,9,10,13,14,15,19,20
32,4,5,9,10,14,15,19,20
33,4,5,9,10,14,15,19,20
34,4,5,9,10,14,15,19,20
35,4,5,9,10,14,15,19,20
36,4,5,9,10,14,15,19,20
37,4,5,9,10,14,15,19,20
38,4,5,9,10,14,15,19,20
39,4,5,9,10,14,15,19,20
40,4,5,9,10,14,15,19,20
41,4,5,9,10,14,15,19,20
42,4,5,9,10,14,15,19,20
43,4,5,9,10,14,15,19,20
44,4,5,9,10,14,15,19,20
45,4,5,7,8,9,10,12,13,14,15,17,18,19,20,23
46,7,8,9,11,12,13,14,16,17,18,19,22,23
47,7,8,11,12,13,16,17,18,22,23
48,7,8,11,12,13,14,16,17,18,19,22,23
49,7,8,9,12,13,14,17,18,19,22,23,24
50,8,9,10,13,14,15,18,19,20,23,24
51,4,8,9,10,13,14,15,19,20
52,4,5,8,9,10,13,14,15,19,20
53,4,5,9,10,14,15,19,20
54,4,5,8,9,10,13,14,15,19,20
55,4,5,8,9,10,13,14,15,19,20
56,4,5,8,9,10,13,14,15,19,20
57,4,5,8,9,10,13,14,15,19,20
58,4,5,8,9,10,13,14,15,19,20
59,4,5,8,9,10,13,14,15,19,20
60,4,5,8,9,10,13,14,15,19,20
