1,7,8,9,12,13,14,17,18,19,23,24
2,4,8,9,10,13,14,15,18,19,20,23,24
3,4,7,8,9,10,12,13,14,15,17,18,19,20,22,23
4,6,7,8,11,12,13,16,17,18,21,22,23
5,7,8,9,11,12,13,14,16,17,18,19,21,22,23,24,25
6,8,9,10,13,14,15,18,19,20,23,24
7,4,5,9,10,14,15,19,20
8,4,9,10,14,15,19,20
9,4,5,9,10,14,15,19,20
10,4,5,9,10,14,15,19,20
11,4,5,6,9,10,11,14,15,16,19,20
12,4,5,6,9,10,11,14,15,16,19,20
13,4,5,8,9,10,13,14,15,18,19,20
14,4,8,9,13,14,18,19
15,4,8,9,10,13,14,15,18,19,20
16,4,5,6,8,9,10,11,13,14,15,19,20
17,1,5,6,9,10,11,14,15,16,19,20
18,1,5,6,7,10,11,12,15,16,17,20,21,22,25
19,6,7,10,11,12,15,16,17,20,21,22,25
20,6,7,10,11,12,15,16,17,20,21,25
21,6,7,10,11,12,15,16,17,20,21,22
22,1,6,7,10,11,12,15,16,17,20,21,22
23,6,9,10,11,13,14,15,16,18,19,20,21,24,25
24,8,9,10,13,14,15,17,18,19,20,23,24,25
25,8,9,12,13,14,17,18,19,23,24
26,4,8,9,10,13,14,15,18,19,20
27,4,8,9,10,13,14,15,18,19,20
28,4,8,9,10,13,14,15,18,19,20
29,4,8,9,10,13,14,15,18,19,20
30,4,8,9,10,13,14,15,18,19,20
31,4,8,9,10,13,14,15,18,19,20
32,4,5,8,9,10,13,14,15,18,19,20
33,4,5,9,10,14,15,19,20
34,4,5,9,10,14,15,19,20
35,4,5,9,10,14,15,19,20
36,4,5,9,10,14,15,19,20
37,4,5,9,10,14,15,19,20
38,4,5,9,10,14,15,19,20
39,4,5,9,10,14,15,19,20
40,4,5,9,10,14,15,19,20
41,4,5,9,10,14,15,19,20
42,4,5,9,10,14,15,19,20
43,4,5,9,10,14,15,19,20
44,4,5,9,10,14,15,19,20
45,4,5,9,10,14,15,19,20
46,4,5,9,10,14,15,19,20
47,4,5,9,10,14,15,19,20
48,4,5,8,9,10,13,14,15,18,19,20
49,4,8,9,10,13,14,15,18,19,20
50,4,8,9,10,13,14,15,18,19,20
51,4,8,9,10,13,14,15,18,19,20
52,4,8,9,10,13,14,15,18,19,20
53,4,8,9,10,13,14,15,18,19,20
54,4,8,9,10,13,14,15,19,20
55,4,5,8,9,10,13,14,15,19,20
56,4,5,8,9,10,13,14,15,19,20
57,4,5,8,9,10,13,14,15,19,20
58,4,5,9,10,14,15,19,20
59,4,5,9,10,14,15,19,20
60,4,5,9,10,14,15,19,20
