1,3,7,8,9,12,13,14,17,18,19
2,4,8,9,10,13,14,15,18,19,20
3,4,5,9,10,13,14,15,19,20,24
4,4,5,9,10,14,15,19,20
5,4,8,9,10,13,14,15,18,19,20,24,25
6,9,10,14,15,18,19,20,23,24,25
7,4,5,8,9,10,13,14,15,19,20
8,4,5,8,9,10,13,14,15,19,20
9,3,4,8,9,10,12,13,14,15,18,19,20
10,3,7,8,9,12,13,14,17,18,19
11,2,6,7,8,11,12,13,16,17,18
12,1,6,7,10,11,12,15,16,17,20,21
13,1,5,6,9,10,11,12,14,15,16,20,21
14,5,6,9,10,11,14,15,16,19,20
15,5,9,10,14,15,19,20
16,1,5,6,9,10,11,14,15,16,19,20
17,1,5,6,10,11,15,16,20
18,1,6,7,10,11,12,15,16,17,20,21
19,1,5,6,7,10,11,12,15,16,17,20,21
20,1,5,6,10,11,15,16,20
21,5,6,9,10,11,14,15,16,19,20,25
22,4,5,9,10,14,15,19,20
23,4,5,6,9,10,11,14,15,19,20
24,1,4,5,6,9,10,11,14,15,16,19,20
25,1,4,5,6,9,10,11,14,15,16,20
26,1,5,6,9,10,11,14,15,16,20
27,1,2,3,4,5,6,7,8,10,11,12,15,16,20
28,1,2,3,4,5,6,7,8,9,11,12,13,17,18
29,3,7,8,9,12,13,14,17,18,19,23
30,3,4,8,9,13,14,18,19
31,4,8,9,10,13,14,15,18,19
32,4,8,9,10,13,14,15,18,19,20
33,4,8,9,10,13,14,15,18,19,20
34,4,8,9,10,13,14,15,18,19,20
35,4,8,9,10,13,14,15,18,19,20
36,3,4,7,8,9,12,13,14,17,18,19
37,3,7,8,9,12,13,14,17,18,19,22,23
38,7,8,9,12,13,14,17,18,19,22,23,24
39,9,13,14,15,18,19,20,21,22,23,24,25
40,8,9,10,13,14,15,18,19,20,21,22,23,24,25
41,9,10,13,14,15,18,19,20,24,25
42,4,5,9,10,13,14,15,18,19,20,24,25
43,4,5,9,10,14,15,19,20
44,4,9,10,13,14,15,19,20
45,4,9,10,13,14,15,19,20
46,4,9,10,13,14,15,19,20
47,4,9,10,13,14,15,19,20
48,4,9,10,13,14,15,19,20
49,4,9,10,13,14,15,19,20
50,4,5,9,10,13,14,15,19,20
51,4,5,6,9,10,11,14,15,16,19,20
52,5,6,9,10,11,14,15,16,19,20
53,5,6,9,10,11,14,15,16,19,20
54,5,9,10,14,15,19,20
55,5,9,10,14,15,19,20
56,4,5,9,10,14,15,19,20
57,4,5,8,9,10,13,14,15,18,19,20
58,3,4,8,9,13,14,18,19
59,3,4,8,9,10,13,14,15,18,19
60,4,5,8,9,10,13,14,15,18,19,20
