1,25,26,34,35,36,37,44,45,46,47,54,55,56,57,64,65,66,67,74,75,76,77,85,86
2,25,26,34,35,36,37,44,45,46,47,54,55,56,57,64,65,66,67,74,75,76,77,85,86
3,25,26,27,34,35,36,37,44,45,46,47,54,55,56,57,64,65,66,67,74,75,76,77,85,86,87
4,26,35,36,37,38,45,46,47,48,55,56,57,58,65,66,67,68,75,76,77,78,85,86,87,88
5,27,28,36,37,38,45,46,47,48,49,55,56,57,58,59,65,66,67,68,69,75,76,77,78,86,87,88
6,27,28,36,37,38,39,46,47,48,49,56,57,58,59,66,67,68,69,76,77,78,79,86,87,88
7,27,28,29,36,37,38,39,46,47,48,49,56,57,58,59,66,67,68,69,76,77,78,79,87,88
8,27,28,29,36,37,38,39,46,47,48,49,56,57,58,59,66,67,68,69,77,78,79,87,88
9,25,26,27,28,33,34,35,36,37,38,39,43,44,45,46,47,48,49,53,54,55,56,57,58,59,63,64,65,66,67,68,69,73,74,75,76,77,78,84,85,86,87
10,23,24,25,32,33,34,35,42,43,44,45,46,51,52,53,54,55,56,61,62,63,64,65,66,71,72,73,74,75,76,82,83,84,85
11,23,24,32,33,34,41,42,43,44,45,51,52,53,54,55,61,62,63,64,65,71,72,73,74,75,81,82,83,84,92,93,94
12,23,24,25,26,32,33,34,35,36,42,43,44,45,46,52,53,54,55,56,62,63,64,65,66,72,73,74,75,76,83,84,85
13,25,26,27,28,34,35,36,37,38,39,44,45,46,47,48,49,54,55,56,57,58,59,64,65,66,67,68,69,74,75,76,77,78,85,86
14,17,18,26,27,28,36,37,38,39,46,47,48,49,56,57,58,59,66,67,68,69,76,77,78
15,18,26,27,28,36,37,38,39,46,47,48,49,56,57,58,59,66,67,68,69,76,77,78
16,26,27,28,36,37,38,39,46,47,48,49,56,57,58,59,66,67,68,69,76,77,78
17,18,26,27,28,29,36,37,38,39,46,47,48,49,56,57,58,59,66,67,68,69,76,77,78,79
18,18,26,27,28,29,36,37,38,39,46,47,48,49,56,57,58,59,66,67,68,69,77,78,79
19,17,18,26,27,28,29,36,37,38,39,46,47,48,49,56,57,58,59,66,67,68,69,77,78
20,18,19,27,28,29,36,37,38,39,40,46,47,48,49,50,56,57,58,59,60,66,67,68,69,70,77,78,79
21,18,19,27,28,29,37,38,39,40,46,47,48,49,50,56,57,58,59,60,67,68,69,77,78,79
22,18,27,28,29,36,37,38,39,46,47,48,49,56,57,58,59,66,67,68,69,77,78,79
23,17,18,26,27,28,29,36,37,38,39,46,47,48,49,56,57,58,59,66,67,68,69,77,78,79
24,17,18,26,27,28,29,36,37,38,39,46,47,48,49,56,57,58,59,66,67,68,69,76,77,78
25,17,18,26,27,28,29,36,37,38,39,46,47,48,49,56,57,58,59,66,67,68,69,77,78
26,17,18,26,27,28,29,36,37,38,39,46,47,48,49,56,57,58,59,66,67,68,69,76,77,78
27,26,27,28,36,37,38,39,46,47,48,49,56,57,58,59,66,67,68,69,76,77,78,79,87,88
28,17,18,26,27,28,36,37,38,39,46,47,48,49,56,57,58,59,66,67,68,69,76,77,78
29,17,18,26,27,28,29,36,37,38,39,46,47,48,49,56,57,58,59,66,67,68,69,77,78
30,17,18,26,27,28,29,36,37,38,39,46,47,48,49,56,57,58,59,66,67,68,69,77,78
31,18,26,27,28,29,36,37,38,39,46,47,48,49,56,57,58,59,66,67,68,69,77,78,79
32,27,28,29,37,38,39,40,46,47,48,49,50,56,57,58,59,60,67,68,69,70,77,78,79,80,88,89
33,28,29,37,38,39,46,47,48,49,50,56,57,58,59,60,67,68,69,70,77,78,79,80,87,88,89
34,27,28,29,36,37,38,39,46,47,48,49,56,57,58,59,66,67,68,69,77,78,79,87,88
35,17,18,26,27,28,36,37,38,39,46,47,48,49,56,57,58,59,66,67,68,69,76,77,78,79
36,17,18,26,27,28,29,36,37,38,39,46,47,48,49,56,57,58,59,66,67,68,69,77,78
37,17,18,26,27,28,29,36,37,38,39,46,47,48,49,56,57,58,59,66,67,68,69,77,78
38,18,26,27,28,29,36,37,38,39,46,47,48,49,56,57,58,59,66,67,68,69,77,78
39,18,26,27,28,29,36,37,38,39,46,47,48,49,56,57,58,59,66,67,68,69,77,78
40,18,26,27,28,29,36,37,38,39,46,47,48,49,56,57,58,59,66,67,68,69,77,78
41,18,26,27,28,29,36,37,38,39,46,47,48,49,56,57,58,59,66,67,68,69,77,78
42,18,26,27,28,29,36,37,38,39,46,47,48,49,56,57,58,59,66,67,68,69,77,78
43,18,26,27,28,29,36,37,38,39,46,47,48,49,56,57,58,59,66,67,68,69,77,78
44,18,26,27,28,29,36,37,38,39,46,47,48,49,56,57,58,59,66,67,68,69,77,78
45,18,27,28,29,36,37,38,39,46,47,48,49,56,57,58,59,66,67,68,69,77,78
46,18,27,28,29,36,37,38,39,46,47,48,49,56,57,58,59,67,68,69,77,78
47,18,27,28,29,36,37,38,39,46,47,48,49,56,57,58,59,66,67,68,69,77,78
48,18,27,28,29,36,37,38,39,46,47,48,49,56,57,58,59,67,68,69,77,78,79
49,18,27,28,29,36,37,38,39,46,47,48,49,56,57,58,59,67,68,69,77,78,79
50,18,27,28,29,36,37,38,39,46,47,48,49,56,57,58,59,67,68,69,77,78,79
51,18,27,28,29,36,37,38,39,46,47,48,49,56,57,58,59,67,68,69,77,78,79
52,18,27,28,29,36,37,38,39,46,47,48,49,56,57,58,59,67,68,69,77,78,79
53,18,27,28,29,36,37,38,39,46,47,48,49,56,57,58,59,67,68,69,77,78,79
54,18,19,27,28,29,37,38,39,40,47,48,49,50,57,58,59,60,67,68,69,70,77,78,79
55,18,19,27,28,29,36,37,38,39,40,46,47,48,49,50,56,57,58,59,60,67,68,69,77,78,79
56,17,18,26,27,28,29,36,37,38,39,46,47,48,49,56,57,58,59,66,67,68,69,77,78
57,17,18,26,27,28,29,36,37,38,39,46,47,48,49,56,57,58,59,66,67,68,69,77,78,79
58,18,27,28,29,36,37,38,39,46,47,48,49,56,57,58,59,67,68,69,77,78,79
59,18,27,28,29,37,38,39,46,47,48,49,56,57,58,59,67,68,69,77,78,79
60,18,27,28,29,37,38,39,47,48,49,50,57,58,59,60,67,68,69,77,78,79
