1,16,25,26,27,34,35,36,37,44,45,46,47,54,55,56,57,64,65,66,67,75,76,77,86
2,26,27,35,36,37,45,46,47,54,55,56,57,64,65,66,67,74,75,76,77,84,85,86,87,94,95,96,97
3,24,33,34,35,36,42,43,44,45,46,47,52,53,54,55,56,57,62,63,64,65,66,67,72,73,74,75,76,77,82,83,84,85,86,87,94,95,96,97
4,23,24,32,33,34,41,42,43,44,45,51,52,53,54,55,61,62,63,64,65,71,72,73,74,75,81,82,83,84,85,92,93
5,32,33,34,41,42,43,44,45,51,52,53,54,55,61,62,63,64,65,66,71,72,73,74,75,76,81,82,83,84,85,86,91,92,93,94,95,96,97,98,99,100
6,28,34,35,36,37,38,43,44,45,46,47,48,49,53,54,55,56,57,58,59,63,64,65,66,67,68,69,73,74,75,76,77,78,79,83,84,85,86,87,88,89,93,94,95,96,97,98
7,27,28,36,37,38,39,46,47,48,49,56,57,58,59,66,67,68,69,76,77,78,79,87,88
8,27,28,29,36,37,38,39,46,47,48,49,56,57,58,59,66,67,68,69,77,78,79,87,88,89
9,28,29,37,38,39,46,47,48,49,56,57,58,59,66,67,68,69,76,77,78,79,87,88,89
10,27,28,29,37,38,39,47,48,49,57,58,59,67,68,69,77,78,79,88
11,18,27,28,29,37,38,39,46,47,48,49,56,57,58,59,67,68,69,77,78,79
12,27,28,29,37,38,39,46,47,48,49,56,57,58,59,67,68,69,77,78,79
13,27,28,29,37,38,39,46,47,48,49,56,57,58,59,67,68,69,77,78,79
14,27,28,29,37,38,39,46,47,48,49,56,57,58,59,67,68,69,77,78,79
15,27,28,29,37,38,39,46,47,48,49,56,57,58,59,67,68,69,77,78,79
16,18,26,27,28,29,36,37,38,39,46,47,48,49,56,57,58,59,66,67,68,69,77,78,79
17,17,18,26,27,28,35,36,37,38,39,45,46,47,48,49,55,56,57,58,59,65,66,67,68,69,76,77,78,86,87
18,26,27,28,35,36,37,38,45,46,47,48,54,55,56,57,58,64,65,66,67,68,74,75,76,77,78,85,86,87
19,35,36,37,45,46,47,48,54,55,56,57,58,64,65,66,67,68,74,75,76,77,78,85,86,87
20,29,36,37,38,39,45,46,47,48,49,50,55,56,57,58,59,60,65,66,67,68,69,70,75,76,77,78,79,80,85,86,87,88,89,90
21,29,38,39,40,41,47,48,49,50,51,57,58,59,60,61,67,68,69,70,71,77,78,79,80,81,88,89,90
22,39,40,41,48,49,50,51,58,59,60,61,68,69,70,71,78,79,80,81,89,90,91,99,100
23,29,30,31,38,39,40,41,48,49,50,51,58,59,60,61,68,69,70,71,78,79,80,81,88,89,90,91,99,100
24,18,27,28,29,30,36,37,38,39,40,46,47,48,49,50,56,57,58,59,60,66,67,68,69,70,77,78,79,80,88,89,90
25,18,26,27,28,29,36,37,38,39,46,47,48,49,56,57,58,59,66,67,68,69,77,78
26,18,26,27,28,29,36,37,38,39,46,47,48,49,56,57,58,59,66,67,68,69,77,78
27,18,26,27,28,29,36,37,38,39,46,47,48,49,56,57,58,59,66,67,68,69,77,78
28,17,18,26,27,28,29,36,37,38,39,46,47,48,49,56,57,58,59,66,67,68,69,77,78
29,17,18,26,27,28,29,36,37,38,39,46,47,48,49,56,57,58,59,66,67,68,69,77,78
30,17,18,26,27,28,29,36,37,38,39,46,47,48,49,56,57,58,59,66,67,68,69,77,78
31,17,18,19,26,27,28,29,36,37,38,39,46,47,48,49,56,57,58,59,67,68,69,77,78,79
32,18,19,27,28,29,37,38,39,47,48,49,57,58,59,67,68,69,77,78,79
33,18,19,27,28,29,37,38,39,47,48,49,57,58,59,67,68,69,77,78,79
34,18,19,27,28,29,37,38,39,47,48,49,57,58,59,67,68,69,77,78,79
35,18,19,27,28,29,37,38,39,47,48,49,57,58,59,67,68,69,77,78,79
36,18,19,27,28,29,37,38,39,47,48,49,57,58,59,67,68,69,77,78,79
37,18,19,27,28,29,37,38,39,47,48,49,57,58,59,67,68,69,77,78,79
38,18,19,27,28,29,37,38,39,47,48,49,57,58,59,67,68,69,77,78,79
39,18,19,27,28,29,37,38,39,47,48,49,57,58,59,67,68,69,77,78,79
40,18,19,27,28,29,37,38,39,47,48,49,57,58,59,67,68,69,77,78,79
41,18,19,27,28,29,37,38,39,47,48,49,57,58,59,67,68,69,77,78,79
42,18,19,27,28,29,37,38,39,47,48,49,57,58,59,67,68,69,77,78,79
43,18,19,27,28,29,37,38,39,47,48,49,57,58,59,67,68,69,77,78,79
44,18,19,27,28,29,37,38,39,47,48,49,57,58,59,67,68,69,77,78,79
45,17,18,19,25,26,27,28,29,34,35,36,37,38,39,44,45,46,47,48,49,54,55,56,57,58,59,64,65,66,67,68,69,75,76,77,78,79,85,86
46,24,25,26,33,34,35,36,37,42,43,44,45,46,47,52,53,54,55,56,57,62,63,64,65,66,67,73,74,75,76,83,84,85,86
47,24,33,34,35,42,43,44,45,52,53,54,55,62,63,64,65,72,73,74,75,83,84,85
48,24,25,33,34,35,36,43,44,45,46,52,53,54,55,56,57,62,63,64,65,66,67,73,74,75,76,83,84,85,86
49,25,26,27,34,35,36,37,44,45,46,47,48,54,55,56,57,58,64,65,66,67,68,74,75,76,77,84,85,86,87
50,26,27,28,29,35,36,37,38,39,45,46,47,48,49,55,56,57,58,59,65,66,67,68,69,75,76,77,78,79,86,87,88
51,18,27,28,29,36,37,38,39,46,47,48,49,56,57,58,59,67,68,69,77,78,79
52,18,19,27,28,29,36,37,38,39,40,46,47,48,49,50,56,57,58,59,60,67,68,69,77,78,79
53,18,19,27,28,29,37,38,39,47,48,49,50,57,58,59,67,68,69,77,78,79
54,17,18,19,27,28,29,36,37,38,39,46,47,48,49,56,57,58,59,67,68,69,77,78,79
55,17,18,19,27,28,29,36,37,38,39,46,47,48,49,56,57,58,59,67,68,69,77,78
56,18,19,27,28,29,36,37,38,39,46,47,48,49,56,57,58,59,67,68,69,77,78
57,18,19,27,28,29,36,37,38,39,46,47,48,49,56,57,58,59,67,68,69,77,78
58,18,19,27,28,29,36,37,38,39,46,47,48,49,56,57,58,59,67,68,69,77,78
59,18,19,27,28,29,36,37,38,39,46,47,48,49,56,57,58,59,67,68,69,77,78
60,18,19,27,28,29,36,37,38,39,46,47,48,49,56,57,58,59,67,68,69,77,78
