1,15,16,17,24,25,26,27,34,35,36,37,44,45,46,47,54,55,56,57,64,65,66,67,75,76,77
2,25,26,27,34,35,36,37,44,45,46,47,54,55,56,57,64,65,66,67,74,75,76,77,84,85,86
3,26,35,36,37,44,45,46,47,54,55,56,57,58,64,65,66,67,68,74,75,76,77,78,84,85,86,87,88,95,96,97,98
4,36,37,45,46,47,55,56,57,58,64,65,66,67,68,74,75,76,77,78,84,85,86,87,88,89,92,93,94,95,96,97,98,99,100
5,34,35,36,43,44,45,46,47,53,54,55,56,57,58,63,64,65,66,67,68,73,74,75,76,77,78,83,84,85,86,87,88,93,94,95,96,97,98
6,33,34,35,42,43,44,45,52,53,54,55,62,63,64,65,72,73,74,75,82,83,84,85,93,94,95
7,33,34,42,43,44,52,53,54,55,62,63,64,65,72,73,74,75,82,83,84,85,92,93,94,95
8,23,24,25,32,33,34,35,42,43,44,45,52,53,54,55,62,63,64,65,72,73,74,75,82,83,84,85,92,93,94
9,14,15,16,23,24,25,26,32,33,34,35,36,42,43,44,45,46,52,53,54,55,56,62,63,64,65,66,73,74,75,83,84
10,15,16,24,25,26,27,34,35,36,37,44,45,46,47,54,55,56,57,64,65,66,67,74,75,76,77
11,16,23,24,25,26,27,32,33,34,35,36,37,42,43,44,45,46,47,52,53,54,55,56,57,62,63,64,65,66,67,72,73,74,75,76,77,83,84,85
12,22,23,24,31,32,33,34,35,41,42,43,44,45,51,52,53,54,55,61,62,63,64,65,72,73,74,83,84
13,12,21,22,23,31,32,33,34,41,42,43,44,51,52,53,54,61,62,63,64,71,72,73
14,12,21,22,23,31,32,33,40,41,42,43,50,51,52,53,60,61,62,63,70,71,72,73
15,12,21,22,23,30,31,32,33,40,41,42,43,50,51,52,53,60,61,62,63,70,71,72,80
16,21,22,30,31,32,33,39,40,41,42,43,49,50,51,52,53,59,60,61,62,69,70,71,72,80,81,90
17,21,22,30,31,32,39,40,41,42,49,50,51,52,59,60,61,62,69,70,71,72,80,81,90
18,11,21,22,30,31,32,39,40,41,42,49,50,51,52,59,60,61,62,69,70,71,72,80
19,11,12,21,22,30,31,32,33,40,41,42,43,50,51,52,53,60,61,62,70,71,72,80
20,11,21,22,30,31,32,33,40,41,42,43,49,50,51,52,53,59,60,61,62,63,70,71,72,80
21,11,20,21,22,29,30,31,32,39,40,41,42,49,50,51,52,59,60,61,62,69,70,71,72,79,80
22,21,29,30,31,32,39,40,41,42,48,49,50,51,52,58,59,60,61,68,69,70,71,79,80,89,90
23,19,20,21,29,30,31,38,39,40,41,48,49,50,51,58,59,60,61,69,70,71,79,80
24,11,19,20,21,22,29,30,31,32,38,39,40,41,42,48,49,50,51,52,58,59,60,61,62,69,70,71,79,80
25,11,12,20,21,22,30,31,32,33,39,40,41,42,43,49,50,51,52,53,59,60,61,62,69,70,71,72,80
26,11,12,13,21,22,23,24,30,31,32,33,34,40,41,42,43,44,50,51,52,53,54,60,61,62,63,64,70,71,72,73,74
27,13,14,15,22,23,24,25,32,33,34,35,36,42,43,44,45,46,52,53,54,55,56,62,63,64,65,66,72,73,74,75
28,15,23,24,25,26,33,34,35,36,43,44,45,46,53,54,55,56,63,64,65,66,73,74,75,76
29,15,16,24,25,26,27,34,35,36,37,44,45,46,47,54,55,56,57,64,65,66,67,74,75,76
30,16,25,26,27,34,35,36,37,44,45,46,47,54,55,56,57,65,66,67,75,76,77
31,16,17,18,25,26,27,28,34,35,36,37,38,44,45,46,47,48,54,55,56,57,58,65,66,67,68,75,76,77,78
32,17,18,26,27,28,29,36,37,38,39,46,47,48,49,56,57,58,59,66,67,68,69,76,77,78
33,17,18,19,26,27,28,29,36,37,38,39,46,47,48,49,56,57,58,59,67,68,69,77,78,79
34,17,18,27,28,29,36,37,38,39,46,47,48,49,56,57,58,59,67,68,69,77,78,79
35,17,18,19,26,27,28,29,36,37,38,39,46,47,48,49,56,57,58,59,67,68,69,77,78
36,17,18,19,26,27,28,29,36,37,38,39,46,47,48,49,56,57,58,59,67,68,69,77,78
37,17,18,19,26,27,28,29,36,37,38,39,46,47,48,49,56,57,58,59,67,68,69,77,78
38,17,18,19,26,27,28,29,36,37,38,39,46,47,48,49,56,57,58,59,67,68,69,77,78
39,17,18,19,26,27,28,29,36,37,38,39,46,47,48,49,56,57,58,59,66,67,68,69,77,78
40,17,18,26,27,28,29,36,37,38,39,46,47,48,49,56,57,58,59,66,67,68,69,77,78
41,17,18,19,26,27,28,29,36,37,38,39,46,47,48,49,56,57,58,59,66,67,68,69,77,78
42,17,18,26,27,28,29,36,37,38,39,46,47,48,49,56,57,58,59,67,68,69,77,78
43,17,18,19,26,27,28,29,36,37,38,39,46,47,48,49,56,57,58,59,67,68,69,77,78,79
44,18,19,27,28,29,36,37,38,39,46,47,48,49,56,57,58,59,67,68,69,77,78,79
45,17,18,19,27,28,29,36,37,38,39,46,47,48,49,56,57,58,59,67,68,69,77,78
46,17,18,19,26,27,28,29,36,37,38,39,46,47,48,49,56,57,58,59,67,68,69,77,78
47,17,18,19,26,27,28,29,36,37,38,39,46,47,48,49,56,57,58,59,67,68,69,77,78
48,17,18,19,26,27,28,29,36,37,38,39,46,47,48,49,56,57,58,59,67,68,69,77,78
49,17,18,19,27,28,29,36,37,38,39,46,47,48,49,56,57,58,59,67,68,69,77,78
50,17,18,19,26,27,28,29,36,37,38,39,46,47,48,49,56,57,58,59,67,68,69,77,78
51,16,17,18,25,26,27,28,29,35,36,37,38,39,45,46,47,48,49,55,56,57,58,59,65,66,67,68,69,76,77,78
52,16,17,25,26,27,28,35,36,37,38,45,46,47,48,55,56,57,58,65,66,67,68,75,76,77
53,16,17,25,26,27,28,35,36,37,38,45,46,47,48,55,56,57,58,65,66,67,68,75,76,77
54,16,17,18,25,26,27,28,29,35,36,37,38,39,45,46,47,48,49,55,56,57,58,59,65,66,67,68,76,77,78
55,17,18,26,27,28,29,36,37,38,39,46,47,48,49,56,57,58,59,66,67,68,69,77,78
56,17,18,26,27,28,29,36,37,38,39,46,47,48,49,56,57,58,59,66,67,68,69,77,78
57,17,18,26,27,28,29,36,37,38,39,46,47,48,49,56,57,58,59,66,67,68,77,78
58,17,18,19,26,27,28,29,36,37,38,39,46,47,48,49,56,57,58,59,66,67,68,69,77,78
59,18,19,27,28,29,36,37,38,39,40,46,47,48,49,50,56,57,58,59,60,67,68,69,77,78,79
60,18,19,27,28,29,37,38,39,40,47,48,49,50,57,58,59,60,67,68,69,77,78,79
