1,7,8,9,12,13,14,17,18,19,23
2,7,8,9,12,13,14,17,18,19,22,23,24
3,3,7,8,9,12,13,14,17,18,19
4,3,7,8,9,12,13,14,17,18
5,3,7,8,9,12,13,14,17,18,19
6,3,6,7,8,9,11,12,13,14,16,17,18,22
7,2,3,6,7,8,11,12,13,16,17,18,22
8,2,3,7,8,9,12,13,14,17,18,19
9,3,7,8,9,12,13,14,17,18,19
10,3,7,8,9,12,13,14,17,18,19
11,3,7,8,9,12,13,14,17,18,19
12,3,7,8,9,12,13,14,18,19
13,8,9,13,14,15,18,19
14,3,7,8,9,12,13,14,18,19
15,3,4,7,8,9,12,13,14,17,18,19
16,4,8,9,13,14,15,18,19
17,8,9,10,13,14,15,18,19,20
18,8,9,10,13,14,15,18,19,20,24
19,8,9,10,13,14,15,18,19,20,24,25
20,6,9,10,11,14,15,16,19,20,25
21,6,9,10,11,14,15,16,19,20
22,5,6,9,10,11,14,15,16,19,20,25
23,3,4,5,8,9,10,12,13,14,15,18,19,20,23,24
24,3,7,8,9,12,13,14,17,18,19,23
25,3,7,8,9,12,13,14,17,18,19,23
26,3,4,7,8,9,12,13,14,17,18,19
27,3,7,8,9,12,13,14,17,18,19,23
28,3,7,8,9,12,13,14,17,18,19,23
29,3,7,8,9,12,13,14,17,18,19
30,3,4,7,8,9,12,13,14,17,18,19
31,3,4,7,8,9,12,13,14,17,18
32,3,4,7,8,9,12,13,14,17,18
33,2,3,7,8,9,12,13,14,17,18
34,2,3,6,7,8,11,12,13,16,17,18,21,22
35,6,7,11,12,15,16,17,20,21,22
36,2,3,6,7,8,9,11,12,13,14,16,17,18
37,3,7,8,9,12,13,14,17,18,19
38,2,3,4,7,8,9,12,13,14,17,18,19
39,3,4,7,8,9,12,13,14,17,18,19
40,3,7,8,9,12,13,14,17,18,19
41,3,7,8,9,12,13,14,17,18,19
42,3,7,8,9,12,13,14,17,18,19
43,3,7,8,9,12,13,14,17,18,19
44,3,7,8,9,12,13,14,17,18,19
45,3,7,8,9,12,13,14,17,18,19
46,3,4,7,8,9,12,13,14,17,18,19
47,3,4,7,8,9,12,13,14,17,18,19
48,3,7,8,9,12,13,14,17,18,19
49,3,7,8,9,12,13,14,17,18,19
50,3,7,8,9,12,13,14,17,18,19
51,3,7,8,9,12,13,14,17,18,19
52,3,7,8,9,12,13,14,17,18,19
53,3,4,7,8,9,12,13,14,18,19
54,3,4,7,8,9,12,13,14,18,19
55,3,4,7,8,9,12,13,14,17,18,19
56,2,3,6,7,8,11,12,13,16,17,18,21,22
57,6,7,11,12,15,16,17,20,21,22
58,6,7,11,12,15,16,17,20,21,22
59,6,7,11,12,16,17,21,22
60,6,7,11,12,16,17,21,22
