1,3,7,8,9,12,13,14,17,18,19,21,22,23,24,25
2,2,3,4,7,8,9,12,13,14,17,18,19,21,22,23,24,25
3,2,3,4,7,8,9,12,13,14,17,18
4,2,3,6,7,8,11,12,13,16,17,18
5,2,3,6,7,8,9,11,12,13,14,16,17,18,19
6,3,4,7,8,9,12,13,14,17,18,19
7,3,7,8,9,12,13,14,17,18,19
8,7,8,9,12,13,14,17,18,19,23
9,8,9,10,13,14,15,18,19,20,23,24,25
10,4,5,9,10,14,15,19,20
11,4,5,8,9,10,13,14,15,18,19,20
12,4,8,9,13,14,18,19,23,24
13,8,9,13,14,18,19,23,24
14,7,8,9,12,13,14,17,18,19,23,24
15,3,7,8,9,12,13,14,17,18,19
16,7,8,12,13,17,18,22
17,6,7,8,11,12,13,16,17,18,22
18,6,7,8,11,12,13,16,17,18,22,23
19,7,8,9,12,13,14,17,18,19,22,23
20,7,8,9,12,13,14,17,18,19,23
21,7,8,9,12,13,14,17,18,19,23
22,7,8,9,12,13,14,17,18,19,23
23,7,8,9,12,13,14,17,18,19,23
24,7,8,9,12,13,14,17,18,19,23
25,7,8,9,12,13,14,17,18,19,23
26,2,3,4,7,8,9,12,13,14,17,18,19,23
27,2,3,4,7,8,9,12,13,14,18
28,2,3,4,7,8,9,12,13,14,17,18,19,23
29,7,8,9,12,13,14,17,18,19,23
30,3,7,8,9,12,13,14,17,18,19
31,2,3,4,7,8,9,12,13,14,17,18,19
32,2,3,4,7,8,9,12,13,14,17,18
33,3,7,8,9,12,13,14,17,18
34,3,7,8,9,12,13,14,17,18
35,3,7,8,9,12,13,14,17,18,19
36,3,7,8,9,12,13,14,17,18,19
37,3,7,8,9,12,13,14,17,18,19
38,3,7,8,9,12,13,14,18,19
39,3,7,8,9,12,13,14,17,18,19
40,3,7,8,9,12,13,14,17,18,19
41,3,7,8,9,12,13,14,17,18,19
42,3,7,8,9,12,13,14,17,18,19
43,3,7,8,9,12,13,14,17,18,19,22,23
44,2,3,7,8,12,13,17,18,22,23
45,2,3,7,8,9,12,13,14,17,18
46,3,7,8,9,12,13,14,17,18,19
47,3,4,7,8,9,12,13,14,17,18,19
48,4,8,9,13,14,15,18,19
49,3,4,8,9,13,14,18,19
50,3,4,8,9,13,14,18,19
51,3,7,8,9,12,13,14,17,18,19
52,3,7,8,9,12,13,14,17,18,19
53,7,8,9,12,13,14,17,18,19
54,7,8,9,12,13,14,17,18,19
55,7,8,9,12,13,14,17,18,19
56,7,8,9,12,13,14,17,18,19
57,3,4,7,8,9,12,13,14,17,18,19
58,2,3,4,7,8,9,12,13,14,18
59,2,3,4,7,8,9,12,13,14,17,18,19,22,23,24
60,2,3,7,8,9,12,13,14,17,18,19,22,23
