1,26,27,35,36,37,38,45,46,47,48,55,56,57,58,65,66,67,68,75,76,77,78,85,86,87
2,16,25,26,27,35,36,37,45,46,47,55,56,57,58,65,66,67,68,75,76,77,85,86,87
3,16,25,26,27,35,36,37,38,45,46,47,48,55,56,57,58,65,66,67,68,75,76,77,86,87
4,16,25,26,27,35,36,37,44,45,46,47,48,54,55,56,57,58,65,66,67,75,76,77,86
5,16,25,26,27,34,35,36,37,44,45,46,47,54,55,56,57,64,65,66,67,75,76,77
6,25,26,27,34,35,36,37,44,45,46,47,54,55,56,57,64,65,66,67,75,76,77,86
7,15,16,24,25,26,33,34,35,36,37,43,44,45,46,47,53,54,55,56,57,64,65,66,67,74,75,76
8,15,16,24,25,26,33,34,35,36,43,44,45,46,53,54,55,56,64,65,66,74,75,76
9,15,16,24,25,26,34,35,36,44,45,46,54,55,56,64,65,66,74,75,76
10,15,16,24,25,26,27,34,35,36,37,44,45,46,47,54,55,56,57,64,65,66,67,74,75,76,77
11,16,25,26,27,35,36,37,45,46,47,55,56,57,65,66,67,75,76,77
12,16,17,25,26,27,35,36,37,45,46,47,55,56,57,65,66,67,75,76,77
13,16,17,25,26,27,35,36,37,38,45,46,47,48,55,56,57,58,65,66,67,75,76,77
14,16,17,25,26,27,35,36,37,38,45,46,47,48,55,56,57,58,65,66,67,75,76,77
15,16,17,25,26,27,35,36,37,38,45,46,47,48,55,56,57,58,65,66,67,75,76,77
16,16,17,25,26,27,28,35,36,37,38,45,46,47,48,55,56,57,58,65,66,67,68,75,76,77
17,17,26,27,28,35,36,37,38,45,46,47,48,55,56,57,58,65,66,67,68,76,77,78
18,26,27,28,35,36,37,38,45,46,47,48,55,56,57,58,65,66,67,68,76,77,78
19,26,27,28,35,36,37,38,45,46,47,48,55,56,57,58,65,66,67,68,76,77,78,87
20,26,27,28,35,36,37,38,45,46,47,48,55,56,57,58,65,66,67,68,76,77,78,87
21,26,27,28,35,36,37,38,45,46,47,48,55,56,57,58,65,66,67,68,75,76,77,78
22,25,26,27,35,36,37,45,46,47,48,55,56,57,58,65,66,67,75,76,77
23,25,26,27,35,36,37,45,46,47,55,56,57,65,66,67,75,76,77
24,25,26,27,35,36,37,44,45,46,47,54,55,56,57,65,66,67,75,76,77
25,25,26,27,35,36,37,44,45,46,47,54,55,56,57,65,66,67,75,76,77
26,25,26,27,35,36,37,44,45,46,47,54,55,56,57,64,65,66,67,75,76,77
27,25,26,27,35,36,37,44,45,46,47,54,55,56,57,65,66,67,75,76,77,86
28,25,26,27,35,36,37,44,45,46,47,54,55,56,57,65,66,67,75,76,77,86
29,26,27,35,36,37,44,45,46,47,54,55,56,57,65,66,67,75,76,77,85,86
30,16,17,25,26,27,35,36,37,44,45,46,47,54,55,56,57,65,66,67,75,76,77,86
31,16,17,25,26,27,34,35,36,37,44,45,46,47,55,56,57,65,66,67,75,76
32,16,17,25,26,27,35,36,37,45,46,47,55,56,57,65,66,67,75,76,77
33,16,17,25,26,27,35,36,37,45,46,47,55,56,57,65,66,67,75,76,77
34,16,17,25,26,27,35,36,37,45,46,47,55,56,57,65,66,67,75,76,77
35,16,17,25,26,27,35,36,37,45,46,47,55,56,57,65,66,67,75,76,77
36,16,17,25,26,27,34,35,36,37,44,45,46,47,54,55,56,57,64,65,66,67,75,76,77
37,16,25,26,27,34,35,36,37,44,45,46,47,54,55,56,57,64,65,66,67,75,76,77
38,16,25,26,27,34,35,36,37,44,45,46,47,54,55,56,57,65,66,67,75,76,77
39,16,25,26,27,34,35,36,37,44,45,46,47,54,55,56,57,65,66,67,75,76,77
40,16,25,26,27,34,35,36,37,44,45,46,47,54,55,56,57,65,66,67,75,76,77
41,16,25,26,27,34,35,36,37,44,45,46,47,54,55,56,57,65,66,67,75,76,77
42,16,25,26,27,34,35,36,37,44,45,46,47,54,55,56,57,65,66,67,75,76,77
43,16,25,26,27,34,35,36,37,44,45,46,47,54,55,56,57,65,66,67,75,76,77
44,16,25,26,27,34,35,36,37,44,45,46,47,54,55,56,57,65,66,67,75,76,77
45,16,25,26,27,34,35,36,37,44,45,46,47,54,55,56,57,65,66,67,75,76,77
46,26,27,35,36,37,45,46,47,55,56,57,65,66,67,75,76,77
47,26,27,35,36,37,45,46,47,55,56,57,65,66,67,75,76,77,86
48,26,27,35,36,37,45,46,47,55,56,57,65,66,67,75,76,77,86
49,26,27,35,36,37,45,46,47,55,56,57,65,66,67,75,76,77,86
50,26,27,35,36,37,45,46,47,55,56,57,65,66,67,75,76,77,86
51,26,27,35,36,37,45,46,47,55,56,57,65,66,67,75,76,77,86
52,26,27,35,36,37,45,46,47,55,56,57,65,66,67,75,76,77,86
53,26,27,35,36,37,45,46,47,55,56,57,65,66,67,75,76,77,86
54,26,27,35,36,37,45,46,47,55,56,57,65,66,67,75,76,77,86
55,26,27,35,36,37,45,46,47,55,56,57,65,66,67,75,76,77,86
56,26,27,35,36,37,45,46,47,55,56,57,65,66,67,75,76,77,86
57,26,27,35,36,37,45,46,47,55,56,57,65,66,67,75,76,77,86
58,16,25,26,27,35,36,37,44,45,46,47,54,55,56,57,65,66,67,75,76,77
59,15,16,17,24,25,26,27,34,35,36,37,44,45,46,47,54,55,56,57,65,66,67,75,76,77
60,15,16,17,24,25,26,27,34,35,36,37,44,45,46,47,54,55,56,57,64,65,66,67,75,76
