1,15,16,24,25,26,27,34,35,36,37,44,45,46,47,54,55,56,57,64,65,66,67,75,76,77
2,25,26,27,34,35,36,37,44,45,46,47,54,55,56,57,64,65,66,67,75,76,77,85,86
3,16,25,26,27,34,35,36,37,44,45,46,47,54,55,56,57,64,65,66,67,75,76,77,86
4,16,25,26,27,34,35,36,37,44,45,46,47,54,55,56,57,64,65,66,67,75,76,77
5,16,25,26,27,34,35,36,37,44,45,46,47,54,55,56,57,64,65,66,67,75,76,77
6,16,25,26,27,34,35,36,37,44,45,46,47,54,55,56,57,63,64,65,66,67,73,74,75,76,77,82,83,84,85,86,87,88,91,92,93,94,95,96,97,98,99,100
7,45,54,55,56,63,64,65,66,67,72,73,74,75,76,77,78,81,82,83,84,85,86,87,88,89,90,91,92,93,94,95,96,97,98,99,100
8,55,56,63,64,65,66,67,68,72,73,74,75,76,77,78,79,81,82,83,84,85,86,87,88,89,90,91,92,93,94,95,96,97,98,99,100
9,55,56,63,64,65,66,67,72,73,74,75,76,77,78,79,81,82,83,84,85,86,87,88,89,90,91,92,93,94,95,96,97,98,99,100
10,54,55,56,62,63,64,65,66,67,71,72,73,74,75,76,77,78,81,82,83,84,85,86,87,88,89,90,91,92,93,94,95,96,97,98,99,100
11,46,54,55,56,57,62,63,64,65,66,67,71,72,73,74,75,76,77,78,81,82,83,84,85,86,87,88,89,90,91,92,93,94,95,96,97,98,99,100
12,46,47,54,55,56,57,58,64,65,66,67,68,73,74,75,76,77,78,79,82,83,84,85,86,87,88,89,90,91,92,93,94,95,96,97,98,99,100
13,36,37,45,46,47,48,55,56,57,58,64,65,66,67,68,74,75,76,77,78,79,83,84,85,86,87,88,89,91,92,93,94,95,96,97,98,99,100
14,26,27,35,36,37,45,46,47,48,55,56,57,58,65,66,67,68,75,76,77,78,85,86,87
15,25,26,27,35,36,37,44,45,46,47,54,55,56,57,64,65,66,67,75,76,77,85,86,87
16,25,26,27,34,35,36,37,44,45,46,47,54,55,56,57,64,65,66,67,74,75,76,77,85,86
17,25,26,34,35,36,37,44,45,46,47,54,55,56,57,64,65,66,67,74,75,76,77,85,86
18,23,24,25,26,32,33,34,35,36,37,42,43,44,45,46,47,52,53,54,55,56,57,62,63,64,65,66,67,73,74,75,76,77,83,84,85,86
19,21,22,23,24,31,32,33,34,35,40,41,42,43,44,45,50,51,52,53,54,55,60,61,62,63,64,65,70,71,72,73,74,81,82,83,84
20,11,19,20,21,22,29,30,31,32,33,39,40,41,42,43,49,50,51,52,53,59,60,61,62,63,69,70,71,72,73,79,80,81,82,90
21,11,20,21,22,29,30,31,32,38,39,40,41,42,48,49,50,51,52,58,59,60,61,62,68,69,70,71,79,80
22,11,12,20,21,22,30,31,32,39,40,41,42,49,50,51,52,59,60,61,62,70,71,72,80
23,11,12,21,22,23,30,31,32,33,40,41,42,43,50,51,52,53,60,61,62,63,70,71,72,73,80
24,12,21,22,23,31,32,33,40,41,42,43,50,51,52,53,60,61,62,63,70,71,72,73
25,12,13,21,22,23,31,32,33,40,41,42,43,50,51,52,53,60,61,62,63,70,71,72,73
26,12,13,21,22,23,31,32,33,34,41,42,43,44,51,52,53,54,61,62,63,71,72,73
27,12,13,21,22,23,24,31,32,33,34,41,42,43,44,51,52,53,54,61,62,63,64,71,72,73
28,13,14,22,23,24,31,32,33,34,41,42,43,44,51,52,53,54,62,63,64,72,73,74
29,13,14,22,23,24,25,32,33,34,35,42,43,44,45,52,53,54,55,62,63,64,65,72,73,74
30,13,14,15,22,23,24,25,32,33,34,35,42,43,44,45,52,53,54,55,62,63,64,65,73,74
31,13,14,22,23,24,25,31,32,33,34,35,41,42,43,44,45,51,52,53,54,55,61,62,63,64,65,71,72,73,74
32,12,13,21,22,23,31,32,33,34,41,42,43,44,51,52,53,54,61,62,63,71,72,73
33,12,13,14,15,16,21,22,23,24,25,26,31,32,33,34,35,36,41,42,43,44,45,46,51,52,53,54,55,56,61,62,63,64,65,66,71,72,73,74,75
34,14,15,16,23,24,25,26,27,33,34,35,36,37,43,44,45,46,47,53,54,55,56,57,64,65,66,67,74,75,76
35,6,7,15,16,17,18,24,25,26,27,28,34,35,36,37,38,44,45,46,47,48,54,55,56,57,64,65,66,67,75,76
36,6,7,15,16,17,18,24,25,26,27,28,34,35,36,37,38,44,45,46,47,48,54,55,56,57,65,66,67,75,76
37,15,16,17,24,25,26,27,34,35,36,37,44,45,46,47,54,55,56,57,65,66,67,75,76
38,16,17,25,26,27,34,35,36,37,44,45,46,47,54,55,56,57,65,66,67,75,76
39,16,25,26,27,34,35,36,37,44,45,46,47,54,55,56,57,65,66,67,75,76,77
40,16,25,26,27,34,35,36,37,44,45,46,47,54,55,56,57,65,66,67,75,76
41,15,16,17,24,25,26,27,34,35,36,37,44,45,46,47,54,55,56,57,65,66,67,75,76
42,15,16,17,24,25,26,27,34,35,36,37,44,45,46,47,54,55,56,57,65,66,67,75,76
43,15,16,24,25,26,27,34,35,36,37,44,45,46,47,54,55,56,57,64,65,66,67,75,76,77
44,15,16,17,24,25,26,27,34,35,36,37,44,45,46,47,54,55,56,57,64,65,66,67,75,76,77
45,15,16,17,24,25,26,27,34,35,36,37,44,45,46,47,54,55,56,57,65,66,67,75,76
46,15,16,17,24,25,26,27,34,35,36,37,44,45,46,47,54,55,56,57,65,66,67,75,76
47,15,16,17,24,25,26,27,34,35,36,37,44,45,46,47,54,55,56,57,65,66,67,75,76
48,15,16,17,24,25,26,27,34,35,36,37,44,45,46,47,54,55,56,57,65,66,67,75,76
49,15,16,17,24,25,26,27,34,35,36,37,44,45,46,47,54,55,56,57,65,66,67,75,76
50,15,16,24,25,26,27,34,35,36,37,44,45,46,47,54,55,56,57,64,65,66,67,75,76
51,15,16,24,25,26,27,34,35,36,37,44,45,46,47,54,55,56,57,64,65,66,67,75,76
52,16,17,25,26,27,34,35,36,37,44,45,46,47,54,55,56,57,65,66,67,75,76,77
53,16,17,25,26,27,34,35,36,37,44,45,46,47,54,55,56,57,65,66,67,75,76,77
54,16,17,25,26,27,34,35,36,37,44,45,46,47,54,55,56,57,65,66,67,75,76,77
55,16,17,25,26,27,35,36,37,44,45,46,47,55,56,57,65,66,67,75,76,77
56,16,17,25,26,27,35,36,37,45,46,47,55,56,57,65,66,67,75,76,77
57,15,16,17,24,25,26,27,34,35,36,37,44,45,46,47,54,55,56,57,65,66,67,75,76
58,1,2,3,4,5,6,7,8,9,10,13,14,15,16,17,18,24,25,26,27,28,34,35,36,37,38,44,45,46,47,54,55,56,57,65,66,67,76
59,1,2,3,4,5,6,7,8,9,10,13,14,15,16,17,18,19,24,25,26,27,28,34,35,36,37,38,44,45,46,47,55,56
60,1,2,3,4,5,6,7,8,9,10,13,14,15,16,17,18,24,25,26,27,28,34,35,36,37,44,45,46,47,54,55,56,57,65,66
