1,25,26,34,35,36,37,44,45,46,47,54,55,56,57,64,65,66,67,74,75,76,77,84,85,86,87,95,96
2,35,36,44,45,46,47,54,55,56,57,64,65,66,67,74,75,76,77,84,85,86,87,93,94,95,96,97
3,16,24,25,26,34,35,36,37,44,45,46,47,54,55,56,57,64,65,66,67,74,75,76,77,83,84,85,86,87,88,91,92,93,94,95,96,97,98,99,100
4,15,16,24,25,26,27,34,35,36,37,44,45,46,47,54,55,56,57,64,65,66,67,74,75,76
5,15,16,17,24,25,26,27,34,35,36,37,44,45,46,47,54,55,56,57,64,65,66,67,75,76
6,15,16,24,25,26,27,34,35,36,37,44,45,46,47,54,55,56,57,64,65,66,74,75,76
7,15,16,24,25,26,27,34,35,36,37,44,45,46,47,54,55,56,57,64,65,66,67,74,75,76
8,5,6,14,15,16,17,24,25,26,27,33,34,35,36,37,44,45,46,47,54,55,56,57,64,65,66,75,76
9,5,14,15,16,23,24,25,26,33,34,35,36,43,44,45,46,53,54,55,56,63,64,65,66,74,75
10,14,15,16,23,24,25,26,33,34,35,36,43,44,45,46,53,54,55,56,63,64,65,66,74,75,76
11,14,15,16,17,24,25,26,27,33,34,35,36,37,43,44,45,46,47,54,55,56,57,64,65,66,67,75,76
12,15,16,17,24,25,26,27,34,35,36,37,38,44,45,46,47,48,54,55,56,57,58,65,66,67,68,75,76,77,85,86
13,26,27,28,35,36,37,38,45,46,47,48,55,56,57,58,65,66,67,68,75,76,77,78
14,26,27,35,36,37,38,45,46,47,48,55,56,57,58,65,66,67,68,75,76,77
15,25,26,27,34,35,36,37,44,45,46,47,54,55,56,57,64,65,66,67,75,76,77
16,25,26,34,35,36,37,44,45,46,47,54,55,56,57,64,65,66,67,74,75,76
17,25,26,34,35,36,44,45,46,54,55,56,64,65,66,74,75,76,85
18,24,25,26,33,34,35,36,43,44,45,46,53,54,55,56,63,64,65,66,74,75,76
19,14,15,23,24,25,26,33,34,35,36,43,44,45,46,53,54,55,56,63,64,65,66,74,75,76
20,14,15,23,24,25,26,33,34,35,36,43,44,45,46,53,54,55,56,63,64,65,66,74,75
21,14,15,16,23,24,25,26,33,34,35,36,37,43,44,45,46,47,53,54,55,56,57,63,64,65,66,74,75,76
22,15,16,24,25,26,27,34,35,36,37,44,45,46,47,54,55,56,57,64,65,66,67,75,76,77
23,16,17,25,26,27,28,35,36,37,38,45,46,47,48,55,56,57,58,65,66,67,68,75,76,77,78
24,27,28,36,37,38,39,46,47,48,49,56,57,58,59,66,67,68,69,76,77,78,87,88
25,15,16,24,25,26,27,28,34,35,36,37,38,44,45,46,47,48,54,55,56,57,58,64,65,66,67,68,75,76,77,78
26,15,16,17,24,25,26,27,34,35,36,37,44,45,46,47,54,55,56,57,64,65,66,67,75,76
27,15,16,24,25,26,27,34,35,36,37,44,45,46,47,54,55,56,57,64,65,66,67,74,75,76,77,85,86,87
28,25,26,34,35,36,37,44,45,46,47,54,55,56,57,64,65,66,67,74,75,76,77,85,86,87
29,5,6,14,15,16,17,24,25,26,27,34,35,36,37,44,45,46,47,54,55,56,57,64,65,66,74,75,76
30,5,6,14,15,16,17,24,25,26,27,34,35,36,37,44,45,46,47,54,55,56,57,64,65,66
31,15,16,17,24,25,26,27,34,35,36,37,44,45,46,47,54,55,56,57,64,65,66,75
32,15,16,24,25,26,34,35,36,37,44,45,46,47,54,55,56,64,65,66,75,76
33,14,15,16,24,25,26,33,34,35,36,37,43,44,45,46,47,53,54,55,56,64,65,66,74,75,76
34,14,15,23,24,25,26,33,34,35,36,43,44,45,46,53,54,55,56,63,64,65,66,74,75
35,14,15,23,24,25,26,33,34,35,36,43,44,45,46,53,54,55,56,63,64,65,66,74,75,76
36,15,16,24,25,26,33,34,35,36,37,43,44,45,46,47,53,54,55,56,57,64,65,66,74,75,76
37,15,16,24,25,26,33,34,35,36,37,43,44,45,46,47,53,54,55,56,57,64,65,66,74,75,76
38,15,16,24,25,26,27,33,34,35,36,37,43,44,45,46,47,53,54,55,56,57,64,65,66,67,74,75,76
39,15,16,24,25,26,27,34,35,36,37,44,45,46,47,54,55,56,57,64,65,66,67,74,75,76
40,15,24,25,26,33,34,35,36,43,44,45,46,53,54,55,56,64,65,66,74,75,76
41,15,16,24,25,26,34,35,36,37,44,45,46,47,54,55,56,57,64,65,66,67,74,75,76
42,16,24,25,26,27,34,35,36,37,44,45,46,47,54,55,56,57,64,65,66,67,74,75,76
43,16,24,25,26,34,35,36,37,44,45,46,47,53,54,55,56,57,63,64,65,66,67,73,74,75,76,77,83,84,85,86,87,94,95,96
44,14,22,23,24,25,32,33,34,35,36,42,43,44,45,46,52,53,54,55,56,62,63,64,65,66,73,74,75,76,83,84,85,86,94,95,96
45,13,14,15,22,23,24,25,32,33,34,35,42,43,44,45,52,53,54,55,62,63,64,65,73,74
46,14,15,23,24,25,26,33,34,35,36,43,44,45,46,53,54,55,56,63,64,65,74,75
47,14,15,23,24,25,26,33,34,35,36,43,44,45,46,53,54,55,56,63,64,65,74,75
48,14,15,23,24,25,26,33,34,35,36,43,44,45,46,53,54,55,56,63,64,65,66,74,75
49,15,16,24,25,26,33,34,35,36,43,44,45,46,53,54,55,56,64,65,66,74,75,76
50,15,16,24,25,26,34,35,36,37,44,45,46,47,54,55,56,57,64,65,66,74,75,76
51,15,16,24,25,26,34,35,36,37,44,45,46,47,54,55,56,57,64,65,66,67,74,75,76
52,16,24,25,26,27,34,35,36,37,44,45,46,47,54,55,56,57,64,65,66,67,75,76,77
53,25,26,27,35,36,37,44,45,46,47,54,55,56,57,65,66,67,75,76,77
54,25,26,27,34,35,36,37,44,45,46,47,54,55,56,57,64,65,66,67,74,75,76,77,85,86
55,15,24,25,26,34,35,36,43,44,45,46,47,53,54,55,56,57,64,65,66,67,74,75,76,85,86
56,5,6,14,15,16,17,24,25,26,27,34,35,36,37,44,45,46,47,54,55,56,64,65,66,74,75,76
57,4,5,6,7,14,15,16,17,24,25,26,27,34,35,36,37,44,45,46,47,54,55,56,57,64,65,66,75,76
58,15,16,24,25,26,27,34,35,36,37,44,45,46,47,54,55,56,57,64,65,66,75,76
59,5,6,14,15,16,17,24,25,26,27,34,35,36,37,44,45,46,47,54,55,56,57,64,65,66,74,75,76
60,15,16,24,25,26,33,34,35,36,43,44,45,46,47,53,54,55,56,64,65,66,74,75,76
