1,14,15,16,17,24,25,26,27,34,35,36,37,44,45,46
2,14,15,16,24,25,26,27,34,35,36,37,38,41,42,43,44,45,46,47,48,49,50
3,24,25,26,27,34,35,36,37,38,41,42,43,44,45,46,47,48,49,50
4,5,6,14,15,16,17,24,25,26,27,34,35,36,37,38,41,42,43,44,45,46,47,48,49,50
5,5,6,7,14,15,16,17,24,25,26,27,34,35,36,37,45,46
6,14,15,16,17,24,25,26,27,34,35,36,37,45,46
7,14,15,16,17,24,25,26,27,34,35,36,37,45,46
8,14,15,16,17,24,25,26,27,34,35,36,37,45,46
9,14,15,16,17,24,25,26,27,34,35,36,37,45,46
10,14,15,16,17,24,25,26,27,34,35,36,37,44,45,46,47
11,14,15,16,17,24,25,26,27,34,35,36,37,44,45,46
12,14,15,16,24,25,26,27,34,35,36,37,44,45,46,47
13,14,15,16,17,24,25,26,27,34,35,36,37,44,45,46
14,14,15,16,17,24,25,26,27,34,35,36,37,45,46
15,14,15,16,17,24,25,26,27,34,35,36,37,45,46
16,14,15,16,17,24,25,26,27,34,35,36,37,44,45,46,47
17,15,16,24,25,26,27,34,35,36,37,44,45,46,47
18,15,16,24,25,26,27,34,35,36,37,44,45,46,47
19,15,16,24,25,26,27,34,35,36,37,44,45,46,47
20,14,15,16,24,25,26,27,34,35,36,37,44,45,46,47
21,15,16,24,25,26,27,34,35,36,37,44,45,46,47
22,14,15,16,17,24,25,26,27,34,35,36,37,44,45,46,47
23,14,15,16,17,24,25,26,27,34,35,36,37,45,46
24,14,15,16,17,24,25,26,27,34,35,36,37,45,46
25,14,15,16,17,24,25,26,27,34,35,36,37,44,45,46,47
26,15,16,24,25,26,27,34,35,36,37,44,45,46,47
27,15,16,24,25,26,27,33,34,35,36,37,43,44,45,46,47,48
28,13,14,15,16,23,24,25,26,27,33,34,35,36,37,43,44,45,46,47
29,5,6,13,14,15,16,17,23,24,25,26,27,33,34,35,36,37,44,45
30,5,6,14,15,16,17,24,25,26,27,34,35,36,37,44,45,46,47
31,14,15,16,24,25,26,27,34,35,36,37,44,45,46,47
32,14,15,16,24,25,26,27,34,35,36,37,44,45,46,47
33,14,15,16,24,25,26,27,34,35,36,37,44,45,46,47
34,15,16,24,25,26,27,34,35,36,37,44,45,46,47
35,15,16,24,25,26,27,34,35,36,37,44,45,46,47
36,14,15,16,24,25,26,27,34,35,36,37,44,45,46,47
37,14,15,16,24,25,26,27,34,35,36,37,44,45,46
38,14,15,16,24,25,26,27,34,35,36,37,44,45,46,47
39,14,15,16,24,25,26,27,34,35,36,37,44,45,46
40,14,15,16,17,24,25,26,27,34,35,36,37,44,45,46
41,14,15,16,17,24,25,26,27,34,35,36,37,45,46
42,14,15,16,17,24,25,26,27,34,35,36,37,45,46
43,14,15,16,17,24,25,26,27,34,35,36,37,44,45,46,47
44,13,14,15,16,23,24,25,26,27,33,34,35,36,37,44,45,46,47
45,5,13,14,15,16,23,24,25,26,33,34,35,36,44
46,14,15,16,17,24,25,26,27,34,35,36,37,45,46,47
47,14,15,16,17,24,25,26,27,28,34,35,36,37,45,46,47
48,14,15,16,17,24,25,26,27,34,35,36,37,44,45,46,47
49,14,15,16,17,24,25,26,27,34,35,36,37,44,45,46,47
50,14,15,16,17,24,25,26,27,34,35,36,37,45,46
51,14,15,16,17,23,24,25,26,27,34,35,36,37,44,45,46
52,14,15,16,17,23,24,25,26,27,34,35,36,37,45,46
53,14,15,16,17,24,25,26,27,34,35,36,37,45,46
54,14,15,16,17,24,25,26,27,34,35,36,37,45,46
55,14,15,16,17,24,25,26,27,34,35,36,37,45,46
56,14,15,16,17,24,25,26,27,34,35,36,37,45,46
57,15,16,17,24,25,26,27,34,35,36,37,45,46
58,15,16,17,24,25,26,27,34,35,36,37,45,46,47
59,14,15,16,17,24,25,26,27,34,35,36,37,45,46,47
60,1,2,3,4,5,6,7,8,9,10,13,14,15,16,17,18,24,25,26,27,34,35,36,37,45,46
