1,14,15,16,17,24,25,26,27,34,35,36,37,45,46
2,5,6,14,15,16,17,24,25,26,27,34,35,36,37,45,46
3,5,6,14,15,16,17,24,25,26,27,34,35,36
4,5,6,14,15,16,23,24,25,26,34,35,36
5,5,6,13,14,15,16,23,24,25,26,34,35,36
6,5,13,14,15,16,23,24,25,26,33,34,35,36
7,5,13,14,15,16,23,24,25,26,34,35,36
8,5,14,15,16,24,25,26,34,35,36,45
9,14,15,16,24,25,26,34,35,36,45
10,13,14,15,16,23,24,25,26,33,34,35,36,44,45,46
11,11,12,13,14,15,16,20,21,22,23,24,25,26,30,31,32,33,34,35,36,40,41,42,43,44,45,46
12,1,2,10,11,12,19,20,21,22,23,29,30,31,32,33,39,40,41,42
13,1,10,11,12,19,20,21,22,29,30,31,32,39,40
14,1,10,11,12,19,20,21,22,29,30,31,32,39,40
15,1,10,11,12,19,20,21,22,29,30,31,32,39,40,41,50
16,11,12,19,20,21,22,23,29,30,31,32,33,39,40,41,42,50
17,1,10,11,12,19,20,21,22,23,29,30,31,32,33,39,40,41,42,50
18,10,11,12,19,20,21,22,29,30,31,32,39,40
19,11,12,19,20,21,22,29,30,31,32,39,40
20,11,12,19,20,21,22,29,30,31,32,39,40
21,1,11,12,13,19,20,21,22,23,29,30,31,32,33,39,40,41,42
22,11,12,13,14,20,21,22,23,24,30,31,32,33,34,40,41,42,43
23,11,12,13,14,15,16,21,22,23,24,25,26,31,32,33,34,35,36,42,43,44
24,13,14,15,16,23,24,25,26,27,33,34,35,36
25,5,6,14,15,16,17,24,25,26,27,34,35,36,37
26,5,6,7,14,15,16,17,24,25,26,27,34,35,36,37
27,5,6,7,14,15,16,17,24,25,26,27,35,36,37
28,5,6,7,14,15,16,17,24,25,26,27,35,36,37
29,1,2,3,4,5,6,7,8,9,10,13,14,15,16,17,24,25,26,27,35,36
30,1,2,3,4,5,6,7,8,9,10,13,14,15,16,17,18,24,25,26,27
31,1,2,3,4,5,6,7,8,9,10,14,15,16,17,18,24,25,26,27,35,36
32,4,5,6,7,14,15,16,17,24,25,26,27,34,35,36
33,4,5,6,7,14,15,16,17,24,25,26,27,34,35,36
34,5,6,7,14,15,16,17,24,25,26,27,34,35,36,37
35,5,6,7,14,15,16,17,24,25,26,27,35,36,37
36,5,6,7,14,15,16,17,24,25,26,27,35,36,37
37,5,6,7,14,15,16,17,24,25,26,27,35,36,37
38,5,6,7,14,15,16,17,24,25,26,27,35,36,37
39,5,6,7,14,15,16,17,24,25,26,27,35,36,37
40,5,6,7,14,15,16,17,24,25,26,27,34,35,36,37
41,5,13,14,15,16,23,24,25,26,27,33,34,35,36
42,13,14,15,23,24,25,26,33,34,35
43,13,14,15,16,23,24,25,26,33,34,35,36,44,45,46
44,14,15,16,23,24,25,26,33,34,35,36,44,45,46
45,13,14,15,16,23,24,25,26,33,34,35,36,45
46,3,11,12,13,14,15,20,21,22,23,24,25,30,31,32,33,34,35,40,42
47,1,2,10,11,12,13,20,21,22,23,30,31,32,33,40,41,42
48,1,2,10,11,12,19,20,21,22,29,30,31,32,39,40
49,10,11,12,19,20,21,22,29,30,31,32,39,40
50,10,11,12,19,20,21,22,29,30,31,32,39,40
51,1,10,11,12,19,20,21,22,29,30,31,32,39,40
52,1,2,10,11,12,19,20,21,22,23,29,30,31,32,33,39,40,41,42
53,11,12,13,14,20,21,22,23,24,30,31,32,33,34,40,41,42,43
54,12,13,14,15,16,22,23,24,25,26,32,33,34,35,36,43,44,45
55,14,15,16,17,23,24,25,26,27,34,35,36,37
56,6,14,15,16,17,24,25,26,27,34,35,36,37
57,5,6,14,15,16,17,24,25,26,27,34,35,36,37
58,5,6,14,15,16,17,24,25,26,27,34,35,36
59,5,6,14,15,16,17,24,25,26,27,34,35,36
60,5,6,14,15,16,17,24,25,26,27,34,35,36
