1,5,6,7,14,15,16,17,24,25,26,27,34,35,36,37,45,46
2,4,5,6,7,14,15,16,17,24,25,26,27,35,36,37
3,5,6,14,15,16,17,24,25,26,27,34,35,36,37,38,41,42,43,44,45,46,47,48,49,50
4,15,16,24,25,26,27,34,35,36,37,38,41,42,43,44,45,46,47,48,49,50
5,15,16,17,24,25,26,27,34,35,36,37,44,45,46,47
6,14,15,16,17,24,25,26,27,34,35,36,37,45,46,47
7,5,6,14,15,16,17,24,25,26,27,34,35,36,37,45,46
8,5,6,14,15,16,17,24,25,26,27,34,35,36,37
9,5,6,14,15,16,17,24,25,26,27,34,35,36,37
10,5,6,14,15,16,17,24,25,26,27,34,35,36,37,45,46
11,6,14,15,16,17,24,25,26,27,34,35,36,37,45,46
12,14,15,16,17,24,25,26,27,34,35,36,37,44,45,46,47
13,15,16,24,25,26,27,33,34,35,36,37,38,39,41,42,43,44,45,46,47,48,49,50
14,11,12,13,14,15,20,21,22,23,24,25,26,27,30,31,32,33,34,35,36,37,38,39,40,41,42,43,44,45,46,47,48,49,50
15,1,2,11,12,13,14,15,20,21,22,23,24,25,30,31,32,33,34,35,40,43,44
16,12,13,14,15,22,23,24,25,32,33,34,35,43,44
17,11,12,13,14,15,21,22,23,24,25,31,32,33,34,35,42,43,44
18,11,12,13,14,15,16,17,21,22,23,24,25,26,27,31,32,33,34,35,36,37,42,43,44,45,46
19,15,16,17,18,19,25,26,27,28,29,35,36,37,38,39,46,47,48
20,16,17,18,19,25,26,27,28,29,35,36,37,38,39,45,46,47,48
21,15,16,17,24,25,26,27,28,34,35,36,37,38,44,45,46,47,48
22,14,15,16,17,24,25,26,27,34,35,36,37,45,46,47
23,6,14,15,16,17,24,25,26,27,34,35,36,37
24,6,14,15,16,17,24,25,26,27,34,35,36,37
25,6,7,15,16,17,18,25,26,27,28,35,36,37,38
26,7,8,9,10,11,16,17,18,19,20,21,25,26,27,28,29,30,31,36,37,38,39,40
27,9,10,11,18,19,20,21,28,29,30,31,38,39,40
28,9,10,11,15,16,17,18,19,20,21,24,25,26,27,28,29,30,31,34,35,36,37,38,39,40,45,46,47,48
29,15,16,17,24,25,26,27,34,35,36,37,44,45,46,47
30,6,14,15,16,17,24,25,26,27,34,35,36,37,45,46
31,5,6,14,15,16,17,24,25,26,27,34,35,36,37
32,5,6,14,15,16,17,24,25,26,27,34,35,36,37
33,6,14,15,16,17,24,25,26,27,34,35,36,37,45,46
34,5,6,14,15,16,17,24,25,26,27,34,35,36,37
35,5,6,14,15,16,17,24,25,26,27,34,35,36,37
36,5,6,7,14,15,16,17,24,25,26,27,34,35,36
37,4,5,6,7,14,15,16,17,18,24,25,26,27,28,34,35,36,37
38,6,7,8,15,16,17,18,19,25,26,27,28,29,35,36,37,38
39,5,6,7,8,14,15,16,17,18,24,25,26,27,28,34,35,36,37,38
40,4,5,6,7,14,15,16,17,24,25,26,27,34,35,36
41,4,5,6,7,14,15,16,17,24,25,26,27,35,36
42,4,5,6,7,14,15,16,17,24,25,26,27,34,35,36,37
43,5,6,14,15,16,17,24,25,26,27,34,35,36,37,45,46
44,14,15,16,24,25,26,27,34,35,36,37,44,45,46
45,14,15,16,17,24,25,26,27,34,35,36,37,44,45,46,47
46,5,13,14,15,16,17,23,24,25,26,27,33,34,35,36,37,45
47,3,4,5,12,13,14,15,16,22,23,24,25,26,33,34,35,36
48,3,4,5,12,13,14,15,16,22,23,24,25,26,32,33,34,35,36
49,5,6,7,8,14,15,16,17,18,19,24,25,26,27,28,29,34,35,36,37,38
50,6,7,8,9,16,17,18,19,26,27,28,29,36,37,38
51,5,6,7,8,14,15,16,17,18,19,24,25,26,27,28,29,35,36,37,38
52,5,6,7,14,15,16,17,24,25,26,27,34,35,36,37
53,6,7,15,16,17,18,25,26,27,28,35,36,37
54,6,7,15,16,17,24,25,26,27,35,36,37
55,6,14,15,16,17,24,25,26,27,34,35,36,37
56,5,6,14,15,16,17,24,25,26,27,34,35,36,37
57,5,6,7,14,15,16,17,24,25,26,27,35,36,37
58,4,5,6,7,14,15,16,17,24,25,26,27,35,36,37
59,5,6,7,14,15,16,17,24,25,26,27,35,36
60,4,5,6,7,14,15,16,17,24,25,26,27,35,36
