1,1,10,11,12,19,20,21,22,29,30,31,32,39,40,41,50
2,10,11,12,19,20,21,22,29,30,31,32,39,40,41,50
3,11,19,20,21,22,28,29,30,31,32,38,39,40,41,48,49,50
4,11,19,20,21,28,29,30,31,38,39,40,41,48,49,50
5,7,8,9,11,15,16,17,18,19,20,21,25,26,27,28,29,30,31,35,36,37,38,39,40,50
6,6,7,15,16,17,18,24,25,26,27,28,34,35,36,37,38,44,45,46,47,48
7,5,6,14,15,16,17,24,25,26,27,34,35,36,37,44,45,46,47
8,5,6,7,14,15,16,17,24,25,26,27,35,36,37
9,5,6,7,14,15,16,17,24,25,26,27,34,35,36,37
10,5,6,14,15,16,17,24,25,26,27,34,35,36,37,45,46
11,6,14,15,16,17,24,25,26,27,34,35,36,37,45,46
12,6,14,15,16,17,24,25,26,27,34,35,36,37
13,4,5,6,13,14,15,16,17,23,24,25,26,27,33,34,35,36,37
14,4,5,12,13,14,15,22,23,24,25,33,34,35
15,4,12,13,14,15,22,23,24,25,32,33,34,35
16,4,12,13,14,15,16,22,23,24,25,26,32,33,34,35,36,44,45
17,13,14,15,16,17,23,24,25,26,27,33,34,35,36,37,44,45,46
18,14,15,16,17,24,25,26,27,34,35,36,37,45,46
19,6,14,15,16,17,24,25,26,27,34,35,36,37,45,46
20,6,14,15,16,17,24,25,26,27,34,35,36,37
21,6,15,16,17,24,25,26,27,35,36,37
22,14,15,16,17,24,25,26,27,34,35,36,37
23,14,15,16,17,24,25,26,27,34,35,36,37
24,14,15,16,17,24,25,26,27,35,36,37
25,6,14,15,16,17,24,25,26,27,35,36,37
26,6,14,15,16,17,24,25,26,27,35,36,37
27,6,7,14,15,16,17,24,25,26,27,35,36,37
28,4,5,6,7,14,15,16,17,24,25,26,27,35,36,37
29,4,5,6,7,14,15,16,17,24,25,26,27,34,35,36,37,45,46,47
30,15,16,17,24,25,26,27,34,35,36,37,45,46,47
31,15,16,17,24,25,26,27,34,35,36,37,45,46
32,6,7,14,15,16,17,24,25,26,27,35,36,37
33,5,6,7,14,15,16,17,24,25,26,27,35,36,37
34,5,6,7,14,15,16,17,24,25,26,27,35,36,37
35,6,14,15,16,17,24,25,26,27,35,36,37
36,5,6,14,15,16,17,24,25,26,27,34,35,36,37
37,3,4,5,6,13,14,15,16,17,23,24,25,26,27,34,35,36
38,3,4,5,6,7,13,14,15,16,17,23,24,25,26,27,34,35,36,37
39,5,6,7,14,15,16,17,18,24,25,26,27,28,35,36,37,38
40,4,5,6,7,14,15,16,17,24,25,26,27,35,36,37
41,4,5,6,7,14,15,16,17,24,25,26,27,35,36
42,4,5,6,7,14,15,16,17,24,25,26,27,35,36,37
43,5,6,7,14,15,16,17,24,25,26,27,35,36,37
44,5,6,7,14,15,16,17,24,25,26,27,35,36,37
45,6,7,14,15,16,17,24,25,26,27,35,36,37
46,6,14,15,16,17,24,25,26,27,35,36,37
47,6,14,15,16,17,24,25,26,27,35,36,37
48,6,14,15,16,17,24,25,26,27,34,35,36,37
49,3,4,5,6,12,13,14,15,16,17,22,23,24,25,26,27,32,33,34,35,36
50,3,4,5,12,13,14,15,16,22,23,24,25,26,32,33,34,35,36,44
51,5,6,13,14,15,16,17,23,24,25,26,27,33,34,35,36,37
52,6,14,15,16,17,24,25,26,27,34,35,36,37
53,6,14,15,16,17,24,25,26,27,35,36,37
54,6,14,15,16,17,24,25,26,27,35,36,37
55,6,14,15,16,17,24,25,26,27,35,36,37
56,6,14,15,16,17,24,25,26,27,35,36,37
57,6,15,16,17,24,25,26,27,35,36,37
58,6,15,16,17,24,25,26,27,35,36,37
59,6,15,16,17,24,25,26,27,35,36,37
60,6,14,15,16,17,24,25,26,27,35,36,37
