1,13,14,15,16,17,23,24,25,26,27,33,34,35,36,37,44,45,46
2,13,14,15,16,23,24,25,26,33,34,35,36,44,45
3,13,14,15,16,23,24,25,26,27,33,34,35,36,37,44,45,46
4,14,15,16,17,18,24,25,26,27,28,34,35,36,37,38,45,46,47
5,7,8,16,17,18,19,25,26,27,28,29,36,37,38,39
6,6,7,8,16,17,18,19,26,27,28,29,36,37,38,39
7,5,6,7,8,15,16,17,18,19,25,26,27,28,35,36,37,38
8,6,7,14,15,16,17,24,25,26,27,28,34,35,36,37,45,46
9,14,15,16,17,24,25,26,27,34,35,36,37,44,45,46
10,14,15,16,24,25,26,27,34,35,36,37,44,45,46
11,14,15,16,17,24,25,26,27,34,35,36,37,45,46
12,13,14,15,16,17,23,24,25,26,27,33,34,35,36,37,44,45,46
13,13,14,15,23,24,25,26,33,34,35,36,43,44,45
14,13,14,15,23,24,25,26,33,34,35,36,43,44,45
15,13,14,15,23,24,25,26,33,34,35,36,43,44,45
16,13,14,15,16,23,24,25,26,33,34,35,36,43,44,45,46
17,14,15,16,24,25,26,27,34,35,36,37,44,45,46
18,14,15,16,24,25,26,27,34,35,36,37,44,45,46
19,14,15,16,24,25,26,27,34,35,36,37,44,45,46
20,14,15,16,17,18,24,25,26,27,28,34,35,36,37,38,45,46,47
21,15,16,17,18,19,25,26,27,28,29,35,36,37,38,39,46,47,48
22,16,17,18,19,26,27,28,29,30,36,37,38,39,40,47,48,49
23,16,17,18,19,20,26,27,28,29,30,36,37,38,39,40,47,48,49
24,14,15,16,17,18,24,25,26,27,28,34,35,36,37,38,45,46,47,48
25,12,13,14,15,16,17,22,23,24,25,26,27,32,33,34,35,36,37,43,44,45,46
26,13,14,15,16,17,23,24,25,26,27,33,34,35,36,37,43,44,45,46
27,14,15,16,17,24,25,26,27,34,35,36,37,44,45,46,47
28,14,15,16,24,25,26,27,34,35,36,37,44,45,46,47
29,14,15,16,17,24,25,26,27,34,35,36,37,44,45,46,47
30,14,15,16,17,24,25,26,27,34,35,36,37,44,45,46,47
31,14,15,16,17,24,25,26,27,34,35,36,37,45,46
32,14,15,16,17,24,25,26,27,34,35,36,37,45,46
33,15,16,17,24,25,26,27,28,34,35,36,37,45,46,47
34,14,15,16,17,24,25,26,27,34,35,36,37,45,46
35,5,6,7,14,15,16,17,24,25,26,27,34,35,36,37
36,4,5,6,7,14,15,16,17,24,25,26,27,35,36,37
37,5,6,14,15,16,17,24,25,26,27,34,35,36,37
38,5,6,14,15,16,17,24,25,26,27,34,35,36
39,5,6,7,14,15,16,17,24,25,26,27,34,35,36,37
40,5,6,14,15,16,17,24,25,26,27,34,35,36,37
41,6,14,15,16,17,24,25,26,27,34,35,36,37,45,46
42,14,15,16,17,24,25,26,27,34,35,36,37,45,46
43,14,15,16,17,24,25,26,27,34,35,36,37,45,46
44,14,15,16,17,24,25,26,27,34,35,36,37,45,46
45,6,14,15,16,17,24,25,26,27,34,35,36,37
46,14,15,16,17,24,25,26,27,34,35,36,37,45
47,12,13,14,15,16,22,23,24,25,26,32,33,34,35,36,43,44,45
48,12,13,14,15,22,23,24,25,32,33,34,35,42,43,44,45
49,13,14,15,16,23,24,25,26,27,33,34,35,36,37,44,45,46
50,14,15,16,17,24,25,26,27,34,35,36,37,45,46
51,14,15,16,17,24,25,26,27,34,35,36,37,45,46
52,14,15,16,17,24,25,26,27,34,35,36,37,45,46,47
53,15,16,17,24,25,26,27,34,35,36,37,45,46
54,14,15,16,17,24,25,26,27,34,35,36,37,45,46
55,14,15,16,17,24,25,26,27,34,35,36,37,45,46
56,6,14,15,16,17,24,25,26,27,34,35,36,37,45,46
57,6,14,15,16,17,24,25,26,27,34,35,36,37
58,14,15,16,17,24,25,26,27,34,35,36,37
59,14,15,16,17,24,25,26,27,34,35,36,37
60,5,14,15,16,17,24,25,26,27,34,35,36,37
