1,3,7,8,9,12,13,14,17,18,19
2,7,8,9,12,13,14,17,18,19,22,23,24
3,3,7,8,9,12,13,14,17,18,19
4,3,7,8,9,11,12,13,14,16,17,18,19,22,23
5,6,7,10,11,12,13,15,16,17,18,20,21,22
6,6,7,10,11,12,15,16,17,20,21
7,6,10,11,15,16,20,21,25
8,6,10,11,15,16,20,21,25
9,6,9,10,11,14,15,16,19,20,24,25
10,6,9,10,11,14,15,16,19,20,21,24,25
11,6,10,11,14,15,16,19,20,21,24,25
12,9,10,13,14,15,18,19,20,23,24,25
13,8,9,13,14,18,19,23,24
14,8,9,13,14,18,19,23,24
15,4,5,8,9,10,13,14,15,18,19,20,23
16,1,5,6,9,10,11,14,15,16,19,20
17,1,5,6,10,11,15,16,20,21,25
18,1,5,6,10,11,12,15,16,17,20,21,25
19,1,3,4,5,6,8,9,10,11,13,14,15,16,19,20
20,3,4,8,9,10,13,14,15,18,19,20
21,8,9,10,13,14,15,18,19,20,21,22,23,24,25
22,12,13,14,17,18,19,21,22,23,24,25
23,7,8,12,13,14,17,18,19,22,23,24
24,7,8,9,12,13,14,17,18,19,23
25,7,8,9,10,12,13,14,15,17,18,19,20,23,24
26,9,10,13,14,15,18,19,20,24,25
27,5,6,9,10,11,14,15,16,19,20,25
28,5,6,9,10,11,14,15,16,19,20
29,6,8,9,10,11,13,14,15,16,18,19,20,24
30,3,7,8,9,12,13,14,17,18,19,23,24
31,3,7,8,9,12,13,14,17,18
32,2,3,7,8,12,13,17,18
33,2,3,7,8,12,13,17,18
34,2,3,6,7,8,11,12,13,16,17,18
35,1,2,6,7,11,12,16,17
36,1,2,6,7,11,12,16,17
37,1,6,7,10,11,12,15,16,17,20
38,1,6,7,10,11,12,15,16,17,20
39,1,2,3,6,7,8,10,11,12,13,15,16,17,18,20
40,3,7,8,9,12,13,14,17,18
41,3,7,8,9,12,13,14,17,18
42,3,7,8,9,12,13,14,17,18,19
43,3,7,8,9,12,13,14,17,18,19
44,1,2,3,4,5,6,7,8,9,12,13,14,17,18,19,23
45,1,2,3,4,5,6,7,8,11,12,13,16,17
46,1,2,6,7,10,11,12,15,16,17
47,1,2,5,6,7,10,11,12,15,16,17,20
48,2,3,6,7,8,9,11,12,13,14,16,17,18
49,3,4,7,8,9,12,13,14,17,18,19
50,3,4,8,9,13,14,18,19
51,3,7,8,9,12,13,14,17,18,19
52,3,4,7,8,9,12,13,14,17,18,19
53,3,4,8,9,13,14,18,19
54,3,4,7,8,9,12,13,14,18,19
55,3,7,8,9,12,13,14,17,18,19
56,3,4,7,8,9,12,13,14,17,18,19
57,3,4,7,8,9,12,13,14,18,19
58,2,3,4,7,8,9,12,13,14,18,19
59,2,3,4,7,8,9,12,13,14,18
60,2,3,4,7,8,9,12,13,14,17,18
