1,3,7,8,9,12,13,14,17,18,19,23
2,7,8,9,12,13,14,17,18,19,21,22,23,24,25
3,7,8,12,13,14,17,18,19,21,22,23,24,25
4,7,8,9,12,13,14,17,18,19,22,23
5,7,8,9,12,13,14,17,18,19,23
6,4,7,8,9,12,13,14,17,18,19,23
7,4,8,9,13,14,15,18,19
8,3,4,7,8,9,12,13,14,17,18,19
9,3,7,8,9,12,13,14,17,18,19,22,23
10,7,8,12,13,14,17,18,19,21,22,23,24,25
11,12,13,14,17,18,19,21,22,23,24,25
12,7,8,9,12,13,14,17,18,19,21,22,23,24,25
13,7,8,9,12,13,14,17,18,19,23
14,7,8,9,12,13,14,17,18,19,23
15,3,7,8,9,12,13,14,17,18,19
16,3,4,7,8,9,12,13,14,17,18,19
17,3,7,8,9,12,13,14,18,19
18,3,4,7,8,9,12,13,14,17,18,19
19,3,4,7,8,9,12,13,14,17,18,19
20,3,7,8,9,12,13,14,17,18,19
21,3,4,7,8,9,12,13,14,18,19
22,3,4,8,9,13,14,18,19
23,3,4,8,9,13,14,18,19
24,4,8,9,13,14,18,19
25,8,9,13,14,18,19,23,24
26,8,9,13,14,18,19,23,24
27,7,8,9,12,13,14,17,18,19,22,23,24
28,6,7,8,11,12,13,16,17,18,22,23
29,6,7,11,12,13,16,17,22
30,6,7,8,11,12,13,16,17,18,22,23
31,7,8,9,12,13,14,17,18,19,22,23,24
32,8,9,13,14,18,19,23,24
33,8,9,13,14,18,19,23,24
34,8,9,10,13,14,15,18,19,20,23,24
35,3,4,5,8,9,10,13,14,15,18,19,20
36,2,3,7,8,9,11,12,13,14,17,18,19
37,2,3,7,8,12,13,17,18,22,23
38,7,8,12,13,17,18,22,23
39,2,7,8,12,13,17,18
40,3,7,8,9,12,13,14,17,18,19
41,2,3,6,7,8,9,11,12,13,14,16,17,18,19
42,1,2,6,7,10,11,12,15,16,17,20
43,6,7,11,12,15,16,17,21,22
44,6,7,8,11,12,13,14,16,17,18,19,21,22,23,24
45,8,12,13,14,17,18,19,22,23,24
46,8,12,13,14,17,18,19,22,23,24
47,8,12,13,14,17,18,19,22,23,24
48,7,8,12,13,14,17,18,19,22,23,24
49,3,7,8,9,12,13,14,17,18,19,22,23
50,3,7,8,12,13,17,18,22,23
51,2,3,7,8,12,13,17,18
52,2,3,7,8,9,12,13,14,17,18,19
53,3,7,8,9,12,13,14,17,18,19
54,3,7,8,9,12,13,14,17,18,19,23
55,7,8,9,12,13,14,17,18,19,23
56,7,8,9,12,13,14,17,18,19,23
57,7,8,12,13,14,17,18,19,22,23
58,7,8,12,13,17,18,22,23
59,7,8,12,13,17,18,22,23
60,7,8,12,13,17,18,22,23
