1,15,16,24,25,26,27,34,35,36,37,44,45,46,47,54,55,56,57,64,65,66,67,74,75,76
2,13,14,15,22,23,24,25,26,32,33,34,35,36,42,43,44,45,46,52,53,54,55,56,62,63,64,65,66,72,73,74,75,76
3,13,14,22,23,24,32,33,34,35,42,43,44,45,52,53,54,55,62,63,64,65,72,73,74,75,82,83,84,85,92,93,94,95
4,24,25,33,34,35,42,43,44,45,46,52,53,54,55,56,62,63,64,65,66,72,73,74,75,76,81,82,83,84,85,86,87,91,92,93,94,95,96,97,98,99,100
5,11,12,13,21,22,23,24,30,31,32,33,34,35,40,41,42,43,44,45,50,51,52,53,54,55,60,61,62,63,64,65,71,72,73,74,75,83,84
6,11,12,20,21,22,23,30,31,32,33,39,40,41,42,43,49,50,51,52,53,59,60,61,62,63,69,70,71,72,80,81,90
7,21,29,30,31,32,39,40,41,42,49,50,51,52,59,60,61,62,69,70,71,72,79,80,81,90
8,29,30,31,38,39,40,41,48,49,50,51,58,59,60,61,68,69,70,71,78,79,80,89,90
9,19,20,21,28,29,30,31,38,39,40,41,48,49,50,51,58,59,60,61,68,69,70,79,80
10,19,20,28,29,30,31,37,38,39,40,41,47,48,49,50,51,57,58,59,60,67,68,69,70,77,78,79,80,88,89
11,28,29,30,31,37,38,39,40,41,47,48,49,50,51,57,58,59,60,61,67,68,69,70,71,77,78,79,80,88,89,90
12,11,12,13,20,21,22,23,24,29,30,31,32,33,34,39,40,41,42,43,44,49,50,51,52,53,54,59,60,61,62,63,64,69,70,71,72,73,74,79,80,81,83,90
13,23,24,25,26,32,33,34,35,36,37,42,43,44,45,46,47,52,53,54,55,56,57,62,63,64,65,66,67,72,73,74,75,76,83,84,85
14,16,17,24,25,26,27,34,35,36,37,38,44,45,46,47,48,54,55,56,57,58,64,65,66,67,68,74,75,76,77
15,17,25,26,27,28,35,36,37,38,45,46,47,48,49,55,56,57,58,59,65,66,67,68,76,77,78,87
16,6,7,8,15,16,17,18,25,26,27,28,35,36,37,38,45,46,47,48,56,57,58,66,67,68,76,77,78
17,6,7,8,15,16,17,18,25,26,27,28,34,35,36,37,38,44,45,46,47,48,54,55,56,57,58,64,65,66,67,68,74,75,76,77,84,85,86
18,25,26,34,35,36,44,45,46,47,54,55,56,57,64,65,66,67,74,75,76,77,84,85,86,87,94,95,96
19,35,36,44,45,46,54,55,56,57,63,64,65,66,67,73,74,75,76,77,83,84,85,86,87,91,92,93,94,95,96,97,98,99,100
20,45,46,54,55,56,57,63,64,65,66,67,73,74,75,76,77,83,84,85,86,87,91,92,93,94,95,96,97,98,99,100
21,25,26,34,35,36,37,44,45,46,47,54,55,56,57,63,64,65,66,67,73,74,75,76,77,83,84,85,86,87,93,94,95,96,97
22,25,26,34,35,36,37,44,45,46,47,54,55,56,57,64,65,66,67,74,75,76
23,15,24,25,26,34,35,36,44,45,46,47,54,55,56,64,65,66,74,75,76
24,15,24,25,26,34,35,36,43,44,45,46,53,54,55,56,64,65,66,74,75,76
25,15,24,25,26,33,34,35,36,43,44,45,46,53,54,55,56,64,65,66,74,75,76
26,14,15,23,24,25,26,33,34,35,36,43,44,45,46,53,54,55,56,63,64,65,66,73,74,75,76
27,14,15,23,24,25,33,34,35,43,44,45,53,54,55,63,64,65,73,74,75
28,14,15,23,24,25,33,34,35,43,44,45,53,54,55,63,64,65,73,74,75
29,14,15,16,23,24,25,26,33,34,35,36,37,43,44,45,46,47,53,54,55,56,57,63,64,65,66,67,73,74,75,76
30,16,24,25,26,27,34,35,36,37,44,45,46,47,54,55,56,57,64,65,66,67,75,76,77,85,86
31,25,26,34,35,36,37,44,45,46,47,54,55,56,57,64,65,66,67,74,75,76,77,84,85,86
32,35,36,44,45,46,47,54,55,56,57,64,65,66,67,74,75,76,77,84,85,86,87,95,96,97
33,35,36,44,45,46,47,54,55,56,57,64,65,66,67,74,75,76,77,84,85,86,87,94,95,96,97
34,36,45,46,47,54,55,56,57,64,65,66,67,74,75,76,77,84,85,86,87,94,95,96,97
35,36,45,46,47,54,55,56,57,64,65,66,67,68,74,75,76,77,78,84,85,86,87,88,94,95,96,97,98
36,36,45,46,47,55,56,57,58,64,65,66,67,68,74,75,76,77,78,84,85,86,87,88,94,95,96,97,98
37,36,37,45,46,47,55,56,57,58,64,65,66,67,68,74,75,76,77,78,84,85,86,87,88,94,95,96,97,98
38,36,37,45,46,47,48,55,56,57,58,65,66,67,68,75,76,77,78,85,86,87,88,95,96,97,98
39,36,37,38,45,46,47,48,55,56,57,58,65,66,67,68,75,76,77,78,85,86,87,88,95,96,97,98
40,27,28,36,37,38,45,46,47,48,55,56,57,58,65,66,67,68,75,76,77,78,86,87,88
41,26,27,28,36,37,38,45,46,47,48,55,56,57,58,66,67,68,76,77,78,86,87
42,26,27,28,36,37,38,45,46,47,48,55,56,57,58,66,67,68,76,77,78,87
43,26,27,28,36,37,38,45,46,47,48,55,56,57,58,66,67,68,76,77,78,87
44,26,27,28,35,36,37,38,45,46,47,48,55,56,57,58,65,66,67,68,75,76,77,78,87
45,16,24,25,26,27,34,35,36,37,44,45,46,47,48,54,55,56,57,58,64,65,66,67,74,75,76,77
46,14,23,24,25,26,33,34,35,36,42,43,44,45,46,52,53,54,55,56,63,64,65,66,73,74,75,76
47,14,23,24,25,32,33,34,35,42,43,44,45,52,53,54,55,63,64,65,73,74,75
48,14,23,24,25,32,33,34,35,42,43,44,45,52,53,54,55,63,64,65,73,74,75
49,14,23,24,25,32,33,34,35,42,43,44,45,52,53,54,55,63,64,65,73,74,75
50,14,23,24,25,32,33,34,35,42,43,44,45,52,53,54,55,62,63,64,65,73,74,75
51,14,22,23,24,25,32,33,34,35,42,43,44,45,52,53,54,55,62,63,64,65,73,74
52,14,22,23,24,25,32,33,34,35,42,43,44,45,52,53,54,55,62,63,64,65,73,74
53,14,22,23,24,25,32,33,34,35,42,43,44,45,52,53,54,55,62,63,64,65,73,74
54,14,22,23,24,25,32,33,34,35,42,43,44,45,52,53,54,55,62,63,64,65,73,74,75,83,84
55,23,24,25,26,27,32,33,34,35,36,37,42,43,44,45,46,47,52,53,54,55,56,57,62,63,64,65,66,67,73,74,75,76,77,83,84,85,86,87
56,26,27,28,35,36,37,38,45,46,47,48,55,56,57,58,65,66,67,68,75,76,77,78,85,86,87,88
57,27,28,29,36,37,38,39,40,46,47,48,49,50,56,57,58,59,60,66,67,68,69,70,76,77,78,79,80,86,87,88,89
58,28,29,30,31,37,38,39,40,41,47,48,49,50,51,57,58,59,60,61,67,68,69,70,71,78,79,80,88,89,90
59,29,30,31,38,39,40,41,48,49,50,51,58,59,60,61,68,69,70,71,78,79,80,81,89,90
60,29,30,31,39,40,41,49,50,51,59,60,61,69,70,71,79,80,81,89,90
