1,25,26,34,35,36,44,45,46,47,54,55,56,57,64,65,66,67,74,75,76,84,85,86
2,25,26,34,35,36,37,44,45,46,47,54,55,56,57,64,65,66,67,74,75,76,77,84,85,86,87
3,26,27,35,36,37,38,44,45,46,47,48,54,55,56,57,58,64,65,66,67,68,74,75,76,77,78,85,86,87,88
4,27,28,29,36,37,38,39,40,46,47,48,49,50,55,56,57,58,59,60,65,66,67,68,69,70,76,77,78,79,86,87,88,89
5,28,29,30,37,38,39,40,47,48,49,50,57,58,59,60,67,68,69,70,77,78,79,80,88,89
6,26,27,28,29,35,36,37,38,39,45,46,47,48,49,55,56,57,58,59,65,66,67,68,69,75,76,77,78,79,86,87,88
7,24,25,26,27,33,34,35,36,37,43,44,45,46,47,53,54,55,56,57,63,64,65,66,67,73,74,75,76,77,84,85,86,87
8,22,23,24,25,31,32,33,34,35,41,42,43,44,45,51,52,53,54,55,61,62,63,64,65,71,72,73,74,75,82,83,84,85
9,22,23,24,31,32,33,34,35,41,42,43,44,45,51,52,53,54,55,61,62,63,64,65,71,72,73,74,75,82,83,84,85
10,24,33,34,35,36,43,44,45,46,53,54,55,56,63,64,65,66,73,74,75,76,83,84,85,86,94,95,96
11,25,34,35,36,44,45,46,53,54,55,56,57,63,64,65,66,67,73,74,75,76,84,85,86,94,95,96
12,25,34,35,36,43,44,45,46,53,54,55,56,57,63,64,65,66,67,74,75,76,84,85,86
13,24,25,33,34,35,36,43,44,45,46,53,54,55,56,63,64,65,66,73,74,75,76,84,85
14,24,25,33,34,35,36,43,44,45,46,53,54,55,56,63,64,65,66,73,74,75,76,83,84,85
15,24,25,26,33,34,35,36,43,44,45,46,47,53,54,55,56,57,63,64,65,66,67,73,74,75,76,84,85,86
16,25,26,34,35,36,44,45,46,47,54,55,56,57,64,65,66,67,74,75,76,77,84,85,86,87,94,95,96,97
17,35,36,44,45,46,47,54,55,56,57,64,65,66,67,73,74,75,76,77,83,84,85,86,87,88,91,92,93,94,95,96,97,98,99,100
18,35,36,44,45,46,47,54,55,56,57,64,65,66,67,73,74,75,76,77,83,84,85,86,87,88,91,92,93,94,95,96,97,98,99,100
19,35,36,44,45,46,47,54,55,56,57,64,65,66,67,74,75,76,77,84,85,86,87,94,95,96,97
20,25,26,34,35,36,44,45,46,47,54,55,56,57,64,65,66,67,74,75,76,77,84,85,86,95
21,25,26,34,35,36,44,45,46,47,53,54,55,56,57,64,65,66,67,74,75,76,84,85,86
22,24,25,26,33,34,35,36,43,44,45,46,53,54,55,56,63,64,65,66,73,74,75,76,84,85
23,24,25,33,34,35,36,43,44,45,46,53,54,55,56,63,64,65,66,73,74,75,76,84,85
24,25,26,34,35,36,37,43,44,45,46,47,53,54,55,56,57,63,64,65,66,67,74,75,76,77,84,85,86
25,26,27,35,36,37,44,45,46,47,54,55,56,57,64,65,66,67,75,76,77,85,86,87
26,26,27,35,36,37,45,46,47,48,55,56,57,58,65,66,67,68,75,76,77,78,85,86,87
27,26,27,35,36,37,45,46,47,48,55,56,57,58,65,66,67,68,75,76,77,85,86,87
28,26,27,35,36,37,45,46,47,55,56,57,65,66,67,75,76,77,85,86,87
29,15,16,24,25,26,27,34,35,36,37,44,45,46,47,54,55,56,57,64,65,66,67,74,75,76,77,86
30,15,23,24,25,26,33,34,35,36,42,43,44,45,46,52,53,54,55,56,63,64,65,66,73,74,75,76
31,23,24,25,32,33,34,35,42,43,44,45,52,53,54,55,62,63,64,65,72,73,74,75,83,84
32,22,23,24,31,32,33,34,35,41,42,43,44,45,51,52,53,54,55,61,62,63,64,65,71,72,73,74,75,82,83,84
33,22,23,31,32,33,34,41,42,43,44,51,52,53,54,61,62,63,64,71,72,73,74,82,83
34,21,22,23,31,32,33,40,41,42,43,50,51,52,53,60,61,62,63,70,71,72,73,80,81,82
35,21,22,23,31,32,33,40,41,42,43,44,50,51,52,53,54,60,61,62,63,70,71,72,73,81,82
36,22,23,31,32,33,34,41,42,43,44,51,52,53,54,61,62,63,64,71,72,73
37,22,23,24,31,32,33,34,41,42,43,44,51,52,53,54,61,62,63,64,71,72,73,74,83
38,23,24,32,33,34,35,42,43,44,45,52,53,54,55,62,63,64,65,72,73,74,83,84
39,23,24,32,33,34,35,42,43,44,45,52,53,54,55,62,63,64,65,72,73,74,75,83,84
40,23,24,32,33,34,35,42,43,44,45,52,53,54,55,62,63,64,65,72,73,74,75,83,84
41,23,24,25,32,33,34,35,42,43,44,45,52,53,54,55,62,63,64,65,73,74,75,83,84
42,23,24,25,33,34,35,42,43,44,45,52,53,54,55,62,63,64,65,73,74,75,84
43,23,24,25,33,34,35,42,43,44,45,52,53,54,55,63,64,65,73,74,75,84
44,24,25,33,34,35,43,44,45,53,54,55,63,64,65,73,74,75,84
45,23,24,25,33,34,35,42,43,44,45,52,53,54,55,63,64,65,73,74,75,84
46,24,25,33,34,35,36,43,44,45,46,53,54,55,56,63,64,65,66,73,74,75,84
47,24,25,26,33,34,35,36,43,44,45,46,53,54,55,56,63,64,65,66,73,74,75,76,84,85
48,25,26,34,35,36,43,44,45,46,47,53,54,55,56,57,63,64,65,66,67,74,75,76,84,85,86
49,25,26,34,35,36,37,44,45,46,47,54,55,56,57,64,65,66,67,74,75,76,77,84,85,86
50,24,25,26,27,33,34,35,36,37,43,44,45,46,47,53,54,55,56,57,63,64,65,66,67,73,74,75,76,77,84,85,86
51,24,25,33,34,35,36,43,44,45,46,52,53,54,55,56,63,64,65,66,73,74,75,84,85
52,23,24,25,32,33,34,35,36,42,43,44,45,46,52,53,54,55,56,62,63,64,65,66,73,74,75,76,83,84,85
53,24,25,26,33,34,35,36,43,44,45,46,47,53,54,55,56,57,63,64,65,66,67,73,74,75,76,84,85,86
54,25,26,34,35,36,37,44,45,46,47,54,55,56,57,64,65,66,67,74,75,76,77,85,86
55,26,27,35,36,37,44,45,46,47,48,54,55,56,57,58,64,65,66,67,68,74,75,76,77,78,85,86,87
56,27,35,36,37,45,46,47,48,55,56,57,58,65,66,67,68,75,76,77,78,85,86,87,88
57,26,27,35,36,37,45,46,47,48,55,56,57,58,65,66,67,68,75,76,77,78,85,86,87
58,26,27,28,35,36,37,38,45,46,47,48,49,55,56,57,58,59,65,66,67,68,69,75,76,77,78,86,87,88
59,27,28,29,30,36,37,38,39,40,41,46,47,48,49,50,51,56,57,58,59,60,61,66,67,68,69,70,76,77,78,79,80,87,88,89,90
60,29,30,31,38,39,40,41,48,49,50,51,58,59,60,61,68,69,70,71,78,79,80,89,90
