1,15,16,24,25,26,27,34,35,36,37,44,45,46,47,54,55,56,57,64,65,66,67,74,75,76,77,84,85,86,87,95,96
2,35,36,44,45,46,47,54,55,56,57,64,65,66,67,73,74,75,76,77,78,82,83,84,85,86,87,88,91,92,93,94,95,96,97,98,99,100
3,34,35,43,44,45,46,53,54,55,56,57,63,64,65,66,67,73,74,75,76,77,78,81,82,83,84,85,86,87,88,89,90,91,92,93,94,95,96,97,98,99,100
4,13,14,22,23,24,25,32,33,34,35,42,43,44,45,46,52,53,54,55,56,62,63,64,65,66,73,74,75,76,83,84,85
5,3,4,5,6,12,13,14,15,16,22,23,24,25,26,32,33,34,35,36,42,43,44,45,46,52,53,54,55,56,63,64,65,73,74
6,4,5,6,13,14,15,16,17,18,23,24,25,26,27,28,33,34,35,36,37,38,43,44,45,46,47,48,54,55,56,57,58,64,65,66,67,68,77
7,8,16,17,18,19,25,26,27,28,29,35,36,37,38,39,45,46,47,48,49,55,56,57,58,59,66,67,68,69,77
8,1,2,3,4,5,6,7,8,9,10,11,13,14,15,16,17,18,19,20,24,25,26,27,28,29,30,35,36,37,38,39,46,47,48,49,57,58,59,67,68,69
9,1,2,3,4,5,6,7,8,9,10,11,12,13,14,15,16,17,18,19,20,24,25,26,27,28,29,34,35,36,37,38,39,45,46,47,48,55,56,57,58,65,66,67,68,75,76,77,78,86,87
10,27,35,36,37,38,45,46,47,48,55,56,57,58,65,66,67,68,69,75,76,77,78,79,85,86,87,88,89,95,96,97,98,99
11,35,36,37,44,45,46,47,48,54,55,56,57,58,64,65,66,67,68,74,75,76,77,78,84,85,86,87,88,95,96,97,98
12,24,25,26,33,34,35,36,43,44,45,46,47,53,54,55,56,57,63,64,65,66,67,73,74,75,76,77,84,85,86
13,21,22,23,24,25,31,32,33,34,35,40,41,42,43,44,45,46,50,51,52,53,54,55,56,60,61,62,63,64,65,66,70,71,72,73,74,75,81,82,83,84,85
14,20,21,22,29,30,31,32,33,39,40,41,42,43,49,50,51,52,53,59,60,61,62,63,69,70,71,72,73,79,80,81,82,90
15,20,21,29,30,31,39,40,41,42,48,49,50,51,52,58,59,60,61,68,69,70,71,79,80,89,90
16,29,30,31,32,39,40,41,42,48,49,50,51,52,58,59,60,61,62,68,69,70,71,72,79,80,81,82,89,90
17,31,32,33,40,41,42,43,44,50,51,52,53,54,60,61,62,63,64,70,71,72,73,74,80,81,82,83,90,91,92,93
18,13,14,22,23,24,31,32,33,34,35,41,42,43,44,45,51,52,53,54,55,61,62,63,64,71,72,73,74,81,82,83
19,13,14,15,22,23,24,25,26,32,33,34,35,36,42,43,44,45,46,52,53,54,55,56,62,63,64,65,66,73,74,75,76
20,15,16,24,25,26,27,34,35,36,37,44,45,46,47,48,54,55,56,57,58,64,65,66,67,74,75,76,77
21,16,17,18,25,26,27,28,35,36,37,38,45,46,47,48,55,56,57,58,65,66,67,68,75,76,77,78
22,17,18,26,27,28,29,36,37,38,39,46,47,48,49,56,57,58,59,66,67,68,69,76,77,78,79
23,17,18,19,26,27,28,29,36,37,38,39,46,47,48,49,56,57,58,59,66,67,68,69,77,78,79
24,17,18,26,27,28,29,35,36,37,38,39,45,46,47,48,49,55,56,57,58,59,65,66,67,68,69,75,76,77,78,85,86,87,88,96,97
25,36,37,45,46,47,55,56,57,58,64,65,66,67,68,74,75,76,77,78,84,85,86,87,88,94,95,96,97,98
26,46,47,55,56,57,58,64,65,66,67,68,74,75,76,77,78,83,84,85,86,87,88,89,91,92,93,94,95,96,97,98,99,100
27,46,47,55,56,57,64,65,66,67,68,74,75,76,77,78,83,84,85,86,87,88,89,91,92,93,94,95,96,97,98,99,100
28,36,37,45,46,47,55,56,57,58,64,65,66,67,68,74,75,76,77,78,84,85,86,87,88,94,95,96,97,98
29,36,37,45,46,47,55,56,57,58,64,65,66,67,68,74,75,76,77,78,85,86,87,88,95,96,97
30,25,26,27,34,35,36,37,44,45,46,47,54,55,56,57,58,64,65,66,67,68,75,76,77,78,85,86,87,95,96,97
31,16,24,25,26,34,35,36,37,44,45,46,47,54,55,56,57,64,65,66,67,75,76
32,16,24,25,26,27,34,35,36,37,44,45,46,47,54,55,56,57,64,65,66,67,75,76
33,16,24,25,26,27,34,35,36,37,44,45,46,47,54,55,56,57,64,65,66,67,75,76
34,16,24,25,26,27,34,35,36,37,44,45,46,47,54,55,56,57,64,65,66,67,75,76
35,16,24,25,26,27,34,35,36,37,44,45,46,47,54,55,56,57,64,65,66,67,75,76
36,16,17,24,25,26,27,34,35,36,37,44,45,46,47,54,55,56,57,64,65,66,67,75,76,77
37,16,17,18,25,26,27,28,35,36,37,38,45,46,47,48,55,56,57,58,65,66,67,68,75,76,77,78
38,17,18,26,27,28,36,37,38,39,46,47,48,49,56,57,58,59,66,67,68,69,76,77,78,79,87,88,89
39,28,37,38,39,46,47,48,49,56,57,58,59,65,66,67,68,69,75,76,77,78,79,84,85,86,87,88,89,90,91,92,93,94,95,96,97,98,99,100
40,47,56,57,58,65,66,67,68,69,74,75,76,77,78,79,81,82,83,84,85,86,87,88,89,90,91,92,93,94,95,96,97,98,99,100
41,55,56,57,58,64,65,66,67,68,73,74,75,76,77,78,79,81,82,83,84,85,86,87,88,89,90,91,92,93,94,95,96,97,98,99,100
42,55,56,57,64,65,66,67,68,73,74,75,76,77,78,81,82,83,84,85,86,87,88,89,90,91,92,93,94,95,96,97,98,99,100
43,45,46,54,55,56,57,64,65,66,67,73,74,75,76,77,78,81,82,83,84,85,86,87,88,89,90,91,92,93,94,95,96,97,98,99,100
44,35,36,44,45,46,47,54,55,56,57,64,65,66,67,73,74,75,76,77,83,84,85,86,87,88,91,92,93,94,95,96,97,98,99,100
45,24,25,26,33,34,35,36,43,44,45,46,47,53,54,55,56,57,63,64,65,66,67,73,74,75,76,77,84,85,86
46,14,23,24,25,32,33,34,35,42,43,44,45,46,52,53,54,55,56,63,64,65,73,74,75,84
47,14,15,23,24,25,32,33,34,35,42,43,44,45,52,53,54,55,63,64,65,73,74,75
48,4,5,6,13,14,15,16,23,24,25,26,33,34,35,36,43,44,45,46,53,54,55,56,63,64,65,74,75
49,3,4,5,6,7,13,14,15,16,17,18,23,24,25,26,27,28,33,34,35,36,37,38,43,44,45,46,47,48,53,54,55,56,57,64,65,66,67
50,6,7,15,16,17,18,25,26,27,28,35,36,37,38,45,46,47,48,55,56,57,58,65,66,67,68,75,76,77,78,86,87
51,26,27,28,35,36,37,38,45,46,47,48,55,56,57,58,65,66,67,68,75,76,77,78,86,87,88
52,27,28,36,37,38,46,47,48,49,56,57,58,59,66,67,68,69,76,77,78,79,86,87,88,89,97,98
53,25,26,34,35,36,37,38,44,45,46,47,48,49,54,55,56,57,58,59,64,65,66,67,68,69,75,76,77,78,79,85,86,87,88,89,96,97,98
54,25,26,27,34,35,36,37,44,45,46,47,54,55,56,57,64,65,66,67,74,75,76,77,84,85,86,87
55,35,36,37,44,45,46,47,54,55,56,57,64,65,66,67,68,74,75,76,77,78,83,84,85,86,87,88,91,92,93,94,95,96,97,98,99,100
56,34,35,43,44,45,46,53,54,55,56,57,63,64,65,66,67,68,73,74,75,76,77,78,83,84,85,86,87,88,91,92,93,94,95,96,97,98,99,100
57,23,24,32,33,34,35,42,43,44,45,52,53,54,55,56,62,63,64,65,66,72,73,74,75,76,82,83,84,85,94,95
58,22,23,24,31,32,33,34,41,42,43,44,51,52,53,54,55,61,62,63,64,71,72,73,74,81,82,83,84
59,21,22,23,31,32,33,40,41,42,43,50,51,52,53,60,61,62,63,70,71,72,73,80,81,82,83,90
60,21,30,31,32,39,40,41,42,49,50,51,52,59,60,61,62,69,70,71,72,79,80,81,82,90
