1,14,15,16,17,24,25,26,27,34,35,36,37,45,46
2,6,7,14,15,16,17,18,24,25,26,27,28,34,35,36,37,38,45,46,47
3,16,17,18,19,26,27,28,29,36,37,38,39,47,48,49
4,15,16,17,18,24,25,26,27,28,29,34,35,36,37,38,39,45,46,47,48
5,14,15,16,17,24,25,26,27,34,35,36,37,45,46
6,14,15,16,23,24,25,26,27,33,34,35,36,44,45
7,13,14,15,16,23,24,25,26,33,34,35,36,44,45
8,13,14,15,16,22,23,24,25,26,32,33,34,35,36,43,44,45
9,13,14,15,22,23,24,25,32,33,34,35,43,44,45
10,12,13,14,15,22,23,24,25,32,33,34,35,43,44
11,11,12,13,14,21,22,23,24,25,31,32,33,34,42,43,44
12,11,12,13,20,21,22,23,30,31,32,33,40,41,42
13,11,12,19,20,21,22,29,30,31,32,39,40,41,50
14,11,18,19,20,21,28,29,30,31,38,39,40
15,11,18,19,20,21,28,29,30,31,38,39,40
16,10,11,12,18,19,20,21,22,28,29,30,31,32,38,39,40
17,1,2,10,11,12,13,19,20,21,22,23,29,30,31,32,39,40,41,50
18,1,2,3,11,12,13,14,20,21,22,23,24,30,31,32,33,40
19,2,3,11,12,13,14,21,22,23,24,31,32,33,34
20,2,3,11,12,13,14,21,22,23,24,31,32,33,34
21,3,12,13,14,15,22,23,24,25,32,33,34,35,43,44
22,12,13,14,15,16,22,23,24,25,26,32,33,34,35,36,43,44,45
23,14,15,16,23,24,25,26,33,34,35,36,44,45,46
24,14,15,16,17,24,25,26,27,34,35,36,37,45,46
25,14,15,16,17,24,25,26,27,34,35,36,37,45,46
26,15,16,17,24,25,26,27,28,34,35,36,37,38,45,46,47
27,15,16,17,18,25,26,27,28,35,36,37,38,46,47
28,15,16,17,18,25,26,27,28,35,36,37,38,45,46,47
29,15,16,17,18,19,25,26,27,28,29,35,36,37,38,39,46,47,48
30,16,17,18,19,25,26,27,28,29,35,36,37,38,39,46,47,48
31,14,15,16,17,18,24,25,26,27,28,34,35,36,37,38,46,47
32,14,15,16,17,24,25,26,27,34,35,36,37,45,46
33,14,15,16,17,24,25,26,27,34,35,36,37,44,45,46
34,14,15,16,17,24,25,26,27,34,35,36,37,44,45,46
35,14,15,16,17,24,25,26,27,34,35,36,37,44,45,46
36,13,14,15,16,23,24,25,26,33,34,35,36,44,45,46
37,13,14,15,22,23,24,25,26,32,33,34,35,36,43,44,45
38,13,14,15,22,23,24,25,26,32,33,34,35,43,44,45
39,13,14,15,23,24,25,26,33,34,35,36,44,45
40,13,14,15,23,24,25,26,33,34,35,44,45
41,13,14,15,23,24,25,26,33,34,35,44
42,13,14,15,23,24,25,26,33,34,35,44,45
43,13,14,15,23,24,25,33,34,35,44
44,13,14,15,23,24,25,33,34,35,44
45,13,14,15,23,24,25,33,34,35,44
46,13,14,15,16,23,24,25,26,33,34,35,36,44,45
47,14,15,16,17,24,25,26,27,34,35,36,37,44,45,46,47
48,15,16,24,25,26,27,34,35,36,37,43,44,45,46,47,48
49,24,25,26,27,33,34,35,36,37,38,41,42,43,44,45,46,47,48,49,50
50,25,26,27,33,34,35,36,37,38,41,42,43,44,45,46,47,48,49,50
51,25,26,33,34,35,36,37,38,41,42,43,44,45,46,47,48,49,50
52,25,26,33,34,35,36,37,38,41,42,43,44,45,46,47,48,49,50
53,24,25,26,27,33,34,35,36,37,38,41,42,43,44,45,46,47,48,49,50
54,24,25,26,27,33,34,35,36,37,38,41,42,43,44,45,46,47,48,49,50
55,24,25,26,27,34,35,36,37,43,44,45,46,47,48
56,16,24,25,26,27,34,35,36,37,44,45,46,47
57,15,16,23,24,25,26,27,33,34,35,36,37,43,44,45,46,47
58,13,14,15,22,23,24,25,26,32,33,34,35,36,42,43,44,45,46
59,12,13,14,22,23,24,25,32,33,34,35,42,43,44,45
60,12,13,14,22,23,24,25,32,33,34,35,42,43,44
