1,5,6,13,14,15,16,17,23,24,25,26,27,33,34,35,36,37,44,45
2,13,14,15,16,23,24,25,26,33,34,35,36,43,44,45,46
3,14,15,23,24,25,26,32,33,34,35,36,37,41,42,43,44,45,46,47,48,49,50
4,14,22,23,24,25,26,32,33,34,35,36,37,38,41,42,43,44,45,46,47,48,49,50
5,12,13,14,21,22,23,24,25,31,32,33,34,35,42,43,44,45
6,11,12,13,14,21,22,23,24,30,31,32,33,34,40,41,42,43,44
7,11,12,13,14,20,21,22,23,24,30,31,32,33,34,40,41,42,43
8,12,13,14,15,16,21,22,23,24,25,26,27,31,32,33,34,35,36,42,43,44,45,46
9,14,15,16,17,24,25,26,27,34,35,36,37,45,46,47
10,15,16,17,18,25,26,27,28,35,36,37,38,45,46,47
11,16,17,18,19,25,26,27,28,29,35,36,37,38,39,46,47,48,49
12,16,17,18,19,26,27,28,29,36,37,38,39,47,48,49
13,15,16,17,18,25,26,27,28,29,35,36,37,38,39,46,47,48
14,14,15,16,17,24,25,26,27,34,35,36,37,46
15,14,15,16,17,24,25,26,27,34,35,36,37,45,46
16,14,15,16,17,24,25,26,27,34,35,36,37
17,6,14,15,16,17,24,25,26,27,34,35,36,37
18,6,14,15,16,17,24,25,26,27,34,35,36,37
19,14,15,16,17,24,25,26,27,34,35,36,37,45,46
20,14,15,16,17,24,25,26,27,34,35,36,37,45,46
21,15,16,17,24,25,26,27,34,35,36,37,45,46,47
22,15,16,17,24,25,26,27,34,35,36,37,45,46,47
23,15,16,17,24,25,26,27,34,35,36,37,45,46,47
24,15,16,17,24,25,26,27,34,35,36,37,45,46,47
25,16,17,25,26,27,35,36,37,38,45,46,47
26,16,17,24,25,26,27,28,34,35,36,37,38,45,46,47
27,15,16,17,24,25,26,27,34,35,36,37,45,46,47
28,15,16,17,24,25,26,27,34,35,36,37,44,45,46,47
29,14,15,16,23,24,25,26,27,33,34,35,36,37,44,45,46,47
30,13,14,15,16,23,24,25,26,33,34,35,36,44,45,46
31,13,14,15,16,23,24,25,26,33,34,35,36,44,45,46
32,12,13,14,15,16,22,23,24,25,26,32,33,34,35,36,44,45
33,4,12,13,14,15,22,23,24,25,32,33,34,35
34,4,12,13,14,15,22,23,24,25,32,33,34,35
35,4,12,13,14,15,22,23,24,25,33,34,35
36,4,5,13,14,15,16,23,24,25,26,33,34,35
37,4,5,13,14,15,16,23,24,25,26,33,34,35
38,4,5,13,14,15,16,17,23,24,25,26,27,33,34,35,36,37,45,46
39,14,15,16,17,24,25,26,27,34,35,36,37,45,46,47
40,13,14,15,16,23,24,25,26,27,33,34,35,36,45,46
41,13,14,15,16,23,24,25,26,33,34,35,36
42,4,5,13,14,15,16,23,24,25,26,33,34,35,36
43,4,5,13,14,15,16,17,23,24,25,26,27,33,34,35,36,37
44,7,14,15,16,17,18,24,25,26,27,28,34,35,36,37,38,46,47
45,15,16,17,18,25,26,27,28,35,36,37,38,46,47
46,16,17,18,26,27,28,29,36,37,38,39,46,47,48
47,14,15,16,17,18,24,25,26,27,28,29,34,35,36,37,38,39,45,46,47,48
48,13,14,15,16,23,24,25,26,27,33,34,35,36,44,45
49,13,14,15,16,23,24,25,26,33,34,35,36,44,45
50,13,14,15,22,23,24,25,32,33,34,35,43,44
51,13,14,15,16,22,23,24,25,26,32,33,34,35,36,43,44,45,46
52,14,15,16,17,24,25,26,27,34,35,36,37,44,45,46
53,13,14,15,16,17,23,24,25,26,27,33,34,35,36,37,43,44,45,46
54,12,13,14,15,22,23,24,25,26,32,33,34,35,36,42,43,44,45
55,12,13,14,22,23,24,25,32,33,34,35,42,43,44
56,12,13,14,22,23,24,25,32,33,34,35,42,43,44
57,12,13,14,22,23,24,25,32,33,34,35,42,43,44
58,11,12,13,14,21,22,23,24,25,31,32,33,34,35,41,42,43,44
59,11,12,13,14,21,22,23,24,31,32,33,34,41,42,43,44
60,12,13,14,15,16,17,22,23,24,25,26,27,32,33,34,35,36,37,43,44,45,46,47
