1,3,7,8,9,12,13,14,17,18,19,22,23
2,7,8,11,12,13,16,17,18,19,21,22,23,24,25
3,13,14,16,17,18,19,20,21,22,23,24,25
4,13,14,15,17,18,19,20,21,22,23,24,25
5,4,5,8,9,10,13,14,15,18,19,20,23,24,25
6,3,4,5,8,9,10,13,14,15,18,19
7,3,4,7,8,9,12,13,14,17,18,19,23
8,6,7,8,11,12,13,14,16,17,18,19,22,23
9,6,7,11,12,13,16,17,18,21,22,23
10,7,8,11,12,13,16,17,18,21,22,23
11,7,8,12,13,17,18,22,23
12,3,7,8,12,13,17,18
13,3,7,8,12,13,17,18
14,3,7,8,12,13,17,18,22,23
15,7,8,12,13,17,18,22,23
16,7,8,9,12,13,14,17,18,19,22,23
17,7,8,9,12,13,14,17,18,19
18,7,8,9,12,13,14,17,18,19
19,7,8,9,12,13,14,17,18,19
20,7,8,9,12,13,14,17,18,19
21,7,8,9,12,13,14,17,18,19
22,7,8,9,12,13,14,17,18,19
23,7,8,9,12,13,14,17,18,19
24,7,8,9,12,13,14,17,18,19
25,7,8,9,12,13,14,17,18,19
26,7,8,9,12,13,14,17,18,19
27,7,8,9,12,13,14,17,18,19
28,7,8,9,12,13,14,17,18,19
29,7,8,9,12,13,14,17,18,19
30,6,7,8,11,12,13,16,17,18,22
31,6,7,8,11,12,13,16,17,18,22,23
32,7,8,9,12,13,14,17,18,19,23
33,7,8,9,12,13,14,17,18,19,23,24
34,8,9,13,14,18,19,23,24
35,8,9,12,13,14,17,18,19,23,24
36,8,9,12,13,14,17,18,19,22,23,24
37,8,12,13,14,17,18,19,22,23,24
38,8,9,12,13,14,17,18,19,22,23,24
39,8,9,12,13,14,17,18,19,23,24
40,8,9,12,13,14,17,18,19,23,24
41,8,9,12,13,14,17,18,19,23,24
42,8,9,12,13,14,17,18,19,23,24
43,7,8,9,12,13,14,17,18,19,23,24
44,7,8,9,12,13,14,17,18,19,23
45,7,8,9,12,13,14,17,18,19,23
46,3,4,7,8,9,12,13,14,17,18,19,23
47,2,3,4,7,8,9,12,13,14,17,18
48,2,3,7,8,12,13,17,18
49,7,8,12,13,17,18
50,7,8,12,13,17,18,22,23
51,7,8,12,13,17,18,22,23
52,7,8,9,12,13,14,17,18,19,22,23
53,7,8,9,12,13,14,17,18,19,23
54,8,9,12,13,14,17,18,19,22,23,24
55,8,9,12,13,14,17,18,19,22,23,24
56,8,9,13,14,18,19,23,24
57,9,13,14,18,19,23,24
58,8,9,13,14,18,19,23,24
59,8,9,13,14,18,19,23,24
60,8,9,13,14,15,18,19,20,23,24,25
