1,5,6,14,15,16,17,23,24,25,26,27,33,34,35,36,37,44,45,46
2,14,15,16,22,23,24,25,26,32,33,34,35,36,37,41,42,43,44,45,46,47,48,49,50
3,25,26,27,32,33,34,35,36,37,38,39,41,42,43,44,45,46,47,48,49,50
4,26,27,28,29,33,34,35,36,37,38,39,40,41,42,43,44,45,46,47,48,49,50
5,7,8,9,16,17,18,19,26,27,28,29,30,36,37,38,39,40,46,47,48,49,50
6,5,6,7,8,9,15,16,17,18,19,25,26,27,28,29,35,36,37,38
7,6,7,14,15,16,17,18,24,25,26,27,28,34,35,36,37,38,45,46
8,12,13,14,15,16,22,23,24,25,26,27,32,33,34,35,36,37,43,44,45
9,12,13,14,22,23,24,25,32,33,34,35,42,43,44,45
10,13,14,15,22,23,24,25,32,33,34,35,42,43,44,45
11,13,14,15,16,23,24,25,26,33,34,35,36,43,44,45
12,5,13,14,15,16,23,24,25,26,33,34,35,36
13,5,13,14,15,16,23,24,25,26,33,34,35,36
14,5,13,14,15,16,23,24,25,26,33,34,35,36,43,44,45
15,13,14,15,23,24,25,26,33,34,35,36,43,44,45
16,13,14,15,16,17,23,24,25,26,27,33,34,35,36,37,44,45
17,14,15,16,17,24,25,26,27,34,35,36,37
18,14,15,16,17,24,25,26,27,34,35,36,37
19,14,15,16,17,24,25,26,27,34,35,36,37
20,14,15,16,17,24,25,26,27,34,35,36,37
21,14,15,16,17,24,25,26,27,34,35,36,37
22,14,15,16,17,24,25,26,27,34,35,36,37
23,14,15,16,17,24,25,26,27,34,35,36,37
24,14,15,16,17,24,25,26,27,34,35,36,37
25,14,15,16,17,24,25,26,27,34,35,36,37
26,14,15,16,17,24,25,26,27,34,35,36,37
27,14,15,16,17,24,25,26,27,34,35,36,37
28,14,15,16,17,24,25,26,27,34,35,36,37
29,13,14,15,16,17,23,24,25,26,27,33,34,35,36,37
30,12,13,14,15,22,23,24,25,32,33,34,35,43,44
31,12,13,14,15,16,22,23,24,25,26,32,33,34,35,36,43,44,45
32,14,15,16,17,24,25,26,27,34,35,36,37,45,46
33,14,15,16,17,18,24,25,26,27,28,34,35,36,37,38,45,46,47
34,15,16,17,18,25,26,27,28,35,36,37,38,46,47
35,15,16,17,18,24,25,26,27,28,34,35,36,37,38,45,46,47
36,15,16,17,24,25,26,27,34,35,36,37,44,45,46,47
37,15,16,24,25,26,27,34,35,36,37,44,45,46,47
38,15,16,17,24,25,26,27,34,35,36,37,38,44,45,46,47
39,16,17,24,25,26,27,34,35,36,37,38,45,46,47
40,16,17,24,25,26,27,34,35,36,37,45,46,47
41,16,17,24,25,26,27,34,35,36,37,45,46,47
42,15,16,17,18,24,25,26,27,28,34,35,36,37,38,45,46,47
43,14,15,16,17,18,24,25,26,27,28,34,35,36,37,38,45,46,47
44,14,15,16,17,24,25,26,27,34,35,36,37,45,46
45,14,15,16,17,24,25,26,27,34,35,36,37,45,46
46,5,6,7,14,15,16,17,24,25,26,27,34,35,36,37,45,46
47,4,5,6,7,14,15,16,17,24,25,26,27,34,35,36
48,4,5,13,14,15,16,23,24,25,26,33,34,35,36
49,13,14,15,23,24,25,33,34,35
50,13,14,15,23,24,25,26,33,34,35,36,44,45
51,13,14,15,23,24,25,26,33,34,35,36,44,45
52,13,14,15,16,17,23,24,25,26,27,33,34,35,36,37,44,45,46
53,14,15,16,17,24,25,26,27,34,35,36,37,45,46
54,15,16,17,24,25,26,27,34,35,36,37,38,44,45,46,47,48
55,16,17,24,25,26,27,28,34,35,36,37,38,44,45,46,47,48
56,16,17,25,26,27,28,35,36,37,38,45,46,47,48
57,17,25,26,27,28,35,36,37,38,45,46,47,48
58,16,17,25,26,27,28,35,36,37,38,45,46,47,48
59,16,17,25,26,27,28,35,36,37,38,45,46,47,48
60,16,17,18,25,26,27,28,29,35,36,37,38,39,45,46,47,48,49
