1,15,16,24,25,26,27,34,35,36,37,44,45,46,47,54,55,56,57,64,65,66,67,75,76
2,15,16,24,25,26,34,35,36,37,44,45,46,47,54,55,56,57,64,65,66,74,75,76
3,15,24,25,26,34,35,36,43,44,45,46,53,54,55,56,63,64,65,66,73,74,75,76,83,84,85,86,93,94,95,96
4,34,35,43,44,45,52,53,54,55,56,61,62,63,64,65,66,71,72,73,74,75,76,80,81,82,83,84,85,86,87,88,89,90,91,92,93,94,95,96,97,98,99,100
5,14,15,23,24,25,26,32,33,34,35,36,42,43,44,45,46,51,52,53,54,55,56,61,62,63,64,65,71,72,73,74,75,81,82,83,84,85,86,90,91,92,93,94,95,96,97,98,99,100
6,4,5,6,7,8,13,14,15,16,17,18,23,24,25,26,27,33,34,35,36,37,43,44,45,46,47,53,54,55,56,57,63,64,65,74
7,4,5,6,7,8,14,15,16,17,18,24,25,26,27,34,35,36,37,44,45,46,47,54,55,56,57,65,66,67,75,76,77,86
8,26,27,28,29,35,36,37,38,39,45,46,47,48,49,55,56,57,58,59,65,66,67,68,69,75,76,77,78,79,86,87,88
9,28,29,37,38,39,40,46,47,48,49,50,56,57,58,59,60,67,68,69,70,77,78,79,80,87,88,89
10,20,21,28,29,30,31,37,38,39,40,41,47,48,49,50,51,57,58,59,60,61,67,68,69,70,71,78,79,80,88,89
11,20,21,29,30,31,32,39,40,41,42,49,50,51,52,58,59,60,61,68,69,70,71,79,80,81,89,90
12,39,40,41,48,49,50,51,57,58,59,60,61,67,68,69,70,71,76,77,78,79,80,81,86,87,88,89,90,91,92,93,94,95,96,97,98,99,100
13,48,49,57,58,59,60,66,67,68,69,70,71,75,76,77,78,79,80,81,82,83,84,85,86,87,88,89,90,91,92,93,94,95,96,97,98,99,100
14,57,58,59,65,66,67,68,69,70,74,75,76,77,78,79,80,81,82,83,84,85,86,87,88,89,90,91,92,93,94,95,96,97,98,99,100
15,46,47,55,56,57,58,64,65,66,67,68,69,74,75,76,77,78,79,80,81,82,83,84,85,86,87,88,89,90,91,92,93,94,95,96,97,98,99,100
16,35,36,44,45,46,47,53,54,55,56,57,63,64,65,66,67,68,73,74,75,76,77,78,83,84,85,86,87,88,89,91,92,93,94,95,96,97,98,99,100
17,15,16,24,25,26,27,34,35,36,37,44,45,46,47,53,54,55,56,57,63,64,65,66,67,74,75,76,84,85,86
18,15,16,24,25,26,27,34,35,36,37,44,45,46,47,54,55,56,57,64,65,66,67,75,76
19,15,16,24,25,26,27,34,35,36,37,44,45,46,47,54,55,56,57,64,65,66,67,75,76
20,15,16,17,24,25,26,27,34,35,36,37,44,45,46,47,54,55,56,57,64,65,66,67,75,76,77
21,16,17,18,25,26,27,28,35,36,37,38,45,46,47,48,55,56,57,58,65,66,67,68,75,76,77,78
22,17,18,19,26,27,28,29,36,37,38,39,46,47,48,49,50,56,57,58,59,66,67,68,69,76,77,78,79
23,18,19,20,27,28,29,30,37,38,39,40,47,48,49,50,57,58,59,60,67,68,69,70,78,79,80
24,19,20,21,28,29,30,31,38,39,40,41,48,49,50,51,58,59,60,61,68,69,70,78,79,80
25,19,20,21,22,29,30,31,32,38,39,40,41,42,48,49,50,51,52,58,59,60,61,62,69,70,71,72,79,80,81,90
26,21,22,30,31,32,40,41,42,49,50,51,52,59,60,61,62,70,71,72,80,81,90
27,21,22,30,31,32,39,40,41,42,49,50,51,52,59,60,61,62,69,70,71,72,80,81,90
28,21,29,30,31,32,39,40,41,42,49,50,51,52,59,60,61,62,69,70,71,72,79,80,81,90
29,21,29,30,31,32,38,39,40,41,42,48,49,50,51,52,58,59,60,61,68,69,70,71,79,80
30,19,20,21,28,29,30,31,38,39,40,41,48,49,50,51,58,59,60,61,68,69,70,71,78,79,80
31,18,19,27,28,29,30,37,38,39,40,47,48,49,50,57,58,59,60,67,68,69,70,77,78,79,80
32,17,18,19,26,27,28,29,36,37,38,39,46,47,48,49,56,57,58,59,66,67,68,69,76,77,78,79
33,17,18,26,27,28,36,37,38,45,46,47,48,55,56,57,58,66,67,68,76,77,78
34,17,26,27,28,35,36,37,38,45,46,47,48,55,56,57,58,66,67,68,76,77,78
35,16,17,25,26,27,28,35,36,37,38,45,46,47,48,55,56,57,58,65,66,67,68,75,76,77
36,15,16,17,24,25,26,27,33,34,35,36,37,43,44,45,46,47,54,55,56,57,64,65,66,67,74,75,76,77
37,14,15,16,23,24,25,26,33,34,35,36,43,44,45,46,53,54,55,56,63,64,65,66,73,74,75
38,13,14,15,22,23,24,25,32,33,34,35,42,43,44,45,52,53,54,55,62,63,64,65,72,73,74,75,83
39,23,24,32,33,34,41,42,43,44,51,52,53,54,61,62,63,64,71,72,73,74,82,83
40,23,24,32,33,34,41,42,43,44,45,51,52,53,54,55,61,62,63,64,65,71,72,73,74,82,83,84
41,23,24,25,32,33,34,35,42,43,44,45,52,53,54,55,62,63,64,65,72,73,74,75,83,84
42,24,25,33,34,35,36,43,44,45,46,53,54,55,56,63,64,65,66,73,74,75,84,85
43,24,25,26,33,34,35,36,43,44,45,46,53,54,55,56,63,64,65,66,73,74,75,76,84,85
44,24,25,26,34,35,36,43,44,45,46,47,53,54,55,56,57,63,64,65,66,74,75,76,85
45,24,25,26,33,34,35,36,43,44,45,46,53,54,55,56,63,64,65,66,73,74,75,76
46,23,24,25,32,33,34,35,42,43,44,45,52,53,54,55,62,63,64,65,73,74,75
47,23,24,25,32,33,34,35,42,43,44,45,52,53,54,55,62,63,64,65,73,74,75,84
48,23,24,25,32,33,34,35,42,43,44,45,52,53,54,55,62,63,64,65,72,73,74,75,83,84,85
49,24,25,33,34,35,42,43,44,45,52,53,54,55,62,63,64,65,73,74,75,83,84,85
50,24,25,26,33,34,35,36,43,44,45,46,53,54,55,56,63,64,65,66,73,74,75,76,83,84,85
51,16,24,25,26,27,33,34,35,36,37,43,44,45,46,47,48,53,54,55,56,57,63,64,65,66,67,74,75,76,77,84,85
52,16,17,25,26,27,28,35,36,37,38,45,46,47,48,55,56,57,58,65,66,67,68,75,76,77
53,15,16,17,24,25,26,27,34,35,36,37,44,45,46,47,54,55,56,57,64,65,66,67,75,76,77
54,15,16,24,25,26,27,34,35,36,37,44,45,46,47,54,55,56,57,64,65,66,67,74,75,76,77,84,85,86,87
55,24,25,33,34,35,36,42,43,44,45,46,47,52,53,54,55,56,57,62,63,64,65,66,67,72,73,74,75,76,77,83,84,85,86
56,24,32,33,34,35,41,42,43,44,45,51,52,53,54,55,61,62,63,64,65,71,72,73,74,75,81,82,83,84,85,92,93,94
57,23,24,32,33,34,41,42,43,44,45,51,52,53,54,55,61,62,63,64,65,71,72,73,74,75,81,82,83,84,92,93
58,23,24,32,33,34,35,42,43,44,45,52,53,54,55,62,63,64,65,72,73,74,75,82,83,84
59,21,22,23,24,31,32,33,34,41,42,43,44,50,51,52,53,54,60,61,62,63,64,70,71,72,73,74,81,82,83,84
60,21,22,30,31,32,33,40,41,42,43,50,51,52,53,60,61,62,63,70,71,72,73,80,81,82,90
