1,3,7,8,9,12,13,14,17,18,19
2,3,4,7,8,9,12,13,14,17,18,19
3,3,7,8,9,12,13,14,17,18,19,23
4,7,8,9,12,13,14,17,18,19,23
5,7,8,9,12,13,14,17,18,19,23
6,7,8,11,12,13,17,18,22,23
7,3,7,8,11,12,13,16,17,18,22
8,3,7,8,12,13,17,18
9,3,7,8,12,13,17,18
10,7,8,12,13,14,17,18
11,7,8,12,13,17,18,23
12,7,8,12,13,17,18,22,23
13,7,8,12,13,14,17,18,23
14,7,8,11,12,13,16,17,18,22,23
15,7,8,12,13,17,18,22,23
16,7,8,12,13,17,18,22,23
17,7,8,12,13,17,18,22,23
18,7,8,12,13,17,18,22,23
19,7,8,12,13,17,18,22,23
20,7,8,12,13,17,18,22,23
21,7,8,12,13,17,18,22,23
22,7,8,12,13,17,18,22,23
23,7,8,9,12,13,14,17,18,19
24,7,8,9,12,13,14,17,18,19,23
25,7,8,9,12,13,14,17,18,19,23
26,7,8,9,12,13,14,17,18,19,23
27,7,8,9,12,13,14,17,18,19,23
28,7,8,9,12,13,14,17,18,19,23
29,7,8,9,12,13,14,17,18,19,23
30,7,8,9,12,13,14,17,18,19,23
31,7,8,9,12,13,14,17,18,19,23
32,7,8,9,12,13,14,17,18,19,23
33,7,8,9,12,13,14,17,18,19,23
34,7,8,9,12,13,14,17,18,19,23
35,7,8,9,12,13,14,17,18,19,23
36,7,8,9,12,13,14,17,18,19,23
37,7,8,9,12,13,14,17,18,19,23
38,7,8,9,12,13,14,17,18,19
39,7,8,9,12,13,14,17,18,19
40,7,8,9,12,13,14,17,18,19
41,7,8,9,12,13,14,17,18,19
42,7,8,9,12,13,14,17,18,19
43,7,8,9,12,13,14,17,18,19
44,7,8,9,12,13,14,17,18,19
45,7,8,9,12,13,14,17,18,19,22,23
46,7,8,12,13,17,18,22,23
47,7,8,12,13,14,17,18,19,23
48,7,8,12,13,14,17,18,19,23
49,7,8,12,13,14,17,18,19,23
50,7,8,9,12,13,14,17,18,19,23
51,7,8,9,12,13,14,17,18,19,23
52,7,8,9,12,13,14,17,18,19,23
53,7,8,9,12,13,14,17,18,19,23
54,7,8,9,12,13,14,17,18,19,23
55,7,8,9,12,13,14,17,18,19,23
56,7,8,12,13,17,18,22,23
57,7,8,12,13,17,18,22,23
58,3,7,8,9,12,13,14,17,18,19,23
59,3,7,8,9,12,13,14,17,18,19
60,3,4,7,8,9,12,13,14,18,19
