1,6,14,15,16,17,24,25,26,27,34,35,36,37
2,5,6,14,15,16,17,24,25,26,27,34,35,36,37
3,5,6,14,15,16,17,24,25,26,27,34,35,36,37,45,46
4,14,15,16,17,24,25,26,27,34,35,36,37,45,46
5,14,15,16,17,24,25,26,27,34,35,36,37,45,46
6,14,15,16,17,24,25,26,27,34,35,36,37,45,46
7,5,6,13,14,15,16,17,23,24,25,26,27,33,34,35,36,37,44,45,46
8,5,6,14,15,16,17,24,25,26,27,34,35,36,37
9,6,14,15,16,17,24,25,26,27,34,35,36,37,45,46
10,14,15,16,17,24,25,26,27,34,35,36,37,45,46
11,14,15,16,17,24,25,26,27,34,35,36,37,45,46
12,14,15,16,17,24,25,26,27,34,35,36,37,45,46
13,14,15,16,17,24,25,26,27,34,35,36,37,45,46
14,6,14,15,16,17,24,25,26,27,34,35,36,37
15,4,5,6,13,14,15,16,17,23,24,25,26,27,33,34,35,36,37
16,13,14,15,16,23,24,25,26,27,33,34,35,36,37,43,44,45,46
17,13,14,15,16,17,23,24,25,26,27,28,33,34,35,36,37,38,43,44,45,46,47
18,15,16,17,18,25,26,27,28,35,36,37,38,45,46,47,48
19,7,8,16,17,18,19,25,26,27,28,29,35,36,37,38,46,47,48
20,1,2,3,4,5,6,7,8,9,10,14,15,16,17,18,19,25,26,27,28,29,36,37,38
21,1,2,3,4,5,6,7,8,9,10,12,13,14,15,16,17,18,22,23,24,25,26,27,32,33,34,35,36,43,44
22,12,13,14,15,16,17,22,23,24,25,26,27,32,33,34,35,36,37,43,44,45,46
23,4,5,6,13,14,15,16,17,23,24,25,26,27,33,34,35,36,37,45,46
24,3,4,5,12,13,14,15,22,23,24,25,32,33,34,35
25,3,4,5,12,13,14,15,16,22,23,24,25,26,32,33,34,35,36
26,5,6,7,14,15,16,17,18,24,25,26,27,28,34,35,36,37,38
27,16,17,18,19,26,27,28,29,36,37,38,39
28,8,9,17,18,19,20,27,28,29,30,37,38,39,40
29,8,9,16,17,18,19,20,26,27,28,29,30,36,37,38,39,40
30,14,15,16,17,18,19,24,25,26,27,28,29,34,35,36,37,38,39,45,46,47
31,5,13,14,15,16,23,24,25,26,33,34,35,36,45
32,12,13,14,15,16,22,23,24,25,26,32,33,34,35,36
33,5,6,14,15,16,17,24,25,26,27,34,35,36,37,45,46
34,5,6,13,14,15,16,17,23,24,25,26,27,33,34,35,36,44,45
35,4,12,13,14,15,16,22,23,24,25,26,32,33,34,35,36
36,3,4,5,12,13,14,15,22,23,24,25,33,34,35
37,4,5,6,13,14,15,16,17,23,24,25,26,27,33,34,35,36,37
38,6,7,14,15,16,17,18,24,25,26,27,28,34,35,36,37
39,6,7,15,16,17,18,25,26,27,28,35,36,37,38
40,6,14,15,16,17,24,25,26,27,28,35,36,37
41,5,6,13,14,15,16,17,23,24,25,26,27,33,34,35,36,37
42,5,13,14,15,16,17,23,24,25,26,27,33,34,35,36,37,43,44,45
43,6,13,14,15,16,17,23,24,25,26,27,33,34,35,36,37,44,45
44,6,7,15,16,17,18,25,26,27,28,35,36,37,38
45,5,6,7,14,15,16,17,18,24,25,26,27,28,34,35,36,37
46,5,6,14,15,16,17,24,25,26,27,34,35,36,37,45,46
47,14,15,16,17,24,25,26,27,34,35,36,37,45,46
48,14,15,16,17,23,24,25,26,27,34,35,36,37,44,45,46
49,13,14,15,16,23,24,25,26,33,34,35,36,44,45
50,13,14,15,16,17,23,24,25,26,27,33,34,35,36,37,44,45,46
51,14,15,16,17,24,25,26,27,34,35,36,37,45,46
52,14,15,16,17,24,25,26,27,34,35,36,37,45,46
53,13,14,15,16,23,24,25,26,33,34,35,36,44,45
54,13,14,15,16,23,24,25,26,27,33,34,35,36,44,45
55,13,14,15,16,23,24,25,26,33,34,35,36,45
56,12,13,14,15,16,22,23,24,25,26,32,33,34,35,36,44,45
57,5,6,13,14,15,16,23,24,25,26,33,34,35,36,44,45
58,5,6,14,15,16,17,24,25,26,27,34,35,36,37,45,46
59,6,14,15,16,17,24,25,26,27,34,35,36,37
60,6,14,15,16,17,24,25,26,27,34,35,36,37
