1,6,14,15,16,17,24,25,26,27,34,35,36,37,45,46
2,14,15,16,17,24,25,26,27,34,35,36,37,45,46
3,14,15,16,17,23,24,25,26,27,33,34,35,36,37,44,45,46
4,14,15,16,17,23,24,25,26,27,33,34,35,36,37,44,45,46
5,14,15,16,17,24,25,26,27,28,34,35,36,37,45,46,47
6,14,15,16,17,23,24,25,26,27,33,34,35,36,37,44,45,46
7,5,6,7,13,14,15,16,17,23,24,25,26,27,33,34,35,36,44,45
8,5,6,7,14,15,16,17,18,24,25,26,27,28,35,36,37,38
9,6,7,14,15,16,17,18,24,25,26,27,28,34,35,36,37,38,45,46
10,14,15,16,17,23,24,25,26,27,33,34,35,36,37,44,45,46
11,14,15,16,23,24,25,26,27,33,34,35,36,37,44,45,46
12,14,15,16,17,24,25,26,27,34,35,36,37,45,46,47
13,14,15,16,17,24,25,26,27,34,35,36,37,45,46,47
14,14,15,16,17,24,25,26,27,34,35,36,37,44,45,46
15,13,14,15,16,23,24,25,26,33,34,35,36,43,44,45,46
16,13,14,15,16,23,24,25,26,33,34,35,36,44,45,46
17,13,14,15,16,17,23,24,25,26,27,33,34,35,36,37,44,45,46,47
18,15,16,17,24,25,26,27,34,35,36,37,45,46,47
19,14,15,16,17,24,25,26,27,34,35,36,37,44,45,46,47
20,14,15,16,23,24,25,26,27,33,34,35,36,37,44,45,46
21,14,15,16,23,24,25,26,27,33,34,35,36,37,44,45,46
22,14,15,16,23,24,25,26,34,35,36,44,45,46
23,14,15,16,17,23,24,25,26,27,34,35,36,37,44,45,46
24,14,15,16,17,24,25,26,27,34,35,36,37,45,46
25,14,15,16,17,24,25,26,27,34,35,36,37,44,45,46
26,14,15,16,17,24,25,26,27,34,35,36,37,45,46
27,14,15,16,17,24,25,26,27,34,35,36,37,45,46,47
28,15,16,17,18,24,25,26,27,28,35,36,37,38,45,46,47
29,15,16,17,18,25,26,27,28,35,36,37,38,46,47
30,15,16,17,18,25,26,27,28,35,36,37,38,45,46,47
31,14,15,16,17,24,25,26,27,34,35,36,37,44,45,46,47
32,14,15,16,24,25,26,27,34,35,36,37,44,45,46
33,14,15,16,17,24,25,26,27,34,35,36,37,44,45,46
34,14,15,16,23,24,25,26,27,33,34,35,36,37,44,45,46
35,13,14,15,16,23,24,25,26,27,33,34,35,36,37,43,44,45,46
36,13,14,15,16,17,23,24,25,26,27,33,34,35,36,37,44,45,46
37,14,15,16,17,24,25,26,27,34,35,36,37,45,46
38,14,15,16,17,24,25,26,27,34,35,36,37,45,46
39,14,15,16,17,24,25,26,27,34,35,36,37,45,46
40,14,15,16,17,24,25,26,27,34,35,36,37,45,46
41,14,15,16,17,24,25,26,27,34,35,36,37,45,46
42,14,15,16,17,24,25,26,27,34,35,36,37,45,46
43,14,15,16,17,24,25,26,27,34,35,36,37,45,46
44,15,16,17,24,25,26,27,28,34,35,36,37,38,45,46,47
45,13,14,15,16,17,23,24,25,26,27,33,34,35,36,37,44,45,46
46,13,14,15,16,23,24,25,26,27,33,34,35,36,37,44,45,46
47,14,15,16,23,24,25,26,27,33,34,35,36,37,44,45,46
48,14,15,16,23,24,25,26,27,33,34,35,36,37,44,45,46
49,14,15,16,17,24,25,26,27,34,35,36,37,44,45,46
50,14,15,16,17,24,25,26,27,34,35,36,37,45,46
51,14,15,16,17,24,25,26,27,28,34,35,36,37,38,45,46,47
52,14,15,16,17,24,25,26,27,28,34,35,36,37,38,45,46,47
53,14,15,16,17,24,25,26,27,34,35,36,37,45,46
54,14,15,16,17,24,25,26,27,34,35,36,37,45,46
55,14,15,16,17,24,25,26,27,34,35,36,37,45,46
56,14,15,16,17,24,25,26,27,34,35,36,37,44,45,46
57,5,6,14,15,16,17,24,25,26,27,34,35,36,37,44,45,46
58,14,15,16,17,24,25,26,27,34,35,36,37,44,45,46,47
59,14,15,16,17,24,25,26,27,34,35,36,37,44,45,46,47
60,14,15,16,17,24,25,26,27,34,35,36,37,44,45,46,47
