1,5,6,14,15,16,17,24,25,26,27,34,35,36,37,44,45,46,47,54,55,56,57,64,65,66,75,76
2,5,6,14,15,16,17,24,25,26,27,34,35,36,37,44,45,46,47,54,55,56,57,64,65,66,75
3,15,16,24,25,26,27,34,35,36,37,44,45,46,47,54,55,56,57,64,65,66,75,76
4,15,16,24,25,26,27,34,35,36,37,44,45,46,47,54,55,56,57,64,65,66,75,76
5,15,16,24,25,26,27,34,35,36,37,44,45,46,47,54,55,56,57,64,65,66,75,76
6,15,16,24,25,26,27,34,35,36,37,44,45,46,47,54,55,56,57,64,65,66,74,75,76
7,15,16,24,25,26,34,35,36,37,44,45,46,47,54,55,56,57,64,65,66,67,74,75,76,85,86
8,16,24,25,26,34,35,36,37,44,45,46,47,54,55,56,57,64,65,66,67,74,75,76,77,85,86
9,15,16,24,25,26,27,34,35,36,37,44,45,46,47,54,55,56,57,64,65,66,67,75,76
10,15,16,24,25,26,27,34,35,36,37,44,45,46,47,54,55,56,57,64,65,66,67,74,75,76
11,14,15,16,24,25,26,33,34,35,36,43,44,45,46,53,54,55,56,64,65,66,74,75,76
12,14,15,16,23,24,25,26,33,34,35,36,43,44,45,46,53,54,55,56,63,64,65,66,74,75
13,14,15,16,23,24,25,26,33,34,35,36,37,43,44,45,46,47,53,54,55,56,57,64,65,66,67,74,75,76
14,25,26,34,35,36,37,44,45,46,47,54,55,56,57,64,65,66,67,74,75,76,77,85,86,87
15,25,26,33,34,35,36,37,43,44,45,46,47,53,54,55,56,57,63,64,65,66,67,73,74,75,76,77,84,85,86,87
16,25,34,35,36,43,44,45,46,53,54,55,56,63,64,65,66,73,74,75,76,84,85
17,24,25,26,34,35,36,43,44,45,46,53,54,55,56,63,64,65,66,74,75,76,84,85
18,24,25,26,34,35,36,43,44,45,46,47,53,54,55,56,57,63,64,65,66,67,74,75,76,84,85,86
19,24,25,26,33,34,35,36,37,43,44,45,46,47,53,54,55,56,57,63,64,65,66,67,74,75,76,84,85,86
20,24,25,26,33,34,35,36,43,44,45,46,53,54,55,56,63,64,65,66,74,75,76,84,85
21,14,15,23,24,25,26,33,34,35,36,43,44,45,46,53,54,55,56,63,64,65,66,73,74,75,76
22,14,15,23,24,25,26,33,34,35,36,43,44,45,46,53,54,55,56,63,64,65,66,74,75
23,15,24,25,26,33,34,35,36,43,44,45,46,53,54,55,56,64,65,66,74,75,76
24,15,24,25,26,33,34,35,36,43,44,45,46,53,54,55,56,64,65,66,74,75,76
25,15,24,25,26,33,34,35,36,43,44,45,46,53,54,55,56,64,65,66,74,75,76
26,15,16,24,25,26,33,34,35,36,37,43,44,45,46,47,53,54,55,56,57,64,65,66,67,74,75,76
27,15,16,24,25,26,27,34,35,36,37,44,45,46,47,54,55,56,57,64,65,66,67,75,76,77
28,16,25,26,27,34,35,36,37,44,45,46,47,54,55,56,57,65,66,67,75,76,77
29,16,25,26,27,35,36,37,44,45,46,47,54,55,56,57,65,66,67,75,76,77
30,16,25,26,27,35,36,37,44,45,46,47,54,55,56,57,65,66,67,75,76,77
31,16,25,26,27,34,35,36,37,44,45,46,47,54,55,56,57,64,65,66,67,75,76,77
32,25,26,27,34,35,36,37,44,45,46,47,54,55,56,57,64,65,66,67,75,76,77
33,25,26,27,34,35,36,37,44,45,46,47,54,55,56,57,64,65,66,67,75,76,77
34,25,26,27,34,35,36,37,44,45,46,47,54,55,56,57,64,65,66,67,75,76,77,85,86
35,25,26,34,35,36,37,44,45,46,47,54,55,56,57,64,65,66,67,75,76,77,85,86
36,25,26,34,35,36,37,44,45,46,47,54,55,56,57,64,65,66,67,75,76,77,85,86
37,25,26,34,35,36,37,44,45,46,47,54,55,56,57,64,65,66,67,74,75,76,77,85,86
38,16,24,25,26,27,34,35,36,37,44,45,46,47,54,55,56,57,64,65,66,67,74,75,76,77,85,86
39,15,16,24,25,26,27,34,35,36,37,44,45,46,47,54,55,56,57,64,65,66,67,74,75,76
40,14,15,23,24,25,26,33,34,35,36,43,44,45,46,53,54,55,56,63,64,65,66,73,74,75,76
41,13,14,22,23,24,25,32,33,34,35,42,43,44,45,52,53,54,55,62,63,64,65,72,73,74,75
42,13,14,22,23,24,32,33,34,35,42,43,44,45,52,53,54,55,62,63,64,65,72,73,74
43,13,14,22,23,24,25,32,33,34,35,42,43,44,45,52,53,54,55,62,63,64,65,72,73,74
44,14,23,24,25,32,33,34,35,42,43,44,45,46,52,53,54,55,56,62,63,64,65,73,74,75
45,24,25,33,34,35,43,44,45,46,53,54,55,56,63,64,65,66,73,74,75
46,24,25,33,34,35,43,44,45,46,53,54,55,56,63,64,65,73,74,75
47,24,25,33,34,35,43,44,45,46,53,54,55,56,63,64,65,73,74,75
48,24,25,33,34,35,43,44,45,46,53,54,55,56,63,64,65,73,74,75
49,24,25,33,34,35,43,44,45,46,53,54,55,56,63,64,65,73,74,75
50,24,25,33,34,35,36,43,44,45,46,53,54,55,56,63,64,65,66,73,74,75
51,24,25,26,27,33,34,35,36,37,43,44,45,46,47,53,54,55,56,57,63,64,65,66,67,73,74,75,76,77,84,85,86
52,25,26,27,35,36,37,44,45,46,47,54,55,56,57,64,65,66,67,75,76,77,85,86
53,25,26,27,34,35,36,37,44,45,46,47,54,55,56,57,64,65,66,67,75,76,77,85,86
54,25,26,34,35,36,37,44,45,46,47,54,55,56,57,64,65,66,67,75,76,77,85,86
55,25,26,34,35,36,37,44,45,46,47,54,55,56,57,64,65,66,67,74,75,76,77,85,86
56,25,26,34,35,36,37,44,45,46,47,54,55,56,57,64,65,66,67,74,75,76,77,85,86
57,25,26,34,35,36,37,44,45,46,47,54,55,56,57,64,65,66,67,74,75,76,85
58,25,26,34,35,36,37,44,45,46,47,54,55,56,57,64,65,66,67,74,75,76,77,85,86
59,25,26,27,34,35,36,37,44,45,46,47,54,55,56,57,64,65,66,67,75,76,77,85,86
60,15,16,24,25,26,27,34,35,36,37,44,45,46,47,54,55,56,57,64,65,66,67,75,76,77
