1,16,24,25,26,27,34,35,36,37,44,45,46,47,54,55,56,57,64,65,66,67,75,76,77
2,16,24,25,26,27,34,35,36,37,44,45,46,47,54,55,56,57,64,65,66,67,75,76
3,16,25,26,27,34,35,36,37,44,45,46,47,54,55,56,57,64,65,66,67,74,75,76
4,25,26,34,35,36,37,44,45,46,47,54,55,56,57,64,65,66,67,74,75,76,85,86
5,24,25,26,33,34,35,36,37,43,44,45,46,47,53,54,55,56,57,63,64,65,66,67,74,75,76,84,85,86
6,24,25,33,34,35,36,43,44,45,46,53,54,55,56,63,64,65,66,73,74,75,76,84,85
7,15,23,24,25,26,33,34,35,36,43,44,45,46,53,54,55,56,63,64,65,66,73,74,75,76
8,15,16,24,25,26,33,34,35,36,37,43,44,45,46,47,53,54,55,56,57,63,64,65,66,74,75,76
9,15,16,24,25,26,34,35,36,37,44,45,46,47,54,55,56,57,64,65,66,67,74,75,76
10,25,26,34,35,36,37,44,45,46,47,54,55,56,57,64,65,66,67,74,75,76
11,25,26,34,35,36,44,45,46,47,54,55,56,57,64,65,66,74,75,76,85
12,25,26,34,35,36,37,44,45,46,47,54,55,56,57,64,65,66,67,74,75,76,85,86
13,25,26,34,35,36,37,44,45,46,47,54,55,56,57,64,65,66,67,74,75,76,77,85,86
14,25,26,34,35,36,37,44,45,46,47,54,55,56,57,64,65,66,67,74,75,76,85,86
15,25,26,34,35,36,44,45,46,47,54,55,56,57,64,65,66,67,74,75,76,84,85,86
16,25,26,34,35,36,43,44,45,46,53,54,55,56,64,65,66,74,75,76,84,85,86
17,24,25,26,33,34,35,36,43,44,45,46,53,54,55,56,63,64,65,66,74,75,76,84,85
18,25,26,34,35,36,44,45,46,47,54,55,56,57,64,65,66,67,74,75,76,84,85,86
19,25,26,34,35,36,44,45,46,47,54,55,56,57,64,65,66,67,74,75,76,84,85,86
20,24,25,26,34,35,36,43,44,45,46,53,54,55,56,63,64,65,66,74,75,76,84,85,86
21,24,25,26,34,35,36,43,44,45,46,53,54,55,56,63,64,65,66,74,75,76,84,85
22,24,25,26,34,35,36,43,44,45,46,53,54,55,56,63,64,65,66,74,75,76,84,85
23,25,26,34,35,36,44,45,46,54,55,56,64,65,66,74,75,76,85
24,25,26,34,35,36,44,45,46,54,55,56,64,65,66,74,75,76,85
25,25,26,34,35,36,44,45,46,54,55,56,64,65,66,74,75,76,85
26,25,26,34,35,36,37,44,45,46,47,54,55,56,57,64,65,66,67,74,75,76,85,86
27,25,26,34,35,36,37,44,45,46,47,54,55,56,57,64,65,66,67,74,75,76,85,86
28,25,26,34,35,36,37,44,45,46,47,54,55,56,57,64,65,66,67,74,75,76,77,85,86
29,25,26,34,35,36,37,44,45,46,47,54,55,56,57,64,65,66,67,75,76,77,85,86
30,25,26,27,34,35,36,37,44,45,46,47,54,55,56,57,64,65,66,67,75,76,77,85,86
31,25,26,34,35,36,37,44,45,46,47,54,55,56,57,64,65,66,67,74,75,76,77,85,86
32,25,26,34,35,36,37,44,45,46,47,54,55,56,57,64,65,66,67,74,75,76,77,85,86
33,25,26,34,35,36,37,44,45,46,47,54,55,56,57,64,65,66,67,74,75,76,77,85,86
34,25,26,34,35,36,37,44,45,46,47,54,55,56,57,64,65,66,67,74,75,76,77,85,86
35,25,26,34,35,36,44,45,46,47,54,55,56,57,64,65,66,74,75,76,85,86
36,25,26,34,35,36,37,44,45,46,47,54,55,56,57,64,65,66,67,74,75,76,85,86
37,15,24,25,26,33,34,35,36,37,43,44,45,46,47,53,54,55,56,57,63,64,65,66,67,74,75,76
38,15,24,25,26,33,34,35,36,43,44,45,46,53,54,55,56,63,64,65,66,74,75,76
39,15,24,25,26,34,35,36,44,45,46,47,54,55,56,57,64,65,66,74,75,76
40,25,26,34,35,36,37,44,45,46,47,54,55,56,57,64,65,66,74,75,76
41,25,26,34,35,36,44,45,46,47,54,55,56,57,64,65,66,74,75,76
42,25,26,34,35,36,44,45,46,47,54,55,56,57,64,65,66,74,75,76
43,25,26,34,35,36,44,45,46,47,54,55,56,57,64,65,66,67,74,75,76,85
44,25,26,34,35,36,37,44,45,46,47,54,55,56,57,64,65,66,67,74,75,76,77,85,86
45,16,24,25,26,27,34,35,36,37,44,45,46,47,54,55,56,57,64,65,66,67,74,75,76,77,85,86
46,25,26,34,35,36,37,44,45,46,47,54,55,56,57,64,65,66,67,74,75,76
47,25,26,34,35,36,37,44,45,46,47,54,55,56,57,64,65,66,67,74,75,76
48,25,26,34,35,36,37,44,45,46,47,54,55,56,57,64,65,66,67,74,75,76,85
49,25,26,34,35,36,37,44,45,46,47,54,55,56,57,64,65,66,67,74,75,76,85
50,25,26,34,35,36,37,44,45,46,47,54,55,56,57,64,65,66,67,74,75,76,85,86
51,25,26,34,35,36,37,44,45,46,47,54,55,56,57,64,65,66,67,74,75,76,77,85,86
52,25,26,27,34,35,36,37,44,45,46,47,54,55,56,57,64,65,66,67,74,75,76,77,85,86
53,25,26,34,35,36,37,44,45,46,47,54,55,56,57,64,65,66,67,74,75,76,77,85,86
54,25,26,34,35,36,37,44,45,46,47,54,55,56,57,64,65,66,67,74,75,76,85,86
55,25,26,34,35,36,37,44,45,46,47,54,55,56,57,64,65,66,67,74,75,76,85,86
56,25,26,34,35,36,44,45,46,47,54,55,56,57,64,65,66,67,74,75,76,85,86
57,25,26,34,35,36,44,45,46,47,54,55,56,57,64,65,66,67,74,75,76,85,86
58,25,26,34,35,36,44,45,46,47,54,55,56,57,64,65,66,67,74,75,76,85,86
59,25,26,34,35,36,37,44,45,46,47,54,55,56,57,64,65,66,67,74,75,76,77,85,86
60,25,26,27,34,35,36,37,44,45,46,47,54,55,56,57,64,65,66,67,75,76,77,85,86
