1,6,9,10,11,14,15,16,19,20,21,24,25
2,8,9,10,13,14,15,18,19,20,23,24,25
3,8,9,13,14,15,18,19,20,23,24
4,7,8,9,12,13,14,17,18,19,23,24
5,7,8,9,12,13,14,17,18,19,23
6,7,8,12,13,17,18,22,23
7,3,7,8,12,13,17,18,22,23
8,3,7,8,9,12,13,14,17,18,19
9,3,7,8,9,12,13,14,17,18,19,23
10,7,8,9,12,13,14,17,18,19,23
11,7,8,12,13,14,17,18,23
12,7,8,12,13,14,17,18,19,22,23
13,7,8,12,13,14,17,18,19,23
14,7,8,9,12,13,14,17,18,19,23
15,7,8,9,12,13,14,17,18,19,23
16,7,8,12,13,17,18,22,23
17,7,8,9,12,13,14,17,18,19,22,23
18,7,8,9,12,13,14,17,18,19,23,24
19,7,8,9,12,13,14,17,18,19,22,23,24
20,7,8,12,13,17,18,22,23
21,7,8,12,13,17,18,22,23
22,7,8,9,12,13,14,17,18,19,23
23,7,8,9,12,13,14,17,18,19,23
24,7,8,9,12,13,14,17,18,19,22,23
25,6,7,8,11,12,13,16,17,18,22,23
26,7,8,9,12,13,14,17,18,19,23
27,3,4,8,9,10,12,13,14,15,17,18,19,20,23
28,4,5,8,9,10,13,14,15,18,19,20
29,5,9,10,14,15,19,20,24,25
30,4,8,9,10,13,14,15,18,19,20,24
31,8,9,12,13,14,18,19,23,24
32,8,9,12,13,14,18,19,23,24
33,8,9,13,14,18,19,23,24
34,7,8,9,12,13,14,17,18,19,22,23,24
35,7,8,12,13,14,17,18,19,22,23
36,7,8,12,13,17,18,22,23
37,7,8,9,12,13,14,17,18,19,22,23
38,7,8,9,12,13,14,17,18,19,23
39,3,7,8,9,12,13,14,17,18,19
40,3,7,8,9,12,13,14,17,18,19
41,7,8,9,12,13,14,17,18,19
42,7,8,9,12,13,14,17,18,19,23
43,7,8,9,12,13,14,17,18,19,23
44,7,8,9,12,13,14,17,18,19,23,24
45,7,8,9,12,13,14,17,18,19,23,24
46,7,8,12,13,14,17,18,19,22,23
47,7,8,12,13,14,17,18,19,23
48,7,8,12,13,14,17,18,19,22,23
49,3,7,8,9,12,13,14,17,18,19,22,23
50,7,8,9,12,13,14,17,18,19,23
51,7,8,9,12,13,14,17,18,19,23,24
52,8,9,13,14,18,19,23,24
53,7,8,9,12,13,14,17,18,19,23
54,7,8,12,13,14,17,18,19,23
55,7,8,12,13,14,17,18,19,23
56,7,8,12,13,14,17,18,19,22,23
57,7,8,12,13,17,18,22,23
58,7,8,12,13,14,17,18,19,22,23,24
59,7,8,9,12,13,14,17,18,19,22,23,24
60,3,7,8,9,12,13,14,17,18,19,23
