1,7,8,12,13,14,17,18,22,23
2,7,8,12,13,14,17,18,19,23
3,7,8,12,13,14,17,18,19,23
4,7,8,12,13,14,17,18,19,23
5,7,8,12,13,14,17,18,19,23
6,7,8,12,13,14,17,18,19,23
7,7,8,12,13,14,17,18,19,23
8,7,8,12,13,14,17,18,19,23
9,7,8,12,13,14,17,18,19,23
10,7,8,9,12,13,14,17,18,19,23
11,7,8,9,12,13,14,17,18,19,23
12,7,8,9,12,13,14,17,18,19,22,23,24
13,7,8,12,13,14,17,18,19,22,23,24
14,7,8,12,13,14,17,18,19,22,23,24
15,7,8,12,13,14,17,18,19,22,23,24
16,7,8,12,13,14,17,18,19,22,23,24
17,7,8,12,13,14,17,18,19,22,23,24
18,7,8,12,13,14,17,18,19,22,23,24
19,3,7,8,9,12,13,14,17,18,19,22,23,24
20,1,2,3,4,5,6,7,8,9,10,12,13,14,17,18,19
21,1,2,3,4,5,6,7,8,9,10,12,13
22,1,2,3,4,5,6,7,8,9,11,12,13,17
23,1,2,3,6,7,8,11,12,13,16,17
24,1,2,6,7,8,11,12,13,16,17
25,2,6,7,8,11,12,13,16,17
26,2,3,6,7,8,11,12,13,16,17,18
27,3,4,7,8,9,12,13,14,17,18,19
28,4,8,9,13,14,18,19
29,8,9,13,14,18,19
30,8,9,13,14,18,19
31,4,8,9,10,13,14,15,18,19,20
32,4,8,9,10,13,14,15,18,19,20
33,7,8,9,10,12,13,14,15,17,18,19,20,22,23
34,6,7,8,11,12,13,16,17,18,22,23
35,2,6,7,8,11,12,13,16,17,18
36,2,6,7,8,11,12,13,16,17,18
37,2,6,7,8,11,12,13,16,17,18
38,2,6,7,11,12,13,16,17
39,2,6,7,11,12,13,16,17,18,22
40,6,7,11,12,13,16,17,18,21,22,23
41,7,11,12,13,16,17,18,19,21,22,23,24,25
42,8,12,13,17,18,19,21,22,23,24
43,7,8,12,13,17,18,22,23
44,7,8,12,13,14,17,18,19,22,23
45,7,8,12,13,14,17,18,19,22,23
46,7,8,12,13,14,17,18,19,22,23
47,7,8,12,13,17,18,22,23
48,7,8,12,13,17,18,22,23
49,7,8,12,13,17,18,22,23
50,7,8,11,12,13,17,18,22,23
51,7,8,9,12,13,14,17,18,19,22,23
52,8,9,12,13,14,17,18,19,23
53,7,8,9,12,13,14,17,18,19,23
54,7,8,9,12,13,14,17,18,19,23
55,7,8,9,12,13,14,17,18,19,23
56,7,8,9,12,13,14,17,18,19,23
57,7,8,9,12,13,14,17,18,19,22,23
58,7,8,12,13,14,17,18,19,23
59,7,8,9,12,13,14,17,18,19,23
60,7,8,9,12,13,14,17,18,19,23
