1,5,6,14,15,16,17,24,25,26,27,34,35,36,37
2,4,5,6,7,14,15,16,17,24,25,26,27,34,35,36,37
3,4,5,6,7,14,15,16,17,24,25,26,27,34,35,36,37,45,46
4,14,15,16,17,24,25,26,27,34,35,36,37,45,46
5,14,15,16,17,24,25,26,27,34,35,36,37,45,46
6,14,15,16,17,24,25,26,27,34,35,36,37,45,46
7,5,6,14,15,16,17,24,25,26,27,34,35,36,37,45,46
8,5,6,14,15,16,17,24,25,26,27,34,35,36,37,45,46
9,14,15,16,17,24,25,26,27,34,35,36,37,45,46
10,14,15,16,17,24,25,26,27,34,35,36,37,45,46
11,14,15,16,17,24,25,26,27,34,35,36,37,45,46
12,14,15,16,17,24,25,26,27,34,35,36,37,45,46
13,14,15,16,17,24,25,26,27,34,35,36,37,45,46
14,14,15,16,17,24,25,26,27,34,35,36,37,45,46
15,13,14,15,16,23,24,25,26,33,34,35,36,44,45
16,13,14,15,16,23,24,25,26,33,34,35,36,44,45,46
17,13,14,15,16,23,24,25,26,33,34,35,36,44,45
18,13,14,15,16,23,24,25,26,27,33,34,35,36,44,45
19,13,14,15,16,23,24,25,26,33,34,35,36,44,45
20,13,14,15,16,23,24,25,26,33,34,35,36,44,45
21,13,14,15,16,23,24,25,26,33,34,35,36,44,45
22,14,15,16,17,24,25,26,27,34,35,36,37,45,46
23,14,15,16,17,24,25,26,27,34,35,36,37,45,46
24,14,15,16,17,23,24,25,26,27,33,34,35,36,37,44,45,46
25,14,15,16,23,24,25,26,27,33,34,35,36,37,44,45
26,14,15,16,17,24,25,26,27,34,35,36,37,45,46
27,4,5,6,7,8,14,15,16,17,24,25,26,27,28,34,35,36,37
28,6,7,15,16,17,18,25,26,27,28,35,36,37,46,47
29,15,16,17,24,25,26,27,28,34,35,36,37,38,45,46,47
30,15,16,17,24,25,26,27,28,34,35,36,37,38,45,46,47
31,14,15,16,17,24,25,26,27,34,35,36,37,45,46
32,14,15,16,17,24,25,26,27,34,35,36,37,45,46
33,14,15,16,17,24,25,26,27,34,35,36,37,45,46
34,14,15,16,17,24,25,26,27,34,35,36,37,45,46
35,14,15,16,24,25,26,27,34,35,36,37,45,46
36,14,15,16,17,24,25,26,27,34,35,36,37,45,46
37,14,15,16,17,24,25,26,27,34,35,36,37,45,46
38,14,15,16,17,24,25,26,27,34,35,36,37,45,46
39,14,15,16,17,24,25,26,27,34,35,36,37,45,46
40,13,14,15,16,17,23,24,25,26,27,33,34,35,36,37,43,44,45
41,13,14,15,16,17,23,24,25,26,27,33,34,35,36,37,43,44,45,46
42,14,15,16,17,23,24,25,26,27,34,35,36,37,45,46
43,14,15,16,23,24,25,26,33,34,35,36,44,45
44,14,15,16,17,24,25,26,27,34,35,36,37,45,46
45,14,15,16,17,24,25,26,27,34,35,36,37,45,46
46,14,15,16,17,24,25,26,27,34,35,36,37,45,46
47,5,6,14,15,16,17,24,25,26,27,34,35,36,37,45,46
48,5,6,14,15,16,17,24,25,26,27,34,35,36,37,45,46
49,14,15,16,17,24,25,26,27,28,34,35,36,37,45,46
50,15,16,17,24,25,26,27,34,35,36,37,45,46
51,15,16,17,24,25,26,27,34,35,36,37,45,46
52,14,15,16,17,24,25,26,27,34,35,36,37,45,46
53,14,15,16,17,24,25,26,27,34,35,36,37,45,46
54,14,15,16,17,24,25,26,27,34,35,36,37,45,46
55,14,15,16,17,24,25,26,27,34,35,36,37,45,46
56,14,15,16,17,24,25,26,27,34,35,36,37,45,46
57,14,15,16,17,24,25,26,27,34,35,36,37,45,46
58,14,15,16,17,24,25,26,27,34,35,36,37,45,46
59,14,15,16,17,24,25,26,27,34,35,36,37,45,46
60,5,6,14,15,16,17,24,25,26,27,34,35,36,37
