1,5,6,13,14,15,16,17,23,24,25,26,27,34,35,36,37
2,4,5,6,13,14,15,16,17,23,24,25,26,27,33,34,35,36
3,5,6,14,15,16,17,24,25,26,27,34,35,36,37
4,14,15,16,17,24,25,26,27,34,35,36,37,45,46
5,14,15,16,17,24,25,26,27,34,35,36,37,45,46
6,13,14,15,16,17,22,23,24,25,26,27,32,33,34,35,36,37,43,44,45,46,47
7,11,12,13,14,15,21,22,23,24,25,31,32,33,34,35,42,43,44
8,1,2,10,11,12,13,20,21,22,23,24,30,31,32,33,34,40,41,42,43,50
9,1,2,9,10,11,12,19,20,21,22,29,30,31,32,39,40
10,1,2,10,11,12,13,19,20,21,22,23,29,30,31,32,33,39,40,41,42
11,11,12,13,14,15,21,22,23,24,25,26,30,31,32,33,34,35,36,40,41,42,43,44,45
12,13,14,15,16,17,23,24,25,26,27,33,34,35,36,37,44,45,46
13,14,15,16,17,24,25,26,27,34,35,36,37,45,46
14,14,15,16,17,24,25,26,27,34,35,36,37,45,46
15,14,15,16,23,24,25,26,27,33,34,35,36,37,44,45,46
16,14,15,16,23,24,25,26,33,34,35,36,44,45,46
17,14,15,16,23,24,25,26,34,35,36,44,45,46
18,14,15,16,23,24,25,26,33,34,35,36,44,45,46
19,14,15,16,23,24,25,26,33,34,35,36,44,45
20,14,15,16,23,24,25,26,33,34,35,36,44,45
21,13,14,15,16,23,24,25,26,33,34,35,36,44,45
22,14,15,16,17,24,25,26,27,34,35,36,37,44,45,46
23,14,15,16,17,23,24,25,26,27,34,35,36,37,45,46
24,13,14,15,16,23,24,25,26,33,34,35,36
25,14,15,16,23,24,25,26,27,34,35,36,45
26,14,15,16,17,24,25,26,27,34,35,36,37,45,46
27,14,15,16,17,24,25,26,27,34,35,36,37,46
28,15,16,17,24,25,26,27,35,36,37,46
29,15,16,17,24,25,26,27,35,36,37
30,15,16,17,25,26,27,35,36,37
31,15,16,17,24,25,26,27,35,36,37
32,14,15,16,17,24,25,26,27,34,35,36,37
33,14,15,16,17,24,25,26,27,34,35,36,37
34,14,15,16,17,24,25,26,27,34,35,36,37
35,14,15,16,17,24,25,26,27,34,35,36,37,45,46
36,14,15,16,17,24,25,26,27,34,35,36,37
37,5,13,14,15,16,23,24,25,26,33,34,35,36
38,4,5,13,14,15,16,23,24,25,26,33,34,35,36
39,3,4,5,6,12,13,14,15,16,17,22,23,24,25,26,27,32,33,34,35,36
40,2,3,4,11,12,13,14,20,21,22,23,24,30,31,32,33,34,40,41,42
41,11,12,13,20,21,22,23,30,31,32,33,40,41,42
42,11,12,13,20,21,22,23,24,30,31,32,33,40,41,42
43,3,11,12,13,14,15,16,21,22,23,24,25,26,31,32,33,34,35,36,43,44,45
44,14,15,16,17,23,24,25,26,27,33,34,35,36,37,44,45,46
45,14,15,16,17,24,25,26,27,34,35,36,37
46,14,15,16,17,24,25,26,27,34,35,36,37,45,46
47,14,15,16,17,24,25,26,27,34,35,36,37,45,46
48,14,15,16,17,24,25,26,27,34,35,36,37,45,46
49,14,15,16,17,24,25,26,27,34,35,36,37,45,46
50,14,15,16,17,24,25,26,27,34,35,36,37,45,46
51,15,16,17,18,24,25,26,27,28,34,35,36,37,38,45,46
52,6,7,15,16,17,18,25,26,27,28,35,36,37,38
53,5,6,14,15,16,17,23,24,25,26,27,34,35,36,37
54,5,14,15,16,23,24,25,26,34,35,36
55,5,14,15,16,23,24,25,26,34,35,36
56,5,14,15,16,23,24,25,26,34,35,36
57,5,14,15,16,23,24,25,26,34,35,36
58,5,14,15,16,17,23,24,25,26,27,34,35,36,37
59,6,14,15,16,17,24,25,26,27,34,35,36,37
60,6,14,15,16,17,24,25,26,27,34,35,36,37
