1,4,5,6,7,14,15,16,17,24,25,26,27,34,35,36
2,4,5,6,7,14,15,16,17,24,25,26,27,34,35,36
3,5,6,14,15,16,17,24,25,26,27,34,35,36
4,5,6,14,15,16,17,24,25,26,27,34,35,36
5,5,6,14,15,16,17,24,25,26,27,34,35,36
6,5,6,14,15,16,17,24,25,26,27,34,35,36
7,5,6,14,15,16,17,24,25,26,27,34,35,36,37,45,46
8,6,14,15,16,17,24,25,26,27,34,35,36,37,45,46
9,5,6,14,15,16,17,24,25,26,27,34,35,36,37
10,5,6,14,15,16,17,24,25,26,27,34,35,36,37
11,4,5,6,13,14,15,16,23,24,25,26,34,35,36
12,4,5,6,13,14,15,16,23,24,25,26,33,34,35,36
13,4,5,6,13,14,15,16,17,23,24,25,26,27,34,35,36,37
14,14,15,16,17,24,25,26,27,34,35,36,37,45,46,47
15,13,14,15,16,17,23,24,25,26,27,33,34,35,36,37,44,45,46,47
16,14,15,16,23,24,25,26,33,34,35,36,44,45
17,14,15,16,23,24,25,26,33,34,35,36,44,45
18,14,15,16,23,24,25,26,27,33,34,35,36,37,44,45,46
19,13,14,15,16,17,23,24,25,26,27,33,34,35,36,37,44,45,46
20,13,14,15,16,23,24,25,26,33,34,35,36,44,45
21,4,5,13,14,15,16,23,24,25,26,33,34,35,36
22,4,5,13,14,15,16,23,24,25,26,33,34,35,36
23,5,13,14,15,16,23,24,25,26,34,35,36
24,5,13,14,15,16,23,24,25,26,34,35,36
25,5,13,14,15,16,23,24,25,26,34,35,36
26,5,6,13,14,15,16,17,23,24,25,26,27,34,35,36,37
27,5,6,14,15,16,17,24,25,26,27,34,35,36,37
28,6,14,15,16,17,24,25,26,27,35,36,37
29,6,15,16,17,24,25,26,27,35,36,37
30,6,15,16,17,24,25,26,27,35,36,37
31,6,14,15,16,17,24,25,26,27,34,35,36,37
32,14,15,16,17,24,25,26,27,34,35,36,37
33,14,15,16,17,24,25,26,27,34,35,36,37
34,14,15,16,17,24,25,26,27,34,35,36,37,45,46
35,14,15,16,17,24,25,26,27,34,35,36,37,45,46
36,14,15,16,17,24,25,26,27,34,35,36,37,45,46
37,14,15,16,17,24,25,26,27,34,35,36,37,45,46
38,6,14,15,16,17,24,25,26,27,34,35,36,37,45,46
39,5,6,14,15,16,17,24,25,26,27,34,35,36,37
40,4,5,13,14,15,16,23,24,25,26,33,34,35,36
41,3,4,12,13,14,15,22,23,24,25,32,33,34,35
42,3,4,12,13,14,15,22,23,24,25,32,33,34,35
43,3,4,12,13,14,15,22,23,24,25,32,33,34,35
44,4,12,13,14,15,22,23,24,25,26,32,33,34,35
45,13,14,15,23,24,25,26,33,34,35,36
46,13,14,15,23,24,25,26,33,34,35
47,13,14,15,23,24,25,26,33,34,35
48,13,14,15,23,24,25,26,33,34,35
49,13,14,15,23,24,25,26,33,34,35
50,13,14,15,16,23,24,25,26,33,34,35,36
51,13,14,15,16,17,23,24,25,26,27,33,34,35,36,37,44,45,46
52,15,16,17,24,25,26,27,34,35,36,37,45,46
53,14,15,16,17,24,25,26,27,34,35,36,37,45,46
54,14,15,16,17,24,25,26,27,34,35,36,37,45,46
55,14,15,16,17,24,25,26,27,34,35,36,37,45,46
56,14,15,16,17,24,25,26,27,34,35,36,37,45,46
57,14,15,16,17,24,25,26,27,34,35,36,37,45
58,14,15,16,17,24,25,26,27,34,35,36,37,45,46
59,14,15,16,17,24,25,26,27,34,35,36,37,45,46
60,5,6,14,15,16,17,24,25,26,27,34,35,36,37
