1,16,24,25,26,27,34,35,36,37,44,45,46,47,54,55,56,57,64,65,66,67,74,75,76,85,86
2,15,16,17,24,25,26,27,34,35,36,37,44,45,46,47,54,55,56,57,64,65,66,67,75,76
3,15,16,24,25,26,27,34,35,36,37,44,45,46,47,54,55,56,57,64,65,66,67,75,76
4,15,16,24,25,26,27,34,35,36,37,44,45,46,47,54,55,56,57,64,65,66,67,75,76
5,16,24,25,26,27,34,35,36,37,44,45,46,47,54,55,56,57,64,65,66,67,75,76
6,16,25,26,27,34,35,36,37,44,45,46,47,54,55,56,57,64,65,66,67,75,76,77
7,16,17,24,25,26,27,34,35,36,37,44,45,46,47,54,55,56,57,64,65,66,67,75,76,77
8,15,16,17,24,25,26,27,34,35,36,37,38,44,45,46,47,48,54,55,56,57,58,64,65,66,67,75,76,77
9,15,16,24,25,26,27,34,35,36,37,44,45,46,47,54,55,56,57,64,65,66,67,74,75,76,85,86
10,15,24,25,26,33,34,35,36,37,43,44,45,46,47,53,54,55,56,57,63,64,65,66,67,73,74,75,76,84,85
11,15,23,24,25,26,33,34,35,36,43,44,45,46,53,54,55,56,63,64,65,66,73,74,75,76
12,15,16,24,25,26,27,34,35,36,37,43,44,45,46,47,53,54,55,56,57,64,65,66,67,74,75,76
13,16,25,26,27,34,35,36,37,44,45,46,47,54,55,56,57,64,65,66,67,74,75,76
14,25,26,34,35,36,37,44,45,46,47,54,55,56,57,64,65,66,67,74,75,76,85,86
15,24,25,26,33,34,35,36,37,43,44,45,46,47,53,54,55,56,57,63,64,65,66,67,73,74,75,76,84,85,86
16,24,25,33,34,35,36,43,44,45,46,53,54,55,56,63,64,65,66,73,74,75,84,85
17,24,25,26,33,34,35,36,43,44,45,46,47,53,54,55,56,57,63,64,65,66,73,74,75,76,84,85
18,25,26,34,35,36,37,44,45,46,47,54,55,56,57,64,65,66,67,74,75,76,85,86
19,25,26,34,35,36,44,45,46,47,54,55,56,57,64,65,66,67,74,75,76,85,86
20,24,25,26,33,34,35,36,43,44,45,46,53,54,55,56,63,64,65,66,73,74,75,76,84,85
21,24,25,26,33,34,35,36,43,44,45,46,53,54,55,56,63,64,65,66,73,74,75,76,83,84,85
22,15,24,25,26,33,34,35,36,43,44,45,46,53,54,55,56,63,64,65,66,74,75,76
23,15,16,24,25,26,34,35,36,37,44,45,46,47,54,55,56,57,64,65,66,74,75,76
24,15,16,24,25,26,34,35,36,37,44,45,46,47,54,55,56,57,64,65,66,67,74,75,76
25,25,26,34,35,36,37,44,45,46,47,54,55,56,57,64,65,66,67,74,75,76,85,86
26,16,17,18,25,26,27,28,34,35,36,37,38,39,44,45,46,47,48,49,54,55,56,57,58,59,64,65,66,67,68,69,74,75,76,77,78,85,86
27,18,19,27,28,29,36,37,38,39,46,47,48,49,56,57,58,59,66,67,68,69,76,77,78,79,87,88
28,16,17,18,25,26,27,28,29,35,36,37,38,39,45,46,47,48,49,55,56,57,58,59,65,66,67,68,69,75,76,77,78,79
29,16,17,18,25,26,27,28,29,35,36,37,38,39,45,46,47,48,49,55,56,57,58,59,65,66,67,68,69,76,77,78
30,17,18,26,27,28,29,36,37,38,39,46,47,48,49,50,56,57,58,59,60,66,67,68,69,77,78,79
31,17,18,25,26,27,28,34,35,36,37,38,39,44,45,46,47,48,49,54,55,56,57,58,59,64,65,66,67,68,69,74,75,76,77,78,85
32,25,26,34,35,36,44,45,46,54,55,56,64,65,66,74,75,76,85
33,25,26,34,35,36,37,44,45,46,47,54,55,56,57,64,65,66,67,74,75,76,77,85,86
34,24,25,26,33,34,35,36,37,43,44,45,46,47,53,54,55,56,57,63,64,65,66,67,74,75,76
35,23,24,25,26,33,34,35,36,42,43,44,45,46,52,53,54,55,56,62,63,64,65,66,73,74,75,76,83,84,85
36,23,24,25,33,34,35,36,42,43,44,45,46,52,53,54,55,56,62,63,64,65,66,73,74,75,83,84
37,15,16,24,25,26,27,33,34,35,36,37,43,44,45,46,47,53,54,55,56,57,63,64,65,66,67,74,75,76,77,84,85,86,87,95,96
38,34,35,36,43,44,45,46,52,53,54,55,56,57,62,63,64,65,66,67,72,73,74,75,76,77,78,82,83,84,85,86,87,88,89,91,92,93,94,95,96,97,98,99,100
39,24,25,33,34,35,42,43,44,45,52,53,54,55,62,63,64,65,72,73,74,75,82,83,84,85,93,94
40,24,25,26,33,34,35,36,43,44,45,46,47,53,54,55,56,57,63,64,65,66,73,74,75,76,84
41,24,25,26,34,35,36,37,44,45,46,47,54,55,56,57,64,65,66,67,74,75,76
42,24,25,26,33,34,35,36,37,43,44,45,46,47,53,54,55,56,57,63,64,65,66,67,73,74,75,76,84,85
43,24,25,26,33,34,35,36,43,44,45,46,53,54,55,56,63,64,65,66,73,74,75,76,84,85
44,25,26,34,35,36,37,44,45,46,47,54,55,56,57,64,65,66,67,74,75,76,77,84,85,86
45,25,26,34,35,36,37,44,45,46,47,54,55,56,57,64,65,66,67,74,75,76,77,85,86
46,25,26,34,35,36,37,44,45,46,47,54,55,56,57,64,65,66,67,74,75,76
47,25,26,34,35,36,37,44,45,46,47,54,55,56,57,64,65,66,67,74,75,76,85,86
48,24,25,26,33,34,35,36,43,44,45,46,53,54,55,56,57,63,64,65,66,73,74,75,76,84,85
49,24,25,26,33,34,35,36,37,43,44,45,46,47,53,54,55,56,57,63,64,65,66,67,73,74,75,76,84,85,86
50,25,26,34,35,36,37,44,45,46,47,54,55,56,57,64,65,66,67,74,75,76,85,86
51,25,26,34,35,36,37,44,45,46,47,54,55,56,57,64,65,66,67,74,75,76,85,86
52,25,26,34,35,36,37,44,45,46,47,54,55,56,57,64,65,66,67,74,75,76,85,86
53,25,26,34,35,36,37,44,45,46,47,54,55,56,57,64,65,66,67,74,75,76,85,86
54,25,26,34,35,36,44,45,46,47,54,55,56,57,64,65,66,67,74,75,76,85,86
55,25,26,34,35,36,44,45,46,54,55,56,57,64,65,66,74,75,76,85,86
56,25,26,34,35,36,44,45,46,47,54,55,56,57,64,65,66,67,74,75,76,85,86
57,25,26,34,35,36,44,45,46,47,54,55,56,57,64,65,66,67,74,75,76,85,86
58,25,26,34,35,36,44,45,46,47,54,55,56,57,64,65,66,67,74,75,76,85
59,15,16,24,25,26,27,34,35,36,37,44,45,46,47,54,55,56,57,64,65,66,67,74,75,76,77,85,86
60,15,16,24,25,26,27,34,35,36,37,44,45,46,47,54,55,56,57,64,65,66,67,74,75,76,77,85,86
