1,25,26,34,35,36,37,44,45,46,47,54,55,56,57,64,65,66,67,74,75,76,77,84,85,86
2,25,26,27,34,35,36,37,38,44,45,46,47,48,54,55,56,57,58,64,65,66,67,68,74,75,76,77,78,84,85,86,87
3,23,24,25,26,27,32,33,34,35,36,37,38,42,43,44,45,46,47,48,52,53,54,55,56,57,58,62,63,64,65,66,67,68,72,73,74,75,76,77,78,83,84,85,86,87
4,22,23,24,31,32,33,34,41,42,43,44,45,51,52,53,54,55,61,62,63,64,65,71,72,73,74,82,83,84
5,21,22,23,31,32,33,40,41,42,43,50,51,52,53,60,61,62,63,70,71,72,73,80,81,82
6,21,22,23,24,31,32,33,34,35,40,41,42,43,44,45,50,51,52,53,54,55,60,61,62,63,64,65,70,71,72,73,74,75,82,83,84
7,23,24,25,26,32,33,34,35,36,37,42,43,44,45,46,47,52,53,54,55,56,57,62,63,64,65,66,67,72,73,74,75,76,77,83,84,85,86
8,26,27,28,35,36,37,38,45,46,47,48,49,55,56,57,58,59,65,66,67,68,69,75,76,77,78,85,86,87,88
9,26,27,28,35,36,37,38,45,46,47,48,49,55,56,57,58,59,65,66,67,68,69,75,76,77,78,85,86,87,88
10,26,27,34,35,36,37,44,45,46,47,48,54,55,56,57,58,64,65,66,67,68,74,75,76,77,78,85,86,87
11,25,26,34,35,36,37,44,45,46,47,54,55,56,57,64,65,66,67,74,75,76,77,84,85,86
12,25,26,34,35,36,37,44,45,46,47,54,55,56,57,58,64,65,66,67,68,74,75,76,77,78,84,85,86,87,88,95,96,97
13,35,36,37,44,45,46,47,54,55,56,57,58,64,65,66,67,68,74,75,76,77,78,84,85,86,87,95,96,97
14,24,25,33,34,35,36,42,43,44,45,46,47,52,53,54,55,56,57,62,63,64,65,66,67,72,73,74,75,76,77,83,84,85,86,87
15,22,23,24,31,32,33,34,35,41,42,43,44,45,51,52,53,54,55,61,62,63,64,65,71,72,73,74,75,82,83,84
16,21,22,23,31,32,33,41,42,43,50,51,52,53,60,61,62,63,70,71,72,73,81,82,83
17,21,22,23,30,31,32,33,40,41,42,43,50,51,52,53,60,61,62,63,70,71,72,73,80,81,82
18,21,22,23,24,30,31,32,33,34,40,41,42,43,44,50,51,52,53,54,60,61,62,63,64,70,71,72,73,74,80,81,82
19,23,24,25,32,33,34,35,42,43,44,45,46,52,53,54,55,56,62,63,64,65,66,72,73,74,75,83,84,85
20,24,25,26,33,34,35,36,37,43,44,45,46,47,53,54,55,56,57,63,64,65,66,67,73,74,75,76,77,84,85,86,87
21,26,27,35,36,37,38,44,45,46,47,48,54,55,56,57,58,64,65,66,67,68,75,76,77,78,85,86,87,88
22,27,28,36,37,38,45,46,47,48,55,56,57,58,65,66,67,68,76,77,78,86,87,88
23,26,27,35,36,37,38,45,46,47,48,55,56,57,58,65,66,67,68,75,76,77,78,86,87
24,26,27,35,36,37,38,45,46,47,48,55,56,57,58,65,66,67,68,75,76,77,78,85,86,87
25,26,27,35,36,37,45,46,47,48,55,56,57,58,65,66,67,68,75,76,77,85,86,87
26,26,27,35,36,37,45,46,47,55,56,57,65,66,67,75,76,77,85,86,87
27,36,37,45,46,47,54,55,56,57,64,65,66,67,68,73,74,75,76,77,78,83,84,85,86,87,88,89,91,92,93,94,95,96,97,98,99,100
28,34,43,44,45,46,52,53,54,55,56,57,62,63,64,65,66,67,72,73,74,75,76,77,78,82,83,84,85,86,87,88,89,91,92,93,94,95,96,97,98,99,100
29,22,23,24,31,32,33,34,41,42,43,44,45,51,52,53,54,55,61,62,63,64,65,71,72,73,74,75,82,83,84,85,92,93,94,95
30,22,23,31,32,33,34,41,42,43,44,51,52,53,54,61,62,63,64,71,72,73,74,82,83
31,22,23,24,32,33,34,41,42,43,44,51,52,53,54,61,62,63,64,72,73,74,82,83
32,22,23,24,32,33,34,41,42,43,44,51,52,53,54,61,62,63,64,72,73,74,82,83
33,22,23,24,32,33,34,41,42,43,44,51,52,53,54,61,62,63,64,72,73,74,82,83
34,23,24,32,33,34,41,42,43,44,51,52,53,54,61,62,63,64,72,73,74,82,83
35,23,24,32,33,34,35,42,43,44,45,52,53,54,55,62,63,64,65,72,73,74,75,82,83,84
36,21,22,23,24,31,32,33,34,40,41,42,43,44,50,51,52,53,54,60,61,62,63,64,70,71,72,73,74,81,82,83
37,21,22,23,31,32,33,40,41,42,43,50,51,52,53,60,61,62,63,70,71,72,73,81,82
38,21,22,23,31,32,33,34,40,41,42,43,44,50,51,52,53,54,60,61,62,63,64,70,71,72,73,82
39,13,22,23,24,25,31,32,33,34,35,36,41,42,43,44,45,46,51,52,53,54,55,56,61,62,63,64,65,66,72,73,74,75,76,84,85
40,25,26,34,35,36,37,43,44,45,46,47,53,54,55,56,57,63,64,65,66,67,74,75,76,77,84,85,86
41,25,26,34,35,36,37,44,45,46,47,54,55,56,57,64,65,66,67,74,75,76,77,85,86
42,25,26,34,35,36,37,44,45,46,47,54,55,56,57,64,65,66,67,74,75,76,77,84,85,86,87,94,95,96
43,35,36,44,45,46,54,55,56,57,63,64,65,66,67,73,74,75,76,77,84,85,86,87,94,95,96
44,35,36,44,45,46,53,54,55,56,57,63,64,65,66,67,73,74,75,76,77,83,84,85,86,87,94,95,96
45,35,36,44,45,46,53,54,55,56,63,64,65,66,73,74,75,76,83,84,85,86,94,95,96
46,34,35,36,43,44,45,46,53,54,55,56,63,64,65,66,73,74,75,76,83,84,85,86,94,95,96
47,24,33,34,35,43,44,45,46,53,54,55,56,63,64,65,66,73,74,75,76,83,84,85
48,24,33,34,35,43,44,45,53,54,55,56,63,64,65,66,73,74,75,83,84,85
49,24,33,34,35,43,44,45,53,54,55,56,63,64,65,66,73,74,75,83,84,85
50,23,24,32,33,34,35,42,43,44,45,52,53,54,55,56,62,63,64,65,66,72,73,74,75,82,83,84,85
51,23,24,32,33,34,41,42,43,44,51,52,53,54,62,63,64,72,73,74,82,83,84
52,23,24,32,33,34,42,43,44,51,52,53,54,62,63,64,72,73,74,82,83,84
53,23,24,32,33,34,42,43,44,52,53,54,62,63,64,72,73,74,82,83,84
54,23,24,32,33,34,42,43,44,52,53,54,62,63,64,72,73,74,82,83,84
55,23,24,32,33,34,42,43,44,52,53,54,62,63,64,72,73,74,82,83,84
56,23,24,25,32,33,34,35,42,43,44,45,46,52,53,54,55,56,62,63,64,65,66,72,73,74,75,82,83,84,85
57,24,25,26,33,34,35,36,43,44,45,46,47,53,54,55,56,57,63,64,65,66,67,73,74,75,76,84,85,86
58,25,26,34,35,36,44,45,46,47,54,55,56,57,64,65,66,67,74,75,76,84,85,86
59,25,26,34,35,36,44,45,46,47,54,55,56,57,64,65,66,67,74,75,76,84,85,86
60,25,26,34,35,36,44,45,46,47,54,55,56,57,64,65,66,67,74,75,76,77,84,85,86
