1,7,8,9,12,13,14,17,18,19,22,23,24
2,7,8,11,12,13,16,17,18,21,22,23
3,7,8,9,11,12,13,14,16,17,18,19,21,22,23
4,8,9,10,13,14,15,18,19,20,23,24
5,9,10,13,14,15,18,19,20,24,25
6,9,10,14,15,19,20,24,25
7,8,9,10,13,14,15,18,19,20,23,24
8,8,9,12,13,14,17,18,19,23,24
9,8,9,12,13,14,17,18,19,22,23,24
10,8,9,13,14,18,19,23,24
11,8,9,13,14,18,19,23,24
12,8,9,12,13,14,17,18,19,23,24
13,8,9,12,13,14,17,18,19,23,24
14,8,9,13,14,18,19,23,24
15,8,9,13,14,18,19,23,24
16,8,9,13,14,18,19,23,24
17,8,9,13,14,18,19,23,24
18,8,9,13,14,18,19,23,24
19,8,9,13,14,18,19,23,24
20,8,9,13,14,18,19,23,24
21,8,12,13,14,17,18,19,21,22,23,24,25
22,7,8,12,13,14,17,18,19,22,23,24
23,7,8,11,12,13,16,17,18,22,23
24,6,7,8,11,12,13,15,16,17,18,20,21,22
25,1,2,6,7,10,11,12,15,16,17,20,21,22,25
26,1,2,6,7,10,11,12,15,16,17,20,21,25
27,6,9,10,11,14,15,16,19,20,21,24,25
28,6,9,10,11,14,15,16,19,20,21,24,25
29,6,10,11,15,16,20,21,25
30,5,6,10,11,15,16,20,21,25
31,6,10,11,15,16,20,21,25
32,6,7,10,11,12,15,16,17,20,21,22,25
33,6,7,11,12,15,16,17,20,21,22
34,1,6,7,10,11,12,15,16,17,20,21,22,25
35,1,6,7,10,11,12,15,16,17,20,21,22
36,6,10,11,15,16,20,21,25
37,6,10,11,15,16,20,21,25
38,6,10,11,15,16,20,21,25
39,6,10,11,15,16,20
40,6,10,11,15,16,20,21,25
41,6,10,11,15,16,20,21,25
42,6,10,11,15,16,20,21,25
43,6,10,11,15,16,20,21,25
44,6,10,11,15,16,20,21,25
45,1,6,7,10,11,12,15,16,17,20,21,25
46,6,7,10,11,12,15,16,17,20,21,22
47,6,7,11,12,16,17,21,22
48,6,7,11,12,16,17,21,22
49,6,7,11,12,16,17,21,22
50,1,2,6,7,11,12,15,16,17,20,21,22
51,6,7,8,11,12,13,16,17,18,21,22,23
52,7,8,12,13,16,17,18,19,21,22,23,24,25
53,8,9,12,13,14,17,18,19,21,22,23,24,25
54,8,9,13,14,15,18,19,20,21,22,23,24,25
55,8,9,12,13,14,17,18,19,23,24
56,6,7,8,9,11,12,13,14,16,17,18,19,22,23,24
57,1,2,6,7,10,11,12,13,15,16,17,18,20,21,22
58,1,6,7,10,11,12,15,16,17,20,21,25
59,6,10,11,15,16,20,21,25
60,6,10,11,15,16,20,21,25
