1,14,15,16,17,24,25,26,27,34,35,36,37,44,45,46
2,14,15,16,17,24,25,26,27,34,35,36,37,44,45,46,47
3,15,16,17,24,25,26,27,34,35,36,37,44,45,46,47
4,16,17,24,25,26,27,34,35,36,37,45,46,47
5,16,17,25,26,27,28,34,35,36,37,38,45,46,47
6,16,17,25,26,27,28,35,36,37,38,45,46,47
7,16,17,25,26,27,28,35,36,37,38,45,46,47
8,16,17,25,26,27,28,35,36,37,38,45,46,47
9,16,17,25,26,27,34,35,36,37,38,45,46,47
10,16,17,25,26,27,28,34,35,36,37,38,45,46,47
11,16,17,25,26,27,28,35,36,37,38,45,46,47
12,16,17,25,26,27,28,35,36,37,38,45,46,47
13,16,17,25,26,27,28,35,36,37,38,45,46,47
14,16,17,25,26,27,28,35,36,37,38,45,46,47,48
15,16,17,25,26,27,28,35,36,37,38,45,46,47,48
16,16,17,25,26,27,28,35,36,37,38,45,46,47,48
17,16,17,25,26,27,28,35,36,37,38,45,46,47,48
18,16,17,25,26,27,28,35,36,37,38,45,46,47,48
19,16,17,25,26,27,28,35,36,37,38,45,46,47,48
20,16,17,25,26,27,28,35,36,37,38,45,46,47,48
21,15,16,17,23,24,25,26,27,28,33,34,35,36,37,38,44,45,46,47,48
22,14,15,16,23,24,25,26,33,34,35,36,43,44,45,46
23,14,15,23,24,25,26,33,34,35,36,43,44,45,46
24,14,15,23,24,25,26,33,34,35,36,43,44,45,46
25,14,15,23,24,25,26,33,34,35,36,43,44,45,46
26,14,15,23,24,25,26,33,34,35,36,43,44,45,46
27,14,15,23,24,25,26,33,34,35,36,43,44,45,46
28,14,15,23,24,25,26,33,34,35,36,43,44,45,46
29,14,15,23,24,25,26,33,34,35,36,43,44,45,46
30,14,15,23,24,25,26,33,34,35,36,43,44,45,46
31,14,15,16,17,23,24,25,26,27,33,34,35,36,37,43,44,45,46,47
32,16,17,24,25,26,27,28,34,35,36,37,38,45,46,47
33,16,17,25,26,27,28,35,36,37,38,45,46,47
34,16,17,25,26,27,28,35,36,37,38,45,46,47
35,16,17,25,26,27,28,35,36,37,38,45,46,47
36,16,17,18,25,26,27,28,35,36,37,38,45,46,47,48
37,17,18,25,26,27,28,35,36,37,38,46,47,48
38,16,17,18,25,26,27,28,35,36,37,38,46,47,48
39,15,16,17,18,25,26,27,28,35,36,37,38,45,46,47,48
40,4,5,6,7,14,15,16,17,24,25,26,27,28,35,36,37,38,45,46,47
41,4,5,6,7,13,14,15,16,17,23,24,25,26,27,33,34,35,36
42,4,13,14,15,22,23,24,25,32,33,34,35,43,44,45
43,12,13,14,15,22,23,24,25,32,33,34,35,42,43,44,45
44,12,13,14,15,22,23,24,25,32,33,34,35,42,43,44
45,12,13,14,15,22,23,24,25,32,33,34,35,42,43,44
46,12,13,14,15,22,23,24,25,26,32,33,34,35,36,43,44,45
47,13,14,15,23,24,25,26,33,34,35,36,43,44,45,46
48,15,23,24,25,26,33,34,35,36,37,43,44,45,46,47
49,15,16,24,25,26,27,33,34,35,36,37,43,44,45,46,47
50,15,16,17,24,25,26,27,28,34,35,36,37,38,44,45,46,47
51,15,16,17,25,26,27,28,35,36,37,38,45,46,47
52,15,16,17,25,26,27,28,35,36,37,38,45,46,47,48
53,15,16,17,25,26,27,28,35,36,37,38,45,46,47,48
54,15,16,17,25,26,27,28,35,36,37,38,45,46,47,48
55,15,16,17,25,26,27,28,35,36,37,38,45,46,47,48
56,15,16,17,25,26,27,28,35,36,37,38,45,46,47,48
57,15,16,17,25,26,27,28,35,36,37,38,45,46,47,48
58,15,16,17,25,26,27,28,35,36,37,38,45,46,47
59,15,16,17,24,25,26,27,28,34,35,36,37,38,44,45,46,47
60,15,16,24,25,26,27,33,34,35,36,37,43,44,45,46,47
