1,12,21,22,23,30,31,32,33,39,40,41,42,43,49,50,51,52,53,59,60,61,62,63,69,70,71,72,73,79,80,81,82,90
2,21,30,31,32,39,40,41,42,49,50,51,52,59,60,61,62,69,70,71,79,80,81,90
3,21,29,30,31,32,39,40,41,42,49,50,51,52,59,60,61,62,69,70,71,79,80,81,90
4,20,21,29,30,31,32,39,40,41,42,48,49,50,51,52,58,59,60,61,62,69,70,71,79,80,81,90
5,19,20,21,28,29,30,31,38,39,40,41,48,49,50,51,58,59,60,61,68,69,70,71,78,79,80
6,19,20,21,22,23,24,25,28,29,30,31,32,33,34,35,38,39,40,41,42,43,44,45,48,49,50,51,52,53,54,55,58,59,60,61,62,63,64,65,68,69,70,71,72,73,74,75,78,79,80,81,82,83,84,85,90
7,24,25,33,34,35,36,43,44,45,46,53,54,55,56,63,64,65,66,73,74,75,76,83,84,85,86,94,95,96
8,35,36,44,45,46,47,54,55,56,57,63,64,65,66,67,73,74,75,76,77,84,85,86,87,94,95,96
9,11,21,22,23,24,30,31,32,33,34,35,36,40,41,42,43,44,45,46,49,50,51,52,53,54,55,56,59,60,61,62,63,64,65,66,69,70,71,72,73,74,75,76,80,81,82,83,84,85,86,90,94,95
10,21,28,29,30,31,32,38,39,40,41,42,47,48,49,50,51,52,57,58,59,60,61,62,67,68,69,70,71,72,78,79,80,81,89,90
11,20,21,28,29,30,31,37,38,39,40,41,47,48,49,50,51,57,58,59,60,61,67,68,69,70,78,79,80,89
12,11,19,20,21,22,29,30,31,32,38,39,40,41,42,48,49,50,51,52,58,59,60,61,62,68,69,70,71,79,80
13,11,12,20,21,22,29,30,31,32,39,40,41,42,49,50,51,52,53,59,60,61,62,63,69,70,71,72,80,81,82,90
14,21,22,30,31,32,39,40,41,42,49,50,51,52,53,59,60,61,62,63,69,70,71,72,79,80,81,82,89,90
15,30,31,39,40,41,42,49,50,51,52,59,60,61,62,69,70,71,72,79,80,81,89,90
16,30,31,39,40,41,42,49,50,51,52,59,60,61,62,69,70,71,72,79,80,81,82,89,90
17,31,39,40,41,42,48,49,50,51,52,58,59,60,61,62,68,69,70,71,72,78,79,80,81,82,88,89,90,91,99,100
18,28,29,30,31,37,38,39,40,41,47,48,49,50,51,52,57,58,59,60,61,62,67,68,69,70,71,72,77,78,79,80,81,82,88,89,90,91,100
19,27,28,29,36,37,38,39,45,46,47,48,49,50,55,56,57,58,59,60,65,66,67,68,69,70,75,76,77,78,79,86,87,88,89
20,27,35,36,37,38,45,46,47,48,55,56,57,58,65,66,67,68,75,76,77,78,85,86,87,88
21,27,35,36,37,38,45,46,47,48,55,56,57,58,65,66,67,68,75,76,77,78,85,86,87,88
22,34,35,36,37,43,44,45,46,47,53,54,55,56,57,58,63,64,65,66,67,68,73,74,75,76,77,78,83,84,85,86,87,94,95,96
23,25,34,35,43,44,45,46,53,54,55,56,63,64,65,66,73,74,75,76,83,84,85,86
24,24,25,33,34,35,43,44,45,46,52,53,54,55,56,62,63,64,65,66,73,74,75,76,83,84,85,86
25,24,33,34,35,42,43,44,45,52,53,54,55,62,63,64,65,72,73,74,75,83,84,85
26,24,25,33,34,35,42,43,44,45,52,53,54,55,56,62,63,64,65,66,72,73,74,75,83,84,85
27,24,25,26,27,33,34,35,36,37,43,44,45,46,47,48,53,54,55,56,57,58,63,64,65,66,67,68,73,74,75,76,77,78,83,84,85,86,87
28,26,27,28,35,36,37,38,45,46,47,48,55,56,57,58,65,66,67,68,75,76,77,78,86,87,88
29,27,28,36,37,38,39,46,47,48,49,56,57,58,59,66,67,68,69,76,77,78,79,86,87,88
30,27,28,29,36,37,38,39,40,46,47,48,49,50,56,57,58,59,60,66,67,68,69,70,76,77,78,79,87,88,89
31,28,29,37,38,39,40,47,48,49,50,57,58,59,60,67,68,69,70,77,78,79,88,89
32,27,28,29,37,38,39,40,46,47,48,49,50,56,57,58,59,60,67,68,69,70,77,78,79,88
33,27,28,29,36,37,38,39,46,47,48,49,56,57,58,59,66,67,68,69,76,77,78,79,87,88
34,27,28,36,37,38,46,47,48,49,56,57,58,59,66,67,68,69,76,77,78,87,88
35,27,28,36,37,38,39,46,47,48,49,56,57,58,59,66,67,68,69,76,77,78,87,88
36,26,27,28,36,37,38,45,46,47,48,49,55,56,57,58,59,65,66,67,68,69,76,77,78,86,87,88
37,26,27,28,36,37,38,45,46,47,48,55,56,57,58,65,66,67,68,76,77,78,86,87
38,26,27,28,36,37,38,45,46,47,48,55,56,57,58,65,66,67,68,76,77,78,86,87
39,18,26,27,28,36,37,38,39,46,47,48,49,56,57,58,59,66,67,68,69,76,77,78,87
40,27,28,36,37,38,39,46,47,48,49,56,57,58,59,66,67,68,76,77,78
41,26,27,28,36,37,38,45,46,47,48,55,56,57,58,65,66,67,68,76,77,78,87
42,26,27,28,36,37,38,39,45,46,47,48,49,55,56,57,58,59,65,66,67,68,69,76,77,78,79,87,88
43,27,28,29,36,37,38,39,46,47,48,49,56,57,58,59,66,67,68,69,77,78,79,87,88
44,27,28,29,36,37,38,39,46,47,48,49,56,57,58,59,66,67,68,69,76,77,78,79,87,88
45,26,27,28,35,36,37,38,45,46,47,48,55,56,57,58,65,66,67,68,75,76,77,78,86,87
46,25,26,27,34,35,36,37,44,45,46,47,48,54,55,56,57,58,64,65,66,67,68,74,75,76,77,84,85,86,87
47,24,25,26,33,34,35,36,43,44,45,46,53,54,55,56,57,63,64,65,66,67,73,74,75,76,84,85,86
48,24,25,26,27,33,34,35,36,37,43,44,45,46,47,48,53,54,55,56,57,58,63,64,65,66,67,68,73,74,75,76,77,84,85,86,87
49,26,27,35,36,37,45,46,47,48,55,56,57,58,65,66,67,68,75,76,77,85,86,87
50,26,27,35,36,37,45,46,47,54,55,56,57,64,65,66,67,75,76,77,85,86,87
51,24,25,26,27,33,34,35,36,37,43,44,45,46,47,53,54,55,56,57,63,64,65,66,67,73,74,75,76,77,83,84,85,86,87
52,24,25,33,34,35,43,44,45,46,52,53,54,55,56,62,63,64,65,66,73,74,75,83,84,85
53,24,25,26,33,34,35,36,43,44,45,46,47,53,54,55,56,57,63,64,65,66,67,73,74,75,76,77,83,84,85,86
54,25,26,34,35,36,37,44,45,46,47,54,55,56,57,64,65,66,67,74,75,76,77,84,85,86
55,25,26,34,35,36,37,44,45,46,47,54,55,56,57,64,65,66,67,74,75,76,77,85,86
56,26,34,35,36,37,44,45,46,47,54,55,56,57,64,65,66,67,74,75,76,77,85,86,87
57,26,35,36,37,44,45,46,47,54,55,56,57,64,65,66,67,74,75,76,77,85,86,87
58,26,35,36,37,44,45,46,47,54,55,56,57,64,65,66,67,74,75,76,77,85,86,87
59,26,35,36,37,44,45,46,47,54,55,56,57,64,65,66,67,74,75,76,77,85,86,87
60,26,35,36,37,44,45,46,47,54,55,56,57,64,65,66,67,75,76,77,85,86,87
