1,16,25,26,27,34,35,36,37,38,44,45,46,47,48,54,55,56,57,58,64,65,66,67,68,74,75,76,77,78,85,86,87,88
2,27,28,29,36,37,38,39,40,46,47,48,49,50,55,56,57,58,59,60,65,66,67,68,69,70,76,77,78,79,80,86,87,88,89
3,28,29,30,37,38,39,40,47,48,49,50,57,58,59,60,67,68,69,70,77,78,79,80,88,89
4,27,28,29,36,37,38,39,40,46,47,48,49,50,56,57,58,59,60,66,67,68,69,70,76,77,78,79,80,86,87,88,89
5,26,27,28,36,37,38,45,46,47,48,55,56,57,58,65,66,67,68,75,76,77,78,86,87,88
6,26,27,35,36,37,38,45,46,47,48,54,55,56,57,58,64,65,66,67,68,75,76,77,78,85,86,87
7,25,26,34,35,36,37,43,44,45,46,47,53,54,55,56,57,63,64,65,66,67,73,74,75,76,77,83,84,85,86,87
8,23,24,32,33,34,35,42,43,44,45,52,53,54,55,56,62,63,64,65,66,72,73,74,75,76,82,83,84,85
9,23,24,25,32,33,34,35,41,42,43,44,45,46,51,52,53,54,55,56,61,62,63,64,65,66,72,73,74,75,82,83,84,85
10,24,25,26,27,33,34,35,36,37,43,44,45,46,47,53,54,55,56,57,63,64,65,66,67,73,74,75,76,77,84,85,86
11,16,24,25,26,27,34,35,36,37,44,45,46,47,54,55,56,57,64,65,66,67,75,76,77,86,87
12,26,27,28,35,36,37,38,45,46,47,48,49,55,56,57,58,59,65,66,67,68,69,75,76,77,78,79,86,87,88
13,28,36,37,38,39,46,47,48,49,56,57,58,59,66,67,68,69,76,77,78,79,86,87,88,89
14,27,28,29,36,37,38,39,46,47,48,49,56,57,58,59,66,67,68,69,76,77,78,79,86,87,88,89
15,27,28,29,30,37,38,39,40,46,47,48,49,50,56,57,58,59,60,66,67,68,69,70,77,78,79,80,87,88,89
16,28,29,30,37,38,39,40,47,48,49,50,57,58,59,60,67,68,69,70,77,78,79,80,88,89
17,27,28,29,36,37,38,39,40,45,46,47,48,49,50,55,56,57,58,59,60,65,66,67,68,69,70,76,77,78,79,86,87,88,89
18,26,27,35,36,37,38,45,46,47,48,55,56,57,58,65,66,67,68,75,76,77,78,86,87
19,26,27,35,36,37,38,45,46,47,48,55,56,57,58,65,66,67,68,75,76,77,78,86,87
20,26,27,35,36,37,38,45,46,47,48,55,56,57,58,65,66,67,68,75,76,77,78,86,87
21,26,27,35,36,37,38,45,46,47,48,55,56,57,58,65,66,67,68,75,76,77,78,86,87
22,26,27,35,36,37,38,45,46,47,48,55,56,57,58,65,66,67,68,75,76,77,78,86,87
23,27,36,37,38,45,46,47,48,55,56,57,58,65,66,67,68,76,77,78,86,87,88
24,27,28,36,37,38,45,46,47,48,55,56,57,58,65,66,67,68,76,77,78,86,87,88
25,27,28,36,37,38,46,47,48,49,56,57,58,59,66,67,68,69,76,77,78,86,87,88
26,27,28,36,37,38,46,47,48,56,57,58,59,66,67,68,76,77,78,86,87,88
27,27,28,36,37,38,45,46,47,48,55,56,57,58,65,66,67,68,76,77,78,86,87,88
28,27,28,36,37,38,45,46,47,48,55,56,57,58,65,66,67,68,76,77,78,86,87,88
29,27,28,36,37,38,46,47,48,56,57,58,66,67,68,76,77,78,86,87,88
30,27,28,36,37,38,46,47,48,56,57,58,66,67,68,76,77,78,86,87,88
31,27,28,36,37,38,46,47,48,56,57,58,66,67,68,76,77,78,86,87,88
32,27,28,36,37,38,46,47,48,56,57,58,66,67,68,76,77,78,86,87,88
33,27,28,36,37,38,46,47,48,56,57,58,66,67,68,76,77,78,86,87,88
34,27,28,36,37,38,46,47,48,56,57,58,66,67,68,76,77,78,86,87
35,27,28,36,37,38,46,47,48,56,57,58,66,67,68,76,77,78,86,87,88
36,27,28,29,36,37,38,39,46,47,48,49,56,57,58,59,66,67,68,69,76,77,78,79,86,87,88,89
37,28,29,37,38,39,46,47,48,49,56,57,58,59,66,67,68,69,77,78,79,87,88,89
38,27,28,37,38,39,46,47,48,49,56,57,58,59,66,67,68,69,76,77,78,79,87,88
39,27,28,36,37,38,39,46,47,48,49,56,57,58,59,66,67,68,69,76,77,78,79,87,88
40,27,28,36,37,38,39,46,47,48,49,56,57,58,59,66,67,68,69,76,77,78,79,87,88
41,27,28,36,37,38,39,46,47,48,49,56,57,58,59,66,67,68,69,76,77,78,79,87,88
42,27,28,36,37,38,39,45,46,47,48,49,55,56,57,58,59,65,66,67,68,69,75,76,77,78,79,86,87,88
43,27,36,37,38,45,46,47,48,55,56,57,58,65,66,67,68,75,76,77,78,86,87,88
44,27,36,37,38,45,46,47,48,55,56,57,58,65,66,67,68,76,77,78,86,87,88
45,27,36,37,38,45,46,47,48,55,56,57,58,65,66,67,68,76,77,78,86,87,88
46,27,36,37,38,45,46,47,48,55,56,57,58,65,66,67,68,76,77,78,86,87,88
47,27,28,36,37,38,45,46,47,48,55,56,57,58,59,65,66,67,68,69,76,77,78,79,86,87,88
48,36,37,38,45,46,47,48,55,56,57,58,59,65,66,67,68,69,75,76,77,78,79,86,87,88,97
49,27,36,37,38,45,46,47,48,55,56,57,58,65,66,67,68,75,76,77,78,86,87,88
50,27,36,37,38,45,46,47,48,55,56,57,58,65,66,67,68,75,76,77,78,86,87,88
51,27,36,37,38,45,46,47,48,55,56,57,58,65,66,67,68,75,76,77,78,86,87,88
52,27,36,37,38,45,46,47,48,55,56,57,58,65,66,67,68,76,77,78,86,87,88
53,27,36,37,38,45,46,47,48,55,56,57,58,65,66,67,68,75,76,77,78,86,87,88
54,27,36,37,38,45,46,47,48,55,56,57,58,65,66,67,68,75,76,77,78,86,87,88
55,27,36,37,38,45,46,47,48,55,56,57,58,65,66,67,68,76,77,78,86,87,88
56,27,28,36,37,38,45,46,47,48,55,56,57,58,59,65,66,67,68,76,77,78,86,87,88
57,27,28,36,37,38,39,46,47,48,49,56,57,58,59,66,67,68,69,76,77,78,79,87,88
58,27,28,36,37,38,39,46,47,48,49,56,57,58,59,66,67,68,69,76,77,78,79,87,88
59,27,28,36,37,38,39,46,47,48,49,56,57,58,59,66,67,68,69,76,77,78,79,87,88
60,27,28,36,37,38,39,46,47,48,49,56,57,58,59,66,67,68,69,76,77,78,87,88
