1,6,14,15,16,17,24,25,26,27,28,34,35,36,37,38,45,46,47
2,16,17,18,25,26,27,28,35,36,37,38,45,46,47,48
3,17,18,25,26,27,28,29,35,36,37,38,39,46,47,48,49
4,16,17,18,19,25,26,27,28,29,35,36,37,38,39,40,45,46,47,48,49
5,16,17,25,26,27,28,35,36,37,38,45,46,47,48
6,14,15,16,17,23,24,25,26,27,28,33,34,35,36,37,38,43,44,45,46,47,48
7,13,14,15,22,23,24,25,26,32,33,34,35,36,43,44,45,46
8,12,13,14,21,22,23,24,25,31,32,33,34,35,41,42,43,44,45
9,11,12,13,20,21,22,23,29,30,31,32,33,39,40,41,42,43,50
10,11,12,19,20,21,22,29,30,31,32,39,40,41,42,50
11,11,18,19,20,21,28,29,30,31,38,39,40,49,50
12,11,18,19,20,21,28,29,30,31,38,39,40,49,50
13,11,18,19,20,21,22,28,29,30,31,38,39,40,41,49,50
14,11,12,19,20,21,22,29,30,31,32,39,40,41,50
15,11,12,19,20,21,22,29,30,31,32,39,40,41,42,49,50
16,11,12,20,21,22,29,30,31,32,39,40,41,42,49,50
17,11,12,20,21,22,29,30,31,32,39,40,41,42,50
18,11,12,13,20,21,22,23,29,30,31,32,33,39,40,41,42,50
19,11,12,13,20,21,22,23,29,30,31,32,33,39,40,41,42,43,50
20,11,12,13,14,20,21,22,23,24,29,30,31,32,33,34,39,40,41,42,43,50
21,11,12,13,14,15,16,21,22,23,24,25,26,31,32,33,34,35,36,42,43,44,45,46
22,14,15,16,17,23,24,25,26,27,28,33,34,35,36,37,38,43,44,45,46,47,48
23,16,17,25,26,27,28,29,35,36,37,38,39,45,46,47,48,49
24,15,16,17,24,25,26,27,28,29,34,35,36,37,38,39,41,42,43,44,45,46,47,48,49,50
25,15,16,24,25,26,27,34,35,36,37,44,45,46,47
26,15,16,17,24,25,26,27,34,35,36,37,44,45,46,47
27,16,17,18,24,25,26,27,28,34,35,36,37,38,45,46,47,48
28,16,17,25,26,27,28,35,36,37,38,39,45,46,47,48,49
29,15,16,17,24,25,26,27,28,34,35,36,37,38,44,45,46,47,48
30,15,16,23,24,25,26,27,33,34,35,36,37,44,45,46,47
31,14,15,16,23,24,25,26,27,33,34,35,36,37,43,44,45,46,47
32,15,16,17,24,25,26,27,34,35,36,37,44,45,46,47
33,15,16,17,24,25,26,27,34,35,36,37,44,45,46,47
34,16,17,24,25,26,27,28,34,35,36,37,38,44,45,46,47,48
35,16,17,18,25,26,27,28,35,36,37,38,45,46,47,48
36,16,17,18,25,26,27,28,35,36,37,38,46,47,48
37,16,17,18,25,26,27,28,35,36,37,38,45,46,47,48
38,15,16,17,24,25,26,27,28,34,35,36,37,38,45,46,47,48
39,15,16,17,24,25,26,27,34,35,36,37,44,45,46,47
40,15,16,24,25,26,27,34,35,36,37,44,45,46,47
41,14,15,16,23,24,25,26,27,33,34,35,36,37,43,44,45,46
42,12,13,14,15,22,23,24,25,26,32,33,34,35,36,42,43,44,45,46
43,12,13,14,22,23,24,25,32,33,34,35,42,43,44
44,12,13,14,15,16,22,23,24,25,26,32,33,34,35,36,42,43,44,45,46
45,14,15,16,17,23,24,25,26,27,33,34,35,36,37,44,45,46,47
46,15,16,17,24,25,26,27,34,35,36,37,44,45,46,47
47,15,16,24,25,26,27,34,35,36,37,44,45,46,47
48,16,17,18,24,25,26,27,28,34,35,36,37,38,44,45,46,47,48
49,16,17,18,25,26,27,28,29,35,36,37,38,39,45,46,47,48,49
50,16,17,18,24,25,26,27,28,29,34,35,36,37,38,39,44,45,46,47,48,49
51,15,16,23,24,25,26,27,33,34,35,36,37,44,45,46,47
52,15,16,17,24,25,26,27,28,34,35,36,37,38,44,45,46,47
53,16,17,25,26,27,28,35,36,37,38,45,46,47
54,16,17,25,26,27,28,35,36,37,38,45,46,47,48
55,16,17,25,26,27,28,35,36,37,38,45,46,47,48,49
56,17,25,26,27,28,35,36,37,38,39,45,46,47,48,49
57,14,15,16,17,23,24,25,26,27,28,33,34,35,36,37,38,43,44,45,46,47,48
58,12,13,14,15,21,22,23,24,25,26,31,32,33,34,35,36,42,43,44,45,46
59,11,12,13,14,20,21,22,23,24,30,31,32,33,34,40,41,42,43,44
60,11,12,13,20,21,22,23,29,30,31,32,33,39,40,41,42,50
