1,3,7,8,9,12,13,14,17,18,19,22,23
2,7,8,12,13,14,17,18,19,22,23
3,6,7,8,11,12,13,16,17,18,22,23
4,6,7,11,12,15,16,17,21,22
5,6,7,10,11,12,15,16,17,20,21
6,1,6,7,10,11,12,15,16,17,20,21,25
7,6,9,10,11,14,15,16,19,20,21,25
8,6,9,10,11,14,15,16,19,20,25
9,6,9,10,11,14,15,16,19,20,25
10,6,9,10,11,14,15,16,19,20,25
11,6,10,11,15,16,20,21,25
12,6,7,10,11,12,15,16,17,20,21,22
13,6,7,8,11,12,13,16,17,18,21,22,23
14,7,8,9,12,13,14,17,18,19,22,23,24
15,8,9,13,14,18,19,23,24
16,8,9,10,13,14,15,18,19,20,23,24
17,8,9,10,13,14,15,18,19,20,23,24
18,8,9,13,14,18,19,23,24
19,8,9,13,14,18,19,23,24
20,8,9,10,13,14,15,18,19,20,23,24
21,9,10,13,14,15,18,19,20,24,25
22,9,10,14,15,19,20,24,25
23,8,9,10,12,13,14,15,17,18,19,20,23,24,25
24,7,8,9,12,13,14,17,18,19,22,23
25,7,8,12,13,17,18,22,23
26,7,8,9,12,13,14,17,18,19,22,23,24
27,8,9,13,14,18,19,23,24
28,8,9,13,14,18,19,23,24
29,8,9,13,14,18,19,23,24
30,8,9,13,14,18,19,23,24
31,8,9,13,14,18,19,23,24
32,8,9,13,14,18,19,23,24
33,8,9,13,14,18,19,23,24
34,7,8,9,12,13,14,17,18,19,22,23,24
35,7,8,12,13,14,17,18,19,22,23
36,7,8,11,12,13,16,17,18,22,23
37,6,7,8,11,12,13,16,17,18,22
38,6,7,8,11,12,13,16,17,18,22,23
39,7,8,12,13,17,18,22,23
40,3,7,8,9,12,13,14,17,18,19
41,7,8,9,12,13,14,17,18,19,23
42,7,8,9,12,13,14,17,18,19,23
43,8,9,12,13,14,17,18,19,23
44,7,8,9,12,13,14,17,18,19,23
45,8,9,12,13,14,17,18,19,23,24
46,8,9,12,13,14,18,19,23,24
47,8,9,13,14,18,19,23,24
48,8,9,12,13,14,17,18,19,23,24
49,7,8,9,12,13,14,17,18,19,23
50,8,9,12,13,14,17,18,19,23,24
51,8,9,12,13,14,17,18,19,23,24
52,7,8,9,12,13,14,17,18,19,23,24
53,8,9,13,14,18,19,23,24
54,8,9,13,14,18,19,23,24
55,8,9,13,14,18,19,23,24
56,8,9,13,14,18,19,23,24
57,8,9,13,14,18,19,23,24
58,8,9,13,14,18,19,23,24
59,8,9,13,14,18,19,23,24
60,7,8,9,12,13,14,17,18,19,23,24
