1,14,15,16,17,24,25,26,27,34,35,36,37,44,45,46
2,14,15,16,17,24,25,26,27,28,34,35,36,37,38,44,45,46,47,48
3,16,17,18,25,26,27,28,35,36,37,38,45,46,47,48
4,16,17,18,25,26,27,28,29,35,36,37,38,39,45,46,47,48
5,15,16,17,24,25,26,27,28,34,35,36,37,38,44,45,46,47,48
6,14,15,16,23,24,25,26,27,33,34,35,36,37,43,44,45,46,47
7,13,14,15,22,23,24,25,26,32,33,34,35,36,43,44,45,46
8,12,13,14,15,21,22,23,24,25,31,32,33,34,35,41,42,43,44,45
9,11,12,13,21,22,23,24,30,31,32,33,34,40,41,42,43,44
10,11,12,13,19,20,21,22,23,29,30,31,32,33,39,40,41,42,49,50
11,20,21,22,28,29,30,31,32,38,39,40,41,42,47,48,49,50
12,21,27,28,29,30,31,37,38,39,40,41,42,43,44,45,46,47,48,49,50
13,18,19,20,21,27,28,29,30,31,37,38,39,40,41,47,48,49,50
14,7,8,9,10,11,17,18,19,20,21,27,28,29,30,31,38,39,40,41,48,49,50
15,7,8,9,10,16,17,18,19,20,26,27,28,29,30,37,38,39,40
16,7,8,9,16,17,18,19,26,27,28,29,36,37,38,39
17,8,9,17,18,19,20,21,27,28,29,30,37,38,39,40
18,9,10,11,18,19,20,21,28,29,30,31,38,39,40
19,10,11,18,19,20,21,22,28,29,30,31,38,39,40
20,11,12,19,20,21,22,29,30,31,32,39,40,41,50
21,11,12,19,20,21,22,29,30,31,32,39,40,41,50
22,10,11,12,19,20,21,22,29,30,31,32,39,40,41,50
23,10,11,19,20,21,28,29,30,31,39,40
24,10,11,18,19,20,21,28,29,30,31,39,40
25,1,2,9,10,11,12,13,19,20,21,22,23,28,29,30,31,32,33,39,40,41,42,43,50
26,11,12,13,21,22,23,24,30,31,32,33,34,40,41,42,43
27,11,12,13,14,21,22,23,24,31,32,33,34,42,43,44
28,11,12,13,14,20,21,22,23,24,30,31,32,33,34,40,41,42,43,44
29,1,2,10,11,12,13,20,21,22,23,30,31,32,33,40,41,42,50
30,11,12,13,20,21,22,23,30,31,32,33,40,41,42,43,50
31,11,12,13,14,15,21,22,23,24,25,26,31,32,33,34,35,42,43,44,45
32,13,14,15,16,23,24,25,26,33,34,35,36,44,45
33,14,15,16,23,24,25,26,27,33,34,35,36,37,44,45,46
34,14,15,16,17,24,25,26,27,34,35,36,37,45,46,47
35,15,16,17,25,26,27,28,35,36,37,38,45,46,47
36,15,16,17,25,26,27,28,35,36,37,38,45,46,47
37,15,16,17,25,26,27,28,35,36,37,38,45,46,47
38,15,16,17,25,26,27,28,35,36,37,38,45,46,47
39,15,16,17,25,26,27,28,35,36,37,38,45,46,47
40,15,16,17,24,25,26,27,28,34,35,36,37,38,45,46,47
41,14,15,16,17,24,25,26,27,34,35,36,37,44,45,46,47
42,14,15,16,23,24,25,26,33,34,35,36,43,44,45,46
43,13,14,15,23,24,25,26,33,34,35,36,43,44,45,46
44,13,14,15,22,23,24,25,32,33,34,35,43,44,45
45,12,13,14,15,22,23,24,25,32,33,34,35,42,43,44,45
46,12,13,14,21,22,23,24,25,31,32,33,34,35,41,42,43,44
47,12,13,21,22,23,24,31,32,33,34,41,42,43,44
48,12,13,21,22,23,24,30,31,32,33,34,40,41,42,43
49,12,13,21,22,23,30,31,32,33,34,40,41,42,43
50,11,12,13,21,22,23,30,31,32,33,40,41,42,43
51,11,12,13,20,21,22,23,30,31,32,33,40,41,42,43,50
52,11,12,13,14,21,22,23,24,25,31,32,33,34,35,41,42,43,44
53,12,13,14,22,23,24,25,32,33,34,35,42,43,44
54,12,13,14,22,23,24,32,33,34,42,43,44
55,12,13,14,22,23,24,32,33,34,42,43,44
56,12,13,14,21,22,23,24,31,32,33,34,42,43,44
57,11,12,13,14,21,22,23,24,30,31,32,33,34,40,41,42,43
58,1,2,10,11,12,13,20,21,22,23,30,31,32,33,40,41,42,43,50
59,1,2,10,11,12,20,21,22,23,30,31,32,33,40,41,42,50
60,11,12,20,21,22,23,30,31,32,33,40,41,42,50
