1,15,24,25,26,34,35,36,44,45,46,54,55,56,64,65,66,74,75,76,84,85,86
2,24,25,26,33,34,35,36,43,44,45,46,53,54,55,56,63,64,65,66,73,74,75,76,84,85,86
3,24,25,33,34,35,43,44,45,53,54,55,63,64,65,73,74,75,84
4,24,25,33,34,35,43,44,45,53,54,55,63,64,65,73,74,75,84
5,24,25,33,34,35,43,44,45,53,54,55,63,64,65,73,74,75,84
6,24,25,33,34,35,43,44,45,46,53,54,55,56,63,64,65,66,73,74,75,84,85
7,24,25,33,34,35,36,43,44,45,46,53,54,55,56,63,64,65,66,73,74,75,76,84,85
8,24,25,33,34,35,43,44,45,46,53,54,55,56,63,64,65,66,73,74,75,76,83,84,85,93,94,95
9,34,35,43,44,45,53,54,55,56,63,64,65,66,73,74,75,76,83,84,85,93,94,95
10,33,34,35,42,43,44,45,52,53,54,55,56,62,63,64,65,66,72,73,74,75,76,83,84,85,93,94,95
11,23,24,32,33,34,35,42,43,44,45,51,52,53,54,55,62,63,64,65,72,73,74,75,82,83,84,85
12,23,24,32,33,34,41,42,43,44,51,52,53,54,61,62,63,64,72,73,74,82,83
13,23,24,25,32,33,34,35,36,42,43,44,45,46,52,53,54,55,56,57,62,63,64,65,66,67,72,73,74,75,76,77,82,83,84,85,86
14,35,36,44,45,46,47,54,55,56,57,64,65,66,67,74,75,76,77,84,85,86,87,95,96,97
15,36,37,45,46,47,54,55,56,57,64,65,66,67,68,74,75,76,77,78,84,85,86,87,95,96,97
16,36,37,45,46,47,55,56,57,58,64,65,66,67,68,75,76,77,78,85,86,87,88,95,96,97
17,36,37,45,46,47,55,56,57,58,65,66,67,68,75,76,77,78,85,86,87,88,95,96,97
18,36,37,45,46,47,55,56,57,58,65,66,67,68,75,76,77,78,85,86,87,88,95,96,97
19,36,37,45,46,47,55,56,57,58,65,66,67,68,75,76,77,78,85,86,87,88,95,96,97
20,36,37,45,46,47,55,56,57,58,65,66,67,68,75,76,77,78,85,86,87,88,95,96,97
21,36,37,45,46,47,55,56,57,58,65,66,67,68,75,76,77,78,85,86,87,88,95,96,97,98
22,36,37,45,46,47,55,56,57,58,65,66,67,68,75,76,77,78,85,86,87,88,95,96,97,98
23,36,37,45,46,47,48,55,56,57,58,65,66,67,68,75,76,77,78,85,86,87,88,95,96,97,98
24,36,37,45,46,47,48,55,56,57,58,65,66,67,68,75,76,77,78,85,86,87,88,95,96,97
25,36,37,45,46,47,48,55,56,57,58,65,66,67,68,75,76,77,78,85,86,87,88,96,97
26,36,37,45,46,47,48,55,56,57,58,65,66,67,68,75,76,77,78,85,86,87,88,96,97
27,36,37,45,46,47,48,55,56,57,58,65,66,67,68,75,76,77,78,85,86,87,88,95,96,97,98
28,36,37,45,46,47,48,55,56,57,58,65,66,67,68,75,76,77,78,85,86,87,88,95,96,97,98
29,37,45,46,47,48,55,56,57,58,65,66,67,68,75,76,77,78,84,85,86,87,88,89,91,92,93,94,95,96,97,98,99,100
30,36,37,45,46,47,48,55,56,57,58,65,66,67,68,75,76,77,78,85,86,87,88,95,96,97,98
31,35,36,37,44,45,46,47,54,55,56,57,58,64,65,66,67,68,74,75,76,77,78,84,85,86,87,94,95,96,97
32,32,33,34,35,36,41,42,43,44,45,46,51,52,53,54,55,56,57,61,62,63,64,65,66,67,71,72,73,74,75,76,77,81,82,83,84,85,86,87,92,93,94,95,96
33,11,12,21,22,30,31,32,33,40,41,42,43,44,50,51,52,53,54,60,61,62,63,64,70,71,72,73,74,80,81,82,83,84,90,91,92,93
34,21,22,30,31,32,39,40,41,42,49,50,51,52,59,60,61,62,69,70,71,72,79,80,81,90
35,21,29,30,31,32,39,40,41,42,49,50,51,52,59,60,61,62,69,70,71,72,79,80,81,90
36,20,21,29,30,31,38,39,40,41,42,48,49,50,51,52,58,59,60,61,68,69,70,71,78,79,80,90
37,29,30,31,38,39,40,41,48,49,50,51,58,59,60,61,68,69,70,78,79,80,89,90
38,20,21,29,30,31,38,39,40,41,48,49,50,51,58,59,60,61,68,69,70,71,78,79,80,89,90
39,20,21,22,29,30,31,32,38,39,40,41,42,48,49,50,51,52,58,59,60,61,62,69,70,71,79,80
40,20,21,22,29,30,31,32,39,40,41,42,49,50,51,52,59,60,61,62,69,70,71,72,79,80
41,21,29,30,31,32,39,40,41,42,49,50,51,52,59,60,61,62,69,70,71,79,80,81,90
42,21,29,30,31,39,40,41,42,49,50,51,52,59,60,61,62,69,70,71,79,80,81,90
43,29,30,31,39,40,41,42,49,50,51,52,59,60,61,62,69,70,71,79,80,81,90
44,21,29,30,31,32,39,40,41,42,49,50,51,52,59,60,61,62,69,70,71,72,79,80,81,90
45,12,21,22,30,31,32,33,40,41,42,43,49,50,51,52,53,59,60,61,62,63,69,70,71,72,80,81,82,90
46,12,21,22,30,31,32,33,39,40,41,42,43,49,50,51,52,53,59,60,61,62,63,69,70,71,72,80,81
47,21,29,30,31,32,39,40,41,42,48,49,50,51,52,58,59,60,61,62,68,69,70,71,79,80,89,90
48,29,30,31,38,39,40,41,42,48,49,50,51,52,58,59,60,61,62,68,69,70,71,72,79,80,81,89,90
49,29,30,31,38,39,40,41,42,48,49,50,51,52,58,59,60,61,62,68,69,70,71,78,79,80,81,89,90
50,29,30,31,38,39,40,41,48,49,50,51,58,59,60,61,68,69,70,71,78,79,80,88,89,90
51,29,38,39,40,47,48,49,50,57,58,59,60,67,68,69,70,77,78,79,80,87,88,89,90,98,99
52,37,38,39,46,47,48,49,50,56,57,58,59,60,66,67,68,69,70,76,77,78,79,80,86,87,88,89,90,97,98,99
53,21,30,31,32,37,38,39,40,41,42,46,47,48,49,50,51,52,56,57,58,59,60,61,62,66,67,68,69,70,71,72,76,77,78,79,80,81,82,86,87,88,89,90,97,98,99
54,11,12,13,21,22,23,24,30,31,32,33,34,35,40,41,42,43,44,45,50,51,52,53,54,55,60,61,62,63,64,65,70,71,72,73,74,75,80,81,82,83,84,85,90
55,33,34,35,36,37,43,44,45,46,47,53,54,55,56,57,58,63,64,65,66,67,68,73,74,75,76,77,78,83,84,85,86,87,88,94,95,96,97
56,36,37,45,46,47,48,55,56,57,58,65,66,67,68,75,76,77,78,85,86,87,88,95,96,97,98
57,36,37,45,46,47,48,55,56,57,58,65,66,67,68,75,76,77,78,85,86,87,88,95,96,97,98
58,36,37,45,46,47,48,55,56,57,58,65,66,67,68,75,76,77,78,85,86,87,88,95,96,97,98
59,36,37,45,46,47,48,55,56,57,58,65,66,67,68,75,76,77,78,85,86,87,88,95,96,97,98
60,36,37,45,46,47,48,55,56,57,58,65,66,67,68,75,76,77,78,85,86,87,88,95,96,97,98
