1,7,8,9,12,13,14,17,18,19,23,24
2,8,9,13,14,18,19,23,24
3,8,9,13,14,18,19,23,24
4,8,9,13,14,18,19,23,24
5,8,9,13,14,18,19,23,24
6,7,8,9,12,13,14,17,18,19,22,23,24
7,7,8,11,12,13,16,17,18,22,23
8,6,7,8,11,12,13,16,17,18,21,22,23
9,6,7,11,12,16,17,21,22
10,6,7,10,11,12,15,16,17,20,21
11,6,10,11,15,16,20,21,25
12,6,10,11,15,16,20,21,25
13,6,9,10,11,14,15,16,19,20,25
14,6,9,10,11,14,15,16,19,20,21,25
15,6,7,10,11,12,15,16,17,20,21,25
16,6,7,10,11,12,15,16,17,20,21
17,6,10,11,15,16,20,21,25
18,6,9,10,11,14,15,16,19,20,21,24,25
19,8,9,10,13,14,15,18,19,20,24,25
20,8,9,10,13,14,15,18,19,20,23,24
21,8,9,13,14,18,19,23,24
22,8,9,13,14,18,19,23,24
23,8,9,13,14,15,18,19,20,23,24
24,8,9,13,14,18,19,23,24
25,8,9,13,14,18,19,23,24
26,8,9,10,13,14,15,18,19,20,23,24,25
27,9,10,14,15,19,20,24,25
28,9,10,14,15,19,20,24,25
29,8,9,10,13,14,15,18,19,20,23,24,25
30,8,9,13,14,18,19,23,24
31,8,9,13,14,18,19,23,24
32,8,9,13,14,18,19,23,24
33,8,9,13,14,18,19,23,24
34,8,9,13,14,18,19,23,24
35,8,9,13,14,18,19,23,24
36,8,9,13,14,18,19,23,24
37,8,9,13,14,18,19,23,24
38,8,9,13,14,18,19,23,24
39,8,9,13,14,18,19,23,24
40,8,9,13,14,18,19,23,24
41,8,9,13,14,15,18,19,23,24
42,8,9,10,13,14,15,18,19,20,23,24,25
43,9,10,14,15,19,20,24,25
44,6,9,10,11,14,15,16,19,20,24,25
45,6,9,10,11,14,15,16,19,20,21,25
46,6,10,11,15,16,20,21,25
47,1,6,7,10,11,12,15,16,17,20,21,25
48,1,6,7,10,11,12,15,16,17,20,21
49,1,2,6,7,10,11,12,15,16,17,20
50,1,2,3,4,5,6,7,8,11,12,13,16,17
51,1,2,3,4,5,6,7,8,11,12,13,17,18
52,2,3,6,7,8,11,12,13,17,18,22,23
53,7,8,12,13,17,18,22,23
54,6,7,8,11,12,13,16,17,18,21,22,23
55,6,7,11,12,16,17,21,22
56,6,7,11,12,16,17,21,22
57,6,7,11,12,16,17,21,22
58,6,7,11,12,16,17,21,22
59,6,7,8,11,12,13,16,17,18,21,22
60,6,7,8,11,12,13,16,17,18,22,23
