1,16,24,25,26,27,34,35,36,37,44,45,46,47,54,55,56,57,64,65,66,67,75,76,77
2,15,16,24,25,26,27,34,35,36,37,44,45,46,47,54,55,56,57,64,65,66,67,74,75,76
3,15,16,24,25,26,34,35,36,37,44,45,46,47,54,55,56,57,64,65,66,74,75,76
4,15,16,24,25,26,27,34,35,36,37,44,45,46,47,54,55,56,57,64,65,66,67,74,75,76,77,85,86
5,26,35,36,37,44,45,46,47,54,55,56,57,64,65,66,67,74,75,76,77,78,83,84,85,86,87,88,91,92,93,94,95,96,97,98,99,100
6,36,45,46,47,54,55,56,57,58,64,65,66,67,68,74,75,76,77,78,79,82,83,84,85,86,87,88,89,90,91,92,93,94,95,96,97,98,99,100
7,25,26,27,34,35,36,37,44,45,46,47,54,55,56,57,64,65,66,67,74,75,76,77,84,85,86,87,95,96,97
8,16,17,25,26,27,28,35,36,37,38,45,46,47,48,55,56,57,58,65,66,67,68,75,76,77,78
9,17,26,27,28,35,36,37,38,45,46,47,48,55,56,57,58,65,66,67,68,76,77,78
10,16,17,25,26,27,28,35,36,37,38,45,46,47,48,55,56,57,58,65,66,67,68,75,76,77
11,15,16,17,24,25,26,27,34,35,36,37,44,45,46,47,54,55,56,57,64,65,66,67,75,76,77
12,4,5,6,13,14,15,16,17,23,24,25,26,27,33,34,35,36,37,43,44,45,46,47,54,55,56,57,64,65,66,75,76
13,3,4,5,6,13,14,15,16,17,23,24,25,26,27,33,34,35,36,43,44,45,46,53,54,55,56,64,65,66
14,4,5,6,13,14,15,16,23,24,25,26,33,34,35,36,43,44,45,46,53,54,55,56,64,65,66
15,4,5,13,14,15,16,22,23,24,25,26,32,33,34,35,36,42,43,44,45,46,52,53,54,55,56,63,64,65
16,12,13,14,15,21,22,23,24,25,31,32,33,34,35,40,41,42,43,44,45,50,51,52,53,54,55,60,61,62,63,64,70,71,72,73,74
17,13,21,22,23,24,31,32,33,34,40,41,42,43,44,50,51,52,53,54,60,61,62,63,64,70,71,72,73,74
18,13,14,15,22,23,24,25,26,32,33,34,35,36,42,43,44,45,46,52,53,54,55,56,62,63,64,65,66,72,73,74,75
19,15,16,24,25,26,33,34,35,36,43,44,45,46,53,54,55,56,64,65,66,74,75,76
20,15,16,24,25,26,34,35,36,37,44,45,46,47,54,55,56,57,64,65,66,74,75,76
21,15,16,24,25,26,34,35,36,37,44,45,46,47,54,55,56,57,64,65,66,74,75,76
22,15,16,24,25,26,34,35,36,37,44,45,46,47,54,55,56,57,64,65,66,75,76
23,15,16,24,25,26,27,34,35,36,37,44,45,46,47,54,55,56,57,64,65,66,67,75,76,77
24,16,17,25,26,27,35,36,37,44,45,46,47,55,56,57,65,66,67,75,76,77
25,15,16,24,25,26,27,34,35,36,37,44,45,46,47,54,55,56,57,64,65,66,67,75,76,77
26,15,16,24,25,26,27,34,35,36,37,44,45,46,47,54,55,56,57,64,65,66,67,74,75,76
27,14,15,16,24,25,26,27,34,35,36,37,44,45,46,47,54,55,56,57,64,65,66,74,75,76
28,1,2,3,4,5,6,7,8,9,10,12,13,14,15,16,17,18,23,24,25,26,27,33,34,35,36,37,44,45,46,47,54,55,56,64,65,66
29,1,2,3,4,5,6,7,8,9,10,12,13,14,15,16,17,18,23,24,25,26,27,33,34,35,36,37,43,44,45,46,47,54,55,56,65
30,1,2,3,4,5,6,7,8,9,10,11,12,13,14,15,16,17,18,22,23,24,25,26,27,33,34,35,36,37,43,44,45,46,47,54,55,56,64,65,66
31,5,6,14,15,16,17,24,25,26,27,34,35,36,37,44,45,46,47,54,55,56,57,64,65,66,75,76
32,15,16,24,25,26,27,34,35,36,37,44,45,46,47,54,55,56,57,64,65,66,67,74,75,76,85,86
33,25,26,34,35,36,43,44,45,46,47,53,54,55,56,57,64,65,66,67,74,75,76,77,84,85,86
34,25,26,34,35,36,44,45,46,54,55,56,64,65,66,74,75,76,84,85,86
35,25,34,35,36,44,45,46,54,55,56,57,64,65,66,67,74,75,76,77,84,85,86,87,94,95,96
36,35,36,44,45,46,47,54,55,56,57,64,65,66,67,74,75,76,77,84,85,86,87,94,95,96
37,36,37,45,46,47,48,54,55,56,57,58,64,65,66,67,68,74,75,76,77,78,84,85,86,87,88,95,96,97
38,36,37,45,46,47,48,55,56,57,58,65,66,67,68,75,76,77,78,85,86,87,88,95,96,97
39,25,26,34,35,36,37,44,45,46,47,54,55,56,57,58,64,65,66,67,68,74,75,76,77,78,85,86,87,88,95,96,97
40,15,16,24,25,26,34,35,36,37,44,45,46,47,54,55,56,57,64,65,66,67,74,75,76
41,15,16,24,25,26,34,35,36,37,44,45,46,47,54,55,56,57,64,65,66,74,75,76
42,15,24,25,26,33,34,35,36,43,44,45,46,53,54,55,56,64,65,66,74,75,76
43,15,16,24,25,26,33,34,35,36,37,43,44,45,46,47,53,54,55,56,57,64,65,66,74,75,76
44,15,16,24,25,26,34,35,36,37,44,45,46,47,54,55,56,57,64,65,66,74,75,76
45,15,16,17,24,25,26,27,34,35,36,37,44,45,46,47,54,55,56,57,64,65,66,67,75,76
46,16,17,25,26,27,35,36,37,38,44,45,46,47,48,55,56,57,65,66,67,75,76,77
47,15,16,17,24,25,26,27,34,35,36,37,44,45,46,47,54,55,56,57,64,65,66,67,75,76,77
48,3,4,5,6,13,14,15,16,23,24,25,26,27,33,34,35,36,37,43,44,45,46,47,53,54,55,56,57,64,65,66,67,75,76
49,1,2,3,4,5,6,7,8,9,10,11,12,13,14,15,16,22,23,24,25,26,32,33,34,35,36,42,43,44,45,46,53,54,55,64,65
50,2,3,4,5,6,12,13,14,15,16,17,22,23,24,25,26,27,32,33,34,35,36,37,42,43,44,45,46,47,53,54,55,56,57,64,65,66,75,76
51,15,16,24,25,26,27,34,35,36,37,44,45,46,47,54,55,56,57,64,65,66,67,75,76
52,15,16,24,25,26,27,34,35,36,37,44,45,46,47,54,55,56,57,64,65,66,67,75,76
53,15,16,24,25,26,27,34,35,36,37,44,45,46,47,54,55,56,57,64,65,66,67,75,76
54,15,16,24,25,26,27,34,35,36,37,44,45,46,47,54,55,56,57,64,65,66,67,75,76
55,15,16,24,25,26,27,33,34,35,36,37,43,44,45,46,47,53,54,55,56,57,64,65,66,67,74,75,76
56,15,16,24,25,26,33,34,35,36,43,44,45,46,53,54,55,56,64,65,66,74,75
57,15,16,24,25,26,33,34,35,36,43,44,45,46,54,55,56,64,65,66,74,75
58,15,16,24,25,26,33,34,35,36,43,44,45,46,54,55,56,64,65,66,74,75
59,14,15,16,23,24,25,26,33,34,35,36,43,44,45,46,53,54,55,56,64,65,66,74,75
60,14,15,16,23,24,25,26,33,34,35,36,43,44,45,46,53,54,55,56,63,64,65,66,73,74,75
