1,16,17,25,26,27,34,35,36,37,44,45,46,47,54,55,56,57,64,65,66,67,75,76,77
2,15,16,17,25,26,27,35,36,37,38,45,46,47,48,55,56,57,58,65,66,67,75,76,77
3,5,6,7,14,15,16,17,18,24,25,26,27,28,34,35,36,37,38,44,45,46,47,48,55,56,57,65,66,67,76
4,6,7,14,15,16,17,23,24,25,26,27,33,34,35,36,37,43,44,45,46,47,53,54,55,56,57,63,64,65,66,67,73,74,75,76
5,14,15,23,24,25,26,33,34,35,36,43,44,45,46,53,54,55,56,63,64,65,66,73,74,75
6,14,15,23,24,25,26,33,34,35,36,43,44,45,46,53,54,55,56,63,64,65,66,74,75
7,14,15,16,23,24,25,26,33,34,35,36,43,44,45,46,53,54,55,56,63,64,65,66,74,75
8,14,15,16,23,24,25,26,33,34,35,36,37,43,44,45,46,47,53,54,55,56,57,64,65,66,67,74,75,76
9,15,16,24,25,26,27,34,35,36,37,44,45,46,47,54,55,56,57,64,65,66,67,75,76
10,15,16,24,25,26,27,34,35,36,37,44,45,46,47,54,55,56,57,64,65,66,67,74,75,76,77,85,86
11,26,35,36,37,44,45,46,47,54,55,56,57,63,64,65,66,67,73,74,75,76,77,78,81,82,83,84,85,86,87,88,89,90,91,92,93,94,95,96,97,98,99,100
12,55,56,63,64,65,66,67,71,72,73,74,75,76,77,78,79,80,81,82,83,84,85,86,87,88,89,90,91,92,93,94,95,96,97,98,99,100
13,35,36,44,45,46,54,55,56,57,63,64,65,66,67,71,72,73,74,75,76,77,78,79,80,81,82,83,84,85,86,87,88,89,90,91,92,93,94,95,96,97,98,99,100
14,4,5,13,14,15,16,22,23,24,25,26,32,33,34,35,36,37,41,42,43,44,45,46,47,51,52,53,54,55,56,57,61,62,63,64,65,66,67,72,73,74,75,76,77,82,83,84,85,86
15,21,22,23,30,31,32,33,34,40,41,42,43,44,50,51,52,53,54,60,61,62,63,64,70,71,72,73,74,80,81,82,83
16,11,12,21,22,23,24,30,31,32,33,34,40,41,42,43,44,50,51,52,53,54,60,61,62,63,64,70,71,72,73,74,80,81,82,83
17,23,24,25,26,32,33,34,35,36,42,43,44,45,46,52,53,54,55,56,62,63,64,65,66,72,73,74,75,76,83,84,85
18,15,24,25,26,34,35,36,44,45,46,47,54,55,56,57,64,65,66,74,75,76,85
19,15,16,24,25,26,27,34,35,36,37,44,45,46,47,54,55,56,57,64,65,66,67,74,75,76
20,15,16,24,25,26,27,34,35,36,37,44,45,46,47,54,55,56,57,64,65,66,67,75,76
21,16,24,25,26,27,34,35,36,37,44,45,46,47,54,55,56,57,64,65,66,67,75,76,77,85,86
22,15,16,24,25,26,27,34,35,36,37,44,45,46,47,54,55,56,57,64,65,66,67,74,75,76,77,85,86
23,15,16,17,24,25,26,27,34,35,36,37,44,45,46,47,54,55,56,57,64,65,66,67,75,76
24,13,14,15,16,23,24,25,26,27,32,33,34,35,36,37,42,43,44,45,46,47,53,54,55,56,57,63,64,65,66,67,74,75,76
25,4,12,13,14,15,22,23,24,25,32,33,34,35,42,43,44,45,52,53,54,55,62,63,64,65,74
26,4,5,12,13,14,15,16,22,23,24,25,26,32,33,34,35,36,42,43,44,45,46,52,53,54,55,56,63,64,65,66
27,14,15,16,17,24,25,26,27,28,34,35,36,37,38,44,45,46,47,48,54,55,56,57,58,64,65,66,67,76,77
28,15,16,17,24,25,26,27,28,34,35,36,37,38,44,45,46,47,48,54,55,56,57,58,64,65,66,67,75,76,77
29,15,16,24,25,26,33,34,35,36,37,43,44,45,46,47,53,54,55,56,57,63,64,65,66,74,75,76
30,14,15,23,24,25,26,33,34,35,36,43,44,45,46,53,54,55,56,63,64,65,66,73,74,75
31,14,15,16,23,24,25,26,33,34,35,36,43,44,45,46,53,54,55,56,63,64,65,66,74,75
32,13,14,15,16,22,23,24,25,26,32,33,34,35,36,42,43,44,45,46,52,53,54,55,56,62,63,64,65,66,73,74,75
33,12,13,14,21,22,23,24,25,31,32,33,34,35,41,42,43,44,45,51,52,53,54,61,62,63,64,72,73
34,11,12,13,21,22,23,30,31,32,33,34,40,41,42,43,44,50,51,52,53,54,60,61,62,63,71,72,73
35,11,12,13,21,22,23,30,31,32,33,40,41,42,43,50,51,52,53,60,61,62,63,70,71,72
36,11,12,13,14,15,21,22,23,24,25,30,31,32,33,34,35,40,41,42,43,44,45,50,51,52,53,54,55,60,61,62,63,64,65,71,72,73,74
37,13,14,15,23,24,25,32,33,34,35,42,43,44,45,53,54,55,63,64,65,73,74
38,13,14,15,22,23,24,25,31,32,33,34,35,41,42,43,44,45,51,52,53,54,55,61,62,63,64,65,71,72,73,74,82,83
39,21,22,23,31,32,33,40,41,42,43,50,51,52,53,60,61,62,63,70,71,72,73,80,81,82
40,21,22,23,30,31,32,33,40,41,42,43,50,51,52,53,60,61,62,63,70,71,72,73,80,81,82
41,21,22,23,24,31,32,33,34,40,41,42,43,44,50,51,52,53,54,60,61,62,63,64,70,71,72,73,74
42,15,16,23,24,25,26,27,32,33,34,35,36,37,42,43,44,45,46,47,52,53,54,55,56,57,62,63,64,65,66,67,72,73,74,75,76,77
43,16,25,26,27,34,35,36,37,44,45,46,47,54,55,56,57,64,65,66,67,74,75,76,77,85,86
44,25,26,27,35,36,37,44,45,46,47,54,55,56,57,64,65,66,67,74,75,76,77,85,86
45,25,26,27,35,36,37,44,45,46,47,54,55,56,57,64,65,66,67,75,76,77,85,86
46,25,26,27,35,36,37,44,45,46,47,54,55,56,57,64,65,66,67,75,76,77,85,86
47,25,26,27,35,36,37,44,45,46,47,54,55,56,57,64,65,66,67,75,76,77,85,86
48,25,26,27,35,36,37,44,45,46,47,54,55,56,57,64,65,66,67,75,76,77,85,86
49,25,26,27,34,35,36,37,44,45,46,47,54,55,56,57,64,65,66,67,74,75,76,77,85,86
50,25,26,34,35,36,37,44,45,46,47,54,55,56,57,64,65,66,67,74,75,76,77,85,86
51,25,26,34,35,36,44,45,46,47,54,55,56,57,64,65,66,67,74,75,76,85,86
52,16,17,25,26,27,34,35,36,37,44,45,46,47,54,55,56,57,64,65,66,67,74,75,76,77,85,86
53,16,17,18,25,26,27,28,35,36,37,38,45,46,47,48,55,56,57,58,65,66,67,68,75,76,77
54,17,18,19,26,27,28,29,36,37,38,39,46,47,48,49,56,57,58,59,66,67,68,69,76,77,78,79
55,18,19,23,24,25,26,27,28,29,32,33,34,35,36,37,38,39,40,42,43,44,45,46,47,48,49,50,52,53,54,55,56,57,58,59,60,62,63,64,65,66,67,68,69,70,73,74,75,76,77,78,79
56,20,21,22,23,24,29,30,31,32,33,34,39,40,41,42,43,44,49,50,51,52,53,54,59,60,61,62,63,64,69,70,71,72,73,74,80,81,82,83
57,11,12,20,21,22,29,30,31,32,33,39,40,41,42,43,49,50,51,52,53,59,60,61,62,69,70,71,72,80
58,11,12,21,22,23,30,31,32,33,40,41,42,43,50,51,52,53,60,61,62,63,70,71,72,73,80
59,12,13,14,21,22,23,24,31,32,33,34,35,41,42,43,44,45,51,52,53,54,55,61,62,63,64,71,72,73,74
60,13,14,15,22,23,24,25,26,32,33,34,35,36,42,43,44,45,46,52,53,54,55,56,62,63,64,65,66,72,73,74,75
