1,5,6,14,15,16,17,24,25,26,27,34,35,36,37
2,4,5,6,7,14,15,16,17,24,25,26,27,34,35,36
3,4,5,6,7,14,15,16,17,24,25,26,27,35,36,37
4,5,6,14,15,16,17,24,25,26,27,34,35,36,37
5,5,6,14,15,16,17,24,25,26,27,34,35,36,37
6,5,6,14,15,16,17,24,25,26,27,34,35,36,37
7,5,6,14,15,16,17,24,25,26,27,34,35,36,37
8,4,5,6,7,8,14,15,16,17,18,24,25,26,27,35,36,37
9,5,6,13,14,15,16,17,23,24,25,26,27,34,35,36
10,5,6,13,14,15,16,23,24,25,26,34,35,36
11,4,5,6,13,14,15,16,23,24,25,26,33,34,35,36
12,4,5,13,14,15,16,23,24,25,26,33,34,35
13,3,4,5,6,7,13,14,15,16,17,23,24,25,26,27,33,34,35,36
14,3,4,5,6,7,13,14,15,16,17,24,25,26,27,35,36
15,3,4,5,6,7,12,13,14,15,16,17,22,23,24,25,26,27,33,34,35,36
16,3,4,5,12,13,14,15,22,23,24,25,33,34,35
17,3,4,5,12,13,14,15,22,23,24,25,33,34,35
18,4,5,12,13,14,15,22,23,24,25,26,33,34,35,36,43,44,45
19,5,6,13,14,15,16,17,23,24,25,26,27,33,34,35,36,37,43,44,45
20,5,6,7,8,14,15,16,17,18,24,25,26,27,28,35,36,37
21,5,6,7,8,14,15,16,17,18,25,26,27,28,35,36,37
22,4,5,6,7,13,14,15,16,17,23,24,25,26,27,34,35,36
23,3,4,5,6,7,12,13,14,15,16,17,22,23,24,25,26,27,33,34,35,36
24,3,4,5,12,13,14,15,22,23,24,25,33,34,35
25,3,4,5,12,13,14,15,16,22,23,24,25,26,33,34,35
26,4,5,6,13,14,15,16,17,23,24,25,26,27,33,34,35,36,37,38,44,45,46,47,48
27,24,25,26,27,34,35,36,37,38,41,42,43,44,45,46,47,48,49,50
28,25,26,27,33,34,35,36,37,38,41,42,43,44,45,46,47,48,49,50
29,25,26,27,33,34,35,36,37,38,41,42,43,44,45,46,47,48,49,50
30,24,25,26,27,33,34,35,36,37,38,41,42,43,44,45,46,47,48,49,50
31,13,14,15,16,23,24,25,26,27,33,34,35,36,37,38,41,42,43,44,45,46,47,48,49,50
32,4,5,13,14,15,16,23,24,25,26,33,34,35,36,44,45
33,4,5,6,7,13,14,15,16,17,23,24,25,26,27,33,34,35,36,37
34,1,2,3,4,5,6,7,8,9,10,14,15,16,17,18,24,25,26,27,28,35,36,37
35,1,2,3,4,5,6,7,8,9,10,14,15,16,17,18,24,25,26,27,35,36
36,4,5,6,7,14,15,16,17,24,25,26,27,35,36
37,4,5,6,7,14,15,16,17,24,25,26,27,35,36
38,1,2,3,4,5,6,7,8,9,10,14,15,16,17,18,19,24,25,26,27,35,36
39,1,2,3,4,5,6,7,8,9,10,14,15,16,17,18,25,26,27
40,1,2,3,4,5,6,7,8,9,10,13,14,15,16,17,18,23,24,25,26,27,34,35
41,3,4,5,6,7,13,14,15,16,17,23,24,25,26,34,35
42,3,4,5,6,7,13,14,15,16,17,23,24,25,26,34,35,36
43,5,6,7,14,15,16,17,18,23,24,25,26,27,28,34,35,36,37
44,6,7,8,15,16,17,18,25,26,27,28,35,36,37,38
45,6,7,8,15,16,17,18,25,26,27,28,36,37,38
46,6,7,8,15,16,17,18,25,26,27,28,36,37,38
47,3,4,5,6,7,8,13,14,15,16,17,18,23,24,25,26,27,28,34,35,36,37,38
48,3,4,5,6,13,14,15,16,23,24,25,26,34,35
49,3,4,5,6,13,14,15,16,23,24,25,26,34,35
50,3,4,5,6,13,14,15,16,23,24,25,26,34,35,36
51,4,5,6,13,14,15,16,17,23,24,25,26,27,34,35,36,37
52,5,6,7,8,14,15,16,17,18,24,25,26,27,28,34,35,36,37
53,5,6,7,8,15,16,17,18,25,26,27,28,36,37
54,5,6,7,8,15,16,17,18,25,26,27,28,36,37
55,5,6,7,8,15,16,17,18,25,26,27,28,36,37,38
56,7,8,16,17,18,19,26,27,28,29,36,37,38,39,47,48
57,6,7,15,16,17,18,19,25,26,27,28,29,35,36,37,38,39,47,48
58,5,6,14,15,16,17,24,25,26,27,34,35,36,37
59,5,6,14,15,16,17,24,25,26,27,34,35,36
60,5,6,14,15,16,17,24,25,26,27,34,35,36
