1,14,15,16,17,24,25,26,27,34,35,36,37,44,45,46,47
2,15,16,24,25,26,27,33,34,35,36,37,41,42,43,44,45,46,47,48,49,50
3,23,24,25,26,32,33,34,35,36,37,38,41,42,43,44,45,46,47,48,49,50
4,14,15,16,17,23,24,25,26,27,33,34,35,36,37,41,42,43,44,45,46,47,48,49,50
5,5,6,14,15,16,17,24,25,26,27,34,35,36,37,45,46
6,5,6,7,14,15,16,17,24,25,26,27,34,35,36,37
7,3,4,5,6,7,12,13,14,15,16,17,22,23,24,25,26,27,33,34,35,36,37
8,1,2,3,4,5,11,12,13,14,15,20,21,22,23,24,25,30,31,32,33,34,35
9,1,2,3,10,11,12,13,20,21,22,23,30,31,32,33,40
10,1,2,10,11,12,13,19,20,21,22,23,29,30,31,32,39,40,41,42,50
11,1,2,10,11,12,13,20,21,22,23,30,31,32,33,40,41,42,50
12,1,2,3,4,11,12,13,14,20,21,22,23,24,30,31,32,33
13,1,2,3,4,5,6,7,11,12,13,14,15,16,17,21,22,23,24,25,26,27,32,33,34,35,36
14,5,6,7,8,9,14,15,16,17,18,19,24,25,26,27,28,29,35,36,37,38
15,6,7,8,9,10,16,17,18,19,20,26,27,28,29,30,37,38,39,40
16,8,9,10,11,17,18,19,20,21,27,28,29,30,38,39,40
17,6,7,8,9,10,15,16,17,18,19,20,25,26,27,28,29,30,35,36,37,38,39
18,5,6,7,14,15,16,17,18,23,24,25,26,27,28,34,35,36,37
19,5,6,13,14,15,16,23,24,25,26,27,34,35,36
20,5,6,14,15,16,17,24,25,26,27,34,35,36,37
21,5,6,7,14,15,16,17,24,25,26,27,34,35,36,37
22,6,7,15,16,17,24,25,26,27,35,36,37
23,6,7,15,16,17,25,26,27,28,35,36,37
24,6,15,16,17,18,25,26,27,28,35,36,37
25,5,6,14,15,16,17,24,25,26,27,34,35,36,37
26,5,6,13,14,15,16,17,23,24,25,26,27,34,35,36,37
27,4,5,6,13,14,15,16,23,24,25,26,33,34,35,36
28,4,5,13,14,15,16,23,24,25,26,33,34,35
29,4,5,6,13,14,15,16,23,24,25,26,33,34,35,36
30,5,6,14,15,16,17,23,24,25,26,27,34,35,36
31,5,6,14,15,16,17,24,25,26,27,34,35,36,37
32,4,5,6,13,14,15,16,17,23,24,25,26,27,34,35,36,37
33,3,4,5,6,12,13,14,15,16,22,23,24,25,26,33,34,35,36
34,3,4,5,6,12,13,14,15,16,22,23,24,25,26,33,34,35,36
35,4,5,6,7,13,14,15,16,17,23,24,25,26,27,34,35,36,37
36,6,7,8,15,16,17,18,25,26,27,28,35,36,37,38
37,6,7,8,16,17,18,19,26,27,28,29,36,37,38
38,6,7,8,15,16,17,18,25,26,27,28,36,37,38
39,5,6,7,8,15,16,17,18,25,26,27,28,35,36,37
40,5,6,7,14,15,16,17,24,25,26,27,34,35,36,37
41,5,6,14,15,16,17,24,25,26,27,34,35,36,37
42,5,6,14,15,16,17,24,25,26,27,34,35,36,37
43,5,6,14,15,16,17,24,25,26,27,34,35,36
44,5,6,14,15,16,17,24,25,26,27,34,35,36
45,5,6,7,14,15,16,17,24,25,26,27,34,35,36
46,5,6,7,14,15,16,17,24,25,26,27,34,35,36
47,5,6,14,15,16,17,24,25,26,27,34,35,36,37
48,5,6,7,14,15,16,17,18,24,25,26,27,28,35,36,37
49,6,7,15,16,17,18,25,26,27,28,35,36,37
50,6,7,15,16,17,18,25,26,27,28,35,36,37
51,6,7,8,15,16,17,18,19,25,26,27,28,29,35,36,37,38
52,7,8,9,16,17,18,19,20,26,27,28,29,30,36,37,38,39,40
53,6,7,8,9,15,16,17,18,19,25,26,27,28,29,35,36,37,38,39
54,6,7,14,15,16,17,24,25,26,27,34,35,36,37
55,5,6,14,15,16,17,24,25,26,27,34,35,36,37
56,4,5,6,13,14,15,16,17,23,24,25,26,27,34,35,36
57,4,5,13,14,15,16,23,24,25,26,33,34,35,36
58,4,5,13,14,15,16,23,24,25,26,33,34,35
59,3,4,5,13,14,15,16,23,24,25,26,33,34,35
60,3,4,5,12,13,14,15,16,23,24,25,26,33,34,35
