1,15,16,24,25,26,27,34,35,36,37,44,45,46,47,54,55,56,57,64,65,66,67,75,76
2,15,16,24,25,26,27,34,35,36,37,44,45,46,47,54,55,56,57,64,65,66,67,75,76
3,15,16,24,25,26,27,34,35,36,37,44,45,46,47,54,55,56,57,64,65,66,67,75,76
4,15,16,24,25,26,27,34,35,36,37,44,45,46,47,54,55,56,57,64,65,66,67,74,75,76
5,15,16,24,25,26,34,35,36,37,44,45,46,47,54,55,56,57,64,65,66,74,75,76
6,15,16,24,25,26,34,35,36,37,44,45,46,47,54,55,56,57,64,65,66,75,76
7,15,16,24,25,26,27,34,35,36,37,44,45,46,47,54,55,56,57,64,65,66,67,75,76
8,15,16,17,24,25,26,27,34,35,36,37,44,45,46,47,54,55,56,57,64,65,66,67,75,76
9,15,16,24,25,26,27,34,35,36,37,44,45,46,47,54,55,56,57,64,65,66,67,75,76
10,15,16,24,25,26,27,34,35,36,37,44,45,46,47,54,55,56,57,64,65,66,67,75,76
11,15,16,17,24,25,26,27,34,35,36,37,44,45,46,47,54,55,56,57,64,65,66,67,75,76
12,15,16,17,24,25,26,27,34,35,36,37,44,45,46,47,54,55,56,57,64,65,66,67,75,76
13,15,16,17,24,25,26,27,34,35,36,37,44,45,46,47,54,55,56,57,64,65,66,67,75,76
14,6,14,15,16,17,24,25,26,27,34,35,36,37,44,45,46,47,54,55,56,57,65,66,67,75,76
15,15,16,17,24,25,26,27,34,35,36,37,44,45,46,47,54,55,56,57,64,65,66,75,76
16,15,16,24,25,26,27,34,35,36,37,44,45,46,47,54,55,56,57,64,65,66,75,76
17,14,15,16,23,24,25,26,33,34,35,36,37,43,44,45,46,47,53,54,55,56,57,63,64,65,66,74,75,76
18,13,14,15,23,24,25,33,34,35,36,43,44,45,46,53,54,55,56,63,64,65,73,74,75
19,13,14,15,16,23,24,25,26,33,34,35,36,43,44,45,46,53,54,55,56,63,64,65,66,74,75
20,15,16,24,25,26,33,34,35,36,37,43,44,45,46,47,54,55,56,57,64,65,66,67,74,75,76,77,84,85,86
21,35,36,44,45,46,47,54,55,56,57,64,65,66,67,68,73,74,75,76,77,78,81,82,83,84,85,86,87,88,89,90,91,92,93,94,95,96,97,98,99,100
22,56,64,65,66,67,68,71,72,73,74,75,76,77,78,79,80,81,82,83,84,85,86,87,88,89,90,91,92,93,94,95,96,97,98,99,100
23,36,44,45,46,47,54,55,56,57,63,64,65,66,67,71,72,73,74,75,76,77,78,79,80,81,82,83,84,85,86,87,88,89,90,91,92,93,94,95,96,97,98,99,100
24,15,16,24,25,26,27,34,35,36,37,44,45,46,47,54,55,56,57,64,65,66,67,74,75,76,77,84,85,86,87,95,96,97
25,15,16,24,25,26,27,34,35,36,37,44,45,46,47,54,55,56,57,64,65,66,67,75,76
26,5,6,14,15,16,17,24,25,26,27,34,35,36,37,44,45,46,47,54,55,56,57,64,65,66,75,76
27,5,6,14,15,16,17,23,24,25,26,27,33,34,35,36,37,43,44,45,46,47,53,54,55,56,57,64,65,66
28,4,5,13,14,15,16,23,24,25,26,33,34,35,36,43,44,45,46,53,54,55,56,64,65,66
29,4,5,6,13,14,15,16,23,24,25,26,33,34,35,36,43,44,45,46,53,54,55,56,64,65,66
30,14,15,16,17,24,25,26,27,34,35,36,37,44,45,46,47,54,55,56,57,64,65,66
31,15,16,17,24,25,26,27,34,35,36,37,44,45,46,47,54,55,56,57,65,66,67,76
32,15,16,17,25,26,27,35,36,37,38,45,46,47,48,55,56,57,65,66,67,76
33,15,16,17,25,26,27,35,36,37,45,46,47,55,56,57,65,66,67,75,76
34,15,16,17,24,25,26,27,34,35,36,37,44,45,46,47,55,56,57,65,66,67,76
35,15,16,17,24,25,26,27,34,35,36,37,44,45,46,47,54,55,56,57,65,66,67,76
36,15,16,17,24,25,26,27,34,35,36,37,44,45,46,47,54,55,56,57,65,66,67,76
37,5,6,14,15,16,17,24,25,26,27,34,35,36,37,44,45,46,47,54,55,56,57,65,66,67
38,6,14,15,16,17,24,25,26,27,34,35,36,37,44,45,46,47,54,55,56,57,65,66,67,75,76
39,15,16,17,24,25,26,27,34,35,36,37,44,45,46,47,54,55,56,57,64,65,66,67,75,76
40,15,16,17,24,25,26,27,34,35,36,37,44,45,46,47,54,55,56,57,64,65,66,67,75,76
41,5,6,14,15,16,17,24,25,26,27,34,35,36,37,44,45,46,47,54,55,56,57,64,65,66,67,75,76
42,4,5,6,7,14,15,16,17,24,25,26,27,33,34,35,36,37,43,44,45,46,47,54,55,56,57,64,65,66,75
43,14,15,16,23,24,25,26,33,34,35,36,43,44,45,46,53,54,55,56,64,65,66,74,75
44,14,15,16,23,24,25,26,33,34,35,36,43,44,45,46,53,54,55,56,64,65,66,74,75
45,14,15,16,23,24,25,26,33,34,35,36,43,44,45,46,53,54,55,56,64,65,66,74,75
46,14,15,16,23,24,25,26,27,33,34,35,36,37,43,44,45,46,47,53,54,55,56,57,64,65,66,74,75,76
47,15,16,17,24,25,26,27,34,35,36,37,44,45,46,47,54,55,56,57,64,65,66,67,75,76
48,15,16,17,24,25,26,27,34,35,36,37,44,45,46,47,54,55,56,57,65,66,67
49,6,14,15,16,17,24,25,26,27,34,35,36,37,44,45,46,47,54,55,56,57,65,66,67,75,76
50,15,16,17,24,25,26,27,34,35,36,37,44,45,46,47,54,55,56,57,65,66,67,75,76
51,15,16,24,25,26,27,34,35,36,37,44,45,46,47,54,55,56,57,64,65,66,67,75,76,77
52,15,16,24,25,26,27,34,35,36,37,44,45,46,47,54,55,56,57,64,65,66,67,75,76
53,15,16,24,25,26,27,34,35,36,37,44,45,46,47,54,55,56,57,64,65,66,67,75,76
54,15,16,17,24,25,26,27,34,35,36,37,44,45,46,47,54,55,56,57,64,65,66,67,75,76
55,15,16,17,24,25,26,27,34,35,36,37,44,45,46,47,54,55,56,57,64,65,66,67,75,76
56,15,16,24,25,26,27,34,35,36,37,44,45,46,47,54,55,56,57,64,65,66,75,76
57,14,15,16,24,25,26,33,34,35,36,37,43,44,45,46,47,54,55,56,57,64,65,66,74,75,76
58,14,15,16,23,24,25,26,33,34,35,36,43,44,45,46,53,54,55,56,64,65,66,74,75
59,14,15,16,24,25,26,27,33,34,35,36,37,43,44,45,46,47,54,55,56,57,64,65,66,74,75,76
60,15,16,24,25,26,27,34,35,36,37,44,45,46,47,54,55,56,57,64,65,66,67,75,76
