1,7,8,9,12,13,14,17,18,19,23
2,7,8,9,12,13,14,17,18,19,22,23,24
3,7,8,12,13,14,17,18,19,21,22,23,24,25
4,2,6,7,8,11,12,13,16,17,18,22,23
5,2,3,6,7,8,11,12,13,17,18
6,3,7,8,9,12,13,14,17,18,19
7,3,4,5,8,9,10,13,14,15,18,19
8,3,4,5,8,9,10,13,14,15,18,19
9,4,8,9,10,13,14,15,18,19
10,8,9,12,13,14,18,19
11,7,8,9,12,13,14,17,18,19,23,24
12,8,9,10,13,14,15,18,19,20,23,24
13,5,6,9,10,11,14,15,16,19,20
14,4,5,6,9,10,11,14,15,16,19,20
15,3,4,7,8,9,10,12,13,14,15,17,18,19,20,23
16,1,2,3,6,7,8,11,12,13,16,17,18
17,1,2,6,7,11,12,16,17
18,2,6,7,8,11,12,13,16,17,18,22,23
19,3,7,8,9,12,13,14,17,18,19,23
20,3,7,8,9,12,13,14,17,18,19
21,3,7,8,9,12,13,14,17,18,19
22,3,7,8,9,12,13,14,17,18,19
23,3,7,8,9,12,13,14,17,18,19
24,3,7,8,9,12,13,14,18,19
25,3,7,8,9,12,13,14,17,18,19
26,2,3,7,8,12,13,17,18
27,2,3,7,8,12,13,17,18
28,3,7,8,12,13,17,18
29,3,4,7,8,9,12,13,14,17,18
30,2,3,7,8,9,12,13,14,17,18
31,1,2,3,6,7,8,11,12,13,17,18
32,1,2,3,6,7,8,11,12,13,16,17
33,1,2,6,7,8,11,12,13,16,17
34,2,6,7,8,11,12,13,16,17,18
35,2,7,8,12,13,17,18,22,23
36,3,7,8,12,13,17,18,22,23
37,3,7,8,9,12,13,14,17,18,19
38,3,7,8,9,12,13,14,17,18,19
39,3,4,8,9,12,13,14,18,19
40,3,4,8,9,13,14,18,19
41,3,4,8,9,13,14,18,19
42,3,4,8,9,13,14,18,19
43,3,4,8,9,13,14,18,19
44,3,4,7,8,9,12,13,14,17,18,19
45,3,7,8,9,12,13,14,17,18,19
46,3,7,8,9,12,13,14,17,18
47,3,7,8,9,12,13,14,17,18,19
48,3,7,8,9,12,13,14,17,18,19
49,3,7,8,9,12,13,14,17,18,19
50,3,8,9,13,14,18,19
51,3,7,8,9,12,13,14,17,18,19
52,3,7,8,9,12,13,14,17,18,19
53,7,8,9,12,13,14,17,18,19,23
54,7,8,9,12,13,14,17,18,19,22,23,24
55,12,13,14,16,17,18,19,21,22,23,24,25
56,12,13,16,17,18,21,22,23,24,25
57,12,13,14,16,17,18,19,21,22,23,24,25
58,8,12,13,14,17,18,19,21,22,23,24,25
59,8,9,12,13,14,17,18,19,22,23,24
60,8,9,13,14,18,19,23
