1,14,15,16,17,24,25,26,27,34,35,36,37
2,6,7,8,14,15,16,17,18,24,25,26,27,28,34,35,36,37,38
3,7,8,16,17,18,19,26,27,28,29,36,37,38,39,47,48
4,16,17,18,19,25,26,27,28,29,34,35,36,37,38,39,41,42,43,44,45,46,47,48,49,50
5,22,23,24,25,26,27,31,32,33,34,35,36,37,38,41,42,43,44,45,46,47,48,49,50
6,21,22,23,24,30,31,32,33,34,35,39,40,41,42,43,44,45,46,47,48,49,50
7,11,12,20,21,22,23,29,30,31,32,33,34,39,40,41,42,43,44,45,46,47,48,49,50
8,11,12,13,20,21,22,23,29,30,31,32,33,39,40,41,42,50
9,3,11,12,13,14,15,16,20,21,22,23,24,25,26,30,31,32,33,34,35,36,40,41,42
10,5,6,13,14,15,16,17,23,24,25,26,27,33,34,35,36,37
11,5,6,7,8,14,15,16,17,18,24,25,26,27,28,34,35,36,37
12,5,6,7,8,15,16,17,18,25,26,27,28,35,36,37
13,4,5,6,7,8,14,15,16,17,18,24,25,26,27,28,35,36,37
14,4,5,6,7,13,14,15,16,17,23,24,25,26,27,34,35,36
15,4,5,6,13,14,15,16,23,24,25,26,34,35,36
16,4,5,6,13,14,15,16,23,24,25,26,33,34,35,36
17,13,14,15,16,23,24,25,26,33,34,35,36,44,45
18,13,14,15,16,23,24,25,26,33,34,35,36
19,4,5,13,14,15,16,23,24,25,26,33,34,35,36
20,4,5,13,14,15,23,24,25,33,34,35
21,3,4,5,6,13,14,15,16,23,24,25,26,33,34,35,36
22,3,4,5,6,12,13,14,15,16,22,23,24,25,26,32,33,34,35,36
23,3,4,5,12,13,14,15,16,22,23,24,25,26,32,33,34,35
24,4,5,13,14,15,16,23,24,25,26,33,34,35,36
25,4,5,13,14,15,16,23,24,25,26,33,34,35,36
26,4,5,6,13,14,15,16,23,24,25,26,33,34,35,36
27,5,6,14,15,16,17,24,25,26,27,34,35,36,37
28,5,6,13,14,15,16,23,24,25,26,33,34,35,36
29,5,13,14,15,16,17,23,24,25,26,27,33,34,35,36,37
30,6,14,15,16,17,24,25,26,27,34,35,36,37
31,5,6,14,15,16,17,24,25,26,27,34,35,36,37
32,5,6,14,15,16,17,23,24,25,26,27,34,35,36,37
33,4,5,13,14,15,16,23,24,25,26,33,34,35,36
34,4,5,13,14,15,16,23,24,25,26,33,34,35,36
35,5,13,14,15,16,23,24,25,26,33,34,35,36
36,5,13,14,15,16,17,23,24,25,26,27,33,34,35,36,37
37,5,6,14,15,16,17,24,25,26,27,34,35,36,37
38,6,7,14,15,16,17,18,24,25,26,27,28,35,36,37
39,6,7,15,16,17,18,25,26,27,28,35,36,37,38
40,5,6,7,14,15,16,17,24,25,26,27,34,35,36,37
41,5,6,14,15,16,17,24,25,26,27,34,35,36,37
42,5,6,14,15,16,17,24,25,26,27,34,35,36,37
43,5,14,15,16,23,24,25,26,34,35,36
44,5,13,14,15,16,23,24,25,26,33,34,35,36,44
45,13,14,15,16,23,24,25,26,33,34,35,36,44,45
46,13,14,15,16,23,24,25,26,33,34,35,36,44,45
47,12,13,14,15,22,23,24,25,32,33,34,35,43,44
48,12,13,14,15,16,22,23,24,25,26,32,33,34,35,36,43,44
49,5,13,14,15,16,23,24,25,26,27,33,34,35,36
50,5,6,14,15,16,17,24,25,26,27,34,35,36,37
51,6,14,15,16,17,24,25,26,27,34,35,36,37
52,15,16,17,18,24,25,26,27,28,35,36,37,38,46,47
53,16,17,18,19,25,26,27,28,29,36,37,38,39,47,48
54,15,16,17,18,19,25,26,27,28,29,35,36,37,38,39,46,47,48
55,14,15,16,17,18,23,24,25,26,27,28,34,35,36,37,38,45,46,47
56,13,14,15,16,23,24,25,26,33,34,35,36,45
57,13,14,15,16,23,24,25,26,33,34,35,36,44,45
58,13,14,15,16,23,24,25,26,33,34,35,36,44,45
59,13,14,15,16,23,24,25,26,33,34,35,36
60,13,14,15,16,23,24,25,26,27,33,34,35,36,44,45
