1,5,6,14,15,16,17,24,25,26,27,34,35,36,37
2,5,6,7,14,15,16,17,24,25,26,27,34,35,36,37
3,5,6,7,14,15,16,17,24,25,26,27,34,35,36,37
4,5,6,14,15,16,17,24,25,26,27,34,35,36,37
5,5,6,14,15,16,17,24,25,26,27,34,35,36,37
6,5,6,14,15,16,17,24,25,26,27,34,35,36,37
7,5,6,14,15,16,17,24,25,26,27,34,35,36,37
8,5,6,14,15,16,17,24,25,26,27,34,35,36,37
9,5,6,14,15,16,17,24,25,26,27,34,35,36,37
10,5,6,14,15,16,17,24,25,26,27,34,35,36,37
11,5,6,7,14,15,16,17,24,25,26,27,34,35,36,37
12,5,6,7,14,15,16,17,24,25,26,27,34,35,36,37
13,4,5,6,14,15,16,17,24,25,26,27,34,35,36
14,4,5,6,13,14,15,16,17,23,24,25,26,27,34,35,36
15,4,5,6,13,14,15,16,23,24,25,26,33,34,35,36
16,3,4,5,6,13,14,15,16,23,24,25,26,33,34,35,36
17,3,4,5,12,13,14,15,16,22,23,24,25,26,32,33,34,35
18,3,4,5,12,13,14,15,16,22,23,24,25,26,32,33,34,35
19,4,5,13,14,15,16,23,24,25,26,33,34,35,36
20,4,5,6,13,14,15,16,17,23,24,25,26,27,34,35,36,37
21,6,14,15,16,17,24,25,26,27,34,35,36,37,45
22,4,5,6,12,13,14,15,16,22,23,24,25,26,33,34,35,36
23,4,5,6,13,14,15,16,23,24,25,26,33,34,35,36
24,2,3,4,5,6,12,13,14,15,16,23,24,25,26,33,34,35,36
25,4,5,13,14,15,16,23,24,25,26,33,34,35,36
26,4,5,13,14,15,16,23,24,25,26,33,34,35,36
27,4,5,12,13,14,15,22,23,24,25,26,32,33,34,35
28,3,4,12,13,14,15,22,23,24,25,32,33,34,35
29,4,5,12,13,14,15,16,22,23,24,25,26,32,33,34,35,36
30,4,5,6,13,14,15,16,23,24,25,26,33,34,35,36
31,3,4,5,6,12,13,14,15,16,22,23,24,25,26,32,33,34,35,36
32,2,3,4,11,12,13,14,15,20,21,22,23,24,25,30,31,32,33,34,40
33,1,2,9,10,11,12,13,19,20,21,22,23,29,30,31,32,33,39,40
34,1,8,9,10,11,17,18,19,20,21,27,28,29,30,31,37,38,39,40
35,7,8,9,16,17,18,19,20,26,27,28,29,30,37,38,39
36,6,7,8,9,15,16,17,18,19,25,26,27,28,29,36,37,38,39
37,6,7,8,15,16,17,18,25,26,27,28,35,36,37,38
38,6,7,15,16,17,18,25,26,27,28,35,36,37
39,5,6,7,14,15,16,17,24,25,26,27,35,36,37
40,4,5,6,7,14,15,16,17,24,25,26,27,34,35,36,37
41,4,5,6,7,13,14,15,16,17,24,25,26,27,34,35,36
42,4,5,6,14,15,16,17,24,25,26,27,34,35,36
43,4,5,6,14,15,16,17,24,25,26,27,34,35,36
44,5,6,14,15,16,17,24,25,26,27,34,35,36,37
45,5,6,14,15,16,17,24,25,26,27,34,35,36,37
46,5,6,14,15,16,17,24,25,26,27,34,35,36,37
47,5,6,7,14,15,16,17,18,24,25,26,27,28,34,35,36,37
48,5,6,7,14,15,16,17,18,24,25,26,27,28,34,35,36,37
49,5,6,14,15,16,17,24,25,26,27,34,35,36,37
50,5,6,14,15,16,17,24,25,26,27,34,35,36,37
51,5,6,14,15,16,17,24,25,26,27,34,35,36
52,5,6,14,15,16,17,24,25,26,27,34,35,36
53,5,6,14,15,16,17,24,25,26,27,34,35,36
54,5,6,14,15,16,17,24,25,26,27,34,35,36
55,5,6,14,15,16,17,24,25,26,27,34,35,36
56,5,6,14,15,16,17,24,25,26,27,34,35,36
57,5,6,14,15,16,17,24,25,26,27,34,35,36
58,5,6,14,15,16,17,24,25,26,27,34,35,36
59,5,6,14,15,16,17,24,25,26,27,34,35,36
60,5,6,14,15,16,17,24,25,26,27,34,35,36
