1,6,14,15,16,17,24,25,26,27,34,35,36,37
2,5,6,14,15,16,17,24,25,26,27,34,35,36,37
3,5,6,14,15,16,17,24,25,26,27,34,35,36,37
4,5,6,7,14,15,16,17,24,25,26,27,34,35,36
5,5,6,7,14,15,16,17,18,24,25,26,27,28,35,36,37
6,6,7,15,16,17,18,25,26,27,28,35,36,37
7,5,6,7,14,15,16,17,18,24,25,26,27,28,35,36,37
8,4,5,6,7,14,15,16,17,24,25,26,27,34,35,36
9,4,5,6,7,14,15,16,17,24,25,26,27,35,36,37
10,6,7,15,16,17,18,25,26,27,28,35,36,37
11,5,6,7,15,16,17,18,25,26,27,28,35,36,37
12,5,6,7,14,15,16,17,24,25,26,27,35,36,37
13,5,6,7,14,15,16,17,24,25,26,27,35,36,37
14,6,7,15,16,17,18,25,26,27,28,35,36,37
15,6,7,15,16,17,18,25,26,27,28,35,36,37
16,5,6,7,14,15,16,17,18,24,25,26,27,28,34,35,36,37
17,4,5,6,7,14,15,16,17,24,25,26,27,34,35,36
18,4,5,6,7,13,14,15,16,17,23,24,25,26,27,34,35,36
19,4,5,6,13,14,15,16,23,24,25,26,34,35,36
20,4,5,6,13,14,15,16,23,24,25,26,34,35,36
21,3,4,5,6,12,13,14,15,16,22,23,24,25,26,33,34,35,36
22,2,3,4,5,11,12,13,14,15,21,22,23,24,25,31,32,33,34,35
23,2,3,11,12,13,14,20,21,22,23,24,30,31,32,33,40,41,42
24,11,12,13,19,20,21,22,23,29,30,31,32,33,38,39,40,41,42,49,50
25,19,20,21,22,28,29,30,31,32,38,39,40,41,42,48,49,50
26,11,19,20,21,28,29,30,31,38,39,40,41,48,49,50
27,11,18,19,20,21,28,29,30,31,38,39,40,41,48,49,50
28,11,12,19,20,21,22,28,29,30,31,32,38,39,40,41,42,49,50
29,1,2,3,4,10,11,12,13,14,15,20,21,22,23,24,25,29,30,31,32,33,34,39,40,41,42,50
30,2,3,4,5,6,12,13,14,15,16,17,22,23,24,25,26,27,33,34,35,36
31,5,6,7,8,14,15,16,17,18,19,24,25,26,27,28,29,34,35,36,37,38,39
32,16,17,18,19,20,26,27,28,29,30,36,37,38,39,40,48,49
33,7,8,9,16,17,18,19,20,26,27,28,29,30,36,37,38,39,40,48,49
34,6,7,8,14,15,16,17,18,19,24,25,26,27,28,29,35,36,37,38
35,5,6,7,14,15,16,17,24,25,26,27,34,35,36,37
36,5,6,14,15,16,17,24,25,26,27,34,35,36
37,5,6,7,14,15,16,17,18,24,25,26,27,28,34,35,36,37
38,6,7,15,16,17,18,25,26,27,28,35,36,37
39,1,2,3,4,5,6,7,8,9,10,14,15,16,17,18,25,26,27,28,35,36,37
40,1,2,3,4,5,6,7,8,9,10,14,15,16,17,18,25,26,27,28,35,36,37
41,5,6,7,8,15,16,17,18,25,26,27,28,35,36,37
42,5,6,7,14,15,16,17,18,24,25,26,27,28,35,36,37
43,5,6,7,14,15,16,17,24,25,26,27,35,36,37
44,5,6,7,14,15,16,17,18,24,25,26,27,28,35,36,37
45,6,7,15,16,17,18,25,26,27,28,35,36,37
46,5,6,7,14,15,16,17,24,25,26,27,35,36,37
47,5,6,7,14,15,16,17,24,25,26,27,35,36,37
48,5,6,7,14,15,16,17,18,24,25,26,27,28,35,36,37
49,6,7,15,16,17,18,25,26,27,28,35,36,37,38
50,6,7,15,16,17,18,25,26,27,28,35,36,37,38
51,6,7,15,16,17,18,25,26,27,28,35,36,37,38
52,5,6,7,13,14,15,16,17,18,23,24,25,26,27,28,34,35,36,37
53,4,5,6,13,14,15,16,23,24,25,26,33,34,35,36
54,4,5,13,14,15,23,24,25,33,34,35
55,4,5,6,13,14,15,16,17,23,24,25,26,27,33,34,35,36
56,5,6,7,14,15,16,17,18,24,25,26,27,28,34,35,36,37,38
57,6,7,15,16,17,18,25,26,27,28,35,36,37,38
58,6,7,14,15,16,17,18,24,25,26,27,28,34,35,36,37,38
59,5,6,14,15,16,17,24,25,26,27,34,35,36,37
60,5,6,14,15,16,17,24,25,26,27,34,35,36,37
