1,7,8,9,12,13,14,17,18,19
2,7,8,9,12,13,14,17,18,19
3,7,8,9,12,13,14,17,18,19
4,7,8,9,12,13,14,17,18,19
5,2,3,7,8,12,13,17,18
6,2,3,7,8,12,13,17,18,22,23
7,7,8,9,12,13,14,17,18,19,21,22,23,24,25
8,8,9,13,14,15,18,19,20,23,24,25
9,9,10,13,14,15,18,19,20,23,24,25
10,9,10,11,14,15,16,19,20,24,25
11,3,4,5,8,9,10,11,13,14,15,16,18,19,20,24,25
12,3,4,7,8,9,10,12,13,14,15,18,19
13,3,4,7,8,9,12,13,14,17,18,19
14,3,4,7,8,9,12,13,14,17,18,19
15,3,4,7,8,9,12,13,14,18,19
16,3,4,7,8,9,12,13,14,18,19
17,2,3,7,8,9,12,13,14,17,18,19
18,2,3,7,8,12,13,17,18
19,2,6,7,8,11,12,13,16,17,18
20,2,6,7,8,11,12,13,16,17,18
21,2,6,7,8,11,12,13,16,17,18,22
22,6,7,11,12,16,17,21,22
23,3,6,7,8,11,12,13,16,17,18,21,22
24,3,7,8,9,12,13,14,17,18,19
25,3,7,8,9,12,13,14,17,18,19
26,3,7,8,12,13,14,17,18
27,3,7,8,12,13,17,18
28,2,3,7,8,12,13,17,18
29,2,3,7,8,12,13,17,18
30,2,7,8,12,13,17,18
31,3,7,8,9,12,13,14,17,18,23
32,3,7,8,9,12,13,14,17,18,19
33,3,7,8,9,12,13,14,17,18,19
34,3,7,8,9,12,13,14,17,18,19
35,3,7,8,9,12,13,14,17,18,19
36,2,3,7,8,12,13,17,18
37,3,7,8,9,12,13,14,17,18,19
38,3,4,8,9,12,13,14,18,19
39,3,7,8,9,12,13,14,18,19
40,3,7,8,9,12,13,14,18,19
41,7,8,9,12,13,14,17,18,19
42,7,8,9,12,13,14,17,18,19
43,7,8,9,12,13,14,17,18,19,23
44,3,7,8,9,12,13,14,17,18,19
45,3,8,9,12,13,14,18,19,23
46,3,7,8,9,12,13,14,17,18,19,23
47,3,7,8,9,12,13,14,17,18,23
48,3,7,8,12,13,17,18,23
49,3,4,7,8,9,12,13,14,17,18,19
50,3,4,8,9,13,14,18,19
51,3,4,8,9,13,14,18,19
52,7,8,9,12,13,14,17,18,19,22,23
53,7,8,12,13,17,18,22,23
54,7,8,12,13,17,18,22
55,7,8,12,13,17,18,22,23
56,7,8,12,13,14,17,18,19,22,23
57,7,8,9,12,13,14,17,18,19,23
58,7,8,9,12,13,14,17,18,19,23
59,3,7,8,9,12,13,14,17,18,19
60,3,7,8,12,13,17,18
