1,6,7,14,15,16,17,24,25,26,27,34,35,36,37
2,5,6,7,14,15,16,17,24,25,26,27,35,36,37
3,4,5,6,13,14,15,16,17,23,24,25,26,27,34,35,36,37
4,4,5,6,13,14,15,16,23,24,25,26,34,35,36
5,4,5,6,13,14,15,16,23,24,25,26,33,34,35,36
6,4,5,6,7,13,14,15,16,17,23,24,25,26,27,33,34,35,36,37
7,5,6,7,14,15,16,17,18,24,25,26,27,28,34,35,36,37
8,4,5,6,14,15,16,17,24,25,26,27,34,35,36
9,3,4,5,6,12,13,14,15,16,17,22,23,24,25,26,27,32,33,34,35,36
10,2,3,4,11,12,13,14,15,21,22,23,24,25,31,32,33,34
11,2,11,12,13,20,21,22,23,30,31,32,33,40
12,11,12,19,20,21,22,23,29,30,31,32,39,40,41,50
13,11,12,19,20,21,22,29,30,31,32,39,40,41,49,50
14,11,19,20,21,28,29,30,31,38,39,40,41,49,50
15,11,19,20,21,28,29,30,31,38,39,40,41,49,50
16,2,3,11,12,13,14,19,20,21,22,23,24,29,30,31,32,33,34,39,40,41,49,50
17,3,4,5,6,7,12,13,14,15,16,17,22,23,24,25,26,27,32,33,34,35,36
18,4,5,6,7,14,15,16,17,24,25,26,27,34,35,36
19,4,5,6,13,14,15,16,23,24,25,26,34,35,36
20,4,5,6,13,14,15,16,23,24,25,26,34,35
21,4,5,6,13,14,15,16,23,24,25,26,33,34,35,36
22,4,5,6,7,13,14,15,16,17,23,24,25,26,27,34,35,36
23,4,5,6,7,14,15,16,17,24,25,26,27,35,36
24,4,5,6,7,14,15,16,17,24,25,26,27,35,36,37
25,4,5,6,7,14,15,16,17,24,25,26,27,35,36,37
26,4,5,6,7,13,14,15,16,17,23,24,25,26,27,34,35,36
27,4,5,6,13,14,15,16,23,24,25,26,34,35,36
28,4,5,6,13,14,15,16,23,24,25,26,34,35,36
29,4,5,6,13,14,15,16,23,24,25,26,34,35,36
30,4,5,6,13,14,15,16,23,24,25,26,34,35,36
31,4,5,6,7,13,14,15,16,17,23,24,25,26,27,34,35,36
32,5,6,7,14,15,16,17,24,25,26,27,34,35,36
33,4,5,6,7,14,15,16,17,24,25,26,27,34,35,36
34,4,5,6,7,14,15,16,17,24,25,26,27,35,36
35,4,5,6,7,14,15,16,17,24,25,26,27,35,36
36,5,6,7,14,15,16,17,24,25,26,27,34,35,36
37,5,6,7,14,15,16,17,24,25,26,27,35,36,37
38,5,6,7,14,15,16,17,24,25,26,27,35,36,37
39,4,5,6,7,14,15,16,17,24,25,26,27,35,36,37
40,5,6,7,14,15,16,17,24,25,26,27,35,36,37
41,5,6,7,14,15,16,17,24,25,26,27,35,36,37
42,5,6,7,14,15,16,17,24,25,26,27,35,36,37
43,5,6,7,14,15,16,17,24,25,26,27,35,36,37
44,5,6,7,14,15,16,17,18,25,26,27,28,35,36,37
45,5,6,7,15,16,17,18,25,26,27,28,35,36,37
46,4,5,6,7,14,15,16,17,18,24,25,26,27,35,36,37
47,4,5,6,7,14,15,16,17,24,25,26,27,35,36
48,4,5,6,7,14,15,16,17,18,24,25,26,27,28,35,36,37
49,5,6,7,8,15,16,17,18,25,26,27,28,35,36,37
50,5,6,7,8,15,16,17,18,25,26,27,28,35,36,37
51,5,6,7,8,15,16,17,18,25,26,27,28,35,36,37
52,4,5,6,7,13,14,15,16,17,23,24,25,26,27,33,34,35,36,37
53,3,4,5,12,13,14,15,16,22,23,24,25,26,33,34,35
54,3,4,5,12,13,14,15,22,23,24,25,33,34,35
55,3,4,5,6,12,13,14,15,16,22,23,24,25,26,33,34,35,36
56,4,5,6,7,14,15,16,17,18,24,25,26,27,28,34,35,36,37
57,6,7,15,16,17,18,25,26,27,28,35,36,37
58,5,6,7,14,15,16,17,18,24,25,26,27,28,35,36,37
59,4,5,6,7,14,15,16,17,24,25,26,27,34,35,36,37
60,4,5,6,14,15,16,17,24,25,26,27,34,35,36
