1,15,16,24,25,26,27,34,35,36,37,44,45,46,47,54,55,56,57,64,65,66,67,75,76
2,15,16,24,25,26,27,34,35,36,37,44,45,46,47,54,55,56,57,64,65,66,67,75,76
3,15,16,24,25,26,27,34,35,36,37,44,45,46,47,54,55,56,57,64,65,66,67,75,76
4,15,16,24,25,26,27,34,35,36,37,44,45,46,47,54,55,56,57,64,65,66,67,75,76
5,13,14,15,16,23,24,25,26,27,33,34,35,36,37,43,44,45,46,47,53,54,55,56,57,64,65,66,75,76
6,14,15,16,23,24,25,26,33,34,35,36,43,44,45,46,53,54,55,56,64,65,66,74,75
7,14,15,16,23,24,25,26,33,34,35,36,37,43,44,45,46,47,53,54,55,56,57,64,65,66,74,75,76
8,15,16,24,25,26,27,34,35,36,37,44,45,46,47,54,55,56,57,64,65,66,75,76
9,15,16,24,25,26,34,35,36,37,44,45,46,47,54,55,56,57,64,65,66,74,75,76,84,85,86
10,25,34,35,36,44,45,46,53,54,55,56,57,63,64,65,66,67,73,74,75,76,77,82,83,84,85,86,87,88,91,92,93,94,95,96,97,98,99,100
11,44,45,46,53,54,55,56,57,63,64,65,66,67,73,74,75,76,77,82,83,84,85,86,87,88,91,92,93,94,95,96,97,98,99,100
12,23,24,32,33,34,35,42,43,44,45,52,53,54,55,56,62,63,64,65,66,72,73,74,75,76,82,83,84,85,86,93,94,95,96
13,12,13,21,22,23,24,31,32,33,34,40,41,42,43,44,50,51,52,53,54,60,61,62,63,64,70,71,72,73,74,80,81,82,83
14,21,22,31,32,33,40,41,42,43,49,50,51,52,53,59,60,61,62,63,69,70,71,72,73,79,80,81,82,89,90,91,100
15,31,39,40,41,42,49,50,51,52,58,59,60,61,62,68,69,70,71,72,78,79,80,81,82,88,89,90,91,99,100
16,39,40,41,49,50,51,52,59,60,61,62,68,69,70,71,72,78,79,80,81,82,89,90,91,92,99,100
17,30,31,39,40,41,49,50,51,52,58,59,60,61,62,68,69,70,71,72,78,79,80,81,82,88,89,90,91,92,99,100
18,30,31,39,40,41,48,49,50,51,57,58,59,60,61,67,68,69,70,71,77,78,79,80,81,87,88,89,90,98,99,100
19,39,40,48,49,50,57,58,59,60,61,67,68,69,70,71,77,78,79,80,87,88,89,90,98,99,100
20,21,22,30,31,32,39,40,41,42,48,49,50,51,52,58,59,60,61,62,68,69,70,71,72,78,79,80,81,82,88,89,90,91,98,99,100
21,21,30,31,32,40,41,42,49,50,51,52,59,60,61,62,69,70,71,72,79,80,81,82,90
22,21,30,31,32,39,40,41,42,49,50,51,52,59,60,61,62,69,70,71,72,79,80,81,90
23,21,22,30,31,32,39,40,41,42,43,49,50,51,52,53,59,60,61,62,69,70,71,72,79,80,81,82,90
24,11,20,21,22,30,31,32,39,40,41,42,43,49,50,51,52,53,59,60,61,62,70,71,72,80,81,82
25,11,12,20,21,22,29,30,31,32,39,40,41,42,49,50,51,52,59,60,61,62,70,71,72,80
26,11,12,19,20,21,22,29,30,31,32,39,40,41,42,49,50,51,52,59,60,61,62,70,71,80
27,11,12,19,20,21,22,29,30,31,32,39,40,41,42,49,50,51,52,59,60,61,69,70,71,80
28,11,19,20,21,22,29,30,31,32,39,40,41,42,49,50,51,52,59,60,61,69,70,71,80
29,11,19,20,21,22,29,30,31,32,39,40,41,42,49,50,51,52,59,60,61,62,69,70,71,80
30,11,20,21,22,29,30,31,32,39,40,41,42,49,50,51,52,59,60,61,62,69,70,71,80
31,11,20,21,22,29,30,31,32,38,39,40,41,42,48,49,50,51,52,58,59,60,61,62,68,69,70,71,78,79,80,89,90
32,27,28,29,30,36,37,38,39,40,41,46,47,48,49,50,51,56,57,58,59,60,61,66,67,68,69,70,76,77,78,79,80,87,88,89,90
33,27,28,36,37,38,46,47,48,49,56,57,58,59,66,67,68,69,76,77,78,79,86,87,88
34,27,28,36,37,38,46,47,48,49,56,57,58,59,66,67,68,69,76,77,78,79,86,87,88,97,98
35,37,38,46,47,48,55,56,57,58,65,66,67,68,75,76,77,78,85,86,87,88,96,97,98
36,37,38,46,47,48,55,56,57,58,65,66,67,68,69,75,76,77,78,79,85,86,87,88,89,95,96,97,98,99
37,37,46,47,48,56,57,58,65,66,67,68,69,74,75,76,77,78,79,80,81,82,83,84,85,86,87,88,89,90,91,92,93,94,95,96,97,98,99,100
38,57,65,66,67,68,69,70,71,74,75,76,77,78,79,80,81,82,83,84,85,86,87,88,89,90,91,92,93,94,95,96,97,98,99,100
39,58,66,67,68,69,70,71,72,74,75,76,77,78,79,80,81,82,83,84,85,86,87,88,89,90,91,92,93,94,95,96,97,98,99,100
40,66,67,68,69,70,71,72,73,74,75,76,77,78,79,80,81,82,83,84,85,86,87,88,89,90,91,92,93,94,95,96,97,98,99,100
41,56,57,64,65,66,67,68,69,72,73,74,75,76,77,78,79,80,81,82,83,84,85,86,87,88,89,90,91,92,93,94,95,96,97,98,99,100
42,55,56,57,64,65,66,67,68,72,73,74,75,76,77,78,79,81,82,83,84,85,86,87,88,89,90,91,92,93,94,95,96,97,98,99,100
43,26,35,36,37,45,46,47,55,56,57,64,65,66,67,68,73,74,75,76,77,78,79,81,82,83,84,85,86,87,88,89,90,91,92,93,94,95,96,97,98,99,100
44,16,17,25,26,27,35,36,37,38,45,46,47,48,55,56,57,58,65,66,67,75,76,77,85,86,87
45,16,17,25,26,27,35,36,37,38,45,46,47,48,55,56,57,58,64,65,66,67,68,73,74,75,76,77,78,79,81,82,83,84,85,86,87,88,89,90,91,92,93,94,95,96,97,98,99,100
46,46,47,54,55,56,57,64,65,66,67,68,73,74,75,76,77,78,79,81,82,83,84,85,86,87,88,89,90,91,92,93,94,95,96,97,98,99,100
47,15,16,17,24,25,26,27,34,35,36,37,44,45,46,47,54,55,56,57,64,65,66,67,68,74,75,76,77,78,84,85,86,87,88,94,95,96,97,98
48,5,6,7,14,15,16,17,24,25,26,27,34,35,36,37,44,45,46,47,54,55,56,57,65,66,67
49,5,6,7,8,14,15,16,17,18,24,25,26,27,28,29,34,35,36,37,38,39,44,45,46,47,48,49,55,56,57,58,65,66,67,68
50,7,8,16,17,18,19,26,27,28,29,36,37,38,39,46,47,48,49,56,57,58,66,67,68
51,7,8,16,17,18,25,26,27,28,29,35,36,37,38,39,45,46,47,48,49,55,56,57,58,66,67,68,76,77
52,4,5,13,14,15,16,17,18,23,24,25,26,27,28,33,34,35,36,37,38,43,44,45,46,47,48,53,54,55,56,57,58,63,64,65,66,67,75,76,77
53,3,4,5,12,13,14,15,22,23,24,25,32,33,34,35,42,43,44,45,52,53,54,55,63,64,65
54,3,4,12,13,14,15,22,23,24,25,32,33,34,35,42,43,44,45,52,53,54,55,63,64,65,74
55,13,14,15,16,22,23,24,25,26,32,33,34,35,36,37,42,43,44,45,46,47,52,53,54,55,56,57,63,64,65,66,73,74,75,76
56,15,16,17,18,24,25,26,27,28,34,35,36,37,38,44,45,46,47,48,54,55,56,57,58,64,65,66,67,68,75,76,77
57,16,17,18,26,27,28,35,36,37,38,39,45,46,47,48,49,55,56,57,58,59,66,67,68,69,76,77,78
58,15,16,17,24,25,26,27,28,34,35,36,37,38,44,45,46,47,48,54,55,56,57,58,64,65,66,67,68,74,75,76,77,78
59,15,16,24,25,26,33,34,35,36,43,44,45,46,53,54,55,56,63,64,65,66,74,75,76
60,15,16,24,25,26,27,34,35,36,37,44,45,46,47,54,55,56,57,64,65,66,67,74,75,76
