1,25,26,27,34,35,36,37,44,45,46,47,54,55,56,57,64,65,66,67,74,75,76,77,84,85,86,87
2,24,25,26,27,33,34,35,36,37,43,44,45,46,47,53,54,55,56,57,63,64,65,66,67,74,75,76,77,85,86
3,3,4,5,6,7,13,14,15,16,17,23,24,25,26,33,34,35,36,43,44,45,46,53,54,55,56,63,64,65,66,73,74,75
4,1,2,3,4,5,6,7,8,9,10,12,13,14,15,16,17,23,24,25,26,33,34,35,36,43,44,45,46,53,54,55,56,63,64,65,66,73,74,75,76,77,82,83,84,85,86,87,91,92,93,94,95,96,97,98,99,100
5,43,44,45,52,53,54,55,56,62,63,64,65,66,71,72,73,74,75,76,77,81,82,83,84,85,86,87,91,92,93,94,95,96,97,98,99,100
6,43,44,51,52,53,54,55,61,62,63,64,65,71,72,73,74,75,76,81,82,83,84,85,86,90,91,92,93,94,95,96,97,98,99,100
7,44,52,53,54,55,62,63,64,65,66,71,72,73,74,75,76,77,81,82,83,84,85,86,87,88,89,90,91,92,93,94,95,96,97,98,99,100
8,45,46,47,54,55,56,57,62,63,64,65,66,67,72,73,74,75,76,77,78,81,82,83,84,85,86,87,88,89,90,91,92,93,94,95,96,97,98,99,100
9,36,37,38,45,46,47,48,54,55,56,57,58,59,64,65,66,67,68,69,74,75,76,77,78,79,84,85,86,87,88,89,94,95,96,97,98,99
10,27,28,29,36,37,38,39,46,47,48,49,50,56,57,58,59,60,66,67,68,69,70,76,77,78,79,80,86,87,88,89
11,20,21,28,29,30,31,37,38,39,40,41,47,48,49,50,51,57,58,59,60,61,67,68,69,70,77,78,79,80,88,89,90
12,18,19,20,21,27,28,29,30,31,37,38,39,40,41,47,48,49,50,51,58,59,60,61,68,69,70,79,80
13,7,8,9,16,17,18,19,20,25,26,27,28,29,30,35,36,37,38,39,40,45,46,47,48,49,50,55,56,57,58,59,60,66,67,68,69,70
14,16,17,18,25,26,27,28,35,36,37,38,45,46,47,48,55,56,57,58,65,66,67,68,76,77
15,16,17,18,25,26,27,28,35,36,37,38,45,46,47,48,55,56,57,58,65,66,67,68,76,77
16,15,16,17,23,24,25,26,27,28,33,34,35,36,37,38,43,44,45,46,47,48,53,54,55,56,57,58,63,64,65,66,67,74,75,76,77
17,13,14,15,22,23,24,25,26,32,33,34,35,36,42,43,44,45,46,52,53,54,55,56,63,64,65,66,73,74,75
18,1,2,3,4,5,6,7,8,9,10,11,12,13,14,15,16,21,22,23,24,25,26,31,32,33,34,35,36,42,43,44,45,46,52,53,54,55,63,64,65
19,2,3,4,11,12,13,14,15,16,21,22,23,24,25,26,31,32,33,34,35,36,37,41,42,43,44,45,46,47,51,52,53,54,55,56,57,62,63,64,65,66,74,75,76
20,15,16,23,24,25,26,33,34,35,36,37,43,44,45,46,47,53,54,55,56,57,63,64,65,66,67,74,75,76
21,15,24,25,26,33,34,35,36,37,43,44,45,46,47,53,54,55,56,57,63,64,65,66,67,74,75,76,85
22,15,24,25,26,34,35,36,37,44,45,46,47,54,55,56,57,64,65,66,67,74,75,76
23,16,24,25,26,27,34,35,36,37,44,45,46,47,54,55,56,57,64,65,66,67,74,75,76,77
24,25,26,27,34,35,36,37,44,45,46,47,54,55,56,57,64,65,66,67,75,76,77,86
25,25,26,27,34,35,36,37,44,45,46,47,54,55,56,57,64,65,66,67,75,76,77,86
26,15,16,24,25,26,27,34,35,36,37,44,45,46,47,54,55,56,57,64,65,66,67,75,76,77
27,15,16,24,25,26,27,33,34,35,36,37,43,44,45,46,47,53,54,55,56,57,64,65,66,67,74,75,76
28,14,15,23,24,25,26,33,34,35,36,43,44,45,46,53,54,55,56,63,64,65,66,74,75
29,14,15,23,24,25,33,34,35,36,43,44,45,46,53,54,55,56,63,64,65,74,75
30,14,15,23,24,25,26,33,34,35,36,43,44,45,46,53,54,55,56,63,64,65,66,74,75
31,15,16,24,25,26,27,33,34,35,36,37,43,44,45,46,47,53,54,55,56,57,63,64,65,66,67,74,75,76
32,15,16,24,25,26,27,34,35,36,37,44,45,46,47,54,55,56,57,64,65,66,67,75,76
33,16,24,25,26,27,34,35,36,37,44,45,46,47,54,55,56,57,64,65,66,67,75,76
34,15,16,24,25,26,27,34,35,36,37,44,45,46,47,54,55,56,57,64,65,66,67,75,76
35,15,16,24,25,26,27,34,35,36,37,44,45,46,47,54,55,56,57,64,65,66,67,74,75,76
36,15,16,24,25,26,34,35,36,37,44,45,46,47,54,55,56,57,64,65,66,74,75,76
37,15,16,24,25,26,34,35,36,37,44,45,46,47,54,55,56,57,64,65,66,67,74,75,76
38,15,16,24,25,26,27,34,35,36,37,44,45,46,47,54,55,56,57,64,65,66,67,75,76,77
39,16,25,26,27,35,36,37,45,46,47,55,56,57,65,66,67,75,76,77
40,16,25,26,27,35,36,37,44,45,46,47,54,55,56,57,65,66,67,75,76,77
41,16,25,26,27,34,35,36,37,44,45,46,47,54,55,56,57,65,66,67,75,76,77
42,16,25,26,27,34,35,36,37,44,45,46,47,54,55,56,57,65,66,67,75,76,77
43,16,25,26,27,34,35,36,37,44,45,46,47,54,55,56,57,65,66,67,75,76,77
44,16,25,26,27,34,35,36,37,44,45,46,47,54,55,56,57,65,66,67,75,76,77
45,16,25,26,27,34,35,36,37,44,45,46,47,54,55,56,57,65,66,67,75,76,77
46,16,25,26,27,34,35,36,37,44,45,46,47,54,55,56,57,65,66,67,75,76,77
47,16,25,26,27,34,35,36,37,44,45,46,47,54,55,56,57,65,66,67,75,76,77
48,16,17,25,26,27,34,35,36,37,44,45,46,47,48,54,55,56,57,58,65,66,67,75,76,77
49,16,17,25,26,27,28,35,36,37,38,45,46,47,48,55,56,57,58,65,66,67,68,75,76,77
50,16,17,25,26,27,28,35,36,37,38,45,46,47,48,55,56,57,58,65,66,67,76,77
51,16,17,25,26,27,35,36,37,38,45,46,47,48,55,56,57,58,65,66,67,75,76,77
52,14,15,16,23,24,25,26,27,33,34,35,36,37,43,44,45,46,47,53,54,55,56,57,63,64,65,66,67,73,74,75,76,77
53,14,23,24,25,33,34,35,42,43,44,45,46,52,53,54,55,56,63,64,65,73,74,75
54,14,15,23,24,25,32,33,34,35,42,43,44,45,52,53,54,55,63,64,65,73,74,75
55,14,15,23,24,25,26,32,33,34,35,36,42,43,44,45,46,47,52,53,54,55,56,57,63,64,65,66,73,74,75,76
56,15,16,24,25,26,27,34,35,36,37,44,45,46,47,54,55,56,57,64,65,66,67,74,75,76,77
57,16,17,25,26,27,35,36,37,45,46,47,48,55,56,57,58,65,66,67,75,76,77
58,16,17,25,26,27,34,35,36,37,44,45,46,47,54,55,56,57,64,65,66,67,75,76,77
59,14,15,16,23,24,25,26,33,34,35,36,37,43,44,45,46,47,53,54,55,56,57,63,64,65,66,67,74,75,76
60,14,15,16,23,24,25,26,33,34,35,36,37,43,44,45,46,47,53,54,55,56,57,64,65,66,67,74,75,76
