1,16,25,26,27,34,35,36,37,44,45,46,47,54,55,56,57,64,65,66,67,75,76,77
2,25,26,34,35,36,37,44,45,46,47,54,55,56,57,64,65,66,67,74,75,76,85,86
3,25,26,34,35,36,37,44,45,46,47,54,55,56,57,64,65,66,67,74,75,76,85,86
4,15,24,25,26,34,35,36,37,44,45,46,47,54,55,56,57,64,65,66,74,75,76
5,24,25,26,34,35,36,44,45,46,54,55,56,64,65,66,74,75,76
6,24,25,26,34,35,36,43,44,45,46,53,54,55,56,64,65,66,74,75,76
7,24,25,26,34,35,36,43,44,45,46,53,54,55,56,64,65,66,74,75,76
8,15,16,24,25,26,34,35,36,37,44,45,46,47,54,55,56,57,64,65,66,74,75,76
9,15,16,24,25,26,27,34,35,36,37,44,45,46,47,54,55,56,57,64,65,66,67,74,75,76,77
10,16,17,25,26,27,34,35,36,37,44,45,46,47,54,55,56,57,65,66,67,75,76,77
11,16,17,25,26,27,34,35,36,37,44,45,46,47,54,55,56,57,65,66,67,75,76,77
12,16,25,26,27,34,35,36,37,44,45,46,47,54,55,56,57,64,65,66,67,75,76,77
13,16,25,26,27,34,35,36,37,44,45,46,47,54,55,56,57,64,65,66,67,75,76,77
14,16,17,25,26,27,34,35,36,37,38,44,45,46,47,48,54,55,56,57,58,65,66,67,75,76,77
15,16,17,25,26,27,35,36,37,38,45,46,47,48,55,56,57,58,65,66,67,75,76,77
16,16,17,25,26,27,34,35,36,37,38,44,45,46,47,48,54,55,56,57,58,65,66,67,75,76,77
17,15,16,24,25,26,27,34,35,36,37,44,45,46,47,54,55,56,57,64,65,66,67,75,76
18,15,16,24,25,26,27,34,35,36,37,44,45,46,47,54,55,56,57,64,65,66,67,74,75,76
19,15,24,25,26,33,34,35,36,43,44,45,46,53,54,55,56,64,65,66,74,75,76
20,24,25,26,33,34,35,36,43,44,45,46,53,54,55,56,63,64,65,66,74,75,76
21,15,16,24,25,26,33,34,35,36,37,43,44,45,46,47,53,54,55,56,57,64,65,66,74,75,76
22,15,16,24,25,26,34,35,36,37,44,45,46,47,54,55,56,57,64,65,66,67,74,75,76
23,15,16,24,25,26,27,34,35,36,37,44,45,46,47,54,55,56,57,64,65,66,67,75,76,77
24,16,17,25,26,27,34,35,36,37,44,45,46,47,54,55,56,57,65,66,67,75,76,77
25,15,16,17,24,25,26,27,34,35,36,37,44,45,46,47,54,55,56,57,64,65,66,67,75,76,77
26,15,16,24,25,26,27,34,35,36,37,44,45,46,47,54,55,56,57,64,65,66,67,74,75,76
27,15,16,24,25,26,34,35,36,43,44,45,46,54,55,56,64,65,66,74,75,76
28,14,15,23,24,25,26,33,34,35,36,43,44,45,46,53,54,55,56,63,64,65,66,74,75,76
29,14,15,23,24,25,26,33,34,35,36,43,44,45,46,53,54,55,56,63,64,65,66,74,75
30,14,15,23,24,25,26,33,34,35,36,43,44,45,46,53,54,55,56,63,64,65,66,73,74,75
31,14,15,16,23,24,25,26,27,33,34,35,36,37,43,44,45,46,47,53,54,55,56,57,63,64,65,66,67,74,75,76
32,16,24,25,26,27,34,35,36,37,44,45,46,47,54,55,56,57,64,65,66,67,75,76,77
33,16,17,25,26,27,35,36,37,38,44,45,46,47,48,54,55,56,57,58,65,66,67,75,76,77
34,16,17,25,26,27,34,35,36,37,44,45,46,47,48,54,55,56,57,64,65,66,67,75,76,77
35,16,25,26,27,34,35,36,37,44,45,46,47,54,55,56,57,64,65,66,67,75,76,77
36,25,26,27,34,35,36,37,44,45,46,47,54,55,56,57,64,65,66,67,75,76,77
37,25,26,27,34,35,36,37,44,45,46,47,54,55,56,57,64,65,66,67,75,76,77
38,16,25,26,27,35,36,37,45,46,47,55,56,57,65,66,67,75,76,77
39,16,25,26,27,35,36,37,45,46,47,55,56,57,65,66,67,75,76,77
40,16,25,26,27,35,36,37,45,46,47,55,56,57,65,66,67,75,76,77
41,26,27,35,36,37,45,46,47,55,56,57,65,66,67,75,76,77
42,25,26,27,35,36,37,45,46,47,55,56,57,65,66,67,75,76,77
43,25,26,27,35,36,37,45,46,47,55,56,57,65,66,67,75,76,77
44,25,26,27,35,36,37,44,45,46,47,54,55,56,57,64,65,66,67,75,76,77
45,25,26,27,35,36,37,44,45,46,47,54,55,56,57,65,66,67,75,76,77
46,25,26,27,35,36,37,44,45,46,47,54,55,56,57,64,65,66,67,75,76,77
47,25,26,27,34,35,36,37,44,45,46,47,54,55,56,57,64,65,66,67,75,76,77
48,16,17,25,26,27,34,35,36,37,38,44,45,46,47,48,54,55,56,57,58,64,65,66,67,68,75,76,77
49,17,25,26,27,28,35,36,37,38,45,46,47,48,55,56,57,58,65,66,67,68,75,76,77
50,17,26,27,28,35,36,37,38,45,46,47,48,55,56,57,58,65,66,67,68,76,77,78
51,26,27,28,35,36,37,38,45,46,47,48,55,56,57,58,65,66,67,68,75,76,77,78
52,24,25,26,27,34,35,36,37,38,43,44,45,46,47,48,53,54,55,56,57,58,64,65,66,67,68,74,75,76,77,78,85,86,87
53,14,15,23,24,25,26,33,34,35,36,42,43,44,45,46,52,53,54,55,56,62,63,64,65,66,73,74,75,76,83,84,85
54,23,24,32,33,34,35,42,43,44,45,52,53,54,55,62,63,64,65,73,74,75,83,84
55,23,24,32,33,34,35,42,43,44,45,51,52,53,54,55,61,62,63,64,65,71,72,73,74,75,82,83,84
56,32,33,34,41,42,43,44,51,52,53,54,61,62,63,64,70,71,72,73,74,80,81,82,83,84,90,91,92,93,94,100
57,31,32,33,41,42,43,51,52,53,54,60,61,62,63,64,70,71,72,73,74,80,81,82,83,84,90,91,92,93,94,100
58,31,32,33,40,41,42,43,50,51,52,53,60,61,62,63,70,71,72,73,80,81,82,83,90
59,22,23,31,32,33,34,40,41,42,43,44,50,51,52,53,54,60,61,62,63,64,70,71,72,73,74,80,81,82,83,84,90
60,14,23,24,25,26,32,33,34,35,36,42,43,44,45,46,52,53,54,55,56,62,63,64,65,66,72,73,74,75,76,82,83,84,85
