1,3,7,8,12,13,14,17,18,19,22,23
2,3,7,8,9,12,13,14,17,18,19
3,7,8,12,13,14,17,18,19,21,22,23,24,25
4,8,12,13,16,17,18,19,21,22,23,24,25
5,2,3,7,8,12,13,17,18,22,23
6,2,3,7,8,12,13,17,18
7,2,3,7,8,12,13,17,18
8,2,3,7,8,9,12,13,14,17,18
9,3,4,7,8,9,12,13,14,17,18,19
10,3,4,8,9,13,14,18,19
11,3,4,8,9,13,14,18,19
12,3,4,7,8,9,12,13,14,17,18,19
13,2,3,7,8,9,12,13,14,17,18
14,3,4,7,8,9,12,13,14,17,18,19
15,3,4,8,9,13,14,18,19
16,3,4,7,8,9,12,13,14,17,18,19
17,3,7,8,9,12,13,14,17,18,19
18,3,7,8,12,13,17,18
19,2,3,7,8,12,13,17,18
20,2,3,7,8,12,13,17,18
21,3,7,8,9,12,13,14,17,18
22,3,7,8,9,12,13,14,17,18,19
23,3,4,7,8,9,12,13,14,17,18,19
24,3,4,8,9,13,14,18,19
25,3,4,8,9,13,14,15,18,19,20,23,24
26,8,9,10,11,13,14,15,16,18,19,20,23,24,25
27,6,9,10,11,14,15,16,19,20,21,24,25
28,6,9,10,11,14,15,16,19,20,21,24,25
29,2,3,4,7,8,9,10,12,13,14,15,17,18,19,20,24
30,2,3,6,7,8,11,12,13,16,17,18
31,2,3,7,8,9,11,12,13,14,17,18
32,3,7,8,9,12,13,14,17,18,19
33,3,7,8,9,12,13,14,17,18,19
34,3,7,8,9,12,13,14,17,18,19
35,3,7,8,9,12,13,14,17,18,19
36,2,3,7,8,9,12,13,14,17,18
37,3,7,8,9,12,13,14,17,18,19
38,3,4,7,8,9,12,13,14,17,18,19
39,3,4,8,9,13,14,18,19
40,3,4,8,9,13,14,18,19
41,3,4,8,9,13,14,18,19
42,3,4,7,8,9,12,13,14,17,18,19
43,3,7,8,9,12,13,14,17,18
44,3,7,8,9,12,13,14,17,18,19
45,3,4,8,9,12,13,14,18,19
46,3,4,7,8,9,12,13,14,17,18,19
47,2,3,7,8,9,12,13,14,17,18
48,3,4,7,8,9,12,13,14,17,18,19
49,3,4,8,9,13,14,18,19
50,3,4,8,9,13,14,18,19
51,3,4,8,9,13,14,18,19,23,24
52,2,3,7,8,9,12,13,14,17,18,19,23
53,2,3,6,7,8,11,12,13,17,18
54,2,6,7,8,11,12,13,17,18
55,2,3,6,7,8,11,12,13,17,18
56,3,7,8,9,12,13,14,17,18,19
57,3,8,9,13,14,18,19
58,8,9,13,14,18,19,23,24
59,3,7,8,9,12,13,14,17,18,19,23,24
60,3,7,8,9,12,13,14,17,18,19
