1,6,7,14,15,16,17,18,24,25,26,27,28,34,35,36,37,38
2,7,15,16,17,18,25,26,27,28,29,36,37,38,39,46,47,48,49
3,18,26,27,28,29,33,34,35,36,37,38,39,41,42,43,44,45,46,47,48,49,50
4,12,13,14,15,22,23,24,25,32,33,34,35,36,37,38,39,41,42,43,44,45,46,47,48,49,50
5,11,12,13,14,15,21,22,23,24,25,31,32,33,34,35,41,42,43,44
6,11,12,13,21,22,23,30,31,32,33,40,41,42,43,50
7,1,10,11,12,19,20,21,22,23,29,30,31,32,33,39,40,41,42,43,49,50
8,4,5,11,12,13,14,15,16,20,21,22,23,24,25,26,29,30,31,32,33,34,35,36,39,40,41,42,43,50
9,4,5,6,7,13,14,15,16,17,23,24,25,26,27,33,34,35,36,37
10,6,7,15,16,17,18,25,26,27,28,35,36,37
11,6,14,15,16,17,24,25,26,27,34,35,36,37,45,46
12,5,6,14,15,16,24,25,26,27,34,35,36,37,45,46
13,5,6,14,15,16,17,23,24,25,26,27,34,35,36,37,45,46
14,14,15,16,17,18,24,25,26,27,28,34,35,36,37,38,45,46,47
15,7,15,16,17,18,25,26,27,28,35,36,37,38
16,5,6,7,14,15,16,17,18,24,25,26,27,28,34,35,36,37,38
17,5,6,14,15,16,24,25,26,34,35,36
18,4,5,6,13,14,15,16,23,24,25,26,33,34,35,36
19,4,5,13,14,15,16,23,24,25,26,33,34,35
20,4,5,13,14,15,16,23,24,25,26,33,34,35
21,4,5,6,13,14,15,16,23,24,25,26,33,34,35,36
22,4,5,6,14,15,16,17,24,25,26,27,34,35,36
23,5,6,7,14,15,16,17,18,24,25,26,27,28,34,35,36,37
24,6,7,15,16,17,18,25,26,27,28,35,36,37
25,5,6,7,14,15,16,17,18,24,25,26,27,28,34,35,36,37
26,4,5,6,14,15,16,17,24,25,26,27,34,35,36
27,4,5,6,13,14,15,16,23,24,25,26,34,35,36
28,4,5,6,13,14,15,16,23,24,25,26,33,34,35,36
29,4,5,13,14,15,16,23,24,25,26,33,34,35
30,4,5,13,14,15,16,23,24,25,26,33,34,35,36
31,5,6,13,14,15,16,17,23,24,25,26,27,34,35,36
32,5,6,14,15,16,17,24,25,26,27,34,35,36,37
33,6,7,15,16,17,18,25,26,27,28,35,36,37
34,6,15,16,17,25,26,27,35,36,37
35,5,6,14,15,16,17,24,25,26,27,34,35,36,37
36,5,6,14,15,16,17,24,25,26,27,34,35,36,37
37,5,6,14,15,16,17,24,25,26,27,34,35,36,37
38,6,14,15,16,17,24,25,26,27,34,35,36,37
39,6,14,15,16,17,24,25,26,27,34,35,36,37
40,6,14,15,16,17,24,25,26,27,34,35,36,37
41,6,15,16,17,24,25,26,27,35,36,37
42,6,7,15,16,17,18,24,25,26,27,28,35,36,37
43,5,6,14,15,16,17,24,25,26,27,34,35,36,37
44,5,6,7,14,15,16,17,24,25,26,27,34,35,36,37
45,6,7,15,16,17,25,26,27,28,35,36,37
46,5,6,7,14,15,16,17,24,25,26,27,34,35,36,37
47,5,6,14,15,16,17,24,25,26,27,34,35,36
48,5,6,7,14,15,16,17,18,24,25,26,27,28,34,35,36,37,38
49,7,15,16,17,18,25,26,27,28,35,36,37,38
50,7,15,16,17,18,25,26,27,28,35,36,37,38
51,7,15,16,17,18,25,26,27,28,35,36,37,38
52,13,14,15,16,17,23,24,25,26,27,33,34,35,36,37,44,45
53,4,12,13,14,15,22,23,24,25,26,33,34,35,36,44,45
54,4,12,13,14,15,22,23,24,25,33,34,35
55,4,13,14,15,16,23,24,25,26,33,34,35,36,44,45
56,14,15,16,17,24,25,26,27,34,35,36,37,45,46
57,15,16,17,18,25,26,27,28,35,36,37,38,46
58,7,14,15,16,17,18,24,25,26,27,28,34,35,36,37,38,45,46
59,14,15,16,17,24,25,26,27,34,35,36,37,45,46
60,5,14,15,16,24,25,26,34,35,36
