1,5,6,7,14,15,16,17,24,25,26,27,34,35,36,37
2,5,6,7,14,15,16,17,24,25,26,27,34,35,36,37
3,4,5,6,7,14,15,16,17,24,25,26,27,34,35,36
4,4,5,6,7,13,14,15,16,17,23,24,25,26,27,33,34,35,36
5,3,4,5,13,14,15,16,23,24,25,26,33,34,35
6,3,4,5,13,14,15,16,23,24,25,26,33,34,35
7,4,5,6,7,13,14,15,16,17,23,24,25,26,27,33,34,35,36
8,3,4,5,6,7,13,14,15,16,17,24,25,26,27,34,35,36
9,5,6,7,14,15,16,17,18,24,25,26,27,28,34,35,36,37
10,5,6,7,8,15,16,17,18,25,26,27,28,35,36,37
11,5,6,7,14,15,16,17,18,24,25,26,27,28,34,35,36,37
12,4,5,6,13,14,15,16,17,23,24,25,26,27,34,35,36,37
13,4,5,6,7,13,14,15,16,17,23,24,25,26,27,34,35,36,37
14,5,6,7,8,14,15,16,17,18,24,25,26,27,28,35,36,37,38
15,6,7,8,15,16,17,18,19,25,26,27,28,29,30,36,37,38,39,40,47,48,49,50
16,18,19,20,21,27,28,29,30,31,37,38,39,40,41,47,48,49,50
17,11,19,20,21,28,29,30,31,38,39,40,41,48,49,50
18,11,17,18,19,20,21,27,28,29,30,31,37,38,39,40,41,48,49,50
19,6,7,8,9,15,16,17,18,19,25,26,27,28,29,36,37,38,39
20,4,5,6,7,8,13,14,15,16,17,18,23,24,25,26,27,28,33,34,35,36,37
21,4,5,6,13,14,15,16,23,24,25,26,33,34,35,36
22,4,5,6,7,14,15,16,17,24,25,26,27,34,35,36,37
23,5,6,7,14,15,16,17,18,24,25,26,27,28,35,36,37
24,5,6,7,14,15,16,17,18,25,26,27,28,35,36,37
25,4,5,6,7,13,14,15,16,17,24,25,26,27,34,35,36,37
26,3,4,5,6,12,13,14,15,16,22,23,24,25,26,32,33,34,35,36
27,2,3,4,11,12,13,14,15,21,22,23,24,25,31,32,33,34,41,42,43
28,11,12,13,21,22,23,24,30,31,32,33,34,40,41,42,43
29,11,12,13,20,21,22,23,30,31,32,33,40,41,42,43,50
30,2,3,11,12,13,20,21,22,23,30,31,32,33,40,41,42
31,2,3,11,12,13,14,21,22,23,24,31,32,33,34
32,3,4,5,6,11,12,13,14,15,16,21,22,23,24,25,26,32,33,34,35,36
33,5,6,7,14,15,16,17,18,24,25,26,27,28,34,35,36,37
34,5,6,7,14,15,16,17,18,24,25,26,27,28,35,36,37
35,3,4,5,6,7,13,14,15,16,17,23,24,25,26,27,34,35,36,37
36,3,4,5,6,7,13,14,15,16,17,23,24,25,26,27,34,35,36
37,5,6,7,14,15,16,17,24,25,26,27,34,35,36,37
38,5,6,7,15,16,17,18,25,26,27,28,35,36,37
39,5,6,7,8,15,16,17,18,25,26,27,28,35,36,37
40,5,6,7,15,16,17,18,25,26,27,28,35,36,37
41,5,6,7,14,15,16,17,18,24,25,26,27,28,35,36,37
42,4,5,6,7,14,15,16,17,24,25,26,27,34,35,36,37
43,4,5,6,7,14,15,16,17,24,25,26,27,34,35,36
44,4,5,6,7,14,15,16,17,24,25,26,27,34,35,36,37
45,5,6,7,14,15,16,17,24,25,26,27,35,36,37
46,4,5,6,7,14,15,16,17,24,25,26,27,34,35,36,37
47,3,4,5,6,13,14,15,16,17,23,24,25,26,34,35,36
48,3,4,5,6,7,13,14,15,16,17,18,23,24,25,26,27,28,34,35,36,37
49,5,6,7,8,15,16,17,18,25,26,27,28,35,36,37,38
50,6,7,8,15,16,17,18,25,26,27,28,36,37,38
51,6,7,8,15,16,17,18,25,26,27,28,35,36,37,38
52,5,6,7,13,14,15,16,17,18,23,24,25,26,27,28,33,34,35,36,37,38
53,3,4,12,13,14,15,22,23,24,25,33,34,35
54,3,4,12,13,14,15,22,23,24,25,32,33,34,35
55,3,4,5,6,12,13,14,15,16,22,23,24,25,26,32,33,34,35,36
56,5,6,7,14,15,16,17,18,24,25,26,27,28,34,35,36,37,38
57,6,7,8,15,16,17,18,25,26,27,28,35,36,37,38
58,5,6,7,8,14,15,16,17,18,24,25,26,27,28,35,36,37
59,4,5,6,7,14,15,16,17,24,25,26,27,34,35,36,37
60,4,5,6,7,14,15,16,17,24,25,26,27,34,35,36
