1,3,4,7,8,9,12,13,14,17,18,19,22,23,24
2,2,3,4,7,8,9,12,13,14,17,18,19
3,2,3,7,8,12,13,17,18
4,2,3,7,8,12,13,17,18
5,2,3,6,7,8,11,12,13,16,17,18,21,22
6,6,7,11,12,16,17,21,22
7,1,2,3,6,7,8,11,12,13,16,17,18,21
8,2,3,7,8,9,12,13,14,17,18,19,22,23
9,6,7,8,10,11,12,13,15,16,17,18,20,21,22,23,25
10,10,11,14,15,16,19,20,21,24,25
11,6,10,11,15,16,20,21,25
12,6,10,11,14,15,16,19,20,21,24,25
13,9,10,11,14,15,16,19,20,21,24,25
14,6,7,10,11,12,14,15,16,17,19,20,21,24,25
15,6,7,10,11,12,15,16,17,20,21,22
16,6,7,10,11,12,14,15,16,17,19,20,21,22,24,25
17,6,10,11,14,15,16,19,20,21,24,25
18,6,7,10,11,12,15,16,17,20,21,22,25
19,2,3,6,7,8,11,12,13,16,17,18,21,22
20,2,3,6,7,8,11,12,13,17,18
21,2,3,4,7,8,9,12,13,14,17,18
22,2,3,4,7,8,9,12,13,14,17,18,19
23,3,4,7,8,9,12,13,14,17,18,19
24,3,4,8,9,13,14,18,19
25,2,3,4,7,8,9,12,13,14,17,18,19
26,2,3,7,8,12,13,17,18
27,2,3,7,8,12,13,17,18
28,1,2,3,4,5,6,7,8,12,13,17,18
29,1,2,3,4,5,6,7,8,11,12,13,17,18
30,2,3,6,7,8,11,12,13,16,17,18,22
31,2,6,7,8,11,12,13,16,17,18,19,21,22,23,24,25
32,12,13,17,18,19,21,22,23,24,25
33,13,16,17,18,19,20,21,22,23,24,25
34,13,16,17,18,19,20,21,22,23,24,25
35,13,16,17,18,19,21,22,23,24,25
36,13,16,17,18,19,21,22,23,24,25
37,12,13,16,17,18,19,21,22,23,24,25
38,8,9,12,13,14,16,17,18,19,21,22,23,24,25
39,8,9,13,14,18,19,23,24
40,4,8,9,13,14,18,19,23,24
41,8,9,13,14,15,18,19,20,23,24,25
42,4,8,9,10,13,14,15,18,19,20,24
43,3,4,7,8,9,12,13,14,17,18,19
44,3,7,8,9,12,13,14,17,18,19
45,3,4,8,9,13,14,18,19
46,3,7,8,9,12,13,14,17,18,19,23
47,2,3,7,8,9,12,13,14,17,18
48,3,4,7,8,9,12,13,14,17,18,19,23,24
49,3,4,8,9,13,14,18,19
50,3,4,8,9,13,14,18,19
51,3,4,7,8,9,12,13,14,17,18,19
52,2,3,7,8,9,12,13,14,17,18,19
53,2,3,6,7,8,11,12,13,17,18
54,2,3,6,7,8,11,12,13,16,17,18
55,2,3,6,7,8,9,11,12,13,14,17,18
56,3,4,7,8,9,12,13,14,17,18,19
57,3,4,8,9,13,14,18,19
58,3,4,7,8,9,12,13,14,17,18,19
59,2,3,7,8,9,12,13,14,17,18,19
60,3,7,8,9,12,13,14,17,18,19
