1,14,15,16,17,24,25,26,27,34,35,36,37,45,46
2,14,15,16,17,24,25,26,27,34,35,36,37,44,45,46
3,14,15,16,23,24,25,26,27,33,34,35,36,37,38,41,42,43,44,45,46,47,48,49,50
4,25,26,27,28,34,35,36,37,38,39,41,42,43,44,45,46,47,48,49,50
5,25,26,27,28,32,33,34,35,36,37,38,39,40,41,42,43,44,45,46,47,48,49,50
6,31,32,33,34,35,36,37,38,39,40,41,42,43,44,45,46,47,48,49,50
7,31,32,33,34,35,36,37,38,39,40,41,42,43,44,45,46,47,48,49,50
8,31,32,33,34,35,36,37,38,39,40,41,42,43,44,45,46,47,48,49,50
9,31,32,33,34,35,36,37,38,39,40,41,42,43,44,45,46,47,48,49,50
10,31,32,33,34,35,36,37,38,39,40,41,42,43,44,45,46,47,48,49,50
11,31,32,33,34,35,36,37,38,39,40,41,42,43,44,45,46,47,48,49,50
12,14,15,16,23,24,25,26,32,33,34,35,36,37,38,41,42,43,44,45,46,47,48,49,50
13,13,14,15,16,23,24,25,26,33,34,35,36,44,45,46
14,14,15,16,17,24,25,26,27,34,35,36,37,44,45,46
15,5,6,14,15,16,17,24,25,26,27,34,35,36,37
16,6,14,15,16,17,24,25,26,27,34,35,36,37
17,14,15,16,17,24,25,26,27,34,35,36,37
18,14,15,16,17,24,25,26,27,34,35,36,37
19,14,15,16,17,24,25,26,27,34,35,36,37
20,14,15,16,17,24,25,26,27,34,35,36,37,45,46
21,14,15,16,17,24,25,26,27,34,35,36,37,45,46
22,14,15,16,17,24,25,26,27,34,35,36,37,45,46
23,14,15,16,17,24,25,26,27,34,35,36,37,45,46
24,14,15,16,17,24,25,26,27,34,35,36,37
25,14,15,16,17,24,25,26,27,34,35,36,37
26,14,15,16,17,24,25,26,27,34,35,36,37,45,46
27,14,15,16,17,24,25,26,27,34,35,36,37
28,14,15,16,17,24,25,26,27,34,35,36,37,45,46
29,14,15,16,17,24,25,26,27,34,35,36,37,45,46
30,14,15,16,17,24,25,26,27,34,35,36,37,45,46
31,14,15,16,17,24,25,26,27,34,35,36,37,45,46
32,14,15,16,17,24,25,26,27,34,35,36,37,45,46
33,14,15,16,17,24,25,26,27,34,35,36,37,45,46
34,14,15,16,17,24,25,26,27,34,35,36,37,45,46
35,14,15,16,17,24,25,26,27,34,35,36,37,45,46
36,14,15,16,17,24,25,26,27,34,35,36,37
37,6,14,15,16,17,24,25,26,27,34,35,36,37
38,6,7,14,15,16,17,24,25,26,27,34,35,36,37
39,5,6,7,14,15,16,17,24,25,26,27,28,34,35,36,37
40,5,6,14,15,16,17,24,25,26,27,34,35,36,37
41,6,14,15,16,17,24,25,26,27,34,35,36,37,45,46
42,6,14,15,16,17,24,25,26,27,34,35,36,37
43,5,6,14,15,16,17,24,25,26,27,34,35,36,37
44,14,15,16,17,24,25,26,27,34,35,36,37,45,46
45,14,15,16,17,24,25,26,27,34,35,36,37,44,45,46
46,14,15,16,17,24,25,26,27,34,35,36,37,45,46
47,14,15,16,17,24,25,26,27,34,35,36,37,45,46
48,14,15,16,17,24,25,26,27,34,35,36,37,45,46
49,14,15,16,17,24,25,26,27,34,35,36,37,45,46
50,6,14,15,16,17,24,25,26,27,34,35,36,37,45,46
51,6,15,16,17,24,25,26,27,35,36,37
52,14,15,16,17,23,24,25,26,27,34,35,36,37
53,13,14,15,16,23,24,25,26,33,34,35,36,44,45
54,13,14,15,16,23,24,25,26,33,34,35,36,44,45
55,13,14,15,16,23,24,25,26,33,34,35,36,44,45
56,13,14,15,16,23,24,25,26,33,34,35,36,44,45
57,13,14,15,16,23,24,25,26,33,34,35,36,44,45
58,13,14,15,16,23,24,25,26,33,34,35,36,44,45
59,13,14,15,16,23,24,25,26,33,34,35,36
60,13,14,15,16,23,24,25,26,33,34,35,36
