1,7,8,9,12,13,14,17,18,19,23
2,3,7,8,9,12,13,14,17,18,19,23
3,2,3,7,8,12,13,17,18
4,2,3,7,8,12,13,17,18
5,2,3,6,7,8,11,12,13,17,18
6,2,3,7,8,12,13,17,18
7,3,7,8,9,12,13,14,17,18,19
8,3,4,7,8,9,12,13,14,17,18,19
9,3,4,7,8,9,12,13,14,18,19
10,4,8,9,13,14,18,19,24
11,3,4,8,9,13,14,18,19
12,3,4,7,8,9,12,13,14,17,18,19
13,3,4,7,8,9,12,13,14,17,18,19
14,2,3,4,7,8,9,12,13,14,18,19
15,3,4,7,8,9,12,13,14,18,19
16,3,4,7,8,9,12,13,14,17,18,19
17,3,7,8,9,12,13,14,17,18,19
18,3,7,8,12,13,14,17,18
19,2,3,7,8,12,13,17,18
20,2,3,7,8,12,13,17,18
21,2,3,7,8,12,13,17,18
22,3,7,8,9,12,13,14,17,18
23,3,7,8,9,12,13,14,17,18,19
24,3,7,8,9,12,13,14,17,18,19
25,3,7,8,9,12,13,14,17,18,19
26,3,7,8,9,12,13,14,17,18,19
27,3,7,8,12,13,17,18
28,3,7,8,12,13,17,18
29,3,7,8,12,13,17,18
30,3,7,8,12,13,17,18,22,23
31,7,8,12,13,14,17,18,22,23
32,7,8,9,12,13,14,17,18,19,23
33,3,7,8,9,12,13,14,17,18,19
34,3,7,8,9,12,13,14,18,19
35,3,7,8,9,12,13,14,17,18,19
36,3,7,8,9,12,13,14,17,18,19
37,3,7,8,9,12,13,14,17,18,19
38,7,8,9,12,13,14,17,18,19
39,7,8,9,12,13,14,17,18,19
40,8,9,13,14,18,19
41,8,9,13,14,18,19
42,7,8,9,12,13,14,17,18,19,23
43,7,8,9,12,13,14,17,18,19
44,7,8,9,12,13,14,17,18,19
45,8,9,12,13,14,18,19
46,7,8,9,12,13,14,17,18,19,23
47,7,8,9,12,13,14,17,18,19,23
48,7,8,9,12,13,14,17,18,19,23
49,8,9,13,14,18,19,23
50,8,9,12,13,14,18,19,23
51,8,9,13,14,18,19
52,7,8,9,12,13,14,17,18,19,23
53,7,8,12,13,17,18
54,3,7,8,12,13,17,18
55,3,7,8,12,13,17,18
56,3,7,8,9,12,13,14,17,18,19
57,3,7,8,9,12,13,14,18,19
58,3,7,8,9,12,13,14,17,18,19
59,3,7,8,9,12,13,14,17,18,19
60,3,7,8,9,12,13,14,17,18,19
