1,5,6,14,15,16,17,24,25,26,27,34,35,36,37
2,5,6,14,15,16,17,24,25,26,27,34,35,36,37
3,5,6,14,15,16,17,24,25,26,27,34,35,36,37
4,5,6,14,15,16,17,24,25,26,27,34,35,36,37
5,5,6,14,15,16,17,24,25,26,27,34,35,36,37
6,5,6,14,15,16,17,24,25,26,27,34,35,36,37
7,5,6,14,15,16,17,24,25,26,27,34,35,36,37
8,5,6,14,15,16,17,24,25,26,27,34,35,36,37
9,5,6,14,15,16,17,24,25,26,27,34,35,36,37
10,5,6,14,15,16,17,24,25,26,27,34,35,36,37
11,5,6,14,15,16,17,24,25,26,27,34,35,36,37
12,5,6,14,15,16,17,24,25,26,27,34,35,36,37
13,5,6,14,15,16,17,24,25,26,27,34,35,36,37
14,5,6,14,15,16,17,24,25,26,27,34,35,36,37
15,5,6,14,15,16,17,24,25,26,27,34,35,36,37
16,5,6,14,15,16,17,24,25,26,27,34,35,36,37
17,5,6,14,15,16,17,24,25,26,27,34,35,36,37
18,5,6,14,15,16,17,24,25,26,27,34,35,36,37
19,5,6,14,15,16,17,24,25,26,27,34,35,36,37
20,5,6,14,15,16,17,24,25,26,27,34,35,36,37
21,5,6,14,15,16,17,24,25,26,27,34,35,36,37
22,5,6,14,15,16,17,24,25,26,27,34,35,36,37
23,6,14,15,16,17,24,25,26,27,34,35,36,37
24,6,14,15,16,17,24,25,26,27,34,35,36,37
25,6,14,15,16,17,24,25,26,27,34,35,36,37
26,6,14,15,16,17,24,25,26,27,34,35,36,37
27,6,14,15,16,17,24,25,26,27,35,36,37
28,6,14,15,16,17,24,25,26,27,35,36,37
29,6,15,16,17,24,25,26,27,35,36,37
30,6,15,16,17,24,25,26,27,35,36,37
31,6,7,15,16,17,25,26,27,35,36,37
32,6,7,15,16,17,25,26,27,35,36,37
33,6,7,15,16,17,18,25,26,27,28,35,36,37,38
34,6,7,15,16,17,18,25,26,27,28,35,36,37,38
35,7,15,16,17,18,25,26,27,28,35,36,37,38
36,7,15,16,17,18,25,26,27,28,35,36,37,38
37,7,15,16,17,18,25,26,27,28,36,37,38
38,7,15,16,17,18,25,26,27,28,36,37,38
39,7,15,16,17,18,25,26,27,28,36,37,38
40,7,15,16,17,18,25,26,27,28,36,37,38
41,7,15,16,17,18,25,26,27,28,36,37,38
42,7,15,16,17,18,25,26,27,28,36,37,38
43,7,15,16,17,18,25,26,27,28,35,36,37,38
44,7,15,16,17,18,25,26,27,28,35,36,37,38
45,7,15,16,17,18,25,26,27,28,35,36,37,38
46,7,15,16,17,18,25,26,27,28,35,36,37,38
47,15,16,17,18,25,26,27,28,35,36,37,38
48,15,16,17,18,25,26,27,28,35,36,37,38
49,15,16,17,18,25,26,27,28,35,36,37,38
50,15,16,17,18,25,26,27,28,35,36,37,38
51,15,16,17,18,25,26,27,28,35,36,37,38
52,15,16,17,18,25,26,27,28,35,36,37,38
53,16,17,18,25,26,27,28,36,37,38,47
54,16,17,18,25,26,27,28,36,37,38,47
55,16,17,18,26,27,28,36,37,38,47
56,16,17,18,26,27,28,36,37,38,47
57,16,17,18,26,27,28,36,37,38,47
58,16,17,18,26,27,28,36,37,38,47
59,16,17,18,26,27,28,36,37,38,47
60,16,17,18,26,27,28,36,37,38,47
61,16,17,18,26,27,28,36,37,38,47
62,16,17,18,26,27,28,36,37,38,47
63,16,17,18,26,27,28,29,36,37,38,47,48
64,16,17,18,26,27,28,29,36,37,38,47,48
65,16,17,18,19,26,27,28,29,36,37,38,39,47,48
66,16,17,18,19,26,27,28,29,36,37,38,39,47,48
67,16,17,18,19,26,27,28,29,36,37,38,39,47,48
68,16,17,18,19,26,27,28,29,36,37,38,39,47,48
69,16,17,18,19,26,27,28,29,36,37,38,39,47,48
70,16,17,18,19,26,27,28,29,36,37,38,39,47,48
71,16,17,18,19,26,27,28,29,36,37,38,39,47,48
72,16,17,18,19,26,27,28,29,36,37,38,39,47,48
73,16,17,18,19,26,27,28,29,36,37,38,39,47,48
74,16,17,18,19,26,27,28,29,36,37,38,39,47,48
75,16,17,18,19,26,27,28,29,36,37,38,39
76,16,17,18,19,26,27,28,29,36,37,38,39
77,16,17,18,19,26,27,28,29,36,37,38,39
78,16,17,18,19,26,27,28,29,36,37,38,39
79,16,17,18,19,26,27,28,29,36,37,38,39,47,48
80,16,17,18,19,26,27,28,29,36,37,38,39,47,48
81,16,17,18,19,26,27,28,29,36,37,38,39,47,48
82,16,17,18,19,26,27,28,29,36,37,38,39,47,48
83,16,17,18,19,26,27,28,29,36,37,38,39,47,48
84,16,17,18,19,26,27,28,29,36,37,38,39,47,48
85,16,17,18,19,26,27,28,29,36,37,38,39,47,48
86,16,17,18,19,26,27,28,29,36,37,38,39,47,48
87,16,17,18,26,27,28,29,36,37,38,39,46,47,48
88,16,17,18,26,27,28,29,36,37,38,39,46,47,48
89,16,17,18,26,27,28,29,36,37,38,39,46,47,48
90,16,17,18,26,27,28,29,36,37,38,39,46,47,48
91,16,17,18,26,27,28,29,36,37,38,39,46,47,48
92,16,17,18,26,27,28,29,36,37,38,39,46,47,48
93,16,17,18,26,27,28,29,36,37,38,39,46,47,48
94,16,17,18,26,27,28,29,36,37,38,39,46,47,48
95,16,17,18,26,27,28,29,36,37,38,39,46,47,48
96,16,17,18,26,27,28,29,36,37,38,39,46,47,48
97,16,17,18,26,27,28,29,36,37,38,39,46,47,48
98,16,17,18,26,27,28,29,36,37,38,39,46,47,48
99,16,17,18,26,27,28,29,36,37,38,39,46,47,48
100,16,17,18,26,27,28,29,36,37,38,39,46,47,48
101,16,17,18,26,27,28,29,36,37,38,39,46,47,48
102,16,17,18,26,27,28,29,36,37,38,39,46,47,48
103,16,17,18,26,27,28,29,36,37,38,39,46,47,48
104,16,17,18,26,27,28,29,36,37,38,39,46,47,48
105,17,18,26,27,28,29,36,37,38,39,46,47,48
106,17,18,26,27,28,29,36,37,38,39,46,47,48
107,17,18,26,27,28,29,36,37,38,39,46,47,48,49
108,17,18,26,27,28,29,36,37,38,39,46,47,48,49
109,17,18,26,27,28,29,36,37,38,39,46,47,48,49
110,17,18,26,27,28,29,36,37,38,39,46,47,48,49
111,17,18,26,27,28,29,36,37,38,39,46,47,48,49
112,17,18,26,27,28,29,36,37,38,39,46,47,48,49
113,17,18,26,27,28,29,36,37,38,39,46,47,48,49
114,17,18,26,27,28,29,36,37,38,39,46,47,48,49
115,17,18,26,27,28,29,36,37,38,39,46,47,48,49
116,17,18,26,27,28,29,36,37,38,39,46,47,48,49
117,17,18,26,27,28,29,36,37,38,39,46,47,48,49
118,17,18,26,27,28,29,36,37,38,39,46,47,48,49
119,17,18,26,27,28,29,36,37,38,39,46,47,48,49
120,17,18,26,27,28,29,36,37,38,39,46,47,48,49
121,17,18,26,27,28,29,35,36,37,38,39,46,47,48,49
122,17,18,26,27,28,29,35,36,37,38,39,46,47,48,49
123,17,18,26,27,28,29,35,36,37,38,39,46,47,48,49
124,17,18,26,27,28,29,35,36,37,38,39,46,47,48,49
125,17,18,26,27,28,29,35,36,37,38,39,46,47,48
126,17,18,26,27,28,29,35,36,37,38,39,46,47,48
127,17,18,26,27,28,29,35,36,37,38,39,46,47,48
128,17,18,26,27,28,29,35,36,37,38,39,46,47,48
129,17,18,26,27,28,35,36,37,38,39,46,47,48
130,17,18,26,27,28,35,36,37,38,39,46,47,48
131,17,18,26,27,28,29,35,36,37,38,39,46,47,48,49
132,17,18,26,27,28,29,35,36,37,38,39,46,47,48,49
133,17,18,26,27,28,29,35,36,37,38,39,46,47,48,49
134,17,18,26,27,28,29,35,36,37,38,39,46,47,48,49
135,17,18,26,27,28,29,36,37,38,39,46,47,48,49
136,17,18,26,27,28,29,36,37,38,39,46,47,48,49
137,17,18,26,27,28,29,36,37,38,39,46,47,48,49
138,17,18,26,27,28,29,36,37,38,39,46,47,48,49
139,17,18,26,27,28,29,36,37,38,39,46,47,48,49
140,17,18,26,27,28,29,36,37,38,39,46,47,48,49
141,17,18,26,27,28,29,36,37,38,39,46,47,48,49
142,17,18,26,27,28,29,36,37,38,39,46,47,48,49
143,17,18,26,27,28,29,36,37,38,39,46,47,48,49
144,17,18,26,27,28,29,36,37,38,39,46,47,48,49
145,17,18,26,27,28,29,36,37,38,39,46,47,48,49
146,17,18,26,27,28,29,36,37,38,39,46,47,48,49
147,17,18,26,27,28,29,36,37,38,39,46,47,48,49
148,17,18,26,27,28,29,36,37,38,39,46,47,48,49
149,17,18,26,27,28,29,36,37,38,39,46,47,48,49
150,17,18,26,27,28,29,36,37,38,39,46,47,48,49
151,17,18,26,27,28,29,36,37,38,39,46,47,48,49
152,17,18,26,27,28,29,36,37,38,39,46,47,48,49
153,17,18,26,27,28,29,36,37,38,39,46,47,48,49
154,17,18,26,27,28,29,36,37,38,39,46,47,48,49
155,17,18,26,27,28,29,36,37,38,39,46,47,48,49
156,17,18,26,27,28,29,36,37,38,39,46,47,48,49
157,18,26,27,28,29,36,37,38,39,46,47,48,49
158,18,26,27,28,29,36,37,38,39,46,47,48,49
159,18,26,27,28,29,36,37,38,39,46,47,48,49
160,18,26,27,28,29,36,37,38,39,46,47,48,49
161,18,26,27,28,29,36,37,38,39,46,47,48,49
162,18,26,27,28,29,36,37,38,39,46,47,48,49
163,18,26,27,28,29,36,37,38,39,46,47,48,49
164,18,26,27,28,29,36,37,38,39,46,47,48,49
165,18,26,27,28,29,36,37,38,39,46,47,48,49
166,18,26,27,28,29,36,37,38,39,46,47,48,49
167,18,19,26,27,28,29,36,37,38,39,46,47,48,49
168,18,19,26,27,28,29,36,37,38,39,46,47,48,49
169,18,19,26,27,28,29,36,37,38,39,46,47,48,49
170,18,19,26,27,28,29,36,37,38,39,46,47,48,49
171,18,19,26,27,28,29,36,37,38,39,46,47,48,49
172,18,19,26,27,28,29,36,37,38,39,46,47,48,49
173,18,19,26,27,28,29,36,37,38,39,46,47,48,49
174,18,19,26,27,28,29,36,37,38,39,46,47,48,49
175,18,26,27,28,29,36,37,38,39,46,47,48,49
176,18,26,27,28,29,36,37,38,39,46,47,48,49
177,17,18,26,27,28,29,36,37,38,39,46,47,48,49
178,17,18,26,27,28,29,36,37,38,39,46,47,48,49
179,17,18,26,27,28,29,36,37,38,39,46,47,48,49
180,17,18,26,27,28,29,36,37,38,39,46,47,48,49
181,17,18,26,27,28,29,36,37,38,39,46,47,48,49
182,17,18,26,27,28,29,36,37,38,39,46,47,48,49
183,17,18,26,27,28,29,36,37,38,39,46,47,48,49
184,17,18,26,27,28,29,36,37,38,39,46,47,48,49
185,17,18,26,27,28,29,36,37,38,39,46,47,48,49
186,17,18,26,27,28,29,36,37,38,39,46,47,48,49
187,17,18,26,27,28,29,36,37,38,39,46,47,48,49
188,17,18,26,27,28,29,36,37,38,39,46,47,48,49
189,17,18,26,27,28,29,36,37,38,39,46,47,48,49
190,17,18,26,27,28,29,36,37,38,39,46,47,48,49
191,17,18,26,27,28,29,36,37,38,39,46,47,48,49
192,17,18,26,27,28,29,36,37,38,39,46,47,48,49
193,17,18,26,27,28,29,36,37,38,39,46,47,48
194,17,18,26,27,28,29,36,37,38,39,46,47,48
195,17,18,26,27,28,35,36,37,38,46,47,48
196,17,18,26,27,28,35,36,37,38,46,47,48
197,16,17,18,25,26,27,28,35,36,37,38,46,47,48
198,16,17,18,25,26,27,28,35,36,37,38,46,47,48
199,16,17,18,25,26,27,28,35,36,37,38,45,46,47,48
200,16,17,18,25,26,27,28,35,36,37,38,45,46,47,48
201,15,16,17,25,26,27,28,35,36,37,38,45,46,47
202,15,16,17,25,26,27,28,35,36,37,38,45,46,47
203,15,16,17,25,26,27,35,36,37,45,46,47
204,15,16,17,25,26,27,35,36,37,45,46,47
205,15,16,17,24,25,26,27,34,35,36,37,45,46,47
206,15,16,17,24,25,26,27,34,35,36,37,45,46,47
207,15,16,17,24,25,26,27,34,35,36,37,45,46
208,15,16,17,24,25,26,27,34,35,36,37,45,46
209,14,15,16,17,24,25,26,27,34,35,36,37,45,46
210,14,15,16,17,24,25,26,27,34,35,36,37,45,46
211,14,15,16,17,24,25,26,27,34,35,36,37,45,46
212,14,15,16,17,24,25,26,27,34,35,36,37,45,46
213,14,15,16,17,24,25,26,27,34,35,36,37,45,46
214,14,15,16,17,24,25,26,27,34,35,36,37,45,46
215,14,15,16,17,24,25,26,27,34,35,36,37,45,46
216,14,15,16,17,24,25,26,27,34,35,36,37,45,46
217,14,15,16,17,24,25,26,27,34,35,36,37,45,46
218,14,15,16,17,24,25,26,27,34,35,36,37,45,46
219,14,15,16,17,24,25,26,27,34,35,36,37,45,46
220,14,15,16,17,24,25,26,27,34,35,36,37,45,46
221,14,15,16,17,24,25,26,27,34,35,36,37,45,46
222,14,15,16,17,24,25,26,27,34,35,36,37,45,46
223,14,15,16,24,25,26,27,34,35,36,37,45
224,14,15,16,24,25,26,27,34,35,36,37,45
225,14,15,16,24,25,26,27,34,35,36
226,14,15,16,24,25,26,27,34,35,36
227,14,15,16,24,25,26,27,34,35,36,45
228,14,15,16,24,25,26,27,34,35,36,45
229,14,15,16,24,25,26,34,35,36,45
230,14,15,16,24,25,26,34,35,36,45
231,14,15,16,24,25,26,34,35,36,45
232,14,15,16,24,25,26,34,35,36,45
233,14,15,16,24,25,26,34,35,36,45
234,14,15,16,24,25,26,34,35,36,45
235,14,15,16,24,25,26,34,35,36,45
236,14,15,16,24,25,26,34,35,36,45
237,14,15,16,24,25,26,34,35,36,45
238,14,15,16,24,25,26,34,35,36,45
239,14,15,16,24,25,26,34,35,36,45
240,14,15,16,24,25,26,34,35,36,45
241,14,15,16,24,25,26,34,35,36,45
242,14,15,16,24,25,26,34,35,36,45
243,14,15,16,24,25,26,27,34,35,36
244,14,15,16,24,25,26,27,34,35,36
245,14,15,16,24,25,26,27,34,35,36
246,14,15,16,24,25,26,27,34,35,36
247,14,15,16,24,25,26,27,34,35,36
248,14,15,16,24,25,26,27,34,35,36
249,14,15,16,24,25,26,27,34,35,36
250,14,15,16,24,25,26,27,34,35,36
251,14,15,16,24,25,26,27,34,35,36
252,14,15,16,24,25,26,27,34,35,36
253,14,15,16,24,25,26,34,35,36,45
254,14,15,16,24,25,26,34,35,36,45
255,14,15,16,24,25,26,34,35,36,45
256,14,15,16,24,25,26,34,35,36,45
257,14,15,16,24,25,26,34,35,36
258,14,15,16,24,25,26,34,35,36
259,14,15,16,24,25,26,34,35,36
260,14,15,16,24,25,26,34,35,36
261,14,15,16,24,25,26,34,35,36
262,14,15,16,24,25,26,34,35,36
263,14,15,16,24,25,26,34,35,36
264,14,15,16,24,25,26,34,35,36
265,14,15,16,24,25,26,34,35,36
266,14,15,16,24,25,26,34,35,36
267,14,15,16,24,25,26,34,35,36
268,14,15,16,24,25,26,34,35,36
269,14,15,16,24,25,26,34,35,36,45
270,14,15,16,24,25,26,34,35,36,45
271,14,15,16,24,25,26,34,35,36,44,45
272,14,15,16,24,25,26,34,35,36,44,45
273,14,15,16,23,24,25,26,33,34,35,36,44,45,46
274,14,15,16,23,24,25,26,33,34,35,36,44,45,46
275,14,15,16,23,24,25,26,33,34,35,36,44,45
276,14,15,16,23,24,25,26,33,34,35,36,44,45
277,13,14,15,16,23,24,25,26,33,34,35,36,44,45
278,13,14,15,16,23,24,25,26,33,34,35,36,44,45
279,13,14,15,16,23,24,25,26,33,34,35,36,44,45
280,13,14,15,16,23,24,25,26,33,34,35,36,44,45
281,13,14,15,23,24,25,26,33,34,35,36,44,45
282,13,14,15,23,24,25,26,33,34,35,36,44,45
283,13,14,15,23,24,25,26,33,34,35,36,43,44,45
284,13,14,15,23,24,25,26,33,34,35,36,43,44,45
285,13,14,15,23,24,25,33,34,35,43,44,45
286,13,14,15,23,24,25,33,34,35,43,44,45
287,13,14,15,23,24,25,33,34,35,43,44,45
288,13,14,15,23,24,25,33,34,35,43,44,45
289,13,14,15,22,23,24,25,32,33,34,35,43,44,45
290,13,14,15,22,23,24,25,32,33,34,35,43,44,45
291,13,14,15,22,23,24,25,32,33,34,35,43,44
292,13,14,15,22,23,24,25,32,33,34,35,43,44
293,13,14,15,22,23,24,25,32,33,34,35,43,44
294,13,14,15,22,23,24,25,32,33,34,35,43,44
295,13,14,15,22,23,24,25,32,33,34,35,43,44
296,13,14,15,22,23,24,25,32,33,34,35,43,44
297,13,14,15,22,23,24,25,32,33,34,35,43,44
298,13,14,15,22,23,24,25,32,33,34,35,43,44
299,13,14,15,22,23,24,25,32,33,34,35,43,44
300,13,14,15,22,23,24,25,32,33,34,35,43,44
301,13,14,15,22,23,24,25,32,33,34,35,43,44
302,13,14,15,22,23,24,25,32,33,34,35,43,44
303,13,14,15,22,23,24,25,32,33,34,35,43,44
304,13,14,15,22,23,24,25,32,33,34,35,43,44
305,13,14,15,22,23,24,25,33,34,35,43,44
306,13,14,15,22,23,24,25,33,34,35,43,44
307,13,14,15,22,23,24,25,33,34,35,43,44
308,13,14,15,22,23,24,25,33,34,35,43,44
309,13,14,15,23,24,25,33,34,35,43,44
310,13,14,15,23,24,25,33,34,35,43,44
311,13,14,15,23,24,25,33,34,35,44
312,13,14,15,23,24,25,33,34,35,44
313,13,14,15,23,24,25,33,34,35,44
314,13,14,15,23,24,25,33,34,35,44
315,13,14,15,22,23,24,25,33,34,35,44
316,13,14,15,22,23,24,25,33,34,35,44
317,13,14,15,22,23,24,25,33,34,35,43,44
318,13,14,15,22,23,24,25,33,34,35,43,44
319,13,14,15,22,23,24,25,33,34,35,44
320,13,14,15,22,23,24,25,33,34,35,44
321,13,14,15,22,23,24,25,33,34,35,44
322,13,14,15,22,23,24,25,33,34,35,44
323,13,14,15,22,23,24,25,33,34,35,44
324,13,14,15,22,23,24,25,33,34,35,44
325,13,14,15,22,23,24,25,33,34,35,44
326,13,14,15,22,23,24,25,33,34,35,44
327,13,14,15,23,24,25,33,34,35,44
328,13,14,15,23,24,25,33,34,35,44
329,13,14,15,23,24,25,33,34,35,44
330,13,14,15,23,24,25,33,34,35,44
331,13,14,15,23,24,25,33,34,35,44
332,13,14,15,23,24,25,33,34,35,44
333,13,14,15,23,24,25,33,34,35,44
334,13,14,15,23,24,25,33,34,35,44
335,13,14,15,23,24,25,33,34,35,44
336,13,14,15,23,24,25,33,34,35,44
337,13,14,15,23,24,25,33,34,35,44
338,13,14,15,23,24,25,33,34,35,44
339,13,14,15,16,23,24,25,26,33,34,35,36,44,45
340,13,14,15,16,23,24,25,26,33,34,35,36,44,45
341,13,14,15,16,23,24,25,26,33,34,35,36,44,45
342,13,14,15,16,23,24,25,26,33,34,35,36,44,45
343,14,15,16,23,24,25,26,34,35,36,45
344,14,15,16,23,24,25,26,34,35,36,45
345,14,15,16,24,25,26,34,35,36,45,46
346,14,15,16,24,25,26,34,35,36,45,46
347,14,15,16,24,25,26,27,34,35,36,37,45,46
348,14,15,16,24,25,26,27,34,35,36,37,45,46
349,14,15,16,24,25,26,27,34,35,36,37,45,46
350,14,15,16,24,25,26,27,34,35,36,37,45,46
351,14,15,16,24,25,26,27,34,35,36,37,45,46
352,14,15,16,24,25,26,27,34,35,36,37,45,46
353,14,15,16,24,25,26,27,34,35,36,37,45,46
354,14,15,16,24,25,26,27,34,35,36,37,45,46
355,14,15,16,17,24,25,26,27,34,35,36,37,45,46
356,14,15,16,17,24,25,26,27,34,35,36,37,45,46
357,14,15,16,17,24,25,26,27,34,35,36,37,45,46
358,14,15,16,17,24,25,26,27,34,35,36,37,45,46
359,14,15,16,17,24,25,26,27,34,35,36,37,45,46
360,14,15,16,17,24,25,26,27,34,35,36,37,45,46
361,14,15,16,17,24,25,26,27,34,35,36,37,45,46
362,14,15,16,17,24,25,26,27,34,35,36,37,45,46
363,14,15,16,17,24,25,26,27,34,35,36,37,45,46
364,14,15,16,17,24,25,26,27,34,35,36,37,45,46
365,14,15,16,17,24,25,26,27,34,35,36,37,45,46
366,14,15,16,17,24,25,26,27,34,35,36,37,45,46
367,14,15,16,17,24,25,26,27,34,35,36,37,45,46
368,14,15,16,17,24,25,26,27,34,35,36,37,45,46
369,14,15,16,17,24,25,26,27,34,35,36,37,45,46
370,14,15,16,17,24,25,26,27,34,35,36,37,45,46
371,14,15,16,17,24,25,26,27,34,35,36,37,45,46
372,14,15,16,17,24,25,26,27,34,35,36,37,45,46
373,14,15,16,17,24,25,26,27,34,35,36,37,45,46
374,14,15,16,17,24,25,26,27,34,35,36,37,45,46
375,14,15,16,17,24,25,26,27,34,35,36,37,45,46
376,14,15,16,17,24,25,26,27,34,35,36,37,45,46
377,14,15,16,17,24,25,26,27,34,35,36,37,45,46
378,14,15,16,17,24,25,26,27,34,35,36,37,45,46
379,14,15,16,17,24,25,26,27,34,35,36,37,45,46
380,14,15,16,17,24,25,26,27,34,35,36,37,45,46
381,14,15,16,17,24,25,26,27,34,35,36,37,45,46
382,14,15,16,17,24,25,26,27,34,35,36,37,45,46
383,14,15,16,17,24,25,26,27,34,35,36,37,45,46
384,14,15,16,17,24,25,26,27,34,35,36,37,45,46
385,14,15,16,17,24,25,26,27,34,35,36,37,45,46
386,14,15,16,17,24,25,26,27,34,35,36,37,45,46
387,14,15,16,17,24,25,26,27,34,35,36,37,45,46
388,14,15,16,17,24,25,26,27,34,35,36,37,45,46
389,14,15,16,17,24,25,26,27,34,35,36,37,45,46
390,14,15,16,17,24,25,26,27,34,35,36,37,45,46
391,14,15,16,17,24,25,26,27,34,35,36,37,45,46
392,14,15,16,17,24,25,26,27,34,35,36,37,45,46
393,14,15,16,17,24,25,26,27,34,35,36,37,45,46
394,14,15,16,17,24,25,26,27,34,35,36,37,45,46
395,14,15,16,17,24,25,26,27,34,35,36,37,45,46
396,14,15,16,17,24,25,26,27,34,35,36,37,45,46
397,14,15,16,17,24,25,26,27,34,35,36,37,45,46
398,14,15,16,17,24,25,26,27,34,35,36,37,45,46
399,14,15,16,17,24,25,26,27,34,35,36,37,45,46
400,14,15,16,17,24,25,26,27,34,35,36,37,45,46
401,14,15,16,17,24,25,26,27,34,35,36,37,45,46
402,14,15,16,17,24,25,26,27,34,35,36,37,45,46
403,14,15,16,17,24,25,26,27,34,35,36,37,45,46
404,14,15,16,17,24,25,26,27,34,35,36,37,45,46
405,14,15,16,17,24,25,26,27,34,35,36,37,45,46
406,14,15,16,17,24,25,26,27,34,35,36,37,45,46
407,14,15,16,17,24,25,26,27,34,35,36,37,45,46
408,14,15,16,17,24,25,26,27,34,35,36,37,45,46
409,14,15,16,17,24,25,26,27,34,35,36,37,45,46
410,14,15,16,17,24,25,26,27,34,35,36,37,45,46
411,14,15,16,24,25,26,27,34,35,36,37,45,46
412,14,15,16,24,25,26,27,34,35,36,37,45,46
413,14,15,16,24,25,26,27,34,35,36,37,45,46
414,14,15,16,24,25,26,27,34,35,36,37,45,46
415,14,15,16,24,25,26,27,34,35,36,37,44,45,46
416,14,15,16,24,25,26,27,34,35,36,37,44,45,46
417,14,15,16,24,25,26,27,34,35,36,37,44,45,46
418,14,15,16,24,25,26,27,34,35,36,37,44,45,46
419,14,15,16,24,25,26,27,34,35,36,37,44,45,46
420,14,15,16,24,25,26,27,34,35,36,37,44,45,46
421,14,15,16,24,25,26,27,34,35,36,37,44,45,46,47
422,14,15,16,24,25,26,27,34,35,36,37,44,45,46,47
423,15,16,24,25,26,27,34,35,36,37,44,45,46,47
424,15,16,24,25,26,27,34,35,36,37,44,45,46,47
425,15,16,24,25,26,27,34,35,36,37,44,45,46,47
426,15,16,24,25,26,27,34,35,36,37,44,45,46,47
427,15,16,24,25,26,27,34,35,36,37,44,45,46,47
428,15,16,24,25,26,27,34,35,36,37,44,45,46,47
429,15,16,24,25,26,27,34,35,36,37,44,45,46,47
430,15,16,24,25,26,27,34,35,36,37,44,45,46,47
431,15,16,24,25,26,27,34,35,36,37,44,45,46,47
432,15,16,24,25,26,27,34,35,36,37,44,45,46,47
433,15,16,24,25,26,27,34,35,36,37,44,45,46,47
434,15,16,24,25,26,27,34,35,36,37,44,45,46,47
435,15,16,24,25,26,27,34,35,36,37,44,45,46,47
436,15,16,24,25,26,27,34,35,36,37,44,45,46,47
437,15,16,24,25,26,27,34,35,36,37,44,45,46,47
438,15,16,24,25,26,27,34,35,36,37,44,45,46,47
439,15,16,24,25,26,27,34,35,36,37,44,45,46,47
440,15,16,24,25,26,27,34,35,36,37,44,45,46,47
441,15,16,24,25,26,27,34,35,36,37,44,45,46,47
442,15,16,24,25,26,27,34,35,36,37,44,45,46,47
443,15,16,24,25,26,27,34,35,36,37,44,45,46,47
444,15,16,24,25,26,27,34,35,36,37,44,45,46,47
445,15,16,24,25,26,27,34,35,36,37,44,45,46,47
446,15,16,24,25,26,27,34,35,36,37,44,45,46,47
447,15,16,24,25,26,27,34,35,36,37,44,45,46,47
448,15,16,24,25,26,27,34,35,36,37,44,45,46,47
449,15,16,24,25,26,27,34,35,36,37,44,45,46,47
450,15,16,24,25,26,27,34,35,36,37,44,45,46,47
451,15,16,24,25,26,27,34,35,36,37,44,45,46,47
452,15,16,24,25,26,27,34,35,36,37,44,45,46,47
453,15,16,24,25,26,27,34,35,36,37,44,45,46,47
454,15,16,24,25,26,27,34,35,36,37,44,45,46,47
455,15,16,24,25,26,27,34,35,36,37,44,45,46,47
456,15,16,24,25,26,27,34,35,36,37,44,45,46,47
457,14,15,16,24,25,26,27,34,35,36,37,44,45,46,47
458,14,15,16,24,25,26,27,34,35,36,37,44,45,46,47
459,14,15,16,24,25,26,27,34,35,36,37,44,45,46
460,14,15,16,24,25,26,27,34,35,36,37,44,45,46
461,14,15,16,24,25,26,27,34,35,36,37,44,45,46
462,14,15,16,24,25,26,27,34,35,36,37,44,45,46
463,14,15,16,17,24,25,26,27,34,35,36,37,45,46
464,14,15,16,17,24,25,26,27,34,35,36,37,45,46
465,14,15,16,17,24,25,26,27,34,35,36,37,45,46
466,14,15,16,17,24,25,26,27,34,35,36,37,45,46
467,14,15,16,17,24,25,26,27,34,35,36,37,45,46
468,14,15,16,17,24,25,26,27,34,35,36,37,45,46
469,14,15,16,17,24,25,26,27,34,35,36,37,45,46
470,14,15,16,17,24,25,26,27,34,35,36,37,45,46
471,14,15,16,17,24,25,26,27,34,35,36,37,45,46
472,14,15,16,17,24,25,26,27,34,35,36,37,45,46
473,14,15,16,17,24,25,26,27,34,35,36,37,45,46
474,14,15,16,17,24,25,26,27,34,35,36,37,45,46
475,14,15,16,17,24,25,26,27,34,35,36,37,45,46
476,14,15,16,17,24,25,26,27,34,35,36,37,45,46
477,14,15,16,24,25,26,27,34,35,36,37,45,46
478,14,15,16,24,25,26,27,34,35,36,37,45,46
479,14,15,16,24,25,26,27,34,35,36,37,44,45,46
480,14,15,16,24,25,26,27,34,35,36,37,44,45,46
481,14,15,16,24,25,26,27,34,35,36,37,44,45,46
482,14,15,16,24,25,26,27,34,35,36,37,44,45,46
483,14,15,16,24,25,26,27,34,35,36,37,44,45,46,47
484,14,15,16,24,25,26,27,34,35,36,37,44,45,46,47
485,14,15,16,24,25,26,27,34,35,36,37,44,45,46,47
486,14,15,16,24,25,26,27,34,35,36,37,44,45,46,47
487,14,15,16,24,25,26,27,34,35,36,37,44,45,46
488,14,15,16,24,25,26,27,34,35,36,37,44,45,46
489,14,15,16,24,25,26,27,34,35,36,37,44,45,46
490,14,15,16,24,25,26,27,34,35,36,37,44,45,46
491,14,15,16,24,25,26,27,34,35,36,37,44,45,46
492,14,15,16,24,25,26,27,34,35,36,37,44,45,46
493,14,15,16,17,24,25,26,27,34,35,36,37,45,46
494,14,15,16,17,24,25,26,27,34,35,36,37,45,46
495,14,15,16,17,24,25,26,27,34,35,36,37,45,46
496,14,15,16,17,24,25,26,27,34,35,36,37,45,46
497,14,15,16,17,24,25,26,27,34,35,36,37,45,46
498,14,15,16,17,24,25,26,27,34,35,36,37,45,46
499,15,16,17,24,25,26,27,34,35,36,37,45,46
500,15,16,17,24,25,26,27,34,35,36,37,45,46
501,15,16,17,24,25,26,27,34,35,36,37,45,46
502,15,16,17,24,25,26,27,34,35,36,37,45,46
503,15,16,17,24,25,26,27,34,35,36,37,45,46
504,15,16,17,24,25,26,27,34,35,36,37,45,46
505,15,16,17,24,25,26,27,34,35,36,37,45,46
506,15,16,17,24,25,26,27,34,35,36,37,45,46
507,15,16,17,24,25,26,27,34,35,36,37,45,46
508,15,16,17,24,25,26,27,34,35,36,37,45,46
509,14,15,16,17,24,25,26,27,34,35,36,37,45,46
510,14,15,16,17,24,25,26,27,34,35,36,37,45,46
511,14,15,16,17,24,25,26,27,34,35,36,37,45,46
512,14,15,16,17,24,25,26,27,34,35,36,37,45,46
513,14,15,16,17,24,25,26,27,34,35,36,37,45,46
514,14,15,16,17,24,25,26,27,34,35,36,37,45,46
515,14,15,16,17,24,25,26,27,34,35,36,37,45,46
516,14,15,16,17,24,25,26,27,34,35,36,37,45,46
517,14,15,16,17,24,25,26,27,34,35,36,37,45,46
518,14,15,16,17,24,25,26,27,34,35,36,37,45,46
519,14,15,16,17,24,25,26,27,34,35,36,37,45,46
520,14,15,16,17,24,25,26,27,34,35,36,37,45,46
521,14,15,16,17,24,25,26,27,34,35,36,37,45,46
522,14,15,16,17,24,25,26,27,34,35,36,37,45,46
523,14,15,16,17,24,25,26,27,34,35,36,37,45,46
524,14,15,16,17,24,25,26,27,34,35,36,37,45,46
525,14,15,16,17,24,25,26,27,34,35,36,37,45,46
526,14,15,16,17,24,25,26,27,34,35,36,37,45,46
527,15,16,17,24,25,26,27,34,35,36,37,45,46
528,15,16,17,24,25,26,27,34,35,36,37,45,46
529,15,16,17,24,25,26,27,34,35,36,37,45,46,47
530,15,16,17,24,25,26,27,34,35,36,37,45,46,47
531,15,16,17,24,25,26,27,34,35,36,37,45,46,47
532,15,16,17,24,25,26,27,34,35,36,37,45,46,47
533,15,16,17,24,25,26,27,34,35,36,37,45,46,47
534,15,16,17,24,25,26,27,34,35,36,37,45,46,47
535,15,16,17,24,25,26,27,34,35,36,37,45,46,47
536,15,16,17,24,25,26,27,34,35,36,37,45,46,47
537,15,16,17,24,25,26,27,34,35,36,37,45,46,47
538,15,16,17,24,25,26,27,34,35,36,37,45,46,47
539,15,16,17,24,25,26,27,34,35,36,37,45,46,47
540,15,16,17,24,25,26,27,34,35,36,37,45,46,47
541,15,16,17,24,25,26,27,34,35,36,37,45,46
542,15,16,17,24,25,26,27,34,35,36,37,45,46
543,14,15,16,17,24,25,26,27,34,35,36,37,45,46
544,14,15,16,17,24,25,26,27,34,35,36,37,45,46
545,14,15,16,17,24,25,26,27,34,35,36,37,45,46
546,14,15,16,17,24,25,26,27,34,35,36,37,45,46
547,14,15,16,17,24,25,26,27,34,35,36,37,45,46
548,14,15,16,17,24,25,26,27,34,35,36,37,45,46
549,14,15,16,24,25,26,27,34,35,36,37,44,45,46
550,14,15,16,24,25,26,27,34,35,36,37,44,45,46
551,14,15,16,24,25,26,27,34,35,36,37,44,45,46
552,14,15,16,24,25,26,27,34,35,36,37,44,45,46
553,14,15,16,24,25,26,27,34,35,36,37,44,45,46
554,14,15,16,24,25,26,27,34,35,36,37,44,45,46
555,14,15,16,24,25,26,27,34,35,36,37,44,45,46
556,14,15,16,24,25,26,27,34,35,36,37,44,45,46
557,14,15,16,24,25,26,27,34,35,36,37,44,45,46
558,14,15,16,24,25,26,27,34,35,36,37,44,45,46
559,14,15,16,24,25,26,27,34,35,36,37,44,45,46
560,14,15,16,24,25,26,27,34,35,36,37,44,45,46
561,14,15,16,24,25,26,27,34,35,36,37,44,45,46
562,14,15,16,24,25,26,27,34,35,36,37,44,45,46
563,14,15,16,24,25,26,27,34,35,36,37,44,45,46
564,14,15,16,24,25,26,27,34,35,36,37,44,45,46
565,14,15,16,24,25,26,34,35,36,44,45,46
566,14,15,16,24,25,26,34,35,36,44,45,46
567,14,15,16,24,25,26,34,35,36,44,45,46
568,14,15,16,24,25,26,34,35,36,44,45,46
569,14,15,16,24,25,26,34,35,36,44,45,46
570,14,15,16,24,25,26,34,35,36,44,45,46
571,14,15,16,24,25,26,34,35,36,44,45,46
572,14,15,16,24,25,26,34,35,36,44,45,46
573,14,15,16,24,25,26,34,35,36,45,46
574,14,15,16,24,25,26,34,35,36,45,46
575,14,15,16,24,25,26,34,35,36,45,46
576,14,15,16,24,25,26,34,35,36,45,46
577,14,15,16,24,25,26,34,35,36,45,46
578,14,15,16,24,25,26,34,35,36,45,46
579,14,15,16,24,25,26,34,35,36,45,46
580,14,15,16,24,25,26,34,35,36,45,46
581,14,15,16,24,25,26,34,35,36,45,46
582,14,15,16,24,25,26,34,35,36,45,46
583,14,15,16,24,25,26,34,35,36,45,46
584,14,15,16,24,25,26,34,35,36,45,46
585,14,15,16,24,25,26,34,35,36,45
586,14,15,16,24,25,26,34,35,36,45
587,14,15,16,24,25,26,34,35,36,45
588,14,15,16,24,25,26,34,35,36,45
589,14,15,16,24,25,26,34,35,36,45
590,14,15,16,24,25,26,34,35,36,45
591,14,15,16,24,25,26,34,35,36,45
592,14,15,16,24,25,26,34,35,36,45
593,14,15,16,24,25,26,34,35,36,45
594,14,15,16,24,25,26,34,35,36,45
595,14,15,16,24,25,26,34,35,36,45
596,14,15,16,24,25,26,34,35,36,45
597,14,15,16,24,25,26,34,35,36,45
598,14,15,16,24,25,26,34,35,36,45
599,14,15,16,23,24,25,26,34,35,36
600,14,15,16,23,24,25,26,34,35,36
601,14,15,16,23,24,25,26,34,35,36
602,14,15,16,23,24,25,26,34,35,36
603,14,15,16,23,24,25,26,34,35,36
604,14,15,16,23,24,25,26,34,35,36
605,13,14,15,16,23,24,25,26,33,34,35,36
606,13,14,15,16,23,24,25,26,33,34,35,36
607,13,14,15,16,23,24,25,26,33,34,35,36
608,13,14,15,16,23,24,25,26,33,34,35,36
609,13,14,15,16,23,24,25,26,33,34,35,36
610,13,14,15,16,23,24,25,26,33,34,35,36
611,13,14,15,16,23,24,25,26,33,34,35,36
612,13,14,15,16,23,24,25,26,33,34,35,36
613,13,14,15,16,23,24,25,26,33,34,35,36
614,13,14,15,16,23,24,25,26,33,34,35,36
615,13,14,15,16,23,24,25,26,33,34,35,36
616,13,14,15,16,23,24,25,26,33,34,35,36
617,5,13,14,15,16,23,24,25,26,33,34,35,36
618,5,13,14,15,16,23,24,25,26,33,34,35,36
619,5,13,14,15,16,23,24,25,26,33,34,35,36
620,5,13,14,15,16,23,24,25,26,33,34,35,36
621,5,13,14,15,16,23,24,25,26,33,34,35,36
622,5,13,14,15,16,23,24,25,26,33,34,35,36
623,4,5,13,14,15,16,23,24,25,26,33,34,35,36
624,4,5,13,14,15,16,23,24,25,26,33,34,35,36
625,4,5,13,14,15,16,23,24,25,26,33,34,35,36
626,4,5,13,14,15,16,23,24,25,26,33,34,35,36
627,4,5,13,14,15,16,23,24,25,26,33,34,35,36
628,4,5,13,14,15,16,23,24,25,26,33,34,35,36
629,4,5,13,14,15,16,23,24,25,26,34,35,36
630,4,5,13,14,15,16,23,24,25,26,34,35,36
631,4,5,13,14,15,16,23,24,25,26,34,35,36
632,4,5,13,14,15,16,23,24,25,26,34,35,36
633,4,5,6,13,14,15,16,23,24,25,26,34,35,36
634,4,5,6,13,14,15,16,23,24,25,26,34,35,36
635,4,5,6,13,14,15,16,23,24,25,26,34,35,36
636,4,5,6,13,14,15,16,23,24,25,26,34,35,36
637,4,5,6,13,14,15,16,23,24,25,26,34,35,36
638,4,5,6,13,14,15,16,23,24,25,26,34,35,36
639,4,5,6,13,14,15,16,23,24,25,26,34,35,36
640,4,5,6,13,14,15,16,23,24,25,26,34,35,36
641,5,6,14,15,16,24,25,26,34,35,36
642,5,6,14,15,16,24,25,26,34,35,36
643,5,6,14,15,16,24,25,26,34,35,36
644,5,6,14,15,16,24,25,26,34,35,36
645,5,6,14,15,16,17,24,25,26,27,34,35,36
646,5,6,14,15,16,17,24,25,26,27,34,35,36
647,5,6,14,15,16,17,24,25,26,27,34,35,36
648,5,6,14,15,16,17,24,25,26,27,34,35,36
649,5,6,14,15,16,17,24,25,26,27,34,35,36
650,5,6,14,15,16,17,24,25,26,27,34,35,36
651,5,6,14,15,16,17,24,25,26,27,34,35,36
652,5,6,14,15,16,17,24,25,26,27,34,35,36
653,5,6,14,15,16,17,24,25,26,27,34,35,36
654,5,6,14,15,16,17,24,25,26,27,34,35,36
655,5,6,14,15,16,17,24,25,26,27,34,35,36
656,5,6,14,15,16,17,24,25,26,27,34,35,36
657,5,6,14,15,16,17,24,25,26,27,34,35,36
658,5,6,14,15,16,17,24,25,26,27,34,35,36
659,5,6,14,15,16,17,24,25,26,27,34,35,36
660,5,6,14,15,16,17,24,25,26,27,34,35,36
661,5,6,14,15,16,17,24,25,26,27,34,35,36
662,5,6,14,15,16,17,24,25,26,27,34,35,36
663,5,6,14,15,16,17,24,25,26,27,34,35,36
664,5,6,14,15,16,17,24,25,26,27,34,35,36
665,5,6,14,15,16,17,24,25,26,27,34,35,36,37
666,5,6,14,15,16,17,24,25,26,27,34,35,36,37
667,5,6,14,15,16,17,24,25,26,27,34,35,36,37
668,5,6,14,15,16,17,24,25,26,27,34,35,36,37
669,5,6,14,15,16,17,24,25,26,27,34,35,36,37
670,5,6,14,15,16,17,24,25,26,27,34,35,36,37
671,5,6,14,15,16,17,24,25,26,27,34,35,36,37
672,5,6,14,15,16,17,24,25,26,27,34,35,36,37
673,5,6,14,15,16,17,24,25,26,27,34,35,36,37
674,5,6,14,15,16,17,24,25,26,27,34,35,36,37
675,5,6,14,15,16,17,24,25,26,27,34,35,36,37
676,5,6,14,15,16,17,24,25,26,27,34,35,36,37
677,5,6,14,15,16,17,24,25,26,27,34,35,36,37
678,5,6,14,15,16,17,24,25,26,27,34,35,36,37
679,5,6,14,15,16,17,24,25,26,27,34,35,36,37
680,5,6,14,15,16,17,24,25,26,27,34,35,36,37
681,5,6,14,15,16,17,24,25,26,27,34,35,36,37
682,5,6,14,15,16,17,24,25,26,27,34,35,36,37
683,5,6,14,15,16,17,24,25,26,27,34,35,36,37
684,5,6,14,15,16,17,24,25,26,27,34,35,36,37
685,5,6,14,15,16,17,24,25,26,27,34,35,36,37
686,5,6,14,15,16,17,24,25,26,27,34,35,36,37
687,5,6,14,15,16,17,24,25,26,27,34,35,36,37
688,5,6,14,15,16,17,24,25,26,27,34,35,36,37
689,5,6,14,15,16,17,24,25,26,27,34,35,36,37
690,5,6,14,15,16,17,24,25,26,27,34,35,36,37
691,5,6,14,15,16,17,24,25,26,27,34,35,36,37
692,5,6,14,15,16,17,24,25,26,27,34,35,36,37
693,5,6,14,15,16,17,24,25,26,27,34,35,36,37
694,5,6,14,15,16,17,24,25,26,27,34,35,36,37
695,5,6,14,15,16,17,24,25,26,27,34,35,36,37
696,5,6,14,15,16,17,24,25,26,27,34,35,36,37
697,5,6,14,15,16,17,24,25,26,27,34,35,36,37
698,5,6,14,15,16,17,24,25,26,27,34,35,36,37
699,5,6,14,15,16,17,24,25,26,27,34,35,36,37
700,5,6,14,15,16,17,24,25,26,27,34,35,36,37
701,5,6,14,15,16,17,24,25,26,27,34,35,36,37
702,5,6,14,15,16,17,24,25,26,27,34,35,36,37
703,5,6,14,15,16,17,24,25,26,27,34,35,36,37
704,5,6,14,15,16,17,24,25,26,27,34,35,36,37
705,5,6,14,15,16,17,24,25,26,27,34,35,36,37
706,5,6,14,15,16,17,24,25,26,27,34,35,36,37
707,5,6,14,15,16,17,24,25,26,27,34,35,36,37
708,5,6,14,15,16,17,24,25,26,27,34,35,36,37
709,5,6,14,15,16,17,24,25,26,27,34,35,36,37
710,5,6,14,15,16,17,24,25,26,27,34,35,36,37
711,5,6,14,15,16,17,24,25,26,27,34,35,36,37
712,5,6,14,15,16,17,24,25,26,27,34,35,36,37
713,5,6,14,15,16,17,24,25,26,27,34,35,36,37
714,5,6,14,15,16,17,24,25,26,27,34,35,36,37
715,5,6,14,15,16,17,24,25,26,27,34,35,36,37
716,5,6,14,15,16,17,24,25,26,27,34,35,36,37
717,5,6,14,15,16,17,24,25,26,27,34,35,36,37
718,5,6,14,15,16,17,24,25,26,27,34,35,36,37
719,5,6,14,15,16,17,24,25,26,27,34,35,36,37
720,5,6,14,15,16,17,24,25,26,27,34,35,36,37
721,5,6,14,15,16,17,24,25,26,27,34,35,36,37
722,5,6,14,15,16,17,24,25,26,27,34,35,36,37
723,5,6,14,15,16,17,24,25,26,27,34,35,36,37
724,5,6,14,15,16,17,24,25,26,27,34,35,36,37
725,5,6,14,15,16,17,24,25,26,27,34,35,36,37
726,5,6,14,15,16,17,24,25,26,27,34,35,36,37
727,5,6,14,15,16,17,24,25,26,27,34,35,36,37
728,5,6,14,15,16,17,24,25,26,27,34,35,36,37
729,5,6,14,15,16,17,24,25,26,27,34,35,36,37
730,5,6,14,15,16,17,24,25,26,27,34,35,36,37
731,5,6,14,15,16,17,24,25,26,27,34,35,36,37
732,5,6,14,15,16,17,24,25,26,27,34,35,36,37
733,5,6,14,15,16,17,24,25,26,27,34,35,36,37
734,5,6,14,15,16,17,24,25,26,27,34,35,36,37
735,5,6,14,15,16,17,24,25,26,27,34,35,36,37
736,5,6,14,15,16,17,24,25,26,27,34,35,36,37
737,5,6,14,15,16,17,24,25,26,27,34,35,36,37
738,5,6,14,15,16,17,24,25,26,27,34,35,36,37
739,5,6,14,15,16,17,24,25,26,27,34,35,36,37
740,5,6,14,15,16,17,24,25,26,27,34,35,36,37
741,5,6,14,15,16,17,24,25,26,27,34,35,36,37
742,5,6,14,15,16,17,24,25,26,27,34,35,36,37
743,5,6,14,15,16,17,24,25,26,27,34,35,36,37
744,5,6,14,15,16,17,24,25,26,27,34,35,36,37
745,5,6,14,15,16,17,24,25,26,27,34,35,36,37
746,5,6,14,15,16,17,24,25,26,27,34,35,36,37
747,5,6,14,15,16,17,24,25,26,27,34,35,36,37
748,5,6,14,15,16,17,24,25,26,27,34,35,36,37
749,5,6,14,15,16,17,24,25,26,27,35,36,37
750,5,6,14,15,16,17,24,25,26,27,35,36,37
751,5,6,14,15,16,17,24,25,26,27,35,36,37
752,5,6,14,15,16,17,24,25,26,27,35,36,37
753,5,6,7,14,15,16,17,24,25,26,27,35,36,37
754,5,6,7,14,15,16,17,24,25,26,27,35,36,37
755,5,6,7,14,15,16,17,24,25,26,27,35,36,37
756,5,6,7,14,15,16,17,24,25,26,27,35,36,37
757,5,6,7,14,15,16,17,24,25,26,27,35,36,37
758,5,6,7,14,15,16,17,24,25,26,27,35,36,37
759,5,6,7,14,15,16,17,24,25,26,27,35,36,37
760,5,6,7,14,15,16,17,24,25,26,27,35,36,37
761,5,6,7,14,15,16,17,24,25,26,27,35,36,37
762,5,6,7,14,15,16,17,24,25,26,27,35,36,37
763,5,6,7,14,15,16,17,24,25,26,27,35,36,37
764,5,6,7,14,15,16,17,24,25,26,27,35,36,37
765,5,6,7,14,15,16,17,24,25,26,27,35,36,37
766,5,6,7,14,15,16,17,24,25,26,27,35,36,37
767,5,6,7,14,15,16,17,24,25,26,27,35,36,37
768,5,6,7,14,15,16,17,24,25,26,27,35,36,37
769,5,6,7,14,15,16,17,24,25,26,27,35,36,37
770,5,6,7,14,15,16,17,24,25,26,27,35,36,37
771,5,6,7,14,15,16,17,24,25,26,27,35,36,37
772,5,6,7,14,15,16,17,24,25,26,27,35,36,37
773,5,6,7,14,15,16,17,24,25,26,27,35,36,37
774,5,6,7,14,15,16,17,24,25,26,27,35,36,37
775,5,6,7,14,15,16,17,24,25,26,27,35,36,37
776,5,6,7,14,15,16,17,24,25,26,27,35,36,37
777,5,6,7,14,15,16,17,24,25,26,27,35,36,37
778,5,6,7,14,15,16,17,24,25,26,27,35,36,37
779,5,6,7,14,15,16,17,24,25,26,27,35,36,37
780,5,6,7,14,15,16,17,24,25,26,27,35,36,37
781,5,6,7,14,15,16,17,24,25,26,27,35,36,37
782,5,6,7,14,15,16,17,24,25,26,27,35,36,37
783,5,6,7,14,15,16,17,24,25,26,27,35,36,37
784,5,6,7,14,15,16,17,24,25,26,27,35,36,37
785,5,6,7,14,15,16,17,24,25,26,27,35,36,37
786,5,6,7,14,15,16,17,24,25,26,27,35,36,37
787,5,6,7,14,15,16,17,24,25,26,27,35,36,37
788,5,6,7,14,15,16,17,24,25,26,27,35,36,37
789,5,6,7,14,15,16,17,24,25,26,27,35,36,37
790,5,6,7,14,15,16,17,24,25,26,27,35,36,37
791,5,6,7,14,15,16,17,24,25,26,27,35,36,37
792,5,6,7,14,15,16,17,24,25,26,27,35,36,37
793,5,6,7,14,15,16,17,24,25,26,27,35,36,37
794,5,6,7,14,15,16,17,24,25,26,27,35,36,37
795,5,6,7,14,15,16,17,24,25,26,27,35,36,37
796,5,6,7,14,15,16,17,24,25,26,27,35,36,37
797,5,6,7,14,15,16,17,24,25,26,27,35,36,37
798,5,6,7,14,15,16,17,24,25,26,27,35,36,37
799,5,6,7,14,15,16,17,24,25,26,27,35,36,37
800,5,6,7,14,15,16,17,24,25,26,27,35,36,37
801,5,6,7,14,15,16,17,24,25,26,27,35,36,37
802,5,6,7,14,15,16,17,24,25,26,27,35,36,37
803,5,6,7,14,15,16,17,24,25,26,27,35,36
804,5,6,7,14,15,16,17,24,25,26,27,35,36
805,5,6,7,14,15,16,17,24,25,26,27,35,36
806,5,6,7,14,15,16,17,24,25,26,27,35,36
807,5,6,7,14,15,16,17,24,25,26,27,35,36
808,5,6,7,14,15,16,17,24,25,26,27,35,36
809,5,6,7,14,15,16,17,24,25,26,27,35,36
810,5,6,7,14,15,16,17,24,25,26,27,35,36
811,5,6,7,14,15,16,17,24,25,26,27,35,36
812,5,6,7,14,15,16,17,24,25,26,27,35,36
813,5,6,7,14,15,16,17,24,25,26,27,35,36
814,5,6,7,14,15,16,17,24,25,26,27,35,36
815,5,6,7,14,15,16,17,24,25,26,27,35,36
816,5,6,7,14,15,16,17,24,25,26,27,35,36
817,5,6,7,14,15,16,17,24,25,26,27,35,36
818,5,6,7,14,15,16,17,24,25,26,27,35,36
819,5,6,7,14,15,16,17,24,25,26,27,35,36
820,5,6,7,14,15,16,17,24,25,26,27,35,36
821,5,6,7,14,15,16,17,24,25,26,27,35,36
822,5,6,7,14,15,16,17,24,25,26,27,35,36
823,5,6,7,14,15,16,17,24,25,26,27,35,36
824,5,6,7,14,15,16,17,24,25,26,27,35,36
825,5,6,7,14,15,16,17,24,25,26,27,35,36
826,5,6,7,14,15,16,17,24,25,26,27,35,36
827,5,6,7,14,15,16,17,24,25,26,27,35,36
828,5,6,7,14,15,16,17,24,25,26,27,35,36
829,5,6,7,14,15,16,17,24,25,26,27,35,36
830,5,6,7,14,15,16,17,24,25,26,27,35,36
831,5,6,7,14,15,16,17,24,25,26,27,35,36
832,5,6,7,14,15,16,17,24,25,26,27,35,36
833,5,6,7,14,15,16,17,24,25,26,27,35,36
834,5,6,7,14,15,16,17,24,25,26,27,35,36
835,5,6,7,14,15,16,17,24,25,26,27,35,36
836,5,6,7,14,15,16,17,24,25,26,27,35,36
837,5,6,7,14,15,16,17,24,25,26,27,35,36
838,5,6,7,14,15,16,17,24,25,26,27,35,36
839,5,6,7,14,15,16,17,24,25,26,27,35,36
840,5,6,7,14,15,16,17,24,25,26,27,35,36
841,5,6,7,14,15,16,17,24,25,26,27,35,36
842,5,6,7,14,15,16,17,24,25,26,27,35,36
843,5,6,7,14,15,16,17,24,25,26,27,35,36
844,5,6,7,14,15,16,17,24,25,26,27,35,36
845,5,6,7,14,15,16,17,24,25,26,27,35,36
846,5,6,7,14,15,16,17,24,25,26,27,35,36
847,5,6,7,14,15,16,17,24,25,26,27,35,36
848,5,6,7,14,15,16,17,24,25,26,27,35,36
849,5,6,7,14,15,16,17,24,25,26,27,35,36
850,5,6,7,14,15,16,17,24,25,26,27,35,36
851,5,6,7,14,15,16,17,24,25,26,27,35,36
852,5,6,7,14,15,16,17,24,25,26,27,35,36
853,5,6,7,14,15,16,17,24,25,26,27,35,36
854,5,6,7,14,15,16,17,24,25,26,27,35,36
855,5,6,7,14,15,16,17,24,25,26,27,35,36
856,5,6,7,14,15,16,17,24,25,26,27,35,36
857,5,6,7,14,15,16,17,24,25,26,27,35,36
858,5,6,7,14,15,16,17,24,25,26,27,35,36
859,5,6,7,14,15,16,17,24,25,26,27,35,36
860,5,6,7,14,15,16,17,24,25,26,27,35,36
861,5,6,7,14,15,16,17,24,25,26,27,35,36
862,5,6,7,14,15,16,17,24,25,26,27,35,36
863,5,6,7,14,15,16,17,24,25,26,27,35,36
864,5,6,7,14,15,16,17,24,25,26,27,35,36
865,5,6,7,14,15,16,17,24,25,26,27,35,36
866,5,6,7,14,15,16,17,24,25,26,27,35,36
867,5,6,7,14,15,16,17,24,25,26,27,35,36
868,5,6,7,14,15,16,17,24,25,26,27,35,36
869,5,6,7,14,15,16,17,24,25,26,27,35,36
870,5,6,7,14,15,16,17,24,25,26,27,35,36
871,5,6,7,14,15,16,17,24,25,26,27,35,36
872,5,6,7,14,15,16,17,24,25,26,27,35,36
873,5,6,7,14,15,16,17,24,25,26,27,35,36
874,5,6,7,14,15,16,17,24,25,26,27,35,36
875,5,6,7,14,15,16,17,24,25,26,27,35,36
876,5,6,7,14,15,16,17,24,25,26,27,35,36
877,5,6,7,14,15,16,17,24,25,26,27,35,36
878,5,6,7,14,15,16,17,24,25,26,27,35,36
879,5,6,7,14,15,16,17,24,25,26,27,35,36
880,5,6,7,14,15,16,17,24,25,26,27,35,36
881,5,6,7,14,15,16,17,24,25,26,27,35,36
882,5,6,7,14,15,16,17,24,25,26,27,35,36
883,5,6,7,14,15,16,17,24,25,26,27,35,36
884,5,6,7,14,15,16,17,24,25,26,27,35,36
885,5,6,7,14,15,16,17,24,25,26,27,35,36
886,5,6,7,14,15,16,17,24,25,26,27,35,36
887,5,6,7,14,15,16,17,24,25,26,27,35,36
888,5,6,7,14,15,16,17,24,25,26,27,35,36
889,5,6,7,14,15,16,17,24,25,26,27,35,36
890,5,6,7,14,15,16,17,24,25,26,27,35,36
891,5,6,7,14,15,16,17,24,25,26,27,35,36
892,5,6,7,14,15,16,17,24,25,26,27,35,36
893,5,6,7,14,15,16,17,24,25,26,27,35,36
894,5,6,7,14,15,16,17,24,25,26,27,35,36
895,5,6,7,14,15,16,17,24,25,26,27,35,36
896,5,6,7,14,15,16,17,24,25,26,27,35,36
897,5,6,7,14,15,16,17,24,25,26,27,35,36
898,5,6,7,14,15,16,17,24,25,26,27,35,36
899,5,6,7,14,15,16,17,24,25,26,27,35,36
900,5,6,7,14,15,16,17,24,25,26,27,35,36
901,5,6,7,14,15,16,17,24,25,26,27,35,36
902,5,6,7,14,15,16,17,24,25,26,27,35,36
903,5,6,7,14,15,16,17,24,25,26,27,35,36
904,5,6,7,14,15,16,17,24,25,26,27,35,36
905,5,6,7,14,15,16,17,24,25,26,27,35,36
906,5,6,7,14,15,16,17,24,25,26,27,35,36
907,5,6,7,14,15,16,17,24,25,26,27,35,36
908,5,6,7,14,15,16,17,24,25,26,27,35,36
909,5,6,7,14,15,16,17,24,25,26,27,34,35,36
910,5,6,7,14,15,16,17,24,25,26,27,34,35,36
911,5,6,7,14,15,16,17,24,25,26,27,34,35,36
912,5,6,7,14,15,16,17,24,25,26,27,34,35,36
913,5,6,7,14,15,16,17,24,25,26,27,34,35,36
914,5,6,7,14,15,16,17,24,25,26,27,34,35,36
915,5,6,7,14,15,16,17,24,25,26,27,34,35,36
916,5,6,7,14,15,16,17,24,25,26,27,34,35,36
917,5,6,7,14,15,16,17,24,25,26,27,34,35,36
918,5,6,7,14,15,16,17,24,25,26,27,34,35,36
919,5,6,7,14,15,16,17,24,25,26,27,34,35,36
920,5,6,7,14,15,16,17,24,25,26,27,34,35,36
921,5,6,7,14,15,16,17,24,25,26,27,34,35,36
922,5,6,7,14,15,16,17,24,25,26,27,34,35,36
923,5,6,7,14,15,16,17,24,25,26,27,34,35,36
924,5,6,7,14,15,16,17,24,25,26,27,34,35,36
925,5,6,7,14,15,16,17,24,25,26,27,34,35,36
926,5,6,7,14,15,16,17,24,25,26,27,34,35,36
927,5,6,7,14,15,16,17,24,25,26,27,34,35,36
928,5,6,7,14,15,16,17,24,25,26,27,34,35,36
929,5,6,7,14,15,16,17,24,25,26,27,34,35,36
930,5,6,7,14,15,16,17,24,25,26,27,34,35,36
931,5,6,7,14,15,16,17,24,25,26,27,34,35,36
932,5,6,7,14,15,16,17,24,25,26,27,34,35,36
933,5,6,7,14,15,16,17,24,25,26,27,34,35,36
934,5,6,7,14,15,16,17,24,25,26,27,34,35,36
935,5,6,7,14,15,16,17,24,25,26,27,34,35,36
936,5,6,7,14,15,16,17,24,25,26,27,34,35,36
937,5,6,7,14,15,16,17,24,25,26,27,34,35,36
938,5,6,7,14,15,16,17,24,25,26,27,34,35,36
939,5,6,7,14,15,16,17,24,25,26,27,34,35,36
940,5,6,7,14,15,16,17,24,25,26,27,34,35,36
941,5,6,7,14,15,16,17,24,25,26,27,34,35,36
942,5,6,7,14,15,16,17,24,25,26,27,34,35,36
943,5,6,7,14,15,16,17,24,25,26,27,34,35,36
944,5,6,7,14,15,16,17,24,25,26,27,34,35,36
945,5,6,7,14,15,16,17,24,25,26,27,34,35,36
946,5,6,7,14,15,16,17,24,25,26,27,34,35,36
947,5,6,7,14,15,16,17,24,25,26,27,34,35,36
948,5,6,7,14,15,16,17,24,25,26,27,34,35,36
949,5,6,14,15,16,17,24,25,26,27,34,35,36
950,5,6,14,15,16,17,24,25,26,27,34,35,36
951,5,6,14,15,16,17,24,25,26,27,34,35,36
952,5,6,14,15,16,17,24,25,26,27,34,35,36
953,5,6,14,15,16,17,24,25,26,27,34,35,36
954,5,6,14,15,16,17,24,25,26,27,34,35,36
955,5,6,14,15,16,17,24,25,26,27,34,35,36
956,5,6,14,15,16,17,24,25,26,27,34,35,36
957,5,6,14,15,16,17,24,25,26,27,34,35,36
958,5,6,14,15,16,17,24,25,26,27,34,35,36
959,5,6,14,15,16,17,24,25,26,27,34,35,36
960,5,6,14,15,16,17,24,25,26,27,34,35,36
961,5,6,14,15,16,17,24,25,26,27,34,35,36
962,5,6,14,15,16,17,24,25,26,27,34,35,36
963,5,6,14,15,16,17,24,25,26,27,34,35,36
964,5,6,14,15,16,17,24,25,26,27,34,35,36
965,5,6,14,15,16,17,24,25,26,27,34,35,36
966,5,6,14,15,16,17,24,25,26,27,34,35,36
967,5,6,14,15,16,17,24,25,26,27,34,35,36
968,5,6,14,15,16,17,24,25,26,27,34,35,36
969,5,6,14,15,16,17,24,25,26,27,34,35,36
970,5,6,14,15,16,17,24,25,26,27,34,35,36
971,5,6,14,15,16,17,24,25,26,27,34,35,36
972,5,6,14,15,16,17,24,25,26,27,34,35,36
973,5,6,14,15,16,17,24,25,26,27,34,35,36,37
974,5,6,14,15,16,17,24,25,26,27,34,35,36,37
975,5,6,14,15,16,17,24,25,26,27,34,35,36,37
976,5,6,14,15,16,17,24,25,26,27,34,35,36,37
977,5,6,14,15,16,17,24,25,26,27,34,35,36,37
978,5,6,14,15,16,17,24,25,26,27,34,35,36,37
979,5,6,14,15,16,17,24,25,26,27,34,35,36,37
980,5,6,14,15,16,17,24,25,26,27,34,35,36,37
981,5,6,14,15,16,17,24,25,26,27,34,35,36,37
982,5,6,14,15,16,17,24,25,26,27,34,35,36,37
983,5,6,14,15,16,17,24,25,26,27,34,35,36,37
984,5,6,14,15,16,17,24,25,26,27,34,35,36,37
985,5,6,14,15,16,17,24,25,26,27,34,35,36,37
986,5,6,14,15,16,17,24,25,26,27,34,35,36,37
987,5,6,14,15,16,17,24,25,26,27,34,35,36,37
988,5,6,14,15,16,17,24,25,26,27,34,35,36,37
989,5,6,14,15,16,17,24,25,26,27,34,35,36,37
990,5,6,14,15,16,17,24,25,26,27,34,35,36,37
991,5,6,14,15,16,17,24,25,26,27,34,35,36,37
992,5,6,14,15,16,17,24,25,26,27,34,35,36,37
993,5,6,14,15,16,17,24,25,26,27,34,35,36,37
994,5,6,14,15,16,17,24,25,26,27,34,35,36,37
995,5,6,14,15,16,17,24,25,26,27,34,35,36,37
996,5,6,14,15,16,17,24,25,26,27,34,35,36,37
997,5,6,14,15,16,17,24,25,26,27,34,35,36
998,5,6,14,15,16,17,24,25,26,27,34,35,36
999,5,6,14,15,16,17,24,25,26,27,34,35,36
1000,5,6,14,15,16,17,24,25,26,27,34,35,36
1001,5,6,14,15,16,17,24,25,26,27,34,35,36
1002,5,6,14,15,16,17,24,25,26,27,34,35,36
1003,5,6,14,15,16,17,24,25,26,27,34,35,36
1004,5,6,14,15,16,17,24,25,26,27,34,35,36
1005,5,6,14,15,16,17,24,25,26,27,34,35,36
1006,5,6,14,15,16,17,24,25,26,27,34,35,36
1007,5,6,14,15,16,17,24,25,26,27,34,35,36
1008,5,6,14,15,16,17,24,25,26,27,34,35,36
1009,5,6,14,15,16,17,24,25,26,27,34,35,36
1010,5,6,14,15,16,17,24,25,26,27,34,35,36
1011,5,6,14,15,16,17,24,25,26,27,34,35,36
1012,5,6,14,15,16,17,24,25,26,27,34,35,36
1013,5,6,14,15,16,17,24,25,26,27,34,35,36
1014,5,6,14,15,16,17,24,25,26,27,34,35,36
1015,5,6,14,15,16,17,24,25,26,27,34,35,36
1016,5,6,14,15,16,17,24,25,26,27,34,35,36
1017,5,6,14,15,16,17,24,25,26,27,34,35,36
1018,5,6,14,15,16,17,24,25,26,27,34,35,36
1019,5,6,14,15,16,17,24,25,26,27,34,35,36
1020,5,6,14,15,16,17,24,25,26,27,34,35,36
1021,5,6,14,15,16,17,24,25,26,27,34,35,36
1022,5,6,14,15,16,17,24,25,26,27,34,35,36
1023,5,6,14,15,16,17,24,25,26,27,34,35,36
1024,5,6,14,15,16,17,24,25,26,27,34,35,36
1025,5,6,14,15,16,17,24,25,26,27,34,35,36
1026,5,6,14,15,16,17,24,25,26,27,34,35,36
1027,5,6,14,15,16,17,24,25,26,27,34,35,36
1028,5,6,14,15,16,17,24,25,26,27,34,35,36
1029,5,6,14,15,16,17,24,25,26,27,34,35,36
1030,5,6,14,15,16,17,24,25,26,27,34,35,36
1031,5,6,14,15,16,17,24,25,26,27,34,35,36
1032,5,6,14,15,16,17,24,25,26,27,34,35,36
1033,5,6,14,15,16,17,24,25,26,27,34,35,36
1034,5,6,14,15,16,17,24,25,26,27,34,35,36
1035,5,6,14,15,16,17,24,25,26,27,34,35,36
1036,5,6,14,15,16,17,24,25,26,27,34,35,36
1037,5,6,14,15,16,17,24,25,26,27,34,35,36
1038,5,6,14,15,16,17,24,25,26,27,34,35,36
1039,5,6,14,15,16,17,24,25,26,27,34,35,36
1040,5,6,14,15,16,17,24,25,26,27,34,35,36
1041,5,6,14,15,16,17,24,25,26,27,34,35,36
1042,5,6,14,15,16,17,24,25,26,27,34,35,36
1043,5,6,7,14,15,16,17,24,25,26,27,34,35,36
1044,5,6,7,14,15,16,17,24,25,26,27,34,35,36
1045,5,6,7,14,15,16,17,24,25,26,27,35,36
1046,5,6,7,14,15,16,17,24,25,26,27,35,36
1047,5,6,7,14,15,16,17,24,25,26,27,35,36
1048,5,6,7,14,15,16,17,24,25,26,27,35,36
1049,5,6,7,14,15,16,17,24,25,26,27,35,36
1050,5,6,7,14,15,16,17,24,25,26,27,35,36
1051,5,6,7,14,15,16,17,24,25,26,27,35,36
1052,5,6,7,14,15,16,17,24,25,26,27,35,36
1053,5,6,7,14,15,16,17,24,25,26,27,35,36
1054,5,6,7,14,15,16,17,24,25,26,27,35,36
1055,5,6,7,14,15,16,17,24,25,26,27,35,36
1056,5,6,7,14,15,16,17,24,25,26,27,35,36
1057,5,6,7,14,15,16,17,24,25,26,27,35,36
1058,5,6,7,14,15,16,17,24,25,26,27,35,36
1059,5,6,7,14,15,16,17,24,25,26,27,35,36
1060,5,6,7,14,15,16,17,24,25,26,27,35,36
1061,5,6,7,14,15,16,17,24,25,26,27,35,36
1062,5,6,7,14,15,16,17,24,25,26,27,35,36
1063,5,6,7,14,15,16,17,24,25,26,27,35,36
1064,5,6,7,14,15,16,17,24,25,26,27,35,36
1065,5,6,7,14,15,16,17,24,25,26,27,35,36
1066,5,6,7,14,15,16,17,24,25,26,27,35,36
1067,5,6,7,14,15,16,17,24,25,26,27,35,36
1068,5,6,7,14,15,16,17,24,25,26,27,35,36
1069,5,6,7,14,15,16,17,24,25,26,27,35,36
1070,5,6,7,14,15,16,17,24,25,26,27,35,36
1071,5,6,7,14,15,16,17,24,25,26,27,35,36
1072,5,6,7,14,15,16,17,24,25,26,27,35,36
1073,5,6,7,14,15,16,17,24,25,26,27,35,36
1074,5,6,7,14,15,16,17,24,25,26,27,35,36
1075,5,6,7,14,15,16,17,24,25,26,27,35,36
1076,5,6,7,14,15,16,17,24,25,26,27,35,36
1077,5,6,7,14,15,16,17,24,25,26,27,35,36
1078,5,6,7,14,15,16,17,24,25,26,27,35,36
1079,5,6,7,14,15,16,17,24,25,26,27,35,36
1080,5,6,7,14,15,16,17,24,25,26,27,35,36
1081,5,6,7,14,15,16,17,24,25,26,27,35,36
1082,5,6,7,14,15,16,17,24,25,26,27,35,36
1083,5,6,7,14,15,16,17,24,25,26,27,35,36
1084,5,6,7,14,15,16,17,24,25,26,27,35,36
1085,5,6,7,14,15,16,17,24,25,26,27,35,36
1086,5,6,7,14,15,16,17,24,25,26,27,35,36
1087,5,6,7,14,15,16,17,24,25,26,27,35,36
1088,5,6,7,14,15,16,17,24,25,26,27,35,36
1089,5,6,7,14,15,16,17,24,25,26,27,35,36
1090,5,6,7,14,15,16,17,24,25,26,27,35,36
1091,5,6,7,14,15,16,17,24,25,26,27,35,36
1092,5,6,7,14,15,16,17,24,25,26,27,35,36
1093,5,6,7,14,15,16,17,24,25,26,27,35,36
1094,5,6,7,14,15,16,17,24,25,26,27,35,36
1095,5,6,7,14,15,16,17,24,25,26,27,35,36
1096,5,6,7,14,15,16,17,24,25,26,27,35,36
1097,5,6,7,14,15,16,17,24,25,26,27,35,36
1098,5,6,7,14,15,16,17,24,25,26,27,35,36
1099,5,6,7,14,15,16,17,24,25,26,27,35,36
1100,5,6,7,14,15,16,17,24,25,26,27,35,36
1101,5,6,7,14,15,16,17,24,25,26,27,35,36
1102,5,6,7,14,15,16,17,24,25,26,27,35,36
1103,5,6,7,14,15,16,17,24,25,26,27,35,36
1104,5,6,7,14,15,16,17,24,25,26,27,35,36
1105,5,6,7,14,15,16,17,24,25,26,27,35,36
1106,5,6,7,14,15,16,17,24,25,26,27,35,36
1107,5,6,7,14,15,16,17,24,25,26,27,35,36
1108,5,6,7,14,15,16,17,24,25,26,27,35,36
1109,5,6,7,14,15,16,17,24,25,26,27,35,36
1110,5,6,7,14,15,16,17,24,25,26,27,35,36
1111,5,6,7,14,15,16,17,24,25,26,27,35,36
1112,5,6,7,14,15,16,17,24,25,26,27,35,36
1113,5,6,7,14,15,16,17,24,25,26,27,35,36
1114,5,6,7,14,15,16,17,24,25,26,27,35,36
1115,5,6,7,14,15,16,17,24,25,26,27,35,36
1116,5,6,7,14,15,16,17,24,25,26,27,35,36
1117,5,6,7,14,15,16,17,24,25,26,27,35,36
1118,5,6,7,14,15,16,17,24,25,26,27,35,36
1119,5,6,7,14,15,16,17,24,25,26,27,35,36
1120,5,6,7,14,15,16,17,24,25,26,27,35,36
1121,5,6,7,14,15,16,17,24,25,26,27,35,36
1122,5,6,7,14,15,16,17,24,25,26,27,35,36
1123,5,6,7,14,15,16,17,24,25,26,27,35,36
1124,5,6,7,14,15,16,17,24,25,26,27,35,36
1125,5,6,7,14,15,16,17,24,25,26,27,35,36
1126,5,6,7,14,15,16,17,24,25,26,27,35,36
1127,5,6,7,14,15,16,17,24,25,26,27,35,36
1128,5,6,7,14,15,16,17,24,25,26,27,35,36
1129,5,6,7,14,15,16,17,24,25,26,27,35,36
1130,5,6,7,14,15,16,17,24,25,26,27,35,36
1131,5,6,7,14,15,16,17,24,25,26,27,35,36
1132,5,6,7,14,15,16,17,24,25,26,27,35,36
1133,5,6,7,14,15,16,17,24,25,26,27,35,36
1134,5,6,7,14,15,16,17,24,25,26,27,35,36
1135,5,6,7,14,15,16,17,24,25,26,27,35,36
1136,5,6,7,14,15,16,17,24,25,26,27,35,36
1137,5,6,7,14,15,16,17,24,25,26,27,35,36
1138,5,6,7,14,15,16,17,24,25,26,27,35,36
1139,5,6,7,14,15,16,17,24,25,26,27,35,36
1140,5,6,7,14,15,16,17,24,25,26,27,35,36
1141,5,6,7,14,15,16,17,24,25,26,27,35,36
1142,5,6,7,14,15,16,17,24,25,26,27,35,36
1143,5,6,7,14,15,16,17,24,25,26,27,35,36,37
1144,5,6,7,14,15,16,17,24,25,26,27,35,36,37
1145,5,6,7,14,15,16,17,24,25,26,27,35,36,37
1146,5,6,7,14,15,16,17,24,25,26,27,35,36,37
1147,5,6,7,14,15,16,17,24,25,26,27,35,36,37
1148,5,6,7,14,15,16,17,24,25,26,27,35,36,37
1149,5,6,7,14,15,16,17,24,25,26,27,35,36,37
1150,5,6,7,14,15,16,17,24,25,26,27,35,36,37
1151,5,6,7,14,15,16,17,24,25,26,27,35,36,37
1152,5,6,7,14,15,16,17,24,25,26,27,35,36,37
1153,5,6,7,14,15,16,17,24,25,26,27,35,36,37
1154,5,6,7,14,15,16,17,24,25,26,27,35,36,37
1155,5,6,7,14,15,16,17,24,25,26,27,35,36,37
1156,5,6,7,14,15,16,17,24,25,26,27,35,36,37
1157,5,6,7,14,15,16,17,24,25,26,27,35,36,37
1158,5,6,7,14,15,16,17,24,25,26,27,35,36,37
1159,5,6,7,14,15,16,17,24,25,26,27,35,36,37
1160,5,6,7,14,15,16,17,24,25,26,27,35,36,37
1161,5,6,7,14,15,16,17,24,25,26,27,35,36,37
1162,5,6,7,14,15,16,17,24,25,26,27,35,36,37
1163,5,6,7,14,15,16,17,24,25,26,27,35,36,37
1164,5,6,7,14,15,16,17,24,25,26,27,35,36,37
1165,5,6,7,14,15,16,17,24,25,26,27,35,36,37
1166,5,6,7,14,15,16,17,24,25,26,27,35,36,37
1167,5,6,7,14,15,16,17,24,25,26,27,35,36,37
1168,5,6,7,14,15,16,17,24,25,26,27,35,36,37
1169,5,6,7,14,15,16,17,24,25,26,27,35,36,37
1170,5,6,7,14,15,16,17,24,25,26,27,35,36,37
1171,5,6,7,14,15,16,17,24,25,26,27,35,36,37
1172,5,6,7,14,15,16,17,24,25,26,27,35,36,37
1173,5,6,7,14,15,16,17,24,25,26,27,35,36,37
1174,5,6,7,14,15,16,17,24,25,26,27,35,36,37
1175,5,6,7,14,15,16,17,24,25,26,27,35,36,37
1176,5,6,7,14,15,16,17,24,25,26,27,35,36,37
1177,5,6,7,14,15,16,17,24,25,26,27,35,36,37
1178,5,6,7,14,15,16,17,24,25,26,27,35,36,37
1179,5,6,7,14,15,16,17,24,25,26,27,35,36,37
1180,5,6,7,14,15,16,17,24,25,26,27,35,36,37
1181,5,6,7,14,15,16,17,24,25,26,27,35,36,37
1182,5,6,7,14,15,16,17,24,25,26,27,35,36,37
1183,5,6,7,14,15,16,17,24,25,26,27,35,36,37
1184,5,6,7,14,15,16,17,24,25,26,27,35,36,37
1185,5,6,7,14,15,16,17,24,25,26,27,35,36,37
1186,5,6,7,14,15,16,17,24,25,26,27,35,36,37
1187,5,6,7,14,15,16,17,24,25,26,27,35,36,37
1188,5,6,7,14,15,16,17,24,25,26,27,35,36,37
1189,5,6,7,14,15,16,17,24,25,26,27,35,36,37
1190,5,6,7,14,15,16,17,24,25,26,27,35,36,37
1191,5,6,7,14,15,16,17,24,25,26,27,35,36,37
1192,5,6,7,14,15,16,17,24,25,26,27,35,36,37
1193,5,6,7,14,15,16,17,24,25,26,27,35,36,37
1194,5,6,7,14,15,16,17,24,25,26,27,35,36,37
1195,5,6,7,14,15,16,17,24,25,26,27,35,36,37
1196,5,6,7,14,15,16,17,24,25,26,27,35,36,37
1197,5,6,7,14,15,16,17,24,25,26,27,35,36,37
1198,5,6,7,14,15,16,17,24,25,26,27,35,36,37
1199,5,6,7,14,15,16,17,24,25,26,27,35,36,37
1200,5,6,7,14,15,16,17,24,25,26,27,35,36,37
1201,5,6,7,14,15,16,17,24,25,26,27,35,36,37
1202,5,6,7,14,15,16,17,24,25,26,27,35,36,37
1203,5,6,7,14,15,16,17,24,25,26,27,35,36,37
1204,5,6,7,14,15,16,17,24,25,26,27,35,36,37
1205,5,6,7,14,15,16,17,24,25,26,27,35,36,37
1206,5,6,7,14,15,16,17,24,25,26,27,35,36,37
1207,5,6,7,14,15,16,17,24,25,26,27,35,36,37
1208,5,6,7,14,15,16,17,24,25,26,27,35,36,37
1209,5,6,7,14,15,16,17,24,25,26,27,35,36,37
1210,5,6,7,14,15,16,17,24,25,26,27,35,36,37
1211,5,6,7,14,15,16,17,24,25,26,27,35,36,37
1212,5,6,7,14,15,16,17,24,25,26,27,35,36,37
1213,5,6,7,14,15,16,17,24,25,26,27,35,36,37
1214,5,6,7,14,15,16,17,24,25,26,27,35,36,37
1215,5,6,7,14,15,16,17,24,25,26,27,35,36,37
1216,5,6,7,14,15,16,17,24,25,26,27,35,36,37
1217,5,6,7,14,15,16,17,24,25,26,27,35,36,37
1218,5,6,7,14,15,16,17,24,25,26,27,35,36,37
1219,5,6,7,14,15,16,17,24,25,26,27,35,36,37
1220,5,6,7,14,15,16,17,24,25,26,27,35,36,37
1221,5,6,7,14,15,16,17,24,25,26,27,35,36,37
1222,5,6,7,14,15,16,17,24,25,26,27,35,36,37
1223,5,6,7,14,15,16,17,24,25,26,27,35,36,37
1224,5,6,7,14,15,16,17,24,25,26,27,35,36,37
1225,5,6,7,14,15,16,17,24,25,26,27,35,36,37
1226,5,6,7,14,15,16,17,24,25,26,27,35,36,37
1227,5,6,7,14,15,16,17,24,25,26,27,35,36,37
1228,5,6,7,14,15,16,17,24,25,26,27,35,36,37
1229,5,6,7,14,15,16,17,24,25,26,27,35,36,37
1230,5,6,7,14,15,16,17,24,25,26,27,35,36,37
1231,5,6,7,14,15,16,17,24,25,26,27,35,36,37
1232,5,6,7,14,15,16,17,24,25,26,27,35,36,37
1233,5,6,7,14,15,16,17,24,25,26,27,35,36,37
1234,5,6,7,14,15,16,17,24,25,26,27,35,36,37
1235,5,6,7,14,15,16,17,24,25,26,27,35,36,37
1236,5,6,7,14,15,16,17,24,25,26,27,35,36,37
1237,5,6,7,14,15,16,17,24,25,26,27,35,36,37
1238,5,6,7,14,15,16,17,24,25,26,27,35,36,37
1239,5,6,7,14,15,16,17,24,25,26,27,35,36,37
1240,5,6,7,14,15,16,17,24,25,26,27,35,36,37
1241,5,6,7,14,15,16,17,24,25,26,27,35,36
1242,5,6,7,14,15,16,17,24,25,26,27,35,36
1243,5,6,7,14,15,16,17,24,25,26,27,35,36
1244,5,6,7,14,15,16,17,24,25,26,27,35,36
1245,5,6,7,14,15,16,17,24,25,26,27,35,36
1246,5,6,7,14,15,16,17,24,25,26,27,35,36
1247,5,6,7,14,15,16,17,24,25,26,27,35,36
1248,5,6,7,14,15,16,17,24,25,26,27,35,36
1249,5,6,7,14,15,16,17,24,25,26,27,35,36
1250,5,6,7,14,15,16,17,24,25,26,27,35,36
1251,4,5,6,7,14,15,16,17,24,25,26,27,35,36
1252,4,5,6,7,14,15,16,17,24,25,26,27,35,36
1253,4,5,6,7,14,15,16,17,24,25,26,27,35,36
1254,4,5,6,7,14,15,16,17,24,25,26,27,35,36
1255,4,5,6,7,14,15,16,17,24,25,26,27,35,36
1256,4,5,6,7,14,15,16,17,24,25,26,27,35,36
1257,4,5,6,7,14,15,16,17,24,25,26,27,35,36
1258,4,5,6,7,14,15,16,17,24,25,26,27,35,36
1259,4,5,6,7,14,15,16,17,24,25,26,27,35,36
1260,4,5,6,7,14,15,16,17,24,25,26,27,35,36
1261,4,5,6,7,14,15,16,17,24,25,26,27,35,36
1262,4,5,6,7,14,15,16,17,24,25,26,27,35,36
1263,4,5,6,7,14,15,16,17,24,25,26,27,35,36
1264,4,5,6,7,14,15,16,17,24,25,26,27,35,36
1265,5,6,7,14,15,16,17,24,25,26,27,35,36
1266,5,6,7,14,15,16,17,24,25,26,27,35,36
1267,5,6,7,14,15,16,17,24,25,26,27,35,36
1268,5,6,7,14,15,16,17,24,25,26,27,35,36
1269,5,6,7,14,15,16,17,24,25,26,27,35,36
1270,5,6,7,14,15,16,17,24,25,26,27,35,36
1271,5,6,7,14,15,16,17,24,25,26,27,35,36
1272,5,6,7,14,15,16,17,24,25,26,27,35,36
1273,5,6,7,14,15,16,17,24,25,26,27,35,36
1274,5,6,7,14,15,16,17,24,25,26,27,35,36
1275,5,6,7,14,15,16,17,24,25,26,27,35,36
1276,5,6,7,14,15,16,17,24,25,26,27,35,36
1277,5,6,7,14,15,16,17,24,25,26,27,35,36
1278,5,6,7,14,15,16,17,24,25,26,27,35,36
1279,5,6,7,14,15,16,17,24,25,26,27,35,36
1280,5,6,7,14,15,16,17,24,25,26,27,35,36
1281,5,6,7,14,15,16,17,24,25,26,27,35,36
1282,5,6,7,14,15,16,17,24,25,26,27,35,36
1283,5,6,7,14,15,16,17,24,25,26,27,35,36
1284,5,6,7,14,15,16,17,24,25,26,27,35,36
1285,5,6,7,14,15,16,17,24,25,26,27,35,36
1286,5,6,7,14,15,16,17,24,25,26,27,35,36
1287,5,6,7,14,15,16,17,24,25,26,27,35,36
1288,5,6,7,14,15,16,17,24,25,26,27,35,36
1289,5,6,7,14,15,16,17,24,25,26,27,35,36
1290,5,6,7,14,15,16,17,24,25,26,27,35,36
1291,5,6,7,14,15,16,17,24,25,26,27,35,36
1292,5,6,7,14,15,16,17,24,25,26,27,35,36
1293,5,6,7,14,15,16,17,24,25,26,27,35,36,37
1294,5,6,7,14,15,16,17,24,25,26,27,35,36,37
1295,5,6,7,14,15,16,17,24,25,26,27,35,36,37
1296,5,6,7,14,15,16,17,24,25,26,27,35,36,37
1297,5,6,7,14,15,16,17,24,25,26,27,35,36,37
1298,5,6,7,14,15,16,17,24,25,26,27,35,36,37
1299,5,6,7,14,15,16,17,24,25,26,27,35,36,37
1300,5,6,7,14,15,16,17,24,25,26,27,35,36,37
1301,5,6,7,14,15,16,17,24,25,26,27,35,36,37
1302,5,6,7,14,15,16,17,24,25,26,27,35,36,37
1303,5,6,7,14,15,16,17,24,25,26,27,35,36,37
1304,5,6,7,14,15,16,17,24,25,26,27,35,36,37
1305,5,6,7,14,15,16,17,24,25,26,27,35,36,37
1306,5,6,7,14,15,16,17,24,25,26,27,35,36,37
1307,5,6,7,14,15,16,17,24,25,26,27,35,36,37
1308,5,6,7,14,15,16,17,24,25,26,27,35,36,37
1309,5,6,7,14,15,16,17,24,25,26,27,35,36,37
1310,5,6,7,14,15,16,17,24,25,26,27,35,36,37
1311,5,6,7,14,15,16,17,24,25,26,27,35,36,37
1312,5,6,7,14,15,16,17,24,25,26,27,35,36,37
1313,5,6,7,14,15,16,17,24,25,26,27,35,36,37
1314,5,6,7,14,15,16,17,24,25,26,27,35,36,37
1315,5,6,7,14,15,16,17,24,25,26,27,35,36,37
1316,5,6,7,14,15,16,17,24,25,26,27,35,36,37
1317,5,6,7,14,15,16,17,24,25,26,27,35,36,37
1318,5,6,7,14,15,16,17,24,25,26,27,35,36,37
1319,5,6,7,14,15,16,17,24,25,26,27,35,36
1320,5,6,7,14,15,16,17,24,25,26,27,35,36
1321,5,6,7,14,15,16,17,24,25,26,27,35,36
1322,5,6,7,14,15,16,17,24,25,26,27,35,36
1323,5,6,7,14,15,16,17,24,25,26,27,35,36
1324,5,6,7,14,15,16,17,24,25,26,27,35,36
1325,5,6,7,14,15,16,17,24,25,26,27,35,36
1326,5,6,7,14,15,16,17,24,25,26,27,35,36
1327,5,6,7,14,15,16,17,24,25,26,27,35,36
1328,5,6,7,14,15,16,17,24,25,26,27,35,36
1329,5,6,7,14,15,16,17,24,25,26,27,35,36
1330,5,6,7,14,15,16,17,24,25,26,27,35,36
1331,5,6,7,14,15,16,17,24,25,26,27,35,36
1332,5,6,7,14,15,16,17,24,25,26,27,35,36
1333,5,6,7,14,15,16,17,24,25,26,27,35,36
1334,5,6,7,14,15,16,17,24,25,26,27,35,36
1335,4,5,6,7,14,15,16,17,24,25,26,27,35,36
1336,4,5,6,7,14,15,16,17,24,25,26,27,35,36
1337,4,5,6,7,14,15,16,17,24,25,26,27,35,36
1338,4,5,6,7,14,15,16,17,24,25,26,27,35,36
1339,4,5,6,7,14,15,16,17,24,25,26,27,35,36
1340,4,5,6,7,14,15,16,17,24,25,26,27,35,36
1341,4,5,6,7,14,15,16,17,24,25,26,27,35,36
1342,4,5,6,7,14,15,16,17,24,25,26,27,35,36
1343,4,5,6,7,14,15,16,17,24,25,26,27,35,36
1344,4,5,6,7,14,15,16,17,24,25,26,27,35,36
1345,4,5,6,7,14,15,16,17,24,25,26,27,35,36
1346,4,5,6,7,14,15,16,17,24,25,26,27,35,36
1347,4,5,6,7,14,15,16,17,24,25,26,27,35,36
1348,4,5,6,7,14,15,16,17,24,25,26,27,35,36
1349,4,5,6,7,14,15,16,17,24,25,26,27,35,36
1350,4,5,6,7,14,15,16,17,24,25,26,27,35,36
1351,4,5,6,7,14,15,16,17,24,25,26,27,35,36
1352,4,5,6,7,14,15,16,17,24,25,26,27,35,36
1353,4,5,6,7,14,15,16,17,24,25,26,27,35,36
1354,4,5,6,7,14,15,16,17,24,25,26,27,35,36
1355,4,5,6,7,14,15,16,17,24,25,26,27,35,36
1356,4,5,6,7,14,15,16,17,24,25,26,27,35,36
1357,4,5,6,7,14,15,16,17,24,25,26,27,35,36
1358,4,5,6,7,14,15,16,17,24,25,26,27,35,36
1359,4,5,6,7,14,15,16,17,24,25,26,27,35,36
1360,4,5,6,7,14,15,16,17,24,25,26,27,35,36
1361,4,5,6,7,14,15,16,17,24,25,26,27,35,36
1362,4,5,6,7,14,15,16,17,24,25,26,27,35,36
1363,4,5,6,7,14,15,16,17,24,25,26,27,35,36
1364,4,5,6,7,14,15,16,17,24,25,26,27,35,36
1365,4,5,6,7,14,15,16,17,24,25,26,27,35,36
1366,4,5,6,7,14,15,16,17,24,25,26,27,35,36
1367,4,5,6,7,14,15,16,17,24,25,26,27,35,36
1368,4,5,6,7,14,15,16,17,24,25,26,27,35,36
1369,4,5,6,7,14,15,16,17,24,25,26,27,35,36
1370,4,5,6,7,14,15,16,17,24,25,26,27,35,36
1371,4,5,6,7,14,15,16,17,24,25,26,27,35,36
1372,4,5,6,7,14,15,16,17,24,25,26,27,35,36
1373,4,5,6,7,14,15,16,17,24,25,26,27,35,36
1374,4,5,6,7,14,15,16,17,24,25,26,27,35,36
1375,4,5,6,7,14,15,16,17,24,25,26,27,35,36
1376,4,5,6,7,14,15,16,17,24,25,26,27,35,36
1377,4,5,6,7,14,15,16,17,24,25,26,27,35,36
1378,4,5,6,7,14,15,16,17,24,25,26,27,35,36
1379,4,5,6,7,14,15,16,17,24,25,26,27,35,36
1380,4,5,6,7,14,15,16,17,24,25,26,27,35,36
1381,4,5,6,7,14,15,16,17,24,25,26,27,35,36
1382,4,5,6,7,14,15,16,17,24,25,26,27,35,36
1383,4,5,6,7,14,15,16,17,24,25,26,27,35,36
1384,4,5,6,7,14,15,16,17,24,25,26,27,35,36
1385,4,5,6,7,14,15,16,17,24,25,26,27,35,36
1386,4,5,6,7,14,15,16,17,24,25,26,27,35,36
1387,4,5,6,7,14,15,16,17,24,25,26,27,35,36
1388,4,5,6,7,14,15,16,17,24,25,26,27,35,36
1389,4,5,6,7,14,15,16,17,24,25,26,27,35,36
1390,4,5,6,7,14,15,16,17,24,25,26,27,35,36
1391,4,5,6,7,14,15,16,17,24,25,26,27,35,36
1392,4,5,6,7,14,15,16,17,24,25,26,27,35,36
1393,4,5,6,7,14,15,16,17,24,25,26,27,35,36
1394,4,5,6,7,14,15,16,17,24,25,26,27,35,36
1395,4,5,6,7,14,15,16,17,24,25,26,27,35,36
1396,4,5,6,7,14,15,16,17,24,25,26,27,35,36
1397,4,5,6,7,14,15,16,17,24,25,26,27,35,36
1398,4,5,6,7,14,15,16,17,24,25,26,27,35,36
1399,4,5,6,7,14,15,16,17,24,25,26,27,35,36
1400,4,5,6,7,14,15,16,17,24,25,26,27,35,36
1401,4,5,6,7,14,15,16,17,24,25,26,27,35,36
1402,4,5,6,7,14,15,16,17,24,25,26,27,35,36
1403,4,5,6,7,14,15,16,17,24,25,26,27,35,36
1404,4,5,6,7,14,15,16,17,24,25,26,27,35,36
1405,4,5,6,7,14,15,16,17,24,25,26,27,35,36
1406,4,5,6,7,14,15,16,17,24,25,26,27,35,36
1407,4,5,6,7,14,15,16,17,24,25,26,27,35,36
1408,4,5,6,7,14,15,16,17,24,25,26,27,35,36
1409,4,5,6,7,14,15,16,17,24,25,26,27,35,36
1410,4,5,6,7,14,15,16,17,24,25,26,27,35,36
1411,4,5,6,7,14,15,16,17,24,25,26,27,35,36
1412,4,5,6,7,14,15,16,17,24,25,26,27,35,36
1413,4,5,6,7,14,15,16,17,24,25,26,27,35,36
1414,4,5,6,7,14,15,16,17,24,25,26,27,35,36
1415,4,5,6,7,14,15,16,17,24,25,26,27,35,36
1416,4,5,6,7,14,15,16,17,24,25,26,27,35,36
1417,4,5,6,7,14,15,16,17,24,25,26,27,35,36
1418,4,5,6,7,14,15,16,17,24,25,26,27,35,36
1419,4,5,6,7,14,15,16,17,24,25,26,27,35,36
1420,4,5,6,7,14,15,16,17,24,25,26,27,35,36
1421,4,5,6,7,14,15,16,17,24,25,26,27,35,36
1422,4,5,6,7,14,15,16,17,24,25,26,27,35,36
1423,4,5,6,7,14,15,16,17,24,25,26,27,35,36
1424,4,5,6,7,14,15,16,17,24,25,26,27,35,36
1425,4,5,6,7,14,15,16,17,24,25,26,27,35,36
1426,4,5,6,7,14,15,16,17,24,25,26,27,35,36
1427,4,5,6,7,14,15,16,17,24,25,26,27,35,36
1428,4,5,6,7,14,15,16,17,24,25,26,27,35,36
1429,4,5,6,7,14,15,16,17,24,25,26,27,35,36
1430,4,5,6,7,14,15,16,17,24,25,26,27,35,36
1431,4,5,6,7,14,15,16,17,24,25,26,27,35,36
1432,4,5,6,7,14,15,16,17,24,25,26,27,35,36
1433,4,5,6,7,14,15,16,17,24,25,26,27,35,36
1434,4,5,6,7,14,15,16,17,24,25,26,27,35,36
1435,4,5,6,7,14,15,16,17,24,25,26,27,35,36
1436,4,5,6,7,14,15,16,17,24,25,26,27,35,36
1437,4,5,6,7,14,15,16,17,24,25,26,27,35,36
1438,4,5,6,7,14,15,16,17,24,25,26,27,35,36
1439,4,5,6,7,14,15,16,17,24,25,26,27,35,36
1440,4,5,6,7,14,15,16,17,24,25,26,27,35,36
1441,4,5,6,7,14,15,16,17,24,25,26,27,35,36
1442,4,5,6,7,14,15,16,17,24,25,26,27,35,36
1443,4,5,6,7,14,15,16,17,24,25,26,27,35,36
1444,4,5,6,7,14,15,16,17,24,25,26,27,35,36
1445,4,5,6,7,14,15,16,17,24,25,26,27,35,36
1446,4,5,6,7,14,15,16,17,24,25,26,27,35,36
1447,4,5,6,7,14,15,16,17,24,25,26,27,35,36
1448,4,5,6,7,14,15,16,17,24,25,26,27,35,36
1449,4,5,6,7,14,15,16,17,24,25,26,27,35,36
1450,4,5,6,7,14,15,16,17,24,25,26,27,35,36
1451,4,5,6,7,14,15,16,17,24,25,26,27,35,36
1452,4,5,6,7,14,15,16,17,24,25,26,27,35,36
1453,4,5,6,7,14,15,16,17,24,25,26,27,35,36
1454,4,5,6,7,14,15,16,17,24,25,26,27,35,36
1455,4,5,6,7,14,15,16,17,24,25,26,27,35,36
1456,4,5,6,7,14,15,16,17,24,25,26,27,35,36
1457,4,5,6,7,14,15,16,17,24,25,26,27,35,36
1458,4,5,6,7,14,15,16,17,24,25,26,27,35,36
1459,4,5,6,7,14,15,16,17,24,25,26,27,35,36
1460,4,5,6,7,14,15,16,17,24,25,26,27,35,36
1461,4,5,6,7,14,15,16,17,24,25,26,27,35,36
1462,4,5,6,7,14,15,16,17,24,25,26,27,35,36
1463,4,5,6,7,14,15,16,17,24,25,26,27,35,36
1464,4,5,6,7,14,15,16,17,24,25,26,27,35,36
1465,4,5,6,7,14,15,16,17,24,25,26,27,35,36
1466,4,5,6,7,14,15,16,17,24,25,26,27,35,36
1467,4,5,6,7,14,15,16,17,24,25,26,27,35,36
1468,4,5,6,7,14,15,16,17,24,25,26,27,35,36
1469,4,5,6,7,14,15,16,17,24,25,26,27,35,36
1470,4,5,6,7,14,15,16,17,24,25,26,27,35,36
1471,4,5,6,7,14,15,16,17,24,25,26,27,35,36
1472,4,5,6,7,14,15,16,17,24,25,26,27,35,36
1473,4,5,6,7,14,15,16,17,24,25,26,27,35,36
1474,4,5,6,7,14,15,16,17,24,25,26,27,35,36
1475,4,5,6,7,14,15,16,17,24,25,26,27,35,36
1476,4,5,6,7,14,15,16,17,24,25,26,27,35,36
1477,4,5,6,7,14,15,16,17,24,25,26,27,35,36
1478,4,5,6,7,14,15,16,17,24,25,26,27,35,36
1479,4,5,6,7,14,15,16,17,24,25,26,27,35,36
1480,4,5,6,7,14,15,16,17,24,25,26,27,35,36
1481,4,5,6,7,14,15,16,17,24,25,26,27,35,36
1482,4,5,6,7,14,15,16,17,24,25,26,27,35,36
1483,5,6,7,14,15,16,17,24,25,26,27,35,36
1484,5,6,7,14,15,16,17,24,25,26,27,35,36
1485,5,6,7,14,15,16,17,24,25,26,27,35,36
1486,5,6,7,14,15,16,17,24,25,26,27,35,36
1487,5,6,7,14,15,16,17,24,25,26,27,34,35,36
1488,5,6,7,14,15,16,17,24,25,26,27,34,35,36
1489,5,6,7,14,15,16,17,24,25,26,27,34,35,36
1490,5,6,7,14,15,16,17,24,25,26,27,34,35,36
1491,5,6,14,15,16,17,24,25,26,27,34,35,36
1492,5,6,14,15,16,17,24,25,26,27,34,35,36
1493,5,6,14,15,16,17,24,25,26,27,34,35,36,37
1494,5,6,14,15,16,17,24,25,26,27,34,35,36,37
1495,5,6,7,14,15,16,17,24,25,26,27,35,36,37
1496,5,6,7,14,15,16,17,24,25,26,27,35,36,37
1497,5,6,7,14,15,16,17,24,25,26,27,35,36,37
1498,5,6,7,14,15,16,17,24,25,26,27,35,36,37
1499,5,6,7,14,15,16,17,24,25,26,27,35,36,37
1500,5,6,7,14,15,16,17,24,25,26,27,35,36,37
1501,5,6,7,14,15,16,17,24,25,26,27,35,36,37
1502,5,6,7,14,15,16,17,24,25,26,27,35,36,37
1503,5,6,7,14,15,16,17,24,25,26,27,35,36,37
1504,5,6,7,14,15,16,17,24,25,26,27,35,36,37
1505,5,6,7,14,15,16,17,24,25,26,27,35,36,37
1506,5,6,7,14,15,16,17,24,25,26,27,35,36,37
1507,5,6,7,14,15,16,17,24,25,26,27,35,36,37
1508,5,6,7,14,15,16,17,24,25,26,27,35,36,37
1509,5,6,7,14,15,16,17,24,25,26,27,35,36,37
1510,5,6,7,14,15,16,17,24,25,26,27,35,36,37
1511,5,6,7,14,15,16,17,24,25,26,27,35,36,37
1512,5,6,7,14,15,16,17,24,25,26,27,35,36,37
1513,5,6,7,14,15,16,17,24,25,26,27,35,36,37
1514,5,6,7,14,15,16,17,24,25,26,27,35,36,37
1515,5,6,7,14,15,16,17,24,25,26,27,35,36,37
1516,5,6,7,14,15,16,17,24,25,26,27,35,36,37
1517,5,6,7,14,15,16,17,24,25,26,27,35,36,37
1518,5,6,7,14,15,16,17,24,25,26,27,35,36,37
1519,5,6,7,14,15,16,17,24,25,26,27,35,36,37
1520,5,6,7,14,15,16,17,24,25,26,27,35,36,37
1521,5,6,7,14,15,16,17,24,25,26,27,35,36,37
1522,5,6,7,14,15,16,17,24,25,26,27,35,36,37
1523,5,6,7,14,15,16,17,24,25,26,27,35,36,37
1524,5,6,7,14,15,16,17,24,25,26,27,35,36,37
1525,5,6,7,14,15,16,17,24,25,26,27,35,36
1526,5,6,7,14,15,16,17,24,25,26,27,35,36
1527,5,6,7,14,15,16,17,24,25,26,27,35,36
1528,5,6,7,14,15,16,17,24,25,26,27,35,36
1529,5,6,7,14,15,16,17,24,25,26,27,35,36
1530,5,6,7,14,15,16,17,24,25,26,27,35,36
1531,5,6,7,14,15,16,17,24,25,26,27,35,36
1532,5,6,7,14,15,16,17,24,25,26,27,35,36
1533,5,6,7,14,15,16,17,24,25,26,27,35,36
1534,5,6,7,14,15,16,17,24,25,26,27,35,36
1535,5,6,7,14,15,16,17,24,25,26,27,35,36
1536,5,6,7,14,15,16,17,24,25,26,27,35,36
1537,5,6,7,14,15,16,17,24,25,26,27,35,36
1538,5,6,7,14,15,16,17,24,25,26,27,35,36
1539,5,6,7,14,15,16,17,24,25,26,27,35,36
1540,5,6,7,14,15,16,17,24,25,26,27,35,36
1541,4,5,6,7,14,15,16,17,24,25,26,27,35,36
1542,4,5,6,7,14,15,16,17,24,25,26,27,35,36
1543,4,5,6,7,14,15,16,17,24,25,26,27,35,36
1544,4,5,6,7,14,15,16,17,24,25,26,27,35,36
1545,4,5,6,7,14,15,16,17,24,25,26,27,35,36
1546,4,5,6,7,14,15,16,17,24,25,26,27,35,36
1547,4,5,6,7,14,15,16,17,24,25,26,27,35,36
1548,4,5,6,7,14,15,16,17,24,25,26,27,35,36
1549,4,5,6,7,14,15,16,17,24,25,26,27,35,36
1550,4,5,6,7,14,15,16,17,24,25,26,27,35,36
1551,4,5,6,7,14,15,16,17,24,25,26,27,35,36
1552,4,5,6,7,14,15,16,17,24,25,26,27,35,36
1553,4,5,6,7,14,15,16,17,24,25,26,27,35,36
1554,4,5,6,7,14,15,16,17,24,25,26,27,35,36
1555,4,5,6,7,14,15,16,17,24,25,26,27,35,36
1556,4,5,6,7,14,15,16,17,24,25,26,27,35,36
1557,4,5,6,7,14,15,16,17,24,25,26,27,35,36
1558,4,5,6,7,14,15,16,17,24,25,26,27,35,36
1559,4,5,6,7,14,15,16,17,24,25,26,27,35,36
1560,4,5,6,7,14,15,16,17,24,25,26,27,35,36
1561,4,5,6,7,14,15,16,17,24,25,26,27,35,36
1562,4,5,6,7,14,15,16,17,24,25,26,27,35,36
1563,4,5,6,7,14,15,16,17,24,25,26,27,35,36
1564,4,5,6,7,14,15,16,17,24,25,26,27,35,36
1565,4,5,6,7,14,15,16,17,24,25,26,27,35,36
1566,4,5,6,7,14,15,16,17,24,25,26,27,35,36
1567,4,5,6,7,14,15,16,17,24,25,26,27,35,36
1568,4,5,6,7,14,15,16,17,24,25,26,27,35,36
1569,4,5,6,7,14,15,16,17,24,25,26,27,35,36
1570,4,5,6,7,14,15,16,17,24,25,26,27,35,36
1571,4,5,6,7,14,15,16,17,24,25,26,27,35,36
1572,4,5,6,7,14,15,16,17,24,25,26,27,35,36
1573,4,5,6,7,14,15,16,17,24,25,26,27,35,36
1574,4,5,6,7,14,15,16,17,24,25,26,27,35,36
1575,4,5,6,7,14,15,16,17,24,25,26,27,35,36
1576,4,5,6,7,14,15,16,17,24,25,26,27,35,36
1577,4,5,6,7,14,15,16,17,24,25,26,27,35,36
1578,4,5,6,7,14,15,16,17,24,25,26,27,35,36
1579,4,5,6,7,14,15,16,17,24,25,26,27,35,36
1580,4,5,6,7,14,15,16,17,24,25,26,27,35,36
1581,4,5,6,7,14,15,16,17,24,25,26,27,35,36
1582,4,5,6,7,14,15,16,17,24,25,26,27,35,36
1583,4,5,6,7,14,15,16,17,24,25,26,27,35,36
1584,4,5,6,7,14,15,16,17,24,25,26,27,35,36
1585,4,5,6,7,14,15,16,17,24,25,26,27,35,36
1586,4,5,6,7,14,15,16,17,24,25,26,27,35,36
1587,4,5,6,7,14,15,16,17,24,25,26,27,35,36
1588,4,5,6,7,14,15,16,17,24,25,26,27,35,36
1589,4,5,6,7,14,15,16,17,24,25,26,27,35,36
1590,4,5,6,7,14,15,16,17,24,25,26,27,35,36
1591,4,5,6,7,14,15,16,17,24,25,26,27,35,36
1592,4,5,6,7,14,15,16,17,24,25,26,27,35,36
1593,4,5,6,7,14,15,16,17,24,25,26,27,35,36
1594,4,5,6,7,14,15,16,17,24,25,26,27,35,36
1595,4,5,6,7,14,15,16,17,24,25,26,27,35,36
1596,4,5,6,7,14,15,16,17,24,25,26,27,35,36
1597,4,5,6,7,14,15,16,17,24,25,26,27,35,36
1598,4,5,6,7,14,15,16,17,24,25,26,27,35,36
1599,4,5,6,7,14,15,16,17,24,25,26,27,35,36
1600,4,5,6,7,14,15,16,17,24,25,26,27,35,36
1601,4,5,6,7,14,15,16,17,24,25,26,27,35,36
1602,4,5,6,7,14,15,16,17,24,25,26,27,35,36
1603,4,5,6,7,14,15,16,17,24,25,26,27,35,36
1604,4,5,6,7,14,15,16,17,24,25,26,27,35,36
1605,4,5,6,7,14,15,16,17,24,25,26,27,35,36
1606,4,5,6,7,14,15,16,17,24,25,26,27,35,36
1607,4,5,6,7,14,15,16,17,24,25,26,27,35,36
1608,4,5,6,7,14,15,16,17,24,25,26,27,35,36
1609,4,5,6,7,14,15,16,17,24,25,26,27,35,36
1610,4,5,6,7,14,15,16,17,24,25,26,27,35,36
1611,4,5,6,7,14,15,16,17,24,25,26,27,35,36
1612,4,5,6,7,14,15,16,17,24,25,26,27,35,36
1613,4,5,6,7,14,15,16,17,24,25,26,27,35,36
1614,4,5,6,7,14,15,16,17,24,25,26,27,35,36
1615,4,5,6,7,14,15,16,17,24,25,26,27,35,36
1616,4,5,6,7,14,15,16,17,24,25,26,27,35,36
1617,4,5,6,7,14,15,16,17,24,25,26,27,35,36
1618,4,5,6,7,14,15,16,17,24,25,26,27,35,36
1619,4,5,6,7,14,15,16,17,24,25,26,27,35,36
1620,4,5,6,7,14,15,16,17,24,25,26,27,35,36
1621,4,5,6,7,14,15,16,17,24,25,26,27,35,36
1622,4,5,6,7,14,15,16,17,24,25,26,27,35,36
1623,4,5,6,7,14,15,16,17,24,25,26,27,35,36
1624,4,5,6,7,14,15,16,17,24,25,26,27,35,36
1625,4,5,6,7,14,15,16,17,24,25,26,27,35,36
1626,4,5,6,7,14,15,16,17,24,25,26,27,35,36
1627,4,5,6,7,14,15,16,17,24,25,26,27,35,36,37
1628,4,5,6,7,14,15,16,17,24,25,26,27,35,36,37
1629,5,6,7,14,15,16,17,24,25,26,27,35,36,37
1630,5,6,7,14,15,16,17,24,25,26,27,35,36,37
1631,5,6,7,14,15,16,17,24,25,26,27,35,36,37
1632,5,6,7,14,15,16,17,24,25,26,27,35,36,37
1633,5,6,7,14,15,16,17,24,25,26,27,35,36,37
1634,5,6,7,14,15,16,17,24,25,26,27,35,36,37
1635,5,6,7,14,15,16,17,24,25,26,27,35,36,37
1636,5,6,7,14,15,16,17,24,25,26,27,35,36,37
1637,5,6,7,14,15,16,17,24,25,26,27,35,36,37
1638,5,6,7,14,15,16,17,24,25,26,27,35,36,37
1639,5,6,7,14,15,16,17,24,25,26,27,35,36
1640,5,6,7,14,15,16,17,24,25,26,27,35,36
1641,5,6,14,15,16,17,24,25,26,27,34,35,36
1642,5,6,14,15,16,17,24,25,26,27,34,35,36
1643,5,6,14,15,16,17,24,25,26,27,34,35,36
1644,5,6,14,15,16,17,24,25,26,27,34,35,36
1645,5,6,14,15,16,17,24,25,26,27,34,35,36
1646,5,6,14,15,16,17,24,25,26,27,34,35,36
1647,5,6,14,15,16,17,24,25,26,27,34,35,36
1648,5,6,14,15,16,17,24,25,26,27,34,35,36
1649,5,6,14,15,16,17,24,25,26,27,34,35,36
1650,5,6,14,15,16,17,24,25,26,27,34,35,36
1651,5,6,14,15,16,17,24,25,26,27,34,35,36
1652,5,6,14,15,16,17,24,25,26,27,34,35,36
1653,5,6,14,15,16,17,24,25,26,27,34,35,36
1654,5,6,14,15,16,17,24,25,26,27,34,35,36
1655,5,6,14,15,16,17,24,25,26,27,34,35,36
1656,5,6,14,15,16,17,24,25,26,27,34,35,36
1657,5,6,14,15,16,17,24,25,26,27,34,35,36
1658,5,6,14,15,16,17,24,25,26,27,34,35,36
1659,5,6,14,15,16,17,24,25,26,27,34,35,36
1660,5,6,14,15,16,17,24,25,26,27,34,35,36
1661,5,6,14,15,16,17,24,25,26,27,34,35,36,37
1662,5,6,14,15,16,17,24,25,26,27,34,35,36,37
1663,5,6,14,15,16,17,24,25,26,27,34,35,36,37
1664,5,6,14,15,16,17,24,25,26,27,34,35,36,37
1665,5,6,14,15,16,17,24,25,26,27,34,35,36,37
1666,5,6,14,15,16,17,24,25,26,27,34,35,36,37
1667,5,6,14,15,16,17,24,25,26,27,34,35,36,37
1668,5,6,14,15,16,17,24,25,26,27,34,35,36,37
1669,5,6,14,15,16,17,24,25,26,27,34,35,36,37
1670,5,6,14,15,16,17,24,25,26,27,34,35,36,37
1671,5,6,14,15,16,17,24,25,26,27,34,35,36,37
1672,5,6,14,15,16,17,24,25,26,27,34,35,36,37
1673,5,6,14,15,16,17,24,25,26,27,34,35,36,37
1674,5,6,14,15,16,17,24,25,26,27,34,35,36,37
1675,5,6,14,15,16,17,24,25,26,27,34,35,36,37
1676,5,6,14,15,16,17,24,25,26,27,34,35,36,37
1677,5,6,14,15,16,17,24,25,26,27,34,35,36,37
1678,5,6,14,15,16,17,24,25,26,27,34,35,36,37
1679,5,6,14,15,16,17,24,25,26,27,34,35,36,37
1680,5,6,14,15,16,17,24,25,26,27,34,35,36,37
1681,5,6,14,15,16,17,24,25,26,27,34,35,36,37
1682,5,6,14,15,16,17,24,25,26,27,34,35,36,37
1683,5,6,14,15,16,17,24,25,26,27,34,35,36,37
1684,5,6,14,15,16,17,24,25,26,27,34,35,36,37
1685,5,6,14,15,16,17,24,25,26,27,34,35,36,37
1686,5,6,14,15,16,17,24,25,26,27,34,35,36,37
1687,6,14,15,16,17,24,25,26,27,34,35,36,37
1688,6,14,15,16,17,24,25,26,27,34,35,36,37
1689,6,14,15,16,17,24,25,26,27,34,35,36,37
1690,6,14,15,16,17,24,25,26,27,34,35,36,37
1691,6,14,15,16,17,24,25,26,27,34,35,36,37
1692,6,14,15,16,17,24,25,26,27,34,35,36,37
1693,14,15,16,17,24,25,26,27,34,35,36,37
1694,14,15,16,17,24,25,26,27,34,35,36,37
1695,14,15,16,17,24,25,26,27,34,35,36,37
1696,14,15,16,17,24,25,26,27,34,35,36,37
1697,14,15,16,17,24,25,26,27,34,35,36,37
1698,14,15,16,17,24,25,26,27,34,35,36,37
1699,14,15,16,17,24,25,26,27,34,35,36,37
1700,14,15,16,17,24,25,26,27,34,35,36,37
1701,14,15,16,17,24,25,26,27,34,35,36,37
1702,14,15,16,17,24,25,26,27,34,35,36,37
1703,14,15,16,17,24,25,26,27,34,35,36,37
1704,14,15,16,17,24,25,26,27,34,35,36,37
1705,14,15,16,17,24,25,26,27,34,35,36,37
1706,14,15,16,17,24,25,26,27,34,35,36,37
1707,14,15,16,17,24,25,26,27,34,35,36,37
1708,14,15,16,17,24,25,26,27,34,35,36,37
1709,14,15,16,17,24,25,26,27,34,35,36,37
1710,14,15,16,17,24,25,26,27,34,35,36,37
1711,14,15,16,17,24,25,26,27,34,35,36,37
1712,14,15,16,17,24,25,26,27,34,35,36,37
1713,14,15,16,17,24,25,26,27,34,35,36,37
1714,14,15,16,17,24,25,26,27,34,35,36,37
1715,14,15,16,17,24,25,26,27,34,35,36,37
1716,14,15,16,17,24,25,26,27,34,35,36,37
1717,14,15,16,17,24,25,26,27,34,35,36,37
1718,14,15,16,17,24,25,26,27,34,35,36,37
1719,14,15,16,17,24,25,26,27,34,35,36,37
1720,14,15,16,17,24,25,26,27,34,35,36,37
1721,14,15,16,17,24,25,26,27,34,35,36,37
1722,14,15,16,17,24,25,26,27,34,35,36,37
1723,14,15,16,17,24,25,26,27,34,35,36,37
1724,14,15,16,17,24,25,26,27,34,35,36,37
1725,14,15,16,17,24,25,26,27,34,35,36,37
1726,14,15,16,17,24,25,26,27,34,35,36,37
1727,14,15,16,17,24,25,26,27,34,35,36,37
1728,14,15,16,17,24,25,26,27,34,35,36,37
1729,14,15,16,17,24,25,26,27,34,35,36,37
1730,14,15,16,17,24,25,26,27,34,35,36,37
1731,14,15,16,17,24,25,26,27,34,35,36,37
1732,14,15,16,17,24,25,26,27,34,35,36,37
1733,14,15,16,17,24,25,26,27,34,35,36,37
1734,14,15,16,17,24,25,26,27,34,35,36,37
1735,14,15,16,17,24,25,26,27,34,35,36,37
1736,14,15,16,17,24,25,26,27,34,35,36,37
1737,14,15,16,17,24,25,26,27,34,35,36,37
1738,14,15,16,17,24,25,26,27,34,35,36,37
1739,14,15,16,17,24,25,26,27,34,35,36,37
1740,14,15,16,17,24,25,26,27,34,35,36,37
1741,14,15,16,17,24,25,26,27,34,35,36,37
1742,14,15,16,17,24,25,26,27,34,35,36,37
1743,14,15,16,17,24,25,26,27,34,35,36,37
1744,14,15,16,17,24,25,26,27,34,35,36,37
1745,6,14,15,16,17,24,25,26,27,34,35,36,37
1746,6,14,15,16,17,24,25,26,27,34,35,36,37
1747,6,14,15,16,17,24,25,26,27,34,35,36,37
1748,6,14,15,16,17,24,25,26,27,34,35,36,37
1749,5,6,14,15,16,17,24,25,26,27,34,35,36,37
1750,5,6,14,15,16,17,24,25,26,27,34,35,36,37
1751,5,6,14,15,16,17,24,25,26,27,34,35,36,37
1752,5,6,14,15,16,17,24,25,26,27,34,35,36,37
1753,5,6,14,15,16,17,24,25,26,27,34,35,36,37
1754,5,6,14,15,16,17,24,25,26,27,34,35,36,37
1755,5,6,14,15,16,17,24,25,26,27,34,35,36,37
1756,5,6,14,15,16,17,24,25,26,27,34,35,36,37
1757,5,6,14,15,16,17,24,25,26,27,34,35,36,37
1758,5,6,14,15,16,17,24,25,26,27,34,35,36,37
1759,5,6,14,15,16,17,24,25,26,27,34,35,36,37
1760,5,6,14,15,16,17,24,25,26,27,34,35,36,37
1761,5,6,14,15,16,17,24,25,26,27,34,35,36,37
1762,5,6,14,15,16,17,24,25,26,27,34,35,36,37
1763,5,6,14,15,16,17,24,25,26,27,34,35,36,37
1764,5,6,14,15,16,17,24,25,26,27,34,35,36,37
1765,5,6,14,15,16,17,24,25,26,27,34,35,36,37
1766,5,6,14,15,16,17,24,25,26,27,34,35,36,37
1767,5,6,14,15,16,17,24,25,26,27,34,35,36,37
1768,5,6,14,15,16,17,24,25,26,27,34,35,36,37
1769,5,6,14,15,16,17,24,25,26,27,34,35,36,37
1770,5,6,14,15,16,17,24,25,26,27,34,35,36,37
1771,5,6,14,15,16,17,24,25,26,27,34,35,36,37
1772,5,6,14,15,16,17,24,25,26,27,34,35,36,37
1773,5,6,14,15,16,17,24,25,26,27,34,35,36,37
1774,5,6,14,15,16,17,24,25,26,27,34,35,36,37
1775,5,6,14,15,16,17,24,25,26,27,34,35,36,37
1776,5,6,14,15,16,17,24,25,26,27,34,35,36,37
1777,5,6,14,15,16,17,24,25,26,27,34,35,36,37
1778,5,6,14,15,16,17,24,25,26,27,34,35,36,37
1779,5,6,14,15,16,17,24,25,26,27,34,35,36,37
1780,5,6,14,15,16,17,24,25,26,27,34,35,36,37
1781,5,6,14,15,16,17,24,25,26,27,34,35,36,37
1782,5,6,14,15,16,17,24,25,26,27,34,35,36,37
1783,5,6,14,15,16,17,24,25,26,27,34,35,36,37
1784,5,6,14,15,16,17,24,25,26,27,34,35,36,37
1785,5,6,14,15,16,17,24,25,26,27,34,35,36
1786,5,6,14,15,16,17,24,25,26,27,34,35,36
1787,5,6,14,15,16,17,24,25,26,27,34,35,36
1788,5,6,14,15,16,17,24,25,26,27,34,35,36
1789,5,6,14,15,16,17,24,25,26,27,34,35,36
1790,5,6,14,15,16,17,24,25,26,27,34,35,36
1791,5,6,14,15,16,17,24,25,26,27,34,35,36
1792,5,6,14,15,16,17,24,25,26,27,34,35,36
1793,5,6,14,15,16,17,24,25,26,27,34,35,36
1794,5,6,14,15,16,17,24,25,26,27,34,35,36
1795,5,6,14,15,16,17,24,25,26,27,34,35,36
1796,5,6,14,15,16,17,24,25,26,27,34,35,36
1797,5,6,14,15,16,17,24,25,26,27,34,35,36
1798,5,6,14,15,16,17,24,25,26,27,34,35,36
1799,5,6,14,15,16,17,24,25,26,27,34,35,36
1800,5,6,14,15,16,17,24,25,26,27,34,35,36
