1,5,6,14,15,16,17,24,25,26,27,34,35,36,37
2,5,6,14,15,16,17,24,25,26,27,34,35,36,37
3,5,6,14,15,16,17,24,25,26,27,34,35,36,37
4,5,6,14,15,16,17,24,25,26,27,34,35,36,37
5,5,6,14,15,16,17,24,25,26,27,34,35,36,37
6,5,6,14,15,16,17,24,25,26,27,34,35,36,37
7,6,14,15,16,17,24,25,26,27,34,35,36,37
8,6,14,15,16,17,24,25,26,27,34,35,36,37
9,14,15,16,17,24,25,26,27,34,35,36,37
10,14,15,16,17,24,25,26,27,34,35,36,37
11,14,15,16,17,24,25,26,27,34,35,36,37
12,14,15,16,17,24,25,26,27,34,35,36,37
13,14,15,16,17,24,25,26,27,34,35,36,37,45,46
14,14,15,16,17,24,25,26,27,34,35,36,37,45,46
15,14,15,16,17,24,25,26,27,34,35,36,37,45,46
16,14,15,16,17,24,25,26,27,34,35,36,37,45,46
17,15,16,17,24,25,26,27,34,35,36,37,45,46
18,15,16,17,24,25,26,27,34,35,36,37,45,46
19,15,16,17,24,25,26,27,34,35,36,37,45,46
20,15,16,17,24,25,26,27,34,35,36,37,45,46
21,15,16,17,24,25,26,27,34,35,36,37,45,46
22,15,16,17,24,25,26,27,34,35,36,37,45,46
23,14,15,16,17,24,25,26,27,34,35,36,37,45,46
24,14,15,16,17,24,25,26,27,34,35,36,37,45,46
25,14,15,16,17,24,25,26,27,34,35,36,37,45,46
26,14,15,16,17,24,25,26,27,34,35,36,37,45,46
27,15,16,17,24,25,26,27,34,35,36,37,45,46
28,15,16,17,24,25,26,27,34,35,36,37,45,46
29,15,16,17,24,25,26,27,34,35,36,37,45,46
30,15,16,17,24,25,26,27,34,35,36,37,45,46
31,15,16,17,24,25,26,27,34,35,36,37,45,46
32,15,16,17,24,25,26,27,34,35,36,37,45,46
33,15,16,17,24,25,26,27,34,35,36,37,45,46,47
34,15,16,17,24,25,26,27,34,35,36,37,45,46,47
35,15,16,17,24,25,26,27,34,35,36,37,45,46,47
36,15,16,17,24,25,26,27,34,35,36,37,45,46,47
37,15,16,17,24,25,26,27,34,35,36,37,45,46,47
38,15,16,17,24,25,26,27,34,35,36,37,45,46,47
39,15,16,17,24,25,26,27,34,35,36,37,45,46,47
40,15,16,17,24,25,26,27,34,35,36,37,45,46,47
41,15,16,17,24,25,26,27,34,35,36,37,45,46,47
42,15,16,17,24,25,26,27,34,35,36,37,45,46,47
43,15,16,17,24,25,26,27,34,35,36,37,45,46,47
44,15,16,17,24,25,26,27,34,35,36,37,45,46,47
45,15,16,17,24,25,26,27,34,35,36,37,45,46
46,15,16,17,24,25,26,27,34,35,36,37,45,46
47,15,16,17,25,26,27,35,36,37,46
48,15,16,17,25,26,27,35,36,37,46
49,15,16,17,25,26,27,35,36,37,46
50,15,16,17,25,26,27,35,36,37,46
51,15,16,17,25,26,27,35,36,37,46
52,15,16,17,25,26,27,35,36,37,46
53,15,16,17,25,26,27,35,36,37,46
54,15,16,17,25,26,27,35,36,37,46
55,15,16,17,25,26,27,35,36,37,46
56,15,16,17,25,26,27,35,36,37,46
57,15,16,17,25,26,27,35,36,37,46
58,15,16,17,25,26,27,35,36,37,46
59,15,16,17,25,26,27,35,36,37,46,47
60,15,16,17,25,26,27,35,36,37,46,47
61,15,16,17,25,26,27,28,35,36,37,38,46,47
62,15,16,17,25,26,27,28,35,36,37,38,46,47
63,15,16,17,18,25,26,27,28,35,36,37,38,46,47
64,15,16,17,18,25,26,27,28,35,36,37,38,46,47
65,16,17,18,25,26,27,28,36,37,38,47
66,16,17,18,25,26,27,28,36,37,38,47
67,16,17,18,26,27,28,36,37,38,47
68,16,17,18,26,27,28,36,37,38,47
69,16,17,18,26,27,28,29,36,37,38,47,48
70,16,17,18,26,27,28,29,36,37,38,47,48
71,16,17,18,26,27,28,29,36,37,38,39,47,48
72,16,17,18,26,27,28,29,36,37,38,39,47,48
73,16,17,18,26,27,28,29,36,37,38,39,47,48
74,16,17,18,26,27,28,29,36,37,38,39,47,48
75,16,17,18,26,27,28,29,36,37,38,39,47,48
76,16,17,18,26,27,28,29,36,37,38,39,47,48
77,16,17,18,26,27,28,29,36,37,38,39,47,48
78,16,17,18,26,27,28,29,36,37,38,39,47,48
79,16,17,18,26,27,28,29,36,37,38,47,48
80,16,17,18,26,27,28,29,36,37,38,47,48
81,16,17,18,26,27,28,36,37,38,47,48
82,16,17,18,26,27,28,36,37,38,47,48
83,16,17,18,26,27,28,36,37,38,47,48
84,16,17,18,26,27,28,36,37,38,47,48
85,16,17,18,26,27,28,36,37,38,46,47
86,16,17,18,26,27,28,36,37,38,46,47
87,16,17,18,26,27,28,36,37,38,46,47
88,16,17,18,26,27,28,36,37,38,46,47
89,16,17,18,25,26,27,28,35,36,37,38,46,47
90,16,17,18,25,26,27,28,35,36,37,38,46,47
91,15,16,17,18,25,26,27,28,35,36,37,38,46,47
92,15,16,17,18,25,26,27,28,35,36,37,38,46,47
93,15,16,17,25,26,27,28,35,36,37,38,45,46,47
94,15,16,17,25,26,27,28,35,36,37,38,45,46,47
95,16,17,24,25,26,27,34,35,36,37,45,46,47
96,16,17,24,25,26,27,34,35,36,37,45,46,47
97,15,16,24,25,26,27,34,35,36,37,44,45,46,47
98,15,16,24,25,26,27,34,35,36,37,44,45,46,47
99,15,16,24,25,26,27,34,35,36,37,44,45,46,47
100,15,16,24,25,26,27,34,35,36,37,44,45,46,47
101,15,16,24,25,26,27,34,35,36,37,44,45,46,47
102,15,16,24,25,26,27,34,35,36,37,44,45,46,47
103,15,16,24,25,26,27,34,35,36,37,44,45,46,47
104,15,16,24,25,26,27,34,35,36,37,44,45,46,47
105,15,16,24,25,26,27,34,35,36,37,44,45,46,47
106,15,16,24,25,26,27,34,35,36,37,44,45,46,47
107,15,16,24,25,26,27,34,35,36,37,44,45,46,47
108,15,16,24,25,26,27,34,35,36,37,44,45,46,47
109,15,16,24,25,26,27,34,35,36,37,44,45,46,47
110,15,16,24,25,26,27,34,35,36,37,44,45,46,47
111,15,16,24,25,26,27,34,35,36,37,44,45,46,47
112,15,16,24,25,26,27,34,35,36,37,44,45,46,47
113,15,16,24,25,26,27,34,35,36,37,44,45,46,47
114,15,16,24,25,26,27,34,35,36,37,44,45,46,47
115,15,16,24,25,26,27,34,35,36,37,44,45,46,47
116,15,16,24,25,26,27,34,35,36,37,44,45,46,47
117,15,16,24,25,26,27,34,35,36,37,44,45,46,47
118,15,16,24,25,26,27,34,35,36,37,44,45,46,47
119,15,16,24,25,26,27,34,35,36,37,44,45,46,47
120,15,16,24,25,26,27,34,35,36,37,44,45,46,47
121,15,16,24,25,26,27,34,35,36,37,44,45,46,47
122,15,16,24,25,26,27,34,35,36,37,44,45,46,47
123,15,16,24,25,26,27,34,35,36,37,44,45,46,47
124,15,16,24,25,26,27,34,35,36,37,44,45,46,47
125,15,16,24,25,26,27,34,35,36,37,44,45,46,47
126,15,16,24,25,26,27,34,35,36,37,44,45,46,47
127,15,16,24,25,26,27,34,35,36,37,44,45,46,47
128,15,16,24,25,26,27,34,35,36,37,44,45,46,47
129,15,16,24,25,26,27,34,35,36,37,44,45,46,47
130,15,16,24,25,26,27,34,35,36,37,44,45,46,47
131,15,16,24,25,26,27,34,35,36,37,44,45,46,47
132,15,16,24,25,26,27,34,35,36,37,44,45,46,47
133,15,16,24,25,26,27,34,35,36,37,44,45,46,47
134,15,16,24,25,26,27,34,35,36,37,44,45,46,47
135,15,16,24,25,26,27,34,35,36,37,44,45,46,47
136,15,16,24,25,26,27,34,35,36,37,44,45,46,47
137,15,16,24,25,26,27,34,35,36,37,44,45,46,47
138,15,16,24,25,26,27,34,35,36,37,44,45,46,47
139,15,16,24,25,26,27,34,35,36,37,44,45,46,47
140,15,16,24,25,26,27,34,35,36,37,44,45,46,47
141,15,16,24,25,26,27,34,35,36,37,44,45,46,47
142,15,16,24,25,26,27,34,35,36,37,44,45,46,47
143,15,16,24,25,26,27,34,35,36,37,44,45,46,47
144,15,16,24,25,26,27,34,35,36,37,44,45,46,47
145,15,16,24,25,26,27,34,35,36,37,44,45,46,47
146,15,16,24,25,26,27,34,35,36,37,44,45,46,47
147,15,16,24,25,26,27,34,35,36,37,44,45,46,47
148,15,16,24,25,26,27,34,35,36,37,44,45,46,47
149,15,16,24,25,26,27,34,35,36,37,44,45,46,47
150,15,16,24,25,26,27,34,35,36,37,44,45,46,47
151,16,24,25,26,27,34,35,36,37,44,45,46,47
152,16,24,25,26,27,34,35,36,37,44,45,46,47
153,16,24,25,26,27,34,35,36,37,44,45,46,47
154,16,24,25,26,27,34,35,36,37,44,45,46,47
155,24,25,26,27,33,34,35,36,37,41,42,43,44,45,46,47,48,49,50
156,24,25,26,27,33,34,35,36,37,41,42,43,44,45,46,47,48,49,50
157,24,25,26,27,33,34,35,36,37,41,42,43,44,45,46,47,48,49,50
158,24,25,26,27,33,34,35,36,37,41,42,43,44,45,46,47,48,49,50
159,24,25,26,33,34,35,36,37,41,42,43,44,45,46,47,48,49,50
160,24,25,26,33,34,35,36,37,41,42,43,44,45,46,47,48,49,50
161,23,24,25,26,33,34,35,36,37,41,42,43,44,45,46,47,48,49,50
162,23,24,25,26,33,34,35,36,37,41,42,43,44,45,46,47,48,49,50
163,23,24,25,26,32,33,34,35,36,41,42,43,44,45,46,47,48,49,50
164,23,24,25,26,32,33,34,35,36,41,42,43,44,45,46,47,48,49,50
165,22,23,24,25,32,33,34,35,36,42,43,44,45,46
166,22,23,24,25,32,33,34,35,36,42,43,44,45,46
167,14,22,23,24,25,32,33,34,35,42,43,44,45
168,14,22,23,24,25,32,33,34,35,42,43,44,45
169,13,14,22,23,24,25,32,33,34,35,42,43,44,45
170,13,14,22,23,24,25,32,33,34,35,42,43,44,45
171,13,14,22,23,24,25,32,33,34,35,42,43,44,45
172,13,14,22,23,24,25,32,33,34,35,42,43,44,45
173,13,14,22,23,24,25,32,33,34,35,42,43,44,45
174,13,14,22,23,24,25,32,33,34,35,42,43,44,45
175,13,14,22,23,24,25,32,33,34,35,42,43,44,45
176,13,14,22,23,24,25,32,33,34,35,42,43,44,45
177,13,14,22,23,24,25,32,33,34,35,42,43,44,45
178,13,14,22,23,24,25,32,33,34,35,42,43,44,45
179,13,14,22,23,24,25,32,33,34,35,42,43,44,45
180,13,14,22,23,24,25,32,33,34,35,42,43,44,45
181,13,14,22,23,24,25,32,33,34,35,42,43,44,45
182,13,14,22,23,24,25,32,33,34,35,42,43,44,45
183,13,14,22,23,24,25,32,33,34,35,42,43,44,45
184,13,14,22,23,24,25,32,33,34,35,42,43,44,45
185,13,14,22,23,24,25,32,33,34,35,42,43,44,45
186,13,14,22,23,24,25,32,33,34,35,42,43,44,45
187,13,14,22,23,24,25,32,33,34,35,42,43,44,45
188,13,14,22,23,24,25,32,33,34,35,42,43,44,45
189,13,14,22,23,24,25,32,33,34,35,42,43,44
190,13,14,22,23,24,25,32,33,34,35,42,43,44
191,13,14,22,23,24,25,32,33,34,35,42,43,44
192,13,14,22,23,24,25,32,33,34,35,42,43,44
193,13,14,22,23,24,25,32,33,34,35,42,43,44
194,13,14,22,23,24,25,32,33,34,35,42,43,44
195,13,14,22,23,24,25,32,33,34,35,42,43,44
196,13,14,22,23,24,25,32,33,34,35,42,43,44
197,13,14,22,23,24,25,32,33,34,35,42,43,44
198,13,14,22,23,24,25,32,33,34,35,42,43,44
199,13,14,22,23,24,25,32,33,34,35,42,43,44
200,13,14,22,23,24,25,32,33,34,35,42,43,44
201,13,14,22,23,24,25,32,33,34,35,42,43,44
202,13,14,22,23,24,25,32,33,34,35,42,43,44
203,13,14,22,23,24,25,32,33,34,35,42,43,44
204,13,14,22,23,24,25,32,33,34,35,42,43,44
205,13,14,22,23,24,25,32,33,34,35,42,43,44
206,13,14,22,23,24,25,32,33,34,35,42,43,44
207,13,14,22,23,24,25,32,33,34,35,42,43,44
208,13,14,22,23,24,25,32,33,34,35,42,43,44
209,13,14,22,23,24,32,33,34,35,42,43,44
210,13,14,22,23,24,32,33,34,35,42,43,44
211,13,14,22,23,24,32,33,34,35,42,43,44
212,13,14,22,23,24,32,33,34,35,42,43,44
213,13,14,22,23,24,32,33,34,35,42,43,44
214,13,14,22,23,24,32,33,34,35,42,43,44
215,13,14,22,23,24,32,33,34,42,43,44
216,13,14,22,23,24,32,33,34,42,43,44
217,13,14,22,23,24,31,32,33,34,42,43,44
218,13,14,22,23,24,31,32,33,34,42,43,44
219,13,14,22,23,24,31,32,33,34,42,43,44
220,13,14,22,23,24,31,32,33,34,42,43,44
221,13,14,22,23,24,32,33,34,35,42,43,44
222,13,14,22,23,24,32,33,34,35,42,43,44
223,13,14,22,23,24,32,33,34,35,42,43,44
224,13,14,22,23,24,32,33,34,35,42,43,44
225,13,14,22,23,24,25,32,33,34,35,42,43,44
226,13,14,22,23,24,25,32,33,34,35,42,43,44
227,13,14,22,23,24,25,32,33,34,35,42,43,44
228,13,14,22,23,24,25,32,33,34,35,42,43,44
229,13,14,22,23,24,25,32,33,34,35,42,43,44
230,13,14,22,23,24,25,32,33,34,35,42,43,44
231,13,14,22,23,24,25,32,33,34,35,42,43,44,45
232,13,14,22,23,24,25,32,33,34,35,42,43,44,45
233,13,14,22,23,24,25,32,33,34,35,42,43,44,45
234,13,14,22,23,24,25,32,33,34,35,42,43,44,45
235,13,14,22,23,24,25,32,33,34,35,42,43,44,45
236,13,14,22,23,24,25,32,33,34,35,42,43,44,45
237,14,22,23,24,25,32,33,34,35,42,43,44,45
238,14,22,23,24,25,32,33,34,35,42,43,44,45
239,14,22,23,24,25,32,33,34,35,42,43,44,45
240,14,22,23,24,25,32,33,34,35,42,43,44,45
241,22,23,24,25,32,33,34,35,42,43,44,45
242,22,23,24,25,32,33,34,35,42,43,44,45
243,22,23,24,25,32,33,34,35,42,43,44,45
244,22,23,24,25,32,33,34,35,42,43,44,45
245,22,23,24,25,32,33,34,35,42,43,44,45
246,22,23,24,25,32,33,34,35,42,43,44,45
247,22,23,24,25,32,33,34,35,41,42,43,44,45
248,22,23,24,25,32,33,34,35,41,42,43,44,45
249,22,23,24,25,32,33,34,35,41,42,43,44,45,46
250,22,23,24,25,32,33,34,35,41,42,43,44,45,46
251,22,23,24,25,32,33,34,35,41,42,43,44,45,46
252,22,23,24,25,32,33,34,35,41,42,43,44,45,46
253,22,23,24,25,32,33,34,35,41,42,43,44,45,46
254,22,23,24,25,32,33,34,35,41,42,43,44,45,46
255,22,23,24,25,32,33,34,35,41,42,43,44,45,46,47,48,49,50
256,22,23,24,25,32,33,34,35,41,42,43,44,45,46,47,48,49,50
257,22,23,24,25,31,32,33,34,35,41,42,43,44,45,46,47,48,49,50
258,22,23,24,25,31,32,33,34,35,41,42,43,44,45,46,47,48,49,50
259,22,23,24,25,31,32,33,34,35,41,42,43,44,45,46,47,48,49,50
260,22,23,24,25,31,32,33,34,35,41,42,43,44,45,46,47,48,49,50
261,22,23,24,25,31,32,33,34,35,41,42,43,44,45,46,47,48,49,50
262,22,23,24,25,31,32,33,34,35,41,42,43,44,45,46,47,48,49,50
263,22,23,24,31,32,33,34,35,41,42,43,44,45,46,47,48,49,50
264,22,23,24,31,32,33,34,35,41,42,43,44,45,46,47,48,49,50
265,22,23,24,31,32,33,34,35,41,42,43,44,45,46,47,48,49,50
266,22,23,24,31,32,33,34,35,41,42,43,44,45,46,47,48,49,50
267,22,23,24,31,32,33,34,35,41,42,43,44,45,46,47,48,49,50
268,22,23,24,31,32,33,34,35,41,42,43,44,45,46,47,48,49,50
269,21,22,23,24,31,32,33,34,35,41,42,43,44,45,46,47,48,49,50
270,21,22,23,24,31,32,33,34,35,41,42,43,44,45,46,47,48,49,50
271,21,22,23,24,31,32,33,34,35,41,42,43,44,45,46,47,48,49,50
272,21,22,23,24,31,32,33,34,35,41,42,43,44,45,46,47,48,49,50
273,21,22,23,24,31,32,33,34,35,41,42,43,44,45,46,47,48,49,50
274,21,22,23,24,31,32,33,34,35,41,42,43,44,45,46,47,48,49,50
275,21,22,23,24,31,32,33,34,35,41,42,43,44,45,46,47,48,49,50
276,21,22,23,24,31,32,33,34,35,41,42,43,44,45,46,47,48,49,50
277,21,22,23,24,31,32,33,34,35,41,42,43,44,45,46,47,48,49,50
278,21,22,23,24,31,32,33,34,35,41,42,43,44,45,46,47,48,49,50
279,21,22,23,24,31,32,33,34,41,42,43,44,45
280,21,22,23,24,31,32,33,34,41,42,43,44,45
281,13,21,22,23,24,31,32,33,34,41,42,43,44
282,13,21,22,23,24,31,32,33,34,41,42,43,44
283,13,21,22,23,24,31,32,33,34,41,42,43,44
284,13,21,22,23,24,31,32,33,34,41,42,43,44
285,13,21,22,23,24,31,32,33,34,35,41,42,43,44,45
286,13,21,22,23,24,31,32,33,34,35,41,42,43,44,45
287,13,14,22,23,24,25,32,33,34,35,42,43,44,45
288,13,14,22,23,24,25,32,33,34,35,42,43,44,45
289,13,14,22,23,24,25,32,33,34,35,42,43,44,45
290,13,14,22,23,24,25,32,33,34,35,42,43,44,45
291,14,22,23,24,25,32,33,34,35,42,43,44,45
292,14,22,23,24,25,32,33,34,35,42,43,44,45
293,14,22,23,24,25,32,33,34,35,42,43,44,45
294,14,22,23,24,25,32,33,34,35,42,43,44,45
295,14,15,23,24,25,32,33,34,35,36,42,43,44,45,46
296,14,15,23,24,25,32,33,34,35,36,42,43,44,45,46
297,14,15,23,24,25,26,33,34,35,36,43,44,45,46
298,14,15,23,24,25,26,33,34,35,36,43,44,45,46
299,14,15,23,24,25,26,33,34,35,36,43,44,45,46
300,14,15,23,24,25,26,33,34,35,36,43,44,45,46
301,14,15,23,24,25,26,33,34,35,36,43,44,45,46
302,14,15,23,24,25,26,33,34,35,36,43,44,45,46
303,15,16,23,24,25,26,33,34,35,36,44,45,46
304,15,16,23,24,25,26,33,34,35,36,44,45,46
305,15,16,24,25,26,27,34,35,36,37,44,45,46
306,15,16,24,25,26,27,34,35,36,37,44,45,46
307,15,16,24,25,26,27,34,35,36,37,44,45,46,47
308,15,16,24,25,26,27,34,35,36,37,44,45,46,47
309,15,16,24,25,26,27,34,35,36,37,44,45,46,47
310,15,16,24,25,26,27,34,35,36,37,44,45,46,47
311,15,16,17,24,25,26,27,34,35,36,37,44,45,46,47
312,15,16,17,24,25,26,27,34,35,36,37,44,45,46,47
313,15,16,17,24,25,26,27,34,35,36,37,45,46,47
314,15,16,17,24,25,26,27,34,35,36,37,45,46,47
315,15,16,17,25,26,27,28,35,36,37,38,45,46,47
316,15,16,17,25,26,27,28,35,36,37,38,45,46,47
317,15,16,17,25,26,27,28,35,36,37,38,45,46,47
318,15,16,17,25,26,27,28,35,36,37,38,45,46,47
319,15,16,17,25,26,27,28,35,36,37,38,45,46,47
320,15,16,17,25,26,27,28,35,36,37,38,45,46,47
321,15,16,17,25,26,27,28,35,36,37,38,45,46,47
322,15,16,17,25,26,27,28,35,36,37,38,45,46,47
323,15,16,17,25,26,27,28,35,36,37,38,45,46,47
324,15,16,17,25,26,27,28,35,36,37,38,45,46,47
325,15,16,17,25,26,27,28,35,36,37,38,45,46,47
326,15,16,17,25,26,27,28,35,36,37,38,45,46,47
327,15,16,17,25,26,27,28,35,36,37,38,45,46,47
328,15,16,17,25,26,27,28,35,36,37,38,45,46,47
329,15,16,17,25,26,27,28,35,36,37,38,46,47
330,15,16,17,25,26,27,28,35,36,37,38,46,47
331,15,16,17,25,26,27,28,35,36,37,46,47
332,15,16,17,25,26,27,28,35,36,37,46,47
333,15,16,17,25,26,27,35,36,37,46,47
334,15,16,17,25,26,27,35,36,37,46,47
335,15,16,17,25,26,27,35,36,37,46
336,15,16,17,25,26,27,35,36,37,46
337,15,16,17,25,26,27,35,36,37
338,15,16,17,25,26,27,35,36,37
339,6,15,16,17,24,25,26,27,35,36,37
340,6,15,16,17,24,25,26,27,35,36,37
341,6,14,15,16,17,24,25,26,27,35,36,37
342,6,14,15,16,17,24,25,26,27,35,36,37
343,6,14,15,16,17,24,25,26,27,35,36,37
344,6,14,15,16,17,24,25,26,27,35,36,37
345,5,6,7,14,15,16,17,24,25,26,27,35,36,37
346,5,6,7,14,15,16,17,24,25,26,27,35,36,37
347,5,6,7,14,15,16,17,24,25,26,27,35,36,37
348,5,6,7,14,15,16,17,24,25,26,27,35,36,37
349,5,6,7,14,15,16,17,24,25,26,27,35,36,37
350,5,6,7,14,15,16,17,24,25,26,27,35,36,37
351,5,6,7,14,15,16,17,24,25,26,27,35,36,37
352,5,6,7,14,15,16,17,24,25,26,27,35,36,37
353,5,6,7,14,15,16,17,24,25,26,27,35,36
354,5,6,7,14,15,16,17,24,25,26,27,35,36
355,5,6,7,14,15,16,17,24,25,26,27,35,36
356,5,6,7,14,15,16,17,24,25,26,27,35,36
357,4,5,6,7,14,15,16,17,24,25,26,27,35,36
358,4,5,6,7,14,15,16,17,24,25,26,27,35,36
359,4,5,6,7,14,15,16,17,24,25,26,27,35,36
360,4,5,6,7,14,15,16,17,24,25,26,27,35,36
361,4,5,6,7,14,15,16,17,24,25,26,27,35,36
362,4,5,6,7,14,15,16,17,24,25,26,27,35,36
363,4,5,6,7,14,15,16,17,24,25,26,27,35,36
364,4,5,6,7,14,15,16,17,24,25,26,27,35,36
365,4,5,6,7,14,15,16,17,24,25,26,27,35,36
366,4,5,6,7,14,15,16,17,24,25,26,27,35,36
367,4,5,6,7,14,15,16,17,24,25,26,27,35,36
368,4,5,6,7,14,15,16,17,24,25,26,27,35,36
369,4,5,6,7,14,15,16,17,24,25,26,27,35,36
370,4,5,6,7,14,15,16,17,24,25,26,27,35,36
371,4,5,6,7,14,15,16,17,24,25,26,27,35,36
372,4,5,6,7,14,15,16,17,24,25,26,27,35,36
373,4,5,6,7,14,15,16,17,24,25,26,27,35,36
374,4,5,6,7,14,15,16,17,24,25,26,27,35,36
375,4,5,6,7,14,15,16,17,24,25,26,27,35,36
376,4,5,6,7,14,15,16,17,24,25,26,27,35,36
377,4,5,6,7,14,15,16,17,24,25,26,27,35,36
378,4,5,6,7,14,15,16,17,24,25,26,27,35,36
379,4,5,6,7,14,15,16,17,24,25,26,27,35,36
380,4,5,6,7,14,15,16,17,24,25,26,27,35,36
381,4,5,6,7,14,15,16,17,24,25,26,27,35,36
382,4,5,6,7,14,15,16,17,24,25,26,27,35,36
383,4,5,6,7,14,15,16,17,24,25,26,27,35,36
384,4,5,6,7,14,15,16,17,24,25,26,27,35,36
385,4,5,6,7,14,15,16,17,24,25,26,27,35,36
386,4,5,6,7,14,15,16,17,24,25,26,27,35,36
387,4,5,6,7,14,15,16,17,24,25,26,27,35,36
388,4,5,6,7,14,15,16,17,24,25,26,27,35,36
389,4,5,6,7,14,15,16,17,24,25,26,27,35,36
390,4,5,6,7,14,15,16,17,24,25,26,27,35,36
391,4,5,6,7,14,15,16,17,24,25,26,27,35,36
392,4,5,6,7,14,15,16,17,24,25,26,27,35,36
393,4,5,6,7,14,15,16,17,24,25,26,27,35,36
394,4,5,6,7,14,15,16,17,24,25,26,27,35,36
395,4,5,6,7,14,15,16,17,24,25,26,27,35,36
396,4,5,6,7,14,15,16,17,24,25,26,27,35,36
397,4,5,6,7,14,15,16,17,24,25,26,27,35,36
398,4,5,6,7,14,15,16,17,24,25,26,27,35,36
399,4,5,6,7,14,15,16,17,24,25,26,27,35,36
400,4,5,6,7,14,15,16,17,24,25,26,27,35,36
401,4,5,6,7,14,15,16,17,24,25,26,27,35,36
402,4,5,6,7,14,15,16,17,24,25,26,27,35,36
403,4,5,6,7,14,15,16,17,24,25,26,27,35,36
404,4,5,6,7,14,15,16,17,24,25,26,27,35,36
405,4,5,6,7,14,15,16,17,24,25,26,27,35,36
406,4,5,6,7,14,15,16,17,24,25,26,27,35,36
407,4,5,6,7,14,15,16,17,24,25,26,27,35,36
408,4,5,6,7,14,15,16,17,24,25,26,27,35,36
409,4,5,6,7,14,15,16,17,24,25,26,27,35,36
410,4,5,6,7,14,15,16,17,24,25,26,27,35,36
411,4,5,6,7,14,15,16,17,24,25,26,27,35,36
412,4,5,6,7,14,15,16,17,24,25,26,27,35,36
413,4,5,6,7,14,15,16,17,24,25,26,27,35,36
414,4,5,6,7,14,15,16,17,24,25,26,27,35,36
415,4,5,6,7,14,15,16,17,24,25,26,27,35,36
416,4,5,6,7,14,15,16,17,24,25,26,27,35,36
417,5,6,14,15,16,17,24,25,26,27,34,35,36
418,5,6,14,15,16,17,24,25,26,27,34,35,36
419,5,6,14,15,16,17,24,25,26,27,34,35,36
420,5,6,14,15,16,17,24,25,26,27,34,35,36
421,5,6,14,15,16,24,25,26,34,35,36
422,5,6,14,15,16,24,25,26,34,35,36
423,5,14,15,16,24,25,26,34,35,36
424,5,14,15,16,24,25,26,34,35,36
425,14,15,16,23,24,25,26,34,35,36
426,14,15,16,23,24,25,26,34,35,36
427,14,15,16,23,24,25,26,34,35,36
428,14,15,16,23,24,25,26,34,35,36
429,14,15,16,23,24,25,26,34,35,36
430,14,15,16,23,24,25,26,34,35,36
431,14,15,16,23,24,25,26,34,35,36
432,14,15,16,23,24,25,26,34,35,36
433,14,15,16,23,24,25,26,34,35,36
434,14,15,16,23,24,25,26,34,35,36
435,14,15,16,23,24,25,26,34,35,36
436,14,15,16,23,24,25,26,34,35,36
437,14,15,16,23,24,25,26,34,35,36
438,14,15,16,23,24,25,26,34,35,36
439,14,15,16,23,24,25,26,33,34,35,36,45
440,14,15,16,23,24,25,26,33,34,35,36,45
441,14,15,16,23,24,25,26,33,34,35,36,45
442,14,15,16,23,24,25,26,33,34,35,36,45
443,14,15,16,23,24,25,26,33,34,35,36
444,14,15,16,23,24,25,26,33,34,35,36
445,13,14,15,16,23,24,25,26,33,34,35,36
446,13,14,15,16,23,24,25,26,33,34,35,36
447,13,14,15,16,23,24,25,26,33,34,35,36
448,13,14,15,16,23,24,25,26,33,34,35,36
449,13,14,15,16,23,24,25,26,33,34,35,36,45
450,13,14,15,16,23,24,25,26,33,34,35,36,45
451,13,14,15,16,23,24,25,26,33,34,35,36,44,45
452,13,14,15,16,23,24,25,26,33,34,35,36,44,45
453,13,14,15,16,23,24,25,26,33,34,35,36,44,45
454,13,14,15,16,23,24,25,26,33,34,35,36,44,45
455,13,14,15,16,23,24,25,26,33,34,35,36,44,45
456,13,14,15,16,23,24,25,26,33,34,35,36,44,45
457,13,14,15,16,23,24,25,26,33,34,35,36,44,45
458,13,14,15,16,23,24,25,26,33,34,35,36,44,45
459,13,14,15,16,23,24,25,26,33,34,35,36,44,45
460,13,14,15,16,23,24,25,26,33,34,35,36,44,45
461,13,14,15,16,23,24,25,26,33,34,35,36,44,45
462,13,14,15,16,23,24,25,26,33,34,35,36,44,45
463,13,14,15,16,23,24,25,26,33,34,35,36,44,45
464,13,14,15,16,23,24,25,26,33,34,35,36,44,45
465,13,14,15,16,23,24,25,26,33,34,35,36,44,45
466,13,14,15,16,23,24,25,26,33,34,35,36,44,45
467,13,14,15,16,23,24,25,26,33,34,35,36,44,45
468,13,14,15,16,23,24,25,26,33,34,35,36,44,45
469,13,14,15,16,23,24,25,26,33,34,35,36,44,45
470,13,14,15,16,23,24,25,26,33,34,35,36,44,45
471,13,14,15,16,23,24,25,26,33,34,35,36,44,45
472,13,14,15,16,23,24,25,26,33,34,35,36,44,45
473,13,14,15,16,23,24,25,26,33,34,35,36
474,13,14,15,16,23,24,25,26,33,34,35,36
475,13,14,15,16,23,24,25,26,33,34,35,36
476,13,14,15,16,23,24,25,26,33,34,35,36
477,13,14,15,16,23,24,25,26,33,34,35,36
478,13,14,15,16,23,24,25,26,33,34,35,36
479,13,14,15,16,23,24,25,26,33,34,35,36
480,13,14,15,16,23,24,25,26,33,34,35,36
481,13,14,15,16,23,24,25,26,33,34,35,36
482,13,14,15,16,23,24,25,26,33,34,35,36
483,13,14,15,23,24,25,26,33,34,35,36
484,13,14,15,23,24,25,26,33,34,35,36
485,13,14,15,23,24,25,26,33,34,35
486,13,14,15,23,24,25,26,33,34,35
487,13,14,15,23,24,25,26,33,34,35
488,13,14,15,23,24,25,26,33,34,35
489,13,14,15,23,24,25,26,33,34,35
490,13,14,15,23,24,25,26,33,34,35
491,13,14,15,23,24,25,26,33,34,35
492,13,14,15,23,24,25,26,33,34,35
493,13,14,15,23,24,25,26,33,34,35
494,13,14,15,23,24,25,26,33,34,35
495,13,14,15,23,24,25,26,33,34,35
496,13,14,15,23,24,25,26,33,34,35
497,13,14,15,16,23,24,25,26,33,34,35
498,13,14,15,16,23,24,25,26,33,34,35
499,13,14,15,16,23,24,25,26,33,34,35
500,13,14,15,16,23,24,25,26,33,34,35
501,13,14,15,16,23,24,25,26,33,34,35,36
502,13,14,15,16,23,24,25,26,33,34,35,36
503,13,14,15,16,23,24,25,26,33,34,35,36
504,13,14,15,16,23,24,25,26,33,34,35,36
505,13,14,15,16,23,24,25,26,33,34,35,36
506,13,14,15,16,23,24,25,26,33,34,35,36
507,13,14,15,16,23,24,25,26,33,34,35,36
508,13,14,15,16,23,24,25,26,33,34,35,36
509,13,14,15,16,23,24,25,26,33,34,35,36
510,13,14,15,16,23,24,25,26,33,34,35,36
511,13,14,15,16,23,24,25,26,33,34,35
512,13,14,15,16,23,24,25,26,33,34,35
513,13,14,15,16,23,24,25,26,33,34,35
514,13,14,15,16,23,24,25,26,33,34,35
515,13,14,15,16,23,24,25,26,33,34,35
516,13,14,15,16,23,24,25,26,33,34,35
517,4,13,14,15,16,23,24,25,26,33,34,35
518,4,13,14,15,16,23,24,25,26,33,34,35
519,4,5,13,14,15,16,23,24,25,26,33,34,35
520,4,5,13,14,15,16,23,24,25,26,33,34,35
521,4,5,13,14,15,16,23,24,25,26,33,34,35
522,4,5,13,14,15,16,23,24,25,26,33,34,35
523,4,5,13,14,15,16,23,24,25,26,33,34,35
524,4,5,13,14,15,16,23,24,25,26,33,34,35
525,4,5,13,14,15,16,23,24,25,26,33,34,35
526,4,5,13,14,15,16,23,24,25,26,33,34,35
527,4,5,13,14,15,16,23,24,25,26,33,34,35
528,4,5,13,14,15,16,23,24,25,26,33,34,35
529,4,5,13,14,15,16,23,24,25,26,33,34,35
530,4,5,13,14,15,16,23,24,25,26,33,34,35
531,4,5,13,14,15,16,23,24,25,26,33,34,35
532,4,5,13,14,15,16,23,24,25,26,33,34,35
533,4,5,13,14,15,16,23,24,25,26,33,34,35
534,4,5,13,14,15,16,23,24,25,26,33,34,35
535,4,5,13,14,15,16,23,24,25,26,33,34,35
536,4,5,13,14,15,16,23,24,25,26,33,34,35
537,4,5,13,14,15,16,23,24,25,26,33,34,35
538,4,5,13,14,15,16,23,24,25,26,33,34,35
539,4,5,13,14,15,16,23,24,25,26,33,34,35
540,4,5,13,14,15,16,23,24,25,26,33,34,35
541,4,5,13,14,15,16,23,24,25,26,33,34,35
542,4,5,13,14,15,16,23,24,25,26,33,34,35
543,4,5,13,14,15,16,23,24,25,26,33,34,35
544,4,5,13,14,15,16,23,24,25,26,33,34,35
545,4,5,13,14,15,16,23,24,25,26,33,34,35
546,4,5,13,14,15,16,23,24,25,26,33,34,35
547,4,5,13,14,15,16,23,24,25,26,33,34,35
548,4,5,13,14,15,16,23,24,25,26,33,34,35
549,4,13,14,15,23,24,25,33,34,35
550,4,13,14,15,23,24,25,33,34,35
551,4,13,14,15,22,23,24,25,33,34,35
552,4,13,14,15,22,23,24,25,33,34,35
553,12,13,14,15,22,23,24,25,32,33,34,35
554,12,13,14,15,22,23,24,25,32,33,34,35
555,4,12,13,14,15,22,23,24,25,32,33,34,35
556,4,12,13,14,15,22,23,24,25,32,33,34,35
557,4,12,13,14,15,22,23,24,25,32,33,34,35
558,4,12,13,14,15,22,23,24,25,32,33,34,35
559,4,12,13,14,15,22,23,24,25,32,33,34,35
560,4,12,13,14,15,22,23,24,25,32,33,34,35
561,12,13,14,15,22,23,24,25,32,33,34,35
562,12,13,14,15,22,23,24,25,32,33,34,35
563,12,13,14,15,22,23,24,25,32,33,34,35
564,12,13,14,15,22,23,24,25,32,33,34,35
565,12,13,14,22,23,24,25,32,33,34
566,12,13,14,22,23,24,25,32,33,34
567,12,13,14,22,23,24,32,33,34
568,12,13,14,22,23,24,32,33,34
569,12,13,14,22,23,24,32,33,34
570,12,13,14,22,23,24,32,33,34
571,12,13,14,22,23,24,32,33,34
572,12,13,14,22,23,24,32,33,34
573,12,13,14,22,23,24,32,33,34
574,12,13,14,22,23,24,32,33,34
575,12,13,14,22,23,24,32,33,34
576,12,13,14,22,23,24,32,33,34
577,12,13,14,22,23,24,32,33,34
578,12,13,14,22,23,24,32,33,34
579,12,13,14,22,23,24,32,33,34
580,12,13,14,22,23,24,32,33,34
581,12,13,14,21,22,23,24,32,33,34
582,12,13,14,21,22,23,24,32,33,34
583,11,12,13,14,21,22,23,24,31,32,33,34
584,11,12,13,14,21,22,23,24,31,32,33,34
585,11,12,13,14,21,22,23,24,31,32,33,34
586,11,12,13,14,21,22,23,24,31,32,33,34
587,11,12,13,14,21,22,23,24,31,32,33,34,42
588,11,12,13,14,21,22,23,24,31,32,33,34,42
589,11,12,13,14,21,22,23,24,31,32,33,34,42
590,11,12,13,14,21,22,23,24,31,32,33,34,42
591,11,12,13,14,21,22,23,24,31,32,33,34,42
592,11,12,13,14,21,22,23,24,31,32,33,34,42
593,11,12,13,14,21,22,23,24,31,32,33,34,42
594,11,12,13,14,21,22,23,24,31,32,33,34,42
595,11,12,13,21,22,23,24,31,32,33,34,42
596,11,12,13,21,22,23,24,31,32,33,34,42
597,11,12,13,21,22,23,24,31,32,33,42,43
598,11,12,13,21,22,23,24,31,32,33,42,43
599,11,12,13,21,22,23,24,31,32,33,42,43
600,11,12,13,21,22,23,24,31,32,33,42,43
601,11,12,13,21,22,23,24,31,32,33,42,43
602,11,12,13,21,22,23,24,31,32,33,42,43
603,11,12,13,21,22,23,31,32,33,42
604,11,12,13,21,22,23,31,32,33,42
605,11,12,13,21,22,23,31,32,33,42
606,11,12,13,21,22,23,31,32,33,42
607,11,12,13,21,22,23,31,32,33,42
608,11,12,13,21,22,23,31,32,33,42
609,11,12,13,21,22,23,24,31,32,33,42
610,11,12,13,21,22,23,24,31,32,33,42
611,11,12,13,14,21,22,23,24,31,32,33,34
612,11,12,13,14,21,22,23,24,31,32,33,34
613,3,11,12,13,14,21,22,23,24,31,32,33,34
614,3,11,12,13,14,21,22,23,24,31,32,33,34
615,2,3,11,12,13,14,21,22,23,24,31,32,33,34
616,2,3,11,12,13,14,21,22,23,24,31,32,33,34
617,2,3,4,11,12,13,14,21,22,23,24,32,33,34
618,2,3,4,11,12,13,14,21,22,23,24,32,33,34
619,2,3,4,11,12,13,14,21,22,23,24,32,33,34
620,2,3,4,11,12,13,14,21,22,23,24,32,33,34
621,2,3,4,12,13,14,22,23,24,32,33,34
622,2,3,4,12,13,14,22,23,24,32,33,34
623,2,3,4,12,13,14,22,23,24,32,33,34
624,2,3,4,12,13,14,22,23,24,32,33,34
625,2,3,4,12,13,14,22,23,24,32,33,34
626,2,3,4,12,13,14,22,23,24,32,33,34
627,2,3,4,12,13,14,22,23,24,32,33,34
628,2,3,4,12,13,14,22,23,24,32,33,34
629,3,4,12,13,14,15,22,23,24,25,32,33,34
630,3,4,12,13,14,15,22,23,24,25,32,33,34
631,3,4,12,13,14,15,22,23,24,25,32,33,34
632,3,4,12,13,14,15,22,23,24,25,32,33,34
633,3,4,12,13,14,15,22,23,24,25,32,33,34
634,3,4,12,13,14,15,22,23,24,25,32,33,34
635,3,4,12,13,14,15,22,23,24,25,32,33,34
636,3,4,12,13,14,15,22,23,24,25,32,33,34
637,3,4,12,13,14,15,22,23,24,25,32,33,34
638,3,4,12,13,14,15,22,23,24,25,32,33,34
639,3,4,12,13,14,15,22,23,24,25,32,33,34
640,3,4,12,13,14,15,22,23,24,25,32,33,34
641,3,4,12,13,14,15,22,23,24,25,32,33,34
642,3,4,12,13,14,15,22,23,24,25,32,33,34
643,3,4,12,13,14,15,22,23,24,25,32,33,34
644,3,4,12,13,14,15,22,23,24,25,32,33,34
645,3,4,12,13,14,15,22,23,24,25,32,33,34
646,3,4,12,13,14,15,22,23,24,25,32,33,34
647,3,4,12,13,14,15,22,23,24,25,32,33,34
648,3,4,12,13,14,15,22,23,24,25,32,33,34
649,3,4,12,13,14,15,22,23,24,25,32,33,34
650,3,4,12,13,14,15,22,23,24,25,32,33,34
651,3,4,12,13,14,15,22,23,24,25,32,33,34
652,3,4,12,13,14,15,22,23,24,25,32,33,34
653,3,4,12,13,14,15,22,23,24,25,32,33,34
654,3,4,12,13,14,15,22,23,24,25,32,33,34
655,3,4,12,13,14,15,22,23,24,25,32,33,34
656,3,4,12,13,14,15,22,23,24,25,32,33,34
657,3,4,12,13,14,15,22,23,24,25,32,33,34
658,3,4,12,13,14,15,22,23,24,25,32,33,34
659,3,4,12,13,14,15,22,23,24,25,32,33,34
660,3,4,12,13,14,15,22,23,24,25,32,33,34
661,3,4,12,13,14,15,22,23,24,25,32,33,34
662,3,4,12,13,14,15,22,23,24,25,32,33,34
663,3,4,12,13,14,15,22,23,24,25,32,33,34
664,3,4,12,13,14,15,22,23,24,25,32,33,34
665,3,4,12,13,14,15,22,23,24,25,32,33,34
666,3,4,12,13,14,15,22,23,24,25,32,33,34
667,3,4,12,13,14,15,22,23,24,25,32,33,34
668,3,4,12,13,14,15,22,23,24,25,32,33,34
669,3,4,5,12,13,14,15,22,23,24,25,33,34,35
670,3,4,5,12,13,14,15,22,23,24,25,33,34,35
671,3,4,5,12,13,14,15,22,23,24,25,33,34,35
672,3,4,5,12,13,14,15,22,23,24,25,33,34,35
673,3,4,5,12,13,14,15,22,23,24,25,33,34,35
674,3,4,5,12,13,14,15,22,23,24,25,33,34,35
675,3,4,5,13,14,15,16,23,24,25,26,33,34,35
676,3,4,5,13,14,15,16,23,24,25,26,33,34,35
677,4,5,13,14,15,16,23,24,25,26,33,34,35
678,4,5,13,14,15,16,23,24,25,26,33,34,35
679,4,5,13,14,15,16,23,24,25,26,33,34,35
680,4,5,13,14,15,16,23,24,25,26,33,34,35
681,4,5,13,14,15,16,23,24,25,26,33,34,35
682,4,5,13,14,15,16,23,24,25,26,33,34,35
683,4,5,13,14,15,16,23,24,25,26,33,34,35
684,4,5,13,14,15,16,23,24,25,26,33,34,35
685,4,5,13,14,15,16,23,24,25,26,33,34,35
686,4,5,13,14,15,16,23,24,25,26,33,34,35
687,4,5,13,14,15,16,23,24,25,26,33,34,35
688,4,5,13,14,15,16,23,24,25,26,33,34,35
689,4,5,13,14,15,16,23,24,25,26,33,34,35
690,4,5,13,14,15,16,23,24,25,26,33,34,35
691,4,5,13,14,15,16,23,24,25,26,33,34,35
692,4,5,13,14,15,16,23,24,25,26,33,34,35
693,4,5,6,13,14,15,16,23,24,25,26,33,34,35
694,4,5,6,13,14,15,16,23,24,25,26,33,34,35
695,4,5,6,13,14,15,16,23,24,25,26,33,34,35
696,4,5,6,13,14,15,16,23,24,25,26,33,34,35
697,4,5,6,13,14,15,16,23,24,25,26,33,34,35
698,4,5,6,13,14,15,16,23,24,25,26,33,34,35
699,4,5,6,13,14,15,16,23,24,25,26,34,35
700,4,5,6,13,14,15,16,23,24,25,26,34,35
701,4,5,6,13,14,15,16,23,24,25,26,34,35
702,4,5,6,13,14,15,16,23,24,25,26,34,35
703,4,5,6,13,14,15,16,23,24,25,26,34,35,36
704,4,5,6,13,14,15,16,23,24,25,26,34,35,36
705,4,5,13,14,15,16,23,24,25,26,34,35,36
706,4,5,13,14,15,16,23,24,25,26,34,35,36
707,5,13,14,15,16,23,24,25,26,34,35,36
708,5,13,14,15,16,23,24,25,26,34,35,36
709,5,13,14,15,16,23,24,25,26,34,35,36
710,5,13,14,15,16,23,24,25,26,34,35,36
711,14,15,16,24,25,26,34,35,36,45
712,14,15,16,24,25,26,34,35,36,45
713,14,15,16,24,25,26,34,35,36,44,45,46
714,14,15,16,24,25,26,34,35,36,44,45,46
715,14,15,16,24,25,26,34,35,36,44,45,46
716,14,15,16,24,25,26,34,35,36,44,45,46
717,14,15,16,24,25,26,27,34,35,36,44,45,46
718,14,15,16,24,25,26,27,34,35,36,44,45,46
719,14,15,16,24,25,26,27,34,35,36,37,44,45,46
720,14,15,16,24,25,26,27,34,35,36,37,44,45,46
721,14,15,16,24,25,26,27,34,35,36,37,44,45,46
722,14,15,16,24,25,26,27,34,35,36,37,44,45,46
723,14,15,16,24,25,26,27,34,35,36,37,44,45,46
724,14,15,16,24,25,26,27,34,35,36,37,44,45,46
725,14,15,16,24,25,26,27,34,35,36,37,44,45,46
726,14,15,16,24,25,26,27,34,35,36,37,44,45,46
727,14,15,16,24,25,26,27,34,35,36,37,44,45,46
728,14,15,16,24,25,26,27,34,35,36,37,44,45,46
729,14,15,16,24,25,26,27,34,35,36,37,44,45,46
730,14,15,16,24,25,26,27,34,35,36,37,44,45,46
731,14,15,16,17,24,25,26,27,34,35,36,37,45,46
732,14,15,16,17,24,25,26,27,34,35,36,37,45,46
733,14,15,16,17,24,25,26,27,34,35,36,37,45,46
734,14,15,16,17,24,25,26,27,34,35,36,37,45,46
735,14,15,16,17,24,25,26,27,34,35,36,37,45,46
736,14,15,16,17,24,25,26,27,34,35,36,37,45,46
737,14,15,16,17,24,25,26,27,34,35,36,37,45,46
738,14,15,16,17,24,25,26,27,34,35,36,37,45,46
739,14,15,16,17,24,25,26,27,34,35,36,37,45,46
740,14,15,16,17,24,25,26,27,34,35,36,37,45,46
741,14,15,16,17,24,25,26,27,34,35,36,37,45,46
742,14,15,16,17,24,25,26,27,34,35,36,37,45,46
743,14,15,16,17,24,25,26,27,34,35,36,37,45,46
744,14,15,16,17,24,25,26,27,34,35,36,37,45,46
745,14,15,16,17,24,25,26,27,34,35,36,37,45,46
746,14,15,16,17,24,25,26,27,34,35,36,37,45,46
747,14,15,16,17,24,25,26,27,34,35,36,37,45,46
748,14,15,16,17,24,25,26,27,34,35,36,37,45,46
749,14,15,16,17,24,25,26,27,34,35,36,37,45,46
750,14,15,16,17,24,25,26,27,34,35,36,37,45,46
751,14,15,16,17,24,25,26,27,34,35,36,37
752,14,15,16,17,24,25,26,27,34,35,36,37
753,14,15,16,17,24,25,26,27,34,35,36,37
754,14,15,16,17,24,25,26,27,34,35,36,37
755,14,15,16,17,24,25,26,27,34,35,36,37
756,14,15,16,17,24,25,26,27,34,35,36,37
757,14,15,16,17,24,25,26,27,34,35,36,37
758,14,15,16,17,24,25,26,27,34,35,36,37
759,14,15,16,17,24,25,26,27,34,35,36,37
760,14,15,16,17,24,25,26,27,34,35,36,37
761,14,15,16,17,24,25,26,27,34,35,36,37
762,14,15,16,17,24,25,26,27,34,35,36,37
763,6,14,15,16,17,24,25,26,27,34,35,36,37
764,6,14,15,16,17,24,25,26,27,34,35,36,37
765,6,14,15,16,17,24,25,26,27,34,35,36,37
766,6,14,15,16,17,24,25,26,27,34,35,36,37
767,6,14,15,16,17,24,25,26,27,34,35,36,37
768,6,14,15,16,17,24,25,26,27,34,35,36,37
769,6,14,15,16,17,24,25,26,27,34,35,36,37
770,6,14,15,16,17,24,25,26,27,34,35,36,37
771,6,14,15,16,17,24,25,26,27,34,35,36,37
772,6,14,15,16,17,24,25,26,27,34,35,36,37
773,6,14,15,16,17,24,25,26,27,34,35,36,37
774,6,14,15,16,17,24,25,26,27,34,35,36,37
775,5,6,14,15,16,17,24,25,26,27,34,35,36,37
776,5,6,14,15,16,17,24,25,26,27,34,35,36,37
777,5,6,14,15,16,17,24,25,26,27,34,35,36,37
778,5,6,14,15,16,17,24,25,26,27,34,35,36,37
779,5,6,14,15,16,17,24,25,26,27,34,35,36,37
780,5,6,14,15,16,17,24,25,26,27,34,35,36,37
781,5,6,14,15,16,17,24,25,26,27,34,35,36,37
782,5,6,14,15,16,17,24,25,26,27,34,35,36,37
783,5,6,14,15,16,17,24,25,26,27,34,35,36,37
784,5,6,14,15,16,17,24,25,26,27,34,35,36,37
785,5,6,14,15,16,17,24,25,26,27,34,35,36,37
786,5,6,14,15,16,17,24,25,26,27,34,35,36,37
787,5,6,14,15,16,17,24,25,26,27,35,36,37
788,5,6,14,15,16,17,24,25,26,27,35,36,37
789,5,6,14,15,16,17,24,25,26,27,35,36,37
790,5,6,14,15,16,17,24,25,26,27,35,36,37
791,5,6,14,15,16,17,24,25,26,27,35,36,37
792,5,6,14,15,16,17,24,25,26,27,35,36,37
793,5,6,14,15,16,17,24,25,26,27,35,36,37
794,5,6,14,15,16,17,24,25,26,27,35,36,37
795,5,6,7,14,15,16,17,24,25,26,27,35,36,37
796,5,6,7,14,15,16,17,24,25,26,27,35,36,37
797,5,6,7,14,15,16,17,24,25,26,27,35,36,37
798,5,6,7,14,15,16,17,24,25,26,27,35,36,37
799,5,6,7,14,15,16,17,24,25,26,27,35,36,37
800,5,6,7,14,15,16,17,24,25,26,27,35,36,37
801,5,6,7,14,15,16,17,24,25,26,27,35,36,37
802,5,6,7,14,15,16,17,24,25,26,27,35,36,37
803,5,6,7,14,15,16,17,24,25,26,27,35,36,37
804,5,6,7,14,15,16,17,24,25,26,27,35,36,37
805,5,6,7,14,15,16,17,24,25,26,27,35,36,37
806,5,6,7,14,15,16,17,24,25,26,27,35,36,37
807,5,6,7,14,15,16,17,24,25,26,27,35,36,37
808,5,6,7,14,15,16,17,24,25,26,27,35,36,37
809,5,6,7,14,15,16,17,24,25,26,27,35,36,37
810,5,6,7,14,15,16,17,24,25,26,27,35,36,37
811,5,6,7,14,15,16,17,24,25,26,27,35,36,37
812,5,6,7,14,15,16,17,24,25,26,27,35,36,37
813,5,6,7,14,15,16,17,24,25,26,27,35,36,37
814,5,6,7,14,15,16,17,24,25,26,27,35,36,37
815,5,6,7,14,15,16,17,24,25,26,27,35,36,37
816,5,6,7,14,15,16,17,24,25,26,27,35,36,37
817,5,6,7,14,15,16,17,24,25,26,27,35,36,37
818,5,6,7,14,15,16,17,24,25,26,27,35,36,37
819,5,6,7,14,15,16,17,24,25,26,27,35,36,37
820,5,6,7,14,15,16,17,24,25,26,27,35,36,37
821,5,6,7,14,15,16,17,24,25,26,27,35,36,37
822,5,6,7,14,15,16,17,24,25,26,27,35,36,37
823,5,6,7,14,15,16,17,24,25,26,27,35,36,37
824,5,6,7,14,15,16,17,24,25,26,27,35,36,37
825,5,6,7,14,15,16,17,24,25,26,27,35,36,37
826,5,6,7,14,15,16,17,24,25,26,27,35,36,37
827,5,6,7,14,15,16,17,24,25,26,27,35,36,37
828,5,6,7,14,15,16,17,24,25,26,27,35,36,37
829,5,6,7,14,15,16,17,24,25,26,27,35,36,37
830,5,6,7,14,15,16,17,24,25,26,27,35,36,37
831,5,6,7,14,15,16,17,24,25,26,27,35,36,37
832,5,6,7,14,15,16,17,24,25,26,27,35,36,37
833,5,6,7,14,15,16,17,24,25,26,27,35,36,37
834,5,6,7,14,15,16,17,24,25,26,27,35,36,37
835,5,6,7,14,15,16,17,24,25,26,27,35,36,37
836,5,6,7,14,15,16,17,24,25,26,27,35,36,37
837,5,6,7,14,15,16,17,24,25,26,27,35,36,37
838,5,6,7,14,15,16,17,24,25,26,27,35,36,37
839,5,6,7,14,15,16,17,24,25,26,27,35,36,37
840,5,6,7,14,15,16,17,24,25,26,27,35,36,37
841,5,6,7,14,15,16,17,24,25,26,27,35,36,37
842,5,6,7,14,15,16,17,24,25,26,27,35,36,37
843,5,6,7,14,15,16,17,24,25,26,27,35,36,37
844,5,6,7,14,15,16,17,24,25,26,27,35,36,37
845,5,6,7,14,15,16,17,24,25,26,27,35,36,37
846,5,6,7,14,15,16,17,24,25,26,27,35,36,37
847,5,6,7,14,15,16,17,24,25,26,27,35,36,37
848,5,6,7,14,15,16,17,24,25,26,27,35,36,37
849,5,6,7,14,15,16,17,24,25,26,27,35,36,37
850,5,6,7,14,15,16,17,24,25,26,27,35,36,37
851,5,6,7,14,15,16,17,24,25,26,27,35,36,37
852,5,6,7,14,15,16,17,24,25,26,27,35,36,37
853,5,6,7,14,15,16,17,24,25,26,27,35,36,37
854,5,6,7,14,15,16,17,24,25,26,27,35,36,37
855,5,6,7,15,16,17,25,26,27,35,36,37
856,5,6,7,15,16,17,25,26,27,35,36,37
857,6,7,15,16,17,25,26,27,35,36,37
858,6,7,15,16,17,25,26,27,35,36,37
859,6,7,15,16,17,18,25,26,27,28,35,36,37
860,6,7,15,16,17,18,25,26,27,28,35,36,37
861,6,7,15,16,17,18,25,26,27,28,35,36,37
862,6,7,15,16,17,18,25,26,27,28,35,36,37
863,6,7,15,16,17,18,25,26,27,28,35,36,37
864,6,7,15,16,17,18,25,26,27,28,35,36,37
865,6,7,15,16,17,18,25,26,27,28,35,36,37
866,6,7,15,16,17,18,25,26,27,28,35,36,37
867,6,7,15,16,17,18,25,26,27,28,35,36,37
868,6,7,15,16,17,18,25,26,27,28,35,36,37
869,6,7,15,16,17,18,25,26,27,28,35,36,37
870,6,7,15,16,17,18,25,26,27,28,35,36,37
871,6,7,15,16,17,18,25,26,27,28,35,36,37
872,6,7,15,16,17,18,25,26,27,28,35,36,37
873,6,7,15,16,17,18,25,26,27,28,35,36,37
874,6,7,15,16,17,18,25,26,27,28,35,36,37
875,6,7,15,16,17,18,25,26,27,28,35,36,37
876,6,7,15,16,17,18,25,26,27,28,35,36,37
877,6,7,15,16,17,18,25,26,27,28,35,36,37
878,6,7,15,16,17,18,25,26,27,28,35,36,37
879,6,7,8,15,16,17,18,25,26,27,28,35,36,37
880,6,7,8,15,16,17,18,25,26,27,28,35,36,37
881,6,7,8,15,16,17,18,25,26,27,28,35,36,37
882,6,7,8,15,16,17,18,25,26,27,28,35,36,37
883,6,7,8,15,16,17,18,25,26,27,28,35,36,37
884,6,7,8,15,16,17,18,25,26,27,28,35,36,37
885,6,7,8,15,16,17,18,25,26,27,28,35,36,37
886,6,7,8,15,16,17,18,25,26,27,28,35,36,37
887,6,7,8,15,16,17,18,25,26,27,28,35,36,37
888,6,7,8,15,16,17,18,25,26,27,28,35,36,37
889,6,7,8,15,16,17,18,25,26,27,28,36,37
890,6,7,8,15,16,17,18,25,26,27,28,36,37
891,6,7,8,15,16,17,18,25,26,27,28,36,37
892,6,7,8,15,16,17,18,25,26,27,28,36,37
893,6,7,8,15,16,17,18,25,26,27,28,35,36,37,38
894,6,7,8,15,16,17,18,25,26,27,28,35,36,37,38
895,6,7,15,16,17,18,25,26,27,28,35,36,37,38
896,6,7,15,16,17,18,25,26,27,28,35,36,37,38
897,6,7,15,16,17,18,25,26,27,28,35,36,37,38
898,6,7,15,16,17,18,25,26,27,28,35,36,37,38
899,6,7,15,16,17,18,25,26,27,28,35,36,37,38
900,6,7,15,16,17,18,25,26,27,28,35,36,37,38
901,6,7,15,16,17,18,25,26,27,28,35,36,37,38
902,6,7,15,16,17,18,25,26,27,28,35,36,37,38
903,6,7,15,16,17,18,25,26,27,28,35,36,37,38
904,6,7,15,16,17,18,25,26,27,28,35,36,37,38
905,6,7,15,16,17,18,25,26,27,28,35,36,37,38
906,6,7,15,16,17,18,25,26,27,28,35,36,37,38
907,6,7,15,16,17,18,25,26,27,28,35,36,37,38
908,6,7,15,16,17,18,25,26,27,28,35,36,37,38
909,6,7,15,16,17,18,25,26,27,28,35,36,37,38
910,6,7,15,16,17,18,25,26,27,28,35,36,37,38
911,6,7,15,16,17,18,25,26,27,28,35,36,37,38
912,6,7,15,16,17,18,25,26,27,28,35,36,37,38
913,6,7,15,16,17,18,25,26,27,28,35,36,37,38
914,6,7,15,16,17,18,25,26,27,28,35,36,37,38
915,6,7,15,16,17,18,25,26,27,28,35,36,37
916,6,7,15,16,17,18,25,26,27,28,35,36,37
917,6,7,15,16,17,18,25,26,27,28,35,36,37
918,6,7,15,16,17,18,25,26,27,28,35,36,37
919,6,7,15,16,17,18,25,26,27,28,35,36,37
920,6,7,15,16,17,18,25,26,27,28,35,36,37
921,6,7,15,16,17,18,25,26,27,28,35,36,37
922,6,7,15,16,17,18,25,26,27,28,35,36,37
923,6,7,15,16,17,18,25,26,27,28,35,36,37
924,6,7,15,16,17,18,25,26,27,28,35,36,37
925,6,7,15,16,17,18,25,26,27,28,35,36,37
926,6,7,15,16,17,18,25,26,27,28,35,36,37
927,6,7,15,16,17,18,25,26,27,28,35,36,37
928,6,7,15,16,17,18,25,26,27,28,35,36,37
929,6,7,15,16,17,18,25,26,27,28,35,36,37
930,6,7,15,16,17,18,25,26,27,28,35,36,37
931,6,7,15,16,17,18,25,26,27,28,35,36,37
932,6,7,15,16,17,18,25,26,27,28,35,36,37
933,6,7,15,16,17,18,25,26,27,28,35,36,37
934,6,7,15,16,17,18,25,26,27,28,35,36,37
935,6,7,15,16,17,18,25,26,27,28,35,36,37
936,6,7,15,16,17,18,25,26,27,28,35,36,37
937,6,7,15,16,17,25,26,27,28,35,36,37
938,6,7,15,16,17,25,26,27,28,35,36,37
939,6,7,15,16,17,25,26,27,35,36,37
940,6,7,15,16,17,25,26,27,35,36,37
941,6,7,15,16,17,25,26,27,35,36,37
942,6,7,15,16,17,25,26,27,35,36,37
943,6,7,15,16,17,25,26,27,35,36,37
944,6,7,15,16,17,25,26,27,35,36,37
945,6,7,15,16,17,25,26,27,35,36,37
946,6,7,15,16,17,25,26,27,35,36,37
947,6,7,15,16,17,25,26,27,35,36,37
948,6,7,15,16,17,25,26,27,35,36,37
949,6,7,15,16,17,25,26,27,35,36,37
950,6,7,15,16,17,25,26,27,35,36,37
951,6,7,15,16,17,25,26,27,35,36,37
952,6,7,15,16,17,25,26,27,35,36,37
953,6,7,15,16,17,25,26,27,35,36,37
954,6,7,15,16,17,25,26,27,35,36,37
955,6,7,15,16,17,25,26,27,35,36,37
956,6,7,15,16,17,25,26,27,35,36,37
957,6,7,15,16,17,25,26,27,35,36,37
958,6,7,15,16,17,25,26,27,35,36,37
959,6,7,15,16,17,25,26,27,35,36,37
960,6,7,15,16,17,25,26,27,35,36,37
961,6,7,15,16,17,25,26,27,35,36,37
962,6,7,15,16,17,25,26,27,35,36,37
963,6,7,15,16,17,25,26,27,35,36,37
964,6,7,15,16,17,25,26,27,35,36,37
965,6,7,15,16,17,25,26,27,35,36,37
966,6,7,15,16,17,25,26,27,35,36,37
967,6,7,15,16,17,25,26,27,35,36,37
968,6,7,15,16,17,25,26,27,35,36,37
969,6,7,15,16,17,25,26,27,35,36,37
970,6,7,15,16,17,25,26,27,35,36,37
971,6,7,15,16,17,25,26,27,35,36,37
972,6,7,15,16,17,25,26,27,35,36,37
973,6,7,15,16,17,25,26,27,35,36,37
974,6,7,15,16,17,25,26,27,35,36,37
975,6,7,15,16,17,25,26,27,35,36,37
976,6,7,15,16,17,25,26,27,35,36,37
977,6,7,15,16,17,25,26,27,35,36,37
978,6,7,15,16,17,25,26,27,35,36,37
979,6,7,15,16,17,25,26,27,35,36,37
980,6,7,15,16,17,25,26,27,35,36,37
981,6,7,15,16,17,25,26,27,35,36,37
982,6,7,15,16,17,25,26,27,35,36,37
983,5,6,7,15,16,17,25,26,27,35,36,37
984,5,6,7,15,16,17,25,26,27,35,36,37
985,5,6,7,14,15,16,17,24,25,26,27,35,36,37
986,5,6,7,14,15,16,17,24,25,26,27,35,36,37
987,5,6,7,14,15,16,17,24,25,26,27,35,36,37
988,5,6,7,14,15,16,17,24,25,26,27,35,36,37
989,5,6,7,14,15,16,17,24,25,26,27,35,36,37
990,5,6,7,14,15,16,17,24,25,26,27,35,36,37
991,5,6,7,14,15,16,17,24,25,26,27,35,36,37
992,5,6,7,14,15,16,17,24,25,26,27,35,36,37
993,5,6,7,14,15,16,17,24,25,26,27,35,36,37
994,5,6,7,14,15,16,17,24,25,26,27,35,36,37
995,5,6,7,14,15,16,17,24,25,26,27,35,36,37
996,5,6,7,14,15,16,17,24,25,26,27,35,36,37
997,5,6,7,14,15,16,17,24,25,26,27,35,36,37
998,5,6,7,14,15,16,17,24,25,26,27,35,36,37
999,5,6,7,14,15,16,17,24,25,26,27,35,36,37
1000,5,6,7,14,15,16,17,24,25,26,27,35,36,37
1001,5,6,7,14,15,16,17,24,25,26,27,35,36,37
1002,5,6,7,14,15,16,17,24,25,26,27,35,36,37
1003,5,6,7,14,15,16,17,24,25,26,27,35,36,37
1004,5,6,7,14,15,16,17,24,25,26,27,35,36,37
1005,5,6,7,14,15,16,17,24,25,26,27,35,36,37
1006,5,6,7,14,15,16,17,24,25,26,27,35,36,37
1007,5,6,7,14,15,16,17,24,25,26,27,35,36,37
1008,5,6,7,14,15,16,17,24,25,26,27,35,36,37
1009,5,6,7,14,15,16,17,24,25,26,27,35,36,37
1010,5,6,7,14,15,16,17,24,25,26,27,35,36,37
1011,5,6,7,14,15,16,17,24,25,26,27,35,36,37
1012,5,6,7,14,15,16,17,24,25,26,27,35,36,37
1013,5,6,7,14,15,16,17,24,25,26,27,35,36,37
1014,5,6,7,14,15,16,17,24,25,26,27,35,36,37
1015,5,6,7,14,15,16,17,24,25,26,27,35,36,37
1016,5,6,7,14,15,16,17,24,25,26,27,35,36,37
1017,5,6,7,14,15,16,17,24,25,26,27,35,36,37
1018,5,6,7,14,15,16,17,24,25,26,27,35,36,37
1019,5,6,7,14,15,16,17,24,25,26,27,35,36,37
1020,5,6,7,14,15,16,17,24,25,26,27,35,36,37
1021,5,6,7,14,15,16,17,24,25,26,27,35,36,37
1022,5,6,7,14,15,16,17,24,25,26,27,35,36,37
1023,5,6,7,14,15,16,17,24,25,26,27,35,36,37
1024,5,6,7,14,15,16,17,24,25,26,27,35,36,37
1025,5,6,7,14,15,16,17,24,25,26,27,35,36,37
1026,5,6,7,14,15,16,17,24,25,26,27,35,36,37
1027,5,6,7,14,15,16,17,24,25,26,27,35,36,37
1028,5,6,7,14,15,16,17,24,25,26,27,35,36,37
1029,5,6,7,15,16,17,25,26,27,35,36,37
1030,5,6,7,15,16,17,25,26,27,35,36,37
1031,6,7,15,16,17,25,26,27,35,36,37
1032,6,7,15,16,17,25,26,27,35,36,37
1033,6,7,15,16,17,25,26,27,35,36,37
1034,6,7,15,16,17,25,26,27,35,36,37
1035,6,7,15,16,17,25,26,27,35,36,37
1036,6,7,15,16,17,25,26,27,35,36,37
1037,6,15,16,17,25,26,27,35,36,37
1038,6,15,16,17,25,26,27,35,36,37
1039,6,15,16,17,25,26,27,35,36,37
1040,6,15,16,17,25,26,27,35,36,37
1041,15,16,17,25,26,27,35,36,37
1042,15,16,17,25,26,27,35,36,37
1043,15,16,17,25,26,27,35,36,37
1044,15,16,17,25,26,27,35,36,37
1045,15,16,17,25,26,27,35,36,37
1046,15,16,17,25,26,27,35,36,37
1047,15,16,17,25,26,27,28,35,36,37
1048,15,16,17,25,26,27,28,35,36,37
1049,15,16,17,18,25,26,27,28,35,36,37
1050,15,16,17,18,25,26,27,28,35,36,37
1051,15,16,17,18,25,26,27,28,35,36,37
1052,15,16,17,18,25,26,27,28,35,36,37
1053,15,16,17,18,25,26,27,28,35,36,37
1054,15,16,17,18,25,26,27,28,35,36,37
1055,15,16,17,18,25,26,27,28,35,36,37
1056,15,16,17,18,25,26,27,28,35,36,37
1057,15,16,17,25,26,27,28,35,36,37
1058,15,16,17,25,26,27,28,35,36,37
1059,15,16,17,25,26,27,28,35,36,37
1060,15,16,17,25,26,27,28,35,36,37
1061,15,16,17,25,26,27,28,35,36,37
1062,15,16,17,25,26,27,28,35,36,37
1063,15,16,17,18,25,26,27,28,35,36,37
1064,15,16,17,18,25,26,27,28,35,36,37
1065,6,15,16,17,18,25,26,27,28,35,36,37
1066,6,15,16,17,18,25,26,27,28,35,36,37
1067,6,7,15,16,17,18,25,26,27,28,35,36,37
1068,6,7,15,16,17,18,25,26,27,28,35,36,37
1069,6,7,15,16,17,18,25,26,27,28,35,36,37
1070,6,7,15,16,17,18,25,26,27,28,35,36,37
1071,6,7,15,16,17,18,25,26,27,28,35,36,37
1072,6,7,15,16,17,18,25,26,27,28,35,36,37
1073,6,7,15,16,17,18,25,26,27,28,35,36,37
1074,6,7,15,16,17,18,25,26,27,28,35,36,37
1075,6,7,15,16,17,18,25,26,27,28,35,36,37
1076,6,7,15,16,17,18,25,26,27,28,35,36,37
1077,6,7,15,16,17,18,25,26,27,28,35,36,37
1078,6,7,15,16,17,18,25,26,27,28,35,36,37
1079,6,7,15,16,17,18,25,26,27,28,35,36,37
1080,6,7,15,16,17,18,25,26,27,28,35,36,37
1081,6,7,15,16,17,18,25,26,27,28,35,36,37
1082,6,7,15,16,17,18,25,26,27,28,35,36,37
1083,6,7,15,16,17,18,25,26,27,28,35,36,37
1084,6,7,15,16,17,18,25,26,27,28,35,36,37
1085,6,7,15,16,17,18,25,26,27,28,35,36,37
1086,6,7,15,16,17,18,25,26,27,28,35,36,37
1087,6,7,15,16,17,18,25,26,27,28,35,36,37
1088,6,7,15,16,17,18,25,26,27,28,35,36,37
1089,6,7,15,16,17,18,25,26,27,28,35,36,37
1090,6,7,15,16,17,18,25,26,27,28,35,36,37
1091,6,7,15,16,17,18,25,26,27,28,35,36,37
1092,6,7,15,16,17,18,25,26,27,28,35,36,37
1093,6,7,8,15,16,17,18,25,26,27,28,35,36,37
1094,6,7,8,15,16,17,18,25,26,27,28,35,36,37
1095,6,7,8,15,16,17,18,25,26,27,28,35,36,37
1096,6,7,8,15,16,17,18,25,26,27,28,35,36,37
1097,6,7,8,15,16,17,18,25,26,27,28,36,37
1098,6,7,8,15,16,17,18,25,26,27,28,36,37
1099,5,6,7,8,15,16,17,18,25,26,27,28,36,37
1100,5,6,7,8,15,16,17,18,25,26,27,28,36,37
1101,5,6,7,8,15,16,17,18,25,26,27,28,36,37
1102,5,6,7,8,15,16,17,18,25,26,27,28,36,37
1103,5,6,7,8,15,16,17,18,25,26,27,28,36,37
1104,5,6,7,8,15,16,17,18,25,26,27,28,36,37
1105,5,6,7,8,15,16,17,18,25,26,27,28,36,37
1106,5,6,7,8,15,16,17,18,25,26,27,28,36,37
1107,5,6,7,8,15,16,17,18,25,26,27,28,36,37
1108,5,6,7,8,15,16,17,18,25,26,27,28,36,37
1109,5,6,7,8,15,16,17,18,25,26,27,28,36,37
1110,5,6,7,8,15,16,17,18,25,26,27,28,36,37
1111,5,6,7,8,15,16,17,18,25,26,27,28,36,37
1112,5,6,7,8,15,16,17,18,25,26,27,28,36,37
1113,5,6,7,8,15,16,17,18,25,26,27,28,36,37
1114,5,6,7,8,15,16,17,18,25,26,27,28,36,37
1115,5,6,7,8,15,16,17,18,25,26,27,28,36,37
1116,5,6,7,8,15,16,17,18,25,26,27,28,36,37
1117,5,6,7,8,15,16,17,18,25,26,27,28,36,37
1118,5,6,7,8,15,16,17,18,25,26,27,28,36,37
1119,5,6,7,8,15,16,17,18,25,26,27,28,36,37
1120,5,6,7,8,15,16,17,18,25,26,27,28,36,37
1121,5,6,7,8,15,16,17,18,25,26,27,28,36,37
1122,5,6,7,8,15,16,17,18,25,26,27,28,36,37
1123,5,6,7,8,15,16,17,18,25,26,27,28,36,37
1124,5,6,7,8,15,16,17,18,25,26,27,28,36,37
1125,5,6,7,8,15,16,17,18,25,26,27,28,36,37
1126,5,6,7,8,15,16,17,18,25,26,27,28,36,37
1127,5,6,7,8,15,16,17,18,25,26,27,28,36,37
1128,5,6,7,8,15,16,17,18,25,26,27,28,36,37
1129,5,6,7,8,15,16,17,18,25,26,27,28,36,37
1130,5,6,7,8,15,16,17,18,25,26,27,28,36,37
1131,5,6,7,8,15,16,17,18,25,26,27,28,36,37
1132,5,6,7,8,15,16,17,18,25,26,27,28,36,37
1133,5,6,7,8,15,16,17,18,25,26,27,28,36,37
1134,5,6,7,8,15,16,17,18,25,26,27,28,36,37
1135,5,6,7,8,15,16,17,18,25,26,27,28,36,37
1136,5,6,7,8,15,16,17,18,25,26,27,28,36,37
1137,5,6,7,8,15,16,17,18,25,26,27,28,36,37
1138,5,6,7,8,15,16,17,18,25,26,27,28,36,37
1139,5,6,7,8,15,16,17,18,25,26,27,28,36,37
1140,5,6,7,8,15,16,17,18,25,26,27,28,36,37
1141,5,6,7,8,15,16,17,18,25,26,27,28,36,37
1142,5,6,7,8,15,16,17,18,25,26,27,28,36,37
1143,5,6,7,8,15,16,17,18,25,26,27,28,36,37
1144,5,6,7,8,15,16,17,18,25,26,27,28,36,37
1145,5,6,7,8,15,16,17,18,25,26,27,28,36,37
1146,5,6,7,8,15,16,17,18,25,26,27,28,36,37
1147,5,6,7,8,15,16,17,18,25,26,27,28,36,37
1148,5,6,7,8,15,16,17,18,25,26,27,28,36,37
1149,5,6,7,8,15,16,17,18,25,26,27,28,36,37
1150,5,6,7,8,15,16,17,18,25,26,27,28,36,37
1151,5,6,7,8,15,16,17,18,25,26,27,28,36,37
1152,5,6,7,8,15,16,17,18,25,26,27,28,36,37
1153,5,6,7,8,15,16,17,18,25,26,27,28,36,37
1154,5,6,7,8,15,16,17,18,25,26,27,28,36,37
1155,5,6,7,8,15,16,17,18,25,26,27,28,36,37
1156,5,6,7,8,15,16,17,18,25,26,27,28,36,37
1157,6,7,8,15,16,17,18,25,26,27,28,36,37,38
1158,6,7,8,15,16,17,18,25,26,27,28,36,37,38
1159,6,7,8,15,16,17,18,25,26,27,28,36,37,38
1160,6,7,8,15,16,17,18,25,26,27,28,36,37,38
1161,6,7,8,16,17,18,26,27,28,36,37,38
1162,6,7,8,16,17,18,26,27,28,36,37,38
1163,6,7,8,16,17,18,19,26,27,28,36,37,38
1164,6,7,8,16,17,18,19,26,27,28,36,37,38
1165,6,7,8,16,17,18,19,26,27,28,29,36,37,38
1166,6,7,8,16,17,18,19,26,27,28,29,36,37,38
1167,6,7,8,16,17,18,19,26,27,28,29,36,37,38
1168,6,7,8,16,17,18,19,26,27,28,29,36,37,38
1169,6,7,8,16,17,18,19,26,27,28,29,36,37,38
1170,6,7,8,16,17,18,19,26,27,28,29,36,37,38
1171,6,7,8,16,17,18,19,26,27,28,29,36,37,38
1172,6,7,8,16,17,18,19,26,27,28,29,36,37,38
1173,6,7,8,16,17,18,19,26,27,28,36,37,38
1174,6,7,8,16,17,18,19,26,27,28,36,37,38
1175,6,7,8,15,16,17,18,25,26,27,28,36,37,38
1176,6,7,8,15,16,17,18,25,26,27,28,36,37,38
1177,6,7,8,15,16,17,18,25,26,27,28,36,37,38
1178,6,7,8,15,16,17,18,25,26,27,28,36,37,38
1179,6,7,8,15,16,17,18,25,26,27,28,36,37,38
1180,6,7,8,15,16,17,18,25,26,27,28,36,37,38
1181,6,7,8,15,16,17,18,25,26,27,28,36,37,38
1182,6,7,8,15,16,17,18,25,26,27,28,36,37,38
1183,6,7,8,15,16,17,18,25,26,27,28,36,37,38
1184,6,7,8,15,16,17,18,25,26,27,28,36,37,38
1185,6,7,8,15,16,17,18,25,26,27,28,36,37,38
1186,6,7,8,15,16,17,18,25,26,27,28,36,37,38
1187,6,7,8,15,16,17,18,25,26,27,28,36,37
1188,6,7,8,15,16,17,18,25,26,27,28,36,37
1189,6,7,8,15,16,17,18,25,26,27,28,36,37
1190,6,7,8,15,16,17,18,25,26,27,28,36,37
1191,6,7,8,15,16,17,18,25,26,27,28,36,37
1192,6,7,8,15,16,17,18,25,26,27,28,36,37
1193,6,7,8,15,16,17,18,25,26,27,28,36,37
1194,6,7,8,15,16,17,18,25,26,27,28,36,37
1195,6,7,8,15,16,17,18,25,26,27,28,35,36,37
1196,6,7,8,15,16,17,18,25,26,27,28,35,36,37
1197,6,7,15,16,17,18,25,26,27,28,35,36,37
1198,6,7,15,16,17,18,25,26,27,28,35,36,37
1199,6,7,15,16,17,18,25,26,27,28,35,36,37
1200,6,7,15,16,17,18,25,26,27,28,35,36,37
1201,5,6,7,15,16,17,25,26,27,35,36,37
1202,5,6,7,15,16,17,25,26,27,35,36,37
1203,5,6,7,14,15,16,17,24,25,26,27,35,36,37
1204,5,6,7,14,15,16,17,24,25,26,27,35,36,37
1205,5,6,7,14,15,16,17,24,25,26,27,35,36,37
1206,5,6,7,14,15,16,17,24,25,26,27,35,36,37
1207,5,6,7,14,15,16,17,24,25,26,27,35,36,37
1208,5,6,7,14,15,16,17,24,25,26,27,35,36,37
1209,5,6,7,14,15,16,17,24,25,26,27,35,36
1210,5,6,7,14,15,16,17,24,25,26,27,35,36
1211,5,6,7,14,15,16,17,24,25,26,27,35,36
1212,5,6,7,14,15,16,17,24,25,26,27,35,36
1213,4,5,6,7,14,15,16,17,24,25,26,27,35,36
1214,4,5,6,7,14,15,16,17,24,25,26,27,35,36
1215,4,5,6,7,14,15,16,17,24,25,26,27,35,36
1216,4,5,6,7,14,15,16,17,24,25,26,27,35,36
1217,4,5,6,7,14,15,16,17,24,25,26,27,35,36
1218,4,5,6,7,14,15,16,17,24,25,26,27,35,36
1219,4,5,6,7,14,15,16,17,24,25,26,27,34,35,36
1220,4,5,6,7,14,15,16,17,24,25,26,27,34,35,36
1221,4,5,6,7,14,15,16,17,24,25,26,27,34,35,36
1222,4,5,6,7,14,15,16,17,24,25,26,27,34,35,36
1223,4,5,6,7,14,15,16,17,24,25,26,27,34,35,36
1224,4,5,6,7,14,15,16,17,24,25,26,27,34,35,36
1225,4,5,6,7,14,15,16,17,24,25,26,27,34,35,36
1226,4,5,6,7,14,15,16,17,24,25,26,27,34,35,36
1227,4,5,6,7,14,15,16,17,24,25,26,27,34,35,36
1228,4,5,6,7,14,15,16,17,24,25,26,27,34,35,36
1229,4,5,6,7,14,15,16,17,24,25,26,27,34,35,36
1230,4,5,6,7,14,15,16,17,24,25,26,27,34,35,36
1231,4,5,6,7,14,15,16,17,24,25,26,27,34,35,36
1232,4,5,6,7,14,15,16,17,24,25,26,27,34,35,36
1233,4,5,6,7,14,15,16,17,24,25,26,27,34,35,36
1234,4,5,6,7,14,15,16,17,24,25,26,27,34,35,36
1235,4,5,6,7,14,15,16,17,24,25,26,27,34,35,36
1236,4,5,6,7,14,15,16,17,24,25,26,27,34,35,36
1237,4,5,6,7,14,15,16,17,24,25,26,27,34,35,36
1238,4,5,6,7,14,15,16,17,24,25,26,27,34,35,36
1239,4,5,6,7,14,15,16,17,24,25,26,27,34,35,36
1240,4,5,6,7,14,15,16,17,24,25,26,27,34,35,36
1241,4,5,6,7,14,15,16,17,24,25,26,27,34,35,36
1242,4,5,6,7,14,15,16,17,24,25,26,27,34,35,36
1243,4,5,6,7,14,15,16,17,24,25,26,27,34,35,36
1244,4,5,6,7,14,15,16,17,24,25,26,27,34,35,36
1245,4,5,6,7,14,15,16,17,24,25,26,27,34,35,36
1246,4,5,6,7,14,15,16,17,24,25,26,27,34,35,36
1247,4,5,6,7,14,15,16,17,24,25,26,27,34,35,36
1248,4,5,6,7,14,15,16,17,24,25,26,27,34,35,36
1249,4,5,6,7,14,15,16,17,24,25,26,27,34,35,36
1250,4,5,6,7,14,15,16,17,24,25,26,27,34,35,36
1251,4,5,6,7,14,15,16,17,24,25,26,27,35,36
1252,4,5,6,7,14,15,16,17,24,25,26,27,35,36
1253,4,5,6,7,14,15,16,17,24,25,26,27,35,36
1254,4,5,6,7,14,15,16,17,24,25,26,27,35,36
1255,4,5,6,7,14,15,16,17,24,25,26,27,35,36
1256,4,5,6,7,14,15,16,17,24,25,26,27,35,36
1257,4,5,6,7,14,15,16,17,24,25,26,27,35,36
1258,4,5,6,7,14,15,16,17,24,25,26,27,35,36
1259,4,5,6,7,14,15,16,17,24,25,26,27,35,36
1260,4,5,6,7,14,15,16,17,24,25,26,27,35,36
1261,4,5,6,7,14,15,16,17,24,25,26,27,35,36
1262,4,5,6,7,14,15,16,17,24,25,26,27,35,36
1263,4,5,6,7,14,15,16,17,24,25,26,27,35,36
1264,4,5,6,7,14,15,16,17,24,25,26,27,35,36
1265,4,5,6,7,14,15,16,17,24,25,26,27,35,36
1266,4,5,6,7,14,15,16,17,24,25,26,27,35,36
1267,4,5,6,7,14,15,16,17,24,25,26,27,35,36
1268,4,5,6,7,14,15,16,17,24,25,26,27,35,36
1269,4,5,6,7,14,15,16,17,24,25,26,27,35,36
1270,4,5,6,7,14,15,16,17,24,25,26,27,35,36
1271,4,5,6,7,14,15,16,17,24,25,26,27,35,36
1272,4,5,6,7,14,15,16,17,24,25,26,27,35,36
1273,4,5,6,7,14,15,16,17,24,25,26,27,35,36
1274,4,5,6,7,14,15,16,17,24,25,26,27,35,36
1275,4,5,6,7,14,15,16,17,24,25,26,27,35,36
1276,4,5,6,7,14,15,16,17,24,25,26,27,35,36
1277,4,5,6,7,14,15,16,17,24,25,26,27,35,36
1278,4,5,6,7,14,15,16,17,24,25,26,27,35,36
1279,4,5,6,7,14,15,16,17,24,25,26,27,35,36
1280,4,5,6,7,14,15,16,17,24,25,26,27,35,36
1281,4,5,6,7,14,15,16,17,24,25,26,27,35,36
1282,4,5,6,7,14,15,16,17,24,25,26,27,35,36
1283,4,5,6,7,14,15,16,17,24,25,26,27,35,36
1284,4,5,6,7,14,15,16,17,24,25,26,27,35,36
1285,4,5,6,7,14,15,16,17,24,25,26,27,35,36,37
1286,4,5,6,7,14,15,16,17,24,25,26,27,35,36,37
1287,4,5,6,7,14,15,16,17,24,25,26,27,35,36,37
1288,4,5,6,7,14,15,16,17,24,25,26,27,35,36,37
1289,4,5,6,7,14,15,16,17,24,25,26,27,35,36,37
1290,4,5,6,7,14,15,16,17,24,25,26,27,35,36,37
1291,4,5,6,7,14,15,16,17,24,25,26,27,35,36,37
1292,4,5,6,7,14,15,16,17,24,25,26,27,35,36,37
1293,5,6,7,14,15,16,17,18,24,25,26,27,35,36,37
1294,5,6,7,14,15,16,17,18,24,25,26,27,35,36,37
1295,5,6,7,14,15,16,17,18,25,26,27,35,36,37
1296,5,6,7,14,15,16,17,18,25,26,27,35,36,37
1297,5,6,7,14,15,16,17,18,25,26,27,28,35,36,37
1298,5,6,7,14,15,16,17,18,25,26,27,28,35,36,37
1299,5,6,7,8,14,15,16,17,18,25,26,27,28,35,36,37
1300,5,6,7,8,14,15,16,17,18,25,26,27,28,35,36,37
1301,5,6,7,8,15,16,17,18,25,26,27,28,35,36,37
1302,5,6,7,8,15,16,17,18,25,26,27,28,35,36,37
1303,5,6,7,8,15,16,17,18,25,26,27,28,35,36,37
1304,5,6,7,8,15,16,17,18,25,26,27,28,35,36,37
1305,5,6,7,8,15,16,17,18,25,26,27,28,35,36,37
1306,5,6,7,8,15,16,17,18,25,26,27,28,35,36,37
1307,5,6,7,8,15,16,17,18,25,26,27,28,35,36,37
1308,5,6,7,8,15,16,17,18,25,26,27,28,35,36,37
1309,5,6,7,8,15,16,17,18,25,26,27,28,35,36,37
1310,5,6,7,8,15,16,17,18,25,26,27,28,35,36,37
1311,5,6,7,8,15,16,17,18,25,26,27,28,35,36,37
1312,5,6,7,8,15,16,17,18,25,26,27,28,35,36,37
1313,5,6,7,8,15,16,17,18,25,26,27,28,35,36,37
1314,5,6,7,8,15,16,17,18,25,26,27,28,35,36,37
1315,5,6,7,8,15,16,17,18,25,26,27,28,35,36,37
1316,5,6,7,8,15,16,17,18,25,26,27,28,35,36,37
1317,5,6,7,8,15,16,17,18,25,26,27,28,35,36,37
1318,5,6,7,8,15,16,17,18,25,26,27,28,35,36,37
1319,5,6,7,8,15,16,17,18,25,26,27,28,36,37
1320,5,6,7,8,15,16,17,18,25,26,27,28,36,37
1321,5,6,7,8,15,16,17,18,25,26,27,28,36,37
1322,5,6,7,8,15,16,17,18,25,26,27,28,36,37
1323,5,6,7,8,15,16,17,18,25,26,27,28,36,37
1324,5,6,7,8,15,16,17,18,25,26,27,28,36,37
1325,5,6,7,8,15,16,17,18,25,26,27,28,36,37
1326,5,6,7,8,15,16,17,18,25,26,27,28,36,37
1327,5,6,7,8,15,16,17,18,25,26,27,28,36,37
1328,5,6,7,8,15,16,17,18,25,26,27,28,36,37
1329,5,6,7,8,15,16,17,18,25,26,27,28,36,37
1330,5,6,7,8,15,16,17,18,25,26,27,28,36,37
1331,5,6,7,8,15,16,17,18,25,26,27,28,36,37
1332,5,6,7,8,15,16,17,18,25,26,27,28,36,37
1333,5,6,7,8,15,16,17,18,25,26,27,28,36,37
1334,5,6,7,8,15,16,17,18,25,26,27,28,36,37
1335,5,6,7,8,15,16,17,18,25,26,27,28,36,37
1336,5,6,7,8,15,16,17,18,25,26,27,28,36,37
1337,5,6,7,8,15,16,17,18,25,26,27,28,36,37
1338,5,6,7,8,15,16,17,18,25,26,27,28,36,37
1339,5,6,7,8,15,16,17,18,25,26,27,28,36,37
1340,5,6,7,8,15,16,17,18,25,26,27,28,36,37
1341,5,6,7,8,15,16,17,18,25,26,27,28,36,37
1342,5,6,7,8,15,16,17,18,25,26,27,28,36,37
1343,5,6,7,8,15,16,17,18,25,26,27,28,36,37
1344,5,6,7,8,15,16,17,18,25,26,27,28,36,37
1345,5,6,7,8,15,16,17,18,25,26,27,28,35,36,37
1346,5,6,7,8,15,16,17,18,25,26,27,28,35,36,37
1347,5,6,7,8,14,15,16,17,18,25,26,27,28,35,36,37
1348,5,6,7,8,14,15,16,17,18,25,26,27,28,35,36,37
1349,4,5,6,7,8,14,15,16,17,18,24,25,26,27,35,36,37
1350,4,5,6,7,8,14,15,16,17,18,24,25,26,27,35,36,37
1351,4,5,6,7,8,14,15,16,17,18,24,25,26,27,35,36
1352,4,5,6,7,8,14,15,16,17,18,24,25,26,27,35,36
1353,4,5,6,7,8,14,15,16,17,18,24,25,26,27,35,36
1354,4,5,6,7,8,14,15,16,17,18,24,25,26,27,35,36
1355,4,5,6,7,8,14,15,16,17,18,24,25,26,27,35,36
1356,4,5,6,7,8,14,15,16,17,18,24,25,26,27,35,36
1357,4,5,6,7,8,14,15,16,17,18,24,25,26,27,36
1358,4,5,6,7,8,14,15,16,17,18,24,25,26,27,36
1359,4,5,6,7,8,14,15,16,17,18,24,25,26,27,35,36
1360,4,5,6,7,8,14,15,16,17,18,24,25,26,27,35,36
1361,4,5,6,7,8,14,15,16,17,18,24,25,26,27,35,36,37
1362,4,5,6,7,8,14,15,16,17,18,24,25,26,27,35,36,37
1363,4,5,6,7,8,14,15,16,17,18,25,26,27,35,36,37
1364,4,5,6,7,8,14,15,16,17,18,25,26,27,35,36,37
1365,4,5,6,7,8,14,15,16,17,18,25,26,27,35,36,37
1366,4,5,6,7,8,14,15,16,17,18,25,26,27,35,36,37
1367,5,6,7,8,14,15,16,17,18,25,26,27,28,35,36,37
1368,5,6,7,8,14,15,16,17,18,25,26,27,28,35,36,37
1369,5,6,7,8,14,15,16,17,18,25,26,27,28,35,36,37
1370,5,6,7,8,14,15,16,17,18,25,26,27,28,35,36,37
1371,5,6,7,15,16,17,18,25,26,27,28,35,36,37
1372,5,6,7,15,16,17,18,25,26,27,28,35,36,37
1373,5,6,7,15,16,17,18,25,26,27,28,35,36,37
1374,5,6,7,15,16,17,18,25,26,27,28,35,36,37
1375,5,6,7,15,16,17,18,25,26,27,28,35,36,37
1376,5,6,7,15,16,17,18,25,26,27,28,35,36,37
1377,5,6,7,15,16,17,18,25,26,27,28,35,36,37
1378,5,6,7,15,16,17,18,25,26,27,28,35,36,37
1379,5,6,7,15,16,17,18,25,26,27,35,36,37
1380,5,6,7,15,16,17,18,25,26,27,35,36,37
1381,5,6,7,15,16,17,25,26,27,35,36,37
1382,5,6,7,15,16,17,25,26,27,35,36,37
1383,5,6,7,15,16,17,25,26,27,35,36,37
1384,5,6,7,15,16,17,25,26,27,35,36,37
1385,6,7,15,16,17,25,26,27,35,36,37
1386,6,7,15,16,17,25,26,27,35,36,37
1387,6,7,15,16,17,25,26,27,35,36,37
1388,6,7,15,16,17,25,26,27,35,36,37
1389,6,7,15,16,17,25,26,27,35,36,37
1390,6,7,15,16,17,25,26,27,35,36,37
1391,6,7,15,16,17,25,26,27,35,36,37
1392,6,7,15,16,17,25,26,27,35,36,37
1393,6,7,15,16,17,25,26,27,35,36,37
1394,6,7,15,16,17,25,26,27,35,36,37
1395,6,7,15,16,17,25,26,27,35,36,37
1396,6,7,15,16,17,25,26,27,35,36,37
1397,6,7,15,16,17,25,26,27,35,36,37
1398,6,7,15,16,17,25,26,27,35,36,37
1399,6,7,15,16,17,25,26,27,35,36,37
1400,6,7,15,16,17,25,26,27,35,36,37
1401,6,7,15,16,17,25,26,27,35,36,37
1402,6,7,15,16,17,25,26,27,35,36,37
1403,6,7,15,16,17,25,26,27,35,36,37
1404,6,7,15,16,17,25,26,27,35,36,37
1405,6,7,15,16,17,25,26,27,35,36,37
1406,6,7,15,16,17,25,26,27,35,36,37
1407,6,7,15,16,17,25,26,27,28,35,36,37
1408,6,7,15,16,17,25,26,27,28,35,36,37
1409,6,7,15,16,17,25,26,27,28,35,36,37
1410,6,7,15,16,17,25,26,27,28,35,36,37
1411,6,7,15,16,17,25,26,27,35,36,37
1412,6,7,15,16,17,25,26,27,35,36,37
1413,6,7,15,16,17,25,26,27,35,36,37
1414,6,7,15,16,17,25,26,27,35,36,37
1415,6,7,15,16,17,25,26,27,35,36,37
1416,6,7,15,16,17,25,26,27,35,36,37
1417,6,7,15,16,17,25,26,27,35,36,37
1418,6,7,15,16,17,25,26,27,35,36,37
1419,6,7,15,16,17,25,26,27,35,36,37
1420,6,7,15,16,17,25,26,27,35,36,37
1421,6,7,15,16,17,25,26,27,35,36,37
1422,6,7,15,16,17,25,26,27,35,36,37
1423,6,7,15,16,17,25,26,27,35,36,37
1424,6,7,15,16,17,25,26,27,35,36,37
1425,6,7,15,16,17,25,26,27,35,36,37
1426,6,7,15,16,17,25,26,27,35,36,37
1427,6,7,15,16,17,25,26,27,35,36,37
1428,6,7,15,16,17,25,26,27,35,36,37
1429,6,7,15,16,17,25,26,27,35,36,37
1430,6,7,15,16,17,25,26,27,35,36,37
1431,6,7,15,16,17,25,26,27,35,36,37
1432,6,7,15,16,17,25,26,27,35,36,37
1433,6,7,15,16,17,25,26,27,28,35,36,37
1434,6,7,15,16,17,25,26,27,28,35,36,37
1435,6,7,15,16,17,18,25,26,27,28,35,36,37
1436,6,7,15,16,17,18,25,26,27,28,35,36,37
1437,6,7,15,16,17,18,25,26,27,28,35,36,37
1438,6,7,15,16,17,18,25,26,27,28,35,36,37
1439,6,7,15,16,17,18,25,26,27,28,35,36,37
1440,6,7,15,16,17,18,25,26,27,28,35,36,37
1441,6,7,15,16,17,18,25,26,27,28,35,36,37
1442,6,7,15,16,17,18,25,26,27,28,35,36,37
1443,6,7,15,16,17,18,25,26,27,28,35,36,37
1444,6,7,15,16,17,18,25,26,27,28,35,36,37
1445,6,7,15,16,17,18,25,26,27,28,35,36,37
1446,6,7,15,16,17,18,25,26,27,28,35,36,37
1447,6,7,15,16,17,18,25,26,27,28,35,36,37
1448,6,7,15,16,17,18,25,26,27,28,35,36,37
1449,6,7,15,16,17,18,25,26,27,28,35,36,37
1450,6,7,15,16,17,18,25,26,27,28,35,36,37
1451,6,7,15,16,17,18,25,26,27,28,35,36,37
1452,6,7,15,16,17,18,25,26,27,28,35,36,37
1453,6,7,8,15,16,17,18,25,26,27,28,35,36,37
1454,6,7,8,15,16,17,18,25,26,27,28,35,36,37
1455,6,7,8,15,16,17,18,25,26,27,28,36,37
1456,6,7,8,15,16,17,18,25,26,27,28,36,37
1457,6,7,8,15,16,17,18,25,26,27,28,36,37
1458,6,7,8,15,16,17,18,25,26,27,28,36,37
1459,6,7,8,15,16,17,18,25,26,27,28,36,37
1460,6,7,8,15,16,17,18,25,26,27,28,36,37
1461,6,7,8,15,16,17,18,25,26,27,28,36,37
1462,6,7,8,15,16,17,18,25,26,27,28,36,37
1463,6,7,8,15,16,17,18,25,26,27,28,36,37
1464,6,7,8,15,16,17,18,25,26,27,28,36,37
1465,6,7,8,15,16,17,18,25,26,27,28,36,37
1466,6,7,8,15,16,17,18,25,26,27,28,36,37
1467,6,7,8,15,16,17,18,25,26,27,28,36,37
1468,6,7,8,15,16,17,18,25,26,27,28,36,37
1469,6,7,8,15,16,17,18,25,26,27,28,36,37
1470,6,7,8,15,16,17,18,25,26,27,28,36,37
1471,6,7,8,15,16,17,18,25,26,27,28,36,37
1472,6,7,8,15,16,17,18,25,26,27,28,36,37
1473,6,7,8,15,16,17,18,25,26,27,28,36,37
1474,6,7,8,15,16,17,18,25,26,27,28,36,37
1475,6,7,8,15,16,17,18,25,26,27,28,36,37,38
1476,6,7,8,15,16,17,18,25,26,27,28,36,37,38
1477,6,7,8,15,16,17,18,25,26,27,28,36,37,38
1478,6,7,8,15,16,17,18,25,26,27,28,36,37,38
1479,6,7,8,15,16,17,18,25,26,27,28,36,37,38
1480,6,7,8,15,16,17,18,25,26,27,28,36,37,38
1481,6,7,8,15,16,17,18,25,26,27,28,36,37,38
1482,6,7,8,15,16,17,18,25,26,27,28,36,37,38
1483,6,7,8,15,16,17,18,25,26,27,28,36,37,38
1484,6,7,8,15,16,17,18,25,26,27,28,36,37,38
1485,6,7,8,15,16,17,18,25,26,27,28,36,37
1486,6,7,8,15,16,17,18,25,26,27,28,36,37
1487,6,7,8,15,16,17,18,25,26,27,28,36,37,38
1488,6,7,8,15,16,17,18,25,26,27,28,36,37,38
1489,6,7,8,15,16,17,18,25,26,27,28,36,37
1490,6,7,8,15,16,17,18,25,26,27,28,36,37
1491,6,7,8,15,16,17,18,25,26,27,28,36,37
1492,6,7,8,15,16,17,18,25,26,27,28,36,37
1493,6,7,8,15,16,17,18,25,26,27,28,36,37
1494,6,7,8,15,16,17,18,25,26,27,28,36,37
1495,6,7,8,15,16,17,18,25,26,27,28,36,37
1496,6,7,8,15,16,17,18,25,26,27,28,36,37
1497,6,7,8,15,16,17,18,25,26,27,28,36,37
1498,6,7,8,15,16,17,18,25,26,27,28,36,37
1499,6,7,8,15,16,17,18,25,26,27,28,36,37
1500,6,7,8,15,16,17,18,25,26,27,28,36,37
1501,6,7,8,15,16,17,18,25,26,27,28,36,37
1502,6,7,8,15,16,17,18,25,26,27,28,36,37
1503,6,7,8,15,16,17,18,25,26,27,28,36,37
1504,6,7,8,15,16,17,18,25,26,27,28,36,37
1505,6,7,15,16,17,18,25,26,27,28,35,36,37
1506,6,7,15,16,17,18,25,26,27,28,35,36,37
1507,6,7,15,16,17,18,25,26,27,28,35,36,37
1508,6,7,15,16,17,18,25,26,27,28,35,36,37
1509,6,7,15,16,17,18,25,26,27,28,35,36,37
1510,6,7,15,16,17,18,25,26,27,28,35,36,37
1511,6,7,15,16,17,25,26,27,35,36,37
1512,6,7,15,16,17,25,26,27,35,36,37
1513,6,7,15,16,17,25,26,27,35,36,37
1514,6,7,15,16,17,25,26,27,35,36,37
1515,6,7,15,16,17,24,25,26,27,35,36,37
1516,6,7,15,16,17,24,25,26,27,35,36,37
1517,6,14,15,16,17,24,25,26,27,35,36,37
1518,6,14,15,16,17,24,25,26,27,35,36,37
1519,6,14,15,16,17,24,25,26,27,35,36,37
1520,6,14,15,16,17,24,25,26,27,35,36,37
1521,6,14,15,16,17,24,25,26,27,35,36,37
1522,6,14,15,16,17,24,25,26,27,35,36,37
1523,6,14,15,16,17,24,25,26,27,35,36,37
1524,6,14,15,16,17,24,25,26,27,35,36,37
1525,6,14,15,16,17,24,25,26,27,35,36,37
1526,6,14,15,16,17,24,25,26,27,35,36,37
1527,6,14,15,16,17,24,25,26,27,35,36,37
1528,6,14,15,16,17,24,25,26,27,35,36,37
1529,6,14,15,16,17,24,25,26,27,35,36,37
1530,6,14,15,16,17,24,25,26,27,35,36,37
1531,6,14,15,16,17,24,25,26,27,35,36,37
1532,6,14,15,16,17,24,25,26,27,35,36,37
1533,6,14,15,16,17,24,25,26,27,35,36,37
1534,6,14,15,16,17,24,25,26,27,35,36,37
1535,6,14,15,16,17,24,25,26,27,35,36,37
1536,6,14,15,16,17,24,25,26,27,35,36,37
1537,6,14,15,16,17,24,25,26,27,35,36,37
1538,6,14,15,16,17,24,25,26,27,35,36,37
1539,6,14,15,16,17,24,25,26,27,35,36,37
1540,6,14,15,16,17,24,25,26,27,35,36,37
1541,6,14,15,16,17,24,25,26,27,35,36,37
1542,6,14,15,16,17,24,25,26,27,35,36,37
1543,6,14,15,16,17,24,25,26,27,35,36,37
1544,6,14,15,16,17,24,25,26,27,35,36,37
1545,6,14,15,16,17,24,25,26,27,35,36,37
1546,6,14,15,16,17,24,25,26,27,35,36,37
1547,6,14,15,16,17,24,25,26,27,35,36,37
1548,6,14,15,16,17,24,25,26,27,35,36,37
1549,6,14,15,16,17,24,25,26,27,35,36,37
1550,6,14,15,16,17,24,25,26,27,35,36,37
1551,6,14,15,16,17,24,25,26,27,35,36,37
1552,6,14,15,16,17,24,25,26,27,35,36,37
1553,6,14,15,16,17,24,25,26,27,35,36,37
1554,6,14,15,16,17,24,25,26,27,35,36,37
1555,6,7,14,15,16,17,24,25,26,27,35,36,37
1556,6,7,14,15,16,17,24,25,26,27,35,36,37
1557,6,7,14,15,16,17,24,25,26,27,35,36,37
1558,6,7,14,15,16,17,24,25,26,27,35,36,37
1559,6,7,14,15,16,17,24,25,26,27,35,36,37
1560,6,7,14,15,16,17,24,25,26,27,35,36,37
1561,6,7,14,15,16,17,24,25,26,27,35,36,37
1562,6,7,14,15,16,17,24,25,26,27,35,36,37
1563,6,7,14,15,16,17,24,25,26,27,35,36,37
1564,6,7,14,15,16,17,24,25,26,27,35,36,37
1565,6,7,14,15,16,17,24,25,26,27,35,36,37
1566,6,7,14,15,16,17,24,25,26,27,35,36,37
1567,6,7,14,15,16,17,24,25,26,27,35,36,37
1568,6,7,14,15,16,17,24,25,26,27,35,36,37
1569,6,7,14,15,16,17,24,25,26,27,35,36,37
1570,6,7,14,15,16,17,24,25,26,27,35,36,37
1571,6,7,14,15,16,17,24,25,26,27,35,36,37
1572,6,7,14,15,16,17,24,25,26,27,35,36,37
1573,6,7,14,15,16,17,24,25,26,27,35,36,37
1574,6,7,14,15,16,17,24,25,26,27,35,36,37
1575,6,7,14,15,16,17,24,25,26,27,35,36,37
1576,6,7,14,15,16,17,24,25,26,27,35,36,37
1577,6,7,14,15,16,17,24,25,26,27,35,36,37
1578,6,7,14,15,16,17,24,25,26,27,35,36,37
1579,6,7,14,15,16,17,24,25,26,27,35,36,37
1580,6,7,14,15,16,17,24,25,26,27,35,36,37
1581,6,14,15,16,17,24,25,26,27,35,36,37
1582,6,14,15,16,17,24,25,26,27,35,36,37
1583,6,14,15,16,17,24,25,26,27,35,36,37
1584,6,14,15,16,17,24,25,26,27,35,36,37
1585,6,14,15,16,17,24,25,26,27,35,36,37
1586,6,14,15,16,17,24,25,26,27,35,36,37
1587,6,14,15,16,17,24,25,26,27,35,36,37
1588,6,14,15,16,17,24,25,26,27,35,36,37
1589,6,14,15,16,17,24,25,26,27,35,36,37
1590,6,14,15,16,17,24,25,26,27,35,36,37
1591,6,14,15,16,17,24,25,26,27,35,36,37
1592,6,14,15,16,17,24,25,26,27,35,36,37
1593,6,14,15,16,17,24,25,26,27,35,36,37
1594,6,14,15,16,17,24,25,26,27,35,36,37
1595,6,14,15,16,17,24,25,26,27,35,36,37
1596,6,14,15,16,17,24,25,26,27,35,36,37
1597,6,14,15,16,17,24,25,26,27,35,36,37
1598,6,14,15,16,17,24,25,26,27,35,36,37
1599,6,14,15,16,17,24,25,26,27,35,36,37
1600,6,14,15,16,17,24,25,26,27,35,36,37
1601,6,14,15,16,17,24,25,26,27,35,36,37
1602,6,14,15,16,17,24,25,26,27,35,36,37
1603,6,14,15,16,17,24,25,26,27,35,36,37
1604,6,14,15,16,17,24,25,26,27,35,36,37
1605,6,14,15,16,17,24,25,26,27,35,36,37
1606,6,14,15,16,17,24,25,26,27,35,36,37
1607,6,14,15,16,17,24,25,26,27,35,36,37
1608,6,14,15,16,17,24,25,26,27,35,36,37
1609,6,14,15,16,17,24,25,26,27,35,36,37
1610,6,14,15,16,17,24,25,26,27,35,36,37
1611,6,14,15,16,17,24,25,26,27,35,36,37
1612,6,14,15,16,17,24,25,26,27,35,36,37
1613,6,14,15,16,17,24,25,26,27,34,35,36,37
1614,6,14,15,16,17,24,25,26,27,34,35,36,37
1615,6,14,15,16,17,24,25,26,27,34,35,36,37
1616,6,14,15,16,17,24,25,26,27,34,35,36,37
1617,14,15,16,17,24,25,26,27,34,35,36,37
1618,14,15,16,17,24,25,26,27,34,35,36,37
1619,14,15,16,24,25,26,27,34,35,36,37
1620,14,15,16,24,25,26,27,34,35,36,37
1621,14,15,16,24,25,26,27,34,35,36
1622,14,15,16,24,25,26,27,34,35,36
1623,14,15,16,24,25,26,34,35,36
1624,14,15,16,24,25,26,34,35,36
1625,14,15,16,24,25,26,34,35,36
1626,14,15,16,24,25,26,34,35,36
1627,5,14,15,16,24,25,26,34,35,36
1628,5,14,15,16,24,25,26,34,35,36
1629,5,14,15,16,24,25,26,34,35,36
1630,5,14,15,16,24,25,26,34,35,36
1631,5,6,14,15,16,24,25,26,34,35,36
1632,5,6,14,15,16,24,25,26,34,35,36
1633,5,6,14,15,16,24,25,26,34,35,36
1634,5,6,14,15,16,24,25,26,34,35,36
1635,5,6,14,15,16,24,25,26,34,35,36
1636,5,6,14,15,16,24,25,26,34,35,36
1637,5,6,14,15,16,24,25,26,34,35,36
1638,5,6,14,15,16,24,25,26,34,35,36
1639,5,6,14,15,16,24,25,26,34,35,36
1640,5,6,14,15,16,24,25,26,34,35,36
1641,5,6,14,15,16,24,25,26,34,35,36
1642,5,6,14,15,16,24,25,26,34,35,36
1643,5,6,14,15,16,24,25,26,34,35,36
1644,5,6,14,15,16,24,25,26,34,35,36
1645,5,6,14,15,16,17,24,25,26,27,34,35,36
1646,5,6,14,15,16,17,24,25,26,27,34,35,36
1647,5,6,14,15,16,17,24,25,26,27,34,35,36
1648,5,6,14,15,16,17,24,25,26,27,34,35,36
1649,5,6,14,15,16,17,24,25,26,27,34,35,36
1650,5,6,14,15,16,17,24,25,26,27,34,35,36
1651,5,6,14,15,16,17,24,25,26,27,34,35,36
1652,5,6,14,15,16,17,24,25,26,27,34,35,36
1653,5,6,14,15,16,17,24,25,26,27,34,35,36
1654,5,6,14,15,16,17,24,25,26,27,34,35,36
1655,5,6,14,15,16,17,24,25,26,27,34,35,36
1656,5,6,14,15,16,17,24,25,26,27,34,35,36
1657,5,6,14,15,16,17,24,25,26,27,34,35,36
1658,5,6,14,15,16,17,24,25,26,27,34,35,36
1659,5,6,14,15,16,17,24,25,26,27,34,35,36
1660,5,6,14,15,16,17,24,25,26,27,34,35,36
1661,5,6,14,15,16,17,24,25,26,27,34,35,36
1662,5,6,14,15,16,17,24,25,26,27,34,35,36
1663,5,6,14,15,16,17,24,25,26,27,34,35,36
1664,5,6,14,15,16,17,24,25,26,27,34,35,36
1665,5,6,14,15,16,17,24,25,26,27,34,35,36,37
1666,5,6,14,15,16,17,24,25,26,27,34,35,36,37
1667,5,6,7,14,15,16,17,24,25,26,27,35,36,37
1668,5,6,7,14,15,16,17,24,25,26,27,35,36,37
1669,5,6,7,14,15,16,17,24,25,26,27,35,36,37
1670,5,6,7,14,15,16,17,24,25,26,27,35,36,37
1671,5,6,7,14,15,16,17,24,25,26,27,35,36,37
1672,5,6,7,14,15,16,17,24,25,26,27,35,36,37
1673,5,6,7,14,15,16,17,24,25,26,27,35,36,37
1674,5,6,7,14,15,16,17,24,25,26,27,35,36,37
1675,5,6,7,14,15,16,17,24,25,26,27,35,36,37
1676,5,6,7,14,15,16,17,24,25,26,27,35,36,37
1677,5,6,7,14,15,16,17,24,25,26,27,35,36,37
1678,5,6,7,14,15,16,17,24,25,26,27,35,36,37
1679,5,6,7,14,15,16,17,24,25,26,27,35,36,37
1680,5,6,7,14,15,16,17,24,25,26,27,35,36,37
1681,5,6,7,14,15,16,17,24,25,26,27,35,36,37
1682,5,6,7,14,15,16,17,24,25,26,27,35,36,37
1683,5,6,7,14,15,16,17,24,25,26,27,35,36,37
1684,5,6,7,14,15,16,17,24,25,26,27,35,36,37
1685,5,6,7,14,15,16,17,24,25,26,27,35,36,37
1686,5,6,7,14,15,16,17,24,25,26,27,35,36,37
1687,5,6,7,14,15,16,17,24,25,26,27,35,36,37
1688,5,6,7,14,15,16,17,24,25,26,27,35,36,37
1689,5,6,7,14,15,16,17,24,25,26,27,35,36,37
1690,5,6,7,14,15,16,17,24,25,26,27,35,36,37
1691,5,6,7,14,15,16,17,24,25,26,27,35,36,37
1692,5,6,7,14,15,16,17,24,25,26,27,35,36,37
1693,5,6,7,14,15,16,17,24,25,26,27,35,36,37
1694,5,6,7,14,15,16,17,24,25,26,27,35,36,37
1695,5,6,7,14,15,16,17,24,25,26,27,35,36,37
1696,5,6,7,14,15,16,17,24,25,26,27,35,36,37
1697,5,6,7,14,15,16,17,24,25,26,27,35,36,37
1698,5,6,7,14,15,16,17,24,25,26,27,35,36,37
1699,5,6,7,14,15,16,17,24,25,26,27,35,36,37
1700,5,6,7,14,15,16,17,24,25,26,27,35,36,37
1701,5,6,7,14,15,16,17,24,25,26,27,35,36,37
1702,5,6,7,14,15,16,17,24,25,26,27,35,36,37
1703,5,6,7,14,15,16,17,24,25,26,27,35,36,37
1704,5,6,7,14,15,16,17,24,25,26,27,35,36,37
1705,5,6,7,14,15,16,17,24,25,26,27,35,36,37
1706,5,6,7,14,15,16,17,24,25,26,27,35,36,37
1707,5,6,7,14,15,16,17,24,25,26,27,35,36,37
1708,5,6,7,14,15,16,17,24,25,26,27,35,36,37
1709,5,6,7,14,15,16,17,24,25,26,27,35,36,37
1710,5,6,7,14,15,16,17,24,25,26,27,35,36,37
1711,5,6,7,14,15,16,17,24,25,26,27,35,36,37
1712,5,6,7,14,15,16,17,24,25,26,27,35,36,37
1713,5,6,7,14,15,16,17,24,25,26,27,35,36,37
1714,5,6,7,14,15,16,17,24,25,26,27,35,36,37
1715,5,6,7,14,15,16,17,24,25,26,27,35,36,37
1716,5,6,7,14,15,16,17,24,25,26,27,35,36,37
1717,5,6,7,14,15,16,17,24,25,26,27,35,36,37
1718,5,6,7,14,15,16,17,24,25,26,27,35,36,37
1719,5,6,7,14,15,16,17,24,25,26,27,35,36,37
1720,5,6,7,14,15,16,17,24,25,26,27,35,36,37
1721,5,6,7,14,15,16,17,24,25,26,27,35,36,37
1722,5,6,7,14,15,16,17,24,25,26,27,35,36,37
1723,5,6,7,14,15,16,17,24,25,26,27,35,36,37
1724,5,6,7,14,15,16,17,24,25,26,27,35,36,37
1725,5,6,7,14,15,16,17,24,25,26,27,35,36,37
1726,5,6,7,14,15,16,17,24,25,26,27,35,36,37
1727,5,6,7,14,15,16,17,24,25,26,27,35,36,37
1728,5,6,7,14,15,16,17,24,25,26,27,35,36,37
1729,5,6,7,14,15,16,17,24,25,26,27,35,36,37
1730,5,6,7,14,15,16,17,24,25,26,27,35,36,37
1731,5,6,7,14,15,16,17,24,25,26,27,35,36,37
1732,5,6,7,14,15,16,17,24,25,26,27,35,36,37
1733,6,7,15,16,17,24,25,26,27,35,36,37
1734,6,7,15,16,17,24,25,26,27,35,36,37
1735,6,7,15,16,17,25,26,27,35,36,37
1736,6,7,15,16,17,25,26,27,35,36,37
1737,6,7,15,16,17,25,26,27,35,36,37
1738,6,7,15,16,17,25,26,27,35,36,37
1739,6,7,15,16,17,25,26,27,35,36,37
1740,6,7,15,16,17,25,26,27,35,36,37
1741,6,7,15,16,17,25,26,27,35,36,37
1742,6,7,15,16,17,25,26,27,35,36,37
1743,6,7,15,16,17,25,26,27,35,36,37
1744,6,7,15,16,17,25,26,27,35,36,37
1745,6,7,15,16,17,25,26,27,35,36,37
1746,6,7,15,16,17,25,26,27,35,36,37
1747,6,7,15,16,17,25,26,27,35,36,37
1748,6,7,15,16,17,25,26,27,35,36,37
1749,6,7,15,16,17,25,26,27,35,36,37
1750,6,7,15,16,17,25,26,27,35,36,37
1751,6,7,15,16,17,25,26,27,35,36,37
1752,6,7,15,16,17,25,26,27,35,36,37
1753,6,7,15,16,17,25,26,27,28,35,36,37
1754,6,7,15,16,17,25,26,27,28,35,36,37
1755,6,7,15,16,17,18,25,26,27,28,35,36,37
1756,6,7,15,16,17,18,25,26,27,28,35,36,37
1757,6,7,15,16,17,18,25,26,27,28,35,36,37
1758,6,7,15,16,17,18,25,26,27,28,35,36,37
1759,6,7,15,16,17,18,25,26,27,28,35,36,37
1760,6,7,15,16,17,18,25,26,27,28,35,36,37
1761,6,7,15,16,17,18,25,26,27,28,35,36,37
1762,6,7,15,16,17,18,25,26,27,28,35,36,37
1763,6,7,15,16,17,25,26,27,28,35,36,37
1764,6,7,15,16,17,25,26,27,28,35,36,37
1765,6,7,15,16,17,25,26,27,28,35,36,37
1766,6,7,15,16,17,25,26,27,28,35,36,37
1767,6,7,15,16,17,25,26,27,28,35,36,37
1768,6,7,15,16,17,25,26,27,28,35,36,37
1769,6,7,15,16,17,25,26,27,35,36,37
1770,6,7,15,16,17,25,26,27,35,36,37
1771,6,7,15,16,17,25,26,27,35,36,37
1772,6,7,15,16,17,25,26,27,35,36,37
1773,6,7,15,16,17,25,26,27,35,36,37
1774,6,7,15,16,17,25,26,27,35,36,37
1775,6,7,15,16,17,25,26,27,35,36,37
1776,6,7,15,16,17,25,26,27,35,36,37
1777,6,7,15,16,17,25,26,27,35,36,37
1778,6,7,15,16,17,25,26,27,35,36,37
1779,6,7,15,16,17,25,26,27,35,36,37
1780,6,7,15,16,17,25,26,27,35,36,37
1781,6,7,15,16,17,25,26,27,35,36,37
1782,6,7,15,16,17,25,26,27,35,36,37
1783,6,7,15,16,17,25,26,27,35,36,37
1784,6,7,15,16,17,25,26,27,35,36,37
1785,6,7,15,16,17,25,26,27,35,36,37
1786,6,7,15,16,17,25,26,27,35,36,37
1787,6,7,15,16,17,25,26,27,35,36,37
1788,6,7,15,16,17,25,26,27,35,36,37
1789,6,7,15,16,17,25,26,27,35,36,37
1790,6,7,15,16,17,25,26,27,35,36,37
1791,6,7,15,16,17,25,26,27,35,36,37
1792,6,7,15,16,17,25,26,27,35,36,37
1793,6,7,15,16,17,25,26,27,35,36,37
1794,6,7,15,16,17,25,26,27,35,36,37
1795,6,7,15,16,17,25,26,27,35,36,37
1796,6,7,15,16,17,25,26,27,35,36,37
1797,5,6,7,15,16,17,25,26,27,35,36,37
1798,5,6,7,15,16,17,25,26,27,35,36,37
1799,5,6,7,15,16,17,25,26,27,35,36,37
1800,5,6,7,15,16,17,25,26,27,35,36,37
