1,7,8,9,12,13,14,17,18,19,23
2,7,8,9,12,13,14,17,18,19,23
3,7,8,9,12,13,14,17,18,19,23
4,7,8,9,12,13,14,17,18,19,23
5,7,8,9,12,13,14,17,18,19,23
6,7,8,9,12,13,14,17,18,19,23
7,7,8,9,12,13,14,17,18,19,23
8,7,8,9,12,13,14,17,18,19,23
9,7,8,9,12,13,14,17,18,19,23
10,7,8,9,12,13,14,17,18,19,23
11,7,8,9,12,13,14,17,18,19,23
12,7,8,9,12,13,14,17,18,19,23
13,7,8,9,12,13,14,17,18,19,23
14,7,8,9,12,13,14,17,18,19,23
15,7,8,9,12,13,14,17,18,19,23
16,7,8,9,12,13,14,17,18,19,23
17,7,8,9,12,13,14,17,18,19,23
18,7,8,9,12,13,14,17,18,19,23
19,7,8,9,12,13,14,17,18,19,23
20,7,8,9,12,13,14,17,18,19,23
21,7,8,9,12,13,14,17,18,19,23
22,7,8,9,12,13,14,17,18,19,23
23,7,8,9,12,13,14,17,18,19,23
24,7,8,9,12,13,14,17,18,19,23
25,7,8,9,12,13,14,17,18,19,23
26,7,8,9,12,13,14,17,18,19,23
27,7,8,9,12,13,14,17,18,19,23
28,7,8,9,12,13,14,17,18,19,23
29,7,8,9,12,13,14,17,18,19,23
30,7,8,9,12,13,14,17,18,19,23
31,7,8,9,12,13,14,17,18,19,23
32,7,8,9,12,13,14,17,18,19,23
33,7,8,9,12,13,14,17,18,19,23
34,7,8,9,12,13,14,17,18,19,23
35,7,8,9,12,13,14,17,18,19,23
36,7,8,9,12,13,14,17,18,19,23
37,7,8,9,12,13,14,17,18,19,23
38,7,8,9,12,13,14,17,18,19,23
39,7,8,9,12,13,14,17,18,19,23
40,7,8,9,12,13,14,17,18,19,23
41,7,8,9,12,13,14,17,18,19,23
42,7,8,9,12,13,14,17,18,19,23
43,7,8,9,12,13,14,17,18,19,23
44,7,8,9,12,13,14,17,18,19,23
45,7,8,9,12,13,14,17,18,19,23
46,7,8,9,12,13,14,17,18,19,23
47,7,8,9,12,13,14,17,18,19,23
48,7,8,9,12,13,14,17,18,19,23
49,7,8,9,12,13,14,17,18,19,23
50,7,8,9,12,13,14,17,18,19,23
51,7,8,9,12,13,14,17,18,19,23
52,7,8,9,12,13,14,17,18,19,23
53,7,8,9,12,13,14,17,18,19,23
54,7,8,9,12,13,14,17,18,19,23
55,7,8,12,13,14,17,18,19,23
56,7,8,12,13,14,17,18,19,23
57,7,8,12,13,14,17,18,19,23
58,7,8,12,13,14,17,18,19,23
59,7,8,12,13,14,17,18,19,23
60,7,8,12,13,14,17,18,19,23
61,7,8,12,13,14,17,18,19,22,23
62,7,8,12,13,14,17,18,19,22,23
63,7,8,12,13,14,17,18,19,22,23
64,7,8,12,13,14,17,18,19,22,23
65,7,8,12,13,14,17,18,19,22,23
66,7,8,12,13,14,17,18,19,22,23
67,7,8,12,13,14,17,18,19,22,23
68,7,8,12,13,14,17,18,19,22,23
69,7,8,12,13,14,17,18,19,22,23
70,7,8,12,13,14,17,18,19,22,23
71,7,8,12,13,14,17,18,19,22,23
72,7,8,12,13,14,17,18,19,22,23
73,7,8,12,13,14,17,18,19,22,23
74,7,8,12,13,14,17,18,19,22,23
75,7,8,12,13,14,17,18,19,22,23
76,7,8,12,13,14,17,18,19,22,23
77,7,8,12,13,14,17,18,19,22,23
78,7,8,12,13,14,17,18,19,22,23
79,7,8,12,13,14,17,18,19,22,23
80,7,8,12,13,14,17,18,19,22,23
81,7,8,12,13,14,17,18,19,22,23
82,7,8,12,13,14,17,18,19,22,23
83,7,8,12,13,14,17,18,19,22,23
84,7,8,12,13,14,17,18,19,22,23
85,7,8,12,13,14,17,18,19,22,23
86,7,8,12,13,14,17,18,19,22,23
87,7,8,12,13,14,17,18,19,22,23
88,7,8,12,13,14,17,18,19,22,23
89,7,8,12,13,14,17,18,19,22,23
90,7,8,12,13,14,17,18,19,22,23
91,7,8,12,13,14,17,18,19,22,23
92,7,8,12,13,14,17,18,19,22,23
93,7,8,12,13,14,17,18,19,22,23
94,7,8,12,13,14,17,18,19,22,23
95,7,8,12,13,17,18,22,23
96,7,8,12,13,17,18,22,23
97,7,8,12,13,17,18,22,23
98,7,8,12,13,17,18,22,23
99,7,8,12,13,17,18,22,23
100,7,8,12,13,17,18,22,23
101,7,8,12,13,17,18,22,23
102,7,8,12,13,17,18,22,23
103,7,8,12,13,17,18,22,23
104,7,8,12,13,17,18,22,23
105,7,8,12,13,17,18,22,23
106,7,8,12,13,17,18,22,23
107,7,8,12,13,17,18,22,23
108,7,8,12,13,17,18,22,23
109,7,8,12,13,17,18,22,23
110,7,8,12,13,17,18,22,23
111,7,8,12,13,17,18,22,23
112,7,8,12,13,17,18,22,23
113,7,8,12,13,17,18,22,23
114,7,8,12,13,17,18,22,23
115,7,8,12,13,17,18,22,23
116,7,8,12,13,17,18,22,23
117,7,8,12,13,17,18,22,23
118,7,8,12,13,17,18,22,23
119,7,8,12,13,17,18,22,23
120,7,8,12,13,17,18,22,23
121,7,8,12,13,17,18,22,23
122,7,8,12,13,17,18,22,23
123,7,8,12,13,17,18,22,23
124,7,8,12,13,17,18,22,23
125,7,8,12,13,17,18,22,23
126,7,8,12,13,17,18,22,23
127,7,8,12,13,17,18,22,23
128,7,8,12,13,17,18,22,23
129,7,8,12,13,17,18,22,23
130,7,8,12,13,17,18,22,23
131,7,8,12,13,17,18,22,23
132,7,8,12,13,17,18,22,23
133,7,8,12,13,17,18,22,23
134,7,8,12,13,17,18,22,23
135,7,8,12,13,17,18,22,23
136,7,8,12,13,17,18,22,23
137,7,8,12,13,17,18,22,23
138,7,8,12,13,17,18,22,23
139,7,8,12,13,17,18,22,23
140,7,8,12,13,17,18,22,23
141,7,8,12,13,17,18,22,23
142,7,8,12,13,17,18,22,23
143,7,8,12,13,17,18,22,23
144,7,8,12,13,17,18,22,23
145,7,8,12,13,17,18,22,23
146,7,8,12,13,17,18,22,23
147,7,8,12,13,17,18
148,7,8,12,13,17,18
149,7,8,12,13,17,18
150,7,8,12,13,17,18
151,3,7,8,12,13,14,17,18
152,3,7,8,12,13,14,17,18
153,3,7,8,9,12,13,14,17,18,19
154,3,7,8,9,12,13,14,17,18,19
155,3,7,8,9,12,13,14,17,18,19
156,3,7,8,9,12,13,14,17,18,19
157,3,7,8,9,12,13,14,17,18,19
158,3,7,8,9,12,13,14,17,18,19
159,3,7,8,9,12,13,14,17,18,19
160,3,7,8,9,12,13,14,17,18,19
161,3,7,8,9,12,13,14,17,18,19
162,3,7,8,9,12,13,14,17,18,19
163,7,8,9,12,13,14,17,18,19
164,7,8,9,12,13,14,17,18,19
165,7,8,9,12,13,14,17,18,19
166,7,8,9,12,13,14,17,18,19
167,7,8,9,12,13,14,17,18,19
168,7,8,9,12,13,14,17,18,19
169,7,8,9,12,13,14,17,18,19
170,7,8,9,12,13,14,17,18,19
171,7,8,9,12,13,14,17,18,19,23
172,7,8,9,12,13,14,17,18,19,23
173,7,8,9,12,13,14,17,18,19
174,7,8,9,12,13,14,17,18,19
175,7,8,9,12,13,14,17,18,19
176,7,8,9,12,13,14,17,18,19
177,7,8,9,12,13,14,17,18,19
178,7,8,9,12,13,14,17,18,19
179,7,8,9,12,13,14,17,18,19,23
180,7,8,9,12,13,14,17,18,19,23
181,7,8,9,12,13,14,17,18,19,23
182,7,8,9,12,13,14,17,18,19,23
183,7,8,9,12,13,14,17,18,19,23
184,7,8,9,12,13,14,17,18,19,23
185,7,8,9,12,13,14,17,18,19,23
186,7,8,9,12,13,14,17,18,19,23
187,7,8,9,12,13,14,17,18,19,23
188,7,8,9,12,13,14,17,18,19,23
189,7,8,9,12,13,14,17,18,19,23
190,7,8,9,12,13,14,17,18,19,23
191,7,8,9,12,13,14,17,18,19,23
192,7,8,9,12,13,14,17,18,19,23
193,7,8,9,12,13,14,17,18,19,23
194,7,8,9,12,13,14,17,18,19,23
195,7,8,9,12,13,14,17,18,19,23
196,7,8,9,12,13,14,17,18,19,23
197,7,8,9,12,13,14,17,18,19,23
198,7,8,9,12,13,14,17,18,19,23
199,7,8,9,12,13,14,17,18,19,23
200,7,8,9,12,13,14,17,18,19,23
201,7,8,9,12,13,14,17,18,19,23
202,7,8,9,12,13,14,17,18,19,23
203,7,8,9,12,13,14,17,18,19,23
204,7,8,9,12,13,14,17,18,19,23
205,7,8,9,12,13,14,17,18,19,23
206,7,8,9,12,13,14,17,18,19,23
207,7,8,9,12,13,14,17,18,19,23
208,7,8,9,12,13,14,17,18,19,23
209,7,8,9,12,13,14,17,18,19,23
210,7,8,9,12,13,14,17,18,19,23
211,7,8,9,12,13,14,17,18,19,23
212,7,8,9,12,13,14,17,18,19,23
213,7,8,9,12,13,14,17,18,19,23
214,7,8,9,12,13,14,17,18,19,23
215,7,8,9,12,13,14,17,18,19,23
216,7,8,9,12,13,14,17,18,19,23
217,7,8,9,12,13,14,17,18,19,23
218,7,8,9,12,13,14,17,18,19,23
219,7,8,9,12,13,14,17,18,19,23
220,7,8,9,12,13,14,17,18,19,23
221,7,8,9,12,13,14,17,18,19,23
222,7,8,9,12,13,14,17,18,19,23
223,7,8,9,12,13,14,17,18,19,23
224,7,8,9,12,13,14,17,18,19,23
225,7,8,9,12,13,14,17,18,19,23
226,7,8,9,12,13,14,17,18,19,23
227,7,8,9,12,13,14,17,18,19,23
228,7,8,9,12,13,14,17,18,19,23
229,7,8,9,12,13,14,17,18,19,23
230,7,8,9,12,13,14,17,18,19,23
231,7,8,9,12,13,14,17,18,19,23
232,7,8,9,12,13,14,17,18,19,23
233,7,8,9,12,13,14,17,18,19,23
234,7,8,9,12,13,14,17,18,19,23
235,7,8,9,12,13,14,17,18,19,23
236,7,8,9,12,13,14,17,18,19,23
237,7,8,9,12,13,14,17,18,19,23
238,7,8,9,12,13,14,17,18,19,23
239,7,8,9,12,13,14,17,18,19,23
240,7,8,9,12,13,14,17,18,19,23
241,7,8,9,12,13,14,17,18,19,23
242,7,8,9,12,13,14,17,18,19,23
243,7,8,9,12,13,14,17,18,19,23
244,7,8,9,12,13,14,17,18,19,23
245,7,8,9,12,13,14,17,18,19,23
246,7,8,9,12,13,14,17,18,19,23
247,7,8,9,12,13,14,17,18,19,23
248,7,8,9,12,13,14,17,18,19,23
249,7,8,9,12,13,14,17,18,19,23
250,7,8,9,12,13,14,17,18,19,23
251,7,8,9,12,13,14,17,18,19,23
252,7,8,9,12,13,14,17,18,19,23
253,7,8,9,12,13,14,17,18,19,23
254,7,8,9,12,13,14,17,18,19,23
255,7,8,9,12,13,14,17,18,19,23
256,7,8,9,12,13,14,17,18,19,23
257,7,8,9,12,13,14,17,18,19,23
258,7,8,9,12,13,14,17,18,19,23
259,7,8,9,12,13,14,17,18,19,23
260,7,8,9,12,13,14,17,18,19,23
261,7,8,9,12,13,14,17,18,19,23
262,7,8,9,12,13,14,17,18,19,23
263,7,8,9,12,13,14,17,18,19,23
264,7,8,9,12,13,14,17,18,19,23
265,7,8,9,12,13,14,17,18,19,23
266,7,8,9,12,13,14,17,18,19,23
267,7,8,9,12,13,14,17,18,19,23
268,7,8,9,12,13,14,17,18,19,23
269,7,8,9,12,13,14,17,18,19,23
270,7,8,9,12,13,14,17,18,19,23
271,7,8,9,12,13,14,17,18,19,23
272,7,8,9,12,13,14,17,18,19,23
273,7,8,9,12,13,14,17,18,19,23
274,7,8,9,12,13,14,17,18,19,23
275,7,8,9,12,13,14,17,18,19,23
276,7,8,9,12,13,14,17,18,19,23
277,7,8,9,12,13,14,17,18,19,23
278,7,8,9,12,13,14,17,18,19,23
279,7,8,9,12,13,14,17,18,19,23
280,7,8,9,12,13,14,17,18,19,23
281,7,8,9,12,13,14,17,18,19,23
282,7,8,9,12,13,14,17,18,19,23
283,7,8,9,12,13,14,17,18,19,23
284,7,8,9,12,13,14,17,18,19,23
285,7,8,9,12,13,14,17,18,19,23
286,7,8,9,12,13,14,17,18,19,23
287,7,8,9,12,13,14,17,18,19,23
288,7,8,9,12,13,14,17,18,19,23
289,7,8,9,12,13,14,17,18,19,23
290,7,8,9,12,13,14,17,18,19,23
291,7,8,9,12,13,14,17,18,19,23
292,7,8,9,12,13,14,17,18,19,23
293,7,8,9,12,13,14,17,18,19,23
294,7,8,9,12,13,14,17,18,19,23
295,7,8,9,12,13,14,17,18,19,23
296,7,8,9,12,13,14,17,18,19,23
297,7,8,9,12,13,14,17,18,19,23
298,7,8,9,12,13,14,17,18,19,23
299,7,8,9,12,13,14,17,18,19,23
300,7,8,9,12,13,14,17,18,19,23
301,7,8,9,12,13,14,17,18,19,23
302,7,8,9,12,13,14,17,18,19,23
303,7,8,9,12,13,14,17,18,19,23
304,7,8,9,12,13,14,17,18,19,23
305,7,8,9,12,13,14,17,18,19,23
306,7,8,9,12,13,14,17,18,19,23
307,7,8,9,12,13,14,17,18,19,23
308,7,8,9,12,13,14,17,18,19,23
309,7,8,9,12,13,14,17,18,19,23
310,7,8,9,12,13,14,17,18,19,23
311,7,8,9,12,13,14,17,18,19,23
312,7,8,9,12,13,14,17,18,19,23
313,7,8,9,12,13,14,17,18,19,23
314,7,8,9,12,13,14,17,18,19,23
315,7,8,9,12,13,14,17,18,19,23
316,7,8,9,12,13,14,17,18,19,23
317,7,8,9,12,13,14,17,18,19,23
318,7,8,9,12,13,14,17,18,19,23
319,7,8,9,12,13,14,17,18,19,23
320,7,8,9,12,13,14,17,18,19,23
321,7,8,9,12,13,14,17,18,19,23
322,7,8,9,12,13,14,17,18,19,23
323,7,8,9,12,13,14,17,18,19,23
324,7,8,9,12,13,14,17,18,19,23
325,7,8,9,12,13,14,17,18,19,23
326,7,8,9,12,13,14,17,18,19,23
327,7,8,9,12,13,14,17,18,19,23
328,7,8,9,12,13,14,17,18,19,23
329,7,8,9,12,13,14,17,18,19,23
330,7,8,9,12,13,14,17,18,19,23
331,7,8,9,12,13,14,17,18,19,23
332,7,8,9,12,13,14,17,18,19,23
333,7,8,9,12,13,14,17,18,19,23
334,7,8,9,12,13,14,17,18,19,23
335,7,8,9,12,13,14,17,18,19,23
336,7,8,9,12,13,14,17,18,19,23
337,7,8,9,12,13,14,17,18,19,23
338,7,8,9,12,13,14,17,18,19,23
339,7,8,9,12,13,14,17,18,19,23
340,7,8,9,12,13,14,17,18,19,23
341,7,8,9,12,13,14,17,18,19,23
342,7,8,9,12,13,14,17,18,19,23
343,7,8,9,12,13,14,17,18,19,23
344,7,8,9,12,13,14,17,18,19,23
345,7,8,9,12,13,14,17,18,19,23
346,7,8,9,12,13,14,17,18,19,23
347,7,8,9,12,13,14,17,18,19,23
348,7,8,9,12,13,14,17,18,19,23
349,7,8,9,12,13,14,17,18,19,23
350,7,8,9,12,13,14,17,18,19,23
351,7,8,9,12,13,14,17,18,19,23
352,7,8,9,12,13,14,17,18,19,23
353,7,8,9,12,13,14,17,18,19,23
354,7,8,9,12,13,14,17,18,19,23
355,7,8,9,12,13,14,17,18,19,23
356,7,8,9,12,13,14,17,18,19,23
357,7,8,9,12,13,14,17,18,19,23
358,7,8,9,12,13,14,17,18,19,23
359,7,8,9,12,13,14,17,18,19,23
360,7,8,9,12,13,14,17,18,19,23
361,7,8,9,12,13,14,17,18,19,23
362,7,8,9,12,13,14,17,18,19,23
363,7,8,9,12,13,14,17,18,19,23
364,7,8,9,12,13,14,17,18,19,23
365,7,8,9,12,13,14,17,18,19,23
366,7,8,9,12,13,14,17,18,19,23
367,7,8,9,12,13,14,17,18,19,23
368,7,8,9,12,13,14,17,18,19,23
369,7,8,9,12,13,14,17,18,19,23
370,7,8,9,12,13,14,17,18,19,23
371,7,8,9,12,13,14,17,18,19,23
372,7,8,9,12,13,14,17,18,19,23
373,7,8,9,12,13,14,17,18,19,23
374,7,8,9,12,13,14,17,18,19,23
375,7,8,9,12,13,14,17,18,19,23
376,7,8,9,12,13,14,17,18,19,23
377,7,8,9,12,13,14,17,18,19,23
378,7,8,9,12,13,14,17,18,19,23
379,7,8,9,12,13,14,17,18,19,23
380,7,8,9,12,13,14,17,18,19,23
381,7,8,9,12,13,14,17,18,19,23
382,7,8,9,12,13,14,17,18,19,23
383,7,8,9,12,13,14,17,18,19,23
384,7,8,9,12,13,14,17,18,19,23
385,7,8,9,12,13,14,17,18,19,23
386,7,8,9,12,13,14,17,18,19,23
387,7,8,9,12,13,14,17,18,19,23
388,7,8,9,12,13,14,17,18,19,23
389,7,8,9,12,13,14,17,18,19,23
390,7,8,9,12,13,14,17,18,19,23
391,7,8,9,12,13,14,17,18,19,23
392,7,8,9,12,13,14,17,18,19,23
393,7,8,9,12,13,14,17,18,19,23
394,7,8,9,12,13,14,17,18,19,23
395,7,8,9,12,13,14,17,18,19,23
396,7,8,9,12,13,14,17,18,19,23
397,7,8,9,12,13,14,17,18,19,23
398,7,8,9,12,13,14,17,18,19,23
399,7,8,9,12,13,14,17,18,19,23
400,7,8,9,12,13,14,17,18,19,23
401,7,8,9,12,13,14,17,18,19,23
402,7,8,9,12,13,14,17,18,19,23
403,7,8,9,12,13,14,17,18,19,23
404,7,8,9,12,13,14,17,18,19,23
405,7,8,9,12,13,14,17,18,19,23
406,7,8,9,12,13,14,17,18,19,23
407,7,8,9,12,13,14,17,18,19,23
408,7,8,9,12,13,14,17,18,19,23
409,7,8,9,12,13,14,17,18,19,23
410,7,8,9,12,13,14,17,18,19,23
411,7,8,9,12,13,14,17,18,19,23
412,7,8,9,12,13,14,17,18,19,23
413,7,8,9,12,13,14,17,18,19,23
414,7,8,9,12,13,14,17,18,19,23
415,7,8,9,12,13,14,17,18,19,23
416,7,8,9,12,13,14,17,18,19,23
417,7,8,9,12,13,14,17,18,19,23
418,7,8,9,12,13,14,17,18,19,23
419,7,8,9,12,13,14,17,18,19,23
420,7,8,9,12,13,14,17,18,19,23
421,7,8,9,12,13,14,17,18,19,23
422,7,8,9,12,13,14,17,18,19,23
423,7,8,9,12,13,14,17,18,19,23
424,7,8,9,12,13,14,17,18,19,23
425,7,8,9,12,13,14,17,18,19,23
426,7,8,9,12,13,14,17,18,19,23
427,7,8,9,12,13,14,17,18,19,23
428,7,8,9,12,13,14,17,18,19,23
429,7,8,9,12,13,14,17,18,19,23
430,7,8,9,12,13,14,17,18,19,23
431,7,8,9,12,13,14,17,18,19,23
432,7,8,9,12,13,14,17,18,19,23
433,7,8,9,12,13,14,17,18,19,23
434,7,8,9,12,13,14,17,18,19,23
435,7,8,9,12,13,14,17,18,19,23
436,7,8,9,12,13,14,17,18,19,23
437,7,8,9,12,13,14,17,18,19,23
438,7,8,9,12,13,14,17,18,19,23
439,7,8,9,12,13,14,17,18,19,23
440,7,8,9,12,13,14,17,18,19,23
441,7,8,9,12,13,14,17,18,19,23
442,7,8,9,12,13,14,17,18,19,23
443,7,8,9,12,13,14,17,18,19,23
444,7,8,9,12,13,14,17,18,19,23
445,7,8,9,12,13,14,17,18,19,23
446,7,8,9,12,13,14,17,18,19,23
447,7,8,9,12,13,14,17,18,19,23
448,7,8,9,12,13,14,17,18,19,23
449,7,8,9,12,13,14,17,18,19,23
450,7,8,9,12,13,14,17,18,19,23
451,7,8,9,12,13,14,17,18,19,23
452,7,8,9,12,13,14,17,18,19,23
453,7,8,9,12,13,14,17,18,19,23
454,7,8,9,12,13,14,17,18,19,23
455,7,8,9,12,13,14,17,18,19,23
456,7,8,9,12,13,14,17,18,19,23
457,7,8,9,12,13,14,17,18,19,23
458,7,8,9,12,13,14,17,18,19,23
459,7,8,9,12,13,14,17,18,19,23
460,7,8,9,12,13,14,17,18,19,23
461,7,8,9,12,13,14,17,18,19,23
462,7,8,9,12,13,14,17,18,19,23
463,7,8,9,12,13,14,17,18,19,23
464,7,8,9,12,13,14,17,18,19,23
465,7,8,9,12,13,14,17,18,19,23
466,7,8,9,12,13,14,17,18,19,23
467,7,8,9,12,13,14,17,18,19,23
468,7,8,9,12,13,14,17,18,19,23
469,7,8,9,12,13,14,17,18,19,23
470,7,8,9,12,13,14,17,18,19,23
471,7,8,9,12,13,14,17,18,19
472,7,8,9,12,13,14,17,18,19
473,7,8,9,12,13,14,17,18,19
474,7,8,9,12,13,14,17,18,19
475,7,8,9,12,13,14,17,18,19
476,7,8,9,12,13,14,17,18,19
477,7,8,9,12,13,14,17,18,19
478,7,8,9,12,13,14,17,18,19
479,7,8,9,12,13,14,17,18,19
480,7,8,9,12,13,14,17,18,19
481,7,8,9,12,13,14,17,18,19
482,7,8,9,12,13,14,17,18,19
483,7,8,9,12,13,14,17,18,19
484,7,8,9,12,13,14,17,18,19
485,7,8,9,12,13,14,17,18,19
486,7,8,9,12,13,14,17,18,19
487,7,8,9,12,13,14,17,18,19
488,7,8,9,12,13,14,17,18,19
489,7,8,9,12,13,14,17,18,19
490,7,8,9,12,13,14,17,18,19
491,7,8,9,12,13,14,17,18,19
492,7,8,9,12,13,14,17,18,19
493,7,8,9,12,13,14,17,18,19
494,7,8,9,12,13,14,17,18,19
495,7,8,9,12,13,14,17,18,19
496,7,8,9,12,13,14,17,18,19
497,7,8,9,12,13,14,17,18,19
498,7,8,9,12,13,14,17,18,19
499,7,8,9,12,13,14,17,18,19
500,7,8,9,12,13,14,17,18,19
501,7,8,9,12,13,14,17,18,19
502,7,8,9,12,13,14,17,18,19
503,7,8,9,12,13,14,17,18,19
504,7,8,9,12,13,14,17,18,19
505,7,8,9,12,13,14,17,18,19
506,7,8,9,12,13,14,17,18,19
507,7,8,9,12,13,14,17,18,19
508,7,8,9,12,13,14,17,18,19
509,7,8,9,12,13,14,17,18,19
510,7,8,9,12,13,14,17,18,19
511,7,8,9,12,13,14,17,18,19
512,7,8,9,12,13,14,17,18,19
513,7,8,9,12,13,14,17,18,19
514,7,8,9,12,13,14,17,18,19
515,7,8,9,12,13,14,17,18,19
516,7,8,9,12,13,14,17,18,19
517,7,8,9,12,13,14,17,18,19
518,7,8,9,12,13,14,17,18,19
519,7,8,9,12,13,14,17,18,19
520,7,8,9,12,13,14,17,18,19
521,3,7,8,9,12,13,14,17,18,19
522,3,7,8,9,12,13,14,17,18,19
523,3,7,8,9,12,13,14,17,18,19
524,3,7,8,9,12,13,14,17,18,19
525,3,7,8,9,12,13,14,17,18,19
526,3,7,8,9,12,13,14,17,18,19
527,3,7,8,9,12,13,14,17,18,19
528,3,7,8,9,12,13,14,17,18,19
529,3,7,8,9,12,13,14,17,18,19
530,3,7,8,9,12,13,14,17,18,19
531,3,7,8,9,12,13,14,17,18,19
532,3,7,8,9,12,13,14,17,18,19
533,3,7,8,9,12,13,14,17,18,19
534,3,7,8,9,12,13,14,17,18,19
535,3,7,8,9,12,13,14,17,18,19
536,3,7,8,9,12,13,14,17,18,19
537,3,7,8,9,12,13,14,17,18,19
538,3,7,8,9,12,13,14,17,18,19
539,3,7,8,9,12,13,14,17,18,19
540,3,7,8,9,12,13,14,17,18,19
541,3,7,8,9,12,13,14,17,18,19
542,3,7,8,9,12,13,14,17,18,19
543,3,7,8,9,12,13,14,17,18,19
544,3,7,8,9,12,13,14,17,18,19
545,3,7,8,9,12,13,14,18,19
546,3,7,8,9,12,13,14,18,19
547,3,7,8,9,12,13,14,18,19
548,3,7,8,9,12,13,14,18,19
549,3,4,7,8,9,12,13,14,18,19
550,3,4,7,8,9,12,13,14,18,19
551,3,4,7,8,9,12,13,14,18,19
552,3,4,7,8,9,12,13,14,18,19
553,3,4,7,8,9,12,13,14,18,19
554,3,4,7,8,9,12,13,14,18,19
555,3,4,7,8,9,12,13,14,18,19
556,3,4,7,8,9,12,13,14,18,19
557,3,4,7,8,9,12,13,14,18,19
558,3,4,7,8,9,12,13,14,18,19
559,3,4,7,8,9,12,13,14,18,19
560,3,4,7,8,9,12,13,14,18,19
561,3,4,7,8,9,12,13,14,18,19
562,3,4,7,8,9,12,13,14,18,19
563,3,4,7,8,9,12,13,14,18,19
564,3,4,7,8,9,12,13,14,18,19
565,3,4,7,8,9,12,13,14,18,19
566,3,4,7,8,9,12,13,14,18,19
567,3,4,7,8,9,12,13,14,18,19
568,3,4,7,8,9,12,13,14,18,19
569,3,4,7,8,9,12,13,14,18,19
570,3,4,7,8,9,12,13,14,18,19
571,3,4,7,8,9,12,13,14,18,19
572,3,4,7,8,9,12,13,14,18,19
573,3,4,7,8,9,12,13,14,18,19
574,3,4,7,8,9,12,13,14,18,19
575,3,4,7,8,9,12,13,14,18,19
576,3,4,7,8,9,12,13,14,18,19
577,3,4,7,8,9,12,13,14,18,19
578,3,4,7,8,9,12,13,14,18,19
579,3,4,7,8,9,12,13,14,18,19
580,3,4,7,8,9,12,13,14,18,19
581,3,4,7,8,9,12,13,14,18,19
582,3,4,7,8,9,12,13,14,18,19
583,3,7,8,9,12,13,14,18,19
584,3,7,8,9,12,13,14,18,19
585,3,7,8,9,12,13,14,18,19
586,3,7,8,9,12,13,14,18,19
587,3,7,8,9,12,13,14,18,19
588,3,7,8,9,12,13,14,18,19
589,3,7,8,9,12,13,14,18,19
590,3,7,8,9,12,13,14,18,19
591,3,7,8,9,12,13,14,18,19
592,3,7,8,9,12,13,14,18,19
593,3,7,8,9,12,13,14,18,19
594,3,7,8,9,12,13,14,18,19
595,3,7,8,9,12,13,14,18,19
596,3,7,8,9,12,13,14,18,19
597,3,7,8,9,12,13,14,17,18,19
598,3,7,8,9,12,13,14,17,18,19
599,3,7,8,9,12,13,14,17,18,19
600,3,7,8,9,12,13,14,17,18,19
601,3,7,8,9,12,13,14,17,18,19
602,3,7,8,9,12,13,14,17,18,19
603,3,7,8,9,12,13,14,17,18,19
604,3,7,8,9,12,13,14,17,18,19
605,3,7,8,9,12,13,14,17,18,19
606,3,7,8,9,12,13,14,17,18,19
607,3,7,8,9,12,13,14,17,18,19
608,3,7,8,9,12,13,14,17,18,19
609,3,7,8,9,12,13,14,17,18,19
610,3,7,8,9,12,13,14,17,18,19
611,3,7,8,9,12,13,14,17,18,19
612,3,7,8,9,12,13,14,17,18,19
613,3,7,8,9,12,13,14,17,18,19
614,3,7,8,9,12,13,14,17,18,19
615,3,7,8,9,12,13,14,17,18,19
616,3,7,8,9,12,13,14,17,18,19
617,3,7,8,9,12,13,14,17,18,19
618,3,7,8,9,12,13,14,17,18,19
619,3,7,8,9,12,13,14,17,18,19
620,3,7,8,9,12,13,14,17,18,19
621,3,7,8,9,12,13,14,17,18
622,3,7,8,9,12,13,14,17,18
623,3,7,8,12,13,14,17,18
624,3,7,8,12,13,14,17,18
625,3,7,8,12,13,17,18
626,3,7,8,12,13,17,18
627,7,8,12,13,17,18
628,7,8,12,13,17,18
629,7,8,12,13,17,18
630,7,8,12,13,17,18
631,7,8,12,13,17,18
632,7,8,12,13,17,18
633,7,8,12,13,17,18
634,7,8,12,13,17,18
635,7,8,12,13,17,18
636,7,8,12,13,17,18
637,7,8,12,13,17,18
638,7,8,12,13,17,18
639,7,8,12,13,17,18
640,7,8,12,13,17,18
641,7,8,12,13,17,18
642,7,8,12,13,17,18
643,7,8,12,13,17,18
644,7,8,12,13,17,18
645,7,8,12,13,17,18
646,7,8,12,13,17,18
647,7,8,12,13,17,18
648,7,8,12,13,17,18
649,7,8,12,13,17,18
650,7,8,12,13,17,18
651,7,8,12,13,17,18
652,7,8,12,13,17,18
653,7,8,12,13,17,18
654,7,8,12,13,17,18
655,7,8,12,13,17,18
656,7,8,12,13,17,18
657,7,8,12,13,17,18
658,7,8,12,13,17,18
659,7,8,12,13,17,18
660,7,8,12,13,17,18
661,7,8,12,13,17,18
662,7,8,12,13,17,18
663,7,8,12,13,17,18
664,7,8,12,13,17,18
665,7,8,12,13,17,18
666,7,8,12,13,17,18
667,3,7,8,12,13,17,18
668,3,7,8,12,13,17,18
669,3,7,8,12,13,17,18
670,3,7,8,12,13,17,18
671,3,7,8,12,13,17,18
672,3,7,8,12,13,17,18
673,3,7,8,12,13,17,18
674,3,7,8,12,13,17,18
675,3,7,8,12,13,17,18
676,3,7,8,12,13,17,18
677,3,7,8,12,13,17,18
678,3,7,8,12,13,17,18
679,3,7,8,12,13,17,18
680,3,7,8,12,13,17,18
681,3,7,8,12,13,17,18
682,3,7,8,12,13,17,18
683,3,7,8,12,13,17,18
684,3,7,8,12,13,17,18
685,3,7,8,12,13,17,18
686,3,7,8,12,13,17,18
687,3,7,8,12,13,17,18
688,3,7,8,12,13,17,18
689,3,7,8,12,13,17,18
690,3,7,8,12,13,17,18
691,3,7,8,12,13,17,18
692,3,7,8,12,13,17,18
693,3,7,8,12,13,17,18
694,3,7,8,12,13,17,18
695,3,7,8,12,13,17,18
696,3,7,8,12,13,17,18
697,3,7,8,12,13,17,18
698,3,7,8,12,13,17,18
699,3,7,8,12,13,17,18
700,3,7,8,12,13,17,18
701,3,7,8,12,13,17,18
702,3,7,8,12,13,17,18
703,3,7,8,12,13,17,18
704,3,7,8,12,13,17,18
705,3,7,8,12,13,17,18
706,3,7,8,12,13,17,18
707,3,7,8,12,13,17,18
708,3,7,8,12,13,17,18
709,3,7,8,12,13,17,18
710,3,7,8,12,13,17,18
711,3,7,8,12,13,17,18
712,3,7,8,12,13,17,18
713,3,7,8,12,13,17,18
714,3,7,8,12,13,17,18
715,3,7,8,12,13,17,18
716,3,7,8,12,13,17,18
717,3,7,8,12,13,17,18
718,3,7,8,12,13,17,18
719,3,7,8,12,13,17,18
720,3,7,8,12,13,17,18
721,3,7,8,12,13,17,18
722,3,7,8,12,13,17,18
723,3,7,8,12,13,17,18
724,3,7,8,12,13,17,18
725,3,7,8,12,13,17,18
726,3,7,8,12,13,17,18
727,3,7,8,12,13,17,18
728,3,7,8,12,13,17,18
729,3,7,8,12,13,17,18
730,3,7,8,12,13,17,18
731,3,7,8,12,13,17,18
732,3,7,8,12,13,17,18
733,3,7,8,12,13,17,18
734,3,7,8,12,13,17,18
735,3,7,8,12,13,17,18
736,3,7,8,12,13,17,18
737,3,7,8,12,13,17,18
738,3,7,8,12,13,17,18
739,3,7,8,12,13,17,18
740,3,7,8,12,13,17,18
741,3,7,8,12,13,17,18
742,3,7,8,12,13,17,18
743,3,7,8,12,13,17,18
744,3,7,8,12,13,17,18
745,3,7,8,12,13,17,18
746,3,7,8,12,13,17,18
747,3,7,8,12,13,17,18
748,3,7,8,12,13,17,18
749,3,7,8,12,13,17,18
750,3,7,8,12,13,17,18
751,3,7,8,12,13,17,18
752,3,7,8,12,13,17,18
753,3,7,8,12,13,17,18
754,3,7,8,12,13,17,18
755,3,7,8,12,13,17,18
756,3,7,8,12,13,17,18
757,3,7,8,12,13,17,18
758,3,7,8,12,13,17,18
759,3,7,8,12,13,17,18
760,3,7,8,12,13,17,18
761,3,7,8,12,13,17,18
762,3,7,8,12,13,17,18
763,3,7,8,12,13,17,18
764,3,7,8,12,13,17,18
765,3,7,8,12,13,17,18
766,3,7,8,12,13,17,18
767,3,7,8,12,13,17,18
768,3,7,8,12,13,17,18
769,3,7,8,12,13,17,18
770,3,7,8,12,13,17,18
771,3,7,8,12,13,17,18
772,3,7,8,12,13,17,18
773,3,7,8,12,13,17,18
774,3,7,8,12,13,17,18
775,3,7,8,12,13,17,18
776,3,7,8,12,13,17,18
777,3,7,8,12,13,17,18
778,3,7,8,12,13,17,18
779,3,7,8,12,13,17,18
780,3,7,8,12,13,17,18
781,3,7,8,12,13,17,18
782,3,7,8,12,13,17,18
783,3,7,8,12,13,17,18
784,3,7,8,12,13,17,18
785,3,7,8,12,13,17,18
786,3,7,8,12,13,17,18
787,3,7,8,12,13,17,18
788,3,7,8,12,13,17,18
789,3,7,8,12,13,17,18
790,3,7,8,12,13,17,18
791,3,7,8,12,13,17,18
792,3,7,8,12,13,17,18
793,3,7,8,12,13,17,18
794,3,7,8,12,13,17,18
795,3,7,8,12,13,17,18
796,3,7,8,12,13,17,18
797,3,7,8,12,13,17,18
798,3,7,8,12,13,17,18
799,3,7,8,12,13,17,18
800,3,7,8,12,13,17,18
801,3,7,8,12,13,17,18
802,3,7,8,12,13,17,18
803,3,7,8,12,13,17,18
804,3,7,8,12,13,17,18
805,3,7,8,12,13,17,18
806,3,7,8,12,13,17,18
807,3,7,8,12,13,17,18
808,3,7,8,12,13,17,18
809,3,7,8,12,13,17,18
810,3,7,8,12,13,17,18
811,3,7,8,12,13,17,18
812,3,7,8,12,13,17,18
813,3,7,8,12,13,17,18
814,3,7,8,12,13,17,18
815,3,7,8,12,13,17,18
816,3,7,8,12,13,17,18
817,3,7,8,12,13,17,18
818,3,7,8,12,13,17,18
819,3,7,8,12,13,17,18
820,3,7,8,12,13,17,18
821,3,7,8,12,13,17,18
822,3,7,8,12,13,17,18
823,3,7,8,12,13,17,18
824,3,7,8,12,13,17,18
825,3,7,8,12,13,17,18
826,3,7,8,12,13,17,18
827,3,7,8,12,13,17,18
828,3,7,8,12,13,17,18
829,3,7,8,12,13,17,18
830,3,7,8,12,13,17,18
831,3,7,8,12,13,17,18
832,3,7,8,12,13,17,18
833,3,7,8,12,13,17,18
834,3,7,8,12,13,17,18
835,3,7,8,12,13,17,18
836,3,7,8,12,13,17,18
837,3,7,8,12,13,17,18
838,3,7,8,12,13,17,18
839,3,7,8,12,13,17,18
840,3,7,8,12,13,17,18
841,3,7,8,12,13,14,17,18
842,3,7,8,12,13,14,17,18
843,3,7,8,12,13,14,17,18
844,3,7,8,12,13,14,17,18
845,3,7,8,12,13,14,17,18
846,3,7,8,12,13,14,17,18
847,3,7,8,9,12,13,14,17,18
848,3,7,8,9,12,13,14,17,18
849,3,7,8,9,12,13,14,17,18
850,3,7,8,9,12,13,14,17,18
851,3,7,8,9,12,13,14,17,18
852,3,7,8,9,12,13,14,17,18
853,3,7,8,9,12,13,14,17,18
854,3,7,8,9,12,13,14,17,18
855,3,7,8,9,12,13,14,17,18
856,3,7,8,9,12,13,14,17,18
857,3,7,8,9,12,13,14,17,18
858,3,7,8,9,12,13,14,17,18
859,3,7,8,9,12,13,14,17,18
860,3,7,8,9,12,13,14,17,18
861,3,7,8,9,12,13,14,17,18
862,3,7,8,9,12,13,14,17,18
863,3,7,8,12,13,14,17,18
864,3,7,8,12,13,14,17,18
865,3,7,8,12,13,14,17,18
866,3,7,8,12,13,14,17,18
867,3,7,8,12,13,14,17,18
868,3,7,8,12,13,14,17,18
869,3,7,8,9,12,13,14,17,18
870,3,7,8,9,12,13,14,17,18
871,3,7,8,9,12,13,14,17,18
872,3,7,8,9,12,13,14,17,18
873,3,7,8,9,12,13,14,17,18
874,3,7,8,9,12,13,14,17,18
875,3,7,8,9,12,13,14,17,18
876,3,7,8,9,12,13,14,17,18
877,3,7,8,9,12,13,14,17,18
878,3,7,8,9,12,13,14,17,18
879,3,7,8,9,12,13,14,17,18
880,3,7,8,9,12,13,14,17,18
881,3,7,8,9,12,13,14,17,18,19
882,3,7,8,9,12,13,14,17,18,19
883,3,7,8,9,12,13,14,17,18,19
884,3,7,8,9,12,13,14,17,18,19
885,3,7,8,9,12,13,14,17,18,19
886,3,7,8,9,12,13,14,17,18,19
887,3,7,8,9,12,13,14,17,18,19
888,3,7,8,9,12,13,14,17,18,19
889,3,7,8,9,12,13,14,18,19
890,3,7,8,9,12,13,14,18,19
891,3,4,7,8,9,12,13,14,18,19
892,3,4,7,8,9,12,13,14,18,19
893,3,4,7,8,9,12,13,14,18,19
894,3,4,7,8,9,12,13,14,18,19
895,3,4,7,8,9,12,13,14,18,19
896,3,4,7,8,9,12,13,14,18,19
897,3,4,7,8,9,12,13,14,18,19
898,3,4,7,8,9,12,13,14,18,19
899,3,4,7,8,9,12,13,14,18,19
900,3,4,7,8,9,12,13,14,18,19
901,3,4,7,8,9,12,13,14,18,19
902,3,4,7,8,9,12,13,14,18,19
903,3,4,8,9,13,14,18,19
904,3,4,8,9,13,14,18,19
905,3,4,8,9,13,14,18,19
906,3,4,8,9,13,14,18,19
907,3,4,8,9,13,14,18,19
908,3,4,8,9,13,14,18,19
909,3,4,8,9,13,14,18,19
910,3,4,8,9,13,14,18,19
911,3,4,8,9,13,14,18,19
912,3,4,8,9,13,14,18,19
913,3,4,8,9,13,14,18,19
914,3,4,8,9,13,14,18,19
915,3,4,8,9,13,14,18,19
916,3,4,8,9,13,14,18,19
917,3,4,8,9,13,14,18,19
918,3,4,8,9,13,14,18,19
919,3,4,8,9,13,14,18,19
920,3,4,8,9,13,14,18,19
921,3,4,8,9,12,13,14,18,19
922,3,4,8,9,12,13,14,18,19
923,3,4,7,8,9,12,13,14,18,19
924,3,4,7,8,9,12,13,14,18,19
925,3,4,7,8,9,12,13,14,18,19
926,3,4,7,8,9,12,13,14,18,19
927,3,4,7,8,9,12,13,14,18,19
928,3,4,7,8,9,12,13,14,18,19
929,3,4,7,8,9,12,13,14,18,19
930,3,4,7,8,9,12,13,14,18,19
931,3,4,7,8,9,12,13,14,18,19
932,3,4,7,8,9,12,13,14,18,19
933,3,4,7,8,9,12,13,14,18,19
934,3,4,7,8,9,12,13,14,18,19
935,3,4,7,8,9,12,13,14,18,19
936,3,4,7,8,9,12,13,14,18,19
937,3,4,7,8,9,12,13,14,18,19
938,3,4,7,8,9,12,13,14,18,19
939,3,4,7,8,9,12,13,14,18,19
940,3,4,7,8,9,12,13,14,18,19
941,3,4,7,8,9,12,13,14,18,19
942,3,4,7,8,9,12,13,14,18,19
943,3,4,7,8,9,12,13,14,18,19
944,3,4,7,8,9,12,13,14,18,19
945,3,4,7,8,9,12,13,14,18,19
946,3,4,7,8,9,12,13,14,18,19
947,3,4,7,8,9,12,13,14,18,19
948,3,4,7,8,9,12,13,14,18,19
949,3,4,7,8,9,12,13,14,18,19
950,3,4,7,8,9,12,13,14,18,19
951,3,4,7,8,9,12,13,14,18,19
952,3,4,7,8,9,12,13,14,18,19
953,3,4,7,8,9,12,13,14,18,19
954,3,4,7,8,9,12,13,14,18,19
955,3,4,7,8,9,12,13,14,18,19
956,3,4,7,8,9,12,13,14,18,19
957,3,4,7,8,9,12,13,14,18,19
958,3,4,7,8,9,12,13,14,18,19
959,3,4,7,8,9,12,13,14,18,19
960,3,4,7,8,9,12,13,14,18,19
961,3,4,7,8,9,12,13,14,18,19
962,3,4,7,8,9,12,13,14,18,19
963,3,4,7,8,9,12,13,14,18,19
964,3,4,7,8,9,12,13,14,18,19
965,3,4,7,8,9,12,13,14,18,19
966,3,4,7,8,9,12,13,14,18,19
967,3,4,7,8,9,12,13,14,18,19
968,3,4,7,8,9,12,13,14,18,19
969,3,4,7,8,9,12,13,14,18,19
970,3,4,7,8,9,12,13,14,18,19
971,3,4,7,8,9,12,13,14,18,19
972,3,4,7,8,9,12,13,14,18,19
973,3,7,8,9,12,13,14,18,19
974,3,7,8,9,12,13,14,18,19
975,3,7,8,9,12,13,14,18,19
976,3,7,8,9,12,13,14,18,19
977,3,7,8,9,12,13,14,18,19
978,3,7,8,9,12,13,14,18,19
979,3,7,8,9,12,13,14,18,19
980,3,7,8,9,12,13,14,18,19
981,3,7,8,9,12,13,14,18,19
982,3,7,8,9,12,13,14,18,19
983,3,7,8,9,12,13,14,17,18,19
984,3,7,8,9,12,13,14,17,18,19
985,3,7,8,9,12,13,14,17,18,19
986,3,7,8,9,12,13,14,17,18,19
987,3,7,8,9,12,13,14,17,18,19
988,3,7,8,9,12,13,14,17,18,19
989,3,7,8,9,12,13,14,17,18,19
990,3,7,8,9,12,13,14,17,18,19
991,3,7,8,9,12,13,14,17,18,19
992,3,7,8,9,12,13,14,17,18,19
993,3,7,8,9,12,13,14,17,18,19
994,3,7,8,9,12,13,14,17,18,19
995,3,7,8,9,12,13,14,17,18,19
996,3,7,8,9,12,13,14,17,18,19
997,3,7,8,9,12,13,14,17,18,19
998,3,7,8,9,12,13,14,17,18,19
999,3,7,8,9,12,13,14,17,18
1000,3,7,8,9,12,13,14,17,18
1001,3,7,8,9,12,13,14,17,18
1002,3,7,8,9,12,13,14,17,18
1003,3,7,8,9,12,13,14,17,18
1004,3,7,8,9,12,13,14,17,18
1005,3,7,8,9,12,13,14,17,18
1006,3,7,8,9,12,13,14,17,18
1007,3,7,8,9,12,13,14,17,18
1008,3,7,8,9,12,13,14,17,18
1009,3,7,8,9,12,13,14,17,18
1010,3,7,8,9,12,13,14,17,18
1011,3,7,8,9,12,13,14,17,18
1012,3,7,8,9,12,13,14,17,18
1013,3,7,8,9,12,13,14,17,18
1014,3,7,8,9,12,13,14,17,18
1015,3,7,8,9,12,13,14,17,18
1016,3,7,8,9,12,13,14,17,18
1017,3,7,8,9,12,13,14,17,18
1018,3,7,8,9,12,13,14,17,18
1019,3,7,8,9,12,13,14,17,18
1020,3,7,8,9,12,13,14,17,18
1021,3,7,8,9,12,13,14,17,18
1022,3,7,8,9,12,13,14,17,18
1023,3,7,8,9,12,13,14,17,18
1024,3,7,8,9,12,13,14,17,18
1025,3,7,8,9,12,13,14,17,18
1026,3,7,8,9,12,13,14,17,18
1027,3,7,8,9,12,13,14,17,18
1028,3,7,8,9,12,13,14,17,18
1029,3,7,8,9,12,13,14,17,18
1030,3,7,8,9,12,13,14,17,18
1031,3,7,8,9,12,13,14,17,18
1032,3,7,8,9,12,13,14,17,18
1033,3,7,8,9,12,13,14,17,18
1034,3,7,8,9,12,13,14,17,18
1035,3,4,7,8,9,12,13,14,17,18
1036,3,4,7,8,9,12,13,14,17,18
1037,3,4,7,8,9,12,13,14,17,18
1038,3,4,7,8,9,12,13,14,17,18
1039,3,4,7,8,9,12,13,14,18
1040,3,4,7,8,9,12,13,14,18
1041,3,4,7,8,9,12,13,14,18
1042,3,4,7,8,9,12,13,14,18
1043,3,4,7,8,9,12,13,14,18
1044,3,4,7,8,9,12,13,14,18
1045,3,4,7,8,9,12,13,14,18
1046,3,4,7,8,9,12,13,14,18
1047,3,4,7,8,9,12,13,14,18
1048,3,4,7,8,9,12,13,14,18
1049,3,4,7,8,9,12,13,14,18
1050,3,4,7,8,9,12,13,14,18
1051,3,4,7,8,9,12,13,14,18
1052,3,4,7,8,9,12,13,14,18
1053,3,4,7,8,9,12,13,14,18
1054,3,4,7,8,9,12,13,14,18
1055,3,4,7,8,9,12,13,14,18
1056,3,4,7,8,9,12,13,14,18
1057,3,4,7,8,9,12,13,14,18
1058,3,4,7,8,9,12,13,14,18
1059,3,4,7,8,9,12,13,14,18
1060,3,4,7,8,9,12,13,14,18
1061,3,4,7,8,9,12,13,14,18
1062,3,4,7,8,9,12,13,14,18
1063,3,4,7,8,9,12,13,14,18
1064,3,4,7,8,9,12,13,14,18
1065,3,4,7,8,9,12,13,14,18
1066,3,4,7,8,9,12,13,14,18
1067,3,4,7,8,9,12,13,14,18
1068,3,4,7,8,9,12,13,14,18
1069,3,4,7,8,9,12,13,14,18
1070,3,4,7,8,9,12,13,14,18
1071,3,4,7,8,9,12,13,14,18
1072,3,4,7,8,9,12,13,14,18
1073,3,4,7,8,9,12,13,14,18
1074,3,4,7,8,9,12,13,14,18
1075,3,4,7,8,9,12,13,14,18
1076,3,4,7,8,9,12,13,14,18
1077,3,4,7,8,9,12,13,14,18
1078,3,4,7,8,9,12,13,14,18
1079,3,4,7,8,9,12,13,14,18
1080,3,4,7,8,9,12,13,14,18
1081,3,4,7,8,9,12,13,14,18
1082,3,4,7,8,9,12,13,14,18
1083,3,4,7,8,9,12,13,14,18
1084,3,4,7,8,9,12,13,14,18
1085,3,4,7,8,9,12,13,14,18
1086,3,4,7,8,9,12,13,14,18
1087,3,4,7,8,9,12,13,14,18
1088,3,4,7,8,9,12,13,14,18
1089,3,4,7,8,9,12,13,14,18
1090,3,4,7,8,9,12,13,14,18
1091,3,4,7,8,9,12,13,14,18
1092,3,4,7,8,9,12,13,14,18
1093,3,4,7,8,9,12,13,14,18
1094,3,4,7,8,9,12,13,14,18
1095,3,4,7,8,9,12,13,14,18
1096,3,4,7,8,9,12,13,14,18
1097,3,4,7,8,9,12,13,14,18
1098,3,4,7,8,9,12,13,14,18
1099,3,4,7,8,9,12,13,14,18
1100,3,4,7,8,9,12,13,14,18
1101,3,4,7,8,9,12,13,14,18
1102,3,4,7,8,9,12,13,14,18
1103,3,4,7,8,9,12,13,14,18
1104,3,4,7,8,9,12,13,14,18
1105,3,4,7,8,9,12,13,14,18,19
1106,3,4,7,8,9,12,13,14,18,19
1107,3,4,7,8,9,12,13,14,18,19
1108,3,4,7,8,9,12,13,14,18,19
1109,3,4,7,8,9,12,13,14,18,19
1110,3,4,7,8,9,12,13,14,18,19
1111,3,4,7,8,9,12,13,14,18,19
1112,3,4,7,8,9,12,13,14,18,19
1113,3,4,7,8,9,12,13,14,18,19
1114,3,4,7,8,9,12,13,14,18,19
1115,3,4,7,8,9,12,13,14,18,19
1116,3,4,7,8,9,12,13,14,18,19
1117,3,4,7,8,9,12,13,14,18,19
1118,3,4,7,8,9,12,13,14,18,19
1119,3,4,7,8,9,12,13,14,18,19
1120,3,4,7,8,9,12,13,14,18,19
1121,3,4,7,8,9,12,13,14,18,19
1122,3,4,7,8,9,12,13,14,18,19
1123,3,4,7,8,9,12,13,14,18,19
1124,3,4,7,8,9,12,13,14,18,19
1125,3,4,7,8,9,12,13,14,18,19
1126,3,4,7,8,9,12,13,14,18,19
1127,3,4,7,8,9,12,13,14,18,19
1128,3,4,7,8,9,12,13,14,18,19
1129,3,4,7,8,9,12,13,14,18,19
1130,3,4,7,8,9,12,13,14,18,19
1131,3,4,7,8,9,12,13,14,18,19
1132,3,4,7,8,9,12,13,14,18,19
1133,3,4,7,8,9,12,13,14,18,19
1134,3,4,7,8,9,12,13,14,18,19
1135,3,4,7,8,9,12,13,14,18,19
1136,3,4,7,8,9,12,13,14,18,19
1137,3,4,7,8,9,12,13,14,18,19
1138,3,4,7,8,9,12,13,14,18,19
1139,3,4,7,8,9,12,13,14,18,19
1140,3,4,7,8,9,12,13,14,18,19
1141,3,4,7,8,9,12,13,14,18,19
1142,3,4,7,8,9,12,13,14,18,19
1143,3,4,7,8,9,12,13,14,18,19
1144,3,4,7,8,9,12,13,14,18,19
1145,3,4,7,8,9,12,13,14,18,19
1146,3,4,7,8,9,12,13,14,18,19
1147,3,4,7,8,9,12,13,14,18,19
1148,3,4,7,8,9,12,13,14,18,19
1149,3,4,7,8,9,12,13,14,18,19
1150,3,4,7,8,9,12,13,14,18,19
1151,3,4,7,8,9,12,13,14,18,19
1152,3,4,7,8,9,12,13,14,18,19
1153,3,4,7,8,9,12,13,14,18,19
1154,3,4,7,8,9,12,13,14,18,19
1155,3,4,7,8,9,12,13,14,18,19
1156,3,4,7,8,9,12,13,14,18,19
1157,3,4,7,8,9,12,13,14,18,19
1158,3,4,7,8,9,12,13,14,18,19
1159,3,4,7,8,9,12,13,14,18,19
1160,3,4,7,8,9,12,13,14,18,19
1161,3,4,7,8,9,12,13,14,18,19
1162,3,4,7,8,9,12,13,14,18,19
1163,3,4,7,8,9,12,13,14,18,19
1164,3,4,7,8,9,12,13,14,18,19
1165,3,4,7,8,9,12,13,14,18,19
1166,3,4,7,8,9,12,13,14,18,19
1167,3,4,7,8,9,12,13,14,18,19
1168,3,4,7,8,9,12,13,14,18,19
1169,3,4,7,8,9,12,13,14,18,19
1170,3,4,7,8,9,12,13,14,18,19
1171,3,4,7,8,9,12,13,14,18,19
1172,3,4,7,8,9,12,13,14,18,19
1173,3,4,7,8,9,12,13,14,18,19
1174,3,4,7,8,9,12,13,14,18,19
1175,3,4,7,8,9,12,13,14,18,19
1176,3,4,7,8,9,12,13,14,18,19
1177,3,4,7,8,9,12,13,14,18,19
1178,3,4,7,8,9,12,13,14,18,19
1179,3,4,7,8,9,12,13,14,18,19
1180,3,4,7,8,9,12,13,14,18,19
1181,3,4,7,8,9,12,13,14,18,19
1182,3,4,7,8,9,12,13,14,18,19
1183,3,4,7,8,9,12,13,14,18,19
1184,3,4,7,8,9,12,13,14,18,19
1185,3,4,7,8,9,12,13,14,18,19
1186,3,4,7,8,9,12,13,14,18,19
1187,3,7,8,9,12,13,14,18,19
1188,3,7,8,9,12,13,14,18,19
1189,3,7,8,9,12,13,14,18,19
1190,3,7,8,9,12,13,14,18,19
1191,3,4,7,8,9,12,13,14,18,19
1192,3,4,7,8,9,12,13,14,18,19
1193,3,4,7,8,9,12,13,14,18,19
1194,3,4,7,8,9,12,13,14,18,19
1195,3,4,7,8,9,12,13,14,18,19
1196,3,4,7,8,9,12,13,14,18,19
1197,3,4,7,8,9,12,13,14,18,19
1198,3,4,7,8,9,12,13,14,18,19
1199,3,4,7,8,9,12,13,14,18,19
1200,3,4,7,8,9,12,13,14,18,19
1201,3,4,7,8,9,12,13,14,18,19
1202,3,4,7,8,9,12,13,14,18,19
1203,3,4,7,8,9,12,13,14,18,19
1204,3,4,7,8,9,12,13,14,18,19
1205,3,4,7,8,9,12,13,14,18,19
1206,3,4,7,8,9,12,13,14,18,19
1207,3,4,7,8,9,12,13,14,18,19
1208,3,4,7,8,9,12,13,14,18,19
1209,3,4,7,8,9,12,13,14,18,19
1210,3,4,7,8,9,12,13,14,18,19
1211,3,4,7,8,9,12,13,14,18,19
1212,3,4,7,8,9,12,13,14,18,19
1213,3,4,7,8,9,12,13,14,18,19
1214,3,4,7,8,9,12,13,14,18,19
1215,3,7,8,9,12,13,14,17,18,19
1216,3,7,8,9,12,13,14,17,18,19
1217,3,7,8,9,12,13,14,17,18,19
1218,3,7,8,9,12,13,14,17,18,19
1219,3,7,8,9,12,13,14,17,18,19
1220,3,7,8,9,12,13,14,17,18,19
1221,3,4,7,8,9,12,13,14,17,18
1222,3,4,7,8,9,12,13,14,17,18
1223,3,4,7,8,9,12,13,14,17,18
1224,3,4,7,8,9,12,13,14,17,18
1225,3,4,7,8,9,12,13,14,17,18
1226,3,4,7,8,9,12,13,14,17,18
1227,3,4,7,8,9,12,13,14,18
1228,3,4,7,8,9,12,13,14,18
1229,3,4,7,8,9,12,13,14,18
1230,3,4,7,8,9,12,13,14,18
1231,3,4,7,8,9,12,13,14,18
1232,3,4,7,8,9,12,13,14,18
1233,3,4,7,8,9,12,13,14,18
1234,3,4,7,8,9,12,13,14,18
1235,3,4,7,8,9,12,13,14,18
1236,3,4,7,8,9,12,13,14,18
1237,3,4,7,8,9,12,13,14,18
1238,3,4,7,8,9,12,13,14,18
1239,3,4,7,8,9,12,13,14,18
1240,3,4,7,8,9,12,13,14,18
1241,3,4,7,8,9,12,13,14,18
1242,3,4,7,8,9,12,13,14,18
1243,3,4,7,8,9,12,13,14,18
1244,3,4,7,8,9,12,13,14,18
1245,3,4,7,8,9,12,13,14,18
1246,3,4,7,8,9,12,13,14,18
1247,3,4,7,8,9,12,13,14,18
1248,3,4,7,8,9,12,13,14,18
1249,3,4,7,8,9,12,13,14,18
1250,3,4,7,8,9,12,13,14,18
1251,3,4,7,8,9,12,13,14,18
1252,3,4,7,8,9,12,13,14,18
1253,3,4,7,8,9,12,13,14,18
1254,3,4,7,8,9,12,13,14,18
1255,3,4,7,8,9,12,13,14,18
1256,3,4,7,8,9,12,13,14,18
1257,3,4,7,8,9,12,13,14,18
1258,3,4,7,8,9,12,13,14,18
1259,3,4,7,8,9,12,13,14,18
1260,3,4,7,8,9,12,13,14,18
1261,3,4,7,8,9,12,13,14,18
1262,3,4,7,8,9,12,13,14,18
1263,3,4,7,8,9,12,13,14,18
1264,3,4,7,8,9,12,13,14,18
1265,3,4,7,8,9,12,13,14,18
1266,3,4,7,8,9,12,13,14,18
1267,3,4,7,8,9,12,13,14,18
1268,3,4,7,8,9,12,13,14,18
1269,3,4,7,8,9,12,13,14,18
1270,3,4,7,8,9,12,13,14,18
1271,3,4,7,8,9,12,13,14,18
1272,3,4,7,8,9,12,13,14,18
1273,3,4,7,8,9,12,13,14,18
1274,3,4,7,8,9,12,13,14,18
1275,3,4,7,8,9,12,13,14,18
1276,3,4,7,8,9,12,13,14,18
1277,3,4,7,8,9,12,13,14,18
1278,3,4,7,8,9,12,13,14,18
1279,3,4,7,8,9,12,13,14,18
1280,3,4,7,8,9,12,13,14,18
1281,3,4,7,8,9,12,13,14,18
1282,3,4,7,8,9,12,13,14,18
1283,3,4,7,8,9,12,13,14,18
1284,3,4,7,8,9,12,13,14,18
1285,3,4,7,8,9,12,13,14,18
1286,3,4,7,8,9,12,13,14,18
1287,3,4,7,8,9,12,13,14,18
1288,3,4,7,8,9,12,13,14,18
1289,3,4,7,8,9,12,13,14,18
1290,3,4,7,8,9,12,13,14,18
1291,3,4,7,8,9,12,13,14,18
1292,3,4,7,8,9,12,13,14,18
1293,3,4,7,8,9,12,13,14,18
1294,3,4,7,8,9,12,13,14,18
1295,3,4,7,8,9,12,13,14,18
1296,3,4,7,8,9,12,13,14,18
1297,3,4,7,8,9,12,13,14,18
1298,3,4,7,8,9,12,13,14,18
1299,3,4,7,8,9,12,13,14,18
1300,3,4,7,8,9,12,13,14,18
1301,3,4,7,8,9,12,13,14,18
1302,3,4,7,8,9,12,13,14,18
1303,3,4,7,8,9,12,13,14,18
1304,3,4,7,8,9,12,13,14,18
1305,3,4,7,8,9,12,13,14,18
1306,3,4,7,8,9,12,13,14,18
1307,3,4,7,8,9,12,13,14,18
1308,3,4,7,8,9,12,13,14,18
1309,3,4,7,8,9,12,13,14,18
1310,3,4,7,8,9,12,13,14,18
1311,3,4,7,8,9,12,13,14,18
1312,3,4,7,8,9,12,13,14,18
1313,3,4,7,8,9,12,13,14,18
1314,3,4,7,8,9,12,13,14,18
1315,3,4,7,8,9,12,13,14,18
1316,3,4,7,8,9,12,13,14,18
1317,3,4,7,8,9,12,13,14,18
1318,3,4,7,8,9,12,13,14,18
1319,3,4,7,8,9,12,13,14,17,18
1320,3,4,7,8,9,12,13,14,17,18
1321,3,4,7,8,9,12,13,14,17,18
1322,3,4,7,8,9,12,13,14,17,18
1323,3,4,7,8,9,12,13,14,17,18
1324,3,4,7,8,9,12,13,14,17,18
1325,3,4,7,8,9,12,13,14,17,18
1326,3,4,7,8,9,12,13,14,17,18
1327,3,4,7,8,9,12,13,14,17,18
1328,3,4,7,8,9,12,13,14,17,18
1329,3,4,7,8,9,12,13,14,17,18
1330,3,4,7,8,9,12,13,14,17,18
1331,3,4,7,8,9,12,13,14,17,18
1332,3,4,7,8,9,12,13,14,17,18
1333,3,4,7,8,9,12,13,14,17,18
1334,3,4,7,8,9,12,13,14,17,18
1335,3,4,7,8,9,12,13,14,17,18
1336,3,4,7,8,9,12,13,14,17,18
1337,3,4,7,8,9,12,13,14,17,18
1338,3,4,7,8,9,12,13,14,17,18
1339,3,4,7,8,9,12,13,14,17,18
1340,3,4,7,8,9,12,13,14,17,18
1341,3,4,7,8,9,12,13,14,17,18
1342,3,4,7,8,9,12,13,14,17,18
1343,3,4,7,8,9,12,13,14,17,18
1344,3,4,7,8,9,12,13,14,17,18
1345,3,4,7,8,9,12,13,14,17,18
1346,3,4,7,8,9,12,13,14,17,18
1347,3,4,7,8,9,12,13,14,17,18
1348,3,4,7,8,9,12,13,14,17,18
1349,3,4,7,8,9,12,13,14,17,18
1350,3,4,7,8,9,12,13,14,17,18
1351,3,4,7,8,9,12,13,14,17,18
1352,3,4,7,8,9,12,13,14,17,18
1353,3,4,7,8,9,12,13,14,17,18
1354,3,4,7,8,9,12,13,14,17,18
1355,3,7,8,9,12,13,14,17,18
1356,3,7,8,9,12,13,14,17,18
1357,3,7,8,9,12,13,14,17,18
1358,3,7,8,9,12,13,14,17,18
1359,3,7,8,9,12,13,14,17,18
1360,3,7,8,9,12,13,14,17,18
1361,3,7,8,9,12,13,14,17,18
1362,3,7,8,9,12,13,14,17,18
1363,3,7,8,9,12,13,14,17,18
1364,3,7,8,9,12,13,14,17,18
1365,3,7,8,9,12,13,14,17,18
1366,3,7,8,9,12,13,14,17,18
1367,3,7,8,9,12,13,14,17,18
1368,3,7,8,9,12,13,14,17,18
1369,3,7,8,9,12,13,14,17,18
1370,3,7,8,9,12,13,14,17,18
1371,3,7,8,9,12,13,14,17,18
1372,3,7,8,9,12,13,14,17,18
1373,3,7,8,9,12,13,14,17,18
1374,3,7,8,9,12,13,14,17,18
1375,3,7,8,9,12,13,14,17,18
1376,3,7,8,9,12,13,14,17,18
1377,3,7,8,9,12,13,14,17,18
1378,3,7,8,9,12,13,14,17,18
1379,3,7,8,9,12,13,14,17,18
1380,3,7,8,9,12,13,14,17,18
1381,3,7,8,9,12,13,14,17,18
1382,3,7,8,9,12,13,14,17,18
1383,3,7,8,9,12,13,14,17,18
1384,3,7,8,9,12,13,14,17,18
1385,3,7,8,9,12,13,14,17,18
1386,3,7,8,9,12,13,14,17,18
1387,3,7,8,9,12,13,14,17,18
1388,3,7,8,9,12,13,14,17,18
1389,3,7,8,9,12,13,14,17,18
1390,3,7,8,9,12,13,14,17,18
1391,3,7,8,9,12,13,14,17,18
1392,3,7,8,9,12,13,14,17,18
1393,3,7,8,9,12,13,14,17,18
1394,3,7,8,9,12,13,14,17,18
1395,2,3,7,8,9,12,13,14,17,18
1396,2,3,7,8,9,12,13,14,17,18
1397,2,3,7,8,9,12,13,14,17,18
1398,2,3,7,8,9,12,13,14,17,18
1399,2,3,7,8,9,12,13,14,17,18
1400,2,3,7,8,9,12,13,14,17,18
1401,2,3,7,8,9,12,13,14,17,18
1402,2,3,7,8,9,12,13,14,17,18
1403,2,3,7,8,9,12,13,14,17,18
1404,2,3,7,8,9,12,13,14,17,18
1405,2,3,7,8,9,12,13,14,17,18
1406,2,3,7,8,9,12,13,14,17,18
1407,2,3,7,8,9,12,13,14,17,18
1408,2,3,7,8,9,12,13,14,17,18
1409,2,3,7,8,9,12,13,14,17,18
1410,2,3,7,8,9,12,13,14,17,18
1411,2,3,7,8,9,12,13,14,17,18
1412,2,3,7,8,9,12,13,14,17,18
1413,2,3,7,8,9,12,13,14,17,18
1414,2,3,7,8,9,12,13,14,17,18
1415,2,3,7,8,9,12,13,14,17,18
1416,2,3,7,8,9,12,13,14,17,18
1417,2,3,7,8,9,12,13,14,17,18
1418,2,3,7,8,9,12,13,14,17,18
1419,2,3,7,8,9,12,13,14,17,18
1420,2,3,7,8,9,12,13,14,17,18
1421,2,3,7,8,9,12,13,14,17,18
1422,2,3,7,8,9,12,13,14,17,18
1423,2,3,7,8,9,12,13,14,17,18
1424,2,3,7,8,9,12,13,14,17,18
1425,2,3,7,8,9,12,13,14,17,18
1426,2,3,7,8,9,12,13,14,17,18
1427,2,3,7,8,9,12,13,14,17,18
1428,2,3,7,8,9,12,13,14,17,18
1429,2,3,7,8,9,12,13,14,17,18
1430,2,3,7,8,9,12,13,14,17,18
1431,2,3,7,8,9,12,13,14,17,18
1432,2,3,7,8,9,12,13,14,17,18
1433,2,3,7,8,9,12,13,14,17,18
1434,2,3,7,8,9,12,13,14,17,18
1435,2,3,7,8,9,12,13,14,17,18
1436,2,3,7,8,9,12,13,14,17,18
1437,3,7,8,9,12,13,14,17,18
1438,3,7,8,9,12,13,14,17,18
1439,3,7,8,9,12,13,14,17,18
1440,3,7,8,9,12,13,14,17,18
1441,3,7,8,9,12,13,14,17,18
1442,3,7,8,9,12,13,14,17,18
1443,3,7,8,9,12,13,14,17,18
1444,3,7,8,9,12,13,14,17,18
1445,3,7,8,9,12,13,14,17,18
1446,3,7,8,9,12,13,14,17,18
1447,3,7,8,9,12,13,14,17,18
1448,3,7,8,9,12,13,14,17,18
1449,3,7,8,9,12,13,14,17,18
1450,3,7,8,9,12,13,14,17,18
1451,3,7,8,9,12,13,14,17,18
1452,3,7,8,9,12,13,14,17,18
1453,3,7,8,9,12,13,14,17,18
1454,3,7,8,9,12,13,14,17,18
1455,3,7,8,9,12,13,14,17,18
1456,3,7,8,9,12,13,14,17,18
1457,3,7,8,9,12,13,14,17,18
1458,3,7,8,9,12,13,14,17,18
1459,3,7,8,9,12,13,14,17,18
1460,3,7,8,9,12,13,14,17,18
1461,3,7,8,9,12,13,14,17,18
1462,3,7,8,9,12,13,14,17,18
1463,3,7,8,9,12,13,14,17,18
1464,3,7,8,9,12,13,14,17,18
1465,3,7,8,9,12,13,14,17,18
1466,3,7,8,9,12,13,14,17,18
1467,3,7,8,9,12,13,14,17,18
1468,3,7,8,9,12,13,14,17,18
1469,3,7,8,9,12,13,14,17,18
1470,3,7,8,9,12,13,14,17,18
1471,3,7,8,9,12,13,14,17,18
1472,3,7,8,9,12,13,14,17,18
1473,3,7,8,9,12,13,14,17,18
1474,3,7,8,9,12,13,14,17,18
1475,3,7,8,9,12,13,14,17,18
1476,3,7,8,9,12,13,14,17,18
1477,3,7,8,9,12,13,14,17,18
1478,3,7,8,9,12,13,14,17,18
1479,3,7,8,9,12,13,14,17,18
1480,3,7,8,9,12,13,14,17,18
1481,3,7,8,9,12,13,14,17,18
1482,3,7,8,9,12,13,14,17,18
1483,3,7,8,9,12,13,14,17,18
1484,3,4,7,8,9,12,13,14,17,18
1485,3,4,7,8,9,12,13,14,17,18
1486,3,4,7,8,9,12,13,14,18,19
1487,3,4,7,8,9,12,13,14,18,19
1488,3,4,7,8,9,12,13,14,18,19
1489,3,4,7,8,9,12,13,14,18,19
1490,3,4,7,8,9,12,13,14,18,19
1491,3,4,7,8,9,12,13,14,18,19
1492,3,4,7,8,9,12,13,14,18,19
1493,3,4,7,8,9,12,13,14,18,19
1494,3,4,7,8,9,12,13,14,18,19
1495,3,4,7,8,9,12,13,14,18,19
1496,3,4,7,8,9,12,13,14,18,19
1497,3,4,7,8,9,12,13,14,18,19
1498,3,4,7,8,9,12,13,14,18,19
1499,3,4,7,8,9,12,13,14,18,19
1500,3,4,7,8,9,12,13,14,18,19
1501,3,4,7,8,9,12,13,14,18,19
1502,3,7,8,9,12,13,14,18,19
1503,3,7,8,9,12,13,14,18,19
1504,3,7,8,9,12,13,14,18,19
1505,3,7,8,9,12,13,14,18,19
1506,3,7,8,9,12,13,14,18,19
1507,3,7,8,9,12,13,14,18,19
1508,3,7,8,9,12,13,14,18,19
1509,3,7,8,9,12,13,14,18,19
1510,3,7,8,9,12,13,14,18,19
1511,3,7,8,9,12,13,14,18,19
1512,3,7,8,9,12,13,14,18,19
1513,3,7,8,9,12,13,14,18,19
1514,3,7,8,9,12,13,14,18,19
1515,3,7,8,9,12,13,14,18,19
1516,3,7,8,9,12,13,14,17,18,19
1517,3,7,8,9,12,13,14,17,18,19
1518,3,7,8,9,12,13,14,17,18,19
1519,3,7,8,9,12,13,14,17,18,19
1520,3,7,8,9,12,13,14,17,18,19
1521,3,7,8,9,12,13,14,17,18,19
1522,3,7,8,9,12,13,14,17,18,19
1523,3,7,8,9,12,13,14,17,18,19
1524,3,7,8,9,12,13,14,17,18,19
1525,3,7,8,9,12,13,14,17,18,19
1526,3,7,8,9,12,13,14,17,18,19
1527,3,7,8,9,12,13,14,17,18,19
1528,3,7,8,9,12,13,14,17,18,19
1529,3,7,8,9,12,13,14,17,18,19
1530,3,7,8,9,12,13,14,17,18,19
1531,3,7,8,9,12,13,14,17,18,19
1532,3,7,8,9,12,13,14,17,18,19
1533,3,7,8,9,12,13,14,17,18,19
1534,3,7,8,9,12,13,14,18,19
1535,3,7,8,9,12,13,14,18,19
1536,3,7,8,9,12,13,14,18,19
1537,3,7,8,9,12,13,14,18,19
1538,3,4,7,8,9,12,13,14,18,19
1539,3,4,7,8,9,12,13,14,18,19
1540,3,4,7,8,9,12,13,14,18,19
1541,3,4,7,8,9,12,13,14,18,19
1542,3,4,7,8,9,12,13,14,18,19
1543,3,4,7,8,9,12,13,14,18,19
1544,3,4,7,8,9,12,13,14,18,19
1545,3,4,7,8,9,12,13,14,18,19
1546,3,4,7,8,9,12,13,14,18,19
1547,3,4,7,8,9,12,13,14,18,19
1548,3,4,7,8,9,12,13,14,18,19
1549,3,4,7,8,9,12,13,14,18,19
1550,3,4,7,8,9,12,13,14,18,19
1551,3,4,7,8,9,12,13,14,18,19
1552,3,4,7,8,9,12,13,14,18,19
1553,3,4,7,8,9,12,13,14,18,19
1554,3,4,7,8,9,12,13,14,18,19
1555,3,4,7,8,9,12,13,14,18,19
1556,3,4,7,8,9,12,13,14,18,19
1557,3,4,7,8,9,12,13,14,18,19
1558,3,4,7,8,9,12,13,14,18,19
1559,3,4,7,8,9,12,13,14,18,19
1560,3,4,7,8,9,12,13,14,18,19
1561,3,4,7,8,9,12,13,14,18,19
1562,3,4,7,8,9,12,13,14,18,19
1563,3,4,7,8,9,12,13,14,18,19
1564,3,4,7,8,9,12,13,14,18,19
1565,3,4,7,8,9,12,13,14,18,19
1566,3,4,7,8,9,12,13,14,18,19
1567,3,4,7,8,9,12,13,14,18,19
1568,3,4,7,8,9,12,13,14,18,19
1569,3,4,7,8,9,12,13,14,18,19
1570,3,4,7,8,9,12,13,14,18,19
1571,3,4,7,8,9,12,13,14,18,19
1572,3,4,7,8,9,12,13,14,18,19
1573,3,4,7,8,9,12,13,14,18,19
1574,3,4,7,8,9,12,13,14,18,19
1575,3,4,7,8,9,12,13,14,18,19
1576,3,4,7,8,9,12,13,14,18,19
1577,3,4,7,8,9,12,13,14,18,19
1578,3,4,7,8,9,12,13,14,18,19
1579,3,4,7,8,9,12,13,14,18,19
1580,3,4,7,8,9,12,13,14,18,19
1581,3,4,7,8,9,12,13,14,18,19
1582,3,4,7,8,9,12,13,14,18,19
1583,3,4,7,8,9,12,13,14,18,19
1584,3,4,7,8,9,12,13,14,18,19
1585,3,4,7,8,9,12,13,14,18,19
1586,3,4,7,8,9,12,13,14,18,19
1587,3,4,7,8,9,12,13,14,18,19
1588,3,4,7,8,9,12,13,14,18,19
1589,3,4,7,8,9,12,13,14,18,19
1590,3,4,7,8,9,12,13,14,18,19
1591,3,4,7,8,9,12,13,14,18,19
1592,3,4,7,8,9,12,13,14,18,19
1593,3,4,7,8,9,12,13,14,18,19
1594,3,4,7,8,9,12,13,14,18,19
1595,3,4,7,8,9,12,13,14,18,19
1596,3,4,7,8,9,12,13,14,18,19
1597,3,4,7,8,9,12,13,14,18,19
1598,3,4,7,8,9,12,13,14,18,19
1599,3,4,7,8,9,12,13,14,18,19
1600,3,4,7,8,9,12,13,14,18,19
1601,3,4,7,8,9,12,13,14,18,19
1602,3,4,7,8,9,12,13,14,18,19
1603,3,4,7,8,9,12,13,14,18,19
1604,3,4,7,8,9,12,13,14,18,19
1605,3,4,7,8,9,12,13,14,18,19
1606,3,4,7,8,9,12,13,14,18,19
1607,3,4,7,8,9,12,13,14,18,19
1608,3,4,7,8,9,12,13,14,18,19
1609,3,4,7,8,9,12,13,14,18,19
1610,3,4,7,8,9,12,13,14,18,19
1611,3,4,7,8,9,12,13,14,18,19
1612,3,4,7,8,9,12,13,14,18,19
1613,3,4,7,8,9,12,13,14,18,19
1614,3,4,7,8,9,12,13,14,18,19
1615,3,4,7,8,9,12,13,14,18,19
1616,3,4,7,8,9,12,13,14,18,19
1617,3,4,7,8,9,12,13,14,18,19
1618,3,4,7,8,9,12,13,14,18,19
1619,3,4,7,8,9,12,13,14,18,19
1620,3,7,8,9,12,13,14,18,19
1621,3,7,8,9,12,13,14,18,19
1622,3,7,8,9,12,13,14,18,19
1623,3,7,8,9,12,13,14,18,19
1624,3,7,8,9,12,13,14,17,18,19
1625,3,7,8,9,12,13,14,17,18,19
1626,3,7,8,9,12,13,14,17,18,19
1627,3,7,8,9,12,13,14,17,18,19
1628,3,7,8,9,12,13,14,17,18,19
1629,3,7,8,9,12,13,14,17,18,19
1630,3,7,8,9,12,13,14,17,18,19
1631,3,7,8,9,12,13,14,17,18,19
1632,3,7,8,9,12,13,14,17,18,19
1633,3,7,8,9,12,13,14,17,18,19
1634,3,7,8,9,12,13,14,17,18,19
1635,3,7,8,9,12,13,14,17,18,19
1636,3,7,8,9,12,13,14,17,18,19
1637,3,7,8,9,12,13,14,17,18,19
1638,3,7,8,9,12,13,14,18,19
1639,3,7,8,9,12,13,14,18,19
1640,3,7,8,9,12,13,14,18,19
1641,3,7,8,9,12,13,14,18,19
1642,3,4,7,8,9,12,13,14,18,19
1643,3,4,7,8,9,12,13,14,18,19
1644,3,4,7,8,9,12,13,14,18,19
1645,3,4,7,8,9,12,13,14,18,19
1646,3,4,7,8,9,12,13,14,18,19
1647,3,4,7,8,9,12,13,14,18,19
1648,3,4,7,8,9,12,13,14,18,19
1649,3,4,7,8,9,12,13,14,18,19
1650,3,7,8,9,12,13,14,18,19
1651,3,7,8,9,12,13,14,18,19
1652,3,7,8,9,12,13,14,18,19
1653,3,7,8,9,12,13,14,18,19
1654,3,7,8,9,12,13,14,18,19
1655,3,7,8,9,12,13,14,18,19
1656,3,7,8,9,12,13,14,18,19
1657,3,7,8,9,12,13,14,18,19
1658,3,7,8,9,12,13,14,18,19
1659,3,7,8,9,12,13,14,18,19
1660,3,7,8,9,12,13,14,18,19
1661,3,7,8,9,12,13,14,18,19
1662,3,7,8,9,12,13,14,17,18,19
1663,3,7,8,9,12,13,14,17,18,19
1664,3,7,8,9,12,13,14,17,18,19
1665,3,7,8,9,12,13,14,17,18,19
1666,3,7,8,9,12,13,14,17,18,19
1667,3,7,8,9,12,13,14,17,18,19
1668,3,7,8,9,12,13,14,17,18,19
1669,3,7,8,9,12,13,14,17,18,19
1670,3,7,8,9,12,13,14,17,18,19
1671,3,7,8,9,12,13,14,17,18,19
1672,3,7,8,9,12,13,14,17,18,19
1673,3,7,8,9,12,13,14,17,18,19
1674,3,7,8,9,12,13,14,17,18,19
1675,3,7,8,9,12,13,14,17,18,19
1676,3,7,8,9,12,13,14,17,18,19
1677,3,7,8,9,12,13,14,17,18,19
1678,3,7,8,9,12,13,14,17,18,19
1679,3,7,8,9,12,13,14,17,18,19
1680,3,7,8,9,12,13,14,17,18,19
1681,3,7,8,9,12,13,14,17,18,19
1682,3,7,8,9,12,13,14,17,18,19
1683,3,7,8,9,12,13,14,17,18,19
1684,3,7,8,9,12,13,14,17,18,19
1685,3,7,8,9,12,13,14,17,18,19
1686,3,7,8,9,12,13,14,17,18,19
1687,3,7,8,9,12,13,14,17,18,19
1688,3,7,8,9,12,13,14,17,18,19
1689,3,7,8,9,12,13,14,17,18,19
1690,3,7,8,9,12,13,14,17,18,19
1691,3,7,8,9,12,13,14,17,18,19
1692,3,7,8,9,12,13,14,17,18,19
1693,3,7,8,9,12,13,14,17,18,19
1694,3,7,8,9,12,13,14,17,18,19
1695,3,7,8,9,12,13,14,17,18,19
1696,3,7,8,9,12,13,14,17,18,19
1697,3,7,8,9,12,13,14,17,18,19
1698,3,7,8,9,12,13,14,17,18,19
1699,3,7,8,9,12,13,14,17,18,19
1700,3,7,8,9,12,13,14,17,18,19
1701,3,7,8,9,12,13,14,17,18,19
1702,3,7,8,9,12,13,14,17,18,19
1703,3,7,8,9,12,13,14,17,18,19
1704,3,7,8,9,12,13,14,17,18,19
1705,3,7,8,9,12,13,14,17,18,19
1706,3,7,8,9,12,13,14,17,18,19
1707,3,7,8,9,12,13,14,17,18,19
1708,3,7,8,9,12,13,14,17,18,19
1709,3,7,8,9,12,13,14,17,18,19
1710,3,7,8,9,12,13,14,17,18,19
1711,3,7,8,9,12,13,14,17,18,19
1712,3,7,8,9,12,13,14,17,18,19
1713,3,7,8,9,12,13,14,17,18,19
1714,3,7,8,9,12,13,14,17,18,19
1715,3,7,8,9,12,13,14,17,18,19
1716,3,7,8,9,12,13,14,17,18,19
1717,3,7,8,9,12,13,14,17,18,19
1718,3,7,8,9,12,13,14,17,18,19
1719,3,7,8,9,12,13,14,17,18,19
1720,3,7,8,9,12,13,14,17,18,19
1721,3,7,8,9,12,13,14,17,18,19
1722,3,7,8,9,12,13,14,17,18,19
1723,3,7,8,9,12,13,14,17,18,19
1724,3,7,8,9,12,13,14,17,18,19
1725,3,7,8,9,12,13,14,17,18,19
1726,3,7,8,9,12,13,14,17,18,19
1727,3,7,8,9,12,13,14,17,18,19
1728,3,7,8,9,12,13,14,17,18,19
1729,3,7,8,9,12,13,14,17,18,19
1730,3,7,8,9,12,13,14,17,18,19
1731,3,7,8,9,12,13,14,17,18,19
1732,3,7,8,9,12,13,14,17,18,19
1733,3,7,8,9,12,13,14,17,18,19
1734,3,7,8,9,12,13,14,17,18,19
1735,3,7,8,9,12,13,14,17,18,19
1736,3,7,8,9,12,13,14,17,18,19
1737,3,7,8,9,12,13,14,17,18,19
1738,3,7,8,9,12,13,14,17,18,19
1739,3,7,8,9,12,13,14,17,18,19
1740,3,7,8,9,12,13,14,17,18,19
1741,3,7,8,9,12,13,14,17,18,19
1742,3,7,8,9,12,13,14,18,19
1743,3,7,8,9,12,13,14,18,19
1744,3,7,8,9,12,13,14,18,19
1745,3,7,8,9,12,13,14,18,19
1746,3,7,8,9,12,13,14,18,19
1747,3,7,8,9,12,13,14,18,19
1748,3,7,8,9,12,13,14,18,19
1749,3,7,8,9,12,13,14,18,19
1750,3,7,8,9,12,13,14,18,19
1751,3,7,8,9,12,13,14,18,19
1752,3,7,8,9,12,13,14,18,19
1753,3,7,8,9,12,13,14,18,19
1754,3,7,8,9,12,13,14,18,19
1755,3,7,8,9,12,13,14,18,19
1756,3,7,8,9,12,13,14,18,19
1757,3,7,8,9,12,13,14,18,19
1758,3,7,8,9,12,13,14,18,19
1759,3,7,8,9,12,13,14,18,19
1760,3,7,8,9,12,13,14,18,19
1761,3,7,8,9,12,13,14,18,19
1762,3,7,8,9,12,13,14,18,19
1763,3,7,8,9,12,13,14,18,19
1764,3,7,8,9,12,13,14,18,19
1765,3,7,8,9,12,13,14,18,19
1766,3,7,8,9,12,13,14,18,19
1767,3,7,8,9,12,13,14,18,19
1768,3,8,9,12,13,14,18,19
1769,3,8,9,12,13,14,18,19
1770,3,4,8,9,12,13,14,18,19
1771,3,4,8,9,12,13,14,18,19
1772,3,4,8,9,13,14,18,19
1773,3,4,8,9,13,14,18,19
1774,3,4,8,9,13,14,18,19
1775,3,4,8,9,13,14,18,19
1776,3,4,8,9,13,14,18,19
1777,3,4,8,9,13,14,18,19
1778,3,4,8,9,13,14,18,19
1779,3,4,8,9,13,14,18,19
1780,3,4,8,9,13,14,18,19
1781,3,4,8,9,13,14,18,19
1782,3,4,8,9,13,14,18,19
1783,3,4,8,9,13,14,18,19
1784,3,4,8,9,13,14,18,19
1785,3,4,8,9,13,14,18,19
1786,3,4,8,9,13,14,18,19
1787,3,4,8,9,13,14,18,19
1788,4,8,9,13,14,18,19
1789,4,8,9,13,14,18,19
1790,4,8,9,13,14,18,19
1791,4,8,9,13,14,18,19
1792,4,8,9,13,14,18,19
1793,4,8,9,13,14,18,19
1794,4,8,9,13,14,18,19
1795,4,8,9,13,14,18,19
1796,4,8,9,13,14,18,19
1797,4,8,9,13,14,18,19
1798,4,8,9,13,14,18,19
1799,4,8,9,13,14,18,19
1800,4,8,9,13,14,18,19
