1,3,8,9,13,14,18,19
2,3,8,9,13,14,18,19
3,8,9,13,14,18,19
4,8,9,13,14,18,19
5,8,9,13,14,18,19,23
6,8,9,13,14,18,19,23
7,8,9,13,14,18,19,23
8,8,9,13,14,18,19,23
9,8,9,12,13,14,18,19,23,24
10,8,9,12,13,14,18,19,23,24
11,8,9,12,13,14,17,18,19,23,24
12,8,9,12,13,14,17,18,19,23,24
13,8,9,12,13,14,17,18,19,23,24
14,8,9,12,13,14,17,18,19,23,24
15,8,9,12,13,14,17,18,19,23,24
16,8,9,12,13,14,17,18,19,23,24
17,8,9,12,13,14,17,18,19,23,24
18,8,9,12,13,14,17,18,19,23,24
19,8,9,12,13,14,17,18,19,23,24
20,8,9,12,13,14,17,18,19,23,24
21,8,9,12,13,14,17,18,19,23,24
22,8,9,12,13,14,17,18,19,23,24
23,8,9,12,13,14,17,18,19,23,24
24,8,9,12,13,14,17,18,19,23,24
25,8,9,12,13,14,17,18,19,22,23,24
26,8,9,12,13,14,17,18,19,22,23,24
27,8,9,12,13,14,17,18,19,22,23,24
28,8,9,12,13,14,17,18,19,22,23,24
29,8,12,13,14,17,18,19,22,23,24
30,8,12,13,14,17,18,19,22,23,24
31,8,12,13,14,17,18,19,22,23,24
32,8,12,13,14,17,18,19,22,23,24
33,8,12,13,14,17,18,19,22,23,24
34,8,12,13,14,17,18,19,22,23,24
35,8,12,13,14,17,18,19,22,23,24
36,8,12,13,14,17,18,19,22,23,24
37,8,12,13,14,17,18,19,22,23,24
38,8,12,13,14,17,18,19,22,23,24
39,8,12,13,14,17,18,19,22,23,24
40,8,12,13,14,17,18,19,22,23,24
41,8,12,13,14,17,18,19,22,23,24
42,8,12,13,14,17,18,19,22,23,24
43,8,12,13,14,17,18,19,22,23,24
44,8,12,13,14,17,18,19,22,23,24
45,8,12,13,14,17,18,19,22,23,24
46,8,12,13,14,17,18,19,22,23,24
47,8,12,13,14,17,18,19,22,23,24
48,8,12,13,14,17,18,19,22,23,24
49,8,12,13,14,17,18,19,22,23,24
50,8,12,13,14,17,18,19,22,23,24
51,8,12,13,14,17,18,19,22,23,24
52,8,12,13,14,17,18,19,22,23,24
53,8,12,13,14,17,18,19,22,23,24
54,8,12,13,14,17,18,19,22,23,24
55,8,12,13,14,17,18,19,22,23,24
56,8,12,13,14,17,18,19,22,23,24
57,8,12,13,14,17,18,19,22,23,24
58,8,12,13,14,17,18,19,22,23,24
59,8,12,13,14,17,18,19,22,23,24
60,8,12,13,14,17,18,19,22,23,24
61,8,12,13,14,17,18,19,22,23,24
62,8,12,13,14,17,18,19,22,23,24
63,8,12,13,14,17,18,19,22,23,24
64,8,12,13,14,17,18,19,22,23,24
65,8,12,13,14,17,18,19,22,23,24
66,8,12,13,14,17,18,19,22,23,24
67,8,12,13,14,17,18,19,22,23,24
68,8,12,13,14,17,18,19,22,23,24
69,8,12,13,14,17,18,19,22,23,24
70,8,12,13,14,17,18,19,22,23,24
71,8,12,13,14,17,18,19,22,23,24
72,8,12,13,14,17,18,19,22,23,24
73,8,12,13,14,17,18,19,22,23,24
74,8,12,13,14,17,18,19,22,23,24
75,8,12,13,14,17,18,19,22,23,24
76,8,12,13,14,17,18,19,22,23,24
77,8,12,13,14,17,18,19,22,23,24
78,8,12,13,14,17,18,19,22,23,24
79,8,12,13,14,17,18,19,22,23,24
80,8,12,13,14,17,18,19,22,23,24
81,8,12,13,14,17,18,19,22,23,24
82,8,12,13,14,17,18,19,22,23,24
83,8,12,13,14,17,18,19,22,23,24
84,8,12,13,14,17,18,19,22,23,24
85,8,12,13,14,17,18,19,22,23,24
86,8,12,13,14,17,18,19,22,23,24
87,8,12,13,14,17,18,19,22,23,24
88,8,12,13,14,17,18,19,22,23,24
89,8,12,13,14,17,18,19,22,23,24
90,8,12,13,14,17,18,19,22,23,24
91,8,12,13,14,17,18,19,22,23,24
92,8,12,13,14,17,18,19,22,23,24
93,8,12,13,14,17,18,19,22,23,24
94,8,12,13,14,17,18,19,22,23,24
95,8,12,13,14,17,18,19,22,23,24
96,8,12,13,14,17,18,19,22,23,24
97,8,12,13,14,17,18,19,22,23,24
98,8,12,13,14,17,18,19,22,23,24
99,8,12,13,14,17,18,19,22,23,24
100,8,12,13,14,17,18,19,22,23,24
101,8,12,13,14,17,18,19,22,23,24
102,8,12,13,14,17,18,19,22,23,24
103,8,12,13,14,17,18,19,22,23,24
104,8,12,13,14,17,18,19,22,23,24
105,8,12,13,14,17,18,19,22,23,24
106,8,12,13,14,17,18,19,22,23,24
107,8,12,13,14,17,18,19,22,23,24
108,8,12,13,14,17,18,19,22,23,24
109,8,12,13,14,17,18,19,22,23,24
110,8,12,13,14,17,18,19,22,23,24
111,8,12,13,14,17,18,19,22,23,24
112,8,12,13,14,17,18,19,22,23,24
113,8,12,13,14,17,18,19,22,23,24
114,8,12,13,14,17,18,19,22,23,24
115,8,12,13,14,17,18,19,22,23,24
116,8,12,13,14,17,18,19,22,23,24
117,8,12,13,14,17,18,19,22,23,24
118,8,12,13,14,17,18,19,22,23,24
119,8,12,13,14,17,18,19,22,23,24
120,8,12,13,14,17,18,19,22,23,24
121,8,12,13,14,17,18,19,22,23,24
122,8,12,13,14,17,18,19,22,23,24
123,8,12,13,14,17,18,19,22,23,24
124,8,12,13,14,17,18,19,22,23,24
125,8,12,13,14,17,18,19,22,23,24
126,8,12,13,14,17,18,19,22,23,24
127,8,12,13,14,17,18,19,22,23,24
128,8,12,13,14,17,18,19,22,23,24
129,8,12,13,14,17,18,19,22,23,24
130,8,12,13,14,17,18,19,22,23,24
131,8,12,13,14,17,18,19,22,23,24
132,8,12,13,14,17,18,19,22,23,24
133,8,12,13,14,17,18,19,22,23,24
134,8,12,13,14,17,18,19,22,23,24
135,8,12,13,14,17,18,19,22,23,24
136,8,12,13,14,17,18,19,22,23,24
137,8,12,13,14,17,18,19,22,23,24
138,8,12,13,14,17,18,19,22,23,24
139,8,12,13,14,17,18,19,22,23,24
140,8,12,13,14,17,18,19,22,23,24
141,8,12,13,14,17,18,19,22,23,24
142,8,12,13,14,17,18,19,22,23,24
143,8,12,13,14,17,18,19,22,23,24
144,8,12,13,14,17,18,19,22,23,24
145,8,12,13,14,17,18,19,22,23,24
146,8,12,13,14,17,18,19,22,23,24
147,8,12,13,14,17,18,19,22,23,24
148,8,12,13,14,17,18,19,22,23,24
149,8,12,13,14,17,18,19,22,23,24
150,8,12,13,14,17,18,19,22,23,24
151,8,12,13,14,17,18,19,22,23,24
152,8,12,13,14,17,18,19,22,23,24
153,8,12,13,14,17,18,19,22,23,24
154,8,12,13,14,17,18,19,22,23,24
155,7,8,12,13,14,17,18,19,22,23
156,7,8,12,13,14,17,18,19,22,23
157,7,8,12,13,14,17,18,19,22,23
158,7,8,12,13,14,17,18,19,22,23
159,7,8,12,13,14,17,18,19,22,23
160,7,8,12,13,14,17,18,19,22,23
161,7,8,12,13,14,17,18,19,23
162,7,8,12,13,14,17,18,19,23
163,7,8,12,13,14,17,18,19,22,23
164,7,8,12,13,14,17,18,19,22,23
165,7,8,12,13,17,18,22,23
166,7,8,12,13,17,18,22,23
167,7,8,12,13,17,18,22,23
168,7,8,12,13,17,18,22,23
169,7,8,12,13,17,18,22,23
170,7,8,12,13,17,18,22,23
171,7,8,12,13,17,18,22,23
172,7,8,12,13,17,18,22,23
173,7,8,12,13,17,18,22,23
174,7,8,12,13,17,18,22,23
175,7,8,11,12,13,17,18,22
176,7,8,11,12,13,17,18,22
177,7,8,11,12,13,16,17,18,22
178,7,8,11,12,13,16,17,18,22
179,7,8,11,12,13,16,17,18,22
180,7,8,11,12,13,16,17,18,22
181,7,8,11,12,13,16,17,18,22
182,7,8,11,12,13,16,17,18,22
183,6,7,8,11,12,13,16,17,18,22
184,6,7,8,11,12,13,16,17,18,22
185,6,7,8,11,12,13,16,17,18,22
186,6,7,8,11,12,13,16,17,18,22
187,6,7,11,12,13,16,17,18,22
188,6,7,11,12,13,16,17,18,22
189,6,7,11,12,13,16,17,18,21,22
190,6,7,11,12,13,16,17,18,21,22
191,6,7,11,12,16,17,21,22
192,6,7,11,12,16,17,21,22
193,6,7,11,12,16,17,21,22
194,6,7,11,12,16,17,21,22
195,6,7,11,12,16,17,21,22
196,6,7,11,12,16,17,21,22
197,6,7,11,12,16,17,21,22
198,6,7,11,12,16,17,21,22
199,6,7,11,12,16,17,21,22
200,6,7,11,12,16,17,21,22
201,6,7,11,12,16,17,21,22
202,6,7,11,12,16,17,21,22
203,6,7,11,12,16,17,21,22
204,6,7,11,12,16,17,21,22
205,6,7,11,12,16,17,21,22
206,6,7,11,12,16,17,21,22
207,6,7,11,12,16,17,21,22
208,6,7,11,12,16,17,21,22
209,6,7,11,12,16,17,21,22
210,6,7,11,12,16,17,21,22
211,6,7,11,12,16,17,21,22
212,6,7,11,12,16,17,21,22
213,6,7,11,12,16,17,21,22
214,6,7,11,12,16,17,21,22
215,6,7,11,12,16,17,21,22
216,6,7,11,12,16,17,21,22
217,6,7,11,12,16,17,21,22
218,6,7,11,12,16,17,21,22
219,6,7,11,12,16,17,21,22
220,6,7,11,12,16,17,21,22
221,6,7,11,12,16,17,21,22
222,6,7,11,12,16,17,21,22
223,6,7,11,12,16,17,21,22
224,6,7,11,12,16,17,21,22
225,6,7,11,12,16,17,21,22
226,6,7,11,12,16,17,21,22
227,6,7,11,12,15,16,17,20,21,22
228,6,7,11,12,15,16,17,20,21,22
229,6,7,11,12,15,16,17,20,21,22
230,6,7,11,12,15,16,17,20,21,22
231,6,7,11,12,15,16,17,20,21,22
232,6,7,11,12,15,16,17,20,21,22
233,6,7,10,11,12,15,16,17,20,21
234,6,7,10,11,12,15,16,17,20,21
235,6,7,10,11,12,15,16,17,20,21
236,6,7,10,11,12,15,16,17,20,21
237,6,7,10,11,12,15,16,17,20,21
238,6,7,10,11,12,15,16,17,20,21
239,6,10,11,12,15,16,17,20,21
240,6,10,11,12,15,16,17,20,21
241,6,10,11,12,15,16,17,20,21
242,6,10,11,12,15,16,17,20,21
243,6,10,11,15,16,20,21,25
244,6,10,11,15,16,20,21,25
245,6,10,11,15,16,20,21,25
246,6,10,11,15,16,20,21,25
247,6,10,11,15,16,20,21,25
248,6,10,11,15,16,20,21,25
249,6,10,11,15,16,20,21,25
250,6,10,11,15,16,20,21,25
251,6,10,11,15,16,20,21,25
252,6,10,11,15,16,20,21,25
253,6,10,11,15,16,20,21,25
254,6,10,11,15,16,20,21,25
255,6,10,11,15,16,20,21,25
256,6,10,11,15,16,20,21,25
257,6,10,11,15,16,20,21,25
258,6,10,11,15,16,20,21,25
259,6,10,11,15,16,20,21,25
260,6,10,11,15,16,20,21,25
261,6,10,11,15,16,20,21,25
262,6,10,11,15,16,20,21,25
263,6,10,11,15,16,20,21,25
264,6,10,11,15,16,20,21,25
265,6,10,11,15,16,20,21,25
266,6,10,11,15,16,20,21,25
267,6,10,11,12,15,16,17,20,21,25
268,6,10,11,12,15,16,17,20,21,25
269,6,7,10,11,12,15,16,17,20,21
270,6,7,10,11,12,15,16,17,20,21
271,6,7,11,12,15,16,17,20,21
272,6,7,11,12,15,16,17,20,21
273,6,7,11,12,16,17,21,22
274,6,7,11,12,16,17,21,22
275,6,7,11,12,16,17,21,22
276,6,7,11,12,16,17,21,22
277,6,7,11,12,16,17,21,22
278,6,7,11,12,16,17,21,22
279,6,7,8,11,12,13,16,17,18,22
280,6,7,8,11,12,13,16,17,18,22
281,7,8,11,12,13,16,17,18,22,23
282,7,8,11,12,13,16,17,18,22,23
283,7,8,12,13,17,18,22,23
284,7,8,12,13,17,18,22,23
285,7,8,12,13,17,18,22,23
286,7,8,12,13,17,18,22,23
287,7,8,12,13,17,18,22,23
288,7,8,12,13,17,18,22,23
289,7,8,12,13,14,17,18,19,22,23
290,7,8,12,13,14,17,18,19,22,23
291,7,8,12,13,14,17,18,19,22,23
292,7,8,12,13,14,17,18,19,22,23
293,7,8,12,13,14,17,18,19,22,23
294,7,8,12,13,14,17,18,19,22,23
295,7,8,12,13,14,17,18,19,22,23
296,7,8,12,13,14,17,18,19,22,23
297,7,8,12,13,14,17,18,19,22,23
298,7,8,12,13,14,17,18,19,22,23
299,7,8,9,12,13,14,17,18,19,23
300,7,8,9,12,13,14,17,18,19,23
301,7,8,9,12,13,14,17,18,19,23
302,7,8,9,12,13,14,17,18,19,23
303,7,8,9,12,13,14,17,18,19,23
304,7,8,9,12,13,14,17,18,19,23
305,7,8,9,12,13,14,17,18,19,23
306,7,8,9,12,13,14,17,18,19,23
307,7,8,9,12,13,14,17,18,19
308,7,8,9,12,13,14,17,18,19
309,7,8,9,12,13,14,17,18,19
310,7,8,9,12,13,14,17,18,19
311,7,8,9,12,13,14,17,18,19
312,7,8,9,12,13,14,17,18,19
313,7,8,9,12,13,14,17,18,19
314,7,8,9,12,13,14,17,18,19
315,8,9,12,13,14,18,19
316,8,9,12,13,14,18,19
317,8,9,12,13,14,18,19
318,8,9,12,13,14,18,19
319,8,9,12,13,14,18,19
320,8,9,12,13,14,18,19
321,8,9,12,13,14,18,19
322,8,9,12,13,14,18,19
323,3,8,9,12,13,14,18,19
324,3,8,9,12,13,14,18,19
325,3,8,9,13,14,18,19
326,3,8,9,13,14,18,19
327,3,8,9,13,14,18,19
328,3,8,9,13,14,18,19
329,3,8,9,13,14,18,19
330,3,8,9,13,14,18,19
331,8,9,13,14,18,19
332,8,9,13,14,18,19
333,8,9,13,14,18,19
334,8,9,13,14,18,19
335,8,9,12,13,14,18,19,23
336,8,9,12,13,14,18,19,23
337,8,9,12,13,14,18,19,23
338,8,9,12,13,14,18,19,23
339,8,9,12,13,14,18,19,23
340,8,9,12,13,14,18,19,23
341,8,9,13,14,18,19
342,8,9,13,14,18,19
343,3,8,9,13,14,18,19
344,3,8,9,13,14,18,19
345,3,4,8,9,13,14,18,19
346,3,4,8,9,13,14,18,19
347,3,4,8,9,13,14,18,19
348,3,4,8,9,13,14,18,19
349,3,4,8,9,13,14,18,19
350,3,4,8,9,13,14,18,19
351,3,4,8,9,13,14,18,19
352,3,4,8,9,13,14,18,19
353,3,4,8,9,13,14,18,19
354,3,4,8,9,13,14,18,19
355,3,4,8,9,13,14,18,19
356,3,4,8,9,13,14,18,19
357,3,4,8,9,13,14,18,19
358,3,4,8,9,13,14,18,19
359,3,4,8,9,13,14,18,19
360,3,4,8,9,13,14,18,19
361,3,4,8,9,13,14,18,19
362,3,4,8,9,13,14,18,19
363,3,8,9,13,14,18,19
364,3,8,9,13,14,18,19
365,8,9,13,14,18,19
366,8,9,13,14,18,19
367,8,9,13,14,18,19,23
368,8,9,13,14,18,19,23
369,8,9,13,14,18,19,23,24
370,8,9,13,14,18,19,23,24
371,8,9,13,14,18,19,23,24
372,8,9,13,14,18,19,23,24
373,8,9,13,14,18,19,23,24
374,8,9,13,14,18,19,23,24
375,8,9,12,13,14,17,18,19,23,24
376,8,9,12,13,14,17,18,19,23,24
377,8,9,12,13,14,17,18,19,23,24
378,8,9,12,13,14,17,18,19,23,24
379,8,9,12,13,14,17,18,19,23,24
380,8,9,12,13,14,17,18,19,23,24
381,8,9,12,13,14,17,18,19,23,24
382,8,9,12,13,14,17,18,19,23,24
383,8,9,12,13,14,17,18,19,23
384,8,9,12,13,14,17,18,19,23
385,8,9,12,13,14,17,18,19,23
386,8,9,12,13,14,17,18,19,23
387,7,8,9,12,13,14,17,18,19,23
388,7,8,9,12,13,14,17,18,19,23
389,7,8,9,12,13,14,17,18,19,23
390,7,8,9,12,13,14,17,18,19,23
391,7,8,9,12,13,14,17,18,19,23
392,7,8,9,12,13,14,17,18,19,23
393,7,8,9,12,13,14,17,18,19,23
394,7,8,9,12,13,14,17,18,19,23
395,7,8,9,12,13,14,17,18,19,23
396,7,8,9,12,13,14,17,18,19,23
397,7,8,9,12,13,14,17,18,19,23
398,7,8,9,12,13,14,17,18,19,23
399,7,8,9,12,13,14,17,18,19,23
400,7,8,9,12,13,14,17,18,19,23
401,7,8,9,12,13,14,17,18,19,23
402,7,8,9,12,13,14,17,18,19,23
403,7,8,9,12,13,14,17,18,19,23
404,7,8,9,12,13,14,17,18,19,23
405,7,8,9,12,13,14,17,18,19,23
406,7,8,9,12,13,14,17,18,19,23
407,7,8,9,12,13,14,17,18,19,23
408,7,8,9,12,13,14,17,18,19,23
409,7,8,9,12,13,14,17,18,19,23
410,7,8,9,12,13,14,17,18,19,23
411,7,8,9,12,13,14,17,18,19,23
412,7,8,9,12,13,14,17,18,19,23
413,7,8,9,12,13,14,17,18,19,23
414,7,8,9,12,13,14,17,18,19,23
415,7,8,9,12,13,14,17,18,19,23
416,7,8,9,12,13,14,17,18,19,23
417,7,8,9,12,13,14,17,18,19,23
418,7,8,9,12,13,14,17,18,19,23
419,7,8,9,12,13,14,17,18,19,23
420,7,8,9,12,13,14,17,18,19,23
421,7,8,9,12,13,14,17,18,19,23
422,7,8,9,12,13,14,17,18,19,23
423,7,8,9,12,13,14,17,18,19,23
424,7,8,9,12,13,14,17,18,19,23
425,7,8,9,12,13,14,17,18,19,23
426,7,8,9,12,13,14,17,18,19,23
427,7,8,9,12,13,14,17,18,19,23
428,7,8,9,12,13,14,17,18,19,23
429,7,8,9,12,13,14,17,18,19,23
430,7,8,9,12,13,14,17,18,19,23
431,7,8,9,12,13,14,17,18,19,23
432,7,8,9,12,13,14,17,18,19,23
433,7,8,9,12,13,14,17,18,19,23
434,7,8,9,12,13,14,17,18,19,23
435,7,8,9,12,13,14,17,18,19,23
436,7,8,9,12,13,14,17,18,19,23
437,7,8,9,12,13,14,17,18,19,23
438,7,8,9,12,13,14,17,18,19,23
439,7,8,9,12,13,14,17,18,19,23
440,7,8,9,12,13,14,17,18,19,23
441,7,8,9,12,13,14,17,18,19,23
442,7,8,9,12,13,14,17,18,19,23
443,7,8,9,12,13,14,17,18,19,23
444,7,8,9,12,13,14,17,18,19,23
445,7,8,9,12,13,14,17,18,19,23
446,7,8,9,12,13,14,17,18,19,23
447,7,8,9,12,13,14,17,18,19,23
448,7,8,9,12,13,14,17,18,19,23
449,7,8,9,12,13,14,17,18,19,23
450,7,8,9,12,13,14,17,18,19,23
451,7,8,9,12,13,14,17,18,19,23
452,7,8,9,12,13,14,17,18,19,23
453,7,8,9,12,13,14,17,18,19,23
454,7,8,9,12,13,14,17,18,19,23
455,7,8,9,12,13,14,17,18,19,23
456,7,8,9,12,13,14,17,18,19,23
457,7,8,9,12,13,14,17,18,19,23
458,7,8,9,12,13,14,17,18,19,23
459,7,8,9,12,13,14,17,18,19,23
460,7,8,9,12,13,14,17,18,19,23
461,7,8,9,12,13,14,17,18,19,23
462,7,8,9,12,13,14,17,18,19,23
463,7,8,9,12,13,14,17,18,19,23
464,7,8,9,12,13,14,17,18,19,23
465,7,8,12,13,14,17,18,19,23
466,7,8,12,13,14,17,18,19,23
467,7,8,12,13,14,17,18,19,23
468,7,8,12,13,14,17,18,19,23
469,7,8,12,13,14,17,18,19,23
470,7,8,12,13,14,17,18,19,23
471,7,8,12,13,14,17,18,19,23
472,7,8,12,13,14,17,18,19,23
473,7,8,12,13,14,17,18,19,23
474,7,8,12,13,14,17,18,19,23
475,7,8,12,13,14,17,18,19,23
476,7,8,12,13,14,17,18,19,23
477,7,8,12,13,17,18,23
478,7,8,12,13,17,18,23
479,7,8,12,13,17,18,23
480,7,8,12,13,17,18,23
481,7,8,12,13,17,18,23
482,7,8,12,13,17,18,23
483,7,8,12,13,17,18
484,7,8,12,13,17,18
485,7,8,12,13,17,18
486,7,8,12,13,17,18
487,7,8,12,13,17,18
488,7,8,12,13,17,18
489,7,8,12,13,17,18
490,7,8,12,13,17,18
491,7,8,12,13,17,18
492,7,8,12,13,17,18
493,7,8,12,13,17,18
494,7,8,12,13,17,18
495,7,8,12,13,17,18
496,7,8,12,13,17,18
497,7,8,12,13,17,18
498,7,8,12,13,17,18
499,7,8,12,13,17,18,23
500,7,8,12,13,17,18,23
501,7,8,12,13,17,18,23
502,7,8,12,13,17,18,23
503,7,8,12,13,17,18
504,7,8,12,13,17,18
505,7,8,12,13,17,18
506,7,8,12,13,17,18
507,7,8,12,13,17,18
508,7,8,12,13,17,18
509,7,8,12,13,17,18
510,7,8,12,13,17,18
511,7,8,12,13,17,18
512,7,8,12,13,17,18
513,7,8,12,13,17,18
514,7,8,12,13,17,18
515,7,8,12,13,17,18
516,7,8,12,13,17,18
517,7,8,12,13,17,18
518,7,8,12,13,17,18
519,7,8,12,13,17,18
520,7,8,12,13,17,18
521,7,8,12,13,17,18
522,7,8,12,13,17,18
523,7,8,12,13,17,18
524,7,8,12,13,17,18
525,7,8,12,13,17,18
526,7,8,12,13,17,18
527,7,8,12,13,17,18,23
528,7,8,12,13,17,18,23
529,7,8,12,13,17,18,23
530,7,8,12,13,17,18,23
531,7,8,12,13,17,18,23
532,7,8,12,13,17,18,23
533,7,8,12,13,17,18,23
534,7,8,12,13,17,18,23
535,7,8,12,13,17,18,23
536,7,8,12,13,17,18,23
537,7,8,12,13,17,18,23
538,7,8,12,13,17,18,23
539,7,8,12,13,17,18,23
540,7,8,12,13,17,18,23
541,7,8,12,13,17,18,23
542,7,8,12,13,17,18,23
543,7,8,12,13,17,18,23
544,7,8,12,13,17,18,23
545,7,8,12,13,17,18,23
546,7,8,12,13,17,18,23
547,7,8,12,13,17,18,23
548,7,8,12,13,17,18,23
549,7,8,12,13,17,18
550,7,8,12,13,17,18
551,7,8,12,13,17,18
552,7,8,12,13,17,18
553,7,8,12,13,17,18
554,7,8,12,13,17,18
555,7,8,12,13,17,18
556,7,8,12,13,17,18
557,7,8,12,13,17,18
558,7,8,12,13,17,18
559,7,8,12,13,17,18
560,7,8,12,13,17,18
561,7,8,12,13,17,18
562,7,8,12,13,17,18
563,7,8,12,13,17,18
564,7,8,12,13,17,18
565,7,8,12,13,17,18
566,7,8,12,13,17,18
567,7,8,12,13,17,18
568,7,8,12,13,17,18
569,7,8,12,13,17,18
570,7,8,12,13,17,18
571,7,8,12,13,17,18
572,7,8,12,13,17,18
573,7,8,12,13,17,18
574,7,8,12,13,17,18
575,7,8,12,13,17,18
576,7,8,12,13,17,18
577,7,8,12,13,17,18
578,7,8,12,13,17,18
579,7,8,12,13,17,18
580,7,8,12,13,17,18
581,7,8,12,13,17,18
582,7,8,12,13,17,18
583,7,8,12,13,17,18
584,7,8,12,13,17,18
585,3,7,8,12,13,17,18
586,3,7,8,12,13,17,18
587,3,7,8,12,13,17,18
588,3,7,8,12,13,17,18
589,3,7,8,12,13,17,18
590,3,7,8,12,13,17,18
591,7,8,12,13,17,18
592,7,8,12,13,17,18
593,7,8,12,13,17,18
594,7,8,12,13,17,18
595,7,8,12,13,17,18
596,7,8,12,13,17,18
597,7,8,12,13,17,18
598,7,8,12,13,17,18
599,7,8,12,13,17,18
600,7,8,12,13,17,18
601,7,8,12,13,17,18
602,7,8,12,13,17,18
603,7,8,12,13,17,18
604,7,8,12,13,17,18
605,7,8,12,13,17,18
606,7,8,12,13,17,18
607,7,8,12,13,17,18
608,7,8,12,13,17,18
609,7,8,12,13,17,18
610,7,8,12,13,17,18
611,7,8,12,13,17,18
612,7,8,12,13,17,18
613,7,8,12,13,17,18
614,7,8,12,13,17,18
615,7,8,12,13,17,18
616,7,8,12,13,17,18
617,7,8,12,13,17,18
618,7,8,12,13,17,18
619,7,8,12,13,17,18
620,7,8,12,13,17,18
621,7,8,12,13,17,18
622,7,8,12,13,17,18
623,7,8,12,13,17,18
624,7,8,12,13,17,18
625,7,8,12,13,17,18,23
626,7,8,12,13,17,18,23
627,7,8,12,13,17,18,23
628,7,8,12,13,17,18,23
629,7,8,12,13,17,18,23
630,7,8,12,13,17,18,23
631,7,8,12,13,17,18,23
632,7,8,12,13,17,18,23
633,7,8,12,13,17,18,23
634,7,8,12,13,17,18,23
635,7,8,12,13,17,18,23
636,7,8,12,13,17,18,23
637,7,8,12,13,17,18,23
638,7,8,12,13,17,18,23
639,7,8,12,13,17,18,23
640,7,8,12,13,17,18,23
641,7,8,12,13,17,18,23
642,7,8,12,13,17,18,23
643,7,8,12,13,17,18,23
644,7,8,12,13,17,18,23
645,7,8,12,13,17,18,23
646,7,8,12,13,17,18,23
647,7,8,12,13,17,18,23
648,7,8,12,13,17,18,23
649,7,8,12,13,17,18,23
650,7,8,12,13,17,18,23
651,7,8,12,13,17,18,23
652,7,8,12,13,17,18,23
653,7,8,12,13,17,18,23
654,7,8,12,13,17,18,23
655,7,8,12,13,14,17,18,23
656,7,8,12,13,14,17,18,23
657,7,8,12,13,14,17,18,19,23
658,7,8,12,13,14,17,18,19,23
659,7,8,12,13,14,17,18,19,23
660,7,8,12,13,14,17,18,19,23
661,7,8,12,13,14,17,18,19,23
662,7,8,12,13,14,17,18,19,23
663,7,8,12,13,14,17,18,19,23
664,7,8,12,13,14,17,18,19,23
665,7,8,12,13,14,17,18,19,23
666,7,8,12,13,14,17,18,19,23
667,7,8,12,13,14,17,18,19,23
668,7,8,12,13,14,17,18,19,23
669,7,8,12,13,14,17,18,19,23
670,7,8,12,13,14,17,18,19,23
671,7,8,12,13,14,17,18,19,23
672,7,8,12,13,14,17,18,19,23
673,7,8,12,13,14,17,18,23
674,7,8,12,13,14,17,18,23
675,7,8,12,13,17,18,23
676,7,8,12,13,17,18,23
677,7,8,12,13,17,18,23
678,7,8,12,13,17,18,23
679,7,8,12,13,17,18
680,7,8,12,13,17,18
681,2,3,7,8,12,13,17,18
682,2,3,7,8,12,13,17,18
683,2,3,7,8,12,13,17,18
684,2,3,7,8,12,13,17,18
685,2,3,7,8,12,13,17,18
686,2,3,7,8,12,13,17,18
687,2,3,7,8,12,13,17,18
688,2,3,7,8,12,13,17,18
689,2,3,7,8,12,13,17,18
690,2,3,7,8,12,13,17,18
691,2,3,7,8,11,12,13,17,18
692,2,3,7,8,11,12,13,17,18
693,2,3,7,8,12,13,17,18
694,2,3,7,8,12,13,17,18
695,2,3,7,8,12,13,17,18
696,2,3,7,8,12,13,17,18
697,2,3,7,8,12,13,17,18
698,2,3,7,8,12,13,17,18
699,7,8,12,13,17,18
700,7,8,12,13,17,18
701,7,8,12,13,17,18,22,23
702,7,8,12,13,17,18,22,23
703,7,8,12,13,14,17,18,19,22,23
704,7,8,12,13,14,17,18,19,22,23
705,8,9,12,13,14,17,18,19,22,23,24
706,8,9,12,13,14,17,18,19,22,23,24
707,8,9,12,13,14,17,18,19,23,24
708,8,9,12,13,14,17,18,19,23,24
709,8,9,12,13,14,17,18,19,23,24
710,8,9,12,13,14,17,18,19,23,24
711,8,9,12,13,14,17,18,19,23,24
712,8,9,12,13,14,17,18,19,23,24
713,8,9,12,13,14,17,18,19,23,24
714,8,9,12,13,14,17,18,19,23,24
715,8,9,12,13,14,17,18,19,23,24
716,8,9,12,13,14,17,18,19,23,24
717,8,9,12,13,14,17,18,19,23,24
718,8,9,12,13,14,17,18,19,23,24
719,8,9,12,13,14,17,18,19,23,24
720,8,9,12,13,14,17,18,19,23,24
721,8,9,12,13,14,17,18,19,23,24
722,8,9,12,13,14,17,18,19,23,24
723,8,9,12,13,14,17,18,19,23,24
724,8,9,12,13,14,17,18,19,23,24
725,8,9,12,13,14,17,18,19,23,24
726,8,9,12,13,14,17,18,19,23,24
727,8,9,12,13,14,17,18,19,23,24
728,8,9,12,13,14,17,18,19,23,24
729,8,9,12,13,14,18,19,23,24
730,8,9,12,13,14,18,19,23,24
731,8,9,13,14,18,19,23,24
732,8,9,13,14,18,19,23,24
733,8,9,13,14,18,19,23,24
734,8,9,13,14,18,19,23,24
735,8,9,12,13,14,18,19,23,24
736,8,9,12,13,14,18,19,23,24
737,8,9,12,13,14,17,18,19,23,24
738,8,9,12,13,14,17,18,19,23,24
739,8,9,12,13,14,17,18,19,23,24
740,8,9,12,13,14,17,18,19,23,24
741,8,9,12,13,14,17,18,19,23,24
742,8,9,12,13,14,17,18,19,23,24
743,8,9,12,13,14,17,18,19,23
744,8,9,12,13,14,17,18,19,23
745,8,9,12,13,14,17,18,19,23
746,8,9,12,13,14,17,18,19,23
747,8,9,12,13,14,17,18,19,23
748,8,9,12,13,14,17,18,19,23
749,8,9,12,13,14,17,18,19,23
750,8,9,12,13,14,17,18,19,23
751,8,9,12,13,14,17,18,19,23
752,8,9,12,13,14,17,18,19,23
753,8,9,12,13,14,17,18,19,23
754,8,9,12,13,14,17,18,19,23
755,8,9,12,13,14,17,18,19,23
756,8,9,12,13,14,17,18,19,23
757,8,9,12,13,14,18,19,23,24
758,8,9,12,13,14,18,19,23,24
759,8,9,12,13,14,18,19,23
760,8,9,12,13,14,18,19,23
761,8,9,12,13,14,17,18,19,23
762,8,9,12,13,14,17,18,19,23
763,8,9,12,13,14,17,18,19,23,24
764,8,9,12,13,14,17,18,19,23,24
765,8,9,12,13,14,17,18,19,23,24
766,8,9,12,13,14,17,18,19,23,24
767,8,9,12,13,14,17,18,19,23,24
768,8,9,12,13,14,17,18,19,23,24
769,8,9,12,13,14,17,18,19,23,24
770,8,9,12,13,14,17,18,19,23,24
771,8,9,12,13,14,17,18,19,23
772,8,9,12,13,14,17,18,19,23
773,8,9,12,13,14,17,18,19,23
774,8,9,12,13,14,17,18,19,23
775,8,9,12,13,14,17,18,19,23
776,8,9,12,13,14,17,18,19,23
777,8,9,12,13,14,17,18,19,23
778,8,9,12,13,14,17,18,19,23
779,8,9,12,13,14,18,19,23
780,8,9,12,13,14,18,19,23
781,8,9,12,13,14,18,19,23
782,8,9,12,13,14,18,19,23
783,8,9,12,13,14,18,19,23
784,8,9,12,13,14,18,19,23
785,8,9,12,13,14,18,19,23
786,8,9,12,13,14,18,19,23
787,8,9,12,13,14,18,19,23
788,8,9,12,13,14,18,19,23
789,8,9,12,13,14,18,19
790,8,9,12,13,14,18,19
791,8,9,12,13,14,18,19
792,8,9,12,13,14,18,19
793,8,9,12,13,14,18,19
794,8,9,12,13,14,18,19
795,8,9,12,13,14,18,19
796,8,9,12,13,14,18,19
797,8,9,12,13,14,18,19
798,8,9,12,13,14,18,19
799,3,8,9,12,13,14,18,19
800,3,8,9,12,13,14,18,19
801,3,7,8,9,12,13,14,18,19
802,3,7,8,9,12,13,14,18,19
803,3,7,8,9,12,13,14,18,19
804,3,7,8,9,12,13,14,18,19
805,3,7,8,9,12,13,14,18,19
806,3,7,8,9,12,13,14,18,19
807,3,7,8,9,12,13,14,18,19
808,3,7,8,9,12,13,14,18,19
809,3,7,8,9,12,13,14,18,19
810,3,7,8,9,12,13,14,18,19
811,3,7,8,9,12,13,14,18,19
812,3,7,8,9,12,13,14,18,19
813,3,7,8,9,12,13,14,18,19
814,3,7,8,9,12,13,14,18,19
815,3,7,8,9,12,13,14,18,19
816,3,7,8,9,12,13,14,18,19
817,3,7,8,9,12,13,14,18,19
818,3,7,8,9,12,13,14,18,19
819,3,7,8,9,12,13,14,18,19
820,3,7,8,9,12,13,14,18,19
821,3,7,8,9,12,13,14,18,19
822,3,7,8,9,12,13,14,18,19
823,3,4,7,8,9,12,13,14,18,19
824,3,4,7,8,9,12,13,14,18,19
825,3,4,7,8,9,12,13,14,18,19
826,3,4,7,8,9,12,13,14,18,19
827,3,4,7,8,9,12,13,14,18,19
828,3,4,7,8,9,12,13,14,18,19
829,3,4,7,8,9,12,13,14,18,19
830,3,4,7,8,9,12,13,14,18,19
831,3,4,7,8,9,12,13,14,18,19
832,3,4,7,8,9,12,13,14,18,19
833,3,4,7,8,9,12,13,14,18,19
834,3,4,7,8,9,12,13,14,18,19
835,3,4,7,8,9,12,13,14,18,19
836,3,4,7,8,9,12,13,14,18,19
837,3,4,7,8,9,12,13,14,18,19
838,3,4,7,8,9,12,13,14,18,19
839,3,4,7,8,9,12,13,14,18,19
840,3,4,7,8,9,12,13,14,18,19
841,3,4,7,8,9,12,13,14,18,19
842,3,4,7,8,9,12,13,14,18,19
843,3,4,7,8,9,12,13,14,18,19
844,3,4,7,8,9,12,13,14,18,19
845,3,4,7,8,9,12,13,14,18,19
846,3,4,7,8,9,12,13,14,18,19
847,3,4,7,8,9,12,13,14,18,19
848,3,4,7,8,9,12,13,14,18,19
849,3,8,9,12,13,14,18,19
850,3,8,9,12,13,14,18,19
851,3,8,9,13,14,18,19
852,3,8,9,13,14,18,19
853,3,8,9,13,14,18,19
854,3,8,9,13,14,18,19
855,8,9,13,14,18,19
856,8,9,13,14,18,19
857,8,9,13,14,18,19
858,8,9,13,14,18,19
859,8,9,13,14,18,19
860,8,9,13,14,18,19
861,8,9,13,14,18,19
862,8,9,13,14,18,19
863,8,9,13,14,18,19
864,8,9,13,14,18,19
865,8,9,13,14,18,19
866,8,9,13,14,18,19
867,8,9,13,14,18,19
868,8,9,13,14,18,19
869,8,9,13,14,18,19
870,8,9,13,14,18,19
871,8,9,13,14,18,19
872,8,9,13,14,18,19
873,8,9,13,14,18,19
874,8,9,13,14,18,19
875,3,8,9,13,14,18,19
876,3,8,9,13,14,18,19
877,3,8,9,13,14,18,19
878,3,8,9,13,14,18,19
879,3,8,9,13,14,18,19
880,3,8,9,13,14,18,19
881,3,8,9,13,14,18,19
882,3,8,9,13,14,18,19
883,3,8,9,13,14,18,19
884,3,8,9,13,14,18,19
885,3,8,9,13,14,18,19
886,3,8,9,13,14,18,19
887,3,8,9,13,14,18,19
888,3,8,9,13,14,18,19
889,3,8,9,13,14,18,19
890,3,8,9,13,14,18,19
891,8,9,13,14,18,19
892,8,9,13,14,18,19
893,8,9,13,14,18,19
894,8,9,13,14,18,19
895,8,9,13,14,18,19
896,8,9,13,14,18,19
897,3,8,9,13,14,18,19
898,3,8,9,13,14,18,19
899,3,8,9,13,14,18,19
900,3,8,9,13,14,18,19
901,8,9,13,14,18,19
902,8,9,13,14,18,19
903,8,9,13,14,18,19
904,8,9,13,14,18,19
905,8,9,13,14,18,19
906,8,9,13,14,18,19
907,8,9,13,14,18,19
908,8,9,13,14,18,19
909,8,9,13,14,18,19
910,8,9,13,14,18,19
911,8,9,13,14,18,19
912,8,9,13,14,18,19
913,8,9,13,14,18,19
914,8,9,13,14,18,19
915,8,9,13,14,18,19
916,8,9,13,14,18,19
917,8,9,13,14,18,19
918,8,9,13,14,18,19
919,8,9,13,14,18,19
920,8,9,13,14,18,19
921,8,9,13,14,18,19,23
922,8,9,13,14,18,19,23
923,8,9,13,14,18,19,23
924,8,9,13,14,18,19,23
925,8,9,13,14,18,19,23
926,8,9,13,14,18,19,23
927,8,9,13,14,18,19,23
928,8,9,13,14,18,19,23
929,8,9,13,14,18,19,23
930,8,9,13,14,18,19,23
931,8,9,13,14,18,19,23
932,8,9,13,14,18,19,23
933,8,9,13,14,18,19,23
934,8,9,13,14,18,19,23
935,8,9,13,14,18,19,23
936,8,9,13,14,18,19,23
937,8,9,13,14,18,19,23
938,8,9,13,14,18,19,23
939,8,9,13,14,18,19,23
940,8,9,13,14,18,19,23
941,8,9,13,14,18,19,23
942,8,9,13,14,18,19,23
943,8,9,13,14,18,19,23
944,8,9,13,14,18,19,23
945,8,9,13,14,18,19,23
946,8,9,13,14,18,19,23
947,8,9,13,14,18,19,23
948,8,9,13,14,18,19,23
949,8,9,13,14,18,19,23,24
950,8,9,13,14,18,19,23,24
951,8,9,13,14,18,19,23,24
952,8,9,13,14,18,19,23,24
953,8,9,13,14,18,19,23,24
954,8,9,13,14,18,19,23,24
955,8,9,13,14,18,19,23,24
956,8,9,13,14,18,19,23,24
957,8,9,13,14,18,19,23,24
958,8,9,13,14,18,19,23,24
959,8,9,13,14,18,19,23,24
960,8,9,13,14,18,19,23,24
961,8,9,13,14,18,19,23,24
962,8,9,13,14,18,19,23,24
963,8,9,13,14,18,19,23,24
964,8,9,13,14,18,19,23,24
965,8,9,13,14,18,19,23,24
966,8,9,13,14,18,19,23,24
967,8,9,13,14,18,19,23,24
968,8,9,13,14,18,19,23,24
969,8,9,13,14,18,19,23,24
970,8,9,13,14,18,19,23,24
971,8,9,13,14,18,19,23,24
972,8,9,13,14,18,19,23,24
973,8,9,13,14,18,19,23,24
974,8,9,13,14,18,19,23,24
975,8,9,13,14,18,19,23,24
976,8,9,13,14,18,19,23,24
977,8,9,12,13,14,17,18,19,23,24
978,8,9,12,13,14,17,18,19,23,24
979,8,9,12,13,14,17,18,19,23,24
980,8,9,12,13,14,17,18,19,23,24
981,8,9,12,13,14,17,18,19,23,24
982,8,9,12,13,14,17,18,19,23,24
983,8,9,12,13,14,17,18,19,23
984,8,9,12,13,14,17,18,19,23
985,7,8,9,12,13,14,17,18,19,23
986,7,8,9,12,13,14,17,18,19,23
987,7,8,12,13,14,17,18,19,23
988,7,8,12,13,14,17,18,19,23
989,7,8,12,13,14,17,18,19,23
990,7,8,12,13,14,17,18,19,23
991,7,8,12,13,14,17,18,19,23
992,7,8,12,13,14,17,18,19,23
993,7,8,9,12,13,14,17,18,19,23
994,7,8,9,12,13,14,17,18,19,23
995,7,8,9,12,13,14,17,18,19,23
996,7,8,9,12,13,14,17,18,19,23
997,7,8,12,13,14,17,18,19,23
998,7,8,12,13,14,17,18,19,23
999,7,8,12,13,14,17,18,23
1000,7,8,12,13,14,17,18,23
1001,7,8,12,13,14,17,18,23
1002,7,8,12,13,14,17,18,23
1003,7,8,12,13,14,17,18
1004,7,8,12,13,14,17,18
1005,7,8,12,13,17,18
1006,7,8,12,13,17,18
1007,7,8,12,13,17,18
1008,7,8,12,13,17,18
1009,7,8,12,13,17,18
1010,7,8,12,13,17,18
1011,7,8,12,13,17,18
1012,7,8,12,13,17,18
1013,7,8,12,13,17,18
1014,7,8,12,13,17,18
1015,7,8,12,13,14,17,18
1016,7,8,12,13,14,17,18
1017,7,8,9,12,13,14,17,18
1018,7,8,9,12,13,14,17,18
1019,3,7,8,9,12,13,14,17,18,19
1020,3,7,8,9,12,13,14,17,18,19
1021,3,7,8,9,12,13,14,17,18,19
1022,3,7,8,9,12,13,14,17,18,19
1023,3,7,8,9,12,13,14,17,18,19
1024,3,7,8,9,12,13,14,17,18,19
1025,3,7,8,9,12,13,14,18,19
1026,3,7,8,9,12,13,14,18,19
1027,3,4,7,8,9,12,13,14,18,19
1028,3,4,7,8,9,12,13,14,18,19
1029,3,4,7,8,9,12,13,14,18,19
1030,3,4,7,8,9,12,13,14,18,19
1031,3,4,7,8,9,12,13,14,18,19
1032,3,4,7,8,9,12,13,14,18,19
1033,3,4,7,8,9,12,13,14,18,19
1034,3,4,7,8,9,12,13,14,18,19
1035,3,4,7,8,9,12,13,14,18,19
1036,3,4,7,8,9,12,13,14,18,19
1037,3,4,7,8,9,12,13,14,18,19
1038,3,4,7,8,9,12,13,14,18,19
1039,3,4,8,9,13,14,18,19
1040,3,4,8,9,13,14,18,19
1041,3,4,8,9,13,14,18,19
1042,3,4,8,9,13,14,18,19
1043,3,4,8,9,13,14,18,19
1044,3,4,8,9,13,14,18,19
1045,3,4,8,9,13,14,18,19
1046,3,4,8,9,13,14,18,19
1047,3,4,8,9,13,14,18,19
1048,3,4,8,9,13,14,18,19
1049,3,4,8,9,12,13,14,18,19
1050,3,4,8,9,12,13,14,18,19
1051,3,4,7,8,9,12,13,14,18,19
1052,3,4,7,8,9,12,13,14,18,19
1053,3,4,7,8,9,12,13,14,18,19
1054,3,4,7,8,9,12,13,14,18,19
1055,3,4,8,9,12,13,14,18,19
1056,3,4,8,9,12,13,14,18,19
1057,3,4,8,9,12,13,14,18,19
1058,3,4,8,9,12,13,14,18,19
1059,3,4,8,9,12,13,14,18,19
1060,3,4,8,9,12,13,14,18,19
1061,3,4,8,9,12,13,14,18,19
1062,3,4,8,9,12,13,14,18,19
1063,3,8,9,12,13,14,18,19
1064,3,8,9,12,13,14,18,19
1065,3,8,9,12,13,14,18,19
1066,3,8,9,12,13,14,18,19
1067,3,8,9,12,13,14,18,19
1068,3,8,9,12,13,14,18,19
1069,3,8,9,13,14,18,19
1070,3,8,9,13,14,18,19
1071,3,8,9,13,14,18,19
1072,3,8,9,13,14,18,19
1073,3,8,9,13,14,18,19
1074,3,8,9,13,14,18,19
1075,8,9,13,14,18,19
1076,8,9,13,14,18,19
1077,8,9,13,14,18,19
1078,8,9,13,14,18,19
1079,8,9,13,14,18,19
1080,8,9,13,14,18,19
1081,8,9,13,14,18,19
1082,8,9,13,14,18,19
1083,8,9,13,14,18,19
1084,8,9,13,14,18,19
1085,8,9,13,14,18,19
1086,8,9,13,14,18,19
1087,8,9,13,14,18,19
1088,8,9,13,14,18,19
1089,8,9,13,14,18,19
1090,8,9,13,14,18,19
1091,8,9,13,14,18,19,23
1092,8,9,13,14,18,19,23
1093,8,9,13,14,18,19,23
1094,8,9,13,14,18,19,23
1095,8,9,13,14,18,19,23
1096,8,9,13,14,18,19,23
1097,8,9,13,14,18,19,23
1098,8,9,13,14,18,19,23
1099,8,9,13,14,18,19,23,24
1100,8,9,13,14,18,19,23,24
1101,8,9,13,14,18,19,23
1102,8,9,13,14,18,19,23
1103,8,9,13,14,18,19,23
1104,8,9,13,14,18,19,23
1105,8,9,13,14,18,19,23
1106,8,9,13,14,18,19,23
1107,8,9,13,14,18,19
1108,8,9,13,14,18,19
1109,8,9,13,14,18,19
1110,8,9,13,14,18,19
1111,8,9,13,14,18,19
1112,8,9,13,14,18,19
1113,8,9,13,14,18,19
1114,8,9,13,14,18,19
1115,8,9,13,14,18,19
1116,8,9,13,14,18,19
1117,8,9,13,14,18,19
1118,8,9,13,14,18,19
1119,8,9,13,14,18,19
1120,8,9,13,14,18,19
1121,8,9,13,14,18,19
1122,8,9,13,14,18,19
1123,8,9,13,14,18,19
1124,8,9,13,14,18,19
1125,3,8,9,13,14,18,19
1126,3,8,9,13,14,18,19
1127,3,8,9,13,14,18,19
1128,3,8,9,13,14,18,19
1129,3,8,9,13,14,18,19
1130,3,8,9,13,14,18,19
1131,3,4,8,9,13,14,18,19
1132,3,4,8,9,13,14,18,19
1133,3,4,8,9,13,14,18,19
1134,3,4,8,9,13,14,18,19
1135,3,8,9,13,14,18,19
1136,3,8,9,13,14,18,19
1137,3,8,9,13,14,18,19
1138,3,8,9,13,14,18,19
1139,3,8,9,13,14,18,19
1140,3,8,9,13,14,18,19
1141,3,8,9,13,14,18,19
1142,3,8,9,13,14,18,19
1143,3,4,8,9,13,14,18,19
1144,3,4,8,9,13,14,18,19
1145,3,4,8,9,13,14,18,19
1146,3,4,8,9,13,14,18,19
1147,3,4,8,9,13,14,18,19
1148,3,4,8,9,13,14,18,19
1149,3,4,8,9,13,14,18,19
1150,3,4,8,9,13,14,18,19
1151,3,4,8,9,13,14,18,19
1152,3,4,8,9,13,14,18,19
1153,3,4,8,9,13,14,18,19
1154,3,4,8,9,13,14,18,19
1155,3,4,8,9,13,14,18,19
1156,3,4,8,9,13,14,18,19
1157,3,4,8,9,13,14,18,19
1158,3,4,8,9,13,14,18,19
1159,3,4,8,9,13,14,18,19
1160,3,4,8,9,13,14,18,19
1161,3,4,8,9,13,14,18,19
1162,3,4,8,9,13,14,18,19
1163,3,4,8,9,13,14,18,19
1164,3,4,8,9,13,14,18,19
1165,3,4,8,9,13,14,18,19
1166,3,4,8,9,13,14,18,19
1167,3,4,8,9,13,14,18,19
1168,3,4,8,9,13,14,18,19
1169,3,4,8,9,13,14,18,19
1170,3,4,8,9,13,14,18,19
1171,3,4,8,9,13,14,18,19
1172,3,4,8,9,13,14,18,19
1173,3,4,8,9,13,14,18,19
1174,3,4,8,9,13,14,18,19
1175,3,4,8,9,13,14,18,19
1176,3,4,8,9,13,14,18,19
1177,3,4,8,9,13,14,18,19
1178,3,4,8,9,13,14,18,19
1179,3,4,8,9,13,14,18,19
1180,3,4,8,9,13,14,18,19
1181,3,4,8,9,13,14,18,19
1182,3,4,8,9,13,14,18,19
1183,3,4,8,9,13,14,18,19
1184,3,4,8,9,13,14,18,19
1185,3,4,8,9,13,14,18,19
1186,3,4,8,9,13,14,18,19
1187,3,4,8,9,13,14,18,19
1188,3,4,8,9,13,14,18,19
1189,3,4,8,9,13,14,18,19
1190,3,4,8,9,13,14,18,19
1191,3,4,8,9,13,14,18,19
1192,3,4,8,9,13,14,18,19
1193,3,4,8,9,13,14,18,19
1194,3,4,8,9,13,14,18,19
1195,3,4,8,9,13,14,18,19
1196,3,4,8,9,13,14,18,19
1197,3,4,8,9,13,14,18,19
1198,3,4,8,9,13,14,18,19
1199,3,4,8,9,13,14,18,19
1200,3,4,8,9,13,14,18,19
1201,3,4,8,9,13,14,18,19
1202,3,4,8,9,13,14,18,19
1203,3,4,8,9,13,14,18,19
1204,3,4,8,9,13,14,18,19
1205,3,4,8,9,13,14,18,19
1206,3,4,8,9,13,14,18,19
1207,3,4,8,9,13,14,18,19
1208,3,4,8,9,13,14,18,19
1209,3,4,8,9,13,14,18,19
1210,3,4,8,9,13,14,18,19
1211,3,4,8,9,13,14,18,19
1212,3,4,8,9,13,14,18,19
1213,3,4,8,9,13,14,18,19
1214,3,4,8,9,13,14,18,19
1215,3,4,8,9,13,14,18,19
1216,3,4,8,9,13,14,18,19
1217,3,4,8,9,13,14,18,19
1218,3,4,8,9,13,14,18,19
1219,3,4,8,9,13,14,18,19
1220,3,4,8,9,13,14,18,19
1221,3,4,8,9,13,14,18,19
1222,3,4,8,9,13,14,18,19
1223,3,4,7,8,9,13,14,18,19
1224,3,4,7,8,9,13,14,18,19
1225,3,4,7,8,9,13,14,18,19
1226,3,4,7,8,9,13,14,18,19
1227,3,4,8,9,13,14,18,19
1228,3,4,8,9,13,14,18,19
1229,3,4,8,9,13,14,18,19
1230,3,4,8,9,13,14,18,19
1231,3,4,8,9,13,14,18,19
1232,3,4,8,9,13,14,18,19
1233,3,4,8,9,13,14,18,19
1234,3,4,8,9,13,14,18,19
1235,3,4,8,9,13,14,18,19
1236,3,4,8,9,13,14,18,19
1237,3,4,8,9,13,14,18,19
1238,3,4,8,9,13,14,18,19
1239,3,4,8,9,13,14,18,19
1240,3,4,8,9,13,14,18,19
1241,3,4,8,9,13,14,18,19
1242,3,4,8,9,13,14,18,19
1243,3,4,8,9,13,14,18,19
1244,3,4,8,9,13,14,18,19
1245,3,4,8,9,13,14,18,19
1246,3,4,8,9,13,14,18,19
1247,3,4,8,9,13,14,18,19
1248,3,4,8,9,13,14,18,19
1249,3,4,8,9,13,14,18,19
1250,3,4,8,9,13,14,18,19
1251,3,4,8,9,13,14,18,19
1252,3,4,8,9,13,14,18,19
1253,3,4,8,9,13,14,18,19
1254,3,4,8,9,13,14,18,19
1255,3,4,8,9,13,14,18,19
1256,3,4,8,9,13,14,18,19
1257,3,4,8,9,13,14,18,19
1258,3,4,8,9,13,14,18,19
1259,3,4,8,9,13,14,18,19
1260,3,4,8,9,13,14,18,19
1261,3,4,8,9,13,14,18,19
1262,3,4,8,9,13,14,18,19
1263,3,4,8,9,13,14,18,19
1264,3,4,8,9,13,14,18,19
1265,3,4,8,9,13,14,18,19
1266,3,4,8,9,13,14,18,19
1267,3,4,8,9,13,14,18,19
1268,3,4,8,9,13,14,18,19
1269,3,4,8,9,13,14,18,19
1270,3,4,8,9,13,14,18,19
1271,3,4,8,9,13,14,18,19
1272,3,4,8,9,13,14,18,19
1273,3,4,8,9,13,14,18,19
1274,3,4,8,9,13,14,18,19
1275,3,4,8,9,13,14,18,19
1276,3,4,8,9,13,14,18,19
1277,3,4,8,9,13,14,18,19
1278,3,4,8,9,13,14,18,19
1279,3,4,8,9,13,14,18,19
1280,3,4,8,9,13,14,18,19
1281,3,4,8,9,13,14,18,19
1282,3,4,8,9,13,14,18,19
1283,3,4,8,9,13,14,18,19
1284,3,4,8,9,13,14,18,19
1285,3,4,8,9,13,14,18,19
1286,3,4,8,9,13,14,18,19
1287,3,4,8,9,13,14,18,19
1288,3,4,8,9,13,14,18,19
1289,3,4,8,9,13,14,18,19
1290,3,4,8,9,13,14,18,19
1291,3,4,8,9,13,14,18,19
1292,3,4,8,9,13,14,18,19
1293,3,4,8,9,13,14,18,19
1294,3,4,8,9,13,14,18,19
1295,3,4,8,9,13,14,18,19
1296,3,4,8,9,13,14,18,19
1297,3,4,8,9,13,14,18,19
1298,3,4,8,9,13,14,18,19
1299,3,4,8,9,13,14,18,19
1300,3,4,8,9,13,14,18,19
1301,3,4,8,9,13,14,18,19
1302,3,4,8,9,13,14,18,19
1303,3,4,8,9,13,14,18,19
1304,3,4,8,9,13,14,18,19
1305,3,4,8,9,13,14,18,19
1306,3,4,8,9,13,14,18,19
1307,3,4,8,9,13,14,18,19
1308,3,4,8,9,13,14,18,19
1309,3,4,8,9,13,14,18,19
1310,3,4,8,9,13,14,18,19
1311,3,4,8,9,13,14,18,19
1312,3,4,8,9,13,14,18,19
1313,3,4,8,9,13,14,18,19
1314,3,4,8,9,13,14,18,19
1315,3,4,8,9,13,14,18,19
1316,3,4,8,9,13,14,18,19
1317,3,4,8,9,13,14,18,19
1318,3,4,8,9,13,14,18,19
1319,3,4,8,9,13,14,18,19
1320,3,4,8,9,13,14,18,19
1321,3,4,8,9,13,14,18,19
1322,3,4,8,9,13,14,18,19
1323,3,4,8,9,13,14,18,19
1324,3,4,8,9,13,14,18,19
1325,3,4,8,9,13,14,18,19
1326,3,4,8,9,13,14,18,19
1327,3,4,8,9,13,14,18,19
1328,3,4,8,9,13,14,18,19
1329,3,4,8,9,13,14,18,19
1330,3,4,8,9,13,14,18,19
1331,3,4,8,9,13,14,18,19
1332,3,4,8,9,13,14,18,19
1333,3,4,8,9,13,14,18,19
1334,3,4,8,9,13,14,18,19
1335,4,8,9,13,14,18,19
1336,4,8,9,13,14,18,19
1337,4,8,9,13,14,18,19
1338,4,8,9,13,14,18,19
1339,8,9,13,14,18,19
1340,8,9,13,14,18,19
1341,8,9,13,14,18,19,23,24
1342,8,9,13,14,18,19,23,24
1343,8,9,13,14,18,19,23,24
1344,8,9,13,14,18,19,23,24
1345,8,9,13,14,18,19,23,24
1346,8,9,13,14,18,19,23,24
1347,8,9,13,14,15,18,19,20,23,24
1348,8,9,13,14,15,18,19,20,23,24
1349,8,9,13,14,15,18,19,20,23,24
1350,8,9,13,14,15,18,19,20,23,24
1351,8,9,13,14,15,18,19,20,23,24
1352,8,9,13,14,15,18,19,20,23,24
1353,8,9,13,14,15,18,19,20,23,24
1354,8,9,13,14,15,18,19,20,23,24
1355,8,9,13,14,15,18,19,20,23,24
1356,8,9,13,14,15,18,19,20,23,24
1357,8,9,13,14,15,18,19,20,23,24
1358,8,9,13,14,15,18,19,20,23,24
1359,8,9,13,14,15,18,19,20,24
1360,8,9,13,14,15,18,19,20,24
1361,4,8,9,13,14,18,19
1362,4,8,9,13,14,18,19
1363,4,8,9,13,14,18,19
1364,4,8,9,13,14,18,19
1365,3,4,8,9,13,14,18,19
1366,3,4,8,9,13,14,18,19
1367,3,4,8,9,13,14,18,19
1368,3,4,8,9,13,14,18,19
1369,3,4,8,9,13,14,18,19
1370,3,4,8,9,13,14,18,19
1371,3,4,8,9,13,14,18,19
1372,3,4,8,9,13,14,18,19
1373,3,4,8,9,13,14,18,19
1374,3,4,8,9,13,14,18,19
1375,3,4,8,9,13,14,18,19
1376,3,4,8,9,13,14,18,19
1377,3,4,8,9,13,14,18,19
1378,3,4,8,9,13,14,18,19
1379,3,4,8,9,13,14,18,19
1380,3,4,8,9,13,14,18,19
1381,3,4,8,9,13,14,18,19
1382,3,4,8,9,13,14,18,19
1383,3,4,8,9,13,14,18,19
1384,3,4,8,9,13,14,18,19
1385,3,4,8,9,13,14,18,19
1386,3,4,8,9,13,14,18,19
1387,3,4,8,9,13,14,18,19
1388,3,4,8,9,13,14,18,19
1389,3,4,8,9,13,14,18,19
1390,3,4,8,9,13,14,18,19
1391,3,4,8,9,13,14,18,19
1392,3,4,8,9,13,14,18,19
1393,3,4,8,9,13,14,18,19
1394,3,4,8,9,13,14,18,19
1395,3,4,8,9,13,14,18,19
1396,3,4,8,9,13,14,18,19
1397,3,4,8,9,13,14,18,19
1398,3,4,8,9,13,14,18,19
1399,3,4,8,9,13,14,18,19
1400,3,4,8,9,13,14,18,19
1401,3,4,8,9,13,14,18,19
1402,3,4,8,9,13,14,18,19
1403,3,4,8,9,13,14,18,19
1404,3,4,8,9,13,14,18,19
1405,3,4,8,9,13,14,18,19
1406,3,4,8,9,13,14,18,19
1407,3,4,8,9,13,14,18,19
1408,3,4,8,9,13,14,18,19
1409,3,4,8,9,13,14,18,19
1410,3,4,8,9,13,14,18,19
1411,3,4,8,9,13,14,18,19
1412,3,4,8,9,13,14,18,19
1413,3,4,8,9,13,14,18,19
1414,3,4,8,9,13,14,18,19
1415,3,4,8,9,13,14,18,19
1416,3,4,8,9,13,14,18,19
1417,3,4,8,9,13,14,18,19
1418,3,4,8,9,13,14,18,19
1419,3,4,8,9,13,14,18,19
1420,3,4,8,9,13,14,18,19
1421,3,4,8,9,13,14,18,19
1422,3,4,8,9,13,14,18,19
1423,3,4,8,9,13,14,18,19
1424,3,4,8,9,13,14,18,19
1425,3,4,8,9,13,14,18,19
1426,3,4,8,9,13,14,18,19
1427,3,4,8,9,13,14,18,19
1428,3,4,8,9,13,14,18,19
1429,3,4,8,9,13,14,18,19
1430,3,4,8,9,13,14,18,19
1431,3,4,8,9,13,14,18,19
1432,3,4,8,9,13,14,18,19
1433,3,4,8,9,13,14,18,19
1434,3,4,8,9,13,14,18,19
1435,3,4,8,9,13,14,18,19
1436,3,4,8,9,13,14,18,19
1437,3,4,8,9,13,14,18,19
1438,3,4,8,9,13,14,18,19
1439,3,4,8,9,13,14,18,19
1440,3,4,8,9,13,14,18,19
1441,3,4,8,9,13,14,18,19
1442,3,4,8,9,13,14,18,19
1443,3,4,8,9,13,14,18,19
1444,3,4,8,9,13,14,18,19
1445,3,4,8,9,13,14,18,19
1446,3,4,8,9,13,14,18,19
1447,3,4,8,9,13,14,18,19
1448,3,4,8,9,13,14,18,19
1449,3,4,8,9,13,14,18,19
1450,3,4,8,9,13,14,18,19
1451,3,4,8,9,13,14,18,19
1452,3,4,8,9,13,14,18,19
1453,3,4,8,9,13,14,18,19
1454,3,4,8,9,13,14,18,19
1455,3,4,8,9,13,14,18,19
1456,3,4,8,9,13,14,18,19
1457,3,4,8,9,13,14,18,19
1458,3,4,8,9,13,14,18,19
1459,3,4,8,9,13,14,18,19
1460,3,4,8,9,13,14,18,19
1461,3,4,8,9,13,14,18,19
1462,3,4,8,9,13,14,18,19
1463,3,4,8,9,13,14,18,19
1464,3,4,8,9,13,14,18,19
1465,3,4,8,9,13,14,18,19
1466,3,4,8,9,13,14,18,19
1467,3,4,8,9,13,14,18,19
1468,3,4,8,9,13,14,18,19
1469,3,4,8,9,13,14,18,19
1470,3,4,8,9,13,14,18,19
1471,3,4,8,9,13,14,18,19
1472,3,4,8,9,13,14,18,19
1473,3,4,8,9,13,14,18,19
1474,3,4,8,9,13,14,18,19
1475,3,4,8,9,13,14,18,19
1476,3,4,8,9,13,14,18,19
1477,3,4,8,9,13,14,18,19
1478,3,4,8,9,13,14,18,19
1479,3,4,8,9,13,14,18,19
1480,3,4,8,9,13,14,18,19
1481,3,4,8,9,13,14,18,19
1482,3,4,8,9,13,14,18,19
1483,3,4,8,9,13,14,18,19
1484,3,4,8,9,13,14,18,19
1485,3,4,8,9,13,14,18,19
1486,3,4,8,9,13,14,18,19
1487,3,4,8,9,13,14,18,19
1488,3,4,8,9,13,14,18,19
1489,3,4,8,9,13,14,18,19
1490,3,4,8,9,13,14,18,19
1491,3,4,8,9,13,14,18,19
1492,3,4,8,9,13,14,18,19
1493,3,4,8,9,13,14,18,19
1494,3,4,8,9,13,14,18,19
1495,3,4,8,9,13,14,18,19
1496,3,4,8,9,13,14,18,19
1497,3,4,8,9,13,14,18,19
1498,3,4,8,9,13,14,18,19
1499,3,4,8,9,13,14,18,19
1500,3,4,8,9,13,14,18,19
1501,3,4,8,9,13,14,18,19
1502,3,4,8,9,13,14,18,19
1503,3,4,8,9,13,14,18,19
1504,3,4,8,9,13,14,18,19
1505,3,4,8,9,13,14,18,19
1506,3,4,8,9,13,14,18,19
1507,3,4,8,9,13,14,18,19
1508,3,4,8,9,13,14,18,19
1509,3,4,8,9,13,14,18,19
1510,3,4,8,9,13,14,18,19
1511,3,4,8,9,13,14,18,19
1512,3,4,8,9,13,14,18,19
1513,3,4,8,9,13,14,18,19
1514,3,4,8,9,13,14,18,19
1515,3,4,8,9,13,14,18,19
1516,3,4,8,9,13,14,18,19
1517,3,4,8,9,13,14,18,19
1518,3,4,8,9,13,14,18,19
1519,3,4,8,9,13,14,18,19
1520,3,4,8,9,13,14,18,19
1521,3,4,8,9,13,14,18,19
1522,3,4,8,9,13,14,18,19
1523,3,4,8,9,13,14,18,19
1524,3,4,8,9,13,14,18,19
1525,3,4,8,9,13,14,18,19
1526,3,4,8,9,13,14,18,19
1527,3,4,8,9,13,14,18,19
1528,3,4,8,9,13,14,18,19
1529,3,4,8,9,13,14,18,19
1530,3,4,8,9,13,14,18,19
1531,3,4,5,8,9,10,13,14,15,19
1532,3,4,5,8,9,10,13,14,15,19
1533,3,4,5,8,9,10,13,14,15,19
1534,3,4,5,8,9,10,13,14,15,19
1535,3,4,5,8,9,10,13,14,15,19
1536,3,4,5,8,9,10,13,14,15,19
1537,3,4,5,8,9,10,13,14,15,19
1538,3,4,5,8,9,10,13,14,15,19
1539,3,4,5,8,9,10,13,14,15,19
1540,3,4,5,8,9,10,13,14,15,19
1541,3,4,5,8,9,10,13,14,15,19
1542,3,4,5,8,9,10,13,14,15,19
1543,3,4,5,8,9,10,13,14,15,19
1544,3,4,5,8,9,10,13,14,15,19
1545,3,4,5,8,9,10,13,14,15,19
1546,3,4,5,8,9,10,13,14,15,19
1547,3,4,5,8,9,10,13,14,15,19
1548,3,4,5,8,9,10,13,14,15,19
1549,3,4,5,8,9,10,13,14,15,19
1550,3,4,5,8,9,10,13,14,15,19
1551,3,4,5,8,9,10,13,14,15,19
1552,3,4,5,8,9,10,13,14,15,19
1553,3,4,5,8,9,10,13,14,15,19
1554,3,4,5,8,9,10,13,14,15,19
1555,3,4,5,8,9,10,13,14,15,19
1556,3,4,5,8,9,10,13,14,15,19
1557,3,4,5,8,9,10,13,14,15,19
1558,3,4,5,8,9,10,13,14,15,19
1559,3,4,5,8,9,10,13,14,15,19
1560,3,4,5,8,9,10,13,14,15,19
1561,3,4,5,8,9,10,13,14,15,19
1562,3,4,5,8,9,10,13,14,15,19
1563,3,4,5,8,9,10,13,14,15,19
1564,3,4,5,8,9,10,13,14,15,19
1565,3,4,5,8,9,10,13,14,15,19
1566,3,4,5,8,9,10,13,14,15,19
1567,3,4,5,8,9,10,13,14,15,19
1568,3,4,5,8,9,10,13,14,15,19
1569,3,4,5,8,9,10,13,14,15,19
1570,3,4,5,8,9,10,13,14,15,19
1571,4,8,9,10,13,14,15,18,19
1572,4,8,9,10,13,14,15,18,19
1573,4,8,9,10,13,14,15,18,19
1574,4,8,9,10,13,14,15,18,19
1575,4,8,9,10,13,14,15,18,19,20
1576,4,8,9,10,13,14,15,18,19,20
1577,4,8,9,10,13,14,15,19,20
1578,4,8,9,10,13,14,15,19,20
1579,4,5,9,10,13,14,15,19,20
1580,4,5,9,10,13,14,15,19,20
1581,4,5,9,10,14,15,19,20
1582,4,5,9,10,14,15,19,20
1583,4,5,9,10,14,15,19,20
1584,4,5,9,10,14,15,19,20
1585,4,5,9,10,14,15,19,20
1586,4,5,9,10,14,15,19,20
1587,4,5,9,10,14,15,19,20
1588,4,5,9,10,14,15,19,20
1589,4,5,9,10,14,15,19,20
1590,4,5,9,10,14,15,19,20
1591,4,5,8,9,10,13,14,15,19,20
1592,4,5,8,9,10,13,14,15,19,20
1593,4,5,8,9,10,13,14,15,19,20
1594,4,5,8,9,10,13,14,15,19,20
1595,4,8,9,10,13,14,15,18,19,20
1596,4,8,9,10,13,14,15,18,19,20
1597,4,8,9,10,13,14,15,18,19
1598,4,8,9,10,13,14,15,18,19
1599,4,8,9,10,13,14,15,18,19
1600,4,8,9,10,13,14,15,18,19
1601,4,8,9,10,13,14,15,18,19
1602,4,8,9,10,13,14,15,18,19
1603,3,4,8,9,13,14,18,19
1604,3,4,8,9,13,14,18,19
1605,3,4,8,9,13,14,18,19
1606,3,4,8,9,13,14,18,19
1607,3,4,8,9,13,14,18,19
1608,3,4,8,9,13,14,18,19
1609,3,4,8,9,13,14,18,19
1610,3,4,8,9,13,14,18,19
1611,3,4,8,9,13,14,18,19
1612,3,4,8,9,13,14,18,19
1613,3,4,8,9,13,14,18,19
1614,3,4,8,9,13,14,18,19
1615,3,4,8,9,13,14,18,19
1616,3,4,8,9,13,14,18,19
1617,3,4,8,9,13,14,18,19
1618,3,4,8,9,13,14,18,19
1619,3,4,8,9,13,14,18,19
1620,3,4,8,9,13,14,18,19
1621,3,4,8,9,13,14,18,19
1622,3,4,8,9,13,14,18,19
1623,3,4,8,9,13,14,18,19
1624,3,4,8,9,13,14,18,19
1625,3,4,8,9,13,14,18,19
1626,3,4,8,9,13,14,18,19
1627,3,4,8,9,13,14,18,19
1628,3,4,8,9,13,14,18,19
1629,3,4,8,9,13,14,18,19
1630,3,4,8,9,13,14,18,19
1631,3,4,8,9,13,14,18,19
1632,3,4,8,9,13,14,18,19
1633,3,4,8,9,13,14,18,19
1634,3,4,8,9,13,14,18,19
1635,3,4,7,8,9,12,13,14,18,19
1636,3,4,7,8,9,12,13,14,18,19
1637,3,4,8,9,12,13,14,18,19
1638,3,4,8,9,12,13,14,18,19
1639,3,4,8,9,13,14,18,19
1640,3,4,8,9,13,14,18,19
1641,3,4,8,9,13,14,18,19
1642,3,4,8,9,13,14,18,19
1643,3,4,8,9,13,14,18,19
1644,3,4,8,9,13,14,18,19
1645,3,4,8,9,13,14,18,19
1646,3,4,8,9,13,14,18,19
1647,3,4,8,9,12,13,14,18,19
1648,3,4,8,9,12,13,14,18,19
1649,3,8,9,12,13,14,18,19
1650,3,8,9,12,13,14,18,19
1651,3,8,9,12,13,14,18,19
1652,3,8,9,12,13,14,18,19
1653,3,7,8,9,12,13,14,18,19
1654,3,7,8,9,12,13,14,18,19
1655,3,7,8,9,12,13,14,18,19
1656,3,7,8,9,12,13,14,18,19
1657,3,7,8,9,12,13,14,18,19
1658,3,7,8,9,12,13,14,18,19
1659,3,7,8,9,12,13,14,18,19
1660,3,7,8,9,12,13,14,18,19
1661,3,7,8,9,12,13,14,18,19
1662,3,7,8,9,12,13,14,18,19
1663,3,7,8,9,12,13,14,18,19
1664,3,7,8,9,12,13,14,18,19
1665,3,7,8,9,12,13,14,18,19
1666,3,7,8,9,12,13,14,18,19
1667,3,7,8,9,12,13,14,18,19
1668,3,7,8,9,12,13,14,18,19
1669,3,7,8,9,12,13,14,18,19
1670,3,7,8,9,12,13,14,18,19
1671,3,7,8,9,12,13,14,18,19
1672,3,7,8,9,12,13,14,18,19
1673,3,7,8,9,12,13,14,18,19
1674,3,7,8,9,12,13,14,18,19
1675,3,7,8,9,12,13,14,18,19
1676,3,7,8,9,12,13,14,18,19
1677,7,8,9,12,13,14,18,19
1678,7,8,9,12,13,14,18,19
1679,7,8,9,12,13,14,18,19
1680,7,8,9,12,13,14,18,19
1681,7,8,9,12,13,14,18,19
1682,7,8,9,12,13,14,18,19
1683,3,7,8,9,12,13,14,18,19
1684,3,7,8,9,12,13,14,18,19
1685,3,7,8,9,12,13,14,18,19
1686,3,7,8,9,12,13,14,18,19
1687,3,7,8,9,12,13,14,18,19
1688,3,7,8,9,12,13,14,18,19
1689,3,7,8,9,12,13,14,18,19
1690,3,7,8,9,12,13,14,18,19
1691,3,8,9,12,13,14,18,19
1692,3,8,9,12,13,14,18,19
1693,3,8,9,12,13,14,18,19
1694,3,8,9,12,13,14,18,19
1695,3,8,9,13,14,18,19
1696,3,8,9,13,14,18,19
1697,3,4,8,9,13,14,18,19
1698,3,4,8,9,13,14,18,19
1699,3,4,8,9,13,14,18,19
1700,3,4,8,9,13,14,18,19
1701,3,4,8,9,13,14,18,19
1702,3,4,8,9,13,14,18,19
1703,4,8,9,13,14,18,19
1704,4,8,9,13,14,18,19
1705,4,8,9,13,14,18,19
1706,4,8,9,13,14,18,19
1707,4,8,9,13,14,18,19
1708,4,8,9,13,14,18,19
1709,4,8,9,13,14,18,19
1710,4,8,9,13,14,18,19
1711,4,8,9,13,14,18,19
1712,4,8,9,13,14,18,19
1713,8,9,13,14,18,19
1714,8,9,13,14,18,19
1715,8,9,13,14,18,19
1716,8,9,13,14,18,19
1717,4,8,9,13,14,18,19
1718,4,8,9,13,14,18,19
1719,4,8,9,13,14,18,19
1720,4,8,9,13,14,18,19
1721,3,4,8,9,13,14,18,19
1722,3,4,8,9,13,14,18,19
1723,3,4,8,9,13,14,18,19
1724,3,4,8,9,13,14,18,19
1725,3,4,8,9,13,14,18,19
1726,3,4,8,9,13,14,18,19
1727,3,4,8,9,13,14,18,19
1728,3,4,8,9,13,14,18,19
1729,3,4,8,9,13,14,18,19
1730,3,4,8,9,13,14,18,19
1731,3,4,8,9,13,14,18,19
1732,3,4,8,9,13,14,18,19
1733,3,4,8,9,13,14,18,19
1734,3,4,8,9,13,14,18,19
1735,3,4,8,9,13,14,18,19
1736,3,4,8,9,13,14,18,19
1737,3,4,8,9,13,14,18,19
1738,3,4,8,9,13,14,18,19
1739,3,4,8,9,13,14,18,19
1740,3,4,8,9,13,14,18,19
1741,3,4,8,9,13,14,18,19
1742,3,4,8,9,13,14,18,19
1743,3,4,8,9,13,14,18,19
1744,3,4,8,9,13,14,18,19
1745,3,4,8,9,13,14,18,19
1746,3,4,8,9,13,14,18,19
1747,3,4,8,9,13,14,18,19
1748,3,4,8,9,13,14,18,19
1749,3,4,8,9,13,14,18,19
1750,3,4,8,9,13,14,18,19
1751,3,4,8,9,13,14,18,19
1752,3,4,8,9,13,14,18,19
1753,3,4,8,9,13,14,18,19
1754,3,4,8,9,13,14,18,19
1755,3,4,8,9,13,14,18,19
1756,3,4,8,9,13,14,18,19
1757,3,4,8,9,13,14,18,19
1758,3,4,8,9,13,14,18,19
1759,3,4,8,9,13,14,18,19
1760,3,4,8,9,13,14,18,19
1761,3,4,8,9,13,14,18,19
1762,3,4,8,9,13,14,18,19
1763,3,4,8,9,13,14,18,19
1764,3,4,8,9,13,14,18,19
1765,3,4,8,9,13,14,18,19
1766,3,4,8,9,13,14,18,19
1767,3,4,8,9,13,14,18,19
1768,3,4,8,9,13,14,18,19
1769,3,4,8,9,13,14,18,19
1770,3,4,8,9,13,14,18,19
1771,3,4,8,9,13,14,18,19
1772,3,4,8,9,13,14,18,19
1773,3,4,8,9,13,14,18,19
1774,3,4,8,9,13,14,18,19
1775,3,4,8,9,13,14,18,19
1776,3,4,8,9,13,14,18,19
1777,3,4,8,9,13,14,18,19
1778,3,4,8,9,13,14,18,19
1779,3,4,8,9,13,14,18,19
1780,3,4,8,9,13,14,18,19
1781,3,4,8,9,13,14,18,19
1782,3,4,8,9,13,14,18,19
1783,3,4,8,9,13,14,18,19
1784,3,4,8,9,13,14,18,19
1785,3,4,8,9,13,14,18,19
1786,3,4,8,9,13,14,18,19
1787,3,4,8,9,13,14,18,19
1788,3,4,8,9,13,14,18,19
1789,3,4,8,9,13,14,18,19
1790,3,4,8,9,13,14,18,19
1791,3,4,8,9,13,14,18,19
1792,3,4,8,9,13,14,18,19
1793,3,4,8,9,13,14,18,19
1794,3,4,8,9,13,14,18,19
1795,3,4,8,9,13,14,18,19
1796,3,4,8,9,13,14,18,19
1797,3,4,8,9,13,14,18,19
1798,3,4,8,9,13,14,18,19
1799,3,4,8,9,13,14,18,19
1800,3,4,8,9,13,14,18,19
