1,3,7,8,9,12,13,14,17,18,19
2,3,7,8,9,12,13,14,17,18,19
3,3,7,8,9,12,13,14,17,18,19
4,3,7,8,9,12,13,14,17,18,19
5,3,7,8,9,12,13,14,17,18,19
6,3,7,8,9,12,13,14,17,18,19
7,3,7,8,9,12,13,14,17,18,19
8,3,7,8,9,12,13,14,17,18,19
9,3,7,8,9,12,13,14,17,18,19
10,3,7,8,9,12,13,14,17,18,19
11,7,8,9,12,13,14,17,18,19
12,7,8,9,12,13,14,17,18,19
13,7,8,9,12,13,14,17,18,19
14,7,8,9,12,13,14,17,18,19
15,7,8,9,12,13,14,17,18,19
16,7,8,9,12,13,14,17,18,19
17,3,7,8,9,12,13,14,17,18,19
18,3,7,8,9,12,13,14,17,18,19
19,7,8,9,12,13,14,17,18,19
20,7,8,9,12,13,14,17,18,19
21,7,8,9,12,13,14,17,18,19
22,7,8,9,12,13,14,17,18,19
23,7,8,9,12,13,14,17,18,19
24,7,8,9,12,13,14,17,18,19
25,7,8,9,12,13,14,17,18,19,23
26,7,8,9,12,13,14,17,18,19,23
27,7,8,12,13,14,17,18,19,23
28,7,8,12,13,14,17,18,19,23
29,8,12,13,14,17,18,19,22,23
30,8,12,13,14,17,18,19,22,23
31,8,12,13,14,17,18,19,22,23,24
32,8,12,13,14,17,18,19,22,23,24
33,8,12,13,14,17,18,19,22,23,24
34,8,12,13,14,17,18,19,22,23,24
35,8,12,13,14,17,18,19,22,23,24
36,8,12,13,14,17,18,19,22,23,24
37,12,13,14,17,18,19,22,23,24
38,12,13,14,17,18,19,22,23,24
39,12,13,14,17,18,19,21,22,23,24,25
40,12,13,14,17,18,19,21,22,23,24,25
41,12,13,14,17,18,19,21,22,23,24,25
42,12,13,14,17,18,19,21,22,23,24,25
43,12,13,14,17,18,19,21,22,23,24,25
44,12,13,14,17,18,19,21,22,23,24,25
45,12,13,14,17,18,19,22,23,24
46,12,13,14,17,18,19,22,23,24
47,12,13,14,17,18,19,22,23,24
48,12,13,14,17,18,19,22,23,24
49,8,12,13,14,17,18,19,22,23,24
50,8,12,13,14,17,18,19,22,23,24
51,8,12,13,14,17,18,19,22,23,24
52,8,12,13,14,17,18,19,22,23,24
53,8,12,13,17,18,22,23
54,8,12,13,17,18,22,23
55,7,8,12,13,17,18,22,23
56,7,8,12,13,17,18,22,23
57,7,8,12,13,17,18,22,23
58,7,8,12,13,17,18,22,23
59,7,8,12,13,17,18,22,23
60,7,8,12,13,17,18,22,23
61,7,8,12,13,17,18,22,23
62,7,8,12,13,17,18,22,23
63,7,8,11,12,13,16,17,18,22,23
64,7,8,11,12,13,16,17,18,22,23
65,7,8,11,12,13,16,17,18,22,23
66,7,8,11,12,13,16,17,18,22,23
67,7,8,11,12,13,16,17,18,22,23
68,7,8,11,12,13,16,17,18,22,23
69,7,8,11,12,13,16,17,18,22
70,7,8,11,12,13,16,17,18,22
71,7,8,11,12,13,16,17,18,22
72,7,8,11,12,13,16,17,18,22
73,7,8,11,12,13,16,17,18,22
74,7,8,11,12,13,16,17,18,22
75,7,8,11,12,13,16,17,18,22
76,7,8,11,12,13,16,17,18,22
77,7,8,11,12,13,16,17,18,22
78,7,8,11,12,13,16,17,18,22
79,7,8,11,12,13,16,17,18,22
80,7,8,11,12,13,16,17,18,22
81,6,7,8,11,12,13,16,17,18,22
82,6,7,8,11,12,13,16,17,18,22
83,7,8,11,12,13,16,17,18,22
84,7,8,11,12,13,16,17,18,22
85,7,8,11,12,13,16,17,18,22
86,7,8,11,12,13,16,17,18,22
87,7,8,11,12,13,16,17,18,22
88,7,8,11,12,13,16,17,18,22
89,7,8,11,12,13,17,18,22
90,7,8,11,12,13,17,18,22
91,7,8,12,13,17,18,22,23
92,7,8,12,13,17,18,22,23
93,7,8,12,13,17,18,22,23
94,7,8,12,13,17,18,22,23
95,7,8,12,13,17,18,22,23
96,7,8,12,13,17,18,22,23
97,7,8,12,13,17,18,22,23
98,7,8,12,13,17,18,22,23
99,7,8,12,13,17,18,23
100,7,8,12,13,17,18,23
101,7,8,12,13,17,18,23
102,7,8,12,13,17,18,23
103,7,8,12,13,17,18
104,7,8,12,13,17,18
105,7,8,12,13,17,18
106,7,8,12,13,17,18
107,7,8,12,13,17,18
108,7,8,12,13,17,18
109,7,8,12,13,17,18
110,7,8,12,13,17,18
111,7,8,12,13,17,18,23
112,7,8,12,13,17,18,23
113,7,8,12,13,17,18,23
114,7,8,12,13,17,18,23
115,7,8,12,13,17,18,23
116,7,8,12,13,17,18,23
117,7,8,12,13,17,18,23
118,7,8,12,13,17,18,23
119,7,8,12,13,17,18,23
120,7,8,12,13,17,18,23
121,7,8,12,13,17,18,23
122,7,8,12,13,17,18,23
123,7,8,12,13,17,18,23
124,7,8,12,13,17,18,23
125,7,8,12,13,17,18,23
126,7,8,12,13,17,18,23
127,7,8,12,13,17,18,23
128,7,8,12,13,17,18,23
129,7,8,12,13,17,18,23
130,7,8,12,13,17,18,23
131,7,8,12,13,17,18,23
132,7,8,12,13,17,18,23
133,7,8,12,13,17,18,23
134,7,8,12,13,17,18,23
135,7,8,12,13,17,18,23
136,7,8,12,13,17,18,23
137,7,8,12,13,17,18,23
138,7,8,12,13,17,18,23
139,7,8,12,13,17,18,23
140,7,8,12,13,17,18,23
141,7,8,12,13,17,18,23
142,7,8,12,13,17,18,23
143,7,8,12,13,17,18,23
144,7,8,12,13,17,18,23
145,7,8,12,13,17,18,23
146,7,8,12,13,17,18,23
147,7,8,12,13,17,18,23
148,7,8,12,13,17,18,23
149,7,8,12,13,17,18,23
150,7,8,12,13,17,18,23
151,7,8,12,13,17,18,23
152,7,8,12,13,17,18,23
153,7,8,12,13,17,18,23
154,7,8,12,13,17,18,23
155,7,8,12,13,17,18,23
156,7,8,12,13,17,18,23
157,7,8,12,13,17,18,23
158,7,8,12,13,17,18,23
159,7,8,12,13,17,18,23
160,7,8,12,13,17,18,23
161,7,8,12,13,17,18,23
162,7,8,12,13,17,18,23
163,7,8,12,13,17,18,23
164,7,8,12,13,17,18,23
165,7,8,12,13,17,18,23
166,7,8,12,13,17,18,23
167,7,8,12,13,17,18,23
168,7,8,12,13,17,18,23
169,7,8,12,13,17,18,23
170,7,8,12,13,17,18,23
171,7,8,12,13,17,18,23
172,7,8,12,13,17,18,23
173,7,8,12,13,17,18,23
174,7,8,12,13,17,18,23
175,7,8,12,13,17,18,23
176,7,8,12,13,17,18,23
177,3,7,8,12,13,17,18
178,3,7,8,12,13,17,18
179,3,7,8,9,12,13,14,17,18
180,3,7,8,9,12,13,14,17,18
181,3,7,8,9,12,13,14,17,18
182,3,7,8,9,12,13,14,17,18
183,3,7,8,9,12,13,14,17,18
184,3,7,8,9,12,13,14,17,18
185,3,4,7,8,9,12,13,14,18
186,3,4,7,8,9,12,13,14,18
187,2,3,4,7,8,9,12,13,14,18
188,2,3,4,7,8,9,12,13,14,18
189,2,3,4,7,8,9,12,13,14,18
190,2,3,4,7,8,9,12,13,14,18
191,2,3,4,7,8,9,12,13,14,18
192,2,3,4,7,8,9,12,13,14,18
193,2,3,4,7,8,9,12,13,14,18
194,2,3,4,7,8,9,12,13,14,18
195,2,3,4,7,8,9,12,13,14,18
196,2,3,4,7,8,9,12,13,14,18
197,2,3,4,7,8,9,12,13,14,18
198,2,3,4,7,8,9,12,13,14,18
199,2,3,4,7,8,9,12,13,14,18
200,2,3,4,7,8,9,12,13,14,18
201,3,4,7,8,9,12,13,14,18,19
202,3,4,7,8,9,12,13,14,18,19
203,3,4,7,8,9,12,13,14,18,19
204,3,4,7,8,9,12,13,14,18,19
205,3,4,8,9,13,14,18,19
206,3,4,8,9,13,14,18,19
207,3,4,8,9,13,14,18,19
208,3,4,8,9,13,14,18,19
209,4,8,9,13,14,18,19
210,4,8,9,13,14,18,19
211,8,9,13,14,18,19
212,8,9,13,14,18,19
213,8,9,13,14,18,19,24
214,8,9,13,14,18,19,24
215,8,9,13,14,18,19,23,24
216,8,9,13,14,18,19,23,24
217,8,9,13,14,15,18,19,20,23,24
218,8,9,13,14,15,18,19,20,23,24
219,8,9,13,14,15,18,19,20,23,24
220,8,9,13,14,15,18,19,20,23,24
221,8,9,13,14,15,18,19,20,23,24
222,8,9,13,14,15,18,19,20,23,24
223,8,9,13,14,15,18,19,20,23,24
224,8,9,13,14,15,18,19,20,23,24
225,9,13,14,15,18,19,20,23,24
226,9,13,14,15,18,19,20,23,24
227,9,13,14,15,18,19,20,23,24
228,9,13,14,15,18,19,20,23,24
229,9,13,14,15,18,19,20,23,24,25
230,9,13,14,15,18,19,20,23,24,25
231,9,13,14,15,18,19,20,23,24,25
232,9,13,14,15,18,19,20,23,24,25
233,9,13,14,15,18,19,20,23,24,25
234,9,13,14,15,18,19,20,23,24,25
235,9,13,14,15,18,19,20,23,24,25
236,9,13,14,15,18,19,20,23,24,25
237,9,13,14,15,18,19,20,23,24,25
238,9,13,14,15,18,19,20,23,24,25
239,13,14,15,18,19,20,23,24,25
240,13,14,15,18,19,20,23,24,25
241,13,14,15,18,19,20,23,24,25
242,13,14,15,18,19,20,23,24,25
243,13,14,15,18,19,20,23,24,25
244,13,14,15,18,19,20,23,24,25
245,13,14,15,18,19,20,23,24,25
246,13,14,15,18,19,20,23,24,25
247,13,14,15,18,19,20,23,24,25
248,13,14,15,18,19,20,23,24,25
249,13,14,15,18,19,20,23,24,25
250,13,14,15,18,19,20,23,24,25
251,13,14,15,18,19,20,23,24,25
252,13,14,15,18,19,20,23,24,25
253,9,13,14,15,18,19,20,23,24,25
254,9,13,14,15,18,19,20,23,24,25
255,9,13,14,15,18,19,20,23,24,25
256,9,13,14,15,18,19,20,23,24,25
257,9,13,14,15,18,19,20,23,24,25
258,9,13,14,15,18,19,20,23,24,25
259,9,13,14,15,18,19,20,23,24,25
260,9,13,14,15,18,19,20,23,24,25
261,9,13,14,15,18,19,20,23,24,25
262,9,13,14,15,18,19,20,23,24,25
263,9,13,14,15,18,19,20,23,24,25
264,9,13,14,15,18,19,20,23,24,25
265,9,13,14,15,18,19,20,23,24,25
266,9,13,14,15,18,19,20,23,24,25
267,9,10,13,14,15,18,19,20,24,25
268,9,10,13,14,15,18,19,20,24,25
269,8,9,10,13,14,15,18,19,20,24
270,8,9,10,13,14,15,18,19,20,24
271,8,9,10,13,14,15,18,19,20,24
272,8,9,10,13,14,15,18,19,20,24
273,8,9,10,13,14,15,18,19,20,24
274,8,9,10,13,14,15,18,19,20,24
275,8,9,10,13,14,15,18,19,20,24
276,8,9,10,13,14,15,18,19,20,24
277,8,9,10,13,14,15,18,19,20,24
278,8,9,10,13,14,15,18,19,20,24
279,8,9,10,13,14,15,18,19,20
280,8,9,10,13,14,15,18,19,20
281,4,9,10,13,14,15,19,20
282,4,9,10,13,14,15,19,20
283,4,9,10,14,15,19,20
284,4,9,10,14,15,19,20
285,4,5,9,10,14,15,19,20
286,4,5,9,10,14,15,19,20
287,4,5,9,10,14,15,19,20
288,4,5,9,10,14,15,19,20
289,4,5,9,10,14,15,19,20
290,4,5,9,10,14,15,19,20
291,4,5,9,10,14,15,19,20
292,4,5,9,10,14,15,19,20
293,4,5,9,10,14,15,19,20
294,4,5,9,10,14,15,19,20
295,4,5,9,10,14,15,19,20
296,4,5,9,10,14,15,19,20
297,4,5,9,10,14,15,19,20
298,4,5,9,10,14,15,19,20
299,4,5,9,10,14,15,19,20
300,4,5,9,10,14,15,19,20
301,4,5,9,10,14,15,19,20
302,4,5,9,10,14,15,19,20
303,4,5,9,10,14,15,19,20
304,4,5,9,10,14,15,19,20
305,4,5,9,10,14,15,19,20
306,4,5,9,10,14,15,19,20
307,4,5,9,10,14,15,19,20
308,4,5,9,10,14,15,19,20
309,4,5,9,10,14,15,19,20
310,4,5,9,10,14,15,19,20
311,4,5,9,10,14,15,19,20
312,4,5,9,10,14,15,19,20
313,4,5,9,10,14,15,19,20
314,4,5,9,10,14,15,19,20
315,4,5,9,10,14,15,19,20
316,4,5,9,10,14,15,19,20
317,4,5,9,10,14,15,19,20
318,4,5,9,10,14,15,19,20
319,4,5,9,10,14,15,19,20
320,4,5,9,10,14,15,19,20
321,4,5,9,10,14,15,19,20
322,4,5,9,10,14,15,19,20
323,4,5,9,10,14,15,19,20
324,4,5,9,10,14,15,19,20
325,4,5,9,10,14,15,19,20
326,4,5,9,10,14,15,19,20
327,4,5,9,10,14,15,19,20
328,4,5,9,10,14,15,19,20
329,4,5,6,9,10,14,15,19,20
330,4,5,6,9,10,14,15,19,20
331,1,4,5,6,9,10,14,15,19,20
332,1,4,5,6,9,10,14,15,19,20
333,1,4,5,6,9,10,11,14,15,19,20
334,1,4,5,6,9,10,11,14,15,19,20
335,1,4,5,6,9,10,11,14,15,20
336,1,4,5,6,9,10,11,14,15,20
337,1,4,5,6,9,10,11,14,15,20
338,1,4,5,6,9,10,11,14,15,20
339,1,4,5,6,9,10,11,14,15,20
340,1,4,5,6,9,10,11,14,15,20
341,1,4,5,6,9,10,11,14,15,20
342,1,4,5,6,9,10,11,14,15,20
343,1,4,5,6,9,10,11,14,15,20
344,1,4,5,6,9,10,11,14,15,20
345,4,5,6,9,10,11,14,15,19,20
346,4,5,6,9,10,11,14,15,19,20
347,5,6,9,10,11,14,15,19,20
348,5,6,9,10,11,14,15,19,20
349,5,6,9,10,11,14,15,19,20
350,5,6,9,10,11,14,15,19,20
351,4,5,9,10,14,15,19,20
352,4,5,9,10,14,15,19,20
353,4,5,9,10,14,15,19,20
354,4,5,9,10,14,15,19,20
355,4,9,10,13,14,15,19,20
356,4,9,10,13,14,15,19,20
357,4,8,9,10,13,14,15,18,19,20
358,4,8,9,10,13,14,15,18,19,20
359,8,9,13,14,18,19
360,8,9,13,14,18,19
361,8,9,13,14,18,19
362,8,9,13,14,18,19
363,8,9,13,14,18,19
364,8,9,13,14,18,19
365,7,8,9,12,13,14,17,18,19,23
366,7,8,9,12,13,14,17,18,19,23
367,7,8,9,12,13,14,17,18,19,23
368,7,8,9,12,13,14,17,18,19,23
369,7,8,12,13,14,17,18,19,22,23
370,7,8,12,13,14,17,18,19,22,23
371,7,8,12,13,14,17,18,19,22,23
372,7,8,12,13,14,17,18,19,22,23
373,8,12,13,17,18,22,23
374,8,12,13,17,18,22,23
375,8,12,13,17,18,22,23
376,8,12,13,17,18,22,23
377,8,12,13,17,18,22,23
378,8,12,13,17,18,22,23
379,8,12,13,17,18,22,23
380,8,12,13,17,18,22,23
381,7,8,12,13,17,18,22,23
382,7,8,12,13,17,18,22,23
383,7,8,12,13,17,18,22,23
384,7,8,12,13,17,18,22,23
385,7,8,12,13,17,18,22,23
386,7,8,12,13,17,18,22,23
387,7,8,12,13,17,18,22,23
388,7,8,12,13,17,18,22,23
389,7,8,12,13,17,18,22,23
390,7,8,12,13,17,18,22,23
391,7,8,12,13,17,18,22,23
392,7,8,12,13,17,18,22,23
393,7,8,12,13,17,18,22,23
394,7,8,12,13,17,18,22,23
395,7,8,12,13,17,18,22,23
396,7,8,12,13,17,18,22,23
397,7,8,12,13,17,18,22,23
398,7,8,12,13,17,18,22,23
399,7,8,12,13,17,18,22,23
400,7,8,12,13,17,18,22,23
401,7,8,12,13,17,18,22,23
402,7,8,12,13,17,18,22,23
403,7,8,12,13,17,18,22,23
404,7,8,12,13,17,18,22,23
405,7,8,12,13,17,18,22,23
406,7,8,12,13,17,18,22,23
407,7,8,12,13,17,18,22,23
408,7,8,12,13,17,18,22,23
409,7,8,12,13,17,18,22,23
410,7,8,12,13,17,18,22,23
411,7,8,12,13,17,18,22,23
412,7,8,12,13,17,18,22,23
413,7,8,12,13,17,18,22,23
414,7,8,12,13,17,18,22,23
415,7,8,12,13,17,18,22,23
416,7,8,12,13,17,18,22,23
417,7,8,12,13,17,18,22,23
418,7,8,12,13,17,18,22,23
419,7,8,12,13,17,18,22,23
420,7,8,12,13,17,18,22,23
421,7,8,12,13,17,18,22,23
422,7,8,12,13,17,18,22,23
423,7,8,12,13,17,18,22,23
424,7,8,12,13,17,18,22,23
425,7,8,12,13,17,18,22,23
426,7,8,12,13,17,18,22,23
427,7,8,12,13,17,18,22,23
428,7,8,12,13,17,18,22,23
429,7,8,12,13,17,18,22,23
430,7,8,12,13,17,18,22,23
431,7,8,12,13,17,18,22,23
432,7,8,12,13,17,18,22,23
433,7,8,12,13,17,18,22,23
434,7,8,12,13,17,18,22,23
435,7,8,12,13,17,18,22,23
436,7,8,12,13,17,18,22,23
437,7,8,12,13,17,18,22,23
438,7,8,12,13,17,18,22,23
439,7,8,12,13,17,18,22,23
440,7,8,12,13,17,18,22,23
441,7,8,12,13,17,18,22,23
442,7,8,12,13,17,18,22,23
443,8,12,13,17,18,22,23
444,8,12,13,17,18,22,23
445,8,12,13,17,18,22,23
446,8,12,13,17,18,22,23
447,8,12,13,17,18,22,23
448,8,12,13,17,18,22,23
449,8,12,13,14,17,18,19,22,23
450,8,12,13,14,17,18,19,22,23
451,8,12,13,14,17,18,19,22,23
452,8,12,13,14,17,18,19,22,23
453,7,8,12,13,14,17,18,19,22,23
454,7,8,12,13,14,17,18,19,22,23
455,7,8,12,13,14,17,18,19,22,23
456,7,8,12,13,14,17,18,19,22,23
457,7,8,12,13,14,17,18,19,22,23
458,7,8,12,13,14,17,18,19,22,23
459,7,8,12,13,14,17,18,19,22,23
460,7,8,12,13,14,17,18,19,22,23
461,7,8,12,13,14,17,18,19,22,23
462,7,8,12,13,14,17,18,19,22,23
463,7,8,12,13,14,17,18,19,22,23
464,7,8,12,13,14,17,18,19,22,23
465,7,8,12,13,14,17,18,19,22,23
466,7,8,12,13,14,17,18,19,22,23
467,7,8,12,13,14,17,18,19,22,23
468,7,8,12,13,14,17,18,19,22,23
469,7,8,12,13,14,17,18,19,22,23
470,7,8,12,13,14,17,18,19,22,23
471,7,8,12,13,14,17,18,19,22,23
472,7,8,12,13,14,17,18,19,22,23
473,7,8,12,13,14,17,18,19,22,23
474,7,8,12,13,14,17,18,19,22,23
475,7,8,12,13,14,17,18,19,22,23
476,7,8,12,13,14,17,18,19,22,23
477,7,8,12,13,14,17,18,19,22,23
478,7,8,12,13,14,17,18,19,22,23
479,7,8,12,13,14,17,18,19,22,23
480,7,8,12,13,14,17,18,19,22,23
481,7,8,12,13,14,17,18,19,22,23
482,7,8,12,13,14,17,18,19,22,23
483,7,8,12,13,14,17,18,19,22,23
484,7,8,12,13,14,17,18,19,22,23
485,7,8,12,13,14,17,18,19,22,23
486,7,8,12,13,14,17,18,19,22,23
487,7,8,12,13,14,17,18,19,22,23
488,7,8,12,13,14,17,18,19,22,23
489,7,8,12,13,14,17,18,19,22,23
490,7,8,12,13,14,17,18,19,22,23
491,7,8,12,13,14,17,18,19,22,23
492,7,8,12,13,14,17,18,19,22,23
493,7,8,12,13,14,17,18,19,22,23
494,7,8,12,13,14,17,18,19,22,23
495,7,8,12,13,14,17,18,19,22,23
496,7,8,12,13,14,17,18,19,22,23
497,7,8,12,13,14,17,18,19,22,23
498,7,8,12,13,14,17,18,19,22,23
499,7,8,12,13,14,17,18,19,22,23
500,7,8,12,13,14,17,18,19,22,23
501,7,8,12,13,14,17,18,19,22,23
502,7,8,12,13,14,17,18,19,22,23
503,7,8,12,13,14,17,18,19,22,23
504,7,8,12,13,14,17,18,19,22,23
505,7,8,12,13,14,17,18,19,22,23
506,7,8,12,13,14,17,18,19,22,23
507,7,8,12,13,14,17,18,19,22,23
508,7,8,12,13,14,17,18,19,22,23
509,7,8,12,13,14,17,18,19,22,23
510,7,8,12,13,14,17,18,19,22,23
511,7,8,12,13,14,17,18,19,22,23
512,7,8,12,13,14,17,18,19,22,23
513,7,8,12,13,14,17,18,19,22,23
514,7,8,12,13,14,17,18,19,22,23
515,7,8,12,13,14,17,18,19,22,23
516,7,8,12,13,14,17,18,19,22,23
517,7,8,12,13,14,17,18,19,22,23
518,7,8,12,13,14,17,18,19,22,23
519,7,8,12,13,14,17,18,19,22,23
520,7,8,12,13,14,17,18,19,22,23
521,7,8,12,13,14,17,18,19,22,23
522,7,8,12,13,14,17,18,19,22,23
523,7,8,12,13,14,17,18,19,22,23
524,7,8,12,13,14,17,18,19,22,23
525,7,8,12,13,14,17,18,19,22,23
526,7,8,12,13,14,17,18,19,22,23
527,7,8,12,13,14,17,18,19,22,23
528,7,8,12,13,14,17,18,19,22,23
529,7,8,12,13,14,17,18,19,22,23
530,7,8,12,13,14,17,18,19,22,23
531,7,8,12,13,14,17,18,19,22,23
532,7,8,12,13,14,17,18,19,22,23
533,7,8,12,13,14,17,18,19,22,23
534,7,8,12,13,14,17,18,19,22,23
535,7,8,12,13,14,17,18,19,22,23
536,7,8,12,13,14,17,18,19,22,23
537,7,8,12,13,14,17,18,19,22,23
538,7,8,12,13,14,17,18,19,22,23
539,7,8,12,13,14,17,18,19,22,23
540,7,8,12,13,14,17,18,19,22,23
541,7,8,12,13,14,17,18,19,22,23
542,7,8,12,13,14,17,18,19,22,23
543,7,8,12,13,14,17,18,19,22,23
544,7,8,12,13,14,17,18,19,22,23
545,7,8,12,13,14,17,18,19,22,23
546,7,8,12,13,14,17,18,19,22,23
547,7,8,12,13,14,17,18,19,22,23
548,7,8,12,13,14,17,18,19,22,23
549,7,8,12,13,14,17,18,19,22,23
550,7,8,12,13,14,17,18,19,22,23
551,7,8,12,13,14,17,18,19,22,23
552,7,8,12,13,14,17,18,19,22,23
553,7,8,12,13,14,17,18,19,22,23
554,7,8,12,13,14,17,18,19,22,23
555,7,8,12,13,14,17,18,19,22,23
556,7,8,12,13,14,17,18,19,22,23
557,7,8,12,13,14,17,18,19,22,23
558,7,8,12,13,14,17,18,19,22,23
559,7,8,12,13,14,17,18,19,22,23
560,7,8,12,13,14,17,18,19,22,23
561,7,8,12,13,14,17,18,19,22,23
562,7,8,12,13,14,17,18,19,22,23
563,7,8,12,13,14,17,18,19,22,23
564,7,8,12,13,14,17,18,19,22,23
565,7,8,12,13,14,17,18,19,22,23
566,7,8,12,13,14,17,18,19,22,23
567,7,8,12,13,14,17,18,19,22,23
568,7,8,12,13,14,17,18,19,22,23
569,7,8,12,13,14,17,18,19,22,23
570,7,8,12,13,14,17,18,19,22,23
571,7,8,12,13,14,17,18,19,22,23
572,7,8,12,13,14,17,18,19,22,23
573,7,8,12,13,14,17,18,19,22,23
574,7,8,12,13,14,17,18,19,22,23
575,7,8,12,13,14,17,18,19,22,23
576,7,8,12,13,14,17,18,19,22,23
577,7,8,12,13,14,17,18,19,22,23
578,7,8,12,13,14,17,18,19,22,23
579,7,8,12,13,14,17,18,19,22,23
580,7,8,12,13,14,17,18,19,22,23
581,7,8,12,13,14,17,18,19,22,23
582,7,8,12,13,14,17,18,19,22,23
583,7,8,12,13,14,17,18,19,22,23
584,7,8,12,13,14,17,18,19,22,23
585,7,8,12,13,14,17,18,19,22,23
586,7,8,12,13,14,17,18,19,22,23
587,7,8,12,13,14,17,18,19,22,23
588,7,8,12,13,14,17,18,19,22,23
589,7,8,12,13,14,17,18,19,22,23
590,7,8,12,13,14,17,18,19,22,23
591,7,8,12,13,14,17,18,19,22,23
592,7,8,12,13,14,17,18,19,22,23
593,7,8,12,13,14,17,18,19,22,23
594,7,8,12,13,14,17,18,19,22,23
595,7,8,12,13,14,17,18,19,22,23
596,7,8,12,13,14,17,18,19,22,23
597,7,8,12,13,14,17,18,19,22,23
598,7,8,12,13,14,17,18,19,22,23
599,7,8,12,13,17,18,22,23
600,7,8,12,13,17,18,22,23
601,7,8,12,13,17,18,22,23
602,7,8,12,13,17,18,22,23
603,7,8,12,13,17,18,22,23
604,7,8,12,13,17,18,22,23
605,7,8,12,13,17,18,22,23
606,7,8,12,13,17,18,22,23
607,7,8,12,13,17,18,22,23
608,7,8,12,13,17,18,22,23
609,7,8,12,13,17,18,22,23
610,7,8,12,13,17,18,22,23
611,7,8,12,13,17,18,22,23
612,7,8,12,13,17,18,22,23
613,7,8,12,13,17,18,22,23
614,7,8,12,13,17,18,22,23
615,7,8,12,13,17,18,22
616,7,8,12,13,17,18,22
617,7,8,12,13,17,18,22
618,7,8,12,13,17,18,22
619,7,8,12,13,17,18
620,7,8,12,13,17,18
621,2,7,8,12,13,17,18
622,2,7,8,12,13,17,18
623,2,7,8,12,13,17,18
624,2,7,8,12,13,17,18
625,2,3,7,8,12,13,17,18
626,2,3,7,8,12,13,17,18
627,2,3,7,8,12,13,17,18
628,2,3,7,8,12,13,17,18
629,2,3,7,8,12,13,17,18
630,2,3,7,8,12,13,17,18
631,2,3,7,8,12,13,17,18
632,2,3,7,8,12,13,17,18
633,2,3,7,8,12,13,17,18
634,2,3,7,8,12,13,17,18
635,2,3,7,8,12,13,17,18
636,2,3,7,8,12,13,17,18
637,2,3,7,8,12,13,17,18
638,2,3,7,8,12,13,17,18
639,2,3,7,8,12,13,17,18
640,2,3,7,8,12,13,17,18
641,2,3,7,8,12,13,17,18
642,2,3,7,8,12,13,17,18
643,2,3,7,8,12,13,17,18
644,2,3,7,8,12,13,17,18
645,2,3,7,8,12,13,17,18
646,2,3,7,8,12,13,17,18
647,2,3,7,8,12,13,17,18
648,2,3,7,8,12,13,17,18
649,2,3,7,8,12,13,17,18
650,2,3,7,8,12,13,17,18
651,2,3,7,8,12,13,17,18
652,2,3,7,8,12,13,17,18
653,2,3,7,8,12,13,17,18
654,2,3,7,8,12,13,17,18
655,2,3,7,8,12,13,17,18
656,2,3,7,8,12,13,17,18
657,2,3,7,8,12,13,17,18
658,2,3,7,8,12,13,17,18
659,2,3,7,8,12,13,17,18
660,2,3,7,8,12,13,17,18
661,2,3,7,8,9,12,13,14,17,18
662,2,3,7,8,9,12,13,14,17,18
663,2,3,4,7,8,9,12,13,14,18
664,2,3,4,7,8,9,12,13,14,18
665,2,3,4,7,8,9,12,13,14,18
666,2,3,4,7,8,9,12,13,14,18
667,2,3,4,7,8,9,12,13,14,18
668,2,3,4,7,8,9,12,13,14,18
669,2,3,4,7,8,9,12,13,14,18
670,2,3,4,7,8,9,12,13,14,18
671,2,3,4,7,8,9,12,13,14,18
672,2,3,4,7,8,9,12,13,14,18
673,2,3,4,7,8,9,12,13,14
674,2,3,4,7,8,9,12,13,14
675,2,3,4,7,8,9,12,13,14
676,2,3,4,7,8,9,12,13,14
677,2,3,4,7,8,9,12,13,14
678,2,3,4,7,8,9,12,13,14
679,2,3,4,7,8,9,12,13,14
680,2,3,4,7,8,9,12,13,14
681,2,3,4,7,8,9,12,13,14
682,2,3,4,7,8,9,12,13,14
683,2,3,4,7,8,9,12,13,14,18
684,2,3,4,7,8,9,12,13,14,18
685,2,3,4,7,8,9,12,13,14
686,2,3,4,7,8,9,12,13,14
687,2,3,4,7,8,9,12,13,14
688,2,3,4,7,8,9,12,13,14
689,2,3,4,7,8,9,12,13,14
690,2,3,4,7,8,9,12,13,14
691,2,3,4,7,8,9,12,13,14
692,2,3,4,7,8,9,12,13,14
693,2,3,4,7,8,9,12,13,14
694,2,3,4,7,8,9,12,13,14
695,2,3,4,7,8,9,12,13,14,18
696,2,3,4,7,8,9,12,13,14,18
697,2,3,4,7,8,9,12,13,14,18
698,2,3,4,7,8,9,12,13,14,18
699,2,3,4,7,8,9,12,13,14,18
700,2,3,4,7,8,9,12,13,14,18
701,2,3,4,7,8,9,12,13,14,18
702,2,3,4,7,8,9,12,13,14,18
703,2,3,4,7,8,9,12,13,14,18
704,2,3,4,7,8,9,12,13,14,18
705,2,3,4,7,8,9,12,13,14,18
706,2,3,4,7,8,9,12,13,14,18
707,2,3,4,7,8,9,12,13,14,18
708,2,3,4,7,8,9,12,13,14,18
709,2,3,4,7,8,9,12,13,14,18
710,2,3,4,7,8,9,12,13,14,18
711,2,3,4,7,8,9,12,13,14,18
712,2,3,4,7,8,9,12,13,14,18
713,2,3,4,7,8,9,12,13,14,18
714,2,3,4,7,8,9,12,13,14,18
715,2,3,4,7,8,9,12,13,14,18
716,2,3,4,7,8,9,12,13,14,18
717,2,3,4,7,8,9,12,13,14,18
718,2,3,4,7,8,9,12,13,14,18
719,2,3,4,7,8,9,12,13,14,18
720,2,3,4,7,8,9,12,13,14,18
721,2,3,4,7,8,9,12,13,14,18
722,2,3,4,7,8,9,12,13,14,18
723,2,3,4,7,8,9,12,13,14,17,18
724,2,3,4,7,8,9,12,13,14,17,18
725,3,7,8,9,12,13,14,17,18
726,3,7,8,9,12,13,14,17,18
727,3,7,8,9,12,13,14,17,18
728,3,7,8,9,12,13,14,17,18
729,3,7,8,9,12,13,14,17,18
730,3,7,8,9,12,13,14,17,18
731,3,7,8,9,12,13,14,17,18
732,3,7,8,9,12,13,14,17,18
733,3,7,8,9,12,13,14,17,18,19
734,3,7,8,9,12,13,14,17,18,19
735,3,7,8,9,12,13,14,17,18,19
736,3,7,8,9,12,13,14,17,18,19
737,3,7,8,9,12,13,14,17,18,19
738,3,7,8,9,12,13,14,17,18,19
739,3,7,8,9,12,13,14,17,18,19
740,3,7,8,9,12,13,14,17,18,19
741,3,7,8,9,12,13,14,17,18,19
742,3,7,8,9,12,13,14,17,18,19
743,3,7,8,9,12,13,14,17,18,19
744,3,7,8,9,12,13,14,17,18,19
745,3,7,8,9,12,13,14,17,18,19
746,3,7,8,9,12,13,14,17,18,19
747,3,7,8,9,12,13,14,17,18,19
748,3,7,8,9,12,13,14,17,18,19
749,3,7,8,9,12,13,14,17,18,19
750,3,7,8,9,12,13,14,17,18,19
751,3,7,8,9,12,13,14,17,18,19
752,3,7,8,9,12,13,14,17,18,19
753,3,7,8,9,12,13,14,17,18,19
754,3,7,8,9,12,13,14,17,18,19
755,3,7,8,9,12,13,14,17,18,19
756,3,7,8,9,12,13,14,17,18,19
757,3,7,8,9,12,13,14,17,18,19
758,3,7,8,9,12,13,14,17,18,19
759,3,7,8,9,12,13,14,17,18,19
760,3,7,8,9,12,13,14,17,18,19
761,3,7,8,9,12,13,14,17,18,19
762,3,7,8,9,12,13,14,17,18,19
763,3,7,8,9,12,13,14,17,18,19
764,3,7,8,9,12,13,14,17,18,19
765,3,7,8,9,12,13,14,17,18,19
766,3,7,8,9,12,13,14,17,18,19
767,3,7,8,9,12,13,14,17,18,19
768,3,7,8,9,12,13,14,17,18,19
769,3,7,8,9,12,13,14,17,18,19
770,3,7,8,9,12,13,14,17,18,19
771,3,7,8,9,12,13,14,17,18,19
772,3,7,8,9,12,13,14,17,18,19
773,3,7,8,9,12,13,14,17,18,19
774,3,7,8,9,12,13,14,17,18,19
775,3,7,8,9,12,13,14,17,18,19
776,3,7,8,9,12,13,14,17,18,19
777,3,7,8,9,12,13,14,17,18,19
778,3,7,8,9,12,13,14,17,18,19
779,3,7,8,9,12,13,14,17,18,19
780,3,7,8,9,12,13,14,17,18,19
781,3,7,8,9,12,13,14,17,18,19
782,3,7,8,9,12,13,14,17,18,19
783,3,7,8,9,12,13,14,17,18,19
784,3,7,8,9,12,13,14,17,18,19
785,3,7,8,9,12,13,14,17,18,19
786,3,7,8,9,12,13,14,17,18,19
787,3,7,8,9,12,13,14,17,18,19
788,3,7,8,9,12,13,14,17,18,19
789,3,7,8,9,12,13,14,17,18,19
790,3,7,8,9,12,13,14,17,18,19
791,3,7,8,9,12,13,14,17,18,19
792,3,7,8,9,12,13,14,17,18,19
793,3,7,8,9,12,13,14,17,18
794,3,7,8,9,12,13,14,17,18
795,3,7,8,9,12,13,14,17,18
796,3,7,8,9,12,13,14,17,18
797,3,7,8,9,12,13,14,17,18
798,3,7,8,9,12,13,14,17,18
799,3,7,8,9,12,13,14,17,18
800,3,7,8,9,12,13,14,17,18
801,3,7,8,9,12,13,14,17,18
802,3,7,8,9,12,13,14,17,18
803,3,7,8,9,12,13,14,17,18
804,3,7,8,9,12,13,14,17,18
805,3,7,8,9,12,13,14,17,18
806,3,7,8,9,12,13,14,17,18
807,3,7,8,9,12,13,14,17,18
808,3,7,8,9,12,13,14,17,18
809,3,7,8,9,12,13,14,17,18
810,3,7,8,9,12,13,14,17,18
811,3,7,8,9,12,13,14,17,18
812,3,7,8,9,12,13,14,17,18
813,3,7,8,9,12,13,14,17,18
814,3,7,8,9,12,13,14,17,18
815,3,7,8,9,12,13,14,17,18
816,3,7,8,9,12,13,14,17,18
817,3,7,8,9,12,13,14,17,18
818,3,7,8,9,12,13,14,17,18
819,3,7,8,9,12,13,14,17,18
820,3,7,8,9,12,13,14,17,18
821,3,7,8,9,12,13,14,17,18
822,3,7,8,9,12,13,14,17,18
823,3,7,8,9,12,13,14,17,18
824,3,7,8,9,12,13,14,17,18
825,3,7,8,9,12,13,14,17,18
826,3,7,8,9,12,13,14,17,18
827,3,7,8,9,12,13,14,17,18
828,3,7,8,9,12,13,14,17,18
829,3,7,8,9,12,13,14,17,18
830,3,7,8,9,12,13,14,17,18
831,3,7,8,9,12,13,14,17,18
832,3,7,8,9,12,13,14,17,18
833,3,7,8,9,12,13,14,17,18
834,3,7,8,9,12,13,14,17,18
835,3,7,8,9,12,13,14,17,18
836,3,7,8,9,12,13,14,17,18
837,3,7,8,9,12,13,14,17,18
838,3,7,8,9,12,13,14,17,18
839,3,7,8,9,12,13,14,17,18
840,3,7,8,9,12,13,14,17,18
841,3,7,8,9,12,13,14,17,18
842,3,7,8,9,12,13,14,17,18
843,3,7,8,9,12,13,14,17,18
844,3,7,8,9,12,13,14,17,18
845,3,7,8,9,12,13,14,17,18
846,3,7,8,9,12,13,14,17,18
847,3,7,8,9,12,13,14,17,18
848,3,7,8,9,12,13,14,17,18
849,3,7,8,9,12,13,14,17,18
850,3,7,8,9,12,13,14,17,18
851,3,7,8,9,12,13,14,17,18
852,3,7,8,9,12,13,14,17,18
853,3,7,8,9,12,13,14,17,18
854,3,7,8,9,12,13,14,17,18
855,3,7,8,9,12,13,14,17,18
856,3,7,8,9,12,13,14,17,18
857,3,7,8,9,12,13,14,17,18
858,3,7,8,9,12,13,14,17,18
859,3,7,8,9,12,13,14,17,18
860,3,7,8,9,12,13,14,17,18
861,3,7,8,9,12,13,14,17,18
862,3,7,8,9,12,13,14,17,18
863,3,7,8,9,12,13,14,17,18
864,3,7,8,9,12,13,14,17,18
865,3,7,8,9,12,13,14,17,18
866,3,7,8,9,12,13,14,17,18
867,3,7,8,9,12,13,14,17,18
868,3,7,8,9,12,13,14,17,18
869,3,7,8,9,12,13,14,17,18
870,3,7,8,9,12,13,14,17,18
871,3,7,8,9,12,13,14,17,18
872,3,7,8,9,12,13,14,17,18
873,3,7,8,9,12,13,14,17,18
874,3,7,8,9,12,13,14,17,18
875,3,4,7,8,9,12,13,14,17,18
876,3,4,7,8,9,12,13,14,17,18
877,3,4,7,8,9,12,13,14,17,18
878,3,4,7,8,9,12,13,14,17,18
879,3,7,8,9,12,13,14,17,18
880,3,7,8,9,12,13,14,17,18
881,3,7,8,9,12,13,14,17,18
882,3,7,8,9,12,13,14,17,18
883,3,7,8,9,12,13,14,17,18
884,3,7,8,9,12,13,14,17,18
885,3,7,8,9,12,13,14,17,18
886,3,7,8,9,12,13,14,17,18
887,3,4,7,8,9,12,13,14,17,18
888,3,4,7,8,9,12,13,14,17,18
889,3,4,7,8,9,12,13,14,18
890,3,4,7,8,9,12,13,14,18
891,3,4,7,8,9,12,13,14,18
892,3,4,7,8,9,12,13,14,18
893,3,4,7,8,9,12,13,14,18
894,3,4,7,8,9,12,13,14,18
895,3,4,7,8,9,12,13,14,18
896,3,4,7,8,9,12,13,14,18
897,2,3,4,7,8,9,12,13,14,18,19
898,2,3,4,7,8,9,12,13,14,18,19
899,2,3,4,7,8,9,12,13,14,18,19
900,2,3,4,7,8,9,12,13,14,18,19
901,2,3,4,7,8,9,12,13,14,18,19
902,2,3,4,7,8,9,12,13,14,18,19
903,2,3,4,7,8,9,12,13,14,18,19
904,2,3,4,7,8,9,12,13,14,18,19
905,2,3,4,7,8,9,12,13,14,18,19
906,2,3,4,7,8,9,12,13,14,18,19
907,2,3,4,7,8,9,12,13,14,18,19
908,2,3,4,7,8,9,12,13,14,18,19
909,2,3,4,7,8,9,12,13,14,18,19
910,2,3,4,7,8,9,12,13,14,18,19
911,2,3,4,7,8,9,12,13,14,18,19
912,2,3,4,7,8,9,12,13,14,18,19
913,2,3,4,7,8,9,12,13,14,18,19
914,2,3,4,7,8,9,12,13,14,18,19
915,2,3,4,7,8,9,12,13,14,18,19
916,2,3,4,7,8,9,12,13,14,18,19
917,2,3,4,7,8,9,12,13,14,18
918,2,3,4,7,8,9,12,13,14,18
919,2,3,4,7,8,9,12,13,14,18
920,2,3,4,7,8,9,12,13,14,18
921,2,3,4,7,8,9,12,13,14,18
922,2,3,4,7,8,9,12,13,14,18
923,2,3,4,7,8,9,12,13,14,18
924,2,3,4,7,8,9,12,13,14,18
925,2,3,4,7,8,9,12,13,14,18
926,2,3,4,7,8,9,12,13,14,18
927,2,3,4,7,8,9,12,13,14,18
928,2,3,4,7,8,9,12,13,14,18
929,2,3,4,7,8,9,12,13,14,18
930,2,3,4,7,8,9,12,13,14,18
931,2,3,4,7,8,9,12,13,14,18
932,2,3,4,7,8,9,12,13,14,18
933,2,3,4,7,8,9,12,13,14,18
934,2,3,4,7,8,9,12,13,14,18
935,2,3,4,7,8,9,12,13,14,18
936,2,3,4,7,8,9,12,13,14,18
937,2,3,4,7,8,9,12,13,14,18
938,2,3,4,7,8,9,12,13,14,18
939,2,3,4,7,8,9,12,13,14,18
940,2,3,4,7,8,9,12,13,14,18
941,2,3,4,7,8,9,12,13,14,18
942,2,3,4,7,8,9,12,13,14,18
943,2,3,4,7,8,9,12,13,14,18
944,2,3,4,7,8,9,12,13,14,18
945,2,3,4,7,8,9,12,13,14,18
946,2,3,4,7,8,9,12,13,14,18
947,2,3,4,7,8,9,12,13,14,18
948,2,3,4,7,8,9,12,13,14,18
949,2,3,4,7,8,9,12,13,14,18
950,2,3,4,7,8,9,12,13,14,18
951,2,3,4,7,8,9,12,13,14,18
952,2,3,4,7,8,9,12,13,14,18
953,2,3,4,7,8,9,12,13,14,18
954,2,3,4,7,8,9,12,13,14,18
955,2,3,4,7,8,9,12,13,14,18
956,2,3,4,7,8,9,12,13,14,18
957,3,4,7,8,9,12,13,14,18
958,3,4,7,8,9,12,13,14,18
959,3,4,7,8,9,12,13,14,18
960,3,4,7,8,9,12,13,14,18
961,3,4,7,8,9,12,13,14,17,18
962,3,4,7,8,9,12,13,14,17,18
963,3,7,8,9,12,13,14,17,18
964,3,7,8,9,12,13,14,17,18
965,3,7,8,9,12,13,14,17,18
966,3,7,8,9,12,13,14,17,18
967,3,7,8,9,12,13,14,17,18
968,3,7,8,9,12,13,14,17,18
969,3,7,8,9,12,13,14,17,18
970,3,7,8,9,12,13,14,17,18
971,3,7,8,12,13,17,18
972,3,7,8,12,13,17,18
973,3,7,8,12,13,17,18
974,3,7,8,12,13,17,18
975,3,7,8,12,13,17,18
976,3,7,8,12,13,17,18
977,3,7,8,12,13,17,18
978,3,7,8,12,13,17,18
979,7,8,12,13,17,18
980,7,8,12,13,17,18
981,7,8,12,13,17,18
982,7,8,12,13,17,18
983,7,8,12,13,17,18
984,7,8,12,13,17,18
985,7,8,12,13,17,18
986,7,8,12,13,17,18
987,7,8,12,13,17,18
988,7,8,12,13,17,18
989,7,8,12,13,17,18
990,7,8,12,13,17,18
991,7,8,12,13,17,18
992,7,8,12,13,17,18
993,7,8,12,13,17,18
994,7,8,12,13,17,18
995,7,8,12,13,17,18
996,7,8,12,13,17,18
997,7,8,12,13,17,18
998,7,8,12,13,17,18
999,7,8,12,13,17,18,23
1000,7,8,12,13,17,18,23
1001,7,8,12,13,17,18,23
1002,7,8,12,13,17,18,23
1003,7,8,12,13,17,18,23
1004,7,8,12,13,17,18,23
1005,7,8,12,13,17,18,23
1006,7,8,12,13,17,18,23
1007,7,8,12,13,17,18,23
1008,7,8,12,13,17,18,23
1009,7,8,12,13,17,18,23
1010,7,8,12,13,17,18,23
1011,7,8,12,13,17,18,23
1012,7,8,12,13,17,18,23
1013,7,8,12,13,17,18,23
1014,7,8,12,13,17,18,23
1015,7,8,12,13,17,18,23
1016,7,8,12,13,17,18,23
1017,7,8,12,13,17,18
1018,7,8,12,13,17,18
1019,7,8,12,13,17,18
1020,7,8,12,13,17,18
1021,7,8,12,13,17,18
1022,7,8,12,13,17,18
1023,7,8,12,13,17,18
1024,7,8,12,13,17,18
1025,7,8,12,13,17,18
1026,7,8,12,13,17,18
1027,7,8,12,13,17,18
1028,7,8,12,13,17,18
1029,7,8,12,13,17,18
1030,7,8,12,13,17,18
1031,7,8,12,13,17,18
1032,7,8,12,13,17,18
1033,7,8,12,13,17,18
1034,7,8,12,13,17,18
1035,7,8,12,13,17,18
1036,7,8,12,13,17,18
1037,7,8,12,13,17,18
1038,7,8,12,13,17,18
1039,7,8,12,13,17,18
1040,7,8,12,13,17,18
1041,3,7,8,12,13,17,18
1042,3,7,8,12,13,17,18
1043,3,7,8,12,13,17,18
1044,3,7,8,12,13,17,18
1045,3,7,8,12,13,17,18
1046,3,7,8,12,13,17,18
1047,3,7,8,9,12,13,14,17,18
1048,3,7,8,9,12,13,14,17,18
1049,3,7,8,9,12,13,14,17,18
1050,3,7,8,9,12,13,14,17,18
1051,3,7,8,9,12,13,14,17,18,19
1052,3,7,8,9,12,13,14,17,18,19
1053,3,7,8,9,12,13,14,17,18,19
1054,3,7,8,9,12,13,14,17,18,19
1055,3,4,7,8,9,12,13,14,18,19
1056,3,4,7,8,9,12,13,14,18,19
1057,3,4,7,8,9,12,13,14,18,19
1058,3,4,7,8,9,12,13,14,18,19
1059,3,4,7,8,9,12,13,14,18,19
1060,3,4,7,8,9,12,13,14,18,19
1061,3,4,7,8,9,12,13,14,18,19
1062,3,4,7,8,9,12,13,14,18,19
1063,3,4,7,8,9,12,13,14,18,19
1064,3,4,7,8,9,12,13,14,18,19
1065,3,4,7,8,9,12,13,14,18,19
1066,3,4,7,8,9,12,13,14,18,19
1067,3,4,7,8,9,12,13,14,18,19
1068,3,4,7,8,9,12,13,14,18,19
1069,3,4,7,8,9,12,13,14,18,19
1070,3,4,7,8,9,12,13,14,18,19
1071,3,4,7,8,9,12,13,14,18,19
1072,3,4,7,8,9,12,13,14,18,19
1073,3,4,7,8,9,12,13,14,18,19
1074,3,4,7,8,9,12,13,14,18,19
1075,3,4,7,8,9,12,13,14,18,19
1076,3,4,7,8,9,12,13,14,18,19
1077,3,4,7,8,9,12,13,14,18,19
1078,3,4,7,8,9,12,13,14,18,19
1079,3,4,7,8,9,12,13,14,18,19
1080,3,4,7,8,9,12,13,14,18,19
1081,3,4,7,8,9,12,13,14,18,19
1082,3,4,7,8,9,12,13,14,18,19
1083,3,4,7,8,9,12,13,14,18,19
1084,3,4,7,8,9,12,13,14,18,19
1085,3,4,7,8,9,12,13,14,18,19
1086,3,4,7,8,9,12,13,14,18,19
1087,3,4,7,8,9,12,13,14,18,19
1088,3,4,7,8,9,12,13,14,18,19
1089,3,4,7,8,9,12,13,14,18,19
1090,3,4,7,8,9,12,13,14,18,19
1091,3,4,7,8,9,12,13,14,18,19
1092,3,4,7,8,9,12,13,14,18,19
1093,3,4,8,9,13,14,18,19
1094,3,4,8,9,13,14,18,19
1095,3,4,8,9,13,14,18,19
1096,3,4,8,9,13,14,18,19
1097,3,4,8,9,13,14,18,19
1098,3,4,8,9,13,14,18,19
1099,3,4,8,9,13,14,18,19
1100,3,4,8,9,13,14,18,19
1101,3,4,8,9,13,14,18,19
1102,3,4,8,9,13,14,18,19
1103,3,4,8,9,13,14,18,19
1104,3,4,8,9,13,14,18,19
1105,3,4,8,9,13,14,18,19
1106,3,4,8,9,13,14,18,19
1107,3,4,8,9,13,14,18,19
1108,3,4,8,9,13,14,18,19
1109,3,4,8,9,13,14,18,19
1110,3,4,8,9,13,14,18,19
1111,3,4,8,9,13,14,18,19
1112,3,4,8,9,13,14,18,19
1113,3,4,8,9,13,14,18,19
1114,3,4,8,9,13,14,18,19
1115,3,4,8,9,13,14,18,19
1116,3,4,8,9,13,14,18,19
1117,3,4,8,9,13,14,18,19
1118,3,4,8,9,13,14,18,19
1119,3,4,8,9,13,14,18,19
1120,3,4,8,9,13,14,18,19
1121,3,4,8,9,13,14,18,19
1122,3,4,8,9,13,14,18,19
1123,3,4,8,9,13,14,18,19
1124,3,4,8,9,13,14,18,19
1125,3,4,8,9,13,14,18,19
1126,3,4,8,9,13,14,18,19
1127,3,4,8,9,13,14,18,19
1128,3,4,8,9,13,14,18,19
1129,3,4,8,9,13,14,18,19
1130,3,4,8,9,13,14,18,19
1131,3,4,8,9,13,14,18,19
1132,3,4,8,9,13,14,18,19
1133,3,4,8,9,13,14,18,19
1134,3,4,8,9,13,14,18,19
1135,3,4,8,9,13,14,18,19
1136,3,4,8,9,13,14,18,19
1137,3,4,7,8,9,12,13,14,18,19
1138,3,4,7,8,9,12,13,14,18,19
1139,3,4,7,8,9,12,13,14,18,19
1140,3,4,7,8,9,12,13,14,18,19
1141,3,4,7,8,9,12,13,14,18,19
1142,3,4,7,8,9,12,13,14,18,19
1143,3,4,7,8,9,12,13,14,18,19
1144,3,4,7,8,9,12,13,14,18,19
1145,3,4,7,8,9,12,13,14,18,19
1146,3,4,7,8,9,12,13,14,18,19
1147,3,4,7,8,9,12,13,14,18,19
1148,3,4,7,8,9,12,13,14,18,19
1149,3,4,7,8,9,12,13,14,18,19
1150,3,4,7,8,9,12,13,14,18,19
1151,3,4,7,8,9,12,13,14,18,19
1152,3,4,7,8,9,12,13,14,18,19
1153,3,4,7,8,9,12,13,14,18,19
1154,3,4,7,8,9,12,13,14,18,19
1155,3,4,7,8,9,12,13,14,18,19
1156,3,4,7,8,9,12,13,14,18,19
1157,3,4,7,8,9,12,13,14,18,19
1158,3,4,7,8,9,12,13,14,18,19
1159,3,4,7,8,9,12,13,14,18,19
1160,3,4,7,8,9,12,13,14,18,19
1161,3,4,7,8,9,12,13,14,18,19
1162,3,4,7,8,9,12,13,14,18,19
1163,3,4,7,8,9,12,13,14,18,19
1164,3,4,7,8,9,12,13,14,18,19
1165,3,4,7,8,9,12,13,14,18,19
1166,3,4,7,8,9,12,13,14,18,19
1167,3,7,8,9,12,13,14,18,19
1168,3,7,8,9,12,13,14,18,19
1169,3,7,8,9,12,13,14,17,18,19
1170,3,7,8,9,12,13,14,17,18,19
1171,3,7,8,9,12,13,14,17,18,19
1172,3,7,8,9,12,13,14,17,18,19
1173,3,7,8,9,12,13,14,17,18,19
1174,3,7,8,9,12,13,14,17,18,19
1175,3,7,8,9,12,13,14,17,18,19
1176,3,7,8,9,12,13,14,17,18,19
1177,3,7,8,9,12,13,14,17,18,19
1178,3,7,8,9,12,13,14,17,18,19
1179,3,7,8,9,12,13,14,17,18,19
1180,3,7,8,9,12,13,14,17,18,19
1181,3,7,8,9,12,13,14,17,18,19
1182,3,7,8,9,12,13,14,17,18,19
1183,3,7,8,9,12,13,14,17,18,19
1184,3,7,8,9,12,13,14,17,18,19
1185,3,7,8,9,12,13,14,17,18,19
1186,3,7,8,9,12,13,14,17,18,19
1187,3,7,8,9,12,13,14,17,18,19
1188,3,7,8,9,12,13,14,17,18,19
1189,3,7,8,9,12,13,14,17,18,19
1190,3,7,8,9,12,13,14,17,18,19
1191,3,7,8,9,12,13,14,17,18,19
1192,3,7,8,9,12,13,14,17,18,19
1193,3,7,8,9,12,13,14,17,18,19
1194,3,7,8,9,12,13,14,17,18,19
1195,3,7,8,9,12,13,14,17,18,19
1196,3,7,8,9,12,13,14,17,18,19
1197,3,7,8,9,12,13,14,17,18,19
1198,3,7,8,9,12,13,14,17,18,19
1199,3,7,8,9,12,13,14,17,18,19
1200,3,7,8,9,12,13,14,17,18,19
1201,3,7,8,9,12,13,14,17,18,19
1202,3,7,8,9,12,13,14,17,18,19
1203,3,7,8,9,12,13,14,18,19
1204,3,7,8,9,12,13,14,18,19
1205,3,7,8,9,12,13,14,18,19
1206,3,7,8,9,12,13,14,18,19
1207,3,4,7,8,9,12,13,14,18,19
1208,3,4,7,8,9,12,13,14,18,19
1209,3,4,7,8,9,12,13,14,18,19
1210,3,4,7,8,9,12,13,14,18,19
1211,3,4,7,8,9,12,13,14,18,19
1212,3,4,7,8,9,12,13,14,18,19
1213,3,4,7,8,9,12,13,14,18,19
1214,3,4,7,8,9,12,13,14,18,19
1215,3,4,7,8,9,12,13,14,18,19
1216,3,4,7,8,9,12,13,14,18,19
1217,3,4,7,8,9,12,13,14,18,19
1218,3,4,7,8,9,12,13,14,18,19
1219,2,3,4,7,8,9,12,13,14,18,19
1220,2,3,4,7,8,9,12,13,14,18,19
1221,2,3,4,7,8,9,12,13,14,18,19
1222,2,3,4,7,8,9,12,13,14,18,19
1223,2,3,4,7,8,9,12,13,14,18
1224,2,3,4,7,8,9,12,13,14,18
1225,2,3,4,7,8,9,12,13,14,18
1226,2,3,4,7,8,9,12,13,14,18
1227,2,3,4,7,8,9,12,13,14,18
1228,2,3,4,7,8,9,12,13,14,18
1229,2,3,4,7,8,9,12,13,14,18
1230,2,3,4,7,8,9,12,13,14,18
1231,2,3,4,7,8,9,12,13,14,18
1232,2,3,4,7,8,9,12,13,14,18
1233,2,3,4,7,8,9,12,13,14,18
1234,2,3,4,7,8,9,12,13,14,18
1235,2,3,4,7,8,9,12,13,14,18
1236,2,3,4,7,8,9,12,13,14,18
1237,2,3,4,7,8,9,12,13,14,18
1238,2,3,4,7,8,9,12,13,14,18
1239,2,3,4,7,8,9,12,13,14,18
1240,2,3,4,7,8,9,12,13,14,18
1241,2,3,4,7,8,9,12,13,14,18
1242,2,3,4,7,8,9,12,13,14,18
1243,2,3,4,7,8,9,12,13,14,18
1244,2,3,4,7,8,9,12,13,14,18
1245,2,3,4,7,8,9,12,13,14,18
1246,2,3,4,7,8,9,12,13,14,18
1247,2,3,4,7,8,9,12,13,14,18
1248,2,3,4,7,8,9,12,13,14,18
1249,2,3,4,7,8,9,12,13,14,18
1250,2,3,4,7,8,9,12,13,14,18
1251,2,3,4,7,8,9,12,13,14,18
1252,2,3,4,7,8,9,12,13,14,18
1253,2,3,4,7,8,9,12,13,14,18
1254,2,3,4,7,8,9,12,13,14,18
1255,2,3,4,7,8,9,12,13,14,18
1256,2,3,4,7,8,9,12,13,14,18
1257,2,3,4,7,8,9,12,13,14,18
1258,2,3,4,7,8,9,12,13,14,18
1259,2,3,4,7,8,9,12,13,14,18
1260,2,3,4,7,8,9,12,13,14,18
1261,2,3,4,7,8,9,12,13,14,18
1262,2,3,4,7,8,9,12,13,14,18
1263,2,3,4,7,8,9,12,13,14,18
1264,2,3,4,7,8,9,12,13,14,18
1265,2,3,4,7,8,9,12,13,14,18
1266,2,3,4,7,8,9,12,13,14,18
1267,2,3,4,7,8,9,12,13,14,18
1268,2,3,4,7,8,9,12,13,14,18
1269,2,3,4,7,8,9,12,13,14,18
1270,2,3,4,7,8,9,12,13,14,18
1271,2,3,4,7,8,9,12,13,14,18
1272,2,3,4,7,8,9,12,13,14,18
1273,2,3,4,7,8,9,12,13,14,18
1274,2,3,4,7,8,9,12,13,14,18
1275,2,3,4,7,8,9,12,13,14,18
1276,2,3,4,7,8,9,12,13,14,18
1277,2,3,4,7,8,9,12,13,14,18
1278,2,3,4,7,8,9,12,13,14,18
1279,2,3,4,7,8,9,12,13,14,18
1280,2,3,4,7,8,9,12,13,14,18
1281,2,3,4,7,8,9,12,13,14,18
1282,2,3,4,7,8,9,12,13,14,18
1283,2,3,4,7,8,9,12,13,14,18
1284,2,3,4,7,8,9,12,13,14,18
1285,2,3,4,7,8,9,12,13,14,18
1286,2,3,4,7,8,9,12,13,14,18
1287,2,3,4,7,8,9,12,13,14,18
1288,2,3,4,7,8,9,12,13,14,18
1289,2,3,4,7,8,9,12,13,14,17,18
1290,2,3,4,7,8,9,12,13,14,17,18
1291,2,3,7,8,9,12,13,14,17,18
1292,2,3,7,8,9,12,13,14,17,18
1293,2,3,7,8,9,12,13,14,17,18
1294,2,3,7,8,9,12,13,14,17,18
1295,2,3,7,8,12,13,17,18
1296,2,3,7,8,12,13,17,18
1297,2,3,7,8,12,13,17,18
1298,2,3,7,8,12,13,17,18
1299,2,3,7,8,12,13,17,18
1300,2,3,7,8,12,13,17,18
1301,2,3,7,8,12,13,17,18
1302,2,3,7,8,12,13,17,18
1303,2,3,7,8,12,13,17,18
1304,2,3,7,8,12,13,17,18
1305,2,3,7,8,12,13,17,18
1306,2,3,7,8,12,13,17,18
1307,2,3,7,8,12,13,17,18
1308,2,3,7,8,12,13,17,18
1309,2,3,7,8,12,13,17,18
1310,2,3,7,8,12,13,17,18
1311,2,3,7,8,12,13,17,18
1312,2,3,7,8,12,13,17,18
1313,2,3,7,8,12,13,17,18
1314,2,3,7,8,12,13,17,18
1315,2,3,7,8,12,13,17,18
1316,2,3,7,8,12,13,17,18
1317,2,3,7,8,12,13,17,18
1318,2,3,7,8,12,13,17,18
1319,2,3,7,8,12,13,17,18
1320,2,3,7,8,12,13,17,18
1321,2,3,7,8,12,13,17,18
1322,2,3,7,8,12,13,17,18
1323,2,3,7,8,12,13,17,18
1324,2,3,7,8,12,13,17,18
1325,2,3,7,8,12,13,17,18
1326,2,3,7,8,12,13,17,18
1327,2,3,7,8,12,13,17,18
1328,2,3,7,8,12,13,17,18
1329,2,3,7,8,12,13,17,18
1330,2,3,7,8,12,13,17,18
1331,2,3,7,8,12,13,17,18
1332,2,3,7,8,12,13,17,18
1333,2,3,7,8,12,13,17,18
1334,2,3,7,8,12,13,17,18
1335,2,3,7,8,12,13,17,18
1336,2,3,7,8,12,13,17,18
1337,2,3,7,8,12,13,17,18
1338,2,3,7,8,12,13,17,18
1339,2,3,7,8,12,13,17,18
1340,2,3,7,8,12,13,17,18
1341,2,3,7,8,12,13,17,18
1342,2,3,7,8,12,13,17,18
1343,2,3,7,8,12,13,17,18
1344,2,3,7,8,12,13,17,18
1345,2,3,7,8,12,13,17,18
1346,2,3,7,8,12,13,17,18
1347,3,7,8,12,13,17,18
1348,3,7,8,12,13,17,18
1349,3,7,8,12,13,17,18
1350,3,7,8,12,13,17,18
1351,3,7,8,12,13,17,18
1352,3,7,8,12,13,17,18
1353,7,8,12,13,17,18
1354,7,8,12,13,17,18
1355,3,7,8,12,13,17,18
1356,3,7,8,12,13,17,18
1357,3,7,8,12,13,17,18
1358,3,7,8,12,13,17,18
1359,3,7,8,12,13,17,18
1360,3,7,8,12,13,17,18
1361,3,7,8,12,13,17,18
1362,3,7,8,12,13,17,18
1363,3,7,8,12,13,17,18
1364,3,7,8,12,13,17,18
1365,3,7,8,12,13,17,18
1366,3,7,8,12,13,17,18
1367,3,7,8,12,13,17,18
1368,3,7,8,12,13,17,18
1369,2,3,7,8,12,13,17,18
1370,2,3,7,8,12,13,17,18
1371,2,3,7,8,12,13,17,18
1372,2,3,7,8,12,13,17,18
1373,2,3,7,8,12,13,17,18
1374,2,3,7,8,12,13,17,18
1375,2,3,7,8,12,13,17,18
1376,2,3,7,8,12,13,17,18
1377,2,3,7,8,12,13,17,18
1378,2,3,7,8,12,13,17,18
1379,2,3,7,8,12,13,17,18
1380,2,3,7,8,12,13,17,18
1381,2,3,7,8,12,13,17,18
1382,2,3,7,8,12,13,17,18
1383,2,3,7,8,12,13,17,18
1384,2,3,7,8,12,13,17,18
1385,2,3,7,8,12,13,17,18
1386,2,3,7,8,12,13,17,18
1387,2,3,7,8,12,13,17,18
1388,2,3,7,8,12,13,17,18
1389,2,3,7,8,12,13,17,18
1390,2,3,7,8,12,13,17,18
1391,2,3,7,8,12,13,17,18
1392,2,3,7,8,12,13,17,18
1393,2,3,7,8,12,13,17,18
1394,2,3,7,8,12,13,17,18
1395,2,3,7,8,12,13,17,18
1396,2,3,7,8,12,13,17,18
1397,2,3,7,8,12,13,17,18
1398,2,3,7,8,12,13,17,18
1399,2,3,7,8,12,13,17,18
1400,2,3,7,8,12,13,17,18
1401,2,3,7,8,12,13,17,18
1402,2,3,7,8,12,13,17,18
1403,2,3,7,8,12,13,17,18
1404,2,3,7,8,12,13,17,18
1405,2,3,7,8,12,13,17,18
1406,2,3,7,8,12,13,17,18
1407,2,3,7,8,12,13,17,18
1408,2,3,7,8,12,13,17,18
1409,2,3,7,8,12,13,17,18
1410,2,3,7,8,12,13,17,18
1411,2,3,7,8,12,13,17,18
1412,2,3,7,8,12,13,17,18
1413,2,3,7,8,12,13,17,18
1414,2,3,7,8,12,13,17,18
1415,2,3,7,8,12,13,17,18
1416,2,3,7,8,12,13,17,18
1417,2,3,7,8,12,13,17,18
1418,2,3,7,8,12,13,17,18
1419,2,3,7,8,12,13,17,18
1420,2,3,7,8,12,13,17,18
1421,2,3,7,8,12,13,17,18
1422,2,3,7,8,12,13,17,18
1423,2,3,7,8,12,13,17,18
1424,2,3,7,8,12,13,17,18
1425,2,3,7,8,12,13,17,18
1426,2,3,7,8,12,13,17,18
1427,2,3,7,8,12,13,17,18
1428,2,3,7,8,12,13,17,18
1429,2,3,7,8,12,13,17,18
1430,2,3,7,8,12,13,17,18
1431,2,3,7,8,12,13,17,18
1432,2,3,7,8,12,13,17,18
1433,2,3,7,8,12,13,17,18
1434,2,3,7,8,12,13,17,18
1435,2,3,7,8,9,12,13,17,18
1436,2,3,7,8,9,12,13,17,18
1437,2,3,7,8,9,12,13,17,18
1438,2,3,7,8,9,12,13,17,18
1439,2,3,7,8,9,12,13,17,18
1440,2,3,7,8,9,12,13,17,18
1441,2,3,7,8,9,12,13,17,18
1442,2,3,7,8,9,12,13,17,18
1443,2,3,7,8,9,12,13,17,18
1444,2,3,7,8,9,12,13,17,18
1445,2,3,7,8,9,12,13,17,18
1446,2,3,7,8,9,12,13,17,18
1447,2,3,7,8,9,12,13,17,18
1448,2,3,7,8,9,12,13,17,18
1449,2,3,7,8,9,12,13,17,18
1450,2,3,7,8,9,12,13,17,18
1451,2,3,7,8,9,12,13,17,18
1452,2,3,7,8,9,12,13,17,18
1453,2,3,7,8,9,12,13,17,18
1454,2,3,7,8,9,12,13,17,18
1455,2,3,7,8,9,12,13,17,18
1456,2,3,7,8,9,12,13,17,18
1457,2,3,7,8,9,12,13,17,18
1458,2,3,7,8,9,12,13,17,18
1459,2,3,7,8,9,12,13,17,18
1460,2,3,7,8,9,12,13,17,18
1461,2,3,7,8,9,12,13,17,18
1462,2,3,7,8,9,12,13,17,18
1463,2,3,7,8,9,12,13,17,18
1464,2,3,7,8,9,12,13,17,18
1465,2,3,7,8,9,12,13,17,18
1466,2,3,7,8,9,12,13,17,18
1467,2,3,7,8,9,12,13,17,18
1468,2,3,7,8,9,12,13,17,18
1469,2,3,7,8,9,12,13,14,17,18
1470,2,3,7,8,9,12,13,14,17,18
1471,2,3,4,7,8,9,12,13,14,17,18
1472,2,3,4,7,8,9,12,13,14,17,18
1473,2,3,4,7,8,9,12,13,14,18
1474,2,3,4,7,8,9,12,13,14,18
1475,3,4,7,8,9,12,13,14,18
1476,3,4,7,8,9,12,13,14,18
1477,3,4,7,8,9,12,13,14,18
1478,3,4,7,8,9,12,13,14,18
1479,3,4,7,8,9,12,13,14,18,19
1480,3,4,7,8,9,12,13,14,18,19
1481,3,4,7,8,9,12,13,14,18,19
1482,3,4,7,8,9,12,13,14,18,19
1483,3,4,7,8,9,12,13,14,18,19
1484,3,4,7,8,9,12,13,14,18,19
1485,3,4,7,8,9,12,13,14,18,19
1486,3,4,7,8,9,12,13,14,18,19
1487,3,4,7,8,9,12,13,14,18,19
1488,3,4,7,8,9,12,13,14,18,19
1489,3,4,7,8,9,12,13,14,18,19
1490,3,4,7,8,9,12,13,14,18,19
1491,3,4,7,8,9,12,13,14,18,19
1492,3,4,7,8,9,12,13,14,18,19
1493,3,4,7,8,9,12,13,14,18,19
1494,3,4,7,8,9,12,13,14,18,19
1495,3,4,7,8,9,12,13,14,18,19
1496,3,4,7,8,9,12,13,14,18,19
1497,3,7,8,9,12,13,14,17,18,19
1498,3,7,8,9,12,13,14,17,18,19
1499,3,7,8,9,12,13,14,17,18,19
1500,3,7,8,9,12,13,14,17,18,19
1501,3,7,8,9,12,13,14,17,18,19
1502,3,7,8,9,12,13,14,17,18,19
1503,3,7,8,9,12,13,14,17,18,19
1504,3,7,8,9,12,13,14,17,18,19
1505,3,7,8,9,12,13,14,17,18,19
1506,3,7,8,9,12,13,14,17,18,19
1507,7,8,9,12,13,14,17,18,19
1508,7,8,9,12,13,14,17,18,19
1509,7,8,9,12,13,14,17,18,19
1510,7,8,9,12,13,14,17,18,19
1511,7,8,9,12,13,14,17,18,19,23
1512,7,8,9,12,13,14,17,18,19,23
1513,7,8,9,12,13,14,17,18,19,23
1514,7,8,9,12,13,14,17,18,19,23
1515,7,8,9,12,13,14,17,18,19,23
1516,7,8,9,12,13,14,17,18,19,23
1517,7,8,9,12,13,14,17,18,19,23
1518,7,8,9,12,13,14,17,18,19,23
1519,7,8,9,12,13,14,17,18,19,23
1520,7,8,9,12,13,14,17,18,19,23
1521,7,8,9,12,13,14,17,18,19,23
1522,7,8,9,12,13,14,17,18,19,23
1523,7,8,9,12,13,14,17,18,19,23
1524,7,8,9,12,13,14,17,18,19,23
1525,7,8,9,12,13,14,17,18,19,23
1526,7,8,9,12,13,14,17,18,19,23
1527,8,9,12,13,14,17,18,19,23
1528,8,9,12,13,14,17,18,19,23
1529,8,9,12,13,14,17,18,19,23,24
1530,8,9,12,13,14,17,18,19,23,24
1531,8,9,12,13,14,17,18,19,23,24
1532,8,9,12,13,14,17,18,19,23,24
1533,8,9,13,14,18,19,23,24
1534,8,9,13,14,18,19,23,24
1535,8,9,13,14,18,19,23,24
1536,8,9,13,14,18,19,23,24
1537,8,9,13,14,18,19,23,24
1538,8,9,13,14,18,19,23,24
1539,8,9,13,14,18,19,23
1540,8,9,13,14,18,19,23
1541,8,9,12,13,14,18,19,23
1542,8,9,12,13,14,18,19,23
1543,8,9,12,13,14,18,19,23
1544,8,9,12,13,14,18,19,23
1545,8,9,12,13,14,17,18,19,23
1546,8,9,12,13,14,17,18,19,23
1547,8,9,12,13,14,17,18,19,23
1548,8,9,12,13,14,17,18,19,23
1549,8,9,12,13,14,17,18,19,23
1550,8,9,12,13,14,17,18,19,23
1551,8,9,12,13,14,17,18,19,23
1552,8,9,12,13,14,17,18,19,23
1553,8,9,12,13,14,17,18,19,23
1554,8,9,12,13,14,17,18,19,23
1555,7,8,9,12,13,14,17,18,19,23
1556,7,8,9,12,13,14,17,18,19,23
1557,7,8,9,12,13,14,17,18,19
1558,7,8,9,12,13,14,17,18,19
1559,7,8,9,12,13,14,17,18,19
1560,7,8,9,12,13,14,17,18,19
1561,7,8,9,12,13,14,17,18,19
1562,7,8,9,12,13,14,17,18,19
1563,7,8,9,12,13,14,17,18,19
1564,7,8,9,12,13,14,17,18,19
1565,7,8,9,12,13,14,17,18,19
1566,7,8,9,12,13,14,17,18,19
1567,7,8,9,12,13,14,17,18,19
1568,7,8,9,12,13,14,17,18,19
1569,7,8,9,12,13,14,17,18,19
1570,7,8,9,12,13,14,17,18,19
1571,3,7,8,9,12,13,14,17,18,19
1572,3,7,8,9,12,13,14,17,18,19
1573,3,7,8,9,12,13,14,17,18,19
1574,3,7,8,9,12,13,14,17,18,19
1575,3,7,8,9,12,13,14,17,18,19
1576,3,7,8,9,12,13,14,17,18,19
1577,3,7,8,9,12,13,14,17,18,19
1578,3,7,8,9,12,13,14,17,18,19
1579,3,7,8,9,12,13,14,18,19
1580,3,7,8,9,12,13,14,18,19
1581,3,7,8,9,12,13,14,18,19
1582,3,7,8,9,12,13,14,18,19
1583,3,4,7,8,9,12,13,14,18,19
1584,3,4,7,8,9,12,13,14,18,19
1585,3,4,7,8,9,12,13,14,18,19
1586,3,4,7,8,9,12,13,14,18,19
1587,3,4,7,8,9,12,13,14,18,19
1588,3,4,7,8,9,12,13,14,18,19
1589,3,4,7,8,9,12,13,14,18,19
1590,3,4,7,8,9,12,13,14,18,19
1591,3,4,7,8,9,12,13,14,18,19
1592,3,4,7,8,9,12,13,14,18,19
1593,3,4,7,8,9,12,13,14,18,19
1594,3,4,7,8,9,12,13,14,18,19
1595,3,4,7,8,9,12,13,14,18,19
1596,3,4,7,8,9,12,13,14,18,19
1597,3,4,7,8,9,12,13,14,18,19
1598,3,4,7,8,9,12,13,14,18,19
1599,3,4,7,8,9,12,13,14,18,19
1600,3,4,7,8,9,12,13,14,18,19
1601,3,4,7,8,9,12,13,14,18,19
1602,3,4,7,8,9,12,13,14,18,19
1603,3,4,7,8,9,12,13,14,18,19
1604,3,4,7,8,9,12,13,14,18,19
1605,3,4,7,8,9,12,13,14,18,19
1606,3,4,7,8,9,12,13,14,18,19
1607,3,4,7,8,9,12,13,14,18,19
1608,3,4,7,8,9,12,13,14,18,19
1609,3,4,7,8,9,12,13,14,18,19
1610,3,4,7,8,9,12,13,14,18,19
1611,3,4,7,8,9,12,13,14,18,19
1612,3,4,7,8,9,12,13,14,18,19
1613,3,4,7,8,9,12,13,14,18,19
1614,3,4,7,8,9,12,13,14,18,19
1615,3,4,7,8,9,12,13,14,18,19
1616,3,4,7,8,9,12,13,14,18,19
1617,3,4,7,8,9,12,13,14,18,19
1618,3,4,7,8,9,12,13,14,18,19
1619,3,4,7,8,9,12,13,14,18,19
1620,3,4,7,8,9,12,13,14,18,19
1621,3,4,7,8,9,12,13,14,18,19
1622,3,4,7,8,9,12,13,14,18,19
1623,3,4,7,8,9,12,13,14,18,19
1624,3,4,7,8,9,12,13,14,18,19
1625,3,4,7,8,9,12,13,14,18,19
1626,3,4,7,8,9,12,13,14,18,19
1627,3,4,7,8,9,12,13,14,18,19
1628,3,4,7,8,9,12,13,14,18,19
1629,3,4,7,8,9,12,13,14,18,19
1630,3,4,7,8,9,12,13,14,18,19
1631,3,4,7,8,9,12,13,14,18,19
1632,3,4,7,8,9,12,13,14,18,19
1633,3,4,7,8,9,12,13,14,18,19
1634,3,4,7,8,9,12,13,14,18,19
1635,3,4,7,8,9,12,13,14,18,19
1636,3,4,7,8,9,12,13,14,18,19
1637,3,4,7,8,9,12,13,14,18,19
1638,3,4,7,8,9,12,13,14,18,19
1639,3,4,7,8,9,12,13,14,18,19
1640,3,4,7,8,9,12,13,14,18,19
1641,3,4,7,8,9,12,13,14,18,19
1642,3,4,7,8,9,12,13,14,18,19
1643,3,4,7,8,9,12,13,14,18,19
1644,3,4,7,8,9,12,13,14,18,19
1645,3,4,7,8,9,12,13,14,18,19
1646,3,4,7,8,9,12,13,14,18,19
1647,3,4,7,8,9,12,13,14,18,19
1648,3,4,7,8,9,12,13,14,18,19
1649,3,4,7,8,9,12,13,14,18,19
1650,3,4,7,8,9,12,13,14,18,19
1651,3,4,7,8,9,12,13,14,18,19
1652,3,4,7,8,9,12,13,14,18,19
1653,3,4,7,8,9,12,13,14,18,19
1654,3,4,7,8,9,12,13,14,18,19
1655,3,4,7,8,9,12,13,14,18,19
1656,3,4,7,8,9,12,13,14,18,19
1657,3,4,7,8,9,12,13,14,18,19
1658,3,4,7,8,9,12,13,14,18,19
1659,3,4,7,8,9,12,13,14,18,19
1660,3,4,7,8,9,12,13,14,18,19
1661,3,4,7,8,9,12,13,14,18,19
1662,3,4,7,8,9,12,13,14,18,19
1663,3,4,7,8,9,12,13,14,18,19
1664,3,4,7,8,9,12,13,14,18,19
1665,3,4,7,8,9,12,13,14,18,19
1666,3,4,7,8,9,12,13,14,18,19
1667,3,4,7,8,9,12,13,14,18,19
1668,3,4,7,8,9,12,13,14,18,19
1669,3,4,7,8,9,12,13,14,18,19
1670,3,4,7,8,9,12,13,14,18,19
1671,3,7,8,9,12,13,14,18,19
1672,3,7,8,9,12,13,14,18,19
1673,3,7,8,9,12,13,14,18,19
1674,3,7,8,9,12,13,14,18,19
1675,3,7,8,9,12,13,14,18,19
1676,3,7,8,9,12,13,14,18,19
1677,3,7,8,9,12,13,14,18,19
1678,3,7,8,9,12,13,14,18,19
1679,3,7,8,9,12,13,14,18,19
1680,3,7,8,9,12,13,14,18,19
1681,3,7,8,9,12,13,14,18,19
1682,3,7,8,9,12,13,14,18,19
1683,3,7,8,9,12,13,14,18,19
1684,3,7,8,9,12,13,14,18,19
1685,3,7,8,9,12,13,14,18,19
1686,3,7,8,9,12,13,14,18,19
1687,3,7,8,9,12,13,14,18,19
1688,3,7,8,9,12,13,14,18,19
1689,3,7,8,9,12,13,14,18,19
1690,3,7,8,9,12,13,14,18,19
1691,3,8,9,12,13,14,18,19
1692,3,8,9,12,13,14,18,19
1693,3,8,9,13,14,18,19
1694,3,8,9,13,14,18,19
1695,3,8,9,13,14,18,19
1696,3,8,9,13,14,18,19
1697,3,8,9,13,14,18,19
1698,3,8,9,13,14,18,19
1699,3,8,9,13,14,18,19
1700,3,8,9,13,14,18,19
1701,3,8,9,13,14,18,19
1702,3,8,9,13,14,18,19
1703,3,8,9,13,14,18,19
1704,3,8,9,13,14,18,19
1705,8,9,13,14,18,19
1706,8,9,13,14,18,19
1707,8,9,13,14,18,19
1708,8,9,13,14,18,19
1709,8,9,13,14,18,19
1710,8,9,13,14,18,19
1711,8,9,13,14,18,19
1712,8,9,13,14,18,19
1713,8,9,13,14,18,19
1714,8,9,13,14,18,19
1715,8,9,13,14,18,19,23
1716,8,9,13,14,18,19,23
1717,8,9,13,14,18,19,23,24
1718,8,9,13,14,18,19,23,24
1719,8,9,13,14,18,19,23,24
1720,8,9,13,14,18,19,23,24
1721,8,9,13,14,18,19,23,24
1722,8,9,13,14,18,19,23,24
1723,8,9,13,14,18,19,23,24
1724,8,9,13,14,18,19,23,24
1725,8,9,13,14,18,19,23,24
1726,8,9,13,14,18,19,23,24
1727,8,9,13,14,18,19,23,24
1728,8,9,13,14,18,19,23,24
1729,8,9,13,14,18,19,23,24
1730,8,9,13,14,18,19,23,24
1731,8,9,13,14,18,19,23,24
1732,8,9,13,14,18,19,23,24
1733,8,9,13,14,18,19,23,24
1734,8,9,13,14,18,19,23,24
1735,8,9,13,14,18,19,23,24
1736,8,9,13,14,18,19,23,24
1737,8,9,13,14,18,19,23,24
1738,8,9,13,14,18,19,23,24
1739,8,9,13,14,18,19,23,24
1740,8,9,13,14,18,19,23,24
1741,8,9,13,14,18,19,23,24
1742,8,9,13,14,18,19,23,24
1743,8,9,13,14,18,19,23,24
1744,8,9,13,14,18,19,23,24
1745,8,9,13,14,18,19,23,24
1746,8,9,13,14,18,19,23,24
1747,8,9,13,14,18,19,23,24
1748,8,9,13,14,18,19,23,24
1749,8,9,13,14,18,19,23,24
1750,8,9,13,14,18,19,23,24
1751,8,9,13,14,18,19,23,24
1752,8,9,13,14,18,19,23,24
1753,8,9,13,14,18,19,23,24
1754,8,9,13,14,18,19,23,24
1755,8,9,13,14,18,19,23,24
1756,8,9,13,14,18,19,23,24
1757,8,9,12,13,14,17,18,19,23,24
1758,8,9,12,13,14,17,18,19,23,24
1759,7,8,9,12,13,14,17,18,19,23
1760,7,8,9,12,13,14,17,18,19,23
1761,7,8,12,13,14,17,18,19,22,23
1762,7,8,12,13,14,17,18,19,22,23
1763,7,8,12,13,14,17,18,19,22,23
1764,7,8,12,13,14,17,18,19,22,23
1765,7,8,12,13,17,18,22,23
1766,7,8,12,13,17,18,22,23
1767,7,8,12,13,17,18,22,23
1768,7,8,12,13,17,18,22,23
1769,7,8,12,13,17,18,22,23
1770,7,8,12,13,17,18,22,23
1771,7,8,12,13,17,18,22,23
1772,7,8,12,13,17,18,22,23
1773,7,8,12,13,17,18,22,23
1774,7,8,12,13,17,18,22,23
1775,7,8,12,13,17,18,22,23
1776,7,8,12,13,17,18,22,23
1777,7,8,12,13,17,18,22,23
1778,7,8,12,13,17,18,22,23
1779,7,8,12,13,17,18,22,23
1780,7,8,12,13,17,18,22,23
1781,7,8,12,13,17,18,22,23
1782,7,8,12,13,17,18,22,23
1783,7,8,12,13,17,18,22,23
1784,7,8,12,13,17,18,22,23
1785,7,8,12,13,17,18,22,23
1786,7,8,12,13,17,18,22,23
1787,7,8,12,13,17,18,22,23
1788,7,8,12,13,17,18,22,23
1789,7,8,12,13,17,18,22,23
1790,7,8,12,13,17,18,22,23
1791,7,8,12,13,17,18,22,23
1792,7,8,12,13,17,18,22,23
1793,7,8,12,13,17,18,22,23
1794,7,8,12,13,17,18,22,23
1795,7,8,12,13,17,18,22,23
1796,7,8,12,13,17,18,22,23
1797,7,8,12,13,17,18,22,23
1798,7,8,12,13,17,18,22,23
1799,7,8,12,13,17,18,22,23
1800,7,8,12,13,17,18,22,23
