1,14,15,16,17,24,25,26,27,34,35,36,37
2,14,15,16,17,24,25,26,27,34,35,36,37
3,14,15,16,17,24,25,26,27,34,35,36,37,45,46
4,14,15,16,17,24,25,26,27,34,35,36,37,45,46
5,14,15,16,17,24,25,26,27,34,35,36,37,45,46
6,14,15,16,17,24,25,26,27,34,35,36,37,45,46
7,14,15,16,17,24,25,26,27,34,35,36,37,45,46
8,14,15,16,17,24,25,26,27,34,35,36,37,45,46
9,14,15,16,17,24,25,26,27,34,35,36,37,45,46
10,14,15,16,17,24,25,26,27,34,35,36,37,45,46
11,14,15,16,24,25,26,27,34,35,36,37,45,46
12,14,15,16,24,25,26,27,34,35,36,37,45,46
13,14,15,16,24,25,26,27,34,35,36,37,44,45,46,47
14,14,15,16,24,25,26,27,34,35,36,37,44,45,46,47
15,15,16,24,25,26,27,34,35,36,37,44,45,46,47
16,15,16,24,25,26,27,34,35,36,37,44,45,46,47
17,15,16,24,25,26,27,34,35,36,37,44,45,46,47
18,15,16,24,25,26,27,34,35,36,37,44,45,46,47
19,14,15,16,24,25,26,27,34,35,36,37,44,45,46,47
20,14,15,16,24,25,26,27,34,35,36,37,44,45,46,47
21,15,16,24,25,26,27,34,35,36,37,44,45,46,47
22,15,16,24,25,26,27,34,35,36,37,44,45,46,47
23,15,16,24,25,26,27,34,35,36,37,44,45,46,47
24,15,16,24,25,26,27,34,35,36,37,44,45,46,47
25,15,16,24,25,26,27,34,35,36,37,44,45,46,47
26,15,16,24,25,26,27,34,35,36,37,44,45,46,47
27,15,16,24,25,26,27,34,35,36,37,44,45,46,47
28,15,16,24,25,26,27,34,35,36,37,44,45,46,47
29,15,16,24,25,26,27,34,35,36,37,44,45,46,47
30,15,16,24,25,26,27,34,35,36,37,44,45,46,47
31,15,16,24,25,26,27,34,35,36,37,44,45,46,47
32,15,16,24,25,26,27,34,35,36,37,44,45,46,47
33,15,16,24,25,26,27,34,35,36,37,44,45,46,47
34,15,16,24,25,26,27,34,35,36,37,44,45,46,47
35,15,16,24,25,26,27,34,35,36,37,44,45,46,47
36,15,16,24,25,26,27,34,35,36,37,44,45,46,47
37,15,16,24,25,26,27,34,35,36,37,44,45,46,47
38,15,16,24,25,26,27,34,35,36,37,44,45,46,47
39,15,16,24,25,26,27,34,35,36,37,44,45,46,47
40,15,16,24,25,26,27,34,35,36,37,44,45,46,47
41,15,16,24,25,26,27,34,35,36,37,44,45,46,47
42,15,16,24,25,26,27,34,35,36,37,44,45,46,47
43,15,16,24,25,26,27,34,35,36,37,44,45,46,47
44,15,16,24,25,26,27,34,35,36,37,44,45,46,47
45,15,16,24,25,26,27,34,35,36,37,44,45,46,47
46,15,16,24,25,26,27,34,35,36,37,44,45,46,47
47,15,16,24,25,26,27,34,35,36,37,44,45,46,47
48,15,16,24,25,26,27,34,35,36,37,44,45,46,47
49,15,16,24,25,26,27,34,35,36,37,44,45,46,47
50,15,16,24,25,26,27,34,35,36,37,44,45,46,47
51,15,16,24,25,26,27,34,35,36,37,44,45,46,47
52,15,16,24,25,26,27,34,35,36,37,44,45,46,47
53,15,16,24,25,26,27,34,35,36,37,44,45,46,47
54,15,16,24,25,26,27,34,35,36,37,44,45,46,47
55,15,16,24,25,26,27,34,35,36,37,44,45,46,47
56,15,16,24,25,26,27,34,35,36,37,44,45,46,47
57,15,16,24,25,26,27,34,35,36,37,44,45,46,47
58,15,16,24,25,26,27,34,35,36,37,44,45,46,47
59,15,16,24,25,26,27,34,35,36,37,44,45,46,47
60,15,16,24,25,26,27,34,35,36,37,44,45,46,47
61,15,16,24,25,26,27,34,35,36,37,44,45,46,47
62,15,16,24,25,26,27,34,35,36,37,44,45,46,47
63,15,16,24,25,26,27,34,35,36,37,44,45,46,47
64,15,16,24,25,26,27,34,35,36,37,44,45,46,47
65,15,16,24,25,26,27,34,35,36,37,44,45,46,47
66,15,16,24,25,26,27,34,35,36,37,44,45,46,47
67,15,16,24,25,26,27,34,35,36,37,44,45,46,47
68,15,16,24,25,26,27,34,35,36,37,44,45,46,47
69,15,16,24,25,26,27,34,35,36,37,44,45,46,47
70,15,16,24,25,26,27,34,35,36,37,44,45,46,47
71,15,16,24,25,26,27,34,35,36,37,44,45,46,47
72,15,16,24,25,26,27,34,35,36,37,44,45,46,47
73,15,16,24,25,26,27,34,35,36,37,44,45,46,47
74,15,16,24,25,26,27,34,35,36,37,44,45,46,47
75,15,16,24,25,26,27,34,35,36,37,44,45,46,47
76,15,16,24,25,26,27,34,35,36,37,44,45,46,47
77,15,16,24,25,26,27,34,35,36,37,44,45,46,47
78,15,16,24,25,26,27,34,35,36,37,44,45,46,47
79,15,16,24,25,26,27,34,35,36,37,44,45,46,47
80,15,16,24,25,26,27,34,35,36,37,44,45,46,47
81,15,16,24,25,26,27,34,35,36,37,44,45,46,47
82,15,16,24,25,26,27,34,35,36,37,44,45,46,47
83,15,16,24,25,26,27,34,35,36,37,44,45,46,47
84,15,16,24,25,26,27,34,35,36,37,44,45,46,47
85,15,16,24,25,26,27,34,35,36,37,44,45,46,47
86,15,16,24,25,26,27,34,35,36,37,44,45,46,47
87,15,16,24,25,26,27,34,35,36,37,44,45,46,47
88,15,16,24,25,26,27,34,35,36,37,44,45,46,47
89,15,16,24,25,26,27,34,35,36,37,44,45,46,47
90,15,16,24,25,26,27,34,35,36,37,44,45,46,47
91,15,16,24,25,26,27,34,35,36,37,44,45,46,47
92,15,16,24,25,26,27,34,35,36,37,44,45,46,47
93,15,16,24,25,26,27,34,35,36,37,44,45,46,47
94,15,16,24,25,26,27,34,35,36,37,44,45,46,47
95,15,16,24,25,26,27,34,35,36,37,44,45,46,47
96,15,16,24,25,26,27,34,35,36,37,44,45,46,47
97,15,16,24,25,26,27,34,35,36,37,44,45,46,47
98,15,16,24,25,26,27,34,35,36,37,44,45,46,47
99,15,16,24,25,26,27,34,35,36,37,44,45,46,47
100,15,16,24,25,26,27,34,35,36,37,44,45,46,47
101,15,16,24,25,26,27,34,35,36,37,44,45,46,47
102,15,16,24,25,26,27,34,35,36,37,44,45,46,47
103,15,16,24,25,26,27,34,35,36,37,44,45,46,47
104,15,16,24,25,26,27,34,35,36,37,44,45,46,47
105,15,16,24,25,26,27,34,35,36,37,44,45,46,47
106,15,16,24,25,26,27,34,35,36,37,44,45,46,47
107,15,16,24,25,26,27,34,35,36,37,44,45,46,47
108,15,16,24,25,26,27,34,35,36,37,44,45,46,47
109,15,16,24,25,26,27,34,35,36,37,44,45,46,47
110,15,16,24,25,26,27,34,35,36,37,44,45,46,47
111,15,16,24,25,26,27,34,35,36,37,44,45,46,47
112,15,16,24,25,26,27,34,35,36,37,44,45,46,47
113,14,15,16,24,25,26,27,34,35,36,37,44,45,46,47
114,14,15,16,24,25,26,27,34,35,36,37,44,45,46,47
115,14,15,16,24,25,26,27,34,35,36,37,44,45,46,47
116,14,15,16,24,25,26,27,34,35,36,37,44,45,46,47
117,14,15,16,24,25,26,27,34,35,36,37,44,45,46,47
118,14,15,16,24,25,26,27,34,35,36,37,44,45,46,47
119,15,16,24,25,26,27,34,35,36,37,44,45,46,47
120,15,16,24,25,26,27,34,35,36,37,44,45,46,47
121,15,16,17,24,25,26,27,34,35,36,37,45,46,47
122,15,16,17,24,25,26,27,34,35,36,37,45,46,47
123,15,16,17,24,25,26,27,34,35,36,37,45,46,47
124,15,16,17,24,25,26,27,34,35,36,37,45,46,47
125,15,16,17,24,25,26,27,34,35,36,37,45,46,47
126,15,16,17,24,25,26,27,34,35,36,37,45,46,47
127,15,16,17,24,25,26,27,34,35,36,37,45,46,47
128,15,16,17,24,25,26,27,34,35,36,37,45,46,47
129,15,16,17,24,25,26,27,34,35,36,37,45,46,47
130,15,16,17,24,25,26,27,34,35,36,37,45,46,47
131,15,16,17,24,25,26,27,34,35,36,37,45,46,47
132,15,16,17,24,25,26,27,34,35,36,37,45,46,47
133,15,16,17,24,25,26,27,34,35,36,37,45,46,47
134,15,16,17,24,25,26,27,34,35,36,37,45,46,47
135,15,16,17,24,25,26,27,34,35,36,37,45,46,47
136,15,16,17,24,25,26,27,34,35,36,37,45,46,47
137,15,16,17,24,25,26,27,34,35,36,37,45,46,47
138,15,16,17,24,25,26,27,34,35,36,37,45,46,47
139,15,16,17,24,25,26,27,34,35,36,37,45,46,47
140,15,16,17,24,25,26,27,34,35,36,37,45,46,47
141,15,16,17,24,25,26,27,34,35,36,37,45,46,47
142,15,16,17,24,25,26,27,34,35,36,37,45,46,47
143,15,16,17,24,25,26,27,34,35,36,37,45,46,47
144,15,16,17,24,25,26,27,34,35,36,37,45,46,47
145,15,16,17,24,25,26,27,34,35,36,37,45,46,47
146,15,16,17,24,25,26,27,34,35,36,37,45,46,47
147,15,16,17,24,25,26,27,34,35,36,37,45,46,47
148,15,16,17,24,25,26,27,34,35,36,37,45,46,47
149,15,16,17,24,25,26,27,34,35,36,37,45,46,47
150,15,16,17,24,25,26,27,34,35,36,37,45,46,47
151,15,16,17,24,25,26,27,34,35,36,37,45,46,47
152,15,16,17,24,25,26,27,34,35,36,37,45,46,47
153,15,16,17,24,25,26,27,34,35,36,37,45,46,47
154,15,16,17,24,25,26,27,34,35,36,37,45,46,47
155,15,16,17,24,25,26,27,34,35,36,37,45,46,47
156,15,16,17,24,25,26,27,34,35,36,37,45,46,47
157,15,16,17,24,25,26,27,34,35,36,37,45,46,47
158,15,16,17,24,25,26,27,34,35,36,37,45,46,47
159,15,16,17,24,25,26,27,34,35,36,37,45,46
160,15,16,17,24,25,26,27,34,35,36,37,45,46
161,14,15,16,17,24,25,26,27,34,35,36,37,45,46
162,14,15,16,17,24,25,26,27,34,35,36,37,45,46
163,14,15,16,17,24,25,26,27,34,35,36,37,45,46
164,14,15,16,17,24,25,26,27,34,35,36,37,45,46
165,14,15,16,24,25,26,27,34,35,36,37,45,46
166,14,15,16,24,25,26,27,34,35,36,37,45,46
167,14,15,16,24,25,26,27,34,35,36,37,44,45,46
168,14,15,16,24,25,26,27,34,35,36,37,44,45,46
169,14,15,16,24,25,26,27,34,35,36,37,44,45,46
170,14,15,16,24,25,26,27,34,35,36,37,44,45,46
171,14,15,16,24,25,26,34,35,36,44,45,46
172,14,15,16,24,25,26,34,35,36,44,45,46
173,14,15,16,23,24,25,26,33,34,35,36,44,45
174,14,15,16,23,24,25,26,33,34,35,36,44,45
175,14,15,16,23,24,25,26,33,34,35,36,44,45
176,14,15,16,23,24,25,26,33,34,35,36,44,45
177,14,15,16,23,24,25,26,33,34,35,36,44,45
178,14,15,16,23,24,25,26,33,34,35,36,44,45
179,14,15,16,23,24,25,26,33,34,35,36,44,45
180,14,15,16,23,24,25,26,33,34,35,36,44,45
181,14,15,16,23,24,25,26,33,34,35,36,44,45
182,14,15,16,23,24,25,26,33,34,35,36,44,45
183,14,15,16,23,24,25,26,33,34,35,36,44,45
184,14,15,16,23,24,25,26,33,34,35,36,44,45
185,14,15,16,23,24,25,26,33,34,35,36,44,45
186,14,15,16,23,24,25,26,33,34,35,36,44,45
187,14,15,16,23,24,25,26,33,34,35,36,44,45
188,14,15,16,23,24,25,26,33,34,35,36,44,45
189,14,15,16,23,24,25,26,33,34,35,36,44,45
190,14,15,16,23,24,25,26,33,34,35,36,44,45
191,14,15,16,23,24,25,26,33,34,35,36,44,45
192,14,15,16,23,24,25,26,33,34,35,36,44,45
193,14,15,16,23,24,25,26,33,34,35,36,44,45
194,14,15,16,23,24,25,26,33,34,35,36,44,45
195,14,15,16,23,24,25,26,33,34,35,36,44,45,46
196,14,15,16,23,24,25,26,33,34,35,36,44,45,46
197,14,15,16,23,24,25,26,33,34,35,36,44,45,46
198,14,15,16,23,24,25,26,33,34,35,36,44,45,46
199,14,15,16,23,24,25,26,33,34,35,36,44,45,46
200,14,15,16,23,24,25,26,33,34,35,36,44,45,46
201,14,15,16,23,24,25,26,33,34,35,36,44,45,46
202,14,15,16,23,24,25,26,33,34,35,36,44,45,46
203,14,15,16,23,24,25,26,33,34,35,36,44,45,46
204,14,15,16,23,24,25,26,33,34,35,36,44,45,46
205,14,15,16,23,24,25,26,33,34,35,36,44,45,46
206,14,15,16,23,24,25,26,33,34,35,36,44,45,46
207,14,15,16,23,24,25,26,33,34,35,36,44,45,46
208,14,15,16,23,24,25,26,33,34,35,36,44,45,46
209,13,14,15,23,24,25,26,33,34,35,36,43,44,45
210,13,14,15,23,24,25,26,33,34,35,36,43,44,45
211,13,14,15,23,24,25,26,33,34,35,36,43,44,45
212,13,14,15,23,24,25,26,33,34,35,36,43,44,45
213,13,14,15,23,24,25,26,33,34,35,36,43,44,45
214,13,14,15,23,24,25,26,33,34,35,36,43,44,45
215,13,14,15,23,24,25,26,33,34,35,36,43,44,45
216,13,14,15,23,24,25,26,33,34,35,36,43,44,45
217,13,14,15,23,24,25,33,34,35,43,44,45
218,13,14,15,23,24,25,33,34,35,43,44,45
219,14,15,22,23,24,25,32,33,34,35,43,44,45
220,14,15,22,23,24,25,32,33,34,35,43,44,45
221,13,14,15,22,23,24,25,32,33,34,35,43,44,45
222,13,14,15,22,23,24,25,32,33,34,35,43,44,45
223,13,14,15,22,23,24,25,32,33,34,35,43,44,45
224,13,14,15,22,23,24,25,32,33,34,35,43,44,45
225,13,14,15,22,23,24,25,32,33,34,35,42,43,44,45
226,13,14,15,22,23,24,25,32,33,34,35,42,43,44,45
227,13,14,15,22,23,24,25,32,33,34,35,42,43,44,45
228,13,14,15,22,23,24,25,32,33,34,35,42,43,44,45
229,13,14,15,22,23,24,25,32,33,34,35,42,43,44,45
230,13,14,15,22,23,24,25,32,33,34,35,42,43,44,45
231,13,14,15,22,23,24,25,32,33,34,35,42,43,44,45
232,13,14,15,22,23,24,25,32,33,34,35,42,43,44,45
233,13,14,15,22,23,24,25,32,33,34,35,42,43,44,45
234,13,14,15,22,23,24,25,32,33,34,35,42,43,44,45
235,13,14,15,22,23,24,25,32,33,34,35,42,43,44,45
236,13,14,15,22,23,24,25,32,33,34,35,42,43,44,45
237,13,14,15,22,23,24,25,32,33,34,35,42,43,44,45
238,13,14,15,22,23,24,25,32,33,34,35,42,43,44,45
239,13,14,15,22,23,24,25,32,33,34,35,42,43,44,45
240,13,14,15,22,23,24,25,32,33,34,35,42,43,44,45
241,13,14,15,22,23,24,25,32,33,34,35,42,43,44,45
242,13,14,15,22,23,24,25,32,33,34,35,42,43,44,45
243,13,14,15,22,23,24,25,32,33,34,35,42,43,44,45
244,13,14,15,22,23,24,25,32,33,34,35,42,43,44,45
245,13,14,15,22,23,24,25,32,33,34,35,42,43,44,45
246,13,14,15,22,23,24,25,32,33,34,35,42,43,44,45
247,13,14,15,22,23,24,25,32,33,34,35,42,43,44,45
248,13,14,15,22,23,24,25,32,33,34,35,42,43,44,45
249,13,14,15,22,23,24,25,32,33,34,35,42,43,44,45
250,13,14,15,22,23,24,25,32,33,34,35,42,43,44,45
251,13,14,15,22,23,24,25,32,33,34,35,42,43,44,45
252,13,14,15,22,23,24,25,32,33,34,35,42,43,44,45
253,14,15,22,23,24,25,32,33,34,35,43,44,45
254,14,15,22,23,24,25,32,33,34,35,43,44,45
255,14,15,23,24,25,26,33,34,35,36,43,44,45
256,14,15,23,24,25,26,33,34,35,36,43,44,45
257,14,15,23,24,25,26,33,34,35,36,43,44,45,46
258,14,15,23,24,25,26,33,34,35,36,43,44,45,46
259,14,15,23,24,25,26,33,34,35,36,43,44,45,46
260,14,15,23,24,25,26,33,34,35,36,43,44,45,46
261,15,16,23,24,25,26,33,34,35,36,44,45,46
262,15,16,23,24,25,26,33,34,35,36,44,45,46
263,15,16,24,25,26,27,34,35,36,37,44,45,46
264,15,16,24,25,26,27,34,35,36,37,44,45,46
265,15,16,24,25,26,27,34,35,36,37,44,45,46
266,15,16,24,25,26,27,34,35,36,37,44,45,46
267,15,16,24,25,26,27,34,35,36,37,44,45,46,47
268,15,16,24,25,26,27,34,35,36,37,44,45,46,47
269,15,16,24,25,26,27,34,35,36,37,44,45,46,47
270,15,16,24,25,26,27,34,35,36,37,44,45,46,47
271,15,16,24,25,26,27,34,35,36,37,44,45,46,47
272,15,16,24,25,26,27,34,35,36,37,44,45,46,47
273,15,16,24,25,26,27,34,35,36,37,44,45,46,47
274,15,16,24,25,26,27,34,35,36,37,44,45,46,47
275,15,16,24,25,26,27,34,35,36,37,44,45,46,47
276,15,16,24,25,26,27,34,35,36,37,44,45,46,47
277,15,16,24,25,26,27,34,35,36,37,44,45,46,47
278,15,16,24,25,26,27,34,35,36,37,44,45,46,47
279,15,16,24,25,26,27,34,35,36,37,44,45,46,47
280,15,16,24,25,26,27,34,35,36,37,44,45,46,47
281,15,16,24,25,26,27,34,35,36,37,44,45,46,47
282,15,16,24,25,26,27,34,35,36,37,44,45,46,47
283,15,16,24,25,26,27,34,35,36,37,44,45,46,47
284,15,16,24,25,26,27,34,35,36,37,44,45,46,47
285,15,16,24,25,26,27,34,35,36,37,44,45,46,47
286,15,16,24,25,26,27,34,35,36,37,44,45,46,47
287,15,16,24,25,26,27,34,35,36,37,44,45,46,47
288,15,16,24,25,26,27,34,35,36,37,44,45,46,47
289,15,16,24,25,26,27,34,35,36,37,44,45,46,47
290,15,16,24,25,26,27,34,35,36,37,44,45,46,47
291,15,16,24,25,26,27,34,35,36,37,44,45,46,47
292,15,16,24,25,26,27,34,35,36,37,44,45,46,47
293,15,16,24,25,26,27,34,35,36,37,44,45,46,47
294,15,16,24,25,26,27,34,35,36,37,44,45,46,47
295,14,15,16,24,25,26,27,34,35,36,37,44,45,46,47
296,14,15,16,24,25,26,27,34,35,36,37,44,45,46,47
297,15,16,24,25,26,27,34,35,36,37,44,45,46,47
298,15,16,24,25,26,27,34,35,36,37,44,45,46,47
299,15,16,24,25,26,27,34,35,36,37,44,45,46,47
300,15,16,24,25,26,27,34,35,36,37,44,45,46,47
301,15,16,24,25,26,27,34,35,36,37,44,45,46,47
302,15,16,24,25,26,27,34,35,36,37,44,45,46,47
303,15,16,24,25,26,27,34,35,36,37,44,45,46,47
304,15,16,24,25,26,27,34,35,36,37,44,45,46,47
305,15,16,24,25,26,27,34,35,36,37,44,45,46,47
306,15,16,24,25,26,27,34,35,36,37,44,45,46,47
307,15,16,24,25,26,27,34,35,36,37,44,45,46,47
308,15,16,24,25,26,27,34,35,36,37,44,45,46,47
309,15,16,24,25,26,27,34,35,36,37,44,45,46,47
310,15,16,24,25,26,27,34,35,36,37,44,45,46,47
311,15,16,24,25,26,27,34,35,36,37,44,45,46,47
312,15,16,24,25,26,27,34,35,36,37,44,45,46,47
313,14,15,16,24,25,26,27,34,35,36,37,44,45,46,47
314,14,15,16,24,25,26,27,34,35,36,37,44,45,46,47
315,14,15,16,24,25,26,27,34,35,36,37,44,45,46,47
316,14,15,16,24,25,26,27,34,35,36,37,44,45,46,47
317,14,15,16,24,25,26,27,34,35,36,37,44,45,46,47
318,14,15,16,24,25,26,27,34,35,36,37,44,45,46,47
319,14,15,16,24,25,26,27,34,35,36,37,44,45,46,47
320,14,15,16,24,25,26,27,34,35,36,37,44,45,46,47
321,14,15,16,24,25,26,27,34,35,36,37,44,45,46,47
322,14,15,16,24,25,26,27,34,35,36,37,44,45,46,47
323,15,16,24,25,26,27,34,35,36,37,44,45,46,47
324,15,16,24,25,26,27,34,35,36,37,44,45,46,47
325,14,15,16,24,25,26,27,34,35,36,37,44,45,46,47
326,14,15,16,24,25,26,27,34,35,36,37,44,45,46,47
327,14,15,16,24,25,26,27,34,35,36,37,44,45,46,47
328,14,15,16,24,25,26,27,34,35,36,37,44,45,46,47
329,14,15,16,24,25,26,27,34,35,36,37,44,45,46,47
330,14,15,16,24,25,26,27,34,35,36,37,44,45,46,47
331,14,15,16,24,25,26,27,34,35,36,37,44,45,46,47
332,14,15,16,24,25,26,27,34,35,36,37,44,45,46,47
333,14,15,16,24,25,26,27,34,35,36,37,44,45,46,47
334,14,15,16,24,25,26,27,34,35,36,37,44,45,46,47
335,14,15,16,24,25,26,27,34,35,36,37,44,45,46,47
336,14,15,16,24,25,26,27,34,35,36,37,44,45,46,47
337,14,15,16,24,25,26,27,34,35,36,37,44,45,46,47
338,14,15,16,24,25,26,27,34,35,36,37,44,45,46,47
339,14,15,16,24,25,26,27,34,35,36,37,44,45,46,47
340,14,15,16,24,25,26,27,34,35,36,37,44,45,46,47
341,14,15,16,24,25,26,27,34,35,36,37,44,45,46,47
342,14,15,16,24,25,26,27,34,35,36,37,44,45,46,47
343,14,15,16,24,25,26,27,34,35,36,37,44,45,46,47
344,14,15,16,24,25,26,27,34,35,36,37,44,45,46,47
345,14,15,16,24,25,26,27,34,35,36,37,44,45,46,47
346,14,15,16,24,25,26,27,34,35,36,37,44,45,46,47
347,14,15,16,24,25,26,27,34,35,36,37,44,45,46,47
348,14,15,16,24,25,26,27,34,35,36,37,44,45,46,47
349,14,15,16,24,25,26,27,34,35,36,37,44,45,46,47
350,14,15,16,24,25,26,27,34,35,36,37,44,45,46,47
351,14,15,16,24,25,26,27,34,35,36,37,44,45,46,47
352,14,15,16,24,25,26,27,34,35,36,37,44,45,46,47
353,14,15,16,24,25,26,27,34,35,36,37,44,45,46,47
354,14,15,16,24,25,26,27,34,35,36,37,44,45,46,47
355,14,15,16,24,25,26,27,34,35,36,37,44,45,46,47
356,14,15,16,24,25,26,27,34,35,36,37,44,45,46,47
357,14,15,16,24,25,26,27,34,35,36,37,44,45,46,47
358,14,15,16,24,25,26,27,34,35,36,37,44,45,46,47
359,15,16,24,25,26,27,34,35,36,37,44,45,46,47
360,15,16,24,25,26,27,34,35,36,37,44,45,46,47
361,15,16,24,25,26,27,34,35,36,37,44,45,46,47
362,15,16,24,25,26,27,34,35,36,37,44,45,46,47
363,15,16,24,25,26,27,34,35,36,37,44,45,46,47
364,15,16,24,25,26,27,34,35,36,37,44,45,46,47
365,15,16,24,25,26,27,34,35,36,37,44,45,46,47
366,15,16,24,25,26,27,34,35,36,37,44,45,46,47
367,15,16,24,25,26,27,34,35,36,37,44,45,46,47
368,15,16,24,25,26,27,34,35,36,37,44,45,46,47
369,15,16,24,25,26,27,34,35,36,37,44,45,46,47
370,15,16,24,25,26,27,34,35,36,37,44,45,46,47
371,15,16,24,25,26,27,34,35,36,37,44,45,46,47
372,15,16,24,25,26,27,34,35,36,37,44,45,46,47
373,15,16,24,25,26,27,34,35,36,37,44,45,46,47
374,15,16,24,25,26,27,34,35,36,37,44,45,46,47
375,15,16,24,25,26,27,34,35,36,37,44,45,46,47
376,15,16,24,25,26,27,34,35,36,37,44,45,46,47
377,15,16,24,25,26,27,34,35,36,37,44,45,46,47
378,15,16,24,25,26,27,34,35,36,37,44,45,46,47
379,15,16,24,25,26,27,34,35,36,37,44,45,46,47
380,15,16,24,25,26,27,34,35,36,37,44,45,46,47
381,15,16,24,25,26,27,34,35,36,37,44,45,46,47
382,15,16,24,25,26,27,34,35,36,37,44,45,46,47
383,15,16,24,25,26,27,34,35,36,37,44,45,46,47
384,15,16,24,25,26,27,34,35,36,37,44,45,46,47
385,14,15,16,24,25,26,27,34,35,36,37,44,45,46,47
386,14,15,16,24,25,26,27,34,35,36,37,44,45,46,47
387,14,15,16,24,25,26,27,34,35,36,37,44,45,46
388,14,15,16,24,25,26,27,34,35,36,37,44,45,46
389,14,15,16,24,25,26,27,34,35,36,37,44,45,46
390,14,15,16,24,25,26,27,34,35,36,37,44,45,46
391,14,15,16,24,25,26,27,34,35,36,37,44,45,46
392,14,15,16,24,25,26,27,34,35,36,37,44,45,46
393,14,15,16,24,25,26,27,34,35,36,37,44,45,46
394,14,15,16,24,25,26,27,34,35,36,37,44,45,46
395,14,15,16,24,25,26,27,34,35,36,37,45,46
396,14,15,16,24,25,26,27,34,35,36,37,45,46
397,14,15,16,24,25,26,27,34,35,36,37,45,46
398,14,15,16,24,25,26,27,34,35,36,37,45,46
399,14,15,16,24,25,26,27,34,35,36,44,45,46
400,14,15,16,24,25,26,27,34,35,36,44,45,46
401,14,15,16,24,25,26,27,34,35,36,37,44,45,46
402,14,15,16,24,25,26,27,34,35,36,37,44,45,46
403,14,15,16,24,25,26,27,34,35,36,37,44,45,46
404,14,15,16,24,25,26,27,34,35,36,37,44,45,46
405,14,15,16,24,25,26,27,34,35,36,37,44,45,46
406,14,15,16,24,25,26,27,34,35,36,37,44,45,46
407,14,15,16,24,25,26,27,34,35,36,37,45,46
408,14,15,16,24,25,26,27,34,35,36,37,45,46
409,14,15,16,24,25,26,27,34,35,36,37,45,46
410,14,15,16,24,25,26,27,34,35,36,37,45,46
411,14,15,16,24,25,26,27,34,35,36,37,45,46
412,14,15,16,24,25,26,27,34,35,36,37,45,46
413,14,15,16,24,25,26,27,34,35,36,37,45,46
414,14,15,16,24,25,26,27,34,35,36,37,45,46
415,14,15,16,24,25,26,27,34,35,36,37,45,46
416,14,15,16,24,25,26,27,34,35,36,37,45,46
417,14,15,16,24,25,26,27,34,35,36,37,45,46
418,14,15,16,24,25,26,27,34,35,36,37,45,46
419,14,15,16,24,25,26,27,34,35,36,37,45,46
420,14,15,16,24,25,26,27,34,35,36,37,45,46
421,14,15,16,24,25,26,27,34,35,36,37,45,46
422,14,15,16,24,25,26,27,34,35,36,37,45,46
423,14,15,16,24,25,26,27,34,35,36,37,45,46
424,14,15,16,24,25,26,27,34,35,36,37,45,46
425,14,15,16,24,25,26,27,34,35,36,37,45,46
426,14,15,16,24,25,26,27,34,35,36,37,45,46
427,14,15,16,24,25,26,27,34,35,36,37,45,46
428,14,15,16,24,25,26,27,34,35,36,37,45,46
429,14,15,16,24,25,26,27,34,35,36,37,45,46
430,14,15,16,24,25,26,27,34,35,36,37,45,46
431,14,15,16,24,25,26,27,34,35,36,37,45,46
432,14,15,16,24,25,26,27,34,35,36,37,45,46
433,14,15,16,24,25,26,27,34,35,36,37,45,46
434,14,15,16,24,25,26,27,34,35,36,37,45,46
435,14,15,16,24,25,26,27,34,35,36,37,45,46
436,14,15,16,24,25,26,27,34,35,36,37,45,46
437,14,15,16,24,25,26,27,34,35,36,37,45,46
438,14,15,16,24,25,26,27,34,35,36,37,45,46
439,14,15,16,24,25,26,27,34,35,36,37,45,46
440,14,15,16,24,25,26,27,34,35,36,37,45,46
441,14,15,16,24,25,26,27,34,35,36,37,45,46
442,14,15,16,24,25,26,27,34,35,36,37,45,46
443,14,15,16,24,25,26,27,34,35,36,37,45,46
444,14,15,16,24,25,26,27,34,35,36,37,45,46
445,14,15,16,24,25,26,27,34,35,36,37,45,46
446,14,15,16,24,25,26,27,34,35,36,37,45,46
447,14,15,16,24,25,26,27,34,35,36,37,45,46
448,14,15,16,24,25,26,27,34,35,36,37,45,46
449,14,15,16,24,25,26,27,34,35,36,37,45,46
450,14,15,16,24,25,26,27,34,35,36,37,45,46
451,14,15,16,24,25,26,27,34,35,36,37,45,46
452,14,15,16,24,25,26,27,34,35,36,37,45,46
453,14,15,16,24,25,26,27,34,35,36,37,45,46
454,14,15,16,24,25,26,27,34,35,36,37,45,46
455,14,15,16,24,25,26,27,34,35,36,37,45,46
456,14,15,16,24,25,26,27,34,35,36,37,45,46
457,14,15,16,24,25,26,27,34,35,36,37,45,46
458,14,15,16,24,25,26,27,34,35,36,37,45,46
459,14,15,16,24,25,26,27,34,35,36,37,45,46
460,14,15,16,24,25,26,27,34,35,36,37,45,46
461,14,15,16,24,25,26,27,34,35,36,37,45,46
462,14,15,16,24,25,26,27,34,35,36,37,45,46
463,14,15,16,24,25,26,27,34,35,36,37,44,45,46
464,14,15,16,24,25,26,27,34,35,36,37,44,45,46
465,14,15,16,24,25,26,27,34,35,36,44,45,46
466,14,15,16,24,25,26,27,34,35,36,44,45,46
467,14,15,16,24,25,26,34,35,36,44,45,46
468,14,15,16,24,25,26,34,35,36,44,45,46
469,14,15,16,24,25,26,34,35,36,44,45,46
470,14,15,16,24,25,26,34,35,36,44,45,46
471,14,15,16,24,25,26,34,35,36,44,45,46
472,14,15,16,24,25,26,34,35,36,44,45,46
473,14,15,16,24,25,26,34,35,36,44,45,46
474,14,15,16,24,25,26,34,35,36,44,45,46
475,14,15,16,24,25,26,34,35,36,44,45
476,14,15,16,24,25,26,34,35,36,44,45
477,14,15,16,23,24,25,26,33,34,35,36,44,45
478,14,15,16,23,24,25,26,33,34,35,36,44,45
479,14,15,16,23,24,25,26,33,34,35,36,44,45
480,14,15,16,23,24,25,26,33,34,35,36,44,45
481,14,15,16,23,24,25,26,33,34,35,36,44,45
482,14,15,16,23,24,25,26,33,34,35,36,44,45
483,14,15,16,23,24,25,26,33,34,35,36,44,45
484,14,15,16,23,24,25,26,33,34,35,36,44,45
485,14,15,16,23,24,25,26,33,34,35,36,44,45
486,14,15,16,23,24,25,26,33,34,35,36,44,45
487,14,15,16,23,24,25,26,33,34,35,36,44,45
488,14,15,16,23,24,25,26,33,34,35,36,44,45
489,13,14,15,16,23,24,25,26,33,34,35,36,44,45
490,13,14,15,16,23,24,25,26,33,34,35,36,44,45
491,13,14,15,16,23,24,25,26,33,34,35,36,44,45
492,13,14,15,16,23,24,25,26,33,34,35,36,44,45
493,13,14,15,16,23,24,25,26,33,34,35,36,44,45
494,13,14,15,16,23,24,25,26,33,34,35,36,44,45
495,13,14,15,16,23,24,25,26,33,34,35,36,44,45
496,13,14,15,16,23,24,25,26,33,34,35,36,44,45
497,13,14,15,16,23,24,25,26,33,34,35,36,44,45
498,13,14,15,16,23,24,25,26,33,34,35,36,44,45
499,13,14,15,16,23,24,25,26,33,34,35,36,44,45
500,13,14,15,16,23,24,25,26,33,34,35,36,44,45
501,13,14,15,16,23,24,25,26,33,34,35,36,44,45
502,13,14,15,16,23,24,25,26,33,34,35,36,44,45
503,13,14,15,16,23,24,25,26,33,34,35,36,44,45
504,13,14,15,16,23,24,25,26,33,34,35,36,44,45
505,13,14,15,16,23,24,25,26,33,34,35,36,44,45
506,13,14,15,16,23,24,25,26,33,34,35,36,44,45
507,13,14,15,16,23,24,25,26,33,34,35,36,44,45
508,13,14,15,16,23,24,25,26,33,34,35,36,44,45
509,13,14,15,16,23,24,25,26,33,34,35,36,44,45
510,13,14,15,16,23,24,25,26,33,34,35,36,44,45
511,13,14,15,16,23,24,25,26,33,34,35,36,44,45
512,13,14,15,16,23,24,25,26,33,34,35,36,44,45
513,13,14,15,16,23,24,25,26,33,34,35,36,44,45
514,13,14,15,16,23,24,25,26,33,34,35,36,44,45
515,13,14,15,16,23,24,25,26,33,34,35,36,44,45
516,13,14,15,16,23,24,25,26,33,34,35,36,44,45
517,13,14,15,16,23,24,25,26,33,34,35,36,44,45
518,13,14,15,16,23,24,25,26,33,34,35,36,44,45
519,13,14,15,16,23,24,25,26,33,34,35,36,44,45
520,13,14,15,16,23,24,25,26,33,34,35,36,44,45
521,13,14,15,16,23,24,25,26,33,34,35,36,44,45
522,13,14,15,16,23,24,25,26,33,34,35,36,44,45
523,13,14,15,16,23,24,25,26,33,34,35,36,44,45
524,13,14,15,16,23,24,25,26,33,34,35,36,44,45
525,13,14,15,16,23,24,25,26,33,34,35,36,44,45
526,13,14,15,16,23,24,25,26,33,34,35,36,44,45
527,13,14,15,16,23,24,25,26,33,34,35,36,44,45
528,13,14,15,16,23,24,25,26,33,34,35,36,44,45
529,13,14,15,16,23,24,25,26,33,34,35,36,44,45
530,13,14,15,16,23,24,25,26,33,34,35,36,44,45
531,13,14,15,16,23,24,25,26,33,34,35,36,44,45
532,13,14,15,16,23,24,25,26,33,34,35,36,44,45
533,13,14,15,16,23,24,25,26,33,34,35,36,44,45
534,13,14,15,16,23,24,25,26,33,34,35,36,44,45
535,13,14,15,16,23,24,25,26,33,34,35,36,44,45
536,13,14,15,16,23,24,25,26,33,34,35,36,44,45
537,13,14,15,16,23,24,25,26,33,34,35,36,44,45
538,13,14,15,16,23,24,25,26,33,34,35,36,44,45
539,13,14,15,16,23,24,25,26,33,34,35,36,44,45
540,13,14,15,16,23,24,25,26,33,34,35,36,44,45
541,13,14,15,16,23,24,25,26,33,34,35,36,44,45
542,13,14,15,16,23,24,25,26,33,34,35,36,44,45
543,13,14,15,16,23,24,25,26,33,34,35,36,44,45
544,13,14,15,16,23,24,25,26,33,34,35,36,44,45
545,13,14,15,16,23,24,25,26,33,34,35,36,44,45
546,13,14,15,16,23,24,25,26,33,34,35,36,44,45
547,13,14,15,16,23,24,25,26,33,34,35,36,44,45
548,13,14,15,16,23,24,25,26,33,34,35,36,44,45
549,13,14,15,16,23,24,25,26,33,34,35,36,44,45
550,13,14,15,16,23,24,25,26,33,34,35,36,44,45
551,13,14,15,16,23,24,25,26,33,34,35,36,44,45
552,13,14,15,16,23,24,25,26,33,34,35,36,44,45
553,13,14,15,16,23,24,25,26,33,34,35,36,44,45
554,13,14,15,16,23,24,25,26,33,34,35,36,44,45
555,13,14,15,16,23,24,25,26,33,34,35,36,44,45
556,13,14,15,16,23,24,25,26,33,34,35,36,44,45
557,13,14,15,16,23,24,25,26,33,34,35,36,44,45
558,13,14,15,16,23,24,25,26,33,34,35,36,44,45
559,13,14,15,16,23,24,25,26,33,34,35,36,44,45
560,13,14,15,16,23,24,25,26,33,34,35,36,44,45
561,13,14,15,16,23,24,25,26,33,34,35,36,44,45
562,13,14,15,16,23,24,25,26,33,34,35,36,44,45
563,13,14,15,16,23,24,25,26,33,34,35,36,44,45
564,13,14,15,16,23,24,25,26,33,34,35,36,44,45
565,13,14,15,16,23,24,25,26,33,34,35,36,44,45
566,13,14,15,16,23,24,25,26,33,34,35,36,44,45
567,13,14,15,16,23,24,25,26,33,34,35,36,44,45
568,13,14,15,16,23,24,25,26,33,34,35,36,44,45
569,13,14,15,16,23,24,25,26,33,34,35,36,44,45
570,13,14,15,16,23,24,25,26,33,34,35,36,44,45
571,13,14,15,16,23,24,25,26,33,34,35,36,44,45
572,13,14,15,16,23,24,25,26,33,34,35,36,44,45
573,13,14,15,16,23,24,25,26,33,34,35,36,44,45
574,13,14,15,16,23,24,25,26,33,34,35,36,44,45
575,13,14,15,16,23,24,25,26,33,34,35,36,44,45
576,13,14,15,16,23,24,25,26,33,34,35,36,44,45
577,13,14,15,16,23,24,25,26,33,34,35,36,44,45
578,13,14,15,16,23,24,25,26,33,34,35,36,44,45
579,14,15,16,23,24,25,26,33,34,35,36,44,45
580,14,15,16,23,24,25,26,33,34,35,36,44,45
581,14,15,16,23,24,25,26,33,34,35,36,44,45
582,14,15,16,23,24,25,26,33,34,35,36,44,45
583,14,15,16,23,24,25,26,33,34,35,36,44,45
584,14,15,16,23,24,25,26,33,34,35,36,44,45
585,14,15,16,23,24,25,26,33,34,35,36,44,45
586,14,15,16,23,24,25,26,33,34,35,36,44,45
587,14,15,16,23,24,25,26,33,34,35,36,44,45
588,14,15,16,23,24,25,26,33,34,35,36,44,45
589,14,15,16,23,24,25,26,33,34,35,36,44,45
590,14,15,16,23,24,25,26,33,34,35,36,44,45
591,14,15,16,23,24,25,26,33,34,35,36,44,45
592,14,15,16,23,24,25,26,33,34,35,36,44,45
593,14,15,16,23,24,25,26,33,34,35,36,44,45
594,14,15,16,23,24,25,26,33,34,35,36,44,45
595,14,15,16,23,24,25,26,34,35,36,44,45,46
596,14,15,16,23,24,25,26,34,35,36,44,45,46
597,14,15,16,24,25,26,34,35,36,44,45,46
598,14,15,16,24,25,26,34,35,36,44,45,46
599,14,15,16,24,25,26,34,35,36,44,45,46
600,14,15,16,24,25,26,34,35,36,44,45,46
601,14,15,16,24,25,26,34,35,36,44,45,46
602,14,15,16,24,25,26,34,35,36,44,45,46
603,14,15,16,24,25,26,34,35,36,44,45,46
604,14,15,16,24,25,26,34,35,36,44,45,46
605,14,15,16,24,25,26,34,35,36,44,45,46
606,14,15,16,24,25,26,34,35,36,44,45,46
607,14,15,16,24,25,26,34,35,36,44,45,46
608,14,15,16,24,25,26,34,35,36,44,45,46
609,14,15,16,24,25,26,34,35,36,44,45,46
610,14,15,16,24,25,26,34,35,36,44,45,46
611,14,15,16,24,25,26,27,34,35,36,44,45,46
612,14,15,16,24,25,26,27,34,35,36,44,45,46
613,14,15,16,24,25,26,27,34,35,36,37,44,45,46
614,14,15,16,24,25,26,27,34,35,36,37,44,45,46
615,14,15,16,24,25,26,27,34,35,36,37,44,45,46
616,14,15,16,24,25,26,27,34,35,36,37,44,45,46
617,14,15,16,24,25,26,27,34,35,36,37,44,45,46
618,14,15,16,24,25,26,27,34,35,36,37,44,45,46
619,14,15,16,24,25,26,27,34,35,36,37,44,45,46
620,14,15,16,24,25,26,27,34,35,36,37,44,45,46
621,14,15,16,24,25,26,27,34,35,36,37,45,46
622,14,15,16,24,25,26,27,34,35,36,37,45,46
623,14,15,16,24,25,26,27,34,35,36,37,44,45,46
624,14,15,16,24,25,26,27,34,35,36,37,44,45,46
625,14,15,16,24,25,26,27,34,35,36,37,45,46
626,14,15,16,24,25,26,27,34,35,36,37,45,46
627,14,15,16,24,25,26,27,34,35,36,37,44,45,46
628,14,15,16,24,25,26,27,34,35,36,37,44,45,46
629,14,15,16,24,25,26,27,34,35,36,37,44,45,46
630,14,15,16,24,25,26,27,34,35,36,37,44,45,46
631,14,15,16,24,25,26,27,34,35,36,37,44,45,46
632,14,15,16,24,25,26,27,34,35,36,37,44,45,46
633,14,15,16,24,25,26,27,34,35,36,37,44,45,46
634,14,15,16,24,25,26,27,34,35,36,37,44,45,46
635,14,15,16,24,25,26,27,34,35,36,37,44,45,46
636,14,15,16,24,25,26,27,34,35,36,37,44,45,46
637,14,15,16,24,25,26,27,34,35,36,37,44,45,46
638,14,15,16,24,25,26,27,34,35,36,37,44,45,46
639,14,15,16,24,25,26,27,34,35,36,37,44,45,46
640,14,15,16,24,25,26,27,34,35,36,37,44,45,46
641,14,15,16,24,25,26,27,34,35,36,37,44,45,46
642,14,15,16,24,25,26,27,34,35,36,37,44,45,46
643,14,15,16,24,25,26,27,34,35,36,37,45,46
644,14,15,16,24,25,26,27,34,35,36,37,45,46
645,14,15,16,24,25,26,27,34,35,36,37,45,46
646,14,15,16,24,25,26,27,34,35,36,37,45,46
647,14,15,16,24,25,26,27,34,35,36,37,45,46
648,14,15,16,24,25,26,27,34,35,36,37,45,46
649,14,15,16,24,25,26,27,34,35,36,37,45,46
650,14,15,16,24,25,26,27,34,35,36,37,45,46
651,14,15,16,24,25,26,27,34,35,36,37,45,46
652,14,15,16,24,25,26,27,34,35,36,37,45,46
653,14,15,16,24,25,26,27,34,35,36,37,45,46
654,14,15,16,24,25,26,27,34,35,36,37,45,46
655,14,15,16,24,25,26,27,34,35,36,37,45,46
656,14,15,16,24,25,26,27,34,35,36,37,45,46
657,14,15,16,24,25,26,27,34,35,36,37,45,46
658,14,15,16,24,25,26,27,34,35,36,37,45,46
659,14,15,16,24,25,26,27,34,35,36,37,45,46
660,14,15,16,24,25,26,27,34,35,36,37,45,46
661,14,15,16,24,25,26,27,34,35,36,37,45,46
662,14,15,16,24,25,26,27,34,35,36,37,45,46
663,14,15,16,17,24,25,26,27,34,35,36,37,45,46
664,14,15,16,17,24,25,26,27,34,35,36,37,45,46
665,14,15,16,17,24,25,26,27,34,35,36,37,45,46
666,14,15,16,17,24,25,26,27,34,35,36,37,45,46
667,14,15,16,17,24,25,26,27,34,35,36,37,45,46
668,14,15,16,17,24,25,26,27,34,35,36,37,45,46
669,14,15,16,17,24,25,26,27,34,35,36,37,45,46
670,14,15,16,17,24,25,26,27,34,35,36,37,45,46
671,14,15,16,17,24,25,26,27,34,35,36,37,45,46
672,14,15,16,17,24,25,26,27,34,35,36,37,45,46
673,14,15,16,17,24,25,26,27,34,35,36,37,45,46
674,14,15,16,17,24,25,26,27,34,35,36,37,45,46
675,14,15,16,17,24,25,26,27,34,35,36,37,45,46
676,14,15,16,17,24,25,26,27,34,35,36,37,45,46
677,14,15,16,17,24,25,26,27,34,35,36,37,45,46
678,14,15,16,17,24,25,26,27,34,35,36,37,45,46
679,14,15,16,17,24,25,26,27,34,35,36,37,45,46
680,14,15,16,17,24,25,26,27,34,35,36,37,45,46
681,14,15,16,17,24,25,26,27,34,35,36,37,45,46
682,14,15,16,17,24,25,26,27,34,35,36,37,45,46
683,14,15,16,17,24,25,26,27,34,35,36,37,45,46
684,14,15,16,17,24,25,26,27,34,35,36,37,45,46
685,14,15,16,24,25,26,27,34,35,36,37,45,46
686,14,15,16,24,25,26,27,34,35,36,37,45,46
687,14,15,16,24,25,26,27,34,35,36,37,45,46
688,14,15,16,24,25,26,27,34,35,36,37,45,46
689,14,15,16,17,24,25,26,27,34,35,36,37,45,46
690,14,15,16,17,24,25,26,27,34,35,36,37,45,46
691,14,15,16,17,24,25,26,27,34,35,36,37,45,46
692,14,15,16,17,24,25,26,27,34,35,36,37,45,46
693,14,15,16,17,24,25,26,27,34,35,36,37,45,46
694,14,15,16,17,24,25,26,27,34,35,36,37,45,46
695,14,15,16,17,24,25,26,27,34,35,36,37,45,46
696,14,15,16,17,24,25,26,27,34,35,36,37,45,46
697,14,15,16,17,24,25,26,27,34,35,36,37,45,46
698,14,15,16,17,24,25,26,27,34,35,36,37,45,46
699,14,15,16,17,24,25,26,27,34,35,36,37,45,46
700,14,15,16,17,24,25,26,27,34,35,36,37,45,46
701,14,15,16,17,24,25,26,27,34,35,36,37,45,46
702,14,15,16,17,24,25,26,27,34,35,36,37,45,46
703,14,15,16,17,24,25,26,27,34,35,36,37,45,46
704,14,15,16,17,24,25,26,27,34,35,36,37,45,46
705,14,15,16,17,24,25,26,27,34,35,36,37,45,46
706,14,15,16,17,24,25,26,27,34,35,36,37,45,46
707,14,15,16,17,24,25,26,27,34,35,36,37,45,46
708,14,15,16,17,24,25,26,27,34,35,36,37,45,46
709,14,15,16,17,24,25,26,27,34,35,36,37,45,46
710,14,15,16,17,24,25,26,27,34,35,36,37,45,46
711,14,15,16,17,24,25,26,27,34,35,36,37,45,46
712,14,15,16,17,24,25,26,27,34,35,36,37,45,46
713,14,15,16,17,24,25,26,27,34,35,36,37,45,46
714,14,15,16,17,24,25,26,27,34,35,36,37,45,46
715,14,15,16,17,24,25,26,27,34,35,36,37,45,46
716,14,15,16,17,24,25,26,27,34,35,36,37,45,46
717,14,15,16,17,24,25,26,27,34,35,36,37,45,46
718,14,15,16,17,24,25,26,27,34,35,36,37,45,46
719,14,15,16,17,24,25,26,27,34,35,36,37,45,46
720,14,15,16,17,24,25,26,27,34,35,36,37,45,46
721,14,15,16,17,24,25,26,27,34,35,36,37,45,46
722,14,15,16,17,24,25,26,27,34,35,36,37,45,46
723,14,15,16,17,24,25,26,27,34,35,36,37,45,46
724,14,15,16,17,24,25,26,27,34,35,36,37,45,46
725,14,15,16,17,24,25,26,27,34,35,36,37,45,46
726,14,15,16,17,24,25,26,27,34,35,36,37,45,46
727,14,15,16,17,24,25,26,27,34,35,36,37,45,46
728,14,15,16,17,24,25,26,27,34,35,36,37,45,46
729,14,15,16,17,24,25,26,27,34,35,36,37,45,46
730,14,15,16,17,24,25,26,27,34,35,36,37,45,46
731,14,15,16,17,24,25,26,27,34,35,36,37,45,46
732,14,15,16,17,24,25,26,27,34,35,36,37,45,46
733,14,15,16,17,24,25,26,27,34,35,36,37,45,46
734,14,15,16,17,24,25,26,27,34,35,36,37,45,46
735,14,15,16,17,24,25,26,27,34,35,36,37,45,46
736,14,15,16,17,24,25,26,27,34,35,36,37,45,46
737,14,15,16,17,24,25,26,27,34,35,36,37,45,46
738,14,15,16,17,24,25,26,27,34,35,36,37,45,46
739,14,15,16,17,24,25,26,27,34,35,36,37,45,46
740,14,15,16,17,24,25,26,27,34,35,36,37,45,46
741,14,15,16,17,24,25,26,27,34,35,36,37,45,46
742,14,15,16,17,24,25,26,27,34,35,36,37,45,46
743,14,15,16,17,24,25,26,27,34,35,36,37,45,46
744,14,15,16,17,24,25,26,27,34,35,36,37,45,46
745,14,15,16,17,24,25,26,27,34,35,36,37,45,46
746,14,15,16,17,24,25,26,27,34,35,36,37,45,46
747,14,15,16,17,24,25,26,27,34,35,36,37,45,46
748,14,15,16,17,24,25,26,27,34,35,36,37,45,46
749,14,15,16,17,24,25,26,27,34,35,36,37,45,46
750,14,15,16,17,24,25,26,27,34,35,36,37,45,46
751,14,15,16,17,24,25,26,27,34,35,36,37,45,46
752,14,15,16,17,24,25,26,27,34,35,36,37,45,46
753,14,15,16,17,24,25,26,27,34,35,36,37,45,46
754,14,15,16,17,24,25,26,27,34,35,36,37,45,46
755,14,15,16,17,24,25,26,27,34,35,36,37,45,46
756,14,15,16,17,24,25,26,27,34,35,36,37,45,46
757,14,15,16,17,24,25,26,27,34,35,36,37,45,46
758,14,15,16,17,24,25,26,27,34,35,36,37,45,46
759,14,15,16,17,24,25,26,27,34,35,36,37,45,46
760,14,15,16,17,24,25,26,27,34,35,36,37,45,46
761,14,15,16,17,24,25,26,27,34,35,36,37,45,46
762,14,15,16,17,24,25,26,27,34,35,36,37,45,46
763,14,15,16,17,24,25,26,27,34,35,36,37,45,46
764,14,15,16,17,24,25,26,27,34,35,36,37,45,46
765,14,15,16,17,24,25,26,27,34,35,36,37,45,46
766,14,15,16,17,24,25,26,27,34,35,36,37,45,46
767,14,15,16,17,24,25,26,27,34,35,36,37,45,46
768,14,15,16,17,24,25,26,27,34,35,36,37,45,46
769,14,15,16,17,24,25,26,27,34,35,36,37,45,46
770,14,15,16,17,24,25,26,27,34,35,36,37,45,46
771,14,15,16,17,24,25,26,27,34,35,36,37,45,46
772,14,15,16,17,24,25,26,27,34,35,36,37,45,46
773,14,15,16,17,24,25,26,27,34,35,36,37,45,46
774,14,15,16,17,24,25,26,27,34,35,36,37,45,46
775,14,15,16,17,24,25,26,27,34,35,36,37,45,46
776,14,15,16,17,24,25,26,27,34,35,36,37,45,46
777,14,15,16,17,24,25,26,27,34,35,36,37,45,46
778,14,15,16,17,24,25,26,27,34,35,36,37,45,46
779,14,15,16,17,24,25,26,27,34,35,36,37,45,46
780,14,15,16,17,24,25,26,27,34,35,36,37,45,46
781,14,15,16,17,24,25,26,27,34,35,36,37,45,46
782,14,15,16,17,24,25,26,27,34,35,36,37,45,46
783,14,15,16,17,24,25,26,27,34,35,36,37,45,46
784,14,15,16,17,24,25,26,27,34,35,36,37,45,46
785,14,15,16,17,24,25,26,27,34,35,36,37,45,46
786,14,15,16,17,24,25,26,27,34,35,36,37,45,46
787,14,15,16,17,24,25,26,27,34,35,36,37,45,46
788,14,15,16,17,24,25,26,27,34,35,36,37,45,46
789,14,15,16,17,24,25,26,27,34,35,36,37
790,14,15,16,17,24,25,26,27,34,35,36,37
791,14,15,16,17,24,25,26,27,34,35,36,37
792,14,15,16,17,24,25,26,27,34,35,36,37
793,14,15,16,17,24,25,26,27,34,35,36,37
794,14,15,16,17,24,25,26,27,34,35,36,37
795,14,15,16,17,24,25,26,27,34,35,36,37
796,14,15,16,17,24,25,26,27,34,35,36,37
797,14,15,16,17,24,25,26,27,34,35,36,37
798,14,15,16,17,24,25,26,27,34,35,36,37
799,14,15,16,17,24,25,26,27,34,35,36,37
800,14,15,16,17,24,25,26,27,34,35,36,37
801,14,15,16,17,24,25,26,27,34,35,36,37,46
802,14,15,16,17,24,25,26,27,34,35,36,37,46
803,15,16,17,24,25,26,27,34,35,36,37,46
804,15,16,17,24,25,26,27,34,35,36,37,46
805,15,16,17,24,25,26,27,34,35,36,37,45,46
806,15,16,17,24,25,26,27,34,35,36,37,45,46
807,15,16,17,24,25,26,27,34,35,36,37,45,46
808,15,16,17,24,25,26,27,34,35,36,37,45,46
809,15,16,17,24,25,26,27,34,35,36,37,45,46
810,15,16,17,24,25,26,27,34,35,36,37,45,46
811,15,16,17,24,25,26,27,34,35,36,37,45,46
812,15,16,17,24,25,26,27,34,35,36,37,45,46
813,15,16,17,24,25,26,27,35,36,37,45,46
814,15,16,17,24,25,26,27,35,36,37,45,46
815,15,16,17,25,26,27,35,36,37,46
816,15,16,17,25,26,27,35,36,37,46
817,15,16,17,25,26,27,35,36,37,46
818,15,16,17,25,26,27,35,36,37,46
819,15,16,17,25,26,27,35,36,37,46
820,15,16,17,25,26,27,35,36,37,46
821,15,16,17,25,26,27,35,36,37,46
822,15,16,17,25,26,27,35,36,37,46
823,15,16,17,25,26,27,35,36,37,46
824,15,16,17,25,26,27,35,36,37,46
825,15,16,17,25,26,27,35,36,37,46
826,15,16,17,25,26,27,35,36,37,46
827,15,16,17,25,26,27,35,36,37,46
828,15,16,17,25,26,27,35,36,37,46
829,15,16,17,25,26,27,35,36,37,46
830,15,16,17,25,26,27,35,36,37,46
831,15,16,17,25,26,27,35,36,37,46
832,15,16,17,25,26,27,35,36,37,46
833,15,16,17,25,26,27,35,36,37,46
834,15,16,17,25,26,27,35,36,37,46
835,15,16,17,25,26,27,35,36,37,46
836,15,16,17,25,26,27,35,36,37,46
837,15,16,17,25,26,27,35,36,37,46
838,15,16,17,25,26,27,35,36,37,46
839,15,16,17,25,26,27,35,36,37,46
840,15,16,17,25,26,27,35,36,37,46
841,15,16,17,25,26,27,28,35,36,37,46
842,15,16,17,25,26,27,28,35,36,37,46
843,15,16,17,25,26,27,28,35,36,37,38,46
844,15,16,17,25,26,27,28,35,36,37,38,46
845,15,16,17,25,26,27,28,35,36,37,38,46
846,15,16,17,25,26,27,28,35,36,37,38,46
847,15,16,17,25,26,27,28,35,36,37,38,46,47
848,15,16,17,25,26,27,28,35,36,37,38,46,47
849,15,16,17,25,26,27,28,35,36,37,46,47
850,15,16,17,25,26,27,28,35,36,37,46,47
851,15,16,17,25,26,27,28,35,36,37,46,47
852,15,16,17,25,26,27,28,35,36,37,46,47
853,15,16,17,25,26,27,28,35,36,37,46,47
854,15,16,17,25,26,27,28,35,36,37,46,47
855,15,16,17,25,26,27,28,35,36,37,46,47
856,15,16,17,25,26,27,28,35,36,37,46,47
857,15,16,17,25,26,27,28,35,36,37,46,47
858,15,16,17,25,26,27,28,35,36,37,46,47
859,15,16,17,25,26,27,28,35,36,37,46,47
860,15,16,17,25,26,27,28,35,36,37,46,47
861,15,16,17,25,26,27,28,35,36,37,46,47
862,15,16,17,25,26,27,28,35,36,37,46,47
863,15,16,17,25,26,27,28,35,36,37,46,47
864,15,16,17,25,26,27,28,35,36,37,46,47
865,15,16,17,25,26,27,28,35,36,37,46,47
866,15,16,17,25,26,27,28,35,36,37,46,47
867,15,16,17,25,26,27,28,35,36,37,46
868,15,16,17,25,26,27,28,35,36,37,46
869,15,16,17,25,26,27,28,35,36,37,46
870,15,16,17,25,26,27,28,35,36,37,46
871,15,16,17,25,26,27,28,35,36,37,46
872,15,16,17,25,26,27,28,35,36,37,46
873,15,16,17,25,26,27,35,36,37,46
874,15,16,17,25,26,27,35,36,37,46
875,15,16,17,25,26,27,35,36,37,46
876,15,16,17,25,26,27,35,36,37,46
877,15,16,17,25,26,27,35,36,37,46
878,15,16,17,25,26,27,35,36,37,46
879,15,16,17,25,26,27,35,36,37,46
880,15,16,17,25,26,27,35,36,37,46
881,15,16,17,25,26,27,35,36,37,46
882,15,16,17,25,26,27,35,36,37,46
883,15,16,17,25,26,27,35,36,37,46
884,15,16,17,25,26,27,35,36,37,46
885,15,16,17,25,26,27,35,36,37,46
886,15,16,17,25,26,27,35,36,37,46
887,15,16,17,25,26,27,35,36,37,46
888,15,16,17,25,26,27,35,36,37,46
889,15,16,17,25,26,27,35,36,37,46
890,15,16,17,25,26,27,35,36,37,46
891,15,16,17,25,26,27,35,36,37,46
892,15,16,17,25,26,27,35,36,37,46
893,15,16,17,25,26,27,35,36,37,46
894,15,16,17,25,26,27,35,36,37,46
895,15,16,17,25,26,27,35,36,37,46
896,15,16,17,25,26,27,35,36,37,46
897,15,16,17,25,26,27,35,36,37,45,46
898,15,16,17,25,26,27,35,36,37,45,46
899,15,16,17,24,25,26,27,35,36,37,45,46
900,15,16,17,24,25,26,27,35,36,37,45,46
901,15,16,17,24,25,26,27,34,35,36,37,45,46
902,15,16,17,24,25,26,27,34,35,36,37,45,46
903,15,16,17,24,25,26,27,34,35,36,37,45,46
904,15,16,17,24,25,26,27,34,35,36,37,45,46
905,15,16,17,24,25,26,27,34,35,36,37,45,46
906,15,16,17,24,25,26,27,34,35,36,37,45,46
907,15,16,17,24,25,26,27,34,35,36,37,45,46
908,15,16,17,24,25,26,27,34,35,36,37,45,46
909,14,15,16,17,24,25,26,27,34,35,36,37,45,46
910,14,15,16,17,24,25,26,27,34,35,36,37,45,46
911,14,15,16,17,24,25,26,27,34,35,36,37,45,46
912,14,15,16,17,24,25,26,27,34,35,36,37,45,46
913,14,15,16,17,24,25,26,27,34,35,36,37,45,46
914,14,15,16,17,24,25,26,27,34,35,36,37,45,46
915,14,15,16,17,24,25,26,27,34,35,36,37,45,46
916,14,15,16,17,24,25,26,27,34,35,36,37,45,46
917,14,15,16,17,24,25,26,27,34,35,36,37,45,46
918,14,15,16,17,24,25,26,27,34,35,36,37,45,46
919,14,15,16,17,24,25,26,27,34,35,36,37,45,46
920,14,15,16,17,24,25,26,27,34,35,36,37,45,46
921,14,15,16,17,24,25,26,27,34,35,36,37,45,46
922,14,15,16,17,24,25,26,27,34,35,36,37,45,46
923,14,15,16,17,24,25,26,27,34,35,36,37,45,46
924,14,15,16,17,24,25,26,27,34,35,36,37,45,46
925,14,15,16,17,24,25,26,27,34,35,36,37,45,46
926,14,15,16,17,24,25,26,27,34,35,36,37,45,46
927,14,15,16,17,24,25,26,27,34,35,36,37,45,46
928,14,15,16,17,24,25,26,27,34,35,36,37,45,46
929,14,15,16,17,24,25,26,27,34,35,36,37,45,46
930,14,15,16,17,24,25,26,27,34,35,36,37,45,46
931,14,15,16,17,24,25,26,27,34,35,36,37,45,46
932,14,15,16,17,24,25,26,27,34,35,36,37,45,46
933,14,15,16,17,24,25,26,27,34,35,36,37,45,46
934,14,15,16,17,24,25,26,27,34,35,36,37,45,46
935,14,15,16,17,24,25,26,27,34,35,36,37,45,46
936,14,15,16,17,24,25,26,27,34,35,36,37,45,46
937,14,15,16,17,24,25,26,27,34,35,36,37,45,46
938,14,15,16,17,24,25,26,27,34,35,36,37,45,46
939,14,15,16,17,24,25,26,27,34,35,36,37,45,46
940,14,15,16,17,24,25,26,27,34,35,36,37,45,46
941,14,15,16,17,24,25,26,27,34,35,36,37,45,46
942,14,15,16,17,24,25,26,27,34,35,36,37,45,46
943,14,15,16,17,24,25,26,27,34,35,36,37,45,46
944,14,15,16,17,24,25,26,27,34,35,36,37,45,46
945,14,15,16,17,24,25,26,27,34,35,36,37,45,46
946,14,15,16,17,24,25,26,27,34,35,36,37,45,46
947,14,15,16,17,24,25,26,27,34,35,36,37,45,46
948,14,15,16,17,24,25,26,27,34,35,36,37,45,46
949,14,15,16,17,24,25,26,27,34,35,36,37,45,46
950,14,15,16,17,24,25,26,27,34,35,36,37,45,46
951,14,15,16,17,24,25,26,27,34,35,36,37,45,46
952,14,15,16,17,24,25,26,27,34,35,36,37,45,46
953,14,15,16,17,24,25,26,27,34,35,36,37,45,46
954,14,15,16,17,24,25,26,27,34,35,36,37,45,46
955,14,15,16,17,24,25,26,27,34,35,36,37,45,46
956,14,15,16,17,24,25,26,27,34,35,36,37,45,46
957,14,15,16,17,24,25,26,27,34,35,36,37,45,46
958,14,15,16,17,24,25,26,27,34,35,36,37,45,46
959,14,15,16,17,24,25,26,27,34,35,36,37,45,46
960,14,15,16,17,24,25,26,27,34,35,36,37,45,46
961,14,15,16,17,24,25,26,27,34,35,36,37,45,46
962,14,15,16,17,24,25,26,27,34,35,36,37,45,46
963,14,15,16,17,24,25,26,27,34,35,36,37,45,46
964,14,15,16,17,24,25,26,27,34,35,36,37,45,46
965,14,15,16,17,24,25,26,27,34,35,36,37,45,46
966,14,15,16,17,24,25,26,27,34,35,36,37,45,46
967,14,15,16,17,24,25,26,27,34,35,36,37,45,46
968,14,15,16,17,24,25,26,27,34,35,36,37,45,46
969,14,15,16,17,24,25,26,27,34,35,36,37,45,46
970,14,15,16,17,24,25,26,27,34,35,36,37,45,46
971,14,15,16,17,24,25,26,27,34,35,36,37,45,46
972,14,15,16,17,24,25,26,27,34,35,36,37,45,46
973,14,15,16,17,24,25,26,27,34,35,36,37,45,46
974,14,15,16,17,24,25,26,27,34,35,36,37,45,46
975,14,15,16,17,24,25,26,27,34,35,36,37,45,46
976,14,15,16,17,24,25,26,27,34,35,36,37,45,46
977,14,15,16,17,24,25,26,27,34,35,36,37,45,46
978,14,15,16,17,24,25,26,27,34,35,36,37,45,46
979,14,15,16,17,24,25,26,27,34,35,36,37,45,46
980,14,15,16,17,24,25,26,27,34,35,36,37,45,46
981,14,15,16,17,24,25,26,27,34,35,36,37,45,46
982,14,15,16,17,24,25,26,27,34,35,36,37,45,46
983,14,15,16,17,24,25,26,27,34,35,36,37,45,46
984,14,15,16,17,24,25,26,27,34,35,36,37,45,46
985,14,15,16,17,24,25,26,27,34,35,36,37,45,46
986,14,15,16,17,24,25,26,27,34,35,36,37,45,46
987,14,15,16,17,24,25,26,27,34,35,36,37,45,46
988,14,15,16,17,24,25,26,27,34,35,36,37,45,46
989,14,15,16,17,24,25,26,27,34,35,36,37,45,46
990,14,15,16,17,24,25,26,27,34,35,36,37,45,46
991,14,15,16,17,24,25,26,27,34,35,36,37,45,46
992,14,15,16,17,24,25,26,27,34,35,36,37,45,46
993,15,16,17,24,25,26,27,34,35,36,37,45,46
994,15,16,17,24,25,26,27,34,35,36,37,45,46
995,15,16,17,24,25,26,27,34,35,36,37,45,46
996,15,16,17,24,25,26,27,34,35,36,37,45,46
997,15,16,17,24,25,26,27,34,35,36,37,45,46
998,15,16,17,24,25,26,27,34,35,36,37,45,46
999,15,16,17,24,25,26,27,34,35,36,37,45,46
1000,15,16,17,24,25,26,27,34,35,36,37,45,46
1001,15,16,17,24,25,26,27,34,35,36,37,45,46
1002,15,16,17,24,25,26,27,34,35,36,37,45,46
1003,15,16,17,24,25,26,27,34,35,36,37,45,46
1004,15,16,17,24,25,26,27,34,35,36,37,45,46
1005,15,16,17,24,25,26,27,34,35,36,37,45,46
1006,15,16,17,24,25,26,27,34,35,36,37,45,46
1007,15,16,17,24,25,26,27,34,35,36,37,45,46
1008,15,16,17,24,25,26,27,34,35,36,37,45,46
1009,15,16,17,24,25,26,27,34,35,36,37,45,46
1010,15,16,17,24,25,26,27,34,35,36,37,45,46
1011,15,16,17,24,25,26,27,34,35,36,37,45,46
1012,15,16,17,24,25,26,27,34,35,36,37,45,46
1013,15,16,17,24,25,26,27,34,35,36,37,45,46
1014,15,16,17,24,25,26,27,34,35,36,37,45,46
1015,15,16,17,24,25,26,27,34,35,36,37,45,46
1016,15,16,17,24,25,26,27,34,35,36,37,45,46
1017,15,16,17,24,25,26,27,34,35,36,37,45,46,47
1018,15,16,17,24,25,26,27,34,35,36,37,45,46,47
1019,15,16,17,24,25,26,27,34,35,36,37,45,46,47
1020,15,16,17,24,25,26,27,34,35,36,37,45,46,47
1021,15,16,17,24,25,26,27,34,35,36,37,45,46,47
1022,15,16,17,24,25,26,27,34,35,36,37,45,46,47
1023,15,16,17,25,26,27,35,36,37,45,46,47
1024,15,16,17,25,26,27,35,36,37,45,46,47
1025,15,16,17,25,26,27,35,36,37,45,46,47
1026,15,16,17,25,26,27,35,36,37,45,46,47
1027,15,16,17,25,26,27,35,36,37,45,46,47
1028,15,16,17,25,26,27,35,36,37,45,46,47
1029,15,16,17,25,26,27,35,36,37,45,46,47
1030,15,16,17,25,26,27,35,36,37,45,46,47
1031,15,16,17,25,26,27,35,36,37,45,46,47
1032,15,16,17,25,26,27,35,36,37,45,46,47
1033,15,16,17,25,26,27,35,36,37,45,46,47
1034,15,16,17,25,26,27,35,36,37,45,46,47
1035,15,16,17,25,26,27,35,36,37,45,46,47
1036,15,16,17,25,26,27,35,36,37,45,46,47
1037,15,16,17,25,26,27,35,36,37,45,46,47
1038,15,16,17,25,26,27,35,36,37,45,46,47
1039,15,16,17,25,26,27,35,36,37,45,46,47
1040,15,16,17,25,26,27,35,36,37,45,46,47
1041,15,16,17,25,26,27,35,36,37,45,46,47
1042,15,16,17,25,26,27,35,36,37,45,46,47
1043,15,16,17,25,26,27,35,36,37,45,46,47
1044,15,16,17,25,26,27,35,36,37,45,46,47
1045,15,16,17,25,26,27,35,36,37,45,46,47
1046,15,16,17,25,26,27,35,36,37,45,46,47
1047,15,16,17,25,26,27,35,36,37,45,46,47
1048,15,16,17,25,26,27,35,36,37,45,46,47
1049,15,16,17,25,26,27,35,36,37,45,46,47
1050,15,16,17,25,26,27,35,36,37,45,46,47
1051,15,16,17,25,26,27,35,36,37,45,46,47
1052,15,16,17,25,26,27,35,36,37,45,46,47
1053,15,16,17,25,26,27,35,36,37,45,46,47
1054,15,16,17,25,26,27,35,36,37,45,46,47
1055,15,16,17,25,26,27,35,36,37,45,46,47
1056,15,16,17,25,26,27,35,36,37,45,46,47
1057,15,16,17,25,26,27,35,36,37,45,46,47
1058,15,16,17,25,26,27,35,36,37,45,46,47
1059,15,16,17,25,26,27,35,36,37,45,46,47
1060,15,16,17,25,26,27,35,36,37,45,46,47
1061,15,16,17,25,26,27,35,36,37,46,47
1062,15,16,17,25,26,27,35,36,37,46,47
1063,15,16,17,25,26,27,28,35,36,37,46,47
1064,15,16,17,25,26,27,28,35,36,37,46,47
1065,15,16,17,25,26,27,28,35,36,37,38,46,47
1066,15,16,17,25,26,27,28,35,36,37,38,46,47
1067,15,16,17,25,26,27,28,35,36,37,38,46,47
1068,15,16,17,25,26,27,28,35,36,37,38,46,47
1069,15,16,17,18,25,26,27,28,35,36,37,38,46
1070,15,16,17,18,25,26,27,28,35,36,37,38,46
1071,15,16,17,18,25,26,27,28,35,36,37,38
1072,15,16,17,18,25,26,27,28,35,36,37,38
1073,15,16,17,18,25,26,27,28,35,36,37,38
1074,15,16,17,18,25,26,27,28,35,36,37,38
1075,15,16,17,18,25,26,27,28,35,36,37,38
1076,15,16,17,18,25,26,27,28,35,36,37,38
1077,15,16,17,18,25,26,27,28,35,36,37,38
1078,15,16,17,18,25,26,27,28,35,36,37,38
1079,15,16,17,18,25,26,27,28,35,36,37,38
1080,15,16,17,18,25,26,27,28,35,36,37,38
1081,15,16,17,18,25,26,27,28,35,36,37,38
1082,15,16,17,18,25,26,27,28,35,36,37,38
1083,15,16,17,18,25,26,27,28,35,36,37,38
1084,15,16,17,18,25,26,27,28,35,36,37,38
1085,15,16,17,18,25,26,27,28,35,36,37,38
1086,15,16,17,18,25,26,27,28,35,36,37,38
1087,15,16,17,18,25,26,27,28,35,36,37,38
1088,15,16,17,18,25,26,27,28,35,36,37,38
1089,15,16,17,25,26,27,28,35,36,37
1090,15,16,17,25,26,27,28,35,36,37
1091,15,16,17,25,26,27,28,35,36,37
1092,15,16,17,25,26,27,28,35,36,37
1093,15,16,17,25,26,27,35,36,37
1094,15,16,17,25,26,27,35,36,37
1095,15,16,17,25,26,27,35,36,37
1096,15,16,17,25,26,27,35,36,37
1097,15,16,17,25,26,27,35,36,37
1098,15,16,17,25,26,27,35,36,37
1099,15,16,17,25,26,27,35,36,37
1100,15,16,17,25,26,27,35,36,37
1101,15,16,17,25,26,27,35,36,37,46
1102,15,16,17,25,26,27,35,36,37,46
1103,15,16,17,25,26,27,35,36,37,46
1104,15,16,17,25,26,27,35,36,37,46
1105,15,16,17,24,25,26,27,35,36,37,46
1106,15,16,17,24,25,26,27,35,36,37,46
1107,15,16,17,24,25,26,27,34,35,36,37,45,46
1108,15,16,17,24,25,26,27,34,35,36,37,45,46
1109,14,15,16,17,24,25,26,27,34,35,36,37,45,46
1110,14,15,16,17,24,25,26,27,34,35,36,37,45,46
1111,14,15,16,17,24,25,26,27,34,35,36,37,45,46
1112,14,15,16,17,24,25,26,27,34,35,36,37,45,46
1113,14,15,16,17,24,25,26,27,34,35,36,37,45,46
1114,14,15,16,17,24,25,26,27,34,35,36,37,45,46
1115,14,15,16,17,24,25,26,27,34,35,36,37,45,46
1116,14,15,16,17,24,25,26,27,34,35,36,37,45,46
1117,14,15,16,17,24,25,26,27,34,35,36,37,45,46
1118,14,15,16,17,24,25,26,27,34,35,36,37,45,46
1119,14,15,16,17,24,25,26,27,34,35,36,37,45,46
1120,14,15,16,17,24,25,26,27,34,35,36,37,45,46
1121,14,15,16,17,24,25,26,27,34,35,36,37,45,46
1122,14,15,16,17,24,25,26,27,34,35,36,37,45,46
1123,14,15,16,17,24,25,26,27,34,35,36,37,45,46
1124,14,15,16,17,24,25,26,27,34,35,36,37,45,46
1125,14,15,16,17,24,25,26,27,34,35,36,37,45,46
1126,14,15,16,17,24,25,26,27,34,35,36,37,45,46
1127,14,15,16,17,24,25,26,27,34,35,36,37,45,46
1128,14,15,16,17,24,25,26,27,34,35,36,37,45,46
1129,14,15,16,17,24,25,26,27,34,35,36,37,45,46
1130,14,15,16,17,24,25,26,27,34,35,36,37,45,46
1131,14,15,16,17,24,25,26,27,34,35,36,37,45,46
1132,14,15,16,17,24,25,26,27,34,35,36,37,45,46
1133,14,15,16,17,24,25,26,27,34,35,36,37,45,46
1134,14,15,16,17,24,25,26,27,34,35,36,37,45,46
1135,14,15,16,17,24,25,26,27,34,35,36,37,45,46
1136,14,15,16,17,24,25,26,27,34,35,36,37,45,46
1137,14,15,16,17,24,25,26,27,34,35,36,37,45,46
1138,14,15,16,17,24,25,26,27,34,35,36,37,45,46
1139,14,15,16,17,24,25,26,27,34,35,36,37,45,46
1140,14,15,16,17,24,25,26,27,34,35,36,37,45,46
1141,14,15,16,17,24,25,26,27,34,35,36,37,45,46
1142,14,15,16,17,24,25,26,27,34,35,36,37,45,46
1143,14,15,16,17,24,25,26,27,34,35,36,37,45,46
1144,14,15,16,17,24,25,26,27,34,35,36,37,45,46
1145,14,15,16,17,24,25,26,27,34,35,36,37,45,46
1146,14,15,16,17,24,25,26,27,34,35,36,37,45,46
1147,14,15,16,17,24,25,26,27,34,35,36,37,45,46
1148,14,15,16,17,24,25,26,27,34,35,36,37,45,46
1149,14,15,16,17,24,25,26,27,34,35,36,37,45,46
1150,14,15,16,17,24,25,26,27,34,35,36,37,45,46
1151,14,15,16,17,24,25,26,27,34,35,36,37,45,46
1152,14,15,16,17,24,25,26,27,34,35,36,37,45,46
1153,14,15,16,17,24,25,26,27,34,35,36,37,45,46
1154,14,15,16,17,24,25,26,27,34,35,36,37,45,46
1155,14,15,16,17,24,25,26,27,34,35,36,37,45,46
1156,14,15,16,17,24,25,26,27,34,35,36,37,45,46
1157,14,15,16,17,24,25,26,27,34,35,36,37,45,46
1158,14,15,16,17,24,25,26,27,34,35,36,37,45,46
1159,14,15,16,17,24,25,26,27,34,35,36,37,45,46
1160,14,15,16,17,24,25,26,27,34,35,36,37,45,46
1161,14,15,16,17,24,25,26,27,34,35,36,37,45,46
1162,14,15,16,17,24,25,26,27,34,35,36,37,45,46
1163,14,15,16,17,24,25,26,27,34,35,36,37,45,46
1164,14,15,16,17,24,25,26,27,34,35,36,37,45,46
1165,14,15,16,17,24,25,26,27,34,35,36,37,45,46
1166,14,15,16,17,24,25,26,27,34,35,36,37,45,46
1167,14,15,16,17,24,25,26,27,34,35,36,37,45,46
1168,14,15,16,17,24,25,26,27,34,35,36,37,45,46
1169,14,15,16,17,24,25,26,27,34,35,36,37,45,46
1170,14,15,16,17,24,25,26,27,34,35,36,37,45,46
1171,14,15,16,17,24,25,26,27,34,35,36,37,45,46
1172,14,15,16,17,24,25,26,27,34,35,36,37,45,46
1173,14,15,16,17,24,25,26,27,34,35,36,37,45,46
1174,14,15,16,17,24,25,26,27,34,35,36,37,45,46
1175,14,15,16,17,24,25,26,27,34,35,36,37,45,46
1176,14,15,16,17,24,25,26,27,34,35,36,37,45,46
1177,14,15,16,17,24,25,26,27,34,35,36,37,45,46
1178,14,15,16,17,24,25,26,27,34,35,36,37,45,46
1179,14,15,16,17,24,25,26,27,34,35,36,37,45,46
1180,14,15,16,17,24,25,26,27,34,35,36,37,45,46
1181,14,15,16,17,24,25,26,27,34,35,36,37,45,46
1182,14,15,16,17,24,25,26,27,34,35,36,37,45,46
1183,14,15,16,17,24,25,26,27,34,35,36,37,45,46
1184,14,15,16,17,24,25,26,27,34,35,36,37,45,46
1185,14,15,16,17,24,25,26,27,34,35,36,37,45,46
1186,14,15,16,17,24,25,26,27,34,35,36,37,45,46
1187,14,15,16,17,24,25,26,27,34,35,36,37,45,46
1188,14,15,16,17,24,25,26,27,34,35,36,37,45,46
1189,14,15,16,17,24,25,26,27,34,35,36,37,45,46
1190,14,15,16,17,24,25,26,27,34,35,36,37,45,46
1191,14,15,16,17,24,25,26,27,34,35,36,37,45,46
1192,14,15,16,17,24,25,26,27,34,35,36,37,45,46
1193,14,15,16,17,24,25,26,27,34,35,36,37,45,46
1194,14,15,16,17,24,25,26,27,34,35,36,37,45,46
1195,14,15,16,17,24,25,26,27,34,35,36,37,45,46
1196,14,15,16,17,24,25,26,27,34,35,36,37,45,46
1197,14,15,16,17,24,25,26,27,34,35,36,37,45,46
1198,14,15,16,17,24,25,26,27,34,35,36,37,45,46
1199,14,15,16,17,24,25,26,27,34,35,36,37,45,46
1200,14,15,16,17,24,25,26,27,34,35,36,37,45,46
1201,14,15,16,17,24,25,26,27,34,35,36,37,45,46
1202,14,15,16,17,24,25,26,27,34,35,36,37,45,46
1203,14,15,16,17,24,25,26,27,34,35,36,37,45,46
1204,14,15,16,17,24,25,26,27,34,35,36,37,45,46
1205,14,15,16,17,24,25,26,27,34,35,36,37,45,46
1206,14,15,16,17,24,25,26,27,34,35,36,37,45,46
1207,14,15,16,17,24,25,26,27,34,35,36,37,45,46
1208,14,15,16,17,24,25,26,27,34,35,36,37,45,46
1209,14,15,16,17,24,25,26,27,34,35,36,37,45,46
1210,14,15,16,17,24,25,26,27,34,35,36,37,45,46
1211,14,15,16,17,24,25,26,27,34,35,36,37,45,46
1212,14,15,16,17,24,25,26,27,34,35,36,37,45,46
1213,14,15,16,17,24,25,26,27,34,35,36,37,45,46
1214,14,15,16,17,24,25,26,27,34,35,36,37,45,46
1215,14,15,16,17,24,25,26,27,34,35,36,37,45,46
1216,14,15,16,17,24,25,26,27,34,35,36,37,45,46
1217,14,15,16,17,24,25,26,27,34,35,36,37,45,46
1218,14,15,16,17,24,25,26,27,34,35,36,37,45,46
1219,14,15,16,17,24,25,26,27,34,35,36,37,45,46
1220,14,15,16,17,24,25,26,27,34,35,36,37,45,46
1221,14,15,16,17,24,25,26,27,34,35,36,37,45,46
1222,14,15,16,17,24,25,26,27,34,35,36,37,45,46
1223,14,15,16,17,24,25,26,27,34,35,36,37,45,46
1224,14,15,16,17,24,25,26,27,34,35,36,37,45,46
1225,14,15,16,17,24,25,26,27,34,35,36,37,45,46
1226,14,15,16,17,24,25,26,27,34,35,36,37,45,46
1227,14,15,16,17,24,25,26,27,34,35,36,37,45,46
1228,14,15,16,17,24,25,26,27,34,35,36,37,45,46
1229,14,15,16,17,24,25,26,27,34,35,36,37,45,46
1230,14,15,16,17,24,25,26,27,34,35,36,37,45,46
1231,14,15,16,17,24,25,26,27,34,35,36,37,45,46
1232,14,15,16,17,24,25,26,27,34,35,36,37,45,46
1233,14,15,16,17,24,25,26,27,34,35,36,37,45,46
1234,14,15,16,17,24,25,26,27,34,35,36,37,45,46
1235,14,15,16,17,24,25,26,27,34,35,36,37,45,46
1236,14,15,16,17,24,25,26,27,34,35,36,37,45,46
1237,14,15,16,17,24,25,26,27,34,35,36,37,45,46
1238,14,15,16,17,24,25,26,27,34,35,36,37,45,46
1239,14,15,16,17,24,25,26,27,34,35,36,37,45,46
1240,14,15,16,17,24,25,26,27,34,35,36,37,45,46
1241,14,15,16,17,24,25,26,27,34,35,36,37,45,46
1242,14,15,16,17,24,25,26,27,34,35,36,37,45,46
1243,14,15,16,17,24,25,26,27,34,35,36,37
1244,14,15,16,17,24,25,26,27,34,35,36,37
1245,14,15,16,17,24,25,26,27,34,35,36,37
1246,14,15,16,17,24,25,26,27,34,35,36,37
1247,14,15,16,17,24,25,26,27,34,35,36,37
1248,14,15,16,17,24,25,26,27,34,35,36,37
1249,14,15,16,17,24,25,26,27,34,35,36,37
1250,14,15,16,17,24,25,26,27,34,35,36,37
1251,14,15,16,17,24,25,26,27,34,35,36,37
1252,14,15,16,17,24,25,26,27,34,35,36,37
1253,14,15,16,17,24,25,26,27,34,35,36,37
1254,14,15,16,17,24,25,26,27,34,35,36,37
1255,14,15,16,17,24,25,26,27,34,35,36,37
1256,14,15,16,17,24,25,26,27,34,35,36,37
1257,14,15,16,17,24,25,26,27,34,35,36,37
1258,14,15,16,17,24,25,26,27,34,35,36,37
1259,14,15,16,17,24,25,26,27,34,35,36,37
1260,14,15,16,17,24,25,26,27,34,35,36,37
1261,14,15,16,17,24,25,26,27,34,35,36,37
1262,14,15,16,17,24,25,26,27,34,35,36,37
1263,14,15,16,17,24,25,26,27,34,35,36,37
1264,14,15,16,17,24,25,26,27,34,35,36,37
1265,14,15,16,17,24,25,26,27,34,35,36,37
1266,14,15,16,17,24,25,26,27,34,35,36,37
1267,14,15,16,17,24,25,26,27,34,35,36,37
1268,14,15,16,17,24,25,26,27,34,35,36,37
1269,14,15,16,17,24,25,26,27,34,35,36,37
1270,14,15,16,17,24,25,26,27,34,35,36,37
1271,14,15,16,17,24,25,26,27,34,35,36,37
1272,14,15,16,17,24,25,26,27,34,35,36,37
1273,14,15,16,17,24,25,26,27,34,35,36,37
1274,14,15,16,17,24,25,26,27,34,35,36,37
1275,6,14,15,16,17,24,25,26,27,34,35,36,37
1276,6,14,15,16,17,24,25,26,27,34,35,36,37
1277,6,14,15,16,17,24,25,26,27,34,35,36,37
1278,6,14,15,16,17,24,25,26,27,34,35,36,37
1279,6,14,15,16,17,24,25,26,27,34,35,36,37
1280,6,14,15,16,17,24,25,26,27,34,35,36,37
1281,6,14,15,16,17,24,25,26,27,34,35,36,37
1282,6,14,15,16,17,24,25,26,27,34,35,36,37
1283,6,14,15,16,17,24,25,26,27,34,35,36,37
1284,6,14,15,16,17,24,25,26,27,34,35,36,37
1285,6,14,15,16,17,24,25,26,27,34,35,36,37
1286,6,14,15,16,17,24,25,26,27,34,35,36,37
1287,6,14,15,16,17,24,25,26,27,34,35,36,37
1288,6,14,15,16,17,24,25,26,27,34,35,36,37
1289,6,14,15,16,17,24,25,26,27,34,35,36,37
1290,6,14,15,16,17,24,25,26,27,34,35,36,37
1291,14,15,16,17,24,25,26,27,34,35,36,37
1292,14,15,16,17,24,25,26,27,34,35,36,37
1293,14,15,16,17,24,25,26,27,34,35,36,37
1294,14,15,16,17,24,25,26,27,34,35,36,37
1295,14,15,16,17,24,25,26,27,34,35,36,37
1296,14,15,16,17,24,25,26,27,34,35,36,37
1297,14,15,16,17,24,25,26,27,34,35,36,37
1298,14,15,16,17,24,25,26,27,34,35,36,37
1299,14,15,16,17,24,25,26,27,34,35,36,37
1300,14,15,16,17,24,25,26,27,34,35,36,37
1301,14,15,16,17,24,25,26,27,34,35,36,37
1302,14,15,16,17,24,25,26,27,34,35,36,37
1303,14,15,16,17,24,25,26,27,34,35,36,37
1304,14,15,16,17,24,25,26,27,34,35,36,37
1305,14,15,16,17,24,25,26,27,34,35,36,37
1306,14,15,16,17,24,25,26,27,34,35,36,37
1307,14,15,16,17,24,25,26,27,34,35,36,37
1308,14,15,16,17,24,25,26,27,34,35,36,37
1309,14,15,16,17,24,25,26,27,34,35,36,37
1310,14,15,16,17,24,25,26,27,34,35,36,37
1311,14,15,16,17,24,25,26,27,34,35,36,37
1312,14,15,16,17,24,25,26,27,34,35,36,37
1313,14,15,16,17,24,25,26,27,34,35,36,37
1314,14,15,16,17,24,25,26,27,34,35,36,37
1315,14,15,16,17,24,25,26,27,34,35,36,37
1316,14,15,16,17,24,25,26,27,34,35,36,37
1317,14,15,16,17,24,25,26,27,34,35,36,37
1318,14,15,16,17,24,25,26,27,34,35,36,37
1319,14,15,16,17,24,25,26,27,34,35,36,37
1320,14,15,16,17,24,25,26,27,34,35,36,37
1321,14,15,16,17,24,25,26,27,34,35,36,37
1322,14,15,16,17,24,25,26,27,34,35,36,37
1323,14,15,16,17,24,25,26,27,34,35,36,37
1324,14,15,16,17,24,25,26,27,34,35,36,37
1325,14,15,16,17,24,25,26,27,34,35,36,37
1326,14,15,16,17,24,25,26,27,34,35,36,37
1327,14,15,16,17,24,25,26,27,34,35,36,37
1328,14,15,16,17,24,25,26,27,34,35,36,37
1329,14,15,16,17,24,25,26,27,34,35,36,37,46
1330,14,15,16,17,24,25,26,27,34,35,36,37,46
1331,14,15,16,17,24,25,26,27,34,35,36,37,46
1332,14,15,16,17,24,25,26,27,34,35,36,37,46
1333,14,15,16,17,24,25,26,27,34,35,36,37,46
1334,14,15,16,17,24,25,26,27,34,35,36,37,46
1335,14,15,16,17,24,25,26,27,34,35,36,37,46
1336,14,15,16,17,24,25,26,27,34,35,36,37,46
1337,14,15,16,17,24,25,26,27,34,35,36,37,46
1338,14,15,16,17,24,25,26,27,34,35,36,37,46
1339,14,15,16,17,24,25,26,27,34,35,36,37,46
1340,14,15,16,17,24,25,26,27,34,35,36,37,46
1341,14,15,16,17,24,25,26,27,34,35,36,37,46
1342,14,15,16,17,24,25,26,27,34,35,36,37,46
1343,14,15,16,17,24,25,26,27,34,35,36,37,46
1344,14,15,16,17,24,25,26,27,34,35,36,37,46
1345,14,15,16,17,24,25,26,27,34,35,36,37,46
1346,14,15,16,17,24,25,26,27,34,35,36,37,46
1347,14,15,16,17,24,25,26,27,34,35,36,37,46
1348,14,15,16,17,24,25,26,27,34,35,36,37,46
1349,14,15,16,17,24,25,26,27,34,35,36,37,46
1350,14,15,16,17,24,25,26,27,34,35,36,37,46
1351,14,15,16,17,24,25,26,27,34,35,36,37,46
1352,14,15,16,17,24,25,26,27,34,35,36,37,46
1353,14,15,16,17,24,25,26,27,34,35,36,37,46
1354,14,15,16,17,24,25,26,27,34,35,36,37,46
1355,14,15,16,17,24,25,26,27,34,35,36,37,46
1356,14,15,16,17,24,25,26,27,34,35,36,37,46
1357,14,15,16,17,24,25,26,27,34,35,36,37,46
1358,14,15,16,17,24,25,26,27,34,35,36,37,46
1359,14,15,16,17,24,25,26,27,34,35,36,37,46
1360,14,15,16,17,24,25,26,27,34,35,36,37,46
1361,15,16,17,24,25,26,27,34,35,36,37,46
1362,15,16,17,24,25,26,27,34,35,36,37,46
1363,15,16,17,24,25,26,27,34,35,36,37,46
1364,15,16,17,24,25,26,27,34,35,36,37,46
1365,15,16,17,24,25,26,27,34,35,36,37,46
1366,15,16,17,24,25,26,27,34,35,36,37,46
1367,15,16,17,24,25,26,27,34,35,36,37,46
1368,15,16,17,24,25,26,27,34,35,36,37,46
1369,15,16,17,24,25,26,27,34,35,36,37,46
1370,15,16,17,24,25,26,27,34,35,36,37,46
1371,15,16,17,24,25,26,27,34,35,36,37,46
1372,15,16,17,24,25,26,27,34,35,36,37,46
1373,14,15,16,17,24,25,26,27,34,35,36,37,46
1374,14,15,16,17,24,25,26,27,34,35,36,37,46
1375,14,15,16,17,24,25,26,27,34,35,36,37,46
1376,14,15,16,17,24,25,26,27,34,35,36,37,46
1377,14,15,16,17,24,25,26,27,34,35,36,37,46
1378,14,15,16,17,24,25,26,27,34,35,36,37,46
1379,15,16,17,24,25,26,27,34,35,36,37
1380,15,16,17,24,25,26,27,34,35,36,37
1381,15,16,17,24,25,26,27,34,35,36,37,46
1382,15,16,17,24,25,26,27,34,35,36,37,46
1383,15,16,17,24,25,26,27,34,35,36,37,46
1384,15,16,17,24,25,26,27,34,35,36,37,46
1385,15,16,17,24,25,26,27,34,35,36,37,46
1386,15,16,17,24,25,26,27,34,35,36,37,46
1387,15,16,17,24,25,26,27,34,35,36,37
1388,15,16,17,24,25,26,27,34,35,36,37
1389,15,16,17,24,25,26,27,34,35,36,37
1390,15,16,17,24,25,26,27,34,35,36,37
1391,15,16,17,24,25,26,27,34,35,36,37
1392,15,16,17,24,25,26,27,34,35,36,37
1393,15,16,17,24,25,26,27,34,35,36,37
1394,15,16,17,24,25,26,27,34,35,36,37
1395,15,16,17,24,25,26,27,35,36,37
1396,15,16,17,24,25,26,27,35,36,37
1397,15,16,17,24,25,26,27,35,36,37
1398,15,16,17,24,25,26,27,35,36,37
1399,15,16,17,24,25,26,27,35,36,37
1400,15,16,17,24,25,26,27,35,36,37
1401,15,16,17,24,25,26,27,34,35,36,37
1402,15,16,17,24,25,26,27,34,35,36,37
1403,14,15,16,17,24,25,26,27,34,35,36,37
1404,14,15,16,17,24,25,26,27,34,35,36,37
1405,14,15,16,17,24,25,26,27,34,35,36,37
1406,14,15,16,17,24,25,26,27,34,35,36,37
1407,14,15,16,17,24,25,26,27,34,35,36,37
1408,14,15,16,17,24,25,26,27,34,35,36,37
1409,14,15,16,17,24,25,26,27,34,35,36,37
1410,14,15,16,17,24,25,26,27,34,35,36,37
1411,14,15,16,17,24,25,26,27,34,35,36,37
1412,14,15,16,17,24,25,26,27,34,35,36,37
1413,14,15,16,17,24,25,26,27,34,35,36,37
1414,14,15,16,17,24,25,26,27,34,35,36,37
1415,14,15,16,17,24,25,26,27,34,35,36,37,46
1416,14,15,16,17,24,25,26,27,34,35,36,37,46
1417,14,15,16,17,24,25,26,27,34,35,36,37,46
1418,14,15,16,17,24,25,26,27,34,35,36,37,46
1419,14,15,16,17,24,25,26,27,34,35,36,37,46
1420,14,15,16,17,24,25,26,27,34,35,36,37,46
1421,14,15,16,17,24,25,26,27,34,35,36,37
1422,14,15,16,17,24,25,26,27,34,35,36,37
1423,14,15,16,17,24,25,26,27,34,35,36,37
1424,14,15,16,17,24,25,26,27,34,35,36,37
1425,14,15,16,17,24,25,26,27,34,35,36,37
1426,14,15,16,17,24,25,26,27,34,35,36,37
1427,14,15,16,17,24,25,26,27,34,35,36,37
1428,14,15,16,17,24,25,26,27,34,35,36,37
1429,14,15,16,17,24,25,26,27,34,35,36,37
1430,14,15,16,17,24,25,26,27,34,35,36,37
1431,14,15,16,17,24,25,26,27,34,35,36,37
1432,14,15,16,17,24,25,26,27,34,35,36,37
1433,14,15,16,17,24,25,26,27,34,35,36,37
1434,14,15,16,17,24,25,26,27,34,35,36,37
1435,14,15,16,17,24,25,26,27,34,35,36,37
1436,14,15,16,17,24,25,26,27,34,35,36,37
1437,14,15,16,17,24,25,26,27,34,35,36,37
1438,14,15,16,17,24,25,26,27,34,35,36,37
1439,14,15,16,17,24,25,26,27,34,35,36,37
1440,14,15,16,17,24,25,26,27,34,35,36,37
1441,14,15,16,17,24,25,26,27,34,35,36,37,46
1442,14,15,16,17,24,25,26,27,34,35,36,37,46
1443,14,15,16,17,24,25,26,27,34,35,36,37,46
1444,14,15,16,17,24,25,26,27,34,35,36,37,46
1445,14,15,16,17,24,25,26,27,34,35,36,37,46
1446,14,15,16,17,24,25,26,27,34,35,36,37,46
1447,14,15,16,17,24,25,26,27,34,35,36,37,46
1448,14,15,16,17,24,25,26,27,34,35,36,37,46
1449,14,15,16,17,24,25,26,27,34,35,36,37
1450,14,15,16,17,24,25,26,27,34,35,36,37
1451,14,15,16,17,24,25,26,27,34,35,36,37
1452,14,15,16,17,24,25,26,27,34,35,36,37
1453,14,15,16,17,24,25,26,27,34,35,36,37
1454,14,15,16,17,24,25,26,27,34,35,36,37
1455,14,15,16,17,24,25,26,27,34,35,36,37
1456,14,15,16,17,24,25,26,27,34,35,36,37
1457,14,15,16,17,24,25,26,27,34,35,36,37,46
1458,14,15,16,17,24,25,26,27,34,35,36,37,46
1459,14,15,16,17,24,25,26,27,34,35,36,37,46
1460,14,15,16,17,24,25,26,27,34,35,36,37,46
1461,14,15,16,17,24,25,26,27,34,35,36,37
1462,14,15,16,17,24,25,26,27,34,35,36,37
1463,14,15,16,17,24,25,26,27,34,35,36,37
1464,14,15,16,17,24,25,26,27,34,35,36,37
1465,14,15,16,17,24,25,26,27,34,35,36,37
1466,14,15,16,17,24,25,26,27,34,35,36,37
1467,14,15,16,17,24,25,26,27,34,35,36,37
1468,14,15,16,17,24,25,26,27,34,35,36,37
1469,14,15,16,17,24,25,26,27,34,35,36,37,46
1470,14,15,16,17,24,25,26,27,34,35,36,37,46
1471,14,15,16,17,24,25,26,27,34,35,36,37,45,46
1472,14,15,16,17,24,25,26,27,34,35,36,37,45,46
1473,14,15,16,17,24,25,26,27,34,35,36,37,45,46
1474,14,15,16,17,24,25,26,27,34,35,36,37,45,46
1475,14,15,16,17,24,25,26,27,34,35,36,37,45,46
1476,14,15,16,17,24,25,26,27,34,35,36,37,45,46
1477,14,15,16,17,24,25,26,27,34,35,36,37,45,46
1478,14,15,16,17,24,25,26,27,34,35,36,37,45,46
1479,14,15,16,17,24,25,26,27,34,35,36,37,45,46
1480,14,15,16,17,24,25,26,27,34,35,36,37,45,46
1481,14,15,16,17,24,25,26,27,34,35,36,37,45,46
1482,14,15,16,17,24,25,26,27,34,35,36,37,45,46
1483,14,15,16,17,24,25,26,27,34,35,36,37,45,46
1484,14,15,16,17,24,25,26,27,34,35,36,37,45,46
1485,14,15,16,17,24,25,26,27,34,35,36,37,45,46
1486,14,15,16,17,24,25,26,27,34,35,36,37,45,46
1487,14,15,16,17,24,25,26,27,34,35,36,37,45,46
1488,14,15,16,17,24,25,26,27,34,35,36,37,45,46
1489,14,15,16,17,24,25,26,27,34,35,36,37,45,46
1490,14,15,16,17,24,25,26,27,34,35,36,37,45,46
1491,14,15,16,17,24,25,26,27,34,35,36,37,45,46
1492,14,15,16,17,24,25,26,27,34,35,36,37,45,46
1493,14,15,16,17,24,25,26,27,34,35,36,37,45,46
1494,14,15,16,17,24,25,26,27,34,35,36,37,45,46
1495,14,15,16,17,24,25,26,27,34,35,36,37,45,46
1496,14,15,16,17,24,25,26,27,34,35,36,37,45,46
1497,14,15,16,17,24,25,26,27,34,35,36,37,45,46
1498,14,15,16,17,24,25,26,27,34,35,36,37,45,46
1499,14,15,16,17,24,25,26,27,34,35,36,37,45,46
1500,14,15,16,17,24,25,26,27,34,35,36,37,45,46
1501,14,15,16,17,24,25,26,27,34,35,36,37,45,46
1502,14,15,16,17,24,25,26,27,34,35,36,37,45,46
1503,14,15,16,17,24,25,26,27,34,35,36,37,45,46
1504,14,15,16,17,24,25,26,27,34,35,36,37,45,46
1505,14,15,16,17,24,25,26,27,34,35,36,37,45,46
1506,14,15,16,17,24,25,26,27,34,35,36,37,45,46
1507,14,15,16,17,24,25,26,27,34,35,36,37,45,46
1508,14,15,16,17,24,25,26,27,34,35,36,37,45,46
1509,14,15,16,17,24,25,26,27,34,35,36,37,45,46
1510,14,15,16,17,24,25,26,27,34,35,36,37,45,46
1511,14,15,16,17,24,25,26,27,34,35,36,37,45,46
1512,14,15,16,17,24,25,26,27,34,35,36,37,45,46
1513,14,15,16,17,24,25,26,27,34,35,36,37,45,46
1514,14,15,16,17,24,25,26,27,34,35,36,37,45,46
1515,14,15,16,17,24,25,26,27,34,35,36,37,45,46
1516,14,15,16,17,24,25,26,27,34,35,36,37,45,46
1517,14,15,16,17,24,25,26,27,34,35,36,37,45,46
1518,14,15,16,17,24,25,26,27,34,35,36,37,45,46
1519,14,15,16,17,24,25,26,27,34,35,36,37,45,46
1520,14,15,16,17,24,25,26,27,34,35,36,37,45,46
1521,14,15,16,17,24,25,26,27,34,35,36,37,45,46
1522,14,15,16,17,24,25,26,27,34,35,36,37,45,46
1523,14,15,16,17,24,25,26,27,34,35,36,37,45,46
1524,14,15,16,17,24,25,26,27,34,35,36,37,45,46
1525,14,15,16,17,24,25,26,27,34,35,36,37,45,46
1526,14,15,16,17,24,25,26,27,34,35,36,37,45,46
1527,14,15,16,17,24,25,26,27,34,35,36,37,45,46
1528,14,15,16,17,24,25,26,27,34,35,36,37,45,46
1529,14,15,16,17,24,25,26,27,34,35,36,37,45,46
1530,14,15,16,17,24,25,26,27,34,35,36,37,45,46
1531,14,15,16,17,24,25,26,27,34,35,36,37,45,46
1532,14,15,16,17,24,25,26,27,34,35,36,37,45,46
1533,14,15,16,17,24,25,26,27,34,35,36,37,45,46
1534,14,15,16,17,24,25,26,27,34,35,36,37,45,46
1535,14,15,16,17,24,25,26,27,34,35,36,37,45,46
1536,14,15,16,17,24,25,26,27,34,35,36,37,45,46
1537,14,15,16,17,24,25,26,27,34,35,36,37,45,46
1538,14,15,16,17,24,25,26,27,34,35,36,37,45,46
1539,14,15,16,17,24,25,26,27,34,35,36,37,45,46
1540,14,15,16,17,24,25,26,27,34,35,36,37,45,46
1541,14,15,16,17,24,25,26,27,34,35,36,37,45,46
1542,14,15,16,17,24,25,26,27,34,35,36,37,45,46
1543,14,15,16,17,24,25,26,27,34,35,36,37,45,46
1544,14,15,16,17,24,25,26,27,34,35,36,37,45,46
1545,14,15,16,17,24,25,26,27,34,35,36,37,45,46
1546,14,15,16,17,24,25,26,27,34,35,36,37,45,46
1547,14,15,16,17,24,25,26,27,34,35,36,37,45,46
1548,14,15,16,17,24,25,26,27,34,35,36,37,45,46
1549,14,15,16,17,24,25,26,27,34,35,36,37,45,46
1550,14,15,16,17,24,25,26,27,34,35,36,37,45,46
1551,14,15,16,17,24,25,26,27,34,35,36,37,45,46
1552,14,15,16,17,24,25,26,27,34,35,36,37,45,46
1553,14,15,16,17,24,25,26,27,34,35,36,37,45,46
1554,14,15,16,17,24,25,26,27,34,35,36,37,45,46
1555,14,15,16,17,24,25,26,27,34,35,36,37,45,46
1556,14,15,16,17,24,25,26,27,34,35,36,37,45,46
1557,14,15,16,17,24,25,26,27,34,35,36,37,45,46
1558,14,15,16,17,24,25,26,27,34,35,36,37,45,46
1559,14,15,16,17,24,25,26,27,34,35,36,37,45,46
1560,14,15,16,17,24,25,26,27,34,35,36,37,45,46
1561,14,15,16,17,24,25,26,27,34,35,36,37,45,46
1562,14,15,16,17,24,25,26,27,34,35,36,37,45,46
1563,14,15,16,17,24,25,26,27,34,35,36,37,45,46
1564,14,15,16,17,24,25,26,27,34,35,36,37,45,46
1565,14,15,16,17,24,25,26,27,34,35,36,37,45,46
1566,14,15,16,17,24,25,26,27,34,35,36,37,45,46
1567,14,15,16,17,24,25,26,27,34,35,36,37,45,46
1568,14,15,16,17,24,25,26,27,34,35,36,37,45,46
1569,14,15,16,17,24,25,26,27,34,35,36,37,45,46
1570,14,15,16,17,24,25,26,27,34,35,36,37,45,46
1571,14,15,16,17,24,25,26,27,34,35,36,37,45,46
1572,14,15,16,17,24,25,26,27,34,35,36,37,45,46
1573,14,15,16,17,24,25,26,27,34,35,36,37,45,46
1574,14,15,16,17,24,25,26,27,34,35,36,37,45,46
1575,14,15,16,17,24,25,26,27,34,35,36,37,45,46
1576,14,15,16,17,24,25,26,27,34,35,36,37,45,46
1577,14,15,16,17,24,25,26,27,34,35,36,37,45,46
1578,14,15,16,17,24,25,26,27,34,35,36,37,45,46
1579,14,15,16,17,24,25,26,27,34,35,36,37,45,46
1580,14,15,16,17,24,25,26,27,34,35,36,37,45,46
1581,14,15,16,17,24,25,26,27,34,35,36,37,45,46
1582,14,15,16,17,24,25,26,27,34,35,36,37,45,46
1583,14,15,16,17,24,25,26,27,34,35,36,37,45,46
1584,14,15,16,17,24,25,26,27,34,35,36,37,45,46
1585,14,15,16,17,24,25,26,27,34,35,36,37,45,46
1586,14,15,16,17,24,25,26,27,34,35,36,37,45,46
1587,14,15,16,17,24,25,26,27,34,35,36,37,45,46
1588,14,15,16,17,24,25,26,27,34,35,36,37,45,46
1589,14,15,16,17,24,25,26,27,34,35,36,37,45,46
1590,14,15,16,17,24,25,26,27,34,35,36,37,45,46
1591,14,15,16,17,24,25,26,27,34,35,36,37,45,46
1592,14,15,16,17,24,25,26,27,34,35,36,37,45,46
1593,14,15,16,17,24,25,26,27,34,35,36,37,45,46
1594,14,15,16,17,24,25,26,27,34,35,36,37,45,46
1595,14,15,16,17,24,25,26,27,34,35,36,37,45,46
1596,14,15,16,17,24,25,26,27,34,35,36,37,45,46
1597,14,15,16,17,24,25,26,27,34,35,36,37,45,46
1598,14,15,16,17,24,25,26,27,34,35,36,37,45,46
1599,14,15,16,17,24,25,26,27,34,35,36,37,45,46
1600,14,15,16,17,24,25,26,27,34,35,36,37,45,46
1601,14,15,16,17,24,25,26,27,34,35,36,37,45,46
1602,14,15,16,17,24,25,26,27,34,35,36,37,45,46
1603,14,15,16,17,24,25,26,27,34,35,36,37,45,46
1604,14,15,16,17,24,25,26,27,34,35,36,37,45,46
1605,14,15,16,17,24,25,26,27,34,35,36,37,45,46
1606,14,15,16,17,24,25,26,27,34,35,36,37,45,46
1607,14,15,16,17,24,25,26,27,34,35,36,37,45,46
1608,14,15,16,17,24,25,26,27,34,35,36,37,45,46
1609,14,15,16,17,24,25,26,27,34,35,36,37,45,46
1610,14,15,16,17,24,25,26,27,34,35,36,37,45,46
1611,14,15,16,17,24,25,26,27,34,35,36,37,45,46
1612,14,15,16,17,24,25,26,27,34,35,36,37,45,46
1613,14,15,16,17,24,25,26,27,34,35,36,37,45,46
1614,14,15,16,17,24,25,26,27,34,35,36,37,45,46
1615,14,15,16,17,24,25,26,27,34,35,36,37,45,46
1616,14,15,16,17,24,25,26,27,34,35,36,37,45,46
1617,14,15,16,17,24,25,26,27,34,35,36,37,45,46
1618,14,15,16,17,24,25,26,27,34,35,36,37,45,46
1619,14,15,16,17,24,25,26,27,34,35,36,37,45,46
1620,14,15,16,17,24,25,26,27,34,35,36,37,45,46
1621,14,15,16,17,24,25,26,27,34,35,36,37,45,46
1622,14,15,16,17,24,25,26,27,34,35,36,37,45,46
1623,14,15,16,17,24,25,26,27,34,35,36,37,45,46
1624,14,15,16,17,24,25,26,27,34,35,36,37,45,46
1625,14,15,16,17,24,25,26,27,34,35,36,37,45,46
1626,14,15,16,17,24,25,26,27,34,35,36,37,45,46
1627,14,15,16,17,24,25,26,27,34,35,36,37,45,46
1628,14,15,16,17,24,25,26,27,34,35,36,37,45,46
1629,14,15,16,17,24,25,26,27,34,35,36,37,45,46
1630,14,15,16,17,24,25,26,27,34,35,36,37,45,46
1631,14,15,16,17,24,25,26,27,34,35,36,37,45,46
1632,14,15,16,17,24,25,26,27,34,35,36,37,45,46
1633,14,15,16,17,24,25,26,27,34,35,36,37,45,46
1634,14,15,16,17,24,25,26,27,34,35,36,37,45,46
1635,14,15,16,17,24,25,26,27,34,35,36,37,45,46
1636,14,15,16,17,24,25,26,27,34,35,36,37,45,46
1637,14,15,16,17,24,25,26,27,34,35,36,37,45,46
1638,14,15,16,17,24,25,26,27,34,35,36,37,45,46
1639,14,15,16,17,24,25,26,27,34,35,36,37,45,46
1640,14,15,16,17,24,25,26,27,34,35,36,37,45,46
1641,14,15,16,17,24,25,26,27,34,35,36,37,45,46
1642,14,15,16,17,24,25,26,27,34,35,36,37,45,46
1643,14,15,16,17,24,25,26,27,34,35,36,37,45,46
1644,14,15,16,17,24,25,26,27,34,35,36,37,45,46
1645,14,15,16,17,24,25,26,27,34,35,36,37,45,46
1646,14,15,16,17,24,25,26,27,34,35,36,37,45,46
1647,14,15,16,17,24,25,26,27,34,35,36,37,45,46
1648,14,15,16,17,24,25,26,27,34,35,36,37,45,46
1649,14,15,16,17,24,25,26,27,34,35,36,37,45,46
1650,14,15,16,17,24,25,26,27,34,35,36,37,45,46
1651,14,15,16,17,24,25,26,27,34,35,36,37,45,46
1652,14,15,16,17,24,25,26,27,34,35,36,37,45,46
1653,14,15,16,17,24,25,26,27,34,35,36,37,45,46
1654,14,15,16,17,24,25,26,27,34,35,36,37,45,46
1655,14,15,16,17,24,25,26,27,34,35,36,37,45,46
1656,14,15,16,17,24,25,26,27,34,35,36,37,45,46
1657,14,15,16,17,24,25,26,27,34,35,36,37,45,46
1658,14,15,16,17,24,25,26,27,34,35,36,37,45,46
1659,14,15,16,17,24,25,26,27,34,35,36,37,45,46
1660,14,15,16,17,24,25,26,27,34,35,36,37,45,46
1661,14,15,16,17,24,25,26,27,34,35,36,37,45,46
1662,14,15,16,17,24,25,26,27,34,35,36,37,45,46
1663,14,15,16,17,24,25,26,27,34,35,36,37,45,46
1664,14,15,16,17,24,25,26,27,34,35,36,37,45,46
1665,14,15,16,17,24,25,26,27,34,35,36,37,45,46
1666,14,15,16,17,24,25,26,27,34,35,36,37,45,46
1667,14,15,16,17,24,25,26,27,34,35,36,37,45,46
1668,14,15,16,17,24,25,26,27,34,35,36,37,45,46
1669,15,16,17,24,25,26,27,34,35,36,37,45,46
1670,15,16,17,24,25,26,27,34,35,36,37,45,46
1671,15,16,17,24,25,26,27,34,35,36,37,45,46
1672,15,16,17,24,25,26,27,34,35,36,37,45,46
1673,15,16,17,24,25,26,27,34,35,36,37,45,46
1674,15,16,17,24,25,26,27,34,35,36,37,45,46
1675,15,16,17,24,25,26,27,34,35,36,37,45,46
1676,15,16,17,24,25,26,27,34,35,36,37,45,46
1677,14,15,16,17,24,25,26,27,34,35,36,37,45,46
1678,14,15,16,17,24,25,26,27,34,35,36,37,45,46
1679,14,15,16,17,24,25,26,27,34,35,36,37,45,46
1680,14,15,16,17,24,25,26,27,34,35,36,37,45,46
1681,15,16,17,24,25,26,27,34,35,36,37,45,46
1682,15,16,17,24,25,26,27,34,35,36,37,45,46
1683,15,16,17,24,25,26,27,34,35,36,37,45,46
1684,15,16,17,24,25,26,27,34,35,36,37,45,46
1685,15,16,17,24,25,26,27,34,35,36,37,45,46
1686,15,16,17,24,25,26,27,34,35,36,37,45,46
1687,15,16,17,24,25,26,27,34,35,36,37,45,46
1688,15,16,17,24,25,26,27,34,35,36,37,45,46
1689,15,16,17,24,25,26,27,34,35,36,37,45,46
1690,15,16,17,24,25,26,27,34,35,36,37,45,46
1691,15,16,17,24,25,26,27,34,35,36,37,45,46
1692,15,16,17,24,25,26,27,34,35,36,37,45,46
1693,15,16,17,24,25,26,27,34,35,36,37,45,46
1694,15,16,17,24,25,26,27,34,35,36,37,45,46
1695,15,16,17,24,25,26,27,35,36,37,46
1696,15,16,17,24,25,26,27,35,36,37,46
1697,15,16,17,24,25,26,27,35,36,37,45,46
1698,15,16,17,24,25,26,27,35,36,37,45,46
1699,15,16,17,24,25,26,27,35,36,37,45,46
1700,15,16,17,24,25,26,27,35,36,37,45,46
1701,15,16,17,24,25,26,27,35,36,37,45,46
1702,15,16,17,24,25,26,27,35,36,37,45,46
1703,15,16,17,24,25,26,27,35,36,37,45,46
1704,15,16,17,24,25,26,27,35,36,37,45,46
1705,15,16,17,24,25,26,27,35,36,37,45,46
1706,15,16,17,24,25,26,27,35,36,37,45,46
1707,15,16,17,24,25,26,27,35,36,37,45,46
1708,15,16,17,24,25,26,27,35,36,37,45,46
1709,15,16,17,24,25,26,27,35,36,37,45,46
1710,15,16,17,24,25,26,27,35,36,37,45,46
1711,15,16,17,24,25,26,27,35,36,37,45,46
1712,15,16,17,24,25,26,27,35,36,37,45,46
1713,15,16,17,24,25,26,27,35,36,37,45,46
1714,15,16,17,24,25,26,27,35,36,37,45,46
1715,15,16,17,24,25,26,27,35,36,37,45,46
1716,15,16,17,24,25,26,27,35,36,37,45,46
1717,15,16,17,24,25,26,27,34,35,36,37,45,46
1718,15,16,17,24,25,26,27,34,35,36,37,45,46
1719,15,16,17,24,25,26,27,34,35,36,37,45,46
1720,15,16,17,24,25,26,27,34,35,36,37,45,46
1721,15,16,17,24,25,26,27,34,35,36,37,45,46
1722,15,16,17,24,25,26,27,34,35,36,37,45,46
1723,15,16,17,24,25,26,27,34,35,36,37,45,46
1724,15,16,17,24,25,26,27,34,35,36,37,45,46
1725,15,16,17,24,25,26,27,34,35,36,37,45,46
1726,15,16,17,24,25,26,27,34,35,36,37,45,46
1727,15,16,17,24,25,26,27,34,35,36,37,45,46
1728,15,16,17,24,25,26,27,34,35,36,37,45,46
1729,15,16,17,24,25,26,27,34,35,36,37,45,46
1730,15,16,17,24,25,26,27,34,35,36,37,45,46
1731,15,16,17,24,25,26,27,34,35,36,37,45,46
1732,15,16,17,24,25,26,27,34,35,36,37,45,46
1733,14,15,16,17,24,25,26,27,34,35,36,37,45,46
1734,14,15,16,17,24,25,26,27,34,35,36,37,45,46
1735,14,15,16,17,24,25,26,27,34,35,36,37,45,46
1736,14,15,16,17,24,25,26,27,34,35,36,37,45,46
1737,14,15,16,17,24,25,26,27,34,35,36,37,45,46
1738,14,15,16,17,24,25,26,27,34,35,36,37,45,46
1739,14,15,16,17,24,25,26,27,34,35,36,37,45,46
1740,14,15,16,17,24,25,26,27,34,35,36,37,45,46
1741,14,15,16,17,24,25,26,27,34,35,36,37,45,46
1742,14,15,16,17,24,25,26,27,34,35,36,37,45,46
1743,14,15,16,17,24,25,26,27,34,35,36,37,45,46
1744,14,15,16,17,24,25,26,27,34,35,36,37,45,46
1745,14,15,16,17,24,25,26,27,34,35,36,37,45,46
1746,14,15,16,17,24,25,26,27,34,35,36,37,45,46
1747,14,15,16,17,24,25,26,27,34,35,36,37,45,46
1748,14,15,16,17,24,25,26,27,34,35,36,37,45,46
1749,14,15,16,17,24,25,26,27,34,35,36,37,45,46
1750,14,15,16,17,24,25,26,27,34,35,36,37,45,46
1751,14,15,16,17,24,25,26,27,34,35,36,37
1752,14,15,16,17,24,25,26,27,34,35,36,37
1753,14,15,16,17,24,25,26,27,34,35,36,37
1754,14,15,16,17,24,25,26,27,34,35,36,37
1755,14,15,16,17,24,25,26,27,34,35,36,37
1756,14,15,16,17,24,25,26,27,34,35,36,37
1757,14,15,16,17,24,25,26,27,34,35,36,37
1758,14,15,16,17,24,25,26,27,34,35,36,37
1759,14,15,16,17,24,25,26,27,34,35,36,37
1760,14,15,16,17,24,25,26,27,34,35,36,37
1761,14,15,16,17,24,25,26,27,34,35,36,37
1762,14,15,16,17,24,25,26,27,34,35,36,37
1763,14,15,16,17,24,25,26,27,34,35,36,37
1764,14,15,16,17,24,25,26,27,34,35,36,37
1765,14,15,16,17,24,25,26,27,34,35,36,37
1766,14,15,16,17,24,25,26,27,34,35,36,37
1767,14,15,16,17,24,25,26,27,34,35,36,37
1768,14,15,16,17,24,25,26,27,34,35,36,37
1769,14,15,16,17,24,25,26,27,34,35,36,37
1770,14,15,16,17,24,25,26,27,34,35,36,37
1771,14,15,16,17,24,25,26,27,34,35,36,37
1772,14,15,16,17,24,25,26,27,34,35,36,37
1773,14,15,16,17,24,25,26,27,34,35,36,37
1774,14,15,16,17,24,25,26,27,34,35,36,37
1775,14,15,16,24,25,26,27,34,35,36
1776,14,15,16,24,25,26,27,34,35,36
1777,14,15,16,24,25,26,27,34,35,36
1778,14,15,16,24,25,26,27,34,35,36
1779,14,15,16,24,25,26,27,34,35,36
1780,14,15,16,24,25,26,27,34,35,36
1781,14,15,16,24,25,26,34,35,36
1782,14,15,16,24,25,26,34,35,36
1783,14,15,16,24,25,26,34,35,36
1784,14,15,16,24,25,26,34,35,36
1785,14,15,16,24,25,26,27,34,35,36
1786,14,15,16,24,25,26,27,34,35,36
1787,14,15,16,24,25,26,27,34,35,36
1788,14,15,16,24,25,26,27,34,35,36
1789,14,15,16,24,25,26,34,35,36
1790,14,15,16,24,25,26,34,35,36
1791,14,15,16,24,25,26,34,35,36
1792,14,15,16,24,25,26,34,35,36
1793,14,15,16,24,25,26,34,35,36
1794,14,15,16,24,25,26,34,35,36
1795,14,15,16,24,25,26,34,35,36
1796,14,15,16,24,25,26,34,35,36
1797,14,15,16,24,25,26,27,34,35,36
1798,14,15,16,24,25,26,27,34,35,36
1799,14,15,16,24,25,26,27,34,35,36
1800,14,15,16,24,25,26,27,34,35,36
