1,3,7,8,9,12,13,14,17,18,19
2,3,7,8,9,12,13,14,17,18,19
3,3,7,8,9,12,13,14,17,18,19
4,3,7,8,9,12,13,14,17,18,19
5,3,7,8,9,12,13,14,17,18,19
6,3,7,8,9,12,13,14,17,18,19
7,3,7,8,9,12,13,14,17,18,19
8,3,7,8,9,12,13,14,17,18,19
9,3,7,8,9,12,13,14,17,18,19
10,3,7,8,9,12,13,14,17,18,19
11,3,7,8,9,12,13,14,17,18,19
12,3,7,8,9,12,13,14,17,18,19
13,3,7,8,9,12,13,14,17,18,19
14,3,7,8,9,12,13,14,17,18,19
15,3,7,8,9,12,13,14,17,18,19
16,3,7,8,9,12,13,14,17,18,19
17,3,7,8,9,12,13,14,17,18,19
18,3,7,8,9,12,13,14,17,18,19
19,3,7,8,9,12,13,14,17,18,19
20,3,7,8,9,12,13,14,17,18,19
21,3,7,8,9,12,13,14,17,18,19
22,3,7,8,9,12,13,14,17,18,19
23,7,8,9,12,13,14,17,18,19
24,7,8,9,12,13,14,17,18,19
25,7,8,9,12,13,14,17,18,19
26,7,8,9,12,13,14,17,18,19
27,7,8,9,12,13,14,17,18,19
28,7,8,9,12,13,14,17,18,19
29,7,8,9,12,13,14,17,18,19
30,7,8,9,12,13,14,17,18,19
31,7,8,9,12,13,14,17,18,19
32,7,8,9,12,13,14,17,18,19
33,7,8,9,12,13,14,17,18,19
34,7,8,9,12,13,14,17,18,19
35,7,8,9,12,13,14,17,18,19
36,7,8,9,12,13,14,17,18,19
37,7,8,9,12,13,14,17,18,19
38,7,8,9,12,13,14,17,18,19
39,7,8,9,12,13,14,17,18,19
40,7,8,9,12,13,14,17,18,19
41,7,8,9,12,13,14,17,18,19
42,7,8,9,12,13,14,17,18,19
43,7,8,9,12,13,14,17,18,19
44,7,8,9,12,13,14,17,18,19
45,7,8,9,12,13,14,17,18,19
46,7,8,9,12,13,14,17,18,19
47,7,8,9,12,13,14,17,18,19
48,7,8,9,12,13,14,17,18,19
49,7,8,9,12,13,14,17,18,19
50,7,8,9,12,13,14,17,18,19
51,7,8,9,12,13,14,17,18,19
52,7,8,9,12,13,14,17,18,19
53,7,8,9,12,13,14,17,18,19
54,7,8,9,12,13,14,17,18,19
55,7,8,9,12,13,14,17,18,19
56,7,8,9,12,13,14,17,18,19
57,7,8,9,12,13,14,17,18,19
58,7,8,9,12,13,14,17,18,19
59,7,8,9,12,13,14,17,18,19
60,7,8,9,12,13,14,17,18,19
61,7,8,9,12,13,14,17,18,19
62,7,8,9,12,13,14,17,18,19
63,7,8,9,12,13,14,17,18,19
64,7,8,9,12,13,14,17,18,19
65,7,8,9,12,13,14,17,18,19
66,7,8,9,12,13,14,17,18,19
67,7,8,9,12,13,14,17,18,19,23
68,7,8,9,12,13,14,17,18,19,23
69,7,8,9,12,13,14,17,18,19,23
70,7,8,9,12,13,14,17,18,19,23
71,7,8,9,12,13,14,17,18,19,23
72,7,8,9,12,13,14,17,18,19,23
73,7,8,9,12,13,14,17,18,19,23
74,7,8,9,12,13,14,17,18,19,23
75,7,8,9,12,13,14,17,18,19,23
76,7,8,9,12,13,14,17,18,19,23
77,7,8,9,12,13,14,17,18,19,23
78,7,8,9,12,13,14,17,18,19,23
79,7,8,9,12,13,14,17,18,19,23
80,7,8,9,12,13,14,17,18,19,23
81,7,8,9,12,13,14,17,18,19,23
82,7,8,9,12,13,14,17,18,19,23
83,7,8,9,12,13,14,17,18,19,23
84,7,8,9,12,13,14,17,18,19,23
85,7,8,9,12,13,14,17,18,19,23
86,7,8,9,12,13,14,17,18,19,23
87,7,8,9,12,13,14,17,18,19,23
88,7,8,9,12,13,14,17,18,19,23
89,7,8,9,12,13,14,17,18,19,23
90,7,8,9,12,13,14,17,18,19,23
91,7,8,9,12,13,14,17,18,19,23
92,7,8,9,12,13,14,17,18,19,23
93,7,8,9,12,13,14,17,18,19,23
94,7,8,9,12,13,14,17,18,19,23
95,7,8,9,12,13,14,17,18,19,23
96,7,8,9,12,13,14,17,18,19,23
97,7,8,9,12,13,14,17,18,19,23
98,7,8,9,12,13,14,17,18,19,23
99,7,8,9,12,13,14,17,18,19,23
100,7,8,9,12,13,14,17,18,19,23
101,7,8,9,12,13,14,17,18,19,23
102,7,8,9,12,13,14,17,18,19,23
103,7,8,9,12,13,14,17,18,19,23
104,7,8,9,12,13,14,17,18,19,23
105,7,8,9,12,13,14,17,18,19,23
106,7,8,9,12,13,14,17,18,19,23
107,7,8,9,12,13,14,17,18,19,23
108,7,8,9,12,13,14,17,18,19,23
109,7,8,9,12,13,14,17,18,19,23
110,7,8,9,12,13,14,17,18,19,23
111,7,8,9,12,13,14,17,18,19,23
112,7,8,9,12,13,14,17,18,19,23
113,7,8,9,12,13,14,17,18,19,23
114,7,8,9,12,13,14,17,18,19,23
115,7,8,9,12,13,14,17,18,19,23
116,7,8,9,12,13,14,17,18,19,23
117,7,8,9,12,13,14,17,18,19,23
118,7,8,9,12,13,14,17,18,19,23
119,7,8,9,12,13,14,17,18,19,23
120,7,8,9,12,13,14,17,18,19,23
121,7,8,9,12,13,14,17,18,19,23
122,7,8,9,12,13,14,17,18,19,23
123,7,8,9,12,13,14,17,18,19,23
124,7,8,9,12,13,14,17,18,19,23
125,7,8,9,12,13,14,17,18,19,23
126,7,8,9,12,13,14,17,18,19,23
127,7,8,9,12,13,14,17,18,19,23
128,7,8,9,12,13,14,17,18,19,23
129,7,8,9,12,13,14,17,18,19,23
130,7,8,9,12,13,14,17,18,19,23
131,7,8,9,12,13,14,17,18,19,23
132,7,8,9,12,13,14,17,18,19,23
133,7,8,9,12,13,14,17,18,19
134,7,8,9,12,13,14,17,18,19
135,7,8,9,12,13,14,17,18,19
136,7,8,9,12,13,14,17,18,19
137,7,8,9,12,13,14,17,18,19
138,7,8,9,12,13,14,17,18,19
139,7,8,9,12,13,14,17,18,19
140,7,8,9,12,13,14,17,18,19
141,7,8,9,12,13,14,17,18,19
142,7,8,9,12,13,14,17,18,19
143,7,8,9,12,13,14,17,18,19
144,7,8,9,12,13,14,17,18,19
145,7,8,9,12,13,14,17,18,19
146,7,8,9,12,13,14,17,18,19
147,7,8,9,12,13,14,17,18,19
148,7,8,9,12,13,14,17,18,19
149,7,8,9,12,13,14,17,18,19
150,7,8,9,12,13,14,17,18,19
151,7,8,9,12,13,14,17,18,19
152,7,8,9,12,13,14,17,18,19
153,7,8,9,12,13,14,17,18,19
154,7,8,9,12,13,14,17,18,19
155,7,8,9,12,13,14,17,18,19
156,7,8,9,12,13,14,17,18,19
157,7,8,9,12,13,14,17,18,19
158,7,8,9,12,13,14,17,18,19
159,7,8,9,12,13,14,17,18,19
160,7,8,9,12,13,14,17,18,19
161,7,8,9,12,13,14,17,18,19
162,7,8,9,12,13,14,17,18,19
163,7,8,9,12,13,14,17,18,19
164,7,8,9,12,13,14,17,18,19
165,7,8,9,12,13,14,17,18,19
166,7,8,9,12,13,14,17,18,19
167,7,8,9,12,13,14,17,18,19
168,7,8,9,12,13,14,17,18,19
169,3,7,8,9,12,13,14,17,18,19
170,3,7,8,9,12,13,14,17,18,19
171,3,7,8,9,12,13,14,17,18,19
172,3,7,8,9,12,13,14,17,18,19
173,3,7,8,9,12,13,14,17,18,19
174,3,7,8,9,12,13,14,17,18,19
175,3,7,8,9,12,13,14,17,18,19
176,3,7,8,9,12,13,14,17,18,19
177,3,7,8,9,12,13,14,17,18,19
178,3,7,8,9,12,13,14,17,18,19
179,3,7,8,9,12,13,14,17,18,19
180,3,7,8,9,12,13,14,17,18,19
181,3,7,8,9,12,13,14,17,18,19
182,3,7,8,9,12,13,14,17,18,19
183,3,7,8,9,12,13,14,17,18,19
184,3,7,8,9,12,13,14,17,18,19
185,3,7,8,9,12,13,14,17,18,19
186,3,7,8,9,12,13,14,17,18,19
187,3,7,8,9,12,13,14,17,18,19
188,3,7,8,9,12,13,14,17,18,19
189,3,7,8,9,12,13,14,17,18,19
190,3,7,8,9,12,13,14,17,18,19
191,3,7,8,9,12,13,14,17,18,19
192,3,7,8,9,12,13,14,17,18,19
193,3,7,8,9,12,13,14,17,18,19
194,3,7,8,9,12,13,14,17,18,19
195,3,7,8,9,12,13,14,17,18,19
196,3,7,8,9,12,13,14,17,18,19
197,3,7,8,9,12,13,14,17,18,19
198,3,7,8,9,12,13,14,17,18,19
199,3,7,8,9,12,13,14,17,18,19
200,3,7,8,9,12,13,14,17,18,19
201,3,7,8,9,12,13,14,17,18,19
202,3,7,8,9,12,13,14,17,18,19
203,3,7,8,9,12,13,14,17,18,19
204,3,7,8,9,12,13,14,17,18,19
205,3,7,8,9,12,13,14,17,18,19
206,3,7,8,9,12,13,14,17,18,19
207,3,7,8,9,12,13,14,17,18,19
208,3,7,8,9,12,13,14,17,18,19
209,3,7,8,9,12,13,14,17,18,19
210,3,7,8,9,12,13,14,17,18,19
211,3,7,8,9,12,13,14,17,18,19
212,3,7,8,9,12,13,14,17,18,19
213,3,7,8,9,12,13,14,17,18,19
214,3,7,8,9,12,13,14,17,18,19
215,3,7,8,9,12,13,14,17,18,19
216,3,7,8,9,12,13,14,17,18,19
217,3,7,8,9,12,13,14,17,18,19
218,3,7,8,9,12,13,14,17,18,19
219,3,7,8,9,12,13,14,17,18,19
220,3,7,8,9,12,13,14,17,18,19
221,3,7,8,9,12,13,14,17,18,19
222,3,7,8,9,12,13,14,17,18,19
223,3,7,8,9,12,13,14,17,18,19
224,3,7,8,9,12,13,14,17,18,19
225,3,7,8,9,12,13,14,17,18,19
226,3,7,8,9,12,13,14,17,18,19
227,3,7,8,9,12,13,14,17,18,19
228,3,7,8,9,12,13,14,17,18,19
229,3,7,8,9,12,13,14,17,18,19
230,3,7,8,9,12,13,14,17,18,19
231,3,7,8,9,12,13,14,17,18,19
232,3,7,8,9,12,13,14,17,18,19
233,3,7,8,9,12,13,14,17,18,19
234,3,7,8,9,12,13,14,17,18,19
235,3,7,8,9,12,13,14,17,18,19
236,3,7,8,9,12,13,14,17,18,19
237,3,7,8,9,12,13,14,17,18,19
238,3,7,8,9,12,13,14,17,18,19
239,3,7,8,9,12,13,14,17,18,19
240,3,7,8,9,12,13,14,17,18,19
241,3,7,8,9,12,13,14,17,18,19
242,3,7,8,9,12,13,14,17,18,19
243,3,7,8,9,12,13,14,17,18,19
244,3,7,8,9,12,13,14,17,18,19
245,3,7,8,9,12,13,14,17,18,19
246,3,7,8,9,12,13,14,17,18,19
247,3,7,8,9,12,13,14,17,18,19
248,3,7,8,9,12,13,14,17,18,19
249,3,7,8,9,12,13,14,17,18,19
250,3,7,8,9,12,13,14,17,18,19
251,3,7,8,9,12,13,14,17,18,19
252,3,7,8,9,12,13,14,17,18,19
253,3,7,8,9,12,13,14,17,18,19
254,3,7,8,9,12,13,14,17,18,19
255,3,7,8,9,12,13,14,17,18,19
256,3,7,8,9,12,13,14,17,18,19
257,3,7,8,9,12,13,14,17,18,19
258,3,7,8,9,12,13,14,17,18,19
259,3,7,8,9,12,13,14,17,18,19
260,3,7,8,9,12,13,14,17,18,19
261,3,7,8,9,12,13,14,17,18,19
262,3,7,8,9,12,13,14,17,18,19
263,3,7,8,9,12,13,14,17,18,19
264,3,7,8,9,12,13,14,17,18,19
265,3,7,8,9,12,13,14,17,18,19
266,3,7,8,9,12,13,14,17,18,19
267,3,7,8,9,12,13,14,17,18,19
268,3,7,8,9,12,13,14,17,18,19
269,3,7,8,9,12,13,14,17,18,19
270,3,7,8,9,12,13,14,17,18,19
271,3,7,8,9,12,13,14,17,18,19
272,3,7,8,9,12,13,14,17,18,19
273,3,7,8,9,12,13,14,17,18,19
274,3,7,8,9,12,13,14,17,18,19
275,3,7,8,9,12,13,14,17,18,19
276,3,7,8,9,12,13,14,17,18,19
277,3,7,8,9,12,13,14,17,18,19
278,3,7,8,9,12,13,14,17,18,19
279,3,7,8,9,12,13,14,17,18,19
280,3,7,8,9,12,13,14,17,18,19
281,3,7,8,9,12,13,14,17,18,19
282,3,7,8,9,12,13,14,17,18,19
283,3,7,8,9,12,13,14,17,18,19
284,3,7,8,9,12,13,14,17,18,19
285,3,7,8,9,12,13,14,17,18,19
286,3,7,8,9,12,13,14,17,18,19
287,3,7,8,9,12,13,14,17,18,19
288,3,7,8,9,12,13,14,17,18,19
289,7,8,9,12,13,14,17,18,19
290,7,8,9,12,13,14,17,18,19
291,7,8,9,12,13,14,17,18,19
292,7,8,9,12,13,14,17,18,19
293,7,8,9,12,13,14,17,18,19
294,7,8,9,12,13,14,17,18,19
295,7,8,9,12,13,14,17,18,19
296,7,8,9,12,13,14,17,18,19
297,7,8,9,12,13,14,17,18,19
298,7,8,9,12,13,14,17,18,19
299,7,8,9,12,13,14,17,18,19
300,7,8,9,12,13,14,17,18,19
301,7,8,9,12,13,14,17,18,19
302,7,8,9,12,13,14,17,18,19
303,7,8,9,12,13,14,17,18,19
304,7,8,9,12,13,14,17,18,19
305,7,8,9,12,13,14,17,18,19
306,7,8,9,12,13,14,17,18,19
307,7,8,9,12,13,14,17,18,19
308,7,8,9,12,13,14,17,18,19
309,7,8,9,12,13,14,17,18,19
310,7,8,9,12,13,14,17,18,19
311,7,8,9,12,13,14,17,18,19
312,7,8,9,12,13,14,17,18,19
313,7,8,9,12,13,14,17,18,19
314,7,8,9,12,13,14,17,18,19
315,7,8,9,12,13,14,17,18,19
316,7,8,9,12,13,14,17,18,19
317,7,8,9,12,13,14,17,18,19
318,7,8,9,12,13,14,17,18,19
319,7,8,9,12,13,14,17,18,19
320,7,8,9,12,13,14,17,18,19
321,7,8,9,12,13,14,17,18,19,23
322,7,8,9,12,13,14,17,18,19,23
323,7,8,9,12,13,14,17,18,19,23
324,7,8,9,12,13,14,17,18,19,23
325,7,8,9,12,13,14,17,18,19,23
326,7,8,9,12,13,14,17,18,19,23
327,7,8,9,12,13,14,17,18,19,23
328,7,8,9,12,13,14,17,18,19,23
329,7,8,9,12,13,14,17,18,19,23
330,7,8,9,12,13,14,17,18,19,23
331,7,8,9,12,13,14,17,18,19,23
332,7,8,9,12,13,14,17,18,19,23
333,7,8,9,12,13,14,17,18,19,23
334,7,8,9,12,13,14,17,18,19,23
335,7,8,9,12,13,14,17,18,19,23
336,7,8,9,12,13,14,17,18,19,23
337,7,8,9,12,13,14,17,18,19,23
338,7,8,9,12,13,14,17,18,19,23
339,7,8,9,12,13,14,17,18,19,23
340,7,8,9,12,13,14,17,18,19,23
341,7,8,9,12,13,14,17,18,19,23
342,7,8,9,12,13,14,17,18,19,23
343,7,8,9,12,13,14,17,18,19,23
344,7,8,9,12,13,14,17,18,19,23
345,7,8,9,12,13,14,17,18,19,23
346,7,8,9,12,13,14,17,18,19,23
347,7,8,9,12,13,14,17,18,19,23
348,7,8,9,12,13,14,17,18,19,23
349,7,8,9,12,13,14,17,18,19,23
350,7,8,9,12,13,14,17,18,19,23
351,7,8,9,12,13,14,17,18,19,23
352,7,8,9,12,13,14,17,18,19,23
353,7,8,9,12,13,14,17,18,19,23
354,7,8,9,12,13,14,17,18,19,23
355,7,8,9,12,13,14,17,18,19,23
356,7,8,9,12,13,14,17,18,19,23
357,7,8,9,12,13,14,17,18,19,23
358,7,8,9,12,13,14,17,18,19,23
359,7,8,9,12,13,14,17,18,19,23
360,7,8,9,12,13,14,17,18,19,23
361,7,8,9,12,13,14,17,18,19,23
362,7,8,9,12,13,14,17,18,19,23
363,7,8,9,12,13,14,17,18,19,23
364,7,8,9,12,13,14,17,18,19,23
365,7,8,9,12,13,14,17,18,19,23
366,7,8,9,12,13,14,17,18,19,23
367,7,8,9,12,13,14,17,18,19,23
368,7,8,9,12,13,14,17,18,19,23
369,7,8,9,12,13,14,17,18,19,23
370,7,8,9,12,13,14,17,18,19,23
371,7,8,9,12,13,14,17,18,19,23
372,7,8,9,12,13,14,17,18,19,23
373,7,8,9,12,13,14,17,18,19,23
374,7,8,9,12,13,14,17,18,19,23
375,7,8,9,12,13,14,17,18,19,23
376,7,8,9,12,13,14,17,18,19,23
377,7,8,9,12,13,14,17,18,19,23
378,7,8,9,12,13,14,17,18,19,23
379,7,8,9,12,13,14,17,18,19,23
380,7,8,9,12,13,14,17,18,19,23
381,7,8,9,12,13,14,17,18,19,23
382,7,8,9,12,13,14,17,18,19,23
383,7,8,9,12,13,14,17,18,19,23
384,7,8,9,12,13,14,17,18,19,23
385,7,8,9,12,13,14,17,18,19,23
386,7,8,9,12,13,14,17,18,19,23
387,7,8,9,12,13,14,17,18,19,23
388,7,8,9,12,13,14,17,18,19,23
389,7,8,9,12,13,14,17,18,19,23
390,7,8,9,12,13,14,17,18,19,23
391,7,8,9,12,13,14,17,18,19,23
392,7,8,9,12,13,14,17,18,19,23
393,7,8,9,12,13,14,17,18,19,23
394,7,8,9,12,13,14,17,18,19,23
395,7,8,9,12,13,14,17,18,19,23
396,7,8,9,12,13,14,17,18,19,23
397,7,8,9,12,13,14,17,18,19,23
398,7,8,9,12,13,14,17,18,19,23
399,7,8,9,12,13,14,17,18,19,23
400,7,8,9,12,13,14,17,18,19,23
401,7,8,9,12,13,14,17,18,19,23
402,7,8,9,12,13,14,17,18,19,23
403,7,8,9,12,13,14,17,18,19,23
404,7,8,9,12,13,14,17,18,19,23
405,7,8,9,12,13,14,17,18,19,23
406,7,8,9,12,13,14,17,18,19,23
407,7,8,9,12,13,14,17,18,19,23
408,7,8,9,12,13,14,17,18,19,23
409,7,8,9,12,13,14,17,18,19,23
410,7,8,9,12,13,14,17,18,19,23
411,7,8,9,12,13,14,17,18,19,23
412,7,8,9,12,13,14,17,18,19,23
413,7,8,9,12,13,14,17,18,19,23
414,7,8,9,12,13,14,17,18,19,23
415,7,8,9,12,13,14,17,18,19,23
416,7,8,9,12,13,14,17,18,19,23
417,7,8,9,12,13,14,17,18,19,23
418,7,8,9,12,13,14,17,18,19,23
419,7,8,9,12,13,14,17,18,19,23
420,7,8,9,12,13,14,17,18,19,23
421,7,8,9,12,13,14,17,18,19,23
422,7,8,9,12,13,14,17,18,19,23
423,7,8,9,12,13,14,17,18,19,23
424,7,8,9,12,13,14,17,18,19,23
425,7,8,9,12,13,14,17,18,19,23
426,7,8,9,12,13,14,17,18,19,23
427,7,8,9,12,13,14,17,18,19,23
428,7,8,9,12,13,14,17,18,19,23
429,7,8,9,12,13,14,17,18,19,23
430,7,8,9,12,13,14,17,18,19,23
431,7,8,9,12,13,14,17,18,19,23
432,7,8,9,12,13,14,17,18,19,23
433,7,8,9,12,13,14,17,18,19,23
434,7,8,9,12,13,14,17,18,19,23
435,7,8,9,12,13,14,17,18,19,23
436,7,8,9,12,13,14,17,18,19,23
437,7,8,9,12,13,14,17,18,19,23
438,7,8,9,12,13,14,17,18,19,23
439,7,8,9,12,13,14,17,18,19,23
440,7,8,9,12,13,14,17,18,19,23
441,7,8,9,12,13,14,17,18,19,23
442,7,8,9,12,13,14,17,18,19,23
443,7,8,9,12,13,14,17,18,19,23
444,7,8,9,12,13,14,17,18,19,23
445,7,8,9,12,13,14,17,18,19,23
446,7,8,9,12,13,14,17,18,19,23
447,7,8,9,12,13,14,17,18,19,23
448,7,8,9,12,13,14,17,18,19,23
449,7,8,9,12,13,14,17,18,19,23
450,7,8,9,12,13,14,17,18,19,23
451,7,8,9,12,13,14,17,18,19,23
452,7,8,9,12,13,14,17,18,19,23
453,7,8,9,12,13,14,17,18,19,23
454,7,8,9,12,13,14,17,18,19,23
455,7,8,9,12,13,14,17,18,19,23
456,7,8,9,12,13,14,17,18,19,23
457,7,8,9,12,13,14,17,18,19,23
458,7,8,9,12,13,14,17,18,19,23
459,7,8,9,12,13,14,17,18,19,23
460,7,8,9,12,13,14,17,18,19,23
461,7,8,9,12,13,14,17,18,19,23
462,7,8,9,12,13,14,17,18,19,23
463,7,8,9,12,13,14,17,18,19,23
464,7,8,9,12,13,14,17,18,19,23
465,7,8,9,12,13,14,17,18,19,23
466,7,8,9,12,13,14,17,18,19,23
467,7,8,9,12,13,14,17,18,19,23
468,7,8,9,12,13,14,17,18,19,23
469,7,8,9,12,13,14,17,18,19,23
470,7,8,9,12,13,14,17,18,19,23
471,7,8,9,12,13,14,17,18,19,23
472,7,8,9,12,13,14,17,18,19,23
473,7,8,9,12,13,14,17,18,19,23
474,7,8,9,12,13,14,17,18,19,23
475,7,8,9,12,13,14,17,18,19,23
476,7,8,9,12,13,14,17,18,19,23
477,7,8,9,12,13,14,17,18,19,23
478,7,8,9,12,13,14,17,18,19,23
479,7,8,9,12,13,14,17,18,19,23
480,7,8,9,12,13,14,17,18,19,23
481,7,8,9,12,13,14,17,18,19,23
482,7,8,9,12,13,14,17,18,19,23
483,7,8,9,12,13,14,17,18,19,23
484,7,8,9,12,13,14,17,18,19,23
485,7,8,9,12,13,14,17,18,19,23
486,7,8,9,12,13,14,17,18,19,23
487,7,8,9,12,13,14,17,18,19,23
488,7,8,9,12,13,14,17,18,19,23
489,7,8,9,12,13,14,17,18,19,23
490,7,8,9,12,13,14,17,18,19,23
491,7,8,9,12,13,14,17,18,19,23
492,7,8,9,12,13,14,17,18,19,23
493,7,8,9,12,13,14,17,18,19,23
494,7,8,9,12,13,14,17,18,19,23
495,7,8,9,12,13,14,17,18,19,23
496,7,8,9,12,13,14,17,18,19,23
497,7,8,9,12,13,14,17,18,19,23
498,7,8,9,12,13,14,17,18,19,23
499,7,8,9,12,13,14,17,18,19,23
500,7,8,9,12,13,14,17,18,19,23
501,7,8,9,12,13,14,17,18,19,23
502,7,8,9,12,13,14,17,18,19,23
503,7,8,9,12,13,14,17,18,19,23
504,7,8,9,12,13,14,17,18,19,23
505,7,8,9,12,13,14,17,18,19,23
506,7,8,9,12,13,14,17,18,19,23
507,7,8,9,12,13,14,17,18,19,23
508,7,8,9,12,13,14,17,18,19,23
509,7,8,9,12,13,14,17,18,19,23
510,7,8,9,12,13,14,17,18,19,23
511,7,8,9,12,13,14,17,18,19,23
512,7,8,9,12,13,14,17,18,19,23
513,7,8,9,12,13,14,17,18,19,23
514,7,8,9,12,13,14,17,18,19,23
515,7,8,9,12,13,14,17,18,19,23
516,7,8,9,12,13,14,17,18,19,23
517,7,8,9,12,13,14,17,18,19,23
518,7,8,9,12,13,14,17,18,19,23
519,7,8,9,12,13,14,17,18,19,23
520,7,8,9,12,13,14,17,18,19,23
521,7,8,9,12,13,14,17,18,19,23
522,7,8,9,12,13,14,17,18,19,23
523,7,8,9,12,13,14,17,18,19,23
524,7,8,9,12,13,14,17,18,19,23
525,7,8,9,12,13,14,17,18,19,23
526,7,8,9,12,13,14,17,18,19,23
527,7,8,9,12,13,14,17,18,19,23
528,7,8,9,12,13,14,17,18,19,23
529,7,8,9,12,13,14,17,18,19,23
530,7,8,9,12,13,14,17,18,19,23
531,7,8,9,12,13,14,17,18,19,23
532,7,8,9,12,13,14,17,18,19,23
533,7,8,9,12,13,14,17,18,19,23
534,7,8,9,12,13,14,17,18,19,23
535,7,8,9,12,13,14,17,18,19,23
536,7,8,9,12,13,14,17,18,19,23
537,7,8,9,12,13,14,17,18,19,23
538,7,8,9,12,13,14,17,18,19,23
539,7,8,9,12,13,14,17,18,19,23
540,7,8,9,12,13,14,17,18,19,23
541,7,8,9,12,13,14,17,18,19,23
542,7,8,9,12,13,14,17,18,19,23
543,7,8,9,12,13,14,17,18,19,23
544,7,8,9,12,13,14,17,18,19,23
545,7,8,9,12,13,14,17,18,19,23
546,7,8,9,12,13,14,17,18,19,23
547,7,8,9,12,13,14,17,18,19,23
548,7,8,9,12,13,14,17,18,19,23
549,7,8,9,12,13,14,17,18,19,23
550,7,8,9,12,13,14,17,18,19,23
551,7,8,9,12,13,14,17,18,19,23
552,7,8,9,12,13,14,17,18,19,23
553,7,8,9,12,13,14,17,18,19,23
554,7,8,9,12,13,14,17,18,19,23
555,7,8,9,12,13,14,17,18,19,23
556,7,8,9,12,13,14,17,18,19,23
557,7,8,9,12,13,14,17,18,19,23
558,7,8,9,12,13,14,17,18,19,23
559,7,8,9,12,13,14,17,18,19,23
560,7,8,9,12,13,14,17,18,19,23
561,7,8,9,12,13,14,17,18,19,23
562,7,8,9,12,13,14,17,18,19,23
563,7,8,9,12,13,14,17,18,19,23
564,7,8,9,12,13,14,17,18,19,23
565,7,8,9,12,13,14,17,18,19,23
566,7,8,9,12,13,14,17,18,19,23
567,7,8,9,12,13,14,17,18,19,23
568,7,8,9,12,13,14,17,18,19,23
569,7,8,9,12,13,14,17,18,19,23
570,7,8,9,12,13,14,17,18,19,23
571,7,8,9,12,13,14,17,18,19,23
572,7,8,9,12,13,14,17,18,19,23
573,7,8,9,12,13,14,17,18,19,23
574,7,8,9,12,13,14,17,18,19,23
575,7,8,9,12,13,14,17,18,19,23
576,7,8,9,12,13,14,17,18,19,23
577,7,8,9,12,13,14,17,18,19,23
578,7,8,9,12,13,14,17,18,19,23
579,7,8,9,12,13,14,17,18,19,23
580,7,8,9,12,13,14,17,18,19,23
581,7,8,9,12,13,14,17,18,19,23
582,7,8,9,12,13,14,17,18,19,23
583,7,8,9,12,13,14,17,18,19,23
584,7,8,9,12,13,14,17,18,19,23
585,7,8,9,12,13,14,17,18,19,23
586,7,8,9,12,13,14,17,18,19,23
587,7,8,9,12,13,14,17,18,19,23
588,7,8,9,12,13,14,17,18,19,23
589,7,8,9,12,13,14,17,18,19,23
590,7,8,9,12,13,14,17,18,19,23
591,7,8,9,12,13,14,17,18,19,23
592,7,8,9,12,13,14,17,18,19,23
593,7,8,9,12,13,14,17,18,19,23
594,7,8,9,12,13,14,17,18,19,23
595,7,8,9,12,13,14,17,18,19,23
596,7,8,9,12,13,14,17,18,19,23
597,7,8,9,12,13,14,17,18,19,23
598,7,8,9,12,13,14,17,18,19,23
599,7,8,9,12,13,14,17,18,19,23
600,7,8,9,12,13,14,17,18,19,23
601,7,8,9,12,13,14,17,18,19,23
602,7,8,9,12,13,14,17,18,19,23
603,7,8,9,12,13,14,17,18,19,23
604,7,8,9,12,13,14,17,18,19,23
605,7,8,9,12,13,14,17,18,19,23
606,7,8,9,12,13,14,17,18,19,23
607,7,8,9,12,13,14,17,18,19,23
608,7,8,9,12,13,14,17,18,19,23
609,7,8,9,12,13,14,17,18,19,23
610,7,8,9,12,13,14,17,18,19,23
611,7,8,9,12,13,14,17,18,19,23
612,7,8,9,12,13,14,17,18,19,23
613,7,8,9,12,13,14,17,18,19,23
614,7,8,9,12,13,14,17,18,19,23
615,7,8,9,12,13,14,17,18,19,23
616,7,8,9,12,13,14,17,18,19,23
617,7,8,9,12,13,14,17,18,19,23
618,7,8,9,12,13,14,17,18,19,23
619,7,8,9,12,13,14,17,18,19
620,7,8,9,12,13,14,17,18,19
621,7,8,9,12,13,14,17,18,19
622,7,8,9,12,13,14,17,18,19
623,7,8,9,12,13,14,17,18,19
624,7,8,9,12,13,14,17,18,19
625,7,8,9,12,13,14,17,18,19
626,7,8,9,12,13,14,17,18,19
627,7,8,9,12,13,14,17,18,19
628,7,8,9,12,13,14,17,18,19
629,7,8,9,12,13,14,17,18,19
630,7,8,9,12,13,14,17,18,19
631,7,8,9,12,13,14,17,18,19
632,7,8,9,12,13,14,17,18,19
633,7,8,9,12,13,14,17,18,19
634,7,8,9,12,13,14,17,18,19
635,7,8,9,12,13,14,17,18,19
636,7,8,9,12,13,14,17,18,19
637,7,8,9,12,13,14,17,18,19
638,7,8,9,12,13,14,17,18,19
639,7,8,9,12,13,14,17,18,19
640,7,8,9,12,13,14,17,18,19
641,7,8,9,12,13,14,17,18,19
642,7,8,9,12,13,14,17,18,19
643,7,8,9,12,13,14,17,18,19
644,7,8,9,12,13,14,17,18,19
645,7,8,9,12,13,14,17,18,19
646,7,8,9,12,13,14,17,18,19
647,7,8,9,12,13,14,17,18,19
648,7,8,9,12,13,14,17,18,19
649,7,8,9,12,13,14,17,18,19
650,7,8,9,12,13,14,17,18,19
651,7,8,9,12,13,14,17,18,19
652,7,8,9,12,13,14,17,18,19
653,3,7,8,9,12,13,14,17,18,19
654,3,7,8,9,12,13,14,17,18,19
655,3,7,8,9,12,13,14,17,18,19
656,3,7,8,9,12,13,14,17,18,19
657,3,7,8,9,12,13,14,17,18,19
658,3,7,8,9,12,13,14,17,18,19
659,3,7,8,9,12,13,14,17,18,19
660,3,7,8,9,12,13,14,17,18,19
661,3,7,8,9,12,13,14,17,18,19
662,3,7,8,9,12,13,14,17,18,19
663,3,7,8,9,12,13,14,17,18,19
664,3,7,8,9,12,13,14,17,18,19
665,3,7,8,9,12,13,14,17,18,19
666,3,7,8,9,12,13,14,17,18,19
667,3,7,8,9,12,13,14,17,18,19
668,3,7,8,9,12,13,14,17,18,19
669,3,7,8,9,12,13,14,17,18,19
670,3,7,8,9,12,13,14,17,18,19
671,3,7,8,9,12,13,14,17,18,19
672,3,7,8,9,12,13,14,17,18,19
673,3,7,8,9,12,13,14,17,18,19
674,3,7,8,9,12,13,14,17,18,19
675,3,7,8,9,12,13,14,17,18,19
676,3,7,8,9,12,13,14,17,18,19
677,3,7,8,9,12,13,14,17,18,19
678,3,7,8,9,12,13,14,17,18,19
679,3,7,8,9,12,13,14,17,18,19
680,3,7,8,9,12,13,14,17,18,19
681,3,7,8,9,12,13,14,17,18,19
682,3,7,8,9,12,13,14,17,18,19
683,3,7,8,9,12,13,14,17,18,19
684,3,7,8,9,12,13,14,17,18,19
685,3,7,8,9,12,13,14,17,18,19
686,3,7,8,9,12,13,14,17,18,19
687,3,7,8,9,12,13,14,17,18,19
688,3,7,8,9,12,13,14,17,18,19
689,3,7,8,9,12,13,14,17,18,19
690,3,7,8,9,12,13,14,17,18,19
691,3,7,8,9,12,13,14,17,18,19
692,3,7,8,9,12,13,14,17,18,19
693,3,7,8,9,12,13,14,17,18,19
694,3,7,8,9,12,13,14,17,18,19
695,3,7,8,9,12,13,14,17,18,19
696,3,7,8,9,12,13,14,17,18,19
697,3,7,8,9,12,13,14,17,18,19
698,3,7,8,9,12,13,14,17,18,19
699,3,7,8,9,12,13,14,17,18,19
700,3,7,8,9,12,13,14,17,18,19
701,3,7,8,9,12,13,14,17,18,19
702,3,7,8,9,12,13,14,17,18,19
703,3,7,8,9,12,13,14,17,18,19
704,3,7,8,9,12,13,14,17,18,19
705,3,7,8,9,12,13,14,17,18,19
706,3,7,8,9,12,13,14,17,18,19
707,3,7,8,9,12,13,14,17,18,19
708,3,7,8,9,12,13,14,17,18,19
709,3,7,8,9,12,13,14,17,18,19
710,3,7,8,9,12,13,14,17,18,19
711,3,7,8,9,12,13,14,17,18,19
712,3,7,8,9,12,13,14,17,18,19
713,3,7,8,9,12,13,14,17,18,19
714,3,7,8,9,12,13,14,17,18,19
715,3,7,8,9,12,13,14,17,18,19
716,3,7,8,9,12,13,14,17,18,19
717,3,7,8,9,12,13,14,17,18,19
718,3,7,8,9,12,13,14,17,18,19
719,3,7,8,9,12,13,14,17,18,19
720,3,7,8,9,12,13,14,17,18,19
721,3,7,8,9,12,13,14,17,18,19
722,3,7,8,9,12,13,14,17,18,19
723,3,7,8,9,12,13,14,17,18,19
724,3,7,8,9,12,13,14,17,18,19
725,3,7,8,9,12,13,14,17,18,19
726,3,7,8,9,12,13,14,17,18,19
727,3,7,8,9,12,13,14,17,18,19
728,3,7,8,9,12,13,14,17,18,19
729,3,7,8,9,12,13,14,17,18,19
730,3,7,8,9,12,13,14,17,18,19
731,3,7,8,9,12,13,14,17,18,19
732,3,7,8,9,12,13,14,17,18,19
733,3,7,8,9,12,13,14,17,18,19
734,3,7,8,9,12,13,14,17,18,19
735,3,7,8,9,12,13,14,17,18,19
736,3,7,8,9,12,13,14,17,18,19
737,3,7,8,9,12,13,14,17,18,19
738,3,7,8,9,12,13,14,17,18,19
739,3,7,8,9,12,13,14,17,18,19
740,3,7,8,9,12,13,14,17,18,19
741,3,7,8,9,12,13,14,17,18,19
742,3,7,8,9,12,13,14,17,18,19
743,3,7,8,9,12,13,14,17,18,19
744,3,7,8,9,12,13,14,17,18,19
745,3,7,8,9,12,13,14,17,18,19
746,3,7,8,9,12,13,14,17,18,19
747,3,7,8,9,12,13,14,17,18,19
748,3,7,8,9,12,13,14,17,18,19
749,3,7,8,9,12,13,14,17,18,19
750,3,7,8,9,12,13,14,17,18,19
751,3,7,8,9,12,13,14,17,18,19
752,3,7,8,9,12,13,14,17,18,19
753,3,7,8,9,12,13,14,17,18,19
754,3,7,8,9,12,13,14,17,18,19
755,3,7,8,9,12,13,14,17,18,19
756,3,7,8,9,12,13,14,17,18,19
757,3,7,8,9,12,13,14,17,18,19
758,3,7,8,9,12,13,14,17,18,19
759,3,7,8,9,12,13,14,17,18,19
760,3,7,8,9,12,13,14,17,18,19
761,3,7,8,9,12,13,14,17,18,19
762,3,7,8,9,12,13,14,17,18,19
763,3,7,8,9,12,13,14,17,18,19
764,3,7,8,9,12,13,14,17,18,19
765,3,7,8,9,12,13,14,17,18,19
766,3,7,8,9,12,13,14,17,18,19
767,3,7,8,9,12,13,14,17,18,19
768,3,7,8,9,12,13,14,17,18,19
769,3,7,8,9,12,13,14,17,18,19
770,3,7,8,9,12,13,14,17,18,19
771,3,7,8,9,12,13,14,17,18,19
772,3,7,8,9,12,13,14,17,18,19
773,3,7,8,9,12,13,14,17,18,19
774,3,7,8,9,12,13,14,17,18,19
775,3,7,8,9,12,13,14,17,18,19
776,3,7,8,9,12,13,14,17,18,19
777,3,7,8,9,12,13,14,17,18,19
778,3,7,8,9,12,13,14,17,18,19
779,3,7,8,9,12,13,14,17,18,19
780,3,7,8,9,12,13,14,17,18,19
781,3,7,8,9,12,13,14,17,18,19
782,3,7,8,9,12,13,14,17,18,19
783,3,7,8,9,12,13,14,17,18,19
784,3,7,8,9,12,13,14,17,18,19
785,3,7,8,9,12,13,14,17,18,19
786,3,7,8,9,12,13,14,17,18,19
787,3,7,8,9,12,13,14,17,18,19
788,3,7,8,9,12,13,14,17,18,19
789,3,7,8,9,12,13,14,17,18,19
790,3,7,8,9,12,13,14,17,18,19
791,3,7,8,9,12,13,14,17,18,19
792,3,7,8,9,12,13,14,17,18,19
793,3,7,8,9,12,13,14,17,18,19
794,3,7,8,9,12,13,14,17,18,19
795,3,7,8,9,12,13,14,17,18,19
796,3,7,8,9,12,13,14,17,18,19
797,3,7,8,9,12,13,14,17,18,19
798,3,7,8,9,12,13,14,17,18,19
799,3,7,8,9,12,13,14,17,18,19
800,3,7,8,9,12,13,14,17,18,19
801,3,7,8,9,12,13,14,17,18,19
802,3,7,8,9,12,13,14,17,18,19
803,3,7,8,9,12,13,14,17,18,19
804,3,7,8,9,12,13,14,17,18,19
805,3,7,8,9,12,13,14,17,18,19
806,3,7,8,9,12,13,14,17,18,19
807,3,7,8,9,12,13,14,17,18,19
808,3,7,8,9,12,13,14,17,18,19
809,3,7,8,9,12,13,14,17,18,19
810,3,7,8,9,12,13,14,17,18,19
811,3,7,8,9,12,13,14,17,18,19
812,3,7,8,9,12,13,14,17,18,19
813,3,7,8,9,12,13,14,17,18,19
814,3,7,8,9,12,13,14,17,18,19
815,3,7,8,9,12,13,14,17,18,19
816,3,7,8,9,12,13,14,17,18,19
817,3,7,8,9,12,13,14,17,18,19
818,3,7,8,9,12,13,14,17,18,19
819,3,7,8,9,12,13,14,17,18,19
820,3,7,8,9,12,13,14,17,18,19
821,3,7,8,9,12,13,14,17,18,19
822,3,7,8,9,12,13,14,17,18,19
823,3,7,8,9,12,13,14,17,18,19
824,3,7,8,9,12,13,14,17,18,19
825,3,7,8,9,12,13,14,17,18,19
826,3,7,8,9,12,13,14,17,18,19
827,3,7,8,9,12,13,14,17,18,19
828,3,7,8,9,12,13,14,17,18,19
829,3,7,8,9,12,13,14,17,18,19
830,3,7,8,9,12,13,14,17,18,19
831,3,7,8,9,12,13,14,17,18,19
832,3,7,8,9,12,13,14,17,18,19
833,3,7,8,9,12,13,14,17,18,19
834,3,7,8,9,12,13,14,17,18,19
835,3,7,8,9,12,13,14,17,18,19
836,3,7,8,9,12,13,14,17,18,19
837,3,7,8,9,12,13,14,17,18,19
838,3,7,8,9,12,13,14,17,18,19
839,3,7,8,9,12,13,14,17,18,19
840,3,7,8,9,12,13,14,17,18,19
841,3,7,8,9,12,13,14,17,18,19
842,3,7,8,9,12,13,14,17,18,19
843,3,7,8,9,12,13,14,17,18,19
844,3,7,8,9,12,13,14,17,18,19
845,3,7,8,9,12,13,14,17,18,19
846,3,7,8,9,12,13,14,17,18,19
847,3,7,8,9,12,13,14,17,18,19
848,3,7,8,9,12,13,14,17,18,19
849,3,7,8,9,12,13,14,17,18,19
850,3,7,8,9,12,13,14,17,18,19
851,3,7,8,9,12,13,14,17,18,19
852,3,7,8,9,12,13,14,17,18,19
853,3,7,8,9,12,13,14,17,18,19
854,3,7,8,9,12,13,14,17,18,19
855,3,7,8,9,12,13,14,17,18,19
856,3,7,8,9,12,13,14,17,18,19
857,3,7,8,9,12,13,14,17,18,19
858,3,7,8,9,12,13,14,17,18,19
859,3,7,8,9,12,13,14,17,18,19
860,3,7,8,9,12,13,14,17,18,19
861,3,7,8,9,12,13,14,17,18,19
862,3,7,8,9,12,13,14,17,18,19
863,3,7,8,9,12,13,14,17,18,19
864,3,7,8,9,12,13,14,17,18,19
865,3,7,8,9,12,13,14,17,18,19
866,3,7,8,9,12,13,14,17,18,19
867,3,7,8,9,12,13,14,17,18,19
868,3,7,8,9,12,13,14,17,18,19
869,3,7,8,9,12,13,14,17,18,19
870,3,7,8,9,12,13,14,17,18,19
871,3,7,8,9,12,13,14,17,18,19
872,3,7,8,9,12,13,14,17,18,19
873,3,7,8,9,12,13,14,17,18,19
874,3,7,8,9,12,13,14,17,18,19
875,3,7,8,9,12,13,14,17,18,19
876,3,7,8,9,12,13,14,17,18,19
877,3,7,8,9,12,13,14,17,18,19
878,3,7,8,9,12,13,14,17,18,19
879,3,7,8,9,12,13,14,17,18,19
880,3,7,8,9,12,13,14,17,18,19
881,3,7,8,9,12,13,14,17,18,19
882,3,7,8,9,12,13,14,17,18,19
883,3,7,8,9,12,13,14,17,18,19
884,3,7,8,9,12,13,14,17,18,19
885,3,7,8,9,12,13,14,17,18,19
886,3,7,8,9,12,13,14,17,18,19
887,3,7,8,9,12,13,14,17,18,19
888,3,7,8,9,12,13,14,17,18,19
889,3,7,8,9,12,13,14,17,18,19
890,3,7,8,9,12,13,14,17,18,19
891,3,7,8,9,12,13,14,17,18,19
892,3,7,8,9,12,13,14,17,18,19
893,3,7,8,9,12,13,14,17,18,19
894,3,7,8,9,12,13,14,17,18,19
895,3,7,8,9,12,13,14,17,18,19
896,3,7,8,9,12,13,14,17,18,19
897,3,7,8,9,12,13,14,17,18,19
898,3,7,8,9,12,13,14,17,18,19
899,3,7,8,9,12,13,14,17,18,19
900,3,7,8,9,12,13,14,17,18,19
901,3,7,8,9,12,13,14,17,18,19
902,3,7,8,9,12,13,14,17,18,19
903,3,7,8,9,12,13,14,17,18,19
904,3,7,8,9,12,13,14,17,18,19
905,3,7,8,9,12,13,14,17,18,19
906,3,7,8,9,12,13,14,17,18,19
907,3,7,8,9,12,13,14,17,18,19
908,3,7,8,9,12,13,14,17,18,19
909,3,7,8,9,12,13,14,17,18,19
910,3,7,8,9,12,13,14,17,18,19
911,3,7,8,9,12,13,14,17,18,19
912,3,7,8,9,12,13,14,17,18,19
913,3,7,8,9,12,13,14,17,18,19
914,3,7,8,9,12,13,14,17,18,19
915,3,7,8,9,12,13,14,17,18,19
916,3,7,8,9,12,13,14,17,18,19
917,3,7,8,9,12,13,14,17,18,19
918,3,7,8,9,12,13,14,17,18,19
919,3,7,8,9,12,13,14,17,18,19
920,3,7,8,9,12,13,14,17,18,19
921,3,7,8,9,12,13,14,17,18,19
922,3,7,8,9,12,13,14,17,18,19
923,3,7,8,9,12,13,14,17,18,19
924,3,7,8,9,12,13,14,17,18,19
925,3,7,8,9,12,13,14,17,18,19
926,3,7,8,9,12,13,14,17,18,19
927,3,7,8,9,12,13,14,17,18,19
928,3,7,8,9,12,13,14,17,18,19
929,3,7,8,9,12,13,14,17,18,19
930,3,7,8,9,12,13,14,17,18,19
931,3,7,8,9,12,13,14,17,18,19
932,3,7,8,9,12,13,14,17,18,19
933,3,7,8,9,12,13,14,17,18,19
934,3,7,8,9,12,13,14,17,18,19
935,3,7,8,9,12,13,14,17,18,19
936,3,7,8,9,12,13,14,17,18,19
937,3,7,8,9,12,13,14,17,18,19
938,3,7,8,9,12,13,14,17,18,19
939,3,7,8,9,12,13,14,17,18,19
940,3,7,8,9,12,13,14,17,18,19
941,3,7,8,9,12,13,14,17,18,19
942,3,7,8,9,12,13,14,17,18,19
943,3,7,8,9,12,13,14,17,18,19
944,3,7,8,9,12,13,14,17,18,19
945,3,7,8,9,12,13,14,17,18,19
946,3,7,8,9,12,13,14,17,18,19
947,3,7,8,9,12,13,14,17,18,19
948,3,7,8,9,12,13,14,17,18,19
949,3,7,8,9,12,13,14,17,18,19
950,3,7,8,9,12,13,14,17,18,19
951,3,7,8,9,12,13,14,17,18,19
952,3,7,8,9,12,13,14,17,18,19
953,3,7,8,9,12,13,14,17,18,19
954,3,7,8,9,12,13,14,17,18,19
955,3,7,8,9,12,13,14,17,18,19
956,3,7,8,9,12,13,14,17,18,19
957,3,7,8,9,12,13,14,17,18,19
958,3,7,8,9,12,13,14,17,18,19
959,3,7,8,9,12,13,14,17,18,19
960,3,7,8,9,12,13,14,17,18,19
961,3,7,8,9,12,13,14,17,18,19
962,3,7,8,9,12,13,14,17,18,19
963,3,7,8,9,12,13,14,17,18,19
964,3,7,8,9,12,13,14,17,18,19
965,3,7,8,9,12,13,14,17,18,19
966,3,7,8,9,12,13,14,17,18,19
967,3,7,8,9,12,13,14,17,18,19
968,3,7,8,9,12,13,14,17,18,19
969,3,7,8,9,12,13,14,17,18,19
970,3,7,8,9,12,13,14,17,18,19
971,3,7,8,9,12,13,14,17,18,19
972,3,7,8,9,12,13,14,17,18,19
973,3,7,8,9,12,13,14,17,18,19
974,3,7,8,9,12,13,14,17,18,19
975,3,7,8,9,12,13,14,17,18,19
976,3,7,8,9,12,13,14,17,18,19
977,3,7,8,9,12,13,14,17,18,19
978,3,7,8,9,12,13,14,17,18,19
979,3,7,8,9,12,13,14,17,18,19
980,3,7,8,9,12,13,14,17,18,19
981,3,7,8,9,12,13,14,17,18,19
982,3,7,8,9,12,13,14,17,18,19
983,3,7,8,9,12,13,14,17,18,19
984,3,7,8,9,12,13,14,17,18,19
985,3,7,8,9,12,13,14,17,18,19
986,3,7,8,9,12,13,14,17,18,19
987,3,7,8,9,12,13,14,17,18,19
988,3,7,8,9,12,13,14,17,18,19
989,3,7,8,9,12,13,14,17,18,19
990,3,7,8,9,12,13,14,17,18,19
991,3,7,8,9,12,13,14,17,18,19
992,3,7,8,9,12,13,14,17,18,19
993,3,7,8,9,12,13,14,17,18,19
994,3,7,8,9,12,13,14,17,18,19
995,3,7,8,9,12,13,14,17,18,19
996,3,7,8,9,12,13,14,17,18,19
997,3,7,8,9,12,13,14,17,18,19
998,3,7,8,9,12,13,14,17,18,19
999,3,7,8,9,12,13,14,17,18,19
1000,3,7,8,9,12,13,14,17,18,19
1001,3,7,8,9,12,13,14,17,18,19
1002,3,7,8,9,12,13,14,17,18,19
1003,3,7,8,9,12,13,14,17,18,19
1004,3,7,8,9,12,13,14,17,18,19
1005,3,7,8,9,12,13,14,17,18,19
1006,3,7,8,9,12,13,14,17,18,19
1007,3,7,8,9,12,13,14,17,18,19
1008,3,7,8,9,12,13,14,17,18,19
1009,3,7,8,9,12,13,14,17,18,19
1010,3,7,8,9,12,13,14,17,18,19
1011,3,7,8,9,12,13,14,17,18,19
1012,3,7,8,9,12,13,14,17,18,19
1013,3,7,8,9,12,13,14,17,18,19
1014,3,7,8,9,12,13,14,17,18,19
1015,3,7,8,9,12,13,14,17,18,19
1016,3,7,8,9,12,13,14,17,18,19
1017,3,7,8,9,12,13,14,17,18,19
1018,3,7,8,9,12,13,14,17,18,19
1019,3,7,8,9,12,13,14,17,18,19
1020,3,7,8,9,12,13,14,17,18,19
1021,3,7,8,9,12,13,14,17,18,19
1022,3,7,8,9,12,13,14,17,18,19
1023,3,7,8,9,12,13,14,17,18,19
1024,3,7,8,9,12,13,14,17,18,19
1025,3,7,8,9,12,13,14,17,18,19
1026,3,7,8,9,12,13,14,17,18,19
1027,3,7,8,9,12,13,14,17,18,19
1028,3,7,8,9,12,13,14,17,18,19
1029,3,7,8,9,12,13,14,17,18,19
1030,3,7,8,9,12,13,14,17,18,19
1031,3,7,8,9,12,13,14,17,18,19
1032,3,7,8,9,12,13,14,17,18,19
1033,3,7,8,9,12,13,14,17,18,19
1034,3,7,8,9,12,13,14,17,18,19
1035,3,7,8,9,12,13,14,17,18,19
1036,3,7,8,9,12,13,14,17,18,19
1037,3,7,8,9,12,13,14,17,18,19
1038,3,7,8,9,12,13,14,17,18,19
1039,3,7,8,9,12,13,14,17,18,19
1040,3,7,8,9,12,13,14,17,18,19
1041,3,7,8,9,12,13,14,17,18,19
1042,3,7,8,9,12,13,14,17,18,19
1043,3,7,8,9,12,13,14,17,18,19
1044,3,7,8,9,12,13,14,17,18,19
1045,3,7,8,9,12,13,14,17,18,19
1046,3,7,8,9,12,13,14,17,18,19
1047,3,7,8,9,12,13,14,17,18,19
1048,3,7,8,9,12,13,14,17,18,19
1049,3,7,8,9,12,13,14,17,18,19
1050,3,7,8,9,12,13,14,17,18,19
1051,3,7,8,9,12,13,14,17,18,19
1052,3,7,8,9,12,13,14,17,18,19
1053,3,7,8,9,12,13,14,17,18,19
1054,3,7,8,9,12,13,14,17,18,19
1055,3,7,8,9,12,13,14,17,18,19
1056,3,7,8,9,12,13,14,17,18,19
1057,3,7,8,9,12,13,14,17,18,19
1058,3,7,8,9,12,13,14,17,18,19
1059,3,7,8,9,12,13,14,17,18,19
1060,3,7,8,9,12,13,14,17,18,19
1061,3,7,8,9,12,13,14,17,18,19
1062,3,7,8,9,12,13,14,17,18,19
1063,3,7,8,9,12,13,14,17,18,19
1064,3,7,8,9,12,13,14,17,18,19
1065,3,7,8,9,12,13,14,17,18,19
1066,3,7,8,9,12,13,14,17,18,19
1067,3,7,8,9,12,13,14,17,18,19
1068,3,7,8,9,12,13,14,17,18,19
1069,3,7,8,9,12,13,14,17,18,19
1070,3,7,8,9,12,13,14,17,18,19
1071,3,7,8,9,12,13,14,17,18,19
1072,3,7,8,9,12,13,14,17,18,19
1073,3,7,8,9,12,13,14,17,18,19
1074,3,7,8,9,12,13,14,17,18,19
1075,3,7,8,9,12,13,14,17,18,19
1076,3,7,8,9,12,13,14,17,18,19
1077,3,7,8,9,12,13,14,17,18,19
1078,3,7,8,9,12,13,14,17,18,19
1079,3,7,8,9,12,13,14,17,18,19
1080,3,7,8,9,12,13,14,17,18,19
1081,3,7,8,9,12,13,14,17,18,19
1082,3,7,8,9,12,13,14,17,18,19
1083,3,7,8,9,12,13,14,17,18,19
1084,3,7,8,9,12,13,14,17,18,19
1085,3,7,8,9,12,13,14,17,18,19
1086,3,7,8,9,12,13,14,17,18,19
1087,3,7,8,9,12,13,14,17,18,19
1088,3,7,8,9,12,13,14,17,18,19
1089,3,7,8,9,12,13,14,17,18,19
1090,3,7,8,9,12,13,14,17,18,19
1091,3,7,8,9,12,13,14,17,18,19
1092,3,7,8,9,12,13,14,17,18,19
1093,3,7,8,9,12,13,14,17,18,19
1094,3,7,8,9,12,13,14,17,18,19
1095,3,7,8,9,12,13,14,17,18,19
1096,3,7,8,9,12,13,14,17,18,19
1097,3,7,8,9,12,13,14,17,18,19
1098,3,7,8,9,12,13,14,17,18,19
1099,3,7,8,9,12,13,14,17,18,19
1100,3,7,8,9,12,13,14,17,18,19
1101,3,7,8,9,12,13,14,17,18,19
1102,3,7,8,9,12,13,14,17,18,19
1103,3,7,8,9,12,13,14,17,18,19
1104,3,7,8,9,12,13,14,17,18,19
1105,3,7,8,9,12,13,14,17,18,19
1106,3,7,8,9,12,13,14,17,18,19
1107,3,7,8,9,12,13,14,17,18,19
1108,3,7,8,9,12,13,14,17,18,19
1109,3,7,8,9,12,13,14,17,18,19
1110,3,7,8,9,12,13,14,17,18,19
1111,3,7,8,9,12,13,14,17,18,19
1112,3,7,8,9,12,13,14,17,18,19
1113,3,7,8,9,12,13,14,17,18,19
1114,3,7,8,9,12,13,14,17,18,19
1115,3,7,8,9,12,13,14,17,18,19
1116,3,7,8,9,12,13,14,17,18,19
1117,3,7,8,9,12,13,14,17,18,19
1118,3,7,8,9,12,13,14,17,18,19
1119,3,7,8,9,12,13,14,17,18,19
1120,3,7,8,9,12,13,14,17,18,19
1121,3,7,8,9,12,13,14,17,18,19
1122,3,7,8,9,12,13,14,17,18,19
1123,3,7,8,9,12,13,14,17,18,19
1124,3,7,8,9,12,13,14,17,18,19
1125,3,7,8,9,12,13,14,17,18,19
1126,3,7,8,9,12,13,14,17,18,19
1127,3,7,8,9,12,13,14,17,18,19
1128,3,7,8,9,12,13,14,17,18,19
1129,3,7,8,9,12,13,14,17,18,19
1130,3,7,8,9,12,13,14,17,18,19
1131,3,7,8,9,12,13,14,17,18,19
1132,3,7,8,9,12,13,14,17,18,19
1133,3,7,8,9,12,13,14,17,18,19
1134,3,7,8,9,12,13,14,17,18,19
1135,3,7,8,9,12,13,14,17,18,19
1136,3,7,8,9,12,13,14,17,18,19
1137,3,7,8,9,12,13,14,17,18,19
1138,3,7,8,9,12,13,14,17,18,19
1139,3,7,8,9,12,13,14,17,18,19
1140,3,7,8,9,12,13,14,17,18,19
1141,3,7,8,9,12,13,14,17,18,19
1142,3,7,8,9,12,13,14,17,18,19
1143,3,7,8,9,12,13,14,17,18,19
1144,3,7,8,9,12,13,14,17,18,19
1145,3,7,8,9,12,13,14,17,18,19
1146,3,7,8,9,12,13,14,17,18,19
1147,3,7,8,9,12,13,14,17,18,19
1148,3,7,8,9,12,13,14,17,18,19
1149,3,7,8,9,12,13,14,17,18,19
1150,3,7,8,9,12,13,14,17,18,19
1151,3,7,8,9,12,13,14,17,18,19
1152,3,7,8,9,12,13,14,17,18,19
1153,3,7,8,9,12,13,14,17,18,19
1154,3,7,8,9,12,13,14,17,18,19
1155,3,7,8,9,12,13,14,17,18,19
1156,3,7,8,9,12,13,14,17,18,19
1157,3,7,8,9,12,13,14,17,18,19
1158,3,7,8,9,12,13,14,17,18,19
1159,3,7,8,9,12,13,14,17,18,19
1160,3,7,8,9,12,13,14,17,18,19
1161,3,7,8,9,12,13,14,17,18,19
1162,3,7,8,9,12,13,14,17,18,19
1163,3,7,8,9,12,13,14,17,18,19
1164,3,7,8,9,12,13,14,17,18,19
1165,3,7,8,9,12,13,14,18,19
1166,3,7,8,9,12,13,14,18,19
1167,3,7,8,9,12,13,14,18,19
1168,3,7,8,9,12,13,14,18,19
1169,3,7,8,9,12,13,14,18,19
1170,3,7,8,9,12,13,14,18,19
1171,3,7,8,9,12,13,14,18,19
1172,3,7,8,9,12,13,14,18,19
1173,3,7,8,9,12,13,14,18,19
1174,3,7,8,9,12,13,14,18,19
1175,3,7,8,9,12,13,14,18,19
1176,3,7,8,9,12,13,14,18,19
1177,3,4,7,8,9,12,13,14,18,19
1178,3,4,7,8,9,12,13,14,18,19
1179,3,4,7,8,9,12,13,14,18,19
1180,3,4,7,8,9,12,13,14,18,19
1181,3,4,7,8,9,12,13,14,18,19
1182,3,4,7,8,9,12,13,14,18,19
1183,3,4,7,8,9,12,13,14,18,19
1184,3,4,7,8,9,12,13,14,18,19
1185,3,4,7,8,9,12,13,14,18,19
1186,3,4,7,8,9,12,13,14,18,19
1187,3,4,7,8,9,12,13,14,18,19
1188,3,4,7,8,9,12,13,14,18,19
1189,3,4,7,8,9,12,13,14,18,19
1190,3,4,7,8,9,12,13,14,18,19
1191,3,4,7,8,9,12,13,14,18,19
1192,3,4,7,8,9,12,13,14,18,19
1193,3,4,7,8,9,12,13,14,18,19
1194,3,4,7,8,9,12,13,14,18,19
1195,3,4,7,8,9,12,13,14,18,19
1196,3,4,7,8,9,12,13,14,18,19
1197,3,4,7,8,9,12,13,14,18,19
1198,3,4,7,8,9,12,13,14,18,19
1199,3,4,7,8,9,12,13,14,18,19
1200,3,4,7,8,9,12,13,14,18,19
1201,3,4,7,8,9,12,13,14,18,19
1202,3,4,7,8,9,12,13,14,18,19
1203,3,4,7,8,9,12,13,14,18,19
1204,3,4,7,8,9,12,13,14,18,19
1205,3,4,7,8,9,12,13,14,18,19
1206,3,4,7,8,9,12,13,14,18,19
1207,3,4,7,8,9,12,13,14,18,19
1208,3,4,7,8,9,12,13,14,18,19
1209,3,4,7,8,9,12,13,14,18,19
1210,3,4,7,8,9,12,13,14,18,19
1211,3,4,7,8,9,12,13,14,18,19
1212,3,4,7,8,9,12,13,14,18,19
1213,3,4,7,8,9,12,13,14,18,19
1214,3,4,7,8,9,12,13,14,18,19
1215,3,4,7,8,9,12,13,14,18,19
1216,3,4,7,8,9,12,13,14,18,19
1217,3,4,7,8,9,12,13,14,18,19
1218,3,4,7,8,9,12,13,14,18,19
1219,3,4,7,8,9,12,13,14,18,19
1220,3,4,7,8,9,12,13,14,18,19
1221,3,4,7,8,9,12,13,14,18,19
1222,3,4,7,8,9,12,13,14,18,19
1223,3,4,7,8,9,12,13,14,18,19
1224,3,4,7,8,9,12,13,14,18,19
1225,3,4,7,8,9,12,13,14,18,19
1226,3,4,7,8,9,12,13,14,18,19
1227,3,4,7,8,9,12,13,14,18,19
1228,3,4,7,8,9,12,13,14,18,19
1229,3,4,7,8,9,12,13,14,18,19
1230,3,4,7,8,9,12,13,14,18,19
1231,3,4,7,8,9,12,13,14,18,19
1232,3,4,7,8,9,12,13,14,18,19
1233,3,4,7,8,9,12,13,14,18,19
1234,3,4,7,8,9,12,13,14,18,19
1235,3,4,7,8,9,12,13,14,18,19
1236,3,4,7,8,9,12,13,14,18,19
1237,3,4,7,8,9,12,13,14,18,19
1238,3,4,7,8,9,12,13,14,18,19
1239,3,4,7,8,9,12,13,14,18,19
1240,3,4,7,8,9,12,13,14,18,19
1241,3,4,7,8,9,12,13,14,18,19
1242,3,4,7,8,9,12,13,14,18,19
1243,3,4,7,8,9,12,13,14,18,19
1244,3,4,7,8,9,12,13,14,18,19
1245,3,4,7,8,9,12,13,14,18,19
1246,3,4,7,8,9,12,13,14,18,19
1247,3,4,7,8,9,12,13,14,18,19
1248,3,4,7,8,9,12,13,14,18,19
1249,3,4,7,8,9,12,13,14,18,19
1250,3,4,7,8,9,12,13,14,18,19
1251,3,4,7,8,9,12,13,14,18,19
1252,3,4,7,8,9,12,13,14,18,19
1253,3,4,7,8,9,12,13,14,18,19
1254,3,4,7,8,9,12,13,14,18,19
1255,3,4,7,8,9,12,13,14,18,19
1256,3,4,7,8,9,12,13,14,18,19
1257,3,4,7,8,9,12,13,14,18,19
1258,3,4,7,8,9,12,13,14,18,19
1259,3,4,7,8,9,12,13,14,18,19
1260,3,4,7,8,9,12,13,14,18,19
1261,3,4,7,8,9,12,13,14,18,19
1262,3,4,7,8,9,12,13,14,18,19
1263,3,4,7,8,9,12,13,14,18,19
1264,3,4,7,8,9,12,13,14,18,19
1265,3,4,7,8,9,12,13,14,18,19
1266,3,4,7,8,9,12,13,14,18,19
1267,3,4,7,8,9,12,13,14,18,19
1268,3,4,7,8,9,12,13,14,18,19
1269,3,4,7,8,9,12,13,14,18,19
1270,3,4,7,8,9,12,13,14,18,19
1271,3,4,7,8,9,12,13,14,18,19
1272,3,4,7,8,9,12,13,14,18,19
1273,3,4,7,8,9,12,13,14,18,19
1274,3,4,7,8,9,12,13,14,18,19
1275,3,4,7,8,9,12,13,14,18,19
1276,3,4,7,8,9,12,13,14,18,19
1277,3,4,7,8,9,12,13,14,18,19
1278,3,4,7,8,9,12,13,14,18,19
1279,3,4,7,8,9,12,13,14,18,19
1280,3,4,7,8,9,12,13,14,18,19
1281,3,4,7,8,9,12,13,14,18,19
1282,3,4,7,8,9,12,13,14,18,19
1283,3,4,7,8,9,12,13,14,18,19
1284,3,4,7,8,9,12,13,14,18,19
1285,3,4,7,8,9,12,13,14,18,19
1286,3,4,7,8,9,12,13,14,18,19
1287,3,4,7,8,9,12,13,14,18,19
1288,3,4,7,8,9,12,13,14,18,19
1289,3,4,7,8,9,12,13,14,18,19
1290,3,4,7,8,9,12,13,14,18,19
1291,3,4,7,8,9,12,13,14,18,19
1292,3,4,7,8,9,12,13,14,18,19
1293,3,4,7,8,9,12,13,14,18,19
1294,3,4,7,8,9,12,13,14,18,19
1295,3,4,7,8,9,12,13,14,18,19
1296,3,4,7,8,9,12,13,14,18,19
1297,3,4,7,8,9,12,13,14,18,19
1298,3,4,7,8,9,12,13,14,18,19
1299,3,4,7,8,9,12,13,14,18,19
1300,3,4,7,8,9,12,13,14,18,19
1301,3,4,7,8,9,12,13,14,18,19
1302,3,4,7,8,9,12,13,14,18,19
1303,3,4,7,8,9,12,13,14,18,19
1304,3,4,7,8,9,12,13,14,18,19
1305,3,4,7,8,9,12,13,14,18,19
1306,3,4,7,8,9,12,13,14,18,19
1307,3,4,7,8,9,12,13,14,18,19
1308,3,4,7,8,9,12,13,14,18,19
1309,3,4,7,8,9,12,13,14,18,19
1310,3,4,7,8,9,12,13,14,18,19
1311,3,4,7,8,9,12,13,14,18,19
1312,3,4,7,8,9,12,13,14,18,19
1313,3,4,7,8,9,12,13,14,18,19
1314,3,4,7,8,9,12,13,14,18,19
1315,3,7,8,9,12,13,14,17,18,19
1316,3,7,8,9,12,13,14,17,18,19
1317,3,7,8,9,12,13,14,17,18,19
1318,3,7,8,9,12,13,14,17,18,19
1319,3,7,8,9,12,13,14,17,18,19
1320,3,7,8,9,12,13,14,17,18,19
1321,3,7,8,9,12,13,14,17,18,19
1322,3,7,8,9,12,13,14,17,18,19
1323,3,7,8,9,12,13,14,17,18,19
1324,3,7,8,9,12,13,14,17,18,19
1325,3,7,8,9,12,13,14,17,18,19
1326,3,7,8,9,12,13,14,17,18,19
1327,3,7,8,9,12,13,14,17,18,19
1328,3,7,8,9,12,13,14,17,18,19
1329,3,7,8,9,12,13,14,17,18,19
1330,3,7,8,9,12,13,14,17,18,19
1331,3,7,8,9,12,13,14,17,18,19
1332,3,7,8,9,12,13,14,17,18,19
1333,3,7,8,9,12,13,14,17,18,19
1334,3,7,8,9,12,13,14,17,18,19
1335,3,7,8,9,12,13,14,17,18,19
1336,3,7,8,9,12,13,14,17,18,19
1337,3,7,8,9,12,13,14,17,18,19
1338,3,7,8,9,12,13,14,17,18,19
1339,3,7,8,9,12,13,14,17,18,19
1340,3,7,8,9,12,13,14,17,18,19
1341,3,7,8,9,12,13,14,17,18,19
1342,3,7,8,9,12,13,14,17,18,19
1343,3,7,8,9,12,13,14,17,18,19
1344,3,7,8,9,12,13,14,17,18,19
1345,3,7,8,9,12,13,14,17,18,19
1346,3,7,8,9,12,13,14,17,18,19
1347,3,7,8,9,12,13,14,17,18,19
1348,3,7,8,9,12,13,14,17,18,19
1349,3,7,8,9,12,13,14,17,18,19
1350,3,7,8,9,12,13,14,17,18,19
1351,3,7,8,9,12,13,14,17,18,19
1352,3,7,8,9,12,13,14,17,18,19
1353,3,7,8,9,12,13,14,17,18,19
1354,3,7,8,9,12,13,14,17,18,19
1355,3,7,8,9,12,13,14,17,18,19
1356,3,7,8,9,12,13,14,17,18,19
1357,3,7,8,9,12,13,14,17,18,19
1358,3,7,8,9,12,13,14,17,18,19
1359,3,7,8,9,12,13,14,17,18,19
1360,3,7,8,9,12,13,14,17,18,19
1361,3,7,8,9,12,13,14,17,18,19
1362,3,7,8,9,12,13,14,17,18,19
1363,3,7,8,9,12,13,14,17,18,19
1364,3,7,8,9,12,13,14,17,18,19
1365,3,7,8,9,12,13,14,17,18,19
1366,3,7,8,9,12,13,14,17,18,19
1367,3,7,8,9,12,13,14,17,18,19
1368,3,7,8,9,12,13,14,17,18,19
1369,3,7,8,9,12,13,14,17,18,19
1370,3,7,8,9,12,13,14,17,18,19
1371,3,7,8,9,12,13,14,17,18,19
1372,3,7,8,9,12,13,14,17,18,19
1373,3,7,8,9,12,13,14,17,18,19
1374,3,7,8,9,12,13,14,17,18,19
1375,3,7,8,9,12,13,14,17,18,19
1376,3,7,8,9,12,13,14,17,18,19
1377,3,7,8,9,12,13,14,17,18,19
1378,3,7,8,9,12,13,14,17,18,19
1379,3,7,8,9,12,13,14,17,18,19
1380,3,7,8,9,12,13,14,17,18,19
1381,3,7,8,9,12,13,14,17,18,19
1382,3,7,8,9,12,13,14,17,18,19
1383,3,7,8,9,12,13,14,17,18,19
1384,3,7,8,9,12,13,14,17,18,19
1385,3,7,8,9,12,13,14,17,18,19
1386,3,7,8,9,12,13,14,17,18,19
1387,3,7,8,9,12,13,14,17,18,19
1388,3,7,8,9,12,13,14,17,18,19
1389,3,7,8,9,12,13,14,17,18,19
1390,3,7,8,9,12,13,14,17,18,19
1391,3,7,8,9,12,13,14,17,18,19
1392,3,7,8,9,12,13,14,17,18,19
1393,3,7,8,9,12,13,14,17,18,19
1394,3,7,8,9,12,13,14,17,18,19
1395,3,7,8,9,12,13,14,17,18,19
1396,3,7,8,9,12,13,14,17,18,19
1397,3,7,8,9,12,13,14,17,18,19
1398,3,7,8,9,12,13,14,17,18,19
1399,3,7,8,9,12,13,14,17,18,19
1400,3,7,8,9,12,13,14,17,18,19
1401,3,7,8,9,12,13,14,17,18,19
1402,3,7,8,9,12,13,14,17,18,19
1403,3,7,8,9,12,13,14,17,18,19
1404,3,7,8,9,12,13,14,17,18,19
1405,3,7,8,9,12,13,14,17,18,19
1406,3,7,8,9,12,13,14,17,18,19
1407,3,7,8,9,12,13,14,17,18,19
1408,3,7,8,9,12,13,14,17,18,19
1409,3,7,8,9,12,13,14,17,18,19
1410,3,7,8,9,12,13,14,17,18,19
1411,3,7,8,9,12,13,14,17,18,19
1412,3,7,8,9,12,13,14,17,18,19
1413,3,7,8,9,12,13,14,17,18,19
1414,3,7,8,9,12,13,14,17,18,19
1415,3,7,8,9,12,13,14,17,18,19
1416,3,7,8,9,12,13,14,17,18,19
1417,3,7,8,9,12,13,14,17,18,19
1418,3,7,8,9,12,13,14,17,18,19
1419,3,7,8,9,12,13,14,17,18,19
1420,3,7,8,9,12,13,14,17,18,19
1421,3,7,8,9,12,13,14,17,18,19
1422,3,7,8,9,12,13,14,17,18,19
1423,3,7,8,9,12,13,14,17,18,19
1424,3,7,8,9,12,13,14,17,18,19
1425,3,7,8,9,12,13,14,17,18,19
1426,3,7,8,9,12,13,14,17,18,19
1427,3,7,8,9,12,13,14,17,18,19
1428,3,7,8,9,12,13,14,17,18,19
1429,3,7,8,9,12,13,14,17,18,19
1430,3,7,8,9,12,13,14,17,18,19
1431,3,7,8,9,12,13,14,17,18,19
1432,3,7,8,9,12,13,14,17,18,19
1433,3,7,8,9,12,13,14,17,18,19
1434,3,7,8,9,12,13,14,17,18,19
1435,3,7,8,9,12,13,14,17,18,19
1436,3,7,8,9,12,13,14,17,18,19
1437,3,7,8,9,12,13,14,17,18,19
1438,3,7,8,9,12,13,14,17,18,19
1439,3,7,8,9,12,13,14,17,18,19
1440,3,7,8,9,12,13,14,17,18,19
1441,3,7,8,9,12,13,14,17,18,19
1442,3,7,8,9,12,13,14,17,18,19
1443,3,7,8,9,12,13,14,17,18,19
1444,3,7,8,9,12,13,14,17,18,19
1445,3,7,8,9,12,13,14,17,18,19
1446,3,7,8,9,12,13,14,17,18,19
1447,3,7,8,9,12,13,14,17,18,19
1448,3,7,8,9,12,13,14,17,18,19
1449,3,7,8,9,12,13,14,17,18,19
1450,3,7,8,9,12,13,14,17,18,19
1451,3,7,8,9,12,13,14,17,18,19
1452,3,7,8,9,12,13,14,17,18,19
1453,3,7,8,9,12,13,14,17,18,19
1454,3,7,8,9,12,13,14,17,18,19
1455,3,7,8,9,12,13,14,17,18,19
1456,3,7,8,9,12,13,14,17,18,19
1457,3,7,8,9,12,13,14,17,18,19
1458,3,7,8,9,12,13,14,17,18,19
1459,3,7,8,9,12,13,14,17,18,19
1460,3,7,8,9,12,13,14,17,18,19
1461,3,7,8,9,12,13,14,17,18,19
1462,3,7,8,9,12,13,14,17,18,19
1463,3,7,8,9,12,13,14,17,18,19
1464,3,7,8,9,12,13,14,17,18,19
1465,3,7,8,9,12,13,14,17,18,19
1466,3,7,8,9,12,13,14,17,18,19
1467,3,7,8,9,12,13,14,17,18,19
1468,3,7,8,9,12,13,14,17,18,19
1469,3,7,8,9,12,13,14,17,18,19
1470,3,7,8,9,12,13,14,17,18,19
1471,3,7,8,9,12,13,14,17,18,19
1472,3,7,8,9,12,13,14,17,18,19
1473,3,7,8,9,12,13,14,17,18,19
1474,3,7,8,9,12,13,14,17,18,19
1475,3,7,8,9,12,13,14,17,18,19
1476,3,7,8,9,12,13,14,17,18,19
1477,3,7,8,9,12,13,14,17,18,19
1478,3,7,8,9,12,13,14,17,18,19
1479,3,7,8,9,12,13,14,17,18,19
1480,3,7,8,9,12,13,14,17,18,19
1481,3,7,8,9,12,13,14,17,18,19
1482,3,7,8,9,12,13,14,17,18,19
1483,3,7,8,9,12,13,14,17,18,19
1484,3,7,8,9,12,13,14,17,18,19
1485,3,7,8,9,12,13,14,17,18,19
1486,3,7,8,9,12,13,14,17,18,19
1487,3,7,8,9,12,13,14,17,18,19
1488,3,7,8,9,12,13,14,17,18,19
1489,3,7,8,9,12,13,14,17,18,19
1490,3,7,8,9,12,13,14,17,18,19
1491,3,7,8,9,12,13,14,17,18,19
1492,3,7,8,9,12,13,14,17,18,19
1493,3,7,8,9,12,13,14,17,18,19
1494,3,7,8,9,12,13,14,17,18,19
1495,3,7,8,9,12,13,14,17,18,19
1496,3,7,8,9,12,13,14,17,18,19
1497,3,7,8,9,12,13,14,17,18,19
1498,3,7,8,9,12,13,14,17,18,19
1499,3,7,8,9,12,13,14,17,18,19
1500,3,7,8,9,12,13,14,17,18,19
1501,3,7,8,9,12,13,14,17,18,19
1502,3,7,8,9,12,13,14,17,18,19
1503,3,7,8,9,12,13,14,17,18,19
1504,3,7,8,9,12,13,14,17,18,19
1505,3,7,8,9,12,13,14,17,18,19
1506,3,7,8,9,12,13,14,17,18,19
1507,3,7,8,9,12,13,14,17,18,19
1508,3,7,8,9,12,13,14,17,18,19
1509,3,7,8,9,12,13,14,17,18,19
1510,3,7,8,9,12,13,14,17,18,19
1511,3,7,8,9,12,13,14,17,18,19
1512,3,7,8,9,12,13,14,17,18,19
1513,3,7,8,9,12,13,14,17,18,19
1514,3,7,8,9,12,13,14,17,18,19
1515,3,7,8,9,12,13,14,17,18,19
1516,3,7,8,9,12,13,14,17,18,19
1517,3,7,8,9,12,13,14,17,18,19
1518,3,7,8,9,12,13,14,17,18,19
1519,3,7,8,9,12,13,14,17,18,19
1520,3,7,8,9,12,13,14,17,18,19
1521,3,7,8,9,12,13,14,17,18,19
1522,3,7,8,9,12,13,14,17,18,19
1523,3,7,8,9,12,13,14,17,18,19
1524,3,7,8,9,12,13,14,17,18,19
1525,3,7,8,9,12,13,14,17,18,19
1526,3,7,8,9,12,13,14,17,18,19
1527,3,7,8,9,12,13,14,17,18,19
1528,3,7,8,9,12,13,14,17,18,19
1529,3,7,8,9,12,13,14,17,18,19
1530,3,7,8,9,12,13,14,17,18,19
1531,3,7,8,9,12,13,14,17,18,19
1532,3,7,8,9,12,13,14,17,18,19
1533,3,7,8,9,12,13,14,18,19
1534,3,7,8,9,12,13,14,18,19
1535,3,7,8,9,12,13,14,18,19
1536,3,7,8,9,12,13,14,18,19
1537,3,7,8,9,12,13,14,18,19
1538,3,7,8,9,12,13,14,18,19
1539,3,7,8,9,12,13,14,18,19
1540,3,7,8,9,12,13,14,18,19
1541,3,7,8,9,12,13,14,18,19
1542,3,7,8,9,12,13,14,18,19
1543,3,7,8,9,12,13,14,18,19
1544,3,7,8,9,12,13,14,18,19
1545,3,7,8,9,12,13,14,18,19
1546,3,7,8,9,12,13,14,18,19
1547,3,7,8,9,12,13,14,18,19
1548,3,7,8,9,12,13,14,18,19
1549,3,4,7,8,9,12,13,14,18,19
1550,3,4,7,8,9,12,13,14,18,19
1551,3,4,7,8,9,12,13,14,18,19
1552,3,4,7,8,9,12,13,14,18,19
1553,3,4,7,8,9,12,13,14,18,19
1554,3,4,7,8,9,12,13,14,18,19
1555,3,4,7,8,9,12,13,14,18,19
1556,3,4,7,8,9,12,13,14,18,19
1557,3,4,7,8,9,12,13,14,18,19
1558,3,4,7,8,9,12,13,14,18,19
1559,3,4,7,8,9,12,13,14,18,19
1560,3,4,7,8,9,12,13,14,18,19
1561,3,4,7,8,9,12,13,14,18,19
1562,3,4,7,8,9,12,13,14,18,19
1563,3,4,7,8,9,12,13,14,18,19
1564,3,4,7,8,9,12,13,14,18,19
1565,3,4,7,8,9,12,13,14,18,19
1566,3,4,7,8,9,12,13,14,18,19
1567,3,4,7,8,9,12,13,14,18,19
1568,3,4,7,8,9,12,13,14,18,19
1569,3,4,7,8,9,12,13,14,18,19
1570,3,4,7,8,9,12,13,14,18,19
1571,3,4,7,8,9,12,13,14,18,19
1572,3,4,7,8,9,12,13,14,18,19
1573,3,4,7,8,9,12,13,14,18,19
1574,3,4,7,8,9,12,13,14,18,19
1575,3,4,7,8,9,12,13,14,18,19
1576,3,4,7,8,9,12,13,14,18,19
1577,3,4,7,8,9,12,13,14,18,19
1578,3,4,7,8,9,12,13,14,18,19
1579,3,4,7,8,9,12,13,14,18,19
1580,3,4,7,8,9,12,13,14,18,19
1581,3,4,7,8,9,12,13,14,18,19
1582,3,4,7,8,9,12,13,14,18,19
1583,3,4,7,8,9,12,13,14,18,19
1584,3,4,7,8,9,12,13,14,18,19
1585,3,4,7,8,9,12,13,14,18,19
1586,3,4,7,8,9,12,13,14,18,19
1587,3,4,7,8,9,12,13,14,18,19
1588,3,4,7,8,9,12,13,14,18,19
1589,3,4,7,8,9,12,13,14,18,19
1590,3,4,7,8,9,12,13,14,18,19
1591,3,4,7,8,9,12,13,14,18,19
1592,3,4,7,8,9,12,13,14,18,19
1593,3,4,7,8,9,12,13,14,18,19
1594,3,4,7,8,9,12,13,14,18,19
1595,3,4,7,8,9,12,13,14,18,19
1596,3,4,7,8,9,12,13,14,18,19
1597,3,4,7,8,9,12,13,14,18,19
1598,3,4,7,8,9,12,13,14,18,19
1599,3,4,7,8,9,12,13,14,18,19
1600,3,4,7,8,9,12,13,14,18,19
1601,3,4,7,8,9,12,13,14,18,19
1602,3,4,7,8,9,12,13,14,18,19
1603,3,4,7,8,9,12,13,14,18,19
1604,3,4,7,8,9,12,13,14,18,19
1605,3,4,7,8,9,12,13,14,18,19
1606,3,4,7,8,9,12,13,14,18,19
1607,3,4,7,8,9,12,13,14,18,19
1608,3,4,7,8,9,12,13,14,18,19
1609,3,4,7,8,9,12,13,14,18,19
1610,3,4,7,8,9,12,13,14,18,19
1611,3,4,7,8,9,12,13,14,18,19
1612,3,4,7,8,9,12,13,14,18,19
1613,3,4,7,8,9,12,13,14,18,19
1614,3,4,7,8,9,12,13,14,18,19
1615,3,4,7,8,9,12,13,14,18,19
1616,3,4,7,8,9,12,13,14,18,19
1617,3,4,7,8,9,12,13,14,18,19
1618,3,4,7,8,9,12,13,14,18,19
1619,3,4,7,8,9,12,13,14,18,19
1620,3,4,7,8,9,12,13,14,18,19
1621,3,4,7,8,9,12,13,14,18,19
1622,3,4,7,8,9,12,13,14,18,19
1623,3,4,7,8,9,12,13,14,18,19
1624,3,4,7,8,9,12,13,14,18,19
1625,3,4,7,8,9,12,13,14,18,19
1626,3,4,7,8,9,12,13,14,18,19
1627,3,4,7,8,9,12,13,14,18,19
1628,3,4,7,8,9,12,13,14,18,19
1629,3,4,7,8,9,12,13,14,18,19
1630,3,4,7,8,9,12,13,14,18,19
1631,3,4,7,8,9,12,13,14,18,19
1632,3,4,7,8,9,12,13,14,18,19
1633,3,4,7,8,9,12,13,14,18,19
1634,3,4,7,8,9,12,13,14,18,19
1635,3,4,7,8,9,12,13,14,18,19
1636,3,4,7,8,9,12,13,14,18,19
1637,3,4,7,8,9,12,13,14,18,19
1638,3,4,7,8,9,12,13,14,18,19
1639,3,4,7,8,9,12,13,14,18,19
1640,3,4,7,8,9,12,13,14,18,19
1641,3,7,8,9,12,13,14,18,19
1642,3,7,8,9,12,13,14,18,19
1643,3,7,8,9,12,13,14,18,19
1644,3,7,8,9,12,13,14,18,19
1645,3,7,8,9,12,13,14,18,19
1646,3,7,8,9,12,13,14,18,19
1647,3,7,8,9,12,13,14,18,19
1648,3,7,8,9,12,13,14,18,19
1649,3,7,8,9,12,13,14,18,19
1650,3,7,8,9,12,13,14,18,19
1651,3,7,8,9,12,13,14,17,18,19
1652,3,7,8,9,12,13,14,17,18,19
1653,3,7,8,9,12,13,14,17,18,19
1654,3,7,8,9,12,13,14,17,18,19
1655,3,7,8,9,12,13,14,17,18,19
1656,3,7,8,9,12,13,14,17,18,19
1657,3,7,8,9,12,13,14,17,18,19
1658,3,7,8,9,12,13,14,17,18,19
1659,3,7,8,9,12,13,14,18,19
1660,3,7,8,9,12,13,14,18,19
1661,3,7,8,9,12,13,14,17,18,19
1662,3,7,8,9,12,13,14,17,18,19
1663,3,7,8,9,12,13,14,17,18,19
1664,3,7,8,9,12,13,14,17,18,19
1665,3,7,8,9,12,13,14,17,18,19
1666,3,7,8,9,12,13,14,17,18,19
1667,3,7,8,9,12,13,14,17,18,19
1668,3,7,8,9,12,13,14,17,18,19
1669,3,7,8,9,12,13,14,17,18,19
1670,3,7,8,9,12,13,14,17,18,19
1671,3,7,8,9,12,13,14,17,18,19
1672,3,7,8,9,12,13,14,17,18,19
1673,3,7,8,9,12,13,14,17,18,19
1674,3,7,8,9,12,13,14,17,18,19
1675,3,7,8,9,12,13,14,17,18,19
1676,3,7,8,9,12,13,14,17,18,19
1677,3,7,8,9,12,13,14,17,18,19
1678,3,7,8,9,12,13,14,17,18,19
1679,3,7,8,9,12,13,14,17,18,19
1680,3,7,8,9,12,13,14,17,18,19
1681,3,7,8,9,12,13,14,17,18,19
1682,3,7,8,9,12,13,14,17,18,19
1683,3,7,8,9,12,13,14,17,18,19
1684,3,7,8,9,12,13,14,17,18,19
1685,3,7,8,9,12,13,14,17,18,19
1686,3,7,8,9,12,13,14,17,18,19
1687,3,7,8,9,12,13,14,17,18,19
1688,3,7,8,9,12,13,14,17,18,19
1689,3,7,8,9,12,13,14,17,18,19
1690,3,7,8,9,12,13,14,17,18,19
1691,3,7,8,9,12,13,14,17,18,19
1692,3,7,8,9,12,13,14,17,18,19
1693,3,7,8,9,12,13,14,17,18,19
1694,3,7,8,9,12,13,14,17,18,19
1695,3,7,8,9,12,13,14,17,18,19
1696,3,7,8,9,12,13,14,17,18,19
1697,3,7,8,9,12,13,14,17,18,19
1698,3,7,8,9,12,13,14,17,18,19
1699,3,7,8,9,12,13,14,17,18,19
1700,3,7,8,9,12,13,14,17,18,19
1701,3,7,8,9,12,13,14,17,18,19
1702,3,7,8,9,12,13,14,17,18,19
1703,3,7,8,9,12,13,14,17,18,19
1704,3,7,8,9,12,13,14,17,18,19
1705,3,7,8,9,12,13,14,17,18,19
1706,3,7,8,9,12,13,14,17,18,19
1707,3,7,8,9,12,13,14,17,18,19
1708,3,7,8,9,12,13,14,17,18,19
1709,3,7,8,9,12,13,14,17,18,19
1710,3,7,8,9,12,13,14,17,18,19
1711,3,7,8,9,12,13,14,17,18,19
1712,3,7,8,9,12,13,14,17,18,19
1713,3,7,8,9,12,13,14,17,18,19
1714,3,7,8,9,12,13,14,17,18,19
1715,3,7,8,9,12,13,14,17,18,19
1716,3,7,8,9,12,13,14,17,18,19
1717,3,7,8,9,12,13,14,17,18,19
1718,3,7,8,9,12,13,14,17,18,19
1719,3,7,8,9,12,13,14,17,18,19
1720,3,7,8,9,12,13,14,17,18,19
1721,3,7,8,9,12,13,14,17,18,19
1722,3,7,8,9,12,13,14,17,18,19
1723,3,7,8,9,12,13,14,17,18,19
1724,3,7,8,9,12,13,14,17,18,19
1725,3,7,8,9,12,13,14,17,18,19
1726,3,7,8,9,12,13,14,17,18,19
1727,3,7,8,9,12,13,14,17,18,19
1728,3,7,8,9,12,13,14,17,18,19
1729,3,7,8,9,12,13,14,17,18,19
1730,3,7,8,9,12,13,14,17,18,19
1731,3,7,8,9,12,13,14,17,18,19
1732,3,7,8,9,12,13,14,17,18,19
1733,3,7,8,9,12,13,14,17,18,19
1734,3,7,8,9,12,13,14,17,18,19
1735,3,7,8,9,12,13,14,17,18,19
1736,3,7,8,9,12,13,14,17,18,19
1737,3,7,8,9,12,13,14,17,18,19
1738,3,7,8,9,12,13,14,17,18,19
1739,3,7,8,9,12,13,14,17,18,19
1740,3,7,8,9,12,13,14,17,18,19
1741,3,7,8,9,12,13,14,17,18,19
1742,3,7,8,9,12,13,14,17,18,19
1743,3,7,8,9,12,13,14,17,18,19
1744,3,7,8,9,12,13,14,17,18,19
1745,3,7,8,9,12,13,14,17,18,19
1746,3,7,8,9,12,13,14,17,18,19
1747,3,7,8,9,12,13,14,17,18,19
1748,3,7,8,9,12,13,14,17,18,19
1749,3,7,8,9,12,13,14,17,18,19
1750,3,7,8,9,12,13,14,17,18,19
1751,3,7,8,9,12,13,14,17,18,19
1752,3,7,8,9,12,13,14,17,18,19
1753,3,7,8,9,12,13,14,17,18,19
1754,3,7,8,9,12,13,14,17,18,19
1755,3,7,8,9,12,13,14,17,18,19
1756,3,7,8,9,12,13,14,17,18,19
1757,3,7,8,9,12,13,14,17,18,19
1758,3,7,8,9,12,13,14,17,18,19
1759,3,7,8,9,12,13,14,17,18,19
1760,3,7,8,9,12,13,14,17,18,19
1761,3,7,8,9,12,13,14,17,18,19
1762,3,7,8,9,12,13,14,17,18,19
1763,3,7,8,9,12,13,14,17,18,19
1764,3,7,8,9,12,13,14,17,18,19
1765,3,7,8,9,12,13,14,17,18,19
1766,3,7,8,9,12,13,14,17,18,19
1767,3,7,8,9,12,13,14,17,18,19
1768,3,7,8,9,12,13,14,17,18,19
1769,3,7,8,9,12,13,14,17,18,19
1770,3,7,8,9,12,13,14,17,18,19
1771,3,7,8,9,12,13,14,17,18,19
1772,3,7,8,9,12,13,14,17,18,19
1773,3,7,8,9,12,13,14,17,18,19
1774,3,7,8,9,12,13,14,17,18,19
1775,3,7,8,9,12,13,14,17,18,19
1776,3,7,8,9,12,13,14,17,18,19
1777,3,7,8,9,12,13,14,17,18,19
1778,3,7,8,9,12,13,14,17,18,19
1779,3,7,8,9,12,13,14,17,18,19
1780,3,7,8,9,12,13,14,17,18,19
1781,3,7,8,9,12,13,14,17,18,19
1782,3,7,8,9,12,13,14,17,18,19
1783,3,7,8,9,12,13,14,17,18,19
1784,3,7,8,9,12,13,14,17,18,19
1785,3,7,8,9,12,13,14,17,18,19
1786,3,7,8,9,12,13,14,17,18,19
1787,3,7,8,9,12,13,14,17,18,19
1788,3,7,8,9,12,13,14,17,18,19
1789,3,7,8,9,12,13,14,17,18,19
1790,3,7,8,9,12,13,14,17,18,19
1791,3,7,8,9,12,13,14,17,18,19
1792,3,7,8,9,12,13,14,17,18,19
1793,3,7,8,9,12,13,14,17,18,19
1794,3,7,8,9,12,13,14,17,18,19
1795,3,7,8,9,12,13,14,17,18,19
1796,3,7,8,9,12,13,14,17,18,19
1797,3,7,8,9,12,13,14,17,18,19
1798,3,7,8,9,12,13,14,17,18,19
1799,3,7,8,9,12,13,14,17,18,19
1800,3,7,8,9,12,13,14,17,18,19
