1,15,16,17,18,25,26,27,28,35,36,37,38,46
2,15,16,17,18,25,26,27,28,35,36,37,38,46
3,15,16,17,18,25,26,27,28,35,36,37,38,46
4,15,16,17,18,25,26,27,28,35,36,37,38,46
5,15,16,17,18,25,26,27,28,35,36,37,38,46,47
6,15,16,17,18,25,26,27,28,35,36,37,38,46,47
7,15,16,17,18,25,26,27,28,35,36,37,38,46,47
8,15,16,17,18,25,26,27,28,35,36,37,38,46,47
9,15,16,17,18,25,26,27,28,35,36,37,38,46,47
10,15,16,17,18,25,26,27,28,35,36,37,38,46,47
11,15,16,17,18,25,26,27,28,35,36,37,38,46,47
12,15,16,17,18,25,26,27,28,35,36,37,38,46,47
13,15,16,17,18,25,26,27,28,35,36,37,38,46,47
14,15,16,17,18,25,26,27,28,35,36,37,38,46,47
15,15,16,17,25,26,27,28,35,36,37,38,46,47
16,15,16,17,25,26,27,28,35,36,37,38,46,47
17,15,16,17,25,26,27,28,35,36,37,38,46,47
18,15,16,17,25,26,27,28,35,36,37,38,46,47
19,15,16,17,25,26,27,28,35,36,37,38,46,47
20,15,16,17,25,26,27,28,35,36,37,38,46,47
21,15,16,17,25,26,27,28,35,36,37,38,46,47
22,15,16,17,25,26,27,28,35,36,37,38,46,47
23,15,16,17,25,26,27,28,35,36,37,38,46,47
24,15,16,17,25,26,27,28,35,36,37,38,46,47
25,15,16,17,25,26,27,28,35,36,37,38,46,47
26,15,16,17,25,26,27,28,35,36,37,38,46,47
27,15,16,17,25,26,27,28,35,36,37,38,45,46,47
28,15,16,17,25,26,27,28,35,36,37,38,45,46,47
29,15,16,17,25,26,27,28,35,36,37,38,45,46,47
30,15,16,17,25,26,27,28,35,36,37,38,45,46,47
31,15,16,17,25,26,27,28,35,36,37,38,45,46,47
32,15,16,17,25,26,27,28,35,36,37,38,45,46,47
33,15,16,17,25,26,27,28,35,36,37,38,45,46,47
34,15,16,17,25,26,27,28,35,36,37,38,45,46,47
35,15,16,17,25,26,27,28,35,36,37,38,45,46,47
36,15,16,17,25,26,27,28,35,36,37,38,45,46,47
37,15,16,17,25,26,27,28,35,36,37,38,45,46,47
38,15,16,17,25,26,27,28,35,36,37,38,45,46,47
39,15,16,17,25,26,27,28,35,36,37,38,45,46,47
40,15,16,17,25,26,27,28,35,36,37,38,45,46,47
41,15,16,17,25,26,27,28,35,36,37,38,45,46,47
42,15,16,17,25,26,27,28,35,36,37,38,45,46,47
43,15,16,17,25,26,27,28,35,36,37,38,45,46,47
44,15,16,17,25,26,27,28,35,36,37,38,45,46,47
45,15,16,17,25,26,27,28,35,36,37,38,45,46,47
46,15,16,17,25,26,27,28,35,36,37,38,45,46,47
47,15,16,17,25,26,27,28,35,36,37,38,45,46,47
48,15,16,17,25,26,27,28,35,36,37,38,45,46,47
49,15,16,17,25,26,27,28,35,36,37,38,45,46,47
50,15,16,17,25,26,27,28,35,36,37,38,45,46,47
51,15,16,17,25,26,27,28,35,36,37,38,45,46,47
52,15,16,17,25,26,27,28,35,36,37,38,45,46,47
53,15,16,17,25,26,27,28,35,36,37,38,45,46,47
54,15,16,17,25,26,27,28,35,36,37,38,45,46,47
55,15,16,17,25,26,27,28,35,36,37,38,45,46,47
56,15,16,17,25,26,27,28,35,36,37,38,45,46,47
57,15,16,17,25,26,27,28,35,36,37,38,45,46,47
58,15,16,17,25,26,27,28,35,36,37,38,45,46,47
59,15,16,17,25,26,27,28,35,36,37,38,45,46,47
60,15,16,17,25,26,27,28,35,36,37,38,45,46,47
61,15,16,17,25,26,27,28,35,36,37,38,45,46,47
62,15,16,17,25,26,27,28,35,36,37,38,45,46,47
63,15,16,17,25,26,27,28,35,36,37,38,45,46,47
64,15,16,17,25,26,27,28,35,36,37,38,45,46,47
65,15,16,17,25,26,27,28,35,36,37,38,45,46,47
66,15,16,17,25,26,27,28,35,36,37,38,45,46,47
67,15,16,17,25,26,27,28,35,36,37,38,45,46,47
68,15,16,17,25,26,27,28,35,36,37,38,45,46,47
69,15,16,17,25,26,27,28,35,36,37,38,45,46,47
70,15,16,17,25,26,27,28,35,36,37,38,45,46,47
71,15,16,17,25,26,27,28,35,36,37,38,45,46,47
72,15,16,17,25,26,27,28,35,36,37,38,45,46,47
73,15,16,17,25,26,27,28,35,36,37,38,45,46,47
74,15,16,17,25,26,27,28,35,36,37,38,45,46,47
75,15,16,17,25,26,27,28,35,36,37,38,45,46,47
76,15,16,17,25,26,27,28,35,36,37,38,45,46,47
77,15,16,17,25,26,27,28,35,36,37,38,45,46,47
78,15,16,17,25,26,27,28,35,36,37,38,45,46,47
79,15,16,17,25,26,27,28,35,36,37,38,45,46,47
80,15,16,17,25,26,27,28,35,36,37,38,45,46,47
81,15,16,17,25,26,27,28,35,36,37,38,45,46,47
82,15,16,17,25,26,27,28,35,36,37,38,45,46,47
83,15,16,17,25,26,27,28,35,36,37,38,45,46,47
84,15,16,17,25,26,27,28,35,36,37,38,45,46,47
85,15,16,17,25,26,27,28,35,36,37,38,45,46,47
86,15,16,17,25,26,27,28,35,36,37,38,45,46,47
87,16,17,25,26,27,28,35,36,37,38,45,46,47
88,16,17,25,26,27,28,35,36,37,38,45,46,47
89,16,17,25,26,27,28,35,36,37,38,45,46,47
90,16,17,25,26,27,28,35,36,37,38,45,46,47
91,16,17,25,26,27,28,35,36,37,38,45,46,47
92,16,17,25,26,27,28,35,36,37,38,45,46,47
93,16,17,25,26,27,28,35,36,37,38,45,46,47
94,16,17,25,26,27,28,35,36,37,38,45,46,47
95,16,17,25,26,27,28,35,36,37,38,45,46,47
96,16,17,25,26,27,28,35,36,37,38,45,46,47
97,16,17,25,26,27,28,35,36,37,38,45,46,47
98,16,17,25,26,27,28,35,36,37,38,45,46,47
99,16,17,25,26,27,28,35,36,37,38,45,46,47
100,16,17,25,26,27,28,35,36,37,38,45,46,47
101,16,17,25,26,27,28,35,36,37,38,45,46,47
102,16,17,25,26,27,28,35,36,37,38,45,46,47
103,16,17,25,26,27,28,35,36,37,38,45,46,47
104,16,17,25,26,27,28,35,36,37,38,45,46,47
105,16,17,25,26,27,28,35,36,37,38,45,46,47
106,16,17,25,26,27,28,35,36,37,38,45,46,47
107,16,17,25,26,27,28,35,36,37,38,45,46,47
108,16,17,25,26,27,28,35,36,37,38,45,46,47
109,15,16,17,25,26,27,28,35,36,37,38,45,46,47
110,15,16,17,25,26,27,28,35,36,37,38,45,46,47
111,15,16,17,25,26,27,28,35,36,37,38,45,46,47
112,15,16,17,25,26,27,28,35,36,37,38,45,46,47
113,16,17,25,26,27,28,35,36,37,38,45,46,47
114,16,17,25,26,27,28,35,36,37,38,45,46,47
115,16,17,25,26,27,28,35,36,37,38,45,46,47
116,16,17,25,26,27,28,35,36,37,38,45,46,47
117,15,16,17,25,26,27,28,35,36,37,38,45,46,47
118,15,16,17,25,26,27,28,35,36,37,38,45,46,47
119,15,16,17,25,26,27,28,35,36,37,38,45,46,47
120,15,16,17,25,26,27,28,35,36,37,38,45,46,47
121,15,16,17,25,26,27,28,35,36,37,38,45,46,47
122,15,16,17,25,26,27,28,35,36,37,38,45,46,47
123,15,16,17,25,26,27,28,35,36,37,38,45,46,47
124,15,16,17,25,26,27,28,35,36,37,38,45,46,47
125,15,16,17,25,26,27,28,35,36,37,38,45,46,47
126,15,16,17,25,26,27,28,35,36,37,38,45,46,47
127,15,16,17,25,26,27,28,35,36,37,38,45,46,47
128,15,16,17,25,26,27,28,35,36,37,38,45,46,47
129,15,16,17,25,26,27,28,35,36,37,38,45,46,47
130,15,16,17,25,26,27,28,35,36,37,38,45,46,47
131,15,16,17,25,26,27,28,35,36,37,38,45,46,47
132,15,16,17,25,26,27,28,35,36,37,38,45,46,47
133,15,16,17,25,26,27,28,35,36,37,38,45,46,47
134,15,16,17,25,26,27,28,35,36,37,38,45,46,47
135,15,16,17,25,26,27,28,35,36,37,38,45,46,47
136,15,16,17,25,26,27,28,35,36,37,38,45,46,47
137,15,16,17,25,26,27,28,35,36,37,38,45,46,47
138,15,16,17,25,26,27,28,35,36,37,38,45,46,47
139,15,16,17,25,26,27,28,35,36,37,38,45,46,47
140,15,16,17,25,26,27,28,35,36,37,38,45,46,47
141,15,16,17,25,26,27,28,35,36,37,38,45,46,47
142,15,16,17,25,26,27,28,35,36,37,38,45,46,47
143,15,16,17,25,26,27,28,35,36,37,38,45,46,47
144,15,16,17,25,26,27,28,35,36,37,38,45,46,47
145,15,16,17,25,26,27,28,35,36,37,38,45,46,47
146,15,16,17,25,26,27,28,35,36,37,38,45,46,47
147,15,16,17,25,26,27,28,35,36,37,38,45,46,47
148,15,16,17,25,26,27,28,35,36,37,38,45,46,47
149,15,16,17,25,26,27,28,35,36,37,38,45,46,47
150,15,16,17,25,26,27,28,35,36,37,38,45,46,47
151,15,16,17,25,26,27,28,35,36,37,38,45,46,47
152,15,16,17,25,26,27,28,35,36,37,38,45,46,47
153,15,16,17,25,26,27,28,35,36,37,38,45,46,47
154,15,16,17,25,26,27,28,35,36,37,38,45,46,47
155,15,16,17,25,26,27,28,35,36,37,38,45,46,47
156,15,16,17,25,26,27,28,35,36,37,38,45,46,47
157,15,16,17,25,26,27,28,35,36,37,38,45,46,47
158,15,16,17,25,26,27,28,35,36,37,38,45,46,47
159,15,16,17,25,26,27,28,35,36,37,38,45,46,47
160,15,16,17,25,26,27,28,35,36,37,38,45,46,47
161,15,16,17,25,26,27,28,35,36,37,38,45,46,47
162,15,16,17,25,26,27,28,35,36,37,38,45,46,47
163,15,16,17,25,26,27,28,35,36,37,38,45,46,47
164,15,16,17,25,26,27,28,35,36,37,38,45,46,47
165,15,16,17,25,26,27,28,35,36,37,38,45,46,47
166,15,16,17,25,26,27,28,35,36,37,38,45,46,47
167,15,16,17,25,26,27,28,35,36,37,38,45,46,47
168,15,16,17,25,26,27,28,35,36,37,38,45,46,47
169,15,16,17,25,26,27,28,35,36,37,38,45,46,47
170,15,16,17,25,26,27,28,35,36,37,38,45,46,47
171,15,16,17,25,26,27,28,35,36,37,38,45,46,47
172,15,16,17,25,26,27,28,35,36,37,38,45,46,47
173,15,16,17,25,26,27,28,35,36,37,38,45,46,47
174,15,16,17,25,26,27,28,35,36,37,38,45,46,47
175,15,16,17,25,26,27,28,35,36,37,38,45,46,47
176,15,16,17,25,26,27,28,35,36,37,38,45,46,47
177,15,16,17,25,26,27,28,35,36,37,38,45,46,47
178,15,16,17,25,26,27,28,35,36,37,38,45,46,47
179,15,16,17,25,26,27,28,35,36,37,38,45,46,47
180,15,16,17,25,26,27,28,35,36,37,38,45,46,47
181,15,16,17,25,26,27,28,35,36,37,38,45,46,47
182,15,16,17,25,26,27,28,35,36,37,38,45,46,47
183,15,16,17,25,26,27,28,35,36,37,38,45,46,47
184,15,16,17,25,26,27,28,35,36,37,38,45,46,47
185,15,16,17,25,26,27,28,35,36,37,38,45,46,47
186,15,16,17,25,26,27,28,35,36,37,38,45,46,47
187,15,16,17,25,26,27,28,35,36,37,38,45,46,47
188,15,16,17,25,26,27,28,35,36,37,38,45,46,47
189,15,16,17,25,26,27,28,35,36,37,38,45,46,47
190,15,16,17,25,26,27,28,35,36,37,38,45,46,47
191,15,16,17,25,26,27,28,35,36,37,38,45,46,47
192,15,16,17,25,26,27,28,35,36,37,38,45,46,47
193,15,16,17,25,26,27,28,35,36,37,38,45,46,47
194,15,16,17,25,26,27,28,35,36,37,38,45,46,47
195,15,16,17,25,26,27,28,35,36,37,38,45,46,47
196,15,16,17,25,26,27,28,35,36,37,38,45,46,47
197,15,16,17,25,26,27,28,35,36,37,38,45,46,47
198,15,16,17,25,26,27,28,35,36,37,38,45,46,47
199,15,16,17,25,26,27,28,35,36,37,38,45,46,47
200,15,16,17,25,26,27,28,35,36,37,38,45,46,47
201,15,16,17,25,26,27,28,35,36,37,38,45,46,47
202,15,16,17,25,26,27,28,35,36,37,38,45,46,47
203,15,16,17,25,26,27,28,35,36,37,38,45,46,47
204,15,16,17,25,26,27,28,35,36,37,38,45,46,47
205,15,16,17,25,26,27,28,35,36,37,38,45,46,47
206,15,16,17,25,26,27,28,35,36,37,38,45,46,47
207,15,16,17,25,26,27,28,35,36,37,38,45,46,47
208,15,16,17,25,26,27,28,35,36,37,38,45,46,47
209,15,16,17,25,26,27,28,35,36,37,38,45,46,47
210,15,16,17,25,26,27,28,35,36,37,38,45,46,47
211,15,16,17,25,26,27,28,35,36,37,38,45,46,47
212,15,16,17,25,26,27,28,35,36,37,38,45,46,47
213,15,16,17,25,26,27,28,35,36,37,38,45,46,47
214,15,16,17,25,26,27,28,35,36,37,38,45,46,47
215,15,16,17,25,26,27,28,35,36,37,38,45,46,47
216,15,16,17,25,26,27,28,35,36,37,38,45,46,47
217,15,16,17,25,26,27,28,35,36,37,38,45,46,47
218,15,16,17,25,26,27,28,35,36,37,38,45,46,47
219,15,16,17,25,26,27,28,35,36,37,38,45,46,47
220,15,16,17,25,26,27,28,35,36,37,38,45,46,47
221,15,16,17,25,26,27,28,35,36,37,38,45,46,47
222,15,16,17,25,26,27,28,35,36,37,38,45,46,47
223,15,16,17,25,26,27,28,35,36,37,38,45,46,47
224,15,16,17,25,26,27,28,35,36,37,38,45,46,47
225,15,16,17,25,26,27,28,35,36,37,38,45,46,47
226,15,16,17,25,26,27,28,35,36,37,38,45,46,47
227,15,16,17,25,26,27,28,35,36,37,38,45,46,47
228,15,16,17,25,26,27,28,35,36,37,38,45,46,47
229,15,16,17,25,26,27,28,35,36,37,38,45,46,47
230,15,16,17,25,26,27,28,35,36,37,38,45,46,47
231,15,16,17,25,26,27,28,35,36,37,38,45,46,47
232,15,16,17,25,26,27,28,35,36,37,38,45,46,47
233,15,16,17,25,26,27,28,35,36,37,38,45,46,47
234,15,16,17,25,26,27,28,35,36,37,38,45,46,47
235,15,16,17,25,26,27,28,35,36,37,38,45,46,47
236,15,16,17,25,26,27,28,35,36,37,38,45,46,47
237,15,16,17,25,26,27,28,35,36,37,38,45,46,47
238,15,16,17,25,26,27,28,35,36,37,38,45,46,47
239,15,16,17,25,26,27,28,35,36,37,38,45,46,47
240,15,16,17,25,26,27,28,35,36,37,38,45,46,47
241,15,16,17,25,26,27,28,35,36,37,38,45,46,47
242,15,16,17,25,26,27,28,35,36,37,38,45,46,47
243,15,16,17,25,26,27,28,35,36,37,38,45,46,47
244,15,16,17,25,26,27,28,35,36,37,38,45,46,47
245,15,16,17,25,26,27,28,35,36,37,38,45,46,47
246,15,16,17,25,26,27,28,35,36,37,38,45,46,47
247,15,16,17,25,26,27,28,35,36,37,38,45,46,47
248,15,16,17,25,26,27,28,35,36,37,38,45,46,47
249,15,16,17,25,26,27,28,35,36,37,38,45,46,47
250,15,16,17,25,26,27,28,35,36,37,38,45,46,47
251,15,16,17,25,26,27,28,35,36,37,38,45,46,47
252,15,16,17,25,26,27,28,35,36,37,38,45,46,47
253,15,16,17,25,26,27,28,35,36,37,38,45,46,47
254,15,16,17,25,26,27,28,35,36,37,38,45,46,47
255,15,16,17,25,26,27,28,35,36,37,38,45,46,47
256,15,16,17,25,26,27,28,35,36,37,38,45,46,47
257,15,16,17,25,26,27,28,35,36,37,38,45,46,47
258,15,16,17,25,26,27,28,35,36,37,38,45,46,47
259,15,16,17,25,26,27,28,35,36,37,38,45,46,47
260,15,16,17,25,26,27,28,35,36,37,38,45,46,47
261,15,16,17,25,26,27,28,35,36,37,38,45,46,47
262,15,16,17,25,26,27,28,35,36,37,38,45,46,47
263,15,16,17,25,26,27,28,35,36,37,38,45,46,47
264,15,16,17,25,26,27,28,35,36,37,38,45,46,47
265,15,16,17,25,26,27,28,35,36,37,38,45,46,47
266,15,16,17,25,26,27,28,35,36,37,38,45,46,47
267,15,16,17,25,26,27,28,35,36,37,38,45,46,47
268,15,16,17,25,26,27,28,35,36,37,38,45,46,47
269,15,16,17,25,26,27,28,35,36,37,38,45,46,47
270,15,16,17,25,26,27,28,35,36,37,38,45,46,47
271,15,16,17,25,26,27,28,35,36,37,38,45,46,47
272,15,16,17,25,26,27,28,35,36,37,38,45,46,47
273,15,16,17,25,26,27,28,35,36,37,38,45,46,47
274,15,16,17,25,26,27,28,35,36,37,38,45,46,47
275,15,16,17,25,26,27,28,35,36,37,38,45,46,47
276,15,16,17,25,26,27,28,35,36,37,38,45,46,47
277,15,16,17,25,26,27,28,35,36,37,38,45,46,47
278,15,16,17,25,26,27,28,35,36,37,38,45,46,47
279,15,16,17,25,26,27,28,35,36,37,38,45,46,47
280,15,16,17,25,26,27,28,35,36,37,38,45,46,47
281,15,16,17,25,26,27,28,35,36,37,38,45,46,47
282,15,16,17,25,26,27,28,35,36,37,38,45,46,47
283,15,16,17,25,26,27,28,35,36,37,38,45,46,47
284,15,16,17,25,26,27,28,35,36,37,38,45,46,47
285,15,16,17,25,26,27,28,35,36,37,38,45,46,47
286,15,16,17,25,26,27,28,35,36,37,38,45,46,47
287,15,16,17,25,26,27,28,35,36,37,38,45,46,47
288,15,16,17,25,26,27,28,35,36,37,38,45,46,47
289,15,16,17,25,26,27,28,35,36,37,38,45,46,47
290,15,16,17,25,26,27,28,35,36,37,38,45,46,47
291,15,16,17,25,26,27,28,35,36,37,38,45,46,47
292,15,16,17,25,26,27,28,35,36,37,38,45,46,47
293,15,16,17,25,26,27,28,35,36,37,38,46,47
294,15,16,17,25,26,27,28,35,36,37,38,46,47
295,15,16,17,25,26,27,28,35,36,37,38,46,47
296,15,16,17,25,26,27,28,35,36,37,38,46,47
297,15,16,17,25,26,27,28,35,36,37,38,46,47
298,15,16,17,25,26,27,28,35,36,37,38,46,47
299,15,16,17,18,25,26,27,28,35,36,37,38,46,47
300,15,16,17,18,25,26,27,28,35,36,37,38,46,47
301,15,16,17,18,25,26,27,28,35,36,37,38
302,15,16,17,18,25,26,27,28,35,36,37,38
303,7,15,16,17,18,25,26,27,28,35,36,37,38
304,7,15,16,17,18,25,26,27,28,35,36,37,38
305,6,7,15,16,17,18,25,26,27,28,35,36,37
306,6,7,15,16,17,18,25,26,27,28,35,36,37
307,6,7,15,16,17,18,25,26,27,28,35,36,37
308,6,7,15,16,17,18,25,26,27,28,35,36,37
309,6,7,15,16,17,18,25,26,27,28,35,36,37
310,6,7,15,16,17,18,25,26,27,28,35,36,37
311,6,7,15,16,17,18,25,26,27,28,35,36,37
312,6,7,15,16,17,18,25,26,27,28,35,36,37
313,6,7,15,16,17,18,25,26,27,28,35,36,37
314,6,7,15,16,17,18,25,26,27,28,35,36,37
315,6,7,15,16,17,18,25,26,27,28,35,36,37
316,6,7,15,16,17,18,25,26,27,28,35,36,37
317,6,7,15,16,17,18,25,26,27,28,35,36,37
318,6,7,15,16,17,18,25,26,27,28,35,36,37
319,6,7,15,16,17,18,25,26,27,28,35,36,37
320,6,7,15,16,17,18,25,26,27,28,35,36,37
321,6,7,15,16,17,18,25,26,27,28,35,36,37
322,6,7,15,16,17,18,25,26,27,28,35,36,37
323,6,7,15,16,17,18,25,26,27,28,35,36,37
324,6,7,15,16,17,18,25,26,27,28,35,36,37
325,6,7,15,16,17,25,26,27,28,35,36,37
326,6,7,15,16,17,25,26,27,28,35,36,37
327,6,7,15,16,17,25,26,27,35,36,37
328,6,7,15,16,17,25,26,27,35,36,37
329,6,7,15,16,17,25,26,27,35,36,37
330,6,7,15,16,17,25,26,27,35,36,37
331,6,7,15,16,17,25,26,27,28,35,36,37
332,6,7,15,16,17,25,26,27,28,35,36,37
333,6,7,15,16,17,25,26,27,28,35,36,37
334,6,7,15,16,17,25,26,27,28,35,36,37
335,6,15,16,17,25,26,27,28,35,36,37
336,6,15,16,17,25,26,27,28,35,36,37
337,6,15,16,17,25,26,27,28,35,36,37
338,6,15,16,17,25,26,27,28,35,36,37
339,6,15,16,17,25,26,27,28,35,36,37
340,6,15,16,17,25,26,27,28,35,36,37
341,15,16,17,25,26,27,28,35,36,37
342,15,16,17,25,26,27,28,35,36,37
343,15,16,17,25,26,27,28,35,36,37
344,15,16,17,25,26,27,28,35,36,37
345,15,16,17,25,26,27,28,35,36,37
346,15,16,17,25,26,27,28,35,36,37
347,15,16,17,25,26,27,28,35,36,37
348,15,16,17,25,26,27,28,35,36,37
349,15,16,17,25,26,27,28,35,36,37
350,15,16,17,25,26,27,28,35,36,37
351,15,16,17,25,26,27,28,35,36,37
352,15,16,17,25,26,27,28,35,36,37
353,15,16,17,25,26,27,28,35,36,37
354,15,16,17,25,26,27,28,35,36,37
355,15,16,17,25,26,27,28,35,36,37
356,15,16,17,25,26,27,28,35,36,37
357,15,16,17,25,26,27,28,35,36,37
358,15,16,17,25,26,27,28,35,36,37
359,15,16,17,25,26,27,28,35,36,37,38
360,15,16,17,25,26,27,28,35,36,37,38
361,15,16,17,25,26,27,28,35,36,37,38
362,15,16,17,25,26,27,28,35,36,37,38
363,15,16,17,25,26,27,28,35,36,37,38
364,15,16,17,25,26,27,28,35,36,37,38
365,15,16,17,25,26,27,28,35,36,37,38
366,15,16,17,25,26,27,28,35,36,37,38
367,15,16,17,25,26,27,28,35,36,37,38
368,15,16,17,25,26,27,28,35,36,37,38
369,15,16,17,25,26,27,28,35,36,37,38
370,15,16,17,25,26,27,28,35,36,37,38
371,15,16,17,25,26,27,28,35,36,37,38,46
372,15,16,17,25,26,27,28,35,36,37,38,46
373,15,16,17,25,26,27,28,35,36,37,38,46
374,15,16,17,25,26,27,28,35,36,37,38,46
375,15,16,17,25,26,27,28,35,36,37,38,46
376,15,16,17,25,26,27,28,35,36,37,38,46
377,15,16,17,25,26,27,28,35,36,37,38,46
378,15,16,17,25,26,27,28,35,36,37,38,46
379,15,16,17,25,26,27,28,35,36,37,38,46
380,15,16,17,25,26,27,28,35,36,37,38,46
381,15,16,17,25,26,27,28,35,36,37,38,46
382,15,16,17,25,26,27,28,35,36,37,38,46
383,15,16,17,25,26,27,28,35,36,37,38,46
384,15,16,17,25,26,27,28,35,36,37,38,46
385,15,16,17,25,26,27,28,35,36,37,38,46
386,15,16,17,25,26,27,28,35,36,37,38,46
387,15,16,17,25,26,27,28,35,36,37,38,46
388,15,16,17,25,26,27,28,35,36,37,38,46
389,15,16,17,25,26,27,28,35,36,37,38,46
390,15,16,17,25,26,27,28,35,36,37,38,46
391,15,16,17,25,26,27,28,35,36,37,46
392,15,16,17,25,26,27,28,35,36,37,46
393,15,16,17,25,26,27,28,35,36,37,46
394,15,16,17,25,26,27,28,35,36,37,46
395,15,16,17,25,26,27,28,35,36,37,46
396,15,16,17,25,26,27,28,35,36,37,46
397,15,16,17,25,26,27,28,35,36,37,46
398,15,16,17,25,26,27,28,35,36,37,46
399,15,16,17,25,26,27,28,35,36,37,46
400,15,16,17,25,26,27,28,35,36,37,46
401,15,16,17,25,26,27,28,35,36,37,46
402,15,16,17,25,26,27,28,35,36,37,46
403,15,16,17,25,26,27,28,35,36,37,46
404,15,16,17,25,26,27,28,35,36,37,46
405,15,16,17,25,26,27,28,35,36,37,46
406,15,16,17,25,26,27,28,35,36,37,46
407,15,16,17,25,26,27,28,35,36,37,46
408,15,16,17,25,26,27,28,35,36,37,46
409,15,16,17,25,26,27,28,35,36,37,46
410,15,16,17,25,26,27,28,35,36,37,46
411,15,16,17,25,26,27,28,35,36,37,46
412,15,16,17,25,26,27,28,35,36,37,46
413,15,16,17,25,26,27,28,35,36,37,46
414,15,16,17,25,26,27,28,35,36,37,46
415,15,16,17,25,26,27,28,35,36,37,46
416,15,16,17,25,26,27,28,35,36,37,46
417,15,16,17,25,26,27,28,35,36,37,46
418,15,16,17,25,26,27,28,35,36,37,46
419,15,16,17,25,26,27,28,35,36,37,46
420,15,16,17,25,26,27,28,35,36,37,46
421,15,16,17,25,26,27,28,35,36,37,46
422,15,16,17,25,26,27,28,35,36,37,46
423,15,16,17,25,26,27,28,35,36,37,46,47
424,15,16,17,25,26,27,28,35,36,37,46,47
425,15,16,17,25,26,27,28,35,36,37,46,47
426,15,16,17,25,26,27,28,35,36,37,46,47
427,15,16,17,25,26,27,28,35,36,37,46,47
428,15,16,17,25,26,27,28,35,36,37,46,47
429,15,16,17,25,26,27,28,35,36,37,46,47
430,15,16,17,25,26,27,28,35,36,37,46,47
431,15,16,17,25,26,27,28,35,36,37,46,47
432,15,16,17,25,26,27,28,35,36,37,46,47
433,15,16,17,25,26,27,35,36,37,46,47
434,15,16,17,25,26,27,35,36,37,46,47
435,15,16,17,25,26,27,35,36,37,46,47
436,15,16,17,25,26,27,35,36,37,46,47
437,15,16,17,25,26,27,35,36,37,46,47
438,15,16,17,25,26,27,35,36,37,46,47
439,15,16,17,25,26,27,35,36,37,46,47
440,15,16,17,25,26,27,35,36,37,46,47
441,15,16,17,25,26,27,35,36,37,46,47
442,15,16,17,25,26,27,35,36,37,46,47
443,15,16,17,25,26,27,35,36,37,46,47
444,15,16,17,25,26,27,35,36,37,46,47
445,15,16,17,25,26,27,35,36,37,46,47
446,15,16,17,25,26,27,35,36,37,46,47
447,15,16,17,25,26,27,35,36,37,46,47
448,15,16,17,25,26,27,35,36,37,46,47
449,15,16,17,25,26,27,35,36,37,46,47
450,15,16,17,25,26,27,35,36,37,46,47
451,15,16,17,25,26,27,35,36,37,46,47
452,15,16,17,25,26,27,35,36,37,46,47
453,15,16,17,25,26,27,35,36,37,46,47
454,15,16,17,25,26,27,35,36,37,46,47
455,15,16,17,25,26,27,35,36,37,46,47
456,15,16,17,25,26,27,35,36,37,46,47
457,15,16,17,25,26,27,35,36,37,46,47
458,15,16,17,25,26,27,35,36,37,46,47
459,15,16,17,25,26,27,35,36,37,46,47
460,15,16,17,25,26,27,35,36,37,46,47
461,15,16,17,25,26,27,35,36,37,46,47
462,15,16,17,25,26,27,35,36,37,46,47
463,15,16,17,25,26,27,35,36,37,46,47
464,15,16,17,25,26,27,35,36,37,46,47
465,15,16,17,25,26,27,35,36,37,46,47
466,15,16,17,25,26,27,35,36,37,46,47
467,15,16,17,25,26,27,35,36,37,45,46,47
468,15,16,17,25,26,27,35,36,37,45,46,47
469,15,16,17,25,26,27,35,36,37,45,46,47
470,15,16,17,25,26,27,35,36,37,45,46,47
471,15,16,17,25,26,27,35,36,37,45,46,47
472,15,16,17,25,26,27,35,36,37,45,46,47
473,15,16,17,25,26,27,35,36,37,45,46,47
474,15,16,17,25,26,27,35,36,37,45,46,47
475,15,16,17,25,26,27,35,36,37,45,46,47
476,15,16,17,25,26,27,35,36,37,45,46,47
477,15,16,17,25,26,27,35,36,37,45,46,47
478,15,16,17,25,26,27,35,36,37,45,46,47
479,15,16,17,25,26,27,35,36,37,45,46,47
480,15,16,17,25,26,27,35,36,37,45,46,47
481,15,16,17,25,26,27,35,36,37,45,46,47
482,15,16,17,25,26,27,35,36,37,45,46,47
483,15,16,17,25,26,27,35,36,37,45,46,47
484,15,16,17,25,26,27,35,36,37,45,46,47
485,15,16,17,25,26,27,35,36,37,45,46,47
486,15,16,17,25,26,27,35,36,37,45,46,47
487,15,16,17,25,26,27,35,36,37,45,46,47
488,15,16,17,25,26,27,35,36,37,45,46,47
489,15,16,17,25,26,27,35,36,37,45,46,47
490,15,16,17,25,26,27,35,36,37,45,46,47
491,15,16,17,25,26,27,35,36,37,46,47
492,15,16,17,25,26,27,35,36,37,46,47
493,15,16,17,25,26,27,35,36,37,46,47
494,15,16,17,25,26,27,35,36,37,46,47
495,15,16,17,25,26,27,35,36,37,46,47
496,15,16,17,25,26,27,35,36,37,46,47
497,15,16,17,25,26,27,35,36,37,46,47
498,15,16,17,25,26,27,35,36,37,46,47
499,15,16,17,25,26,27,35,36,37,46,47
500,15,16,17,25,26,27,35,36,37,46,47
501,15,16,17,25,26,27,35,36,37,46,47
502,15,16,17,25,26,27,35,36,37,46,47
503,15,16,17,25,26,27,35,36,37,46,47
504,15,16,17,25,26,27,35,36,37,46,47
505,15,16,17,25,26,27,35,36,37,46,47
506,15,16,17,25,26,27,35,36,37,46,47
507,15,16,17,25,26,27,35,36,37,45,46,47
508,15,16,17,25,26,27,35,36,37,45,46,47
509,15,16,17,25,26,27,35,36,37,46,47
510,15,16,17,25,26,27,35,36,37,46,47
511,15,16,17,25,26,27,35,36,37,46,47
512,15,16,17,25,26,27,35,36,37,46,47
513,15,16,17,25,26,27,35,36,37,46,47
514,15,16,17,25,26,27,35,36,37,46,47
515,15,16,17,25,26,27,35,36,37,46,47
516,15,16,17,25,26,27,35,36,37,46,47
517,15,16,17,25,26,27,35,36,37,46,47
518,15,16,17,25,26,27,35,36,37,46,47
519,15,16,17,25,26,27,35,36,37,46,47
520,15,16,17,25,26,27,35,36,37,46,47
521,15,16,17,25,26,27,35,36,37,46,47
522,15,16,17,25,26,27,35,36,37,46,47
523,15,16,17,25,26,27,35,36,37,46,47
524,15,16,17,25,26,27,35,36,37,46,47
525,15,16,17,25,26,27,35,36,37,46,47
526,15,16,17,25,26,27,35,36,37,46,47
527,15,16,17,25,26,27,35,36,37,46,47
528,15,16,17,25,26,27,35,36,37,46,47
529,15,16,17,25,26,27,35,36,37,46,47
530,15,16,17,25,26,27,35,36,37,46,47
531,15,16,17,25,26,27,35,36,37,46,47
532,15,16,17,25,26,27,35,36,37,46,47
533,15,16,17,25,26,27,35,36,37,46,47
534,15,16,17,25,26,27,35,36,37,46,47
535,15,16,17,25,26,27,35,36,37,46,47
536,15,16,17,25,26,27,35,36,37,46,47
537,15,16,17,25,26,27,35,36,37,46,47
538,15,16,17,25,26,27,35,36,37,46,47
539,15,16,17,25,26,27,35,36,37,46,47
540,15,16,17,25,26,27,35,36,37,46,47
541,15,16,17,25,26,27,35,36,37,46,47
542,15,16,17,25,26,27,35,36,37,46,47
543,15,16,17,25,26,27,35,36,37,46,47
544,15,16,17,25,26,27,35,36,37,46,47
545,15,16,17,25,26,27,28,35,36,37,46,47
546,15,16,17,25,26,27,28,35,36,37,46,47
547,15,16,17,25,26,27,28,35,36,37,46,47
548,15,16,17,25,26,27,28,35,36,37,46,47
549,15,16,17,25,26,27,28,35,36,37,46,47
550,15,16,17,25,26,27,28,35,36,37,46,47
551,15,16,17,25,26,27,28,35,36,37,46,47
552,15,16,17,25,26,27,28,35,36,37,46,47
553,15,16,17,25,26,27,28,35,36,37,46,47
554,15,16,17,25,26,27,28,35,36,37,46,47
555,15,16,17,25,26,27,28,35,36,37,46,47
556,15,16,17,25,26,27,28,35,36,37,46,47
557,15,16,17,25,26,27,28,35,36,37,46,47
558,15,16,17,25,26,27,28,35,36,37,46,47
559,15,16,17,25,26,27,28,35,36,37,46,47
560,15,16,17,25,26,27,28,35,36,37,46,47
561,15,16,17,25,26,27,28,35,36,37,46,47
562,15,16,17,25,26,27,28,35,36,37,46,47
563,15,16,17,25,26,27,28,35,36,37,46,47
564,15,16,17,25,26,27,28,35,36,37,46,47
565,15,16,17,25,26,27,28,35,36,37,46,47
566,15,16,17,25,26,27,28,35,36,37,46,47
567,15,16,17,25,26,27,28,35,36,37,46,47
568,15,16,17,25,26,27,28,35,36,37,46,47
569,15,16,17,25,26,27,28,35,36,37,46,47
570,15,16,17,25,26,27,28,35,36,37,46,47
571,15,16,17,25,26,27,28,35,36,37,46,47
572,15,16,17,25,26,27,28,35,36,37,46,47
573,15,16,17,25,26,27,28,35,36,37,46,47
574,15,16,17,25,26,27,28,35,36,37,46,47
575,15,16,17,25,26,27,28,35,36,37,46,47
576,15,16,17,25,26,27,28,35,36,37,46,47
577,15,16,17,25,26,27,28,35,36,37,46,47
578,15,16,17,25,26,27,28,35,36,37,46,47
579,15,16,17,25,26,27,28,35,36,37,46,47
580,15,16,17,25,26,27,28,35,36,37,46,47
581,15,16,17,25,26,27,28,35,36,37,46,47
582,15,16,17,25,26,27,28,35,36,37,46,47
583,15,16,17,25,26,27,28,35,36,37,46,47
584,15,16,17,25,26,27,28,35,36,37,46,47
585,15,16,17,25,26,27,28,35,36,37,46,47
586,15,16,17,25,26,27,28,35,36,37,46,47
587,15,16,17,25,26,27,28,35,36,37,46,47
588,15,16,17,25,26,27,28,35,36,37,46,47
589,15,16,17,25,26,27,28,35,36,37,46,47
590,15,16,17,25,26,27,28,35,36,37,46,47
591,15,16,17,25,26,27,28,35,36,37,46,47
592,15,16,17,25,26,27,28,35,36,37,46,47
593,15,16,17,25,26,27,28,35,36,37,46,47
594,15,16,17,25,26,27,28,35,36,37,46,47
595,15,16,17,25,26,27,28,35,36,37,46,47
596,15,16,17,25,26,27,28,35,36,37,46,47
597,15,16,17,25,26,27,28,35,36,37,46,47
598,15,16,17,25,26,27,28,35,36,37,46,47
599,15,16,17,25,26,27,28,35,36,37,46,47
600,15,16,17,25,26,27,28,35,36,37,46,47
601,15,16,17,25,26,27,28,35,36,37,46
602,15,16,17,25,26,27,28,35,36,37,46
603,15,16,17,25,26,27,28,35,36,37,46
604,15,16,17,25,26,27,28,35,36,37,46
605,15,16,17,25,26,27,28,35,36,37,46
606,15,16,17,25,26,27,28,35,36,37,46
607,15,16,17,25,26,27,28,35,36,37,46
608,15,16,17,25,26,27,28,35,36,37,46
609,15,16,17,25,26,27,28,35,36,37
610,15,16,17,25,26,27,28,35,36,37
611,15,16,17,25,26,27,28,35,36,37
612,15,16,17,25,26,27,28,35,36,37
613,15,16,17,25,26,27,28,35,36,37
614,15,16,17,25,26,27,28,35,36,37
615,15,16,17,25,26,27,28,35,36,37
616,15,16,17,25,26,27,28,35,36,37
617,15,16,17,25,26,27,28,35,36,37
618,15,16,17,25,26,27,28,35,36,37
619,15,16,17,25,26,27,28,35,36,37,46
620,15,16,17,25,26,27,28,35,36,37,46
621,15,16,17,25,26,27,28,35,36,37,46
622,15,16,17,25,26,27,28,35,36,37,46
623,15,16,17,25,26,27,28,35,36,37,46
624,15,16,17,25,26,27,28,35,36,37,46
625,15,16,17,25,26,27,28,35,36,37,46
626,15,16,17,25,26,27,28,35,36,37,46
627,15,16,17,25,26,27,28,35,36,37,46
628,15,16,17,25,26,27,28,35,36,37,46
629,15,16,17,25,26,27,28,35,36,37,46,47
630,15,16,17,25,26,27,28,35,36,37,46,47
631,15,16,17,25,26,27,28,35,36,37,46,47
632,15,16,17,25,26,27,28,35,36,37,46,47
633,15,16,17,25,26,27,28,35,36,37,46,47
634,15,16,17,25,26,27,28,35,36,37,46,47
635,15,16,17,25,26,27,28,35,36,37,46,47
636,15,16,17,25,26,27,28,35,36,37,46,47
637,15,16,17,25,26,27,28,35,36,37,38,46,47
638,15,16,17,25,26,27,28,35,36,37,38,46,47
639,15,16,17,25,26,27,28,35,36,37,38,46,47
640,15,16,17,25,26,27,28,35,36,37,38,46,47
641,15,16,17,25,26,27,28,35,36,37,38,46,47
642,15,16,17,25,26,27,28,35,36,37,38,46,47
643,15,16,17,25,26,27,28,35,36,37,38,46,47
644,15,16,17,25,26,27,28,35,36,37,38,46,47
645,15,16,17,25,26,27,28,35,36,37,38,46,47
646,15,16,17,25,26,27,28,35,36,37,38,46,47
647,15,16,17,25,26,27,28,35,36,37,38,46,47
648,15,16,17,25,26,27,28,35,36,37,38,46,47
649,15,16,17,25,26,27,28,35,36,37,38,46,47
650,15,16,17,25,26,27,28,35,36,37,38,46,47
651,15,16,17,25,26,27,28,35,36,37,38,46,47
652,15,16,17,25,26,27,28,35,36,37,38,46,47
653,15,16,17,25,26,27,28,35,36,37,38,46,47
654,15,16,17,25,26,27,28,35,36,37,38,46,47
655,15,16,17,25,26,27,28,35,36,37,38,46,47
656,15,16,17,25,26,27,28,35,36,37,38,46,47
657,15,16,17,25,26,27,28,35,36,37,38,46,47
658,15,16,17,25,26,27,28,35,36,37,38,46,47
659,15,16,17,25,26,27,28,35,36,37,38,46,47
660,15,16,17,25,26,27,28,35,36,37,38,46,47
661,15,16,17,25,26,27,28,35,36,37,38,46,47
662,15,16,17,25,26,27,28,35,36,37,38,46,47
663,15,16,17,25,26,27,28,35,36,37,38,46,47
664,15,16,17,25,26,27,28,35,36,37,38,46,47
665,15,16,17,25,26,27,28,35,36,37,38,46,47
666,15,16,17,25,26,27,28,35,36,37,38,46,47
667,15,16,17,25,26,27,28,35,36,37,38,46,47
668,15,16,17,25,26,27,28,35,36,37,38,46,47
669,15,16,17,25,26,27,28,35,36,37,38,45,46,47
670,15,16,17,25,26,27,28,35,36,37,38,45,46,47
671,15,16,17,25,26,27,28,35,36,37,38,45,46,47
672,15,16,17,25,26,27,28,35,36,37,38,45,46,47
673,15,16,17,25,26,27,28,35,36,37,38,45,46,47
674,15,16,17,25,26,27,28,35,36,37,38,45,46,47
675,15,16,17,25,26,27,28,35,36,37,38,45,46,47
676,15,16,17,25,26,27,28,35,36,37,38,45,46,47
677,15,16,17,25,26,27,28,35,36,37,38,45,46,47
678,15,16,17,25,26,27,28,35,36,37,38,45,46,47
679,15,16,17,25,26,27,28,35,36,37,38,45,46,47
680,15,16,17,25,26,27,28,35,36,37,38,45,46,47
681,15,16,17,25,26,27,28,35,36,37,38,45,46,47
682,15,16,17,25,26,27,28,35,36,37,38,45,46,47
683,15,16,17,25,26,27,28,35,36,37,38,45,46,47
684,15,16,17,25,26,27,28,35,36,37,38,45,46,47
685,15,16,17,25,26,27,28,35,36,37,38,45,46,47
686,15,16,17,25,26,27,28,35,36,37,38,45,46,47
687,15,16,17,25,26,27,28,35,36,37,38,45,46,47
688,15,16,17,25,26,27,28,35,36,37,38,45,46,47
689,15,16,17,25,26,27,28,35,36,37,38,45,46,47
690,15,16,17,25,26,27,28,35,36,37,38,45,46,47
691,15,16,17,25,26,27,28,35,36,37,38,45,46,47
692,15,16,17,25,26,27,28,35,36,37,38,45,46,47
693,15,16,17,25,26,27,28,35,36,37,38,46,47
694,15,16,17,25,26,27,28,35,36,37,38,46,47
695,15,16,17,25,26,27,28,35,36,37,38,46,47
696,15,16,17,25,26,27,28,35,36,37,38,46,47
697,15,16,17,25,26,27,28,35,36,37,38,46,47
698,15,16,17,25,26,27,28,35,36,37,38,46,47
699,15,16,17,25,26,27,28,35,36,37,38,46,47
700,15,16,17,25,26,27,28,35,36,37,38,46,47
701,15,16,17,25,26,27,28,35,36,37,38,45,46,47
702,15,16,17,25,26,27,28,35,36,37,38,45,46,47
703,15,16,17,25,26,27,28,35,36,37,38,45,46,47
704,15,16,17,25,26,27,28,35,36,37,38,45,46,47
705,15,16,17,25,26,27,28,35,36,37,38,45,46,47
706,15,16,17,25,26,27,28,35,36,37,38,45,46,47
707,15,16,17,25,26,27,28,35,36,37,38,46,47
708,15,16,17,25,26,27,28,35,36,37,38,46,47
709,15,16,17,25,26,27,28,35,36,37,38,46,47
710,15,16,17,25,26,27,28,35,36,37,38,46,47
711,15,16,17,25,26,27,28,35,36,37,38,46,47
712,15,16,17,25,26,27,28,35,36,37,38,46,47
713,15,16,17,25,26,27,28,35,36,37,38,46,47
714,15,16,17,25,26,27,28,35,36,37,38,46,47
715,15,16,17,25,26,27,28,35,36,37,38,46,47
716,15,16,17,25,26,27,28,35,36,37,38,46,47
717,15,16,17,25,26,27,28,35,36,37,38,46,47
718,15,16,17,25,26,27,28,35,36,37,38,46,47
719,15,16,17,25,26,27,28,35,36,37,38,46,47
720,15,16,17,25,26,27,28,35,36,37,38,46,47
721,15,16,17,25,26,27,28,35,36,37,38,46,47
722,15,16,17,25,26,27,28,35,36,37,38,46,47
723,15,16,17,25,26,27,28,35,36,37,38,46,47
724,15,16,17,25,26,27,28,35,36,37,38,46,47
725,15,16,17,25,26,27,28,35,36,37,38,46,47
726,15,16,17,25,26,27,28,35,36,37,38,46,47
727,15,16,17,18,25,26,27,28,35,36,37,38,46,47
728,15,16,17,18,25,26,27,28,35,36,37,38,46,47
729,15,16,17,25,26,27,28,35,36,37,38,46,47
730,15,16,17,25,26,27,28,35,36,37,38,46,47
731,15,16,17,25,26,27,28,35,36,37,38,46,47
732,15,16,17,25,26,27,28,35,36,37,38,46,47
733,15,16,17,25,26,27,28,35,36,37,38,46,47
734,15,16,17,25,26,27,28,35,36,37,38,46,47
735,15,16,17,18,25,26,27,28,35,36,37,38,46,47
736,15,16,17,18,25,26,27,28,35,36,37,38,46,47
737,15,16,17,18,25,26,27,28,35,36,37,38,46,47
738,15,16,17,18,25,26,27,28,35,36,37,38,46,47
739,15,16,17,18,25,26,27,28,35,36,37,38,46,47
740,15,16,17,18,25,26,27,28,35,36,37,38,46,47
741,15,16,17,18,25,26,27,28,35,36,37,38
742,15,16,17,18,25,26,27,28,35,36,37,38
743,15,16,17,18,25,26,27,28,35,36,37,38
744,15,16,17,18,25,26,27,28,35,36,37,38
745,15,16,17,18,25,26,27,28,35,36,37,38
746,15,16,17,18,25,26,27,28,35,36,37,38
747,15,16,17,18,25,26,27,28,35,36,37,38
748,15,16,17,18,25,26,27,28,35,36,37,38
749,15,16,17,18,25,26,27,28,35,36,37,38
750,15,16,17,18,25,26,27,28,35,36,37,38
751,15,16,17,18,25,26,27,28,35,36,37,38
752,15,16,17,18,25,26,27,28,35,36,37,38
753,15,16,17,18,25,26,27,28,35,36,37,38
754,15,16,17,18,25,26,27,28,35,36,37,38
755,15,16,17,18,25,26,27,28,35,36,37,38
756,15,16,17,18,25,26,27,28,35,36,37,38
757,15,16,17,18,25,26,27,28,35,36,37,38
758,15,16,17,18,25,26,27,28,35,36,37,38
759,15,16,17,18,25,26,27,28,35,36,37,38
760,15,16,17,18,25,26,27,28,35,36,37,38
761,15,16,17,18,25,26,27,28,35,36,37,38
762,15,16,17,18,25,26,27,28,35,36,37,38
763,15,16,17,18,25,26,27,28,35,36,37,38
764,15,16,17,18,25,26,27,28,35,36,37,38
765,15,16,17,18,25,26,27,28,35,36,37,38
766,15,16,17,18,25,26,27,28,35,36,37,38
767,15,16,17,18,25,26,27,28,35,36,37,38
768,15,16,17,18,25,26,27,28,35,36,37,38
769,15,16,17,18,25,26,27,28,35,36,37,38
770,15,16,17,18,25,26,27,28,35,36,37,38
771,7,15,16,17,18,25,26,27,28,35,36,37,38
772,7,15,16,17,18,25,26,27,28,35,36,37,38
773,6,7,15,16,17,18,25,26,27,28,35,36,37,38
774,6,7,15,16,17,18,25,26,27,28,35,36,37,38
775,6,7,15,16,17,18,25,26,27,28,35,36,37,38
776,6,7,15,16,17,18,25,26,27,28,35,36,37,38
777,6,7,15,16,17,18,25,26,27,28,35,36,37,38
778,6,7,15,16,17,18,25,26,27,28,35,36,37,38
779,6,7,15,16,17,18,25,26,27,28,35,36,37,38
780,6,7,15,16,17,18,25,26,27,28,35,36,37,38
781,6,7,15,16,17,18,25,26,27,28,35,36,37
782,6,7,15,16,17,18,25,26,27,28,35,36,37
783,6,7,15,16,17,18,25,26,27,28,35,36,37
784,6,7,15,16,17,18,25,26,27,28,35,36,37
785,6,7,15,16,17,18,25,26,27,28,35,36,37
786,6,7,15,16,17,18,25,26,27,28,35,36,37
787,6,7,15,16,17,18,25,26,27,28,35,36,37
788,6,7,15,16,17,18,25,26,27,28,35,36,37
789,6,7,15,16,17,18,25,26,27,28,35,36,37
790,6,7,15,16,17,18,25,26,27,28,35,36,37
791,6,7,15,16,17,18,25,26,27,28,35,36,37
792,6,7,15,16,17,18,25,26,27,28,35,36,37
793,6,7,15,16,17,18,25,26,27,28,35,36,37
794,6,7,15,16,17,18,25,26,27,28,35,36,37
795,6,7,15,16,17,18,25,26,27,28,35,36,37
796,6,7,15,16,17,18,25,26,27,28,35,36,37
797,6,7,15,16,17,18,25,26,27,28,35,36,37,38
798,6,7,15,16,17,18,25,26,27,28,35,36,37,38
799,6,7,15,16,17,18,25,26,27,28,35,36,37,38
800,6,7,15,16,17,18,25,26,27,28,35,36,37,38
801,6,7,15,16,17,18,25,26,27,28,35,36,37,38
802,6,7,15,16,17,18,25,26,27,28,35,36,37,38
803,6,7,15,16,17,18,25,26,27,28,35,36,37,38
804,6,7,15,16,17,18,25,26,27,28,35,36,37,38
805,6,7,15,16,17,18,25,26,27,28,35,36,37,38
806,6,7,15,16,17,18,25,26,27,28,35,36,37,38
807,6,7,15,16,17,18,25,26,27,28,36,37,38
808,6,7,15,16,17,18,25,26,27,28,36,37,38
809,6,7,15,16,17,18,25,26,27,28,36,37,38
810,6,7,15,16,17,18,25,26,27,28,36,37,38
811,6,7,15,16,17,18,25,26,27,28,36,37,38
812,6,7,15,16,17,18,25,26,27,28,36,37,38
813,6,7,15,16,17,18,25,26,27,28,36,37,38
814,6,7,15,16,17,18,25,26,27,28,36,37,38
815,6,7,8,15,16,17,18,25,26,27,28,36,37,38
816,6,7,8,15,16,17,18,25,26,27,28,36,37,38
817,6,7,15,16,17,18,25,26,27,28,36,37,38
818,6,7,15,16,17,18,25,26,27,28,36,37,38
819,6,7,15,16,17,18,25,26,27,28,36,37,38
820,6,7,15,16,17,18,25,26,27,28,36,37,38
821,6,7,15,16,17,18,25,26,27,28,36,37,38
822,6,7,15,16,17,18,25,26,27,28,36,37,38
823,6,7,15,16,17,18,25,26,27,28,36,37,38
824,6,7,15,16,17,18,25,26,27,28,36,37,38
825,6,7,15,16,17,18,25,26,27,28,36,37,38
826,6,7,15,16,17,18,25,26,27,28,36,37,38
827,6,7,15,16,17,18,25,26,27,28,36,37,38
828,6,7,15,16,17,18,25,26,27,28,36,37,38
829,6,7,15,16,17,18,25,26,27,28,36,37,38
830,6,7,15,16,17,18,25,26,27,28,36,37,38
831,6,7,15,16,17,18,25,26,27,28,36,37,38
832,6,7,15,16,17,18,25,26,27,28,36,37,38
833,7,15,16,17,18,25,26,27,28,36,37,38
834,7,15,16,17,18,25,26,27,28,36,37,38
835,7,15,16,17,18,25,26,27,28,36,37,38
836,7,15,16,17,18,25,26,27,28,36,37,38
837,7,15,16,17,18,25,26,27,28,36,37,38
838,7,15,16,17,18,25,26,27,28,36,37,38
839,7,15,16,17,18,25,26,27,28,36,37,38
840,7,15,16,17,18,25,26,27,28,36,37,38
841,7,15,16,17,18,25,26,27,28,36,37,38
842,7,15,16,17,18,25,26,27,28,36,37,38
843,7,15,16,17,18,25,26,27,28,36,37,38
844,7,15,16,17,18,25,26,27,28,36,37,38
845,7,15,16,17,18,25,26,27,28,36,37,38
846,7,15,16,17,18,25,26,27,28,36,37,38
847,7,15,16,17,18,25,26,27,28,36,37,38
848,7,15,16,17,18,25,26,27,28,36,37,38
849,7,15,16,17,18,25,26,27,28,36,37,38
850,7,15,16,17,18,25,26,27,28,36,37,38
851,7,15,16,17,18,25,26,27,28,36,37,38
852,7,15,16,17,18,25,26,27,28,36,37,38
853,7,15,16,17,18,25,26,27,28,36,37,38
854,7,15,16,17,18,25,26,27,28,36,37,38
855,7,15,16,17,18,25,26,27,28,36,37,38
856,7,15,16,17,18,25,26,27,28,36,37,38
857,7,15,16,17,18,25,26,27,28,36,37,38
858,7,15,16,17,18,25,26,27,28,36,37,38
859,7,15,16,17,18,25,26,27,28,36,37,38
860,7,15,16,17,18,25,26,27,28,36,37,38
861,7,15,16,17,18,25,26,27,28,36,37,38
862,7,15,16,17,18,25,26,27,28,36,37,38
863,7,15,16,17,18,25,26,27,28,36,37,38
864,7,15,16,17,18,25,26,27,28,36,37,38
865,7,15,16,17,18,25,26,27,28,35,36,37,38
866,7,15,16,17,18,25,26,27,28,35,36,37,38
867,7,15,16,17,18,25,26,27,28,35,36,37,38
868,7,15,16,17,18,25,26,27,28,35,36,37,38
869,7,15,16,17,18,25,26,27,28,35,36,37,38
870,7,15,16,17,18,25,26,27,28,35,36,37,38
871,7,15,16,17,18,25,26,27,28,36,37,38
872,7,15,16,17,18,25,26,27,28,36,37,38
873,7,15,16,17,18,25,26,27,28,35,36,37,38
874,7,15,16,17,18,25,26,27,28,35,36,37,38
875,7,15,16,17,18,25,26,27,28,35,36,37,38
876,7,15,16,17,18,25,26,27,28,35,36,37,38
877,7,15,16,17,18,25,26,27,28,35,36,37,38
878,7,15,16,17,18,25,26,27,28,35,36,37,38
879,7,15,16,17,18,25,26,27,28,35,36,37,38
880,7,15,16,17,18,25,26,27,28,35,36,37,38
881,15,16,17,18,25,26,27,28,35,36,37,38
882,15,16,17,18,25,26,27,28,35,36,37,38
883,15,16,17,18,25,26,27,28,35,36,37,38
884,15,16,17,18,25,26,27,28,35,36,37,38
885,15,16,17,18,25,26,27,28,35,36,37,38
886,15,16,17,18,25,26,27,28,35,36,37,38
887,15,16,17,18,25,26,27,28,35,36,37,38,46,47
888,15,16,17,18,25,26,27,28,35,36,37,38,46,47
889,15,16,17,18,25,26,27,28,35,36,37,38,46,47
890,15,16,17,18,25,26,27,28,35,36,37,38,46,47
891,15,16,17,18,25,26,27,28,35,36,37,38,46,47
892,15,16,17,18,25,26,27,28,35,36,37,38,46,47
893,15,16,17,18,25,26,27,28,35,36,37,38,46,47
894,15,16,17,18,25,26,27,28,35,36,37,38,46,47
895,15,16,17,18,25,26,27,28,35,36,37,38,46,47
896,15,16,17,18,25,26,27,28,35,36,37,38,46,47
897,15,16,17,18,25,26,27,28,35,36,37,38,46,47
898,15,16,17,18,25,26,27,28,35,36,37,38,46,47
899,15,16,17,18,25,26,27,28,35,36,37,38,46,47
900,15,16,17,18,25,26,27,28,35,36,37,38,46,47
901,15,16,17,18,25,26,27,28,35,36,37,38,46,47
902,15,16,17,18,25,26,27,28,35,36,37,38,46,47
903,15,16,17,18,25,26,27,28,35,36,37,38,46,47
904,15,16,17,18,25,26,27,28,35,36,37,38,46,47
905,15,16,17,18,25,26,27,28,35,36,37,38,46,47
906,15,16,17,18,25,26,27,28,35,36,37,38,46,47
907,15,16,17,18,25,26,27,28,35,36,37,38,46,47
908,15,16,17,18,25,26,27,28,35,36,37,38,46,47
909,15,16,17,18,25,26,27,28,35,36,37,38,46,47
910,15,16,17,18,25,26,27,28,35,36,37,38,46,47
911,15,16,17,18,25,26,27,28,35,36,37,38,46,47
912,15,16,17,18,25,26,27,28,35,36,37,38,46,47
913,15,16,17,18,25,26,27,28,35,36,37,38,46,47
914,15,16,17,18,25,26,27,28,35,36,37,38,46,47
915,15,16,17,18,25,26,27,28,35,36,37,38,46,47
916,15,16,17,18,25,26,27,28,35,36,37,38,46,47
917,15,16,17,18,25,26,27,28,35,36,37,38,46,47
918,15,16,17,18,25,26,27,28,35,36,37,38,46,47
919,15,16,17,18,25,26,27,28,35,36,37,38,46,47
920,15,16,17,18,25,26,27,28,35,36,37,38,46,47
921,15,16,17,18,25,26,27,28,35,36,37,38,46,47
922,15,16,17,18,25,26,27,28,35,36,37,38,46,47
923,15,16,17,18,25,26,27,28,35,36,37,38,46,47
924,15,16,17,18,25,26,27,28,35,36,37,38,46,47
925,15,16,17,18,25,26,27,28,35,36,37,38,46,47
926,15,16,17,18,25,26,27,28,35,36,37,38,46,47
927,15,16,17,18,25,26,27,28,35,36,37,38,46,47
928,15,16,17,18,25,26,27,28,35,36,37,38,46,47
929,15,16,17,18,25,26,27,28,35,36,37,38,46,47
930,15,16,17,18,25,26,27,28,35,36,37,38,46,47
931,15,16,17,18,25,26,27,28,35,36,37,38,46,47
932,15,16,17,18,25,26,27,28,35,36,37,38,46,47
933,15,16,17,18,25,26,27,28,35,36,37,38,46
934,15,16,17,18,25,26,27,28,35,36,37,38,46
935,15,16,17,18,25,26,27,28,35,36,37,38,46
936,15,16,17,18,25,26,27,28,35,36,37,38,46
937,15,16,17,18,25,26,27,28,35,36,37,38
938,15,16,17,18,25,26,27,28,35,36,37,38
939,15,16,17,18,25,26,27,28,35,36,37,38
940,15,16,17,18,25,26,27,28,35,36,37,38
941,15,16,17,18,25,26,27,28,35,36,37,38
942,15,16,17,18,25,26,27,28,35,36,37,38
943,15,16,17,18,25,26,27,28,35,36,37,38
944,15,16,17,18,25,26,27,28,35,36,37,38
945,15,16,17,18,25,26,27,28,35,36,37,38
946,15,16,17,18,25,26,27,28,35,36,37,38
947,15,16,17,18,25,26,27,28,35,36,37,38
948,15,16,17,18,25,26,27,28,35,36,37,38
949,15,16,17,18,25,26,27,28,35,36,37,38
950,15,16,17,18,25,26,27,28,35,36,37,38
951,15,16,17,18,25,26,27,28,35,36,37,38
952,15,16,17,18,25,26,27,28,35,36,37,38
953,15,16,17,18,25,26,27,28,35,36,37,38
954,15,16,17,18,25,26,27,28,35,36,37,38
955,15,16,17,18,25,26,27,28,35,36,37,38
956,15,16,17,18,25,26,27,28,35,36,37,38
957,15,16,17,18,25,26,27,28,35,36,37,38
958,15,16,17,18,25,26,27,28,35,36,37,38
959,15,16,17,18,25,26,27,28,35,36,37,38
960,15,16,17,18,25,26,27,28,35,36,37,38
961,15,16,17,18,25,26,27,28,35,36,37,38
962,15,16,17,18,25,26,27,28,35,36,37,38
963,15,16,17,18,25,26,27,28,35,36,37,38
964,15,16,17,18,25,26,27,28,35,36,37,38
965,15,16,17,18,25,26,27,28,35,36,37,38,46
966,15,16,17,18,25,26,27,28,35,36,37,38,46
967,15,16,17,18,25,26,27,28,35,36,37,38,46,47
968,15,16,17,18,25,26,27,28,35,36,37,38,46,47
969,15,16,17,18,25,26,27,28,35,36,37,38,46,47
970,15,16,17,18,25,26,27,28,35,36,37,38,46,47
971,15,16,17,18,25,26,27,28,35,36,37,38,46,47
972,15,16,17,18,25,26,27,28,35,36,37,38,46,47
973,15,16,17,18,25,26,27,28,35,36,37,38,46,47
974,15,16,17,18,25,26,27,28,35,36,37,38,46,47
975,15,16,17,25,26,27,28,35,36,37,38,46,47
976,15,16,17,25,26,27,28,35,36,37,38,46,47
977,15,16,17,25,26,27,28,35,36,37,38,46,47
978,15,16,17,25,26,27,28,35,36,37,38,46,47
979,15,16,17,25,26,27,28,35,36,37,38,46,47
980,15,16,17,25,26,27,28,35,36,37,38,46,47
981,15,16,17,25,26,27,28,35,36,37,38,46,47
982,15,16,17,25,26,27,28,35,36,37,38,46,47
983,15,16,17,25,26,27,28,35,36,37,38,46,47
984,15,16,17,25,26,27,28,35,36,37,38,46,47
985,15,16,17,25,26,27,28,35,36,37,38,46,47
986,15,16,17,25,26,27,28,35,36,37,38,46,47
987,15,16,17,18,25,26,27,28,35,36,37,38,46,47
988,15,16,17,18,25,26,27,28,35,36,37,38,46,47
989,15,16,17,18,25,26,27,28,35,36,37,38,46,47
990,15,16,17,18,25,26,27,28,35,36,37,38,46,47
991,15,16,17,18,25,26,27,28,35,36,37,38,46,47
992,15,16,17,18,25,26,27,28,35,36,37,38,46,47
993,15,16,17,18,25,26,27,28,35,36,37,38,46,47
994,15,16,17,18,25,26,27,28,35,36,37,38,46,47
995,15,16,17,18,25,26,27,28,35,36,37,38,46,47
996,15,16,17,18,25,26,27,28,35,36,37,38,46,47
997,15,16,17,18,25,26,27,28,35,36,37,38,46,47
998,15,16,17,18,25,26,27,28,35,36,37,38,46,47
999,15,16,17,18,25,26,27,28,35,36,37,38,46,47
1000,15,16,17,18,25,26,27,28,35,36,37,38,46,47
1001,15,16,17,18,25,26,27,28,35,36,37,38,46,47
1002,15,16,17,18,25,26,27,28,35,36,37,38,46,47
1003,15,16,17,18,25,26,27,28,35,36,37,38,46,47
1004,15,16,17,18,25,26,27,28,35,36,37,38,46,47
1005,15,16,17,18,25,26,27,28,35,36,37,38,46,47
1006,15,16,17,18,25,26,27,28,35,36,37,38,46,47
1007,15,16,17,18,25,26,27,28,35,36,37,38,46,47
1008,15,16,17,18,25,26,27,28,35,36,37,38,46,47
1009,15,16,17,18,25,26,27,28,35,36,37,38,46,47
1010,15,16,17,18,25,26,27,28,35,36,37,38,46,47
1011,15,16,17,18,25,26,27,28,35,36,37,38,46,47
1012,15,16,17,18,25,26,27,28,35,36,37,38,46,47
1013,15,16,17,18,25,26,27,28,35,36,37,38,46,47
1014,15,16,17,18,25,26,27,28,35,36,37,38,46,47
1015,15,16,17,18,25,26,27,28,35,36,37,38,46,47
1016,15,16,17,18,25,26,27,28,35,36,37,38,46,47
1017,15,16,17,18,25,26,27,28,35,36,37,38,46,47
1018,15,16,17,18,25,26,27,28,35,36,37,38,46,47
1019,15,16,17,18,25,26,27,28,35,36,37,38,46,47
1020,15,16,17,18,25,26,27,28,35,36,37,38,46,47
1021,15,16,17,18,25,26,27,28,35,36,37,38,46,47
1022,15,16,17,18,25,26,27,28,35,36,37,38,46,47
1023,15,16,17,18,25,26,27,28,35,36,37,38,46,47
1024,15,16,17,18,25,26,27,28,35,36,37,38,46,47
1025,15,16,17,18,25,26,27,28,35,36,37,38,46,47
1026,15,16,17,18,25,26,27,28,35,36,37,38,46,47
1027,15,16,17,18,25,26,27,28,35,36,37,38,46,47
1028,15,16,17,18,25,26,27,28,35,36,37,38,46,47
1029,15,16,17,18,25,26,27,28,35,36,37,38,46,47
1030,15,16,17,18,25,26,27,28,35,36,37,38,46,47
1031,15,16,17,18,25,26,27,28,35,36,37,38,46,47
1032,15,16,17,18,25,26,27,28,35,36,37,38,46,47
1033,15,16,17,18,25,26,27,28,35,36,37,38,46,47
1034,15,16,17,18,25,26,27,28,35,36,37,38,46,47
1035,15,16,17,18,25,26,27,28,35,36,37,38,46,47
1036,15,16,17,18,25,26,27,28,35,36,37,38,46,47
1037,15,16,17,18,25,26,27,28,35,36,37,38,46,47
1038,15,16,17,18,25,26,27,28,35,36,37,38,46,47
1039,15,16,17,18,25,26,27,28,35,36,37,38,46,47
1040,15,16,17,18,25,26,27,28,35,36,37,38,46,47
1041,15,16,17,18,25,26,27,28,35,36,37,38,46,47
1042,15,16,17,18,25,26,27,28,35,36,37,38,46,47
1043,15,16,17,18,25,26,27,28,35,36,37,38,46,47
1044,15,16,17,18,25,26,27,28,35,36,37,38,46,47
1045,15,16,17,18,25,26,27,28,35,36,37,38,46,47
1046,15,16,17,18,25,26,27,28,35,36,37,38,46,47
1047,15,16,17,18,25,26,27,28,35,36,37,38,46,47
1048,15,16,17,18,25,26,27,28,35,36,37,38,46,47
1049,15,16,17,18,25,26,27,28,35,36,37,38,46,47
1050,15,16,17,18,25,26,27,28,35,36,37,38,46,47
1051,15,16,17,18,25,26,27,28,35,36,37,38,46,47
1052,15,16,17,18,25,26,27,28,35,36,37,38,46,47
1053,15,16,17,18,25,26,27,28,35,36,37,38,46,47
1054,15,16,17,18,25,26,27,28,35,36,37,38,46,47
1055,15,16,17,18,25,26,27,28,35,36,37,38,46,47
1056,15,16,17,18,25,26,27,28,35,36,37,38,46,47
1057,15,16,17,18,25,26,27,28,35,36,37,38
1058,15,16,17,18,25,26,27,28,35,36,37,38
1059,15,16,17,18,25,26,27,28,35,36,37,38
1060,15,16,17,18,25,26,27,28,35,36,37,38
1061,15,16,17,18,25,26,27,28,35,36,37,38
1062,15,16,17,18,25,26,27,28,35,36,37,38
1063,7,15,16,17,18,25,26,27,28,35,36,37,38
1064,7,15,16,17,18,25,26,27,28,35,36,37,38
1065,7,15,16,17,18,25,26,27,28,35,36,37,38
1066,7,15,16,17,18,25,26,27,28,35,36,37,38
1067,7,15,16,17,18,25,26,27,28,35,36,37,38
1068,7,15,16,17,18,25,26,27,28,35,36,37,38
1069,7,15,16,17,18,25,26,27,28,35,36,37,38
1070,7,15,16,17,18,25,26,27,28,35,36,37,38
1071,7,15,16,17,18,25,26,27,28,35,36,37,38
1072,7,15,16,17,18,25,26,27,28,35,36,37,38
1073,7,15,16,17,18,25,26,27,28,35,36,37,38
1074,7,15,16,17,18,25,26,27,28,35,36,37,38
1075,7,15,16,17,18,25,26,27,28,35,36,37,38
1076,7,15,16,17,18,25,26,27,28,35,36,37,38
1077,6,7,15,16,17,18,25,26,27,28,35,36,37,38
1078,6,7,15,16,17,18,25,26,27,28,35,36,37,38
1079,6,7,15,16,17,18,25,26,27,28,35,36,37,38
1080,6,7,15,16,17,18,25,26,27,28,35,36,37,38
1081,6,7,15,16,17,18,25,26,27,28,35,36,37,38
1082,6,7,15,16,17,18,25,26,27,28,35,36,37,38
1083,6,7,15,16,17,18,25,26,27,28,35,36,37,38
1084,6,7,15,16,17,18,25,26,27,28,35,36,37,38
1085,6,7,15,16,17,18,25,26,27,28,35,36,37,38
1086,6,7,15,16,17,18,25,26,27,28,35,36,37,38
1087,6,7,15,16,17,18,25,26,27,28,35,36,37,38
1088,6,7,15,16,17,18,25,26,27,28,35,36,37,38
1089,7,15,16,17,18,25,26,27,28,35,36,37,38
1090,7,15,16,17,18,25,26,27,28,35,36,37,38
1091,7,15,16,17,18,25,26,27,28,35,36,37,38
1092,7,15,16,17,18,25,26,27,28,35,36,37,38
1093,7,15,16,17,18,25,26,27,28,35,36,37,38
1094,7,15,16,17,18,25,26,27,28,35,36,37,38
1095,7,15,16,17,18,25,26,27,28,35,36,37,38
1096,7,15,16,17,18,25,26,27,28,35,36,37,38
1097,7,15,16,17,18,25,26,27,28,35,36,37,38
1098,7,15,16,17,18,25,26,27,28,35,36,37,38
1099,7,15,16,17,18,25,26,27,28,35,36,37,38
1100,7,15,16,17,18,25,26,27,28,35,36,37,38
1101,7,15,16,17,18,25,26,27,28,35,36,37,38
1102,7,15,16,17,18,25,26,27,28,35,36,37,38
1103,15,16,17,18,25,26,27,28,35,36,37,38
1104,15,16,17,18,25,26,27,28,35,36,37,38
1105,15,16,17,18,25,26,27,28,35,36,37,38
1106,15,16,17,18,25,26,27,28,35,36,37,38
1107,15,16,17,18,25,26,27,28,35,36,37,38
1108,15,16,17,18,25,26,27,28,35,36,37,38
1109,15,16,17,18,25,26,27,28,35,36,37
1110,15,16,17,18,25,26,27,28,35,36,37
1111,15,16,17,18,25,26,27,28,35,36,37
1112,15,16,17,18,25,26,27,28,35,36,37
1113,15,16,17,18,25,26,27,28,35,36,37
1114,15,16,17,18,25,26,27,28,35,36,37
1115,15,16,17,25,26,27,28,35,36,37
1116,15,16,17,25,26,27,28,35,36,37
1117,15,16,17,25,26,27,28,35,36,37
1118,15,16,17,25,26,27,28,35,36,37
1119,15,16,17,25,26,27,28,35,36,37
1120,15,16,17,25,26,27,28,35,36,37
1121,15,16,17,25,26,27,28,35,36,37
1122,15,16,17,25,26,27,28,35,36,37
1123,15,16,17,25,26,27,28,35,36,37
1124,15,16,17,25,26,27,28,35,36,37
1125,15,16,17,25,26,27,28,35,36,37,46
1126,15,16,17,25,26,27,28,35,36,37,46
1127,15,16,17,25,26,27,28,35,36,37,46
1128,15,16,17,25,26,27,28,35,36,37,46
1129,15,16,17,25,26,27,28,35,36,37,38,46
1130,15,16,17,25,26,27,28,35,36,37,38,46
1131,15,16,17,25,26,27,28,35,36,37,38,46
1132,15,16,17,25,26,27,28,35,36,37,38,46
1133,15,16,17,18,25,26,27,28,35,36,37,38
1134,15,16,17,18,25,26,27,28,35,36,37,38
1135,15,16,17,18,25,26,27,28,35,36,37,38
1136,15,16,17,18,25,26,27,28,35,36,37,38
1137,15,16,17,18,25,26,27,28,35,36,37,38
1138,15,16,17,18,25,26,27,28,35,36,37,38
1139,15,16,17,18,25,26,27,28,35,36,37,38
1140,15,16,17,18,25,26,27,28,35,36,37,38
1141,15,16,17,18,25,26,27,28,35,36,37,38
1142,15,16,17,18,25,26,27,28,35,36,37,38
1143,7,15,16,17,18,25,26,27,28,35,36,37,38
1144,7,15,16,17,18,25,26,27,28,35,36,37,38
1145,7,15,16,17,18,25,26,27,28,35,36,37,38
1146,7,15,16,17,18,25,26,27,28,35,36,37,38
1147,7,15,16,17,18,25,26,27,28,35,36,37,38
1148,7,15,16,17,18,25,26,27,28,35,36,37,38
1149,6,7,15,16,17,18,25,26,27,28,35,36,37,38
1150,6,7,15,16,17,18,25,26,27,28,35,36,37,38
1151,6,7,15,16,17,18,25,26,27,28,35,36,37,38
1152,6,7,15,16,17,18,25,26,27,28,35,36,37,38
1153,6,7,15,16,17,18,25,26,27,28,35,36,37,38
1154,6,7,15,16,17,18,25,26,27,28,35,36,37,38
1155,6,7,15,16,17,18,25,26,27,28,35,36,37,38
1156,6,7,15,16,17,18,25,26,27,28,35,36,37,38
1157,6,7,15,16,17,18,25,26,27,28,35,36,37,38
1158,6,7,15,16,17,18,25,26,27,28,35,36,37,38
1159,6,7,15,16,17,18,25,26,27,28,35,36,37,38
1160,6,7,15,16,17,18,25,26,27,28,35,36,37,38
1161,6,7,15,16,17,18,25,26,27,28,35,36,37,38
1162,6,7,15,16,17,18,25,26,27,28,35,36,37,38
1163,6,7,15,16,17,18,25,26,27,28,35,36,37,38
1164,6,7,15,16,17,18,25,26,27,28,35,36,37,38
1165,6,7,15,16,17,18,25,26,27,28,35,36,37,38
1166,6,7,15,16,17,18,25,26,27,28,35,36,37,38
1167,6,7,15,16,17,18,25,26,27,28,35,36,37,38
1168,6,7,15,16,17,18,25,26,27,28,35,36,37,38
1169,6,7,15,16,17,18,25,26,27,28,35,36,37,38
1170,6,7,15,16,17,18,25,26,27,28,35,36,37,38
1171,6,7,15,16,17,18,25,26,27,28,35,36,37,38
1172,6,7,15,16,17,18,25,26,27,28,35,36,37,38
1173,6,7,15,16,17,18,25,26,27,28,35,36,37,38
1174,6,7,15,16,17,18,25,26,27,28,35,36,37,38
1175,6,7,15,16,17,18,25,26,27,28,35,36,37,38
1176,6,7,15,16,17,18,25,26,27,28,35,36,37,38
1177,7,15,16,17,18,25,26,27,28,35,36,37,38
1178,7,15,16,17,18,25,26,27,28,35,36,37,38
1179,7,15,16,17,18,25,26,27,28,35,36,37,38
1180,7,15,16,17,18,25,26,27,28,35,36,37,38
1181,7,15,16,17,18,25,26,27,28,35,36,37,38
1182,7,15,16,17,18,25,26,27,28,35,36,37,38
1183,7,15,16,17,18,25,26,27,28,35,36,37,38
1184,7,15,16,17,18,25,26,27,28,35,36,37,38
1185,7,15,16,17,18,25,26,27,28,35,36,37,38
1186,7,15,16,17,18,25,26,27,28,35,36,37,38
1187,7,15,16,17,18,25,26,27,28,35,36,37,38
1188,7,15,16,17,18,25,26,27,28,35,36,37,38
1189,15,16,17,18,25,26,27,28,35,36,37,38
1190,15,16,17,18,25,26,27,28,35,36,37,38
1191,15,16,17,18,25,26,27,28,35,36,37,38
1192,15,16,17,18,25,26,27,28,35,36,37,38
1193,15,16,17,18,25,26,27,28,35,36,37,38
1194,15,16,17,18,25,26,27,28,35,36,37,38
1195,15,16,17,18,25,26,27,28,35,36,37,38
1196,15,16,17,18,25,26,27,28,35,36,37,38
1197,15,16,17,18,25,26,27,28,35,36,37,38
1198,15,16,17,18,25,26,27,28,35,36,37,38
1199,15,16,17,18,25,26,27,28,35,36,37,38
1200,15,16,17,18,25,26,27,28,35,36,37,38
1201,15,16,17,18,25,26,27,28,35,36,37,38
1202,15,16,17,18,25,26,27,28,35,36,37,38
1203,15,16,17,18,25,26,27,28,35,36,37,38
1204,15,16,17,18,25,26,27,28,35,36,37,38
1205,15,16,17,18,25,26,27,28,35,36,37,38
1206,15,16,17,18,25,26,27,28,35,36,37,38
1207,15,16,17,18,25,26,27,28,35,36,37,38
1208,15,16,17,18,25,26,27,28,35,36,37,38
1209,15,16,17,18,25,26,27,28,35,36,37,38
1210,15,16,17,18,25,26,27,28,35,36,37,38
1211,15,16,17,18,25,26,27,28,35,36,37,38
1212,15,16,17,18,25,26,27,28,35,36,37,38
1213,15,16,17,18,25,26,27,28,35,36,37,38
1214,15,16,17,18,25,26,27,28,35,36,37,38
1215,15,16,17,18,25,26,27,28,35,36,37,38
1216,15,16,17,18,25,26,27,28,35,36,37,38
1217,15,16,17,18,25,26,27,28,35,36,37,38
1218,15,16,17,18,25,26,27,28,35,36,37,38
1219,15,16,17,18,25,26,27,28,35,36,37,38
1220,15,16,17,18,25,26,27,28,35,36,37,38
1221,15,16,17,18,25,26,27,28,35,36,37,38
1222,15,16,17,18,25,26,27,28,35,36,37,38
1223,15,16,17,18,25,26,27,28,35,36,37,38
1224,15,16,17,18,25,26,27,28,35,36,37,38
1225,7,15,16,17,18,25,26,27,28,35,36,37,38
1226,7,15,16,17,18,25,26,27,28,35,36,37,38
1227,6,7,15,16,17,18,25,26,27,28,35,36,37,38
1228,6,7,15,16,17,18,25,26,27,28,35,36,37,38
1229,6,7,15,16,17,18,25,26,27,28,35,36,37,38
1230,6,7,15,16,17,18,25,26,27,28,35,36,37,38
1231,6,7,15,16,17,18,25,26,27,28,35,36,37,38
1232,6,7,15,16,17,18,25,26,27,28,35,36,37,38
1233,6,7,15,16,17,18,25,26,27,28,35,36,37,38
1234,6,7,15,16,17,18,25,26,27,28,35,36,37,38
1235,7,15,16,17,18,25,26,27,28,35,36,37,38
1236,7,15,16,17,18,25,26,27,28,35,36,37,38
1237,7,15,16,17,18,25,26,27,28,35,36,37,38
1238,7,15,16,17,18,25,26,27,28,35,36,37,38
1239,7,15,16,17,18,25,26,27,28,35,36,37,38
1240,7,15,16,17,18,25,26,27,28,35,36,37,38
1241,15,16,17,18,25,26,27,28,35,36,37,38
1242,15,16,17,18,25,26,27,28,35,36,37,38
1243,15,16,17,18,25,26,27,28,35,36,37,38
1244,15,16,17,18,25,26,27,28,35,36,37,38
1245,15,16,17,18,25,26,27,28,35,36,37,38
1246,15,16,17,18,25,26,27,28,35,36,37,38
1247,15,16,17,18,25,26,27,28,35,36,37,38
1248,15,16,17,18,25,26,27,28,35,36,37,38
1249,15,16,17,18,25,26,27,28,35,36,37,38
1250,15,16,17,18,25,26,27,28,35,36,37,38
1251,15,16,17,18,25,26,27,28,35,36,37,38
1252,15,16,17,18,25,26,27,28,35,36,37,38
1253,7,15,16,17,18,25,26,27,28,35,36,37,38
1254,7,15,16,17,18,25,26,27,28,35,36,37,38
1255,7,15,16,17,18,25,26,27,28,35,36,37,38
1256,7,15,16,17,18,25,26,27,28,35,36,37,38
1257,7,15,16,17,18,25,26,27,28,35,36,37,38
1258,7,15,16,17,18,25,26,27,28,35,36,37,38
1259,7,15,16,17,18,25,26,27,28,35,36,37,38
1260,7,15,16,17,18,25,26,27,28,35,36,37,38
1261,7,15,16,17,18,25,26,27,28,35,36,37,38
1262,7,15,16,17,18,25,26,27,28,35,36,37,38
1263,7,15,16,17,18,25,26,27,28,35,36,37,38
1264,7,15,16,17,18,25,26,27,28,35,36,37,38
1265,7,15,16,17,18,25,26,27,28,35,36,37,38
1266,7,15,16,17,18,25,26,27,28,35,36,37,38
1267,7,15,16,17,18,25,26,27,28,35,36,37,38
1268,7,15,16,17,18,25,26,27,28,35,36,37,38
1269,7,15,16,17,18,25,26,27,28,35,36,37,38
1270,7,15,16,17,18,25,26,27,28,35,36,37,38
1271,7,15,16,17,18,25,26,27,28,35,36,37,38
1272,7,15,16,17,18,25,26,27,28,35,36,37,38
1273,7,15,16,17,18,25,26,27,28,35,36,37,38
1274,7,15,16,17,18,25,26,27,28,35,36,37,38
1275,7,15,16,17,18,25,26,27,28,35,36,37,38
1276,7,15,16,17,18,25,26,27,28,35,36,37,38
1277,7,15,16,17,18,25,26,27,28,35,36,37,38
1278,7,15,16,17,18,25,26,27,28,35,36,37,38
1279,7,15,16,17,18,25,26,27,28,35,36,37,38
1280,7,15,16,17,18,25,26,27,28,35,36,37,38
1281,15,16,17,18,25,26,27,28,35,36,37,38
1282,15,16,17,18,25,26,27,28,35,36,37,38
1283,15,16,17,18,25,26,27,28,35,36,37,38
1284,15,16,17,18,25,26,27,28,35,36,37,38
1285,15,16,17,18,25,26,27,28,35,36,37,38
1286,15,16,17,18,25,26,27,28,35,36,37,38
1287,15,16,17,18,25,26,27,28,35,36,37,38
1288,15,16,17,18,25,26,27,28,35,36,37,38
1289,15,16,17,18,25,26,27,28,35,36,37,38
1290,15,16,17,18,25,26,27,28,35,36,37,38
1291,15,16,17,18,25,26,27,28,35,36,37,38
1292,15,16,17,18,25,26,27,28,35,36,37,38
1293,15,16,17,18,25,26,27,28,35,36,37,38
1294,15,16,17,18,25,26,27,28,35,36,37,38
1295,15,16,17,18,25,26,27,28,35,36,37,38
1296,15,16,17,18,25,26,27,28,35,36,37,38
1297,15,16,17,18,25,26,27,28,35,36,37,38
1298,15,16,17,18,25,26,27,28,35,36,37,38
1299,15,16,17,18,25,26,27,28,35,36,37,38
1300,15,16,17,18,25,26,27,28,35,36,37,38
1301,15,16,17,18,25,26,27,28,35,36,37,38
1302,15,16,17,18,25,26,27,28,35,36,37,38
1303,15,16,17,18,25,26,27,28,35,36,37,38
1304,15,16,17,18,25,26,27,28,35,36,37,38
1305,15,16,17,18,25,26,27,28,35,36,37,38
1306,15,16,17,18,25,26,27,28,35,36,37,38
1307,15,16,17,18,25,26,27,28,35,36,37,38
1308,15,16,17,18,25,26,27,28,35,36,37,38
1309,15,16,17,18,25,26,27,28,35,36,37,38
1310,15,16,17,18,25,26,27,28,35,36,37,38
1311,15,16,17,18,25,26,27,28,35,36,37,38
1312,15,16,17,18,25,26,27,28,35,36,37,38
1313,15,16,17,18,25,26,27,28,35,36,37,38
1314,15,16,17,18,25,26,27,28,35,36,37,38
1315,15,16,17,18,25,26,27,28,35,36,37,38
1316,15,16,17,18,25,26,27,28,35,36,37,38
1317,7,15,16,17,18,25,26,27,28,35,36,37,38
1318,7,15,16,17,18,25,26,27,28,35,36,37,38
1319,7,15,16,17,18,25,26,27,28,35,36,37,38
1320,7,15,16,17,18,25,26,27,28,35,36,37,38
1321,7,15,16,17,18,25,26,27,28,35,36,37,38
1322,7,15,16,17,18,25,26,27,28,35,36,37,38
1323,7,15,16,17,18,25,26,27,28,35,36,37,38
1324,7,15,16,17,18,25,26,27,28,35,36,37,38
1325,7,15,16,17,18,25,26,27,28,35,36,37,38
1326,7,15,16,17,18,25,26,27,28,35,36,37,38
1327,7,15,16,17,18,25,26,27,28,35,36,37,38
1328,7,15,16,17,18,25,26,27,28,35,36,37,38
1329,7,15,16,17,18,25,26,27,28,35,36,37,38
1330,7,15,16,17,18,25,26,27,28,35,36,37,38
1331,7,15,16,17,18,25,26,27,28,35,36,37,38
1332,7,15,16,17,18,25,26,27,28,35,36,37,38
1333,7,15,16,17,18,25,26,27,28,35,36,37,38
1334,7,15,16,17,18,25,26,27,28,35,36,37,38
1335,7,15,16,17,18,25,26,27,28,35,36,37,38
1336,7,15,16,17,18,25,26,27,28,35,36,37,38
1337,7,15,16,17,18,25,26,27,28,35,36,37,38
1338,7,15,16,17,18,25,26,27,28,35,36,37,38
1339,7,15,16,17,18,25,26,27,28,35,36,37,38
1340,7,15,16,17,18,25,26,27,28,35,36,37,38
1341,7,15,16,17,18,25,26,27,28,35,36,37,38
1342,7,15,16,17,18,25,26,27,28,35,36,37,38
1343,7,15,16,17,18,25,26,27,28,35,36,37,38
1344,7,15,16,17,18,25,26,27,28,35,36,37,38
1345,7,15,16,17,18,25,26,27,28,36,37,38
1346,7,15,16,17,18,25,26,27,28,36,37,38
1347,7,15,16,17,18,25,26,27,28,36,37,38
1348,7,15,16,17,18,25,26,27,28,36,37,38
1349,7,15,16,17,18,25,26,27,28,36,37,38
1350,7,15,16,17,18,25,26,27,28,36,37,38
1351,7,15,16,17,18,25,26,27,28,36,37,38
1352,7,15,16,17,18,25,26,27,28,36,37,38
1353,7,15,16,17,18,25,26,27,28,36,37,38
1354,7,15,16,17,18,25,26,27,28,36,37,38
1355,7,15,16,17,18,25,26,27,28,35,36,37,38
1356,7,15,16,17,18,25,26,27,28,35,36,37,38
1357,7,15,16,17,18,25,26,27,28,35,36,37,38
1358,7,15,16,17,18,25,26,27,28,35,36,37,38
1359,7,15,16,17,18,25,26,27,28,35,36,37,38
1360,7,15,16,17,18,25,26,27,28,35,36,37,38
1361,7,15,16,17,18,25,26,27,28,35,36,37,38
1362,7,15,16,17,18,25,26,27,28,35,36,37,38
1363,7,15,16,17,18,25,26,27,28,35,36,37,38
1364,7,15,16,17,18,25,26,27,28,35,36,37,38
1365,7,15,16,17,18,25,26,27,28,35,36,37,38
1366,7,15,16,17,18,25,26,27,28,35,36,37,38
1367,7,15,16,17,18,25,26,27,28,35,36,37,38
1368,7,15,16,17,18,25,26,27,28,35,36,37,38
1369,7,15,16,17,18,25,26,27,28,35,36,37,38
1370,7,15,16,17,18,25,26,27,28,35,36,37,38
1371,7,15,16,17,18,25,26,27,28,35,36,37,38
1372,7,15,16,17,18,25,26,27,28,35,36,37,38
1373,7,15,16,17,18,25,26,27,28,35,36,37,38
1374,7,15,16,17,18,25,26,27,28,35,36,37,38
1375,7,15,16,17,18,25,26,27,28,35,36,37,38
1376,7,15,16,17,18,25,26,27,28,35,36,37,38
1377,7,15,16,17,18,25,26,27,28,35,36,37,38
1378,7,15,16,17,18,25,26,27,28,35,36,37,38
1379,7,15,16,17,18,25,26,27,28,35,36,37,38
1380,7,15,16,17,18,25,26,27,28,35,36,37,38
1381,7,15,16,17,18,25,26,27,28,35,36,37,38
1382,7,15,16,17,18,25,26,27,28,35,36,37,38
1383,7,15,16,17,18,25,26,27,28,35,36,37,38
1384,7,15,16,17,18,25,26,27,28,35,36,37,38
1385,7,15,16,17,18,25,26,27,28,35,36,37,38
1386,7,15,16,17,18,25,26,27,28,35,36,37,38
1387,7,15,16,17,18,25,26,27,28,35,36,37,38
1388,7,15,16,17,18,25,26,27,28,35,36,37,38
1389,7,15,16,17,18,25,26,27,28,35,36,37,38
1390,7,15,16,17,18,25,26,27,28,35,36,37,38
1391,7,15,16,17,18,25,26,27,28,35,36,37,38
1392,7,15,16,17,18,25,26,27,28,35,36,37,38
1393,7,15,16,17,18,25,26,27,28,35,36,37,38
1394,7,15,16,17,18,25,26,27,28,35,36,37,38
1395,7,15,16,17,18,25,26,27,28,35,36,37,38
1396,7,15,16,17,18,25,26,27,28,35,36,37,38
1397,7,15,16,17,18,25,26,27,28,35,36,37,38
1398,7,15,16,17,18,25,26,27,28,35,36,37,38
1399,7,15,16,17,18,25,26,27,28,35,36,37,38
1400,7,15,16,17,18,25,26,27,28,35,36,37,38
1401,7,15,16,17,18,25,26,27,28,35,36,37,38
1402,7,15,16,17,18,25,26,27,28,35,36,37,38
1403,7,15,16,17,18,25,26,27,28,35,36,37,38
1404,7,15,16,17,18,25,26,27,28,35,36,37,38
1405,7,15,16,17,18,25,26,27,28,35,36,37,38
1406,7,15,16,17,18,25,26,27,28,35,36,37,38
1407,7,15,16,17,18,25,26,27,28,35,36,37,38
1408,7,15,16,17,18,25,26,27,28,35,36,37,38
1409,7,15,16,17,18,25,26,27,28,35,36,37,38
1410,7,15,16,17,18,25,26,27,28,35,36,37,38
1411,7,15,16,17,18,25,26,27,28,35,36,37,38
1412,7,15,16,17,18,25,26,27,28,35,36,37,38
1413,7,15,16,17,18,25,26,27,28,35,36,37,38
1414,7,15,16,17,18,25,26,27,28,35,36,37,38
1415,7,15,16,17,18,25,26,27,28,35,36,37,38
1416,7,15,16,17,18,25,26,27,28,35,36,37,38
1417,7,15,16,17,18,25,26,27,28,35,36,37,38
1418,7,15,16,17,18,25,26,27,28,35,36,37,38
1419,7,15,16,17,18,25,26,27,28,35,36,37,38
1420,7,15,16,17,18,25,26,27,28,35,36,37,38
1421,7,15,16,17,18,25,26,27,28,35,36,37,38
1422,7,15,16,17,18,25,26,27,28,35,36,37,38
1423,7,15,16,17,18,25,26,27,28,35,36,37,38
1424,7,15,16,17,18,25,26,27,28,35,36,37,38
1425,7,15,16,17,18,25,26,27,28,35,36,37,38
1426,7,15,16,17,18,25,26,27,28,35,36,37,38
1427,7,15,16,17,18,25,26,27,28,35,36,37,38
1428,7,15,16,17,18,25,26,27,28,35,36,37,38
1429,7,15,16,17,18,25,26,27,28,35,36,37,38
1430,7,15,16,17,18,25,26,27,28,35,36,37,38
1431,7,15,16,17,18,25,26,27,28,35,36,37,38
1432,7,15,16,17,18,25,26,27,28,35,36,37,38
1433,7,15,16,17,18,25,26,27,28,35,36,37,38
1434,7,15,16,17,18,25,26,27,28,35,36,37,38
1435,7,15,16,17,18,25,26,27,28,35,36,37,38
1436,7,15,16,17,18,25,26,27,28,35,36,37,38
1437,7,15,16,17,18,25,26,27,28,35,36,37,38
1438,7,15,16,17,18,25,26,27,28,35,36,37,38
1439,7,15,16,17,18,25,26,27,28,35,36,37,38
1440,7,15,16,17,18,25,26,27,28,35,36,37,38
1441,7,15,16,17,18,25,26,27,28,35,36,37,38
1442,7,15,16,17,18,25,26,27,28,35,36,37,38
1443,7,15,16,17,18,25,26,27,28,35,36,37,38
1444,7,15,16,17,18,25,26,27,28,35,36,37,38
1445,7,15,16,17,18,25,26,27,28,35,36,37,38
1446,7,15,16,17,18,25,26,27,28,35,36,37,38
1447,7,15,16,17,18,25,26,27,28,35,36,37,38
1448,7,15,16,17,18,25,26,27,28,35,36,37,38
1449,7,15,16,17,18,25,26,27,28,35,36,37,38
1450,7,15,16,17,18,25,26,27,28,35,36,37,38
1451,7,15,16,17,18,25,26,27,28,35,36,37,38
1452,7,15,16,17,18,25,26,27,28,35,36,37,38
1453,7,15,16,17,18,25,26,27,28,35,36,37,38
1454,7,15,16,17,18,25,26,27,28,35,36,37,38
1455,7,15,16,17,18,25,26,27,28,35,36,37,38
1456,7,15,16,17,18,25,26,27,28,35,36,37,38
1457,7,15,16,17,18,25,26,27,28,35,36,37,38
1458,7,15,16,17,18,25,26,27,28,35,36,37,38
1459,7,15,16,17,18,25,26,27,28,35,36,37,38
1460,7,15,16,17,18,25,26,27,28,35,36,37,38
1461,15,16,17,18,25,26,27,28,35,36,37,38
1462,15,16,17,18,25,26,27,28,35,36,37,38
1463,15,16,17,18,25,26,27,28,35,36,37,38
1464,15,16,17,18,25,26,27,28,35,36,37,38
1465,15,16,17,18,25,26,27,28,35,36,37,38
1466,15,16,17,18,25,26,27,28,35,36,37,38
1467,15,16,17,18,25,26,27,28,35,36,37,38
1468,15,16,17,18,25,26,27,28,35,36,37,38
1469,15,16,17,18,25,26,27,28,35,36,37,38
1470,15,16,17,18,25,26,27,28,35,36,37,38
1471,15,16,17,18,25,26,27,28,35,36,37,38
1472,15,16,17,18,25,26,27,28,35,36,37,38
1473,15,16,17,18,25,26,27,28,35,36,37,38
1474,15,16,17,18,25,26,27,28,35,36,37,38
1475,15,16,17,18,25,26,27,28,35,36,37,38
1476,15,16,17,18,25,26,27,28,35,36,37,38
1477,15,16,17,18,25,26,27,28,35,36,37,38,46
1478,15,16,17,18,25,26,27,28,35,36,37,38,46
1479,15,16,17,18,25,26,27,28,35,36,37,38,46
1480,15,16,17,18,25,26,27,28,35,36,37,38,46
1481,15,16,17,18,25,26,27,28,35,36,37,38,46
1482,15,16,17,18,25,26,27,28,35,36,37,38,46
1483,15,16,17,18,25,26,27,28,35,36,37,38,46
1484,15,16,17,18,25,26,27,28,35,36,37,38,46
1485,15,16,17,18,25,26,27,28,35,36,37,38,46,47
1486,15,16,17,18,25,26,27,28,35,36,37,38,46,47
1487,15,16,17,18,25,26,27,28,35,36,37,38,46,47
1488,15,16,17,18,25,26,27,28,35,36,37,38,46,47
1489,15,16,17,18,25,26,27,28,35,36,37,38,46,47
1490,15,16,17,18,25,26,27,28,35,36,37,38,46,47
1491,15,16,17,18,25,26,27,28,35,36,37,38,46,47
1492,15,16,17,18,25,26,27,28,35,36,37,38,46,47
1493,15,16,17,18,25,26,27,28,35,36,37,38,46,47
1494,15,16,17,18,25,26,27,28,35,36,37,38,46,47
1495,15,16,17,18,25,26,27,28,35,36,37,38,46,47
1496,15,16,17,18,25,26,27,28,35,36,37,38,46,47
1497,15,16,17,18,25,26,27,28,35,36,37,38,46,47
1498,15,16,17,18,25,26,27,28,35,36,37,38,46,47
1499,15,16,17,18,25,26,27,28,35,36,37,38,46,47
1500,15,16,17,18,25,26,27,28,35,36,37,38,46,47
1501,15,16,17,18,25,26,27,28,35,36,37,38,46,47
1502,15,16,17,18,25,26,27,28,35,36,37,38,46,47
1503,15,16,17,18,25,26,27,28,35,36,37,38,46,47
1504,15,16,17,18,25,26,27,28,35,36,37,38,46,47
1505,15,16,17,18,25,26,27,28,35,36,37,38,46,47
1506,15,16,17,18,25,26,27,28,35,36,37,38,46,47
1507,15,16,17,18,25,26,27,28,35,36,37,38,46,47
1508,15,16,17,18,25,26,27,28,35,36,37,38,46,47
1509,15,16,17,25,26,27,28,35,36,37,38,46,47
1510,15,16,17,25,26,27,28,35,36,37,38,46,47
1511,15,16,17,25,26,27,28,35,36,37,38,46,47
1512,15,16,17,25,26,27,28,35,36,37,38,46,47
1513,15,16,17,25,26,27,28,35,36,37,38,46,47
1514,15,16,17,25,26,27,28,35,36,37,38,46,47
1515,15,16,17,25,26,27,28,35,36,37,38,46,47
1516,15,16,17,25,26,27,28,35,36,37,38,46,47
1517,15,16,17,25,26,27,28,35,36,37,38,46,47
1518,15,16,17,25,26,27,28,35,36,37,38,46,47
1519,15,16,17,25,26,27,28,35,36,37,38,46,47
1520,15,16,17,25,26,27,28,35,36,37,38,46,47
1521,15,16,17,25,26,27,28,35,36,37,38,46,47
1522,15,16,17,25,26,27,28,35,36,37,38,46,47
1523,15,16,17,25,26,27,28,35,36,37,38,46,47
1524,15,16,17,25,26,27,28,35,36,37,38,46,47
1525,15,16,17,25,26,27,28,35,36,37,38,46,47
1526,15,16,17,25,26,27,28,35,36,37,38,46,47
1527,15,16,17,25,26,27,28,35,36,37,38,46,47
1528,15,16,17,25,26,27,28,35,36,37,38,46,47
1529,15,16,17,25,26,27,28,35,36,37,38,46,47
1530,15,16,17,25,26,27,28,35,36,37,38,46,47
1531,15,16,17,25,26,27,28,35,36,37,38,46,47
1532,15,16,17,25,26,27,28,35,36,37,38,46,47
1533,15,16,17,25,26,27,28,35,36,37,38,46,47
1534,15,16,17,25,26,27,28,35,36,37,38,46,47
1535,15,16,17,25,26,27,28,35,36,37,38,46,47
1536,15,16,17,25,26,27,28,35,36,37,38,46,47
1537,15,16,17,25,26,27,28,35,36,37,38,46,47
1538,15,16,17,25,26,27,28,35,36,37,38,46,47
1539,15,16,17,25,26,27,28,35,36,37,38,46,47
1540,15,16,17,25,26,27,28,35,36,37,38,46,47
1541,15,16,17,25,26,27,28,35,36,37,38,46,47
1542,15,16,17,25,26,27,28,35,36,37,38,46,47
1543,15,16,17,25,26,27,28,35,36,37,38,46,47
1544,15,16,17,25,26,27,28,35,36,37,38,46,47
1545,15,16,17,25,26,27,28,35,36,37,38,46,47
1546,15,16,17,25,26,27,28,35,36,37,38,46,47
1547,15,16,17,25,26,27,28,35,36,37,38,46,47
1548,15,16,17,25,26,27,28,35,36,37,38,46,47
1549,15,16,17,25,26,27,28,35,36,37,38,46,47
1550,15,16,17,25,26,27,28,35,36,37,38,46,47
1551,15,16,17,25,26,27,28,35,36,37,38,46,47
1552,15,16,17,25,26,27,28,35,36,37,38,46,47
1553,15,16,17,25,26,27,28,35,36,37,38,46,47
1554,15,16,17,25,26,27,28,35,36,37,38,46,47
1555,15,16,17,25,26,27,28,35,36,37,38,46,47
1556,15,16,17,25,26,27,28,35,36,37,38,46,47
1557,15,16,17,25,26,27,28,35,36,37,38,46,47
1558,15,16,17,25,26,27,28,35,36,37,38,46,47
1559,15,16,17,25,26,27,28,35,36,37,38,46,47
1560,15,16,17,25,26,27,28,35,36,37,38,46,47
1561,15,16,17,25,26,27,28,35,36,37,38,46,47
1562,15,16,17,25,26,27,28,35,36,37,38,46,47
1563,15,16,17,25,26,27,28,35,36,37,38,46,47
1564,15,16,17,25,26,27,28,35,36,37,38,46,47
1565,15,16,17,25,26,27,28,35,36,37,38,46,47
1566,15,16,17,25,26,27,28,35,36,37,38,46,47
1567,15,16,17,25,26,27,28,35,36,37,38,46,47
1568,15,16,17,25,26,27,28,35,36,37,38,46,47
1569,15,16,17,25,26,27,28,35,36,37,38,46,47
1570,15,16,17,25,26,27,28,35,36,37,38,46,47
1571,15,16,17,25,26,27,28,35,36,37,38,46,47
1572,15,16,17,25,26,27,28,35,36,37,38,46,47
1573,15,16,17,25,26,27,28,35,36,37,38,46,47
1574,15,16,17,25,26,27,28,35,36,37,38,46,47
1575,15,16,17,25,26,27,28,35,36,37,38,46,47
1576,15,16,17,25,26,27,28,35,36,37,38,46,47
1577,15,16,17,25,26,27,28,35,36,37,38,46,47
1578,15,16,17,25,26,27,28,35,36,37,38,46,47
1579,15,16,17,25,26,27,28,35,36,37,38,46,47
1580,15,16,17,25,26,27,28,35,36,37,38,46,47
1581,15,16,17,25,26,27,28,35,36,37,38,46,47
1582,15,16,17,25,26,27,28,35,36,37,38,46,47
1583,15,16,17,25,26,27,28,35,36,37,38,46,47
1584,15,16,17,25,26,27,28,35,36,37,38,46,47
1585,15,16,17,25,26,27,28,35,36,37,38,46,47
1586,15,16,17,25,26,27,28,35,36,37,38,46,47
1587,15,16,17,18,25,26,27,28,35,36,37,38,46,47
1588,15,16,17,18,25,26,27,28,35,36,37,38,46,47
1589,15,16,17,18,25,26,27,28,35,36,37,38,46
1590,15,16,17,18,25,26,27,28,35,36,37,38,46
1591,15,16,17,18,25,26,27,28,35,36,37,38
1592,15,16,17,18,25,26,27,28,35,36,37,38
1593,15,16,17,18,25,26,27,28,35,36,37,38
1594,15,16,17,18,25,26,27,28,35,36,37,38
1595,15,16,17,18,25,26,27,28,35,36,37,38
1596,15,16,17,18,25,26,27,28,35,36,37,38
1597,15,16,17,18,25,26,27,28,35,36,37,38
1598,15,16,17,18,25,26,27,28,35,36,37,38
1599,15,16,17,18,25,26,27,28,35,36,37,38
1600,15,16,17,18,25,26,27,28,35,36,37,38
1601,15,16,17,18,25,26,27,28,35,36,37,38
1602,15,16,17,18,25,26,27,28,35,36,37,38
1603,15,16,17,18,25,26,27,28,35,36,37,38
1604,15,16,17,18,25,26,27,28,35,36,37,38
1605,15,16,17,18,25,26,27,28,35,36,37,38
1606,15,16,17,18,25,26,27,28,35,36,37,38
1607,15,16,17,18,25,26,27,28,35,36,37,38
1608,15,16,17,18,25,26,27,28,35,36,37,38
1609,15,16,17,18,25,26,27,28,35,36,37,38
1610,15,16,17,18,25,26,27,28,35,36,37,38
1611,15,16,17,18,25,26,27,28,35,36,37,38
1612,15,16,17,18,25,26,27,28,35,36,37,38
1613,15,16,17,18,25,26,27,28,35,36,37,38
1614,15,16,17,18,25,26,27,28,35,36,37,38
1615,15,16,17,18,25,26,27,28,35,36,37,38
1616,15,16,17,18,25,26,27,28,35,36,37,38
1617,15,16,17,18,25,26,27,28,35,36,37,38,46
1618,15,16,17,18,25,26,27,28,35,36,37,38,46
1619,15,16,17,18,25,26,27,28,35,36,37,38,46
1620,15,16,17,18,25,26,27,28,35,36,37,38,46
1621,15,16,17,18,25,26,27,28,35,36,37,38,46
1622,15,16,17,18,25,26,27,28,35,36,37,38,46
1623,15,16,17,18,25,26,27,28,35,36,37,38
1624,15,16,17,18,25,26,27,28,35,36,37,38
1625,15,16,17,18,25,26,27,28,35,36,37,38
1626,15,16,17,18,25,26,27,28,35,36,37,38
1627,15,16,17,18,25,26,27,28,35,36,37,38
1628,15,16,17,18,25,26,27,28,35,36,37,38
1629,15,16,17,18,25,26,27,28,35,36,37,38
1630,15,16,17,18,25,26,27,28,35,36,37,38
1631,15,16,17,18,25,26,27,28,35,36,37,38
1632,15,16,17,18,25,26,27,28,35,36,37,38
1633,15,16,17,18,25,26,27,28,35,36,37,38
1634,15,16,17,18,25,26,27,28,35,36,37,38
1635,15,16,17,18,25,26,27,28,35,36,37,38
1636,15,16,17,18,25,26,27,28,35,36,37,38
1637,15,16,17,18,25,26,27,28,35,36,37,38
1638,15,16,17,18,25,26,27,28,35,36,37,38
1639,15,16,17,18,25,26,27,28,35,36,37,38
1640,15,16,17,18,25,26,27,28,35,36,37,38
1641,15,16,17,18,25,26,27,28,35,36,37,38
1642,15,16,17,18,25,26,27,28,35,36,37,38
1643,15,16,17,18,25,26,27,28,35,36,37,38
1644,15,16,17,18,25,26,27,28,35,36,37,38
1645,15,16,17,18,25,26,27,28,35,36,37,38
1646,15,16,17,18,25,26,27,28,35,36,37,38
1647,15,16,17,18,25,26,27,28,35,36,37,38
1648,15,16,17,18,25,26,27,28,35,36,37,38
1649,15,16,17,18,25,26,27,28,35,36,37,38
1650,15,16,17,18,25,26,27,28,35,36,37,38
1651,15,16,17,18,25,26,27,28,35,36,37,38,46,47
1652,15,16,17,18,25,26,27,28,35,36,37,38,46,47
1653,15,16,17,18,25,26,27,28,35,36,37,38,46,47
1654,15,16,17,18,25,26,27,28,35,36,37,38,46,47
1655,15,16,17,18,25,26,27,28,35,36,37,38,46,47
1656,15,16,17,18,25,26,27,28,35,36,37,38,46,47
1657,15,16,17,18,25,26,27,28,35,36,37,38,46,47
1658,15,16,17,18,25,26,27,28,35,36,37,38,46,47
1659,15,16,17,18,25,26,27,28,35,36,37,38,46,47
1660,15,16,17,18,25,26,27,28,35,36,37,38,46,47
1661,15,16,17,18,25,26,27,28,35,36,37,38,46,47
1662,15,16,17,18,25,26,27,28,35,36,37,38,46,47
1663,15,16,17,18,25,26,27,28,35,36,37,38,46,47
1664,15,16,17,18,25,26,27,28,35,36,37,38,46,47
1665,15,16,17,18,25,26,27,28,35,36,37,38,46,47
1666,15,16,17,18,25,26,27,28,35,36,37,38,46,47
1667,15,16,17,18,25,26,27,28,35,36,37,38,46,47
1668,15,16,17,18,25,26,27,28,35,36,37,38,46,47
1669,15,16,17,18,25,26,27,28,35,36,37,38,46,47
1670,15,16,17,18,25,26,27,28,35,36,37,38,46,47
1671,15,16,17,18,25,26,27,28,35,36,37,38,46,47
1672,15,16,17,18,25,26,27,28,35,36,37,38,46,47
1673,15,16,17,18,25,26,27,28,35,36,37,38,46,47
1674,15,16,17,18,25,26,27,28,35,36,37,38,46,47
1675,15,16,17,18,25,26,27,28,35,36,37,38
1676,15,16,17,18,25,26,27,28,35,36,37,38
1677,15,16,17,18,25,26,27,28,35,36,37,38
1678,15,16,17,18,25,26,27,28,35,36,37,38
1679,15,16,17,18,25,26,27,28,35,36,37,38
1680,15,16,17,18,25,26,27,28,35,36,37,38
1681,15,16,17,18,25,26,27,28,35,36,37,38
1682,15,16,17,18,25,26,27,28,35,36,37,38
1683,15,16,17,18,25,26,27,28,35,36,37,38
1684,15,16,17,18,25,26,27,28,35,36,37,38
1685,15,16,17,18,25,26,27,28,35,36,37,38
1686,15,16,17,18,25,26,27,28,35,36,37,38
1687,15,16,17,18,25,26,27,28,35,36,37,38
1688,15,16,17,18,25,26,27,28,35,36,37,38
1689,15,16,17,18,25,26,27,28,35,36,37,38
1690,15,16,17,18,25,26,27,28,35,36,37,38
1691,15,16,17,18,25,26,27,28,35,36,37,38
1692,15,16,17,18,25,26,27,28,35,36,37,38
1693,15,16,17,18,25,26,27,28,35,36,37,38,46,47
1694,15,16,17,18,25,26,27,28,35,36,37,38,46,47
1695,15,16,17,18,25,26,27,28,35,36,37,38,46,47
1696,15,16,17,18,25,26,27,28,35,36,37,38,46,47
1697,15,16,17,18,25,26,27,28,35,36,37,38,46,47
1698,15,16,17,18,25,26,27,28,35,36,37,38,46,47
1699,15,16,17,18,25,26,27,28,35,36,37,38,46,47
1700,15,16,17,18,25,26,27,28,35,36,37,38,46,47
1701,15,16,17,18,25,26,27,28,35,36,37,38,46,47
1702,15,16,17,18,25,26,27,28,35,36,37,38,46,47
1703,15,16,17,18,25,26,27,28,35,36,37,38,46,47
1704,15,16,17,18,25,26,27,28,35,36,37,38,46,47
1705,15,16,17,18,25,26,27,28,35,36,37,38,46,47
1706,15,16,17,18,25,26,27,28,35,36,37,38,46,47
1707,15,16,17,18,25,26,27,28,35,36,37,38,46,47
1708,15,16,17,18,25,26,27,28,35,36,37,38,46,47
1709,15,16,17,18,25,26,27,28,35,36,37,38,46,47
1710,15,16,17,18,25,26,27,28,35,36,37,38,46,47
1711,15,16,17,18,25,26,27,28,35,36,37,38,46,47
1712,15,16,17,18,25,26,27,28,35,36,37,38,46,47
1713,15,16,17,18,25,26,27,28,35,36,37,38,46,47
1714,15,16,17,18,25,26,27,28,35,36,37,38,46,47
1715,15,16,17,18,25,26,27,28,35,36,37,38,46,47
1716,15,16,17,18,25,26,27,28,35,36,37,38,46,47
1717,15,16,17,18,25,26,27,28,35,36,37,38,46,47
1718,15,16,17,18,25,26,27,28,35,36,37,38,46,47
1719,15,16,17,18,25,26,27,28,35,36,37,38,46,47
1720,15,16,17,18,25,26,27,28,35,36,37,38,46,47
1721,15,16,17,18,25,26,27,28,35,36,37,38,46,47
1722,15,16,17,18,25,26,27,28,35,36,37,38,46,47
1723,15,16,17,18,25,26,27,28,35,36,37,38,46,47
1724,15,16,17,18,25,26,27,28,35,36,37,38,46,47
1725,15,16,17,18,25,26,27,28,35,36,37,38,46,47
1726,15,16,17,18,25,26,27,28,35,36,37,38,46,47
1727,15,16,17,18,25,26,27,28,35,36,37,38,46,47
1728,15,16,17,18,25,26,27,28,35,36,37,38,46,47
1729,15,16,17,18,25,26,27,28,35,36,37,38,46,47
1730,15,16,17,18,25,26,27,28,35,36,37,38,46,47
1731,15,16,17,18,25,26,27,28,35,36,37,38,46,47
1732,15,16,17,18,25,26,27,28,35,36,37,38,46,47
1733,15,16,17,18,25,26,27,28,35,36,37,38,46,47
1734,15,16,17,18,25,26,27,28,35,36,37,38,46,47
1735,15,16,17,18,25,26,27,28,35,36,37,38,46,47
1736,15,16,17,18,25,26,27,28,35,36,37,38,46,47
1737,15,16,17,18,25,26,27,28,35,36,37,38,46,47
1738,15,16,17,18,25,26,27,28,35,36,37,38,46,47
1739,15,16,17,18,25,26,27,28,35,36,37,38,46,47
1740,15,16,17,18,25,26,27,28,35,36,37,38,46,47
1741,15,16,17,18,25,26,27,28,35,36,37,38,46,47
1742,15,16,17,18,25,26,27,28,35,36,37,38,46,47
1743,15,16,17,18,25,26,27,28,35,36,37,38,46,47
1744,15,16,17,18,25,26,27,28,35,36,37,38,46,47
1745,15,16,17,18,25,26,27,28,35,36,37,38,46,47
1746,15,16,17,18,25,26,27,28,35,36,37,38,46,47
1747,15,16,17,18,25,26,27,28,35,36,37,38,46,47
1748,15,16,17,18,25,26,27,28,35,36,37,38,46,47
1749,15,16,17,18,25,26,27,28,35,36,37,38,46,47
1750,15,16,17,18,25,26,27,28,35,36,37,38,46,47
1751,15,16,17,18,25,26,27,28,35,36,37,38,46,47
1752,15,16,17,18,25,26,27,28,35,36,37,38,46,47
1753,15,16,17,18,25,26,27,28,35,36,37,38,46,47
1754,15,16,17,18,25,26,27,28,35,36,37,38,46,47
1755,15,16,17,18,25,26,27,28,35,36,37,38,46,47
1756,15,16,17,18,25,26,27,28,35,36,37,38,46,47
1757,15,16,17,18,25,26,27,28,35,36,37,38,46,47
1758,15,16,17,18,25,26,27,28,35,36,37,38,46,47
1759,15,16,17,18,25,26,27,28,35,36,37,38,46,47
1760,15,16,17,18,25,26,27,28,35,36,37,38,46,47
1761,15,16,17,18,25,26,27,28,35,36,37,38,46,47
1762,15,16,17,18,25,26,27,28,35,36,37,38,46,47
1763,15,16,17,18,25,26,27,28,35,36,37,38,46,47
1764,15,16,17,18,25,26,27,28,35,36,37,38,46,47
1765,15,16,17,18,25,26,27,28,35,36,37,38,46,47
1766,15,16,17,18,25,26,27,28,35,36,37,38,46,47
1767,15,16,17,18,25,26,27,28,35,36,37,38,46,47
1768,15,16,17,18,25,26,27,28,35,36,37,38,46,47
1769,15,16,17,18,25,26,27,28,35,36,37,38,46,47
1770,15,16,17,18,25,26,27,28,35,36,37,38,46,47
1771,15,16,17,18,25,26,27,28,35,36,37,38,46,47
1772,15,16,17,18,25,26,27,28,35,36,37,38,46,47
1773,15,16,17,18,25,26,27,28,35,36,37,38,46,47
1774,15,16,17,18,25,26,27,28,35,36,37,38,46,47
1775,15,16,17,18,25,26,27,28,35,36,37,38,46,47
1776,15,16,17,18,25,26,27,28,35,36,37,38,46,47
1777,15,16,17,18,25,26,27,28,35,36,37,38,46,47
1778,15,16,17,18,25,26,27,28,35,36,37,38,46,47
1779,15,16,17,18,25,26,27,28,35,36,37,38,46,47
1780,15,16,17,18,25,26,27,28,35,36,37,38,46,47
1781,15,16,17,18,25,26,27,28,35,36,37,38,46,47
1782,15,16,17,18,25,26,27,28,35,36,37,38,46,47
1783,15,16,17,18,25,26,27,28,35,36,37,38,46,47
1784,15,16,17,18,25,26,27,28,35,36,37,38,46,47
1785,15,16,17,18,25,26,27,28,35,36,37,38,46,47
1786,15,16,17,18,25,26,27,28,35,36,37,38,46,47
1787,15,16,17,18,25,26,27,28,35,36,37,38,46
1788,15,16,17,18,25,26,27,28,35,36,37,38,46
1789,15,16,17,18,25,26,27,28,35,36,37,38
1790,15,16,17,18,25,26,27,28,35,36,37,38
1791,15,16,17,18,25,26,27,28,35,36,37,38
1792,15,16,17,18,25,26,27,28,35,36,37,38
1793,7,15,16,17,18,25,26,27,28,35,36,37,38
1794,7,15,16,17,18,25,26,27,28,35,36,37,38
1795,6,7,15,16,17,18,25,26,27,28,35,36,37,38
1796,6,7,15,16,17,18,25,26,27,28,35,36,37,38
1797,6,7,15,16,17,18,25,26,27,28,35,36,37,38
1798,6,7,15,16,17,18,25,26,27,28,35,36,37,38
1799,6,7,15,16,17,18,25,26,27,28,35,36,37,38
1800,6,7,15,16,17,18,25,26,27,28,35,36,37,38
