1,6,14,15,16,17,24,25,26,27,34,35,36,37
2,6,14,15,16,17,24,25,26,27,34,35,36,37
3,14,15,16,17,24,25,26,27,34,35,36,37
4,14,15,16,17,24,25,26,27,34,35,36,37
5,14,15,16,17,24,25,26,27,34,35,36,37
6,14,15,16,17,24,25,26,27,34,35,36,37
7,14,15,16,17,24,25,26,27,34,35,36,37,45,46
8,14,15,16,17,24,25,26,27,34,35,36,37,45,46
9,14,15,16,17,24,25,26,27,34,35,36,37,45,46
10,14,15,16,17,24,25,26,27,34,35,36,37,45,46
11,14,15,16,17,24,25,26,27,34,35,36,37,45,46
12,14,15,16,17,24,25,26,27,34,35,36,37,45,46
13,14,15,16,17,24,25,26,27,34,35,36,37,45,46
14,14,15,16,17,24,25,26,27,34,35,36,37,45,46
15,14,15,16,24,25,26,27,34,35,36,37,45,46
16,14,15,16,24,25,26,27,34,35,36,37,45,46
17,14,15,16,24,25,26,27,34,35,36,37,44,45,46
18,14,15,16,24,25,26,27,34,35,36,37,44,45,46
19,15,16,24,25,26,27,34,35,36,37,44,45,46,47
20,15,16,24,25,26,27,34,35,36,37,44,45,46,47
21,15,16,24,25,26,27,34,35,36,37,44,45,46,47
22,15,16,24,25,26,27,34,35,36,37,44,45,46,47
23,15,16,24,25,26,27,34,35,36,37,44,45,46,47
24,15,16,24,25,26,27,34,35,36,37,44,45,46,47
25,15,16,24,25,26,27,34,35,36,37,44,45,46,47
26,15,16,24,25,26,27,34,35,36,37,44,45,46,47
27,15,16,24,25,26,27,34,35,36,37,44,45,46,47
28,15,16,24,25,26,27,34,35,36,37,44,45,46,47
29,16,24,25,26,27,34,35,36,37,44,45,46,47
30,16,24,25,26,27,34,35,36,37,44,45,46,47
31,24,25,26,27,34,35,36,37,43,44,45,46,47
32,24,25,26,27,34,35,36,37,43,44,45,46,47
33,24,25,26,27,33,34,35,36,37,41,42,43,44,45,46,47,48,49,50
34,24,25,26,27,33,34,35,36,37,41,42,43,44,45,46,47,48,49,50
35,24,25,26,27,33,34,35,36,37,41,42,43,44,45,46,47,48,49,50
36,24,25,26,27,33,34,35,36,37,41,42,43,44,45,46,47,48,49,50
37,24,25,26,27,33,34,35,36,37,41,42,43,44,45,46,47,48,49,50
38,24,25,26,27,33,34,35,36,37,41,42,43,44,45,46,47,48,49,50
39,24,25,26,27,33,34,35,36,37,38,41,42,43,44,45,46,47,48,49,50
40,24,25,26,27,33,34,35,36,37,38,41,42,43,44,45,46,47,48,49,50
41,24,25,26,27,33,34,35,36,37,38,41,42,43,44,45,46,47,48,49,50
42,24,25,26,27,33,34,35,36,37,38,41,42,43,44,45,46,47,48,49,50
43,24,25,26,27,33,34,35,36,37,38,41,42,43,44,45,46,47,48,49,50
44,24,25,26,27,33,34,35,36,37,38,41,42,43,44,45,46,47,48,49,50
45,24,25,26,27,33,34,35,36,37,38,41,42,43,44,45,46,47,48,49,50
46,24,25,26,27,33,34,35,36,37,38,41,42,43,44,45,46,47,48,49,50
47,25,26,33,34,35,36,37,38,41,42,43,44,45,46,47,48,49,50
48,25,26,33,34,35,36,37,38,41,42,43,44,45,46,47,48,49,50
49,25,26,33,34,35,36,37,38,41,42,43,44,45,46,47,48,49,50
50,25,26,33,34,35,36,37,38,41,42,43,44,45,46,47,48,49,50
51,25,26,33,34,35,36,37,38,41,42,43,44,45,46,47,48,49,50
52,25,26,33,34,35,36,37,38,41,42,43,44,45,46,47,48,49,50
53,25,26,33,34,35,36,37,38,41,42,43,44,45,46,47,48,49,50
54,25,26,33,34,35,36,37,38,41,42,43,44,45,46,47,48,49,50
55,25,26,33,34,35,36,37,38,41,42,43,44,45,46,47,48,49,50
56,25,26,33,34,35,36,37,38,41,42,43,44,45,46,47,48,49,50
57,25,26,33,34,35,36,37,38,41,42,43,44,45,46,47,48,49,50
58,25,26,33,34,35,36,37,38,41,42,43,44,45,46,47,48,49,50
59,25,26,33,34,35,36,37,38,41,42,43,44,45,46,47,48,49,50
60,25,26,33,34,35,36,37,38,41,42,43,44,45,46,47,48,49,50
61,25,26,33,34,35,36,37,38,41,42,43,44,45,46,47,48,49,50
62,25,26,33,34,35,36,37,38,41,42,43,44,45,46,47,48,49,50
63,25,26,33,34,35,36,37,38,41,42,43,44,45,46,47,48,49,50
64,25,26,33,34,35,36,37,38,41,42,43,44,45,46,47,48,49,50
65,25,26,33,34,35,36,37,38,41,42,43,44,45,46,47,48,49,50
66,25,26,33,34,35,36,37,38,41,42,43,44,45,46,47,48,49,50
67,25,26,33,34,35,36,37,38,41,42,43,44,45,46,47,48,49,50
68,25,26,33,34,35,36,37,38,41,42,43,44,45,46,47,48,49,50
69,25,26,33,34,35,36,37,38,41,42,43,44,45,46,47,48,49,50
70,25,26,33,34,35,36,37,38,41,42,43,44,45,46,47,48,49,50
71,25,26,33,34,35,36,37,38,41,42,43,44,45,46,47,48,49,50
72,25,26,33,34,35,36,37,38,41,42,43,44,45,46,47,48,49,50
73,25,26,33,34,35,36,37,38,41,42,43,44,45,46,47,48,49,50
74,25,26,33,34,35,36,37,38,41,42,43,44,45,46,47,48,49,50
75,26,32,33,34,35,36,37,38,39,41,42,43,44,45,46,47,48,49,50
76,26,32,33,34,35,36,37,38,39,41,42,43,44,45,46,47,48,49,50
77,26,32,33,34,35,36,37,38,39,41,42,43,44,45,46,47,48,49,50
78,26,32,33,34,35,36,37,38,39,41,42,43,44,45,46,47,48,49,50
79,32,33,34,35,36,37,38,39,41,42,43,44,45,46,47,48,49,50
80,32,33,34,35,36,37,38,39,41,42,43,44,45,46,47,48,49,50
81,31,32,33,34,35,36,37,38,39,40,41,42,43,44,45,46,47,48,49,50
82,31,32,33,34,35,36,37,38,39,40,41,42,43,44,45,46,47,48,49,50
83,31,32,33,34,35,36,37,38,39,40,41,42,43,44,45,46,47,48,49,50
84,31,32,33,34,35,36,37,38,39,40,41,42,43,44,45,46,47,48,49,50
85,31,32,33,34,35,36,37,38,39,40,41,42,43,44,45,46,47,48,49,50
86,31,32,33,34,35,36,37,38,39,40,41,42,43,44,45,46,47,48,49,50
87,31,32,33,34,35,36,37,38,39,40,41,42,43,44,45,46,47,48,49,50
88,31,32,33,34,35,36,37,38,39,40,41,42,43,44,45,46,47,48,49,50
89,31,32,33,34,35,36,37,38,39,40,41,42,43,44,45,46,47,48,49,50
90,31,32,33,34,35,36,37,38,39,40,41,42,43,44,45,46,47,48,49,50
91,31,32,33,34,35,36,37,38,39,40,41,42,43,44,45,46,47,48,49,50
92,31,32,33,34,35,36,37,38,39,40,41,42,43,44,45,46,47,48,49,50
93,31,32,33,34,35,36,37,38,39,40,41,42,43,44,45,46,47,48,49,50
94,31,32,33,34,35,36,37,38,39,40,41,42,43,44,45,46,47,48,49,50
95,31,32,33,34,35,36,37,38,39,40,41,42,43,44,45,46,47,48,49,50
96,31,32,33,34,35,36,37,38,39,40,41,42,43,44,45,46,47,48,49,50
97,31,32,33,34,35,36,37,38,39,40,41,42,43,44,45,46,47,48,49,50
98,31,32,33,34,35,36,37,38,39,40,41,42,43,44,45,46,47,48,49,50
99,31,32,33,34,35,36,37,38,39,40,41,42,43,44,45,46,47,48,49,50
100,31,32,33,34,35,36,37,38,39,40,41,42,43,44,45,46,47,48,49,50
101,31,32,33,34,35,36,37,38,39,40,41,42,43,44,45,46,47,48,49,50
102,31,32,33,34,35,36,37,38,39,40,41,42,43,44,45,46,47,48,49,50
103,25,26,33,34,35,36,37,38,39,41,42,43,44,45,46,47,48,49,50
104,25,26,33,34,35,36,37,38,39,41,42,43,44,45,46,47,48,49,50
105,24,25,26,27,33,34,35,36,37,38,41,42,43,44,45,46,47,48,49,50
106,24,25,26,27,33,34,35,36,37,38,41,42,43,44,45,46,47,48,49,50
107,24,25,26,27,34,35,36,37,41,42,43,44,45,46,47,48,49,50
108,24,25,26,27,34,35,36,37,41,42,43,44,45,46,47,48,49,50
109,15,16,24,25,26,27,34,35,36,37,44,45,46,47
110,15,16,24,25,26,27,34,35,36,37,44,45,46,47
111,15,16,24,25,26,27,34,35,36,37,44,45,46,47
112,15,16,24,25,26,27,34,35,36,37,44,45,46,47
113,15,16,24,25,26,27,34,35,36,37,44,45,46,47
114,15,16,24,25,26,27,34,35,36,37,44,45,46,47
115,14,15,16,24,25,26,27,34,35,36,37,44,45,46,47
116,14,15,16,24,25,26,27,34,35,36,37,44,45,46,47
117,14,15,16,24,25,26,27,34,35,36,37,44,45,46
118,14,15,16,24,25,26,27,34,35,36,37,44,45,46
119,14,15,16,24,25,26,27,34,35,36,37,44,45,46
120,14,15,16,24,25,26,27,34,35,36,37,44,45,46
121,14,15,16,24,25,26,27,34,35,36,37,44,45,46
122,14,15,16,24,25,26,27,34,35,36,37,44,45,46
123,14,15,16,24,25,26,27,34,35,36,37,45,46
124,14,15,16,24,25,26,27,34,35,36,37,45,46
125,14,15,16,24,25,26,27,34,35,36,37,45,46
126,14,15,16,24,25,26,27,34,35,36,37,45,46
127,14,15,16,24,25,26,27,34,35,36,37,45,46
128,14,15,16,24,25,26,27,34,35,36,37,45,46
129,14,15,16,24,25,26,27,34,35,36,45
130,14,15,16,24,25,26,27,34,35,36,45
131,14,15,16,24,25,26,27,34,35,36
132,14,15,16,24,25,26,27,34,35,36
133,5,6,14,15,16,17,24,25,26,27,34,35,36
134,5,6,14,15,16,17,24,25,26,27,34,35,36
135,5,6,14,15,16,17,24,25,26,27,34,35,36
136,5,6,14,15,16,17,24,25,26,27,34,35,36
137,5,6,14,15,16,17,24,25,26,27,34,35,36
138,5,6,14,15,16,17,24,25,26,27,34,35,36
139,4,5,6,14,15,16,17,24,25,26,27,34,35,36
140,4,5,6,14,15,16,17,24,25,26,27,34,35,36
141,4,5,6,7,14,15,16,17,24,25,26,27,35,36
142,4,5,6,7,14,15,16,17,24,25,26,27,35,36
143,3,4,5,6,7,13,14,15,16,17,24,25,26,27,35,36
144,3,4,5,6,7,13,14,15,16,17,24,25,26,27,35,36
145,3,4,5,6,7,13,14,15,16,17,24,25,26,27
146,3,4,5,6,7,13,14,15,16,17,24,25,26,27
147,1,2,3,4,5,6,7,8,9,10,13,14,15,16,17,24,25,26,27
148,1,2,3,4,5,6,7,8,9,10,13,14,15,16,17,24,25,26,27
149,1,2,3,4,5,6,7,8,9,10,13,14,15,16,17,24,25,26,27
150,1,2,3,4,5,6,7,8,9,10,13,14,15,16,17,24,25,26,27
151,1,2,3,4,5,6,7,8,9,10,13,14,15,16,17,24,25,26,27
152,1,2,3,4,5,6,7,8,9,10,13,14,15,16,17,24,25,26,27
153,1,2,3,4,5,6,7,8,9,10,13,14,15,16,17,24,25,26,27
154,1,2,3,4,5,6,7,8,9,10,13,14,15,16,17,24,25,26,27
155,1,2,3,4,5,6,7,8,9,10,13,14,15,16,17,24,25,26,27
156,1,2,3,4,5,6,7,8,9,10,13,14,15,16,17,24,25,26,27
157,1,2,3,4,5,6,7,8,9,10,14,15,16,17,18,24,25,26,27
158,1,2,3,4,5,6,7,8,9,10,14,15,16,17,18,24,25,26,27
159,1,2,3,4,5,6,7,8,9,10,14,15,16,17,18,24,25,26,27
160,1,2,3,4,5,6,7,8,9,10,14,15,16,17,18,24,25,26,27
161,1,2,3,4,5,6,7,8,9,10,14,15,16,17,18,24,25,26,27
162,1,2,3,4,5,6,7,8,9,10,14,15,16,17,18,24,25,26,27
163,4,5,6,7,8,14,15,16,17,18,25,26,27
164,4,5,6,7,8,14,15,16,17,18,25,26,27
165,4,5,6,7,8,14,15,16,17,18,25,26,27,28
166,4,5,6,7,8,14,15,16,17,18,25,26,27,28
167,5,6,7,8,15,16,17,18,25,26,27,28
168,5,6,7,8,15,16,17,18,25,26,27,28
169,5,6,7,8,15,16,17,18,25,26,27,28,36,37
170,5,6,7,8,15,16,17,18,25,26,27,28,36,37
171,5,6,7,8,15,16,17,18,25,26,27,28,36,37
172,5,6,7,8,15,16,17,18,25,26,27,28,36,37
173,5,6,7,8,9,15,16,17,18,19,25,26,27,28,36,37
174,5,6,7,8,9,15,16,17,18,19,25,26,27,28,36,37
175,5,6,7,8,9,15,16,17,18,19,26,27,28,37
176,5,6,7,8,9,15,16,17,18,19,26,27,28,37
177,5,6,7,8,9,15,16,17,18,19,26,27,28,29,37,38
178,5,6,7,8,9,15,16,17,18,19,26,27,28,29,37,38
179,6,7,8,9,16,17,18,19,26,27,28,29,37,38
180,6,7,8,9,16,17,18,19,26,27,28,29,37,38
181,6,7,8,9,16,17,18,19,26,27,28,29,37,38
182,6,7,8,9,16,17,18,19,26,27,28,29,37,38
183,6,7,8,9,16,17,18,19,26,27,28,29,37,38
184,6,7,8,9,16,17,18,19,26,27,28,29,37,38
185,6,7,8,9,16,17,18,19,26,27,28,29,37,38
186,6,7,8,9,16,17,18,19,26,27,28,29,37,38
187,7,8,9,16,17,18,19,26,27,28,29,37,38
188,7,8,9,16,17,18,19,26,27,28,29,37,38
189,7,8,9,16,17,18,19,26,27,28,29,37,38,39
190,7,8,9,16,17,18,19,26,27,28,29,37,38,39
191,7,8,9,16,17,18,19,26,27,28,29,37,38,39
192,7,8,9,16,17,18,19,26,27,28,29,37,38,39
193,7,8,9,16,17,18,19,26,27,28,29,37,38,39
194,7,8,9,16,17,18,19,26,27,28,29,37,38,39
195,7,8,9,16,17,18,19,26,27,28,29,37,38,39
196,7,8,9,16,17,18,19,26,27,28,29,37,38,39
197,8,9,17,18,19,27,28,29,37,38,39
198,8,9,17,18,19,27,28,29,37,38,39
199,8,9,17,18,19,27,28,29,37,38,39
200,8,9,17,18,19,27,28,29,37,38,39
201,8,9,17,18,19,27,28,29,37,38,39
202,8,9,17,18,19,27,28,29,37,38,39
203,8,9,17,18,19,27,28,29,37,38,39
204,8,9,17,18,19,27,28,29,37,38,39
205,8,9,17,18,19,20,27,28,29,30,37,38,39
206,8,9,17,18,19,20,27,28,29,30,37,38,39
207,17,18,19,20,27,28,29,30,37,38,39,40
208,17,18,19,20,27,28,29,30,37,38,39,40
209,17,18,19,20,27,28,29,30,37,38,39,40,48,49
210,17,18,19,20,27,28,29,30,37,38,39,40,48,49
211,17,18,19,20,27,28,29,30,37,38,39,40,48,49
212,17,18,19,20,27,28,29,30,37,38,39,40,48,49
213,17,18,19,20,27,28,29,30,37,38,39,40,48,49
214,17,18,19,20,27,28,29,30,37,38,39,40,48,49
215,17,18,19,27,28,29,30,37,38,39,40,47,48,49
216,17,18,19,27,28,29,30,37,38,39,40,47,48,49
217,18,19,20,27,28,29,30,37,38,39,40,47,48,49,50
218,18,19,20,27,28,29,30,37,38,39,40,47,48,49,50
219,18,19,20,27,28,29,30,37,38,39,40,48,49,50
220,18,19,20,27,28,29,30,37,38,39,40,48,49,50
221,18,19,20,27,28,29,30,37,38,39,40,48,49,50
222,18,19,20,27,28,29,30,37,38,39,40,48,49,50
223,18,19,20,27,28,29,30,37,38,39,40,48,49,50
224,18,19,20,27,28,29,30,37,38,39,40,48,49,50
225,18,19,20,27,28,29,30,37,38,39,40,48,49,50
226,18,19,20,27,28,29,30,37,38,39,40,48,49,50
227,18,19,20,27,28,29,30,37,38,39,40,48,49,50
228,18,19,20,27,28,29,30,37,38,39,40,48,49,50
229,18,19,20,27,28,29,30,37,38,39,40,48,49,50
230,18,19,20,27,28,29,30,37,38,39,40,48,49,50
231,18,19,20,27,28,29,30,37,38,39,40,48,49,50
232,18,19,20,27,28,29,30,37,38,39,40,48,49,50
233,18,19,20,27,28,29,30,37,38,39,40,48,49,50
234,18,19,20,27,28,29,30,37,38,39,40,48,49,50
235,19,20,27,28,29,30,37,38,39,40,48,49,50
236,19,20,27,28,29,30,37,38,39,40,48,49,50
237,19,20,28,29,30,38,39,40,48,49,50
238,19,20,28,29,30,38,39,40,48,49,50
239,19,20,21,28,29,30,31,38,39,40,48,49,50
240,19,20,21,28,29,30,31,38,39,40,48,49,50
241,19,20,21,28,29,30,31,38,39,40,48,49,50
242,19,20,21,28,29,30,31,38,39,40,48,49,50
243,19,20,21,28,29,30,31,38,39,40,48,49,50
244,19,20,21,28,29,30,31,38,39,40,48,49,50
245,19,20,21,28,29,30,31,38,39,40,48,49,50
246,19,20,21,28,29,30,31,38,39,40,48,49,50
247,19,20,21,28,29,30,31,38,39,40,48,49,50
248,19,20,21,28,29,30,31,38,39,40,48,49,50
249,19,20,21,28,29,30,31,38,39,40,48,49,50
250,19,20,21,28,29,30,31,38,39,40,48,49,50
251,19,20,21,28,29,30,31,38,39,40,48,49,50
252,19,20,21,28,29,30,31,38,39,40,48,49,50
253,19,20,21,28,29,30,31,38,39,40,48,49,50
254,19,20,21,28,29,30,31,38,39,40,48,49,50
255,19,20,21,28,29,30,31,38,39,40,48,49,50
256,19,20,21,28,29,30,31,38,39,40,48,49,50
257,19,20,21,28,29,30,31,38,39,40,48,49,50
258,19,20,21,28,29,30,31,38,39,40,48,49,50
259,19,20,28,29,30,31,38,39,40,48,49,50
260,19,20,28,29,30,31,38,39,40,48,49,50
261,18,19,20,28,29,30,38,39,40,48,49,50
262,18,19,20,28,29,30,38,39,40,48,49,50
263,18,19,20,28,29,30,38,39,40,48,49,50
264,18,19,20,28,29,30,38,39,40,48,49,50
265,18,19,20,27,28,29,30,37,38,39,40,48,49,50
266,18,19,20,27,28,29,30,37,38,39,40,48,49,50
267,18,19,20,27,28,29,30,37,38,39,40,48,49,50
268,18,19,20,27,28,29,30,37,38,39,40,48,49,50
269,18,19,20,27,28,29,30,37,38,39,40,48,49
270,18,19,20,27,28,29,30,37,38,39,40,48,49
271,17,18,19,20,27,28,29,30,37,38,39,40,48,49
272,17,18,19,20,27,28,29,30,37,38,39,40,48,49
273,17,18,19,20,27,28,29,30,37,38,39,40,48,49
274,17,18,19,20,27,28,29,30,37,38,39,40,48,49
275,17,18,19,20,27,28,29,30,37,38,39,40
276,17,18,19,20,27,28,29,30,37,38,39,40
277,8,9,17,18,19,20,27,28,29,30,37,38,39,40
278,8,9,17,18,19,20,27,28,29,30,37,38,39,40
279,8,9,17,18,19,20,27,28,29,30,37,38,39
280,8,9,17,18,19,20,27,28,29,30,37,38,39
281,8,9,17,18,19,27,28,29,30,37,38,39
282,8,9,17,18,19,27,28,29,30,37,38,39
283,8,9,17,18,19,27,28,29,37,38,39
284,8,9,17,18,19,27,28,29,37,38,39
285,8,9,17,18,19,27,28,29,37,38,39
286,8,9,17,18,19,27,28,29,37,38,39
287,7,8,9,16,17,18,19,26,27,28,29,37,38,39
288,7,8,9,16,17,18,19,26,27,28,29,37,38,39
289,7,8,9,16,17,18,19,26,27,28,29,37,38,39
290,7,8,9,16,17,18,19,26,27,28,29,37,38,39
291,7,8,9,16,17,18,19,26,27,28,29,37,38,39
292,7,8,9,16,17,18,19,26,27,28,29,37,38,39
293,7,8,9,16,17,18,19,26,27,28,29,37,38,39
294,7,8,9,16,17,18,19,26,27,28,29,37,38,39
295,7,8,9,16,17,18,19,26,27,28,29,37,38
296,7,8,9,16,17,18,19,26,27,28,29,37,38
297,7,8,9,16,17,18,19,26,27,28,29,37,38
298,7,8,9,16,17,18,19,26,27,28,29,37,38
299,7,8,9,16,17,18,19,26,27,28,29,37,38
300,7,8,9,16,17,18,19,26,27,28,29,37,38
301,6,7,8,9,16,17,18,19,26,27,28,29,37,38
302,6,7,8,9,16,17,18,19,26,27,28,29,37,38
303,6,7,8,9,16,17,18,19,26,27,28,29,37,38
304,6,7,8,9,16,17,18,19,26,27,28,29,37,38
305,6,7,8,9,16,17,18,19,26,27,28,29,37,38
306,6,7,8,9,16,17,18,19,26,27,28,29,37,38
307,6,7,8,9,16,17,18,19,26,27,28,29,36,37,38
308,6,7,8,9,16,17,18,19,26,27,28,29,36,37,38
309,6,7,8,16,17,18,19,26,27,28,29,36,37,38
310,6,7,8,16,17,18,19,26,27,28,29,36,37,38
311,6,7,8,15,16,17,18,25,26,27,28,36,37,38
312,6,7,8,15,16,17,18,25,26,27,28,36,37,38
313,5,6,7,8,15,16,17,18,25,26,27,28,36,37,38
314,5,6,7,8,15,16,17,18,25,26,27,28,36,37,38
315,5,6,7,8,15,16,17,18,25,26,27,28,36,37
316,5,6,7,8,15,16,17,18,25,26,27,28,36,37
317,6,7,8,15,16,17,18,25,26,27,28,36,37
318,6,7,8,15,16,17,18,25,26,27,28,36,37
319,6,7,15,16,17,18,25,26,27,28,35,36,37
320,6,7,15,16,17,18,25,26,27,28,35,36,37
321,6,7,15,16,17,18,25,26,27,28,35,36,37
322,6,7,15,16,17,18,25,26,27,28,35,36,37
323,6,7,15,16,17,18,25,26,27,28,35,36,37
324,6,7,15,16,17,18,25,26,27,28,35,36,37
325,15,16,17,25,26,27,35,36,37,46,47
326,15,16,17,25,26,27,35,36,37,46,47
327,15,16,17,24,25,26,27,34,35,36,37,45,46,47
328,15,16,17,24,25,26,27,34,35,36,37,45,46,47
329,15,16,17,24,25,26,27,34,35,36,37,45,46,47
330,15,16,17,24,25,26,27,34,35,36,37,45,46,47
331,15,16,17,24,25,26,27,34,35,36,37,45,46,47
332,15,16,17,24,25,26,27,34,35,36,37,45,46,47
333,15,16,17,24,25,26,27,34,35,36,37,45,46
334,15,16,17,24,25,26,27,34,35,36,37,45,46
335,14,15,16,17,24,25,26,27,34,35,36,37,45,46
336,14,15,16,17,24,25,26,27,34,35,36,37,45,46
337,14,15,16,17,24,25,26,27,34,35,36,37,45,46
338,14,15,16,17,24,25,26,27,34,35,36,37,45,46
339,6,14,15,16,17,24,25,26,27,34,35,36,37
340,6,14,15,16,17,24,25,26,27,34,35,36,37
341,5,6,14,15,16,17,24,25,26,27,34,35,36,37
342,5,6,14,15,16,17,24,25,26,27,34,35,36,37
343,5,6,14,15,16,17,24,25,26,27,34,35,36,37
344,5,6,14,15,16,17,24,25,26,27,34,35,36,37
345,5,6,14,15,16,17,24,25,26,27,34,35,36
346,5,6,14,15,16,17,24,25,26,27,34,35,36
347,5,6,14,15,16,17,24,25,26,27,34,35,36
348,5,6,14,15,16,17,24,25,26,27,34,35,36
349,5,6,14,15,16,17,24,25,26,27,34,35,36
350,5,6,14,15,16,17,24,25,26,27,34,35,36
351,4,5,6,14,15,16,24,25,26,34,35,36
352,4,5,6,14,15,16,24,25,26,34,35,36
353,4,5,6,13,14,15,16,23,24,25,26,34,35,36
354,4,5,6,13,14,15,16,23,24,25,26,34,35,36
355,4,5,6,13,14,15,16,23,24,25,26,34,35,36
356,4,5,6,13,14,15,16,23,24,25,26,34,35,36
357,4,5,6,13,14,15,16,23,24,25,26,34,35,36
358,4,5,6,13,14,15,16,23,24,25,26,34,35,36
359,4,5,13,14,15,16,23,24,25,26,33,34,35,36
360,4,5,13,14,15,16,23,24,25,26,33,34,35,36
361,4,5,13,14,15,16,23,24,25,26,33,34,35
362,4,5,13,14,15,16,23,24,25,26,33,34,35
363,4,5,13,14,15,16,23,24,25,26,33,34,35
364,4,5,13,14,15,16,23,24,25,26,33,34,35
365,4,5,13,14,15,23,24,25,26,33,34,35
366,4,5,13,14,15,23,24,25,26,33,34,35
367,4,5,13,14,15,23,24,25,33,34,35
368,4,5,13,14,15,23,24,25,33,34,35
369,4,12,13,14,15,22,23,24,25,33,34,35
370,4,12,13,14,15,22,23,24,25,33,34,35
371,4,12,13,14,15,22,23,24,25,32,33,34,35
372,4,12,13,14,15,22,23,24,25,32,33,34,35
373,12,13,14,15,22,23,24,25,32,33,34,35
374,12,13,14,15,22,23,24,25,32,33,34,35
375,12,13,14,15,22,23,24,25,32,33,34,35
376,12,13,14,15,22,23,24,25,32,33,34,35
377,12,13,14,15,22,23,24,25,32,33,34,35
378,12,13,14,15,22,23,24,25,32,33,34,35
379,12,13,14,15,22,23,24,25,32,33,34,35
380,12,13,14,15,22,23,24,25,32,33,34,35
381,12,13,14,22,23,24,25,32,33,34,35,43
382,12,13,14,22,23,24,25,32,33,34,35,43
383,12,13,14,22,23,24,25,32,33,34,35,43,44
384,12,13,14,22,23,24,25,32,33,34,35,43,44
385,12,13,14,22,23,24,25,32,33,34,35,43,44
386,12,13,14,22,23,24,25,32,33,34,35,43,44
387,12,13,14,22,23,24,25,32,33,34,35,43,44
388,12,13,14,22,23,24,25,32,33,34,35,43,44
389,12,13,14,22,23,24,25,32,33,34,43,44
390,12,13,14,22,23,24,25,32,33,34,43,44
391,12,13,14,22,23,24,32,33,34,43,44
392,12,13,14,22,23,24,32,33,34,43,44
393,12,13,14,22,23,24,32,33,34,42,43,44
394,12,13,14,22,23,24,32,33,34,42,43,44
395,12,13,14,22,23,24,32,33,34,42,43,44
396,12,13,14,22,23,24,32,33,34,42,43,44
397,12,13,14,22,23,24,32,33,34,42,43,44
398,12,13,14,22,23,24,32,33,34,42,43,44
399,12,13,14,22,23,24,32,33,34,42,43,44
400,12,13,14,22,23,24,32,33,34,42,43,44
401,12,13,14,22,23,24,32,33,34,42,43,44
402,12,13,14,22,23,24,32,33,34,42,43,44
403,12,13,14,22,23,24,32,33,34,42,43,44
404,12,13,14,22,23,24,32,33,34,42,43,44
405,12,13,14,22,23,24,32,33,34,42,43,44
406,12,13,14,22,23,24,32,33,34,42,43,44
407,12,13,14,22,23,24,32,33,34,42,43,44
408,12,13,14,22,23,24,32,33,34,42,43,44
409,12,13,14,22,23,24,32,33,34,42,43,44
410,12,13,14,22,23,24,32,33,34,42,43,44
411,12,13,14,22,23,24,32,33,34,42,43,44
412,12,13,14,22,23,24,32,33,34,42,43,44
413,12,13,14,22,23,24,32,33,34,42,43,44
414,12,13,14,22,23,24,32,33,34,42,43,44
415,12,13,14,22,23,24,32,33,34,42,43,44
416,12,13,14,22,23,24,32,33,34,42,43,44
417,12,13,14,22,23,24,32,33,34,42,43,44
418,12,13,14,22,23,24,32,33,34,42,43,44
419,12,13,14,22,23,24,32,33,34,42,43,44
420,12,13,14,22,23,24,32,33,34,42,43,44
421,12,13,14,22,23,24,32,33,34,42,43,44
422,12,13,14,22,23,24,32,33,34,42,43,44
423,12,13,14,21,22,23,24,31,32,33,34,42,43,44
424,12,13,14,21,22,23,24,31,32,33,34,42,43,44
425,12,13,14,21,22,23,24,31,32,33,34,42,43,44
426,12,13,14,21,22,23,24,31,32,33,34,42,43,44
427,12,13,14,21,22,23,24,31,32,33,34,42,43,44
428,12,13,14,21,22,23,24,31,32,33,34,42,43,44
429,12,13,14,21,22,23,24,31,32,33,34,42,43
430,12,13,14,21,22,23,24,31,32,33,34,42,43
431,11,12,13,14,21,22,23,24,31,32,33,34,42,43
432,11,12,13,14,21,22,23,24,31,32,33,34,42,43
433,11,12,13,14,21,22,23,24,31,32,33,34,42,43
434,11,12,13,14,21,22,23,24,31,32,33,34,42,43
435,11,12,13,14,21,22,23,24,31,32,33,34,42,43
436,11,12,13,14,21,22,23,24,31,32,33,34,42,43
437,11,12,13,14,21,22,23,24,31,32,33,34
438,11,12,13,14,21,22,23,24,31,32,33,34
439,11,12,13,14,21,22,23,24,31,32,33,34
440,11,12,13,14,21,22,23,24,31,32,33,34
441,11,12,13,14,21,22,23,24,31,32,33
442,11,12,13,14,21,22,23,24,31,32,33
443,11,12,13,21,22,23,24,31,32,33
444,11,12,13,21,22,23,24,31,32,33
445,2,11,12,13,21,22,23,24,31,32,33
446,2,11,12,13,21,22,23,24,31,32,33
447,2,11,12,13,21,22,23,24,31,32,33
448,2,11,12,13,21,22,23,24,31,32,33
449,11,12,13,21,22,23,24,31,32,33
450,11,12,13,21,22,23,24,31,32,33
451,11,12,13,21,22,23,24,31,32,33
452,11,12,13,21,22,23,24,31,32,33
453,11,12,13,21,22,23,24,31,32,33
454,11,12,13,21,22,23,24,31,32,33
455,11,12,13,21,22,23,24,31,32,33
456,11,12,13,21,22,23,24,31,32,33
457,11,12,13,21,22,23,24,31,32,33
458,11,12,13,21,22,23,24,31,32,33
459,2,11,12,13,21,22,23,24,31,32,33
460,2,11,12,13,21,22,23,24,31,32,33
461,2,3,11,12,13,21,22,23,24,31,32,33
462,2,3,11,12,13,21,22,23,24,31,32,33
463,2,3,11,12,13,14,21,22,23,24,31,32,33
464,2,3,11,12,13,14,21,22,23,24,31,32,33
465,2,3,11,12,13,14,21,22,23,24,31,32,33
466,2,3,11,12,13,14,21,22,23,24,31,32,33
467,2,3,11,12,13,14,21,22,23,24,31,32,33
468,2,3,11,12,13,14,21,22,23,24,31,32,33
469,2,3,11,12,13,14,21,22,23,24,31,32,33
470,2,3,11,12,13,14,21,22,23,24,31,32,33
471,2,3,11,12,13,14,21,22,23,24,31,32,33
472,2,3,11,12,13,14,21,22,23,24,31,32,33
473,2,3,11,12,13,14,21,22,23,24,31,32,33
474,2,3,11,12,13,14,21,22,23,24,31,32,33
475,2,3,11,12,13,14,21,22,23,24,31,32,33
476,2,3,11,12,13,14,21,22,23,24,31,32,33
477,2,3,11,12,13,14,21,22,23,24,31,32,33
478,2,3,11,12,13,14,21,22,23,24,31,32,33
479,2,3,11,12,13,14,21,22,23,24,31,32,33
480,2,3,11,12,13,14,21,22,23,24,31,32,33
481,2,3,11,12,13,14,21,22,23,24,31,32,33
482,2,3,11,12,13,14,21,22,23,24,31,32,33
483,2,3,11,12,13,14,21,22,23,24,31,32,33
484,2,3,11,12,13,14,21,22,23,24,31,32,33
485,2,3,11,12,13,14,21,22,23,24,31,32,33
486,2,3,11,12,13,14,21,22,23,24,31,32,33
487,2,3,11,12,13,14,21,22,23,24,31,32,33
488,2,3,11,12,13,14,21,22,23,24,31,32,33
489,2,3,11,12,13,14,21,22,23,24,31,32,33
490,2,3,11,12,13,14,21,22,23,24,31,32,33
491,2,3,11,12,13,14,21,22,23,24,31,32,33
492,2,3,11,12,13,14,21,22,23,24,31,32,33
493,2,3,11,12,13,14,21,22,23,24,31,32,33
494,2,3,11,12,13,14,21,22,23,24,31,32,33
495,2,3,11,12,13,14,21,22,23,24,31,32,33
496,2,3,11,12,13,14,21,22,23,24,31,32,33
497,2,3,11,12,13,14,21,22,23,24,31,32,33
498,2,3,11,12,13,14,21,22,23,24,31,32,33
499,2,3,11,12,13,14,21,22,23,24,31,32,33
500,2,3,11,12,13,14,21,22,23,24,31,32,33
501,2,3,11,12,13,14,21,22,23,24,31,32,33
502,2,3,11,12,13,14,21,22,23,24,31,32,33
503,2,3,11,12,13,14,21,22,23,24,31,32,33
504,2,3,11,12,13,14,21,22,23,24,31,32,33
505,2,11,12,13,14,21,22,23,24,31,32,33
506,2,11,12,13,14,21,22,23,24,31,32,33
507,11,12,13,14,21,22,23,24,31,32,33
508,11,12,13,14,21,22,23,24,31,32,33
509,11,12,13,14,21,22,23,24,31,32,33
510,11,12,13,14,21,22,23,24,31,32,33
511,11,12,13,21,22,23,24,31,32,33
512,11,12,13,21,22,23,24,31,32,33
513,11,12,13,21,22,23,24,31,32,33
514,11,12,13,21,22,23,24,31,32,33
515,11,12,13,21,22,23,24,31,32,33
516,11,12,13,21,22,23,24,31,32,33
517,11,12,13,21,22,23,31,32,33
518,11,12,13,21,22,23,31,32,33
519,11,12,13,21,22,23,31,32,33
520,11,12,13,21,22,23,31,32,33
521,11,12,13,21,22,23,31,32,33
522,11,12,13,21,22,23,31,32,33
523,11,12,13,21,22,23,30,31,32,33,42
524,11,12,13,21,22,23,30,31,32,33,42
525,11,12,13,21,22,23,30,31,32,33,40,41,42
526,11,12,13,21,22,23,30,31,32,33,40,41,42
527,11,12,13,21,22,23,30,31,32,33,40,41,42
528,11,12,13,21,22,23,30,31,32,33,40,41,42
529,11,12,13,20,21,22,23,30,31,32,33,40,41,42
530,11,12,13,20,21,22,23,30,31,32,33,40,41,42
531,11,12,13,20,21,22,23,30,31,32,33,40,41,42
532,11,12,13,20,21,22,23,30,31,32,33,40,41,42
533,11,12,13,20,21,22,23,30,31,32,33,40,41,42
534,11,12,13,20,21,22,23,30,31,32,33,40,41,42
535,11,12,13,20,21,22,23,30,31,32,33,40,41,42
536,11,12,13,20,21,22,23,30,31,32,33,40,41,42
537,11,12,13,20,21,22,23,30,31,32,33,40,41,42
538,11,12,13,20,21,22,23,30,31,32,33,40,41,42
539,11,12,13,20,21,22,23,30,31,32,33,40,41,42
540,11,12,13,20,21,22,23,30,31,32,33,40,41,42
541,11,12,13,20,21,22,23,30,31,32,33,40,41,42
542,11,12,13,20,21,22,23,30,31,32,33,40,41,42
543,11,12,13,20,21,22,23,30,31,32,33,40
544,11,12,13,20,21,22,23,30,31,32,33,40
545,11,12,13,20,21,22,23,30,31,32,33,40
546,11,12,13,20,21,22,23,30,31,32,33,40
547,11,12,13,20,21,22,23,30,31,32,33,40
548,11,12,13,20,21,22,23,30,31,32,33,40
549,11,12,13,20,21,22,23,30,31,32,33,40
550,11,12,13,20,21,22,23,30,31,32,33,40
551,11,12,13,20,21,22,23,30,31,32,33,40
552,11,12,13,20,21,22,23,30,31,32,33,40
553,11,12,13,20,21,22,23,30,31,32,33,40
554,11,12,13,20,21,22,23,30,31,32,33,40
555,11,12,13,20,21,22,23,30,31,32,33,40
556,11,12,13,20,21,22,23,30,31,32,33,40
557,11,12,13,20,21,22,23,30,31,32,33,40
558,11,12,13,20,21,22,23,30,31,32,33,40
559,11,12,13,20,21,22,23,30,31,32,33,40
560,11,12,13,20,21,22,23,30,31,32,33,40
561,11,12,13,20,21,22,23,30,31,32,33,40
562,11,12,13,20,21,22,23,30,31,32,33,40
563,11,12,13,20,21,22,23,30,31,32,33,40
564,11,12,13,20,21,22,23,30,31,32,33,40
565,11,12,13,20,21,22,23,30,31,32,33,40
566,11,12,13,20,21,22,23,30,31,32,33,40
567,11,12,13,20,21,22,23,30,31,32,33,40
568,11,12,13,20,21,22,23,30,31,32,33,40
569,11,12,13,20,21,22,23,30,31,32,33,40
570,11,12,13,20,21,22,23,30,31,32,33,40
571,11,12,13,20,21,22,23,30,31,32,33,40
572,11,12,13,20,21,22,23,30,31,32,33,40
573,11,12,13,20,21,22,23,30,31,32,33,40
574,11,12,13,20,21,22,23,30,31,32,33,40
575,11,12,13,20,21,22,23,30,31,32,33,40
576,11,12,13,20,21,22,23,30,31,32,33,40
577,11,12,13,20,21,22,23,30,31,32,33,40
578,11,12,13,20,21,22,23,30,31,32,33,40
579,11,12,13,20,21,22,23,30,31,32,33,40
580,11,12,13,20,21,22,23,30,31,32,33,40
581,11,12,13,20,21,22,23,30,31,32,33,40
582,11,12,13,20,21,22,23,30,31,32,33,40
583,11,12,13,20,21,22,23,30,31,32,33,40
584,11,12,13,20,21,22,23,30,31,32,33,40
585,11,12,13,20,21,22,23,30,31,32,33,40
586,11,12,13,20,21,22,23,30,31,32,33,40
587,11,12,13,20,21,22,23,30,31,32,33,40
588,11,12,13,20,21,22,23,30,31,32,33,40
589,11,12,13,20,21,22,23,30,31,32,33,40
590,11,12,13,20,21,22,23,30,31,32,33,40
591,11,12,13,20,21,22,23,30,31,32,33,40
592,11,12,13,20,21,22,23,30,31,32,33,40
593,11,12,13,20,21,22,23,30,31,32,33,40
594,11,12,13,20,21,22,23,30,31,32,33,40
595,11,12,13,20,21,22,23,30,31,32,33,40
596,11,12,13,20,21,22,23,30,31,32,33,40
597,11,12,13,20,21,22,23,30,31,32,33,40
598,11,12,13,20,21,22,23,30,31,32,33,40
599,11,12,13,21,22,23,30,31,32,33
600,11,12,13,21,22,23,30,31,32,33
601,11,12,13,21,22,23,31,32,33
602,11,12,13,21,22,23,31,32,33
603,2,11,12,13,21,22,23,31,32,33
604,2,11,12,13,21,22,23,31,32,33
605,2,11,12,13,21,22,23,24,31,32,33
606,2,11,12,13,21,22,23,24,31,32,33
607,2,11,12,13,21,22,23,24,31,32,33
608,2,11,12,13,21,22,23,24,31,32,33
609,11,12,13,14,21,22,23,24,31,32,33
610,11,12,13,14,21,22,23,24,31,32,33
611,11,12,13,14,21,22,23,24,31,32,33
612,11,12,13,14,21,22,23,24,31,32,33
613,11,12,13,14,21,22,23,24,31,32,33
614,11,12,13,14,21,22,23,24,31,32,33
615,11,12,13,21,22,23,24,31,32,33
616,11,12,13,21,22,23,24,31,32,33
617,11,12,13,21,22,23,24,31,32,33
618,11,12,13,21,22,23,24,31,32,33
619,11,12,13,21,22,23,24,31,32,33
620,11,12,13,21,22,23,24,31,32,33
621,11,12,13,21,22,23,24,31,32,33
622,11,12,13,21,22,23,24,31,32,33
623,11,12,13,21,22,23,24,31,32,33
624,11,12,13,21,22,23,24,31,32,33
625,11,12,13,21,22,23,24,31,32,33
626,11,12,13,21,22,23,24,31,32,33
627,11,12,13,21,22,23,24,31,32,33
628,11,12,13,21,22,23,24,31,32,33
629,11,12,13,21,22,23,24,31,32,33
630,11,12,13,21,22,23,24,31,32,33
631,11,12,13,21,22,23,24,31,32,33
632,11,12,13,21,22,23,24,31,32,33
633,11,12,13,21,22,23,24,31,32,33
634,11,12,13,21,22,23,24,31,32,33
635,11,12,13,21,22,23,24,31,32,33
636,11,12,13,21,22,23,24,31,32,33
637,11,12,13,21,22,23,24,31,32,33
638,11,12,13,21,22,23,24,31,32,33
639,11,12,13,21,22,23,24,31,32,33
640,11,12,13,21,22,23,24,31,32,33
641,11,12,13,21,22,23,24,31,32,33
642,11,12,13,21,22,23,24,31,32,33
643,11,12,13,21,22,23,24,31,32,33
644,11,12,13,21,22,23,24,31,32,33
645,11,12,13,21,22,23,24,31,32,33
646,11,12,13,21,22,23,24,31,32,33
647,11,12,13,21,22,23,24,31,32,33
648,11,12,13,21,22,23,24,31,32,33
649,11,12,13,21,22,23,24,31,32,33
650,11,12,13,21,22,23,24,31,32,33
651,11,12,13,21,22,23,24,31,32,33
652,11,12,13,21,22,23,24,31,32,33
653,11,12,13,21,22,23,24,31,32,33
654,11,12,13,21,22,23,24,31,32,33
655,11,12,13,21,22,23,24,31,32,33
656,11,12,13,21,22,23,24,31,32,33
657,11,12,13,21,22,23,24,31,32,33
658,11,12,13,21,22,23,24,31,32,33
659,11,12,13,21,22,23,24,31,32,33
660,11,12,13,21,22,23,24,31,32,33
661,11,12,13,21,22,23,24,31,32,33
662,11,12,13,21,22,23,24,31,32,33
663,11,12,13,21,22,23,24,31,32,33
664,11,12,13,21,22,23,24,31,32,33
665,11,12,13,21,22,23,24,31,32,33
666,11,12,13,21,22,23,24,31,32,33
667,11,12,13,21,22,23,24,31,32,33
668,11,12,13,21,22,23,24,31,32,33
669,11,12,13,21,22,23,24,31,32,33
670,11,12,13,21,22,23,24,31,32,33
671,11,12,13,21,22,23,24,31,32,33
672,11,12,13,21,22,23,24,31,32,33
673,11,12,13,21,22,23,24,31,32,33
674,11,12,13,21,22,23,24,31,32,33
675,11,12,13,21,22,23,24,31,32,33
676,11,12,13,21,22,23,24,31,32,33
677,11,12,13,21,22,23,24,31,32,33
678,11,12,13,21,22,23,24,31,32,33
679,11,12,13,21,22,23,24,31,32,33
680,11,12,13,21,22,23,24,31,32,33
681,11,12,13,21,22,23,24,31,32,33
682,11,12,13,21,22,23,24,31,32,33
683,11,12,13,21,22,23,24,31,32,33
684,11,12,13,21,22,23,24,31,32,33
685,11,12,13,21,22,23,24,31,32,33
686,11,12,13,21,22,23,24,31,32,33
687,11,12,13,21,22,23,24,31,32,33
688,11,12,13,21,22,23,24,31,32,33
689,11,12,13,21,22,23,24,31,32,33
690,11,12,13,21,22,23,24,31,32,33
691,11,12,13,21,22,23,24,31,32,33
692,11,12,13,21,22,23,24,31,32,33
693,11,12,13,21,22,23,24,31,32,33
694,11,12,13,21,22,23,24,31,32,33
695,11,12,13,21,22,23,24,31,32,33
696,11,12,13,21,22,23,24,31,32,33
697,11,12,13,21,22,23,24,31,32,33
698,11,12,13,21,22,23,24,31,32,33
699,11,12,13,21,22,23,24,31,32,33
700,11,12,13,21,22,23,24,31,32,33
701,11,12,13,21,22,23,24,31,32,33
702,11,12,13,21,22,23,24,31,32,33
703,11,12,13,21,22,23,24,31,32,33
704,11,12,13,21,22,23,24,31,32,33
705,2,11,12,13,14,21,22,23,24,31,32,33
706,2,11,12,13,14,21,22,23,24,31,32,33
707,2,3,11,12,13,14,21,22,23,24,31,32,33
708,2,3,11,12,13,14,21,22,23,24,31,32,33
709,2,3,11,12,13,14,21,22,23,24,31,32,33,34
710,2,3,11,12,13,14,21,22,23,24,31,32,33,34
711,2,3,11,12,13,14,21,22,23,24,32,33,34
712,2,3,11,12,13,14,21,22,23,24,32,33,34
713,2,3,4,11,12,13,14,21,22,23,24,32,33,34
714,2,3,4,11,12,13,14,21,22,23,24,32,33,34
715,3,4,12,13,14,22,23,24,32,33,34
716,3,4,12,13,14,22,23,24,32,33,34
717,3,4,12,13,14,15,22,23,24,25,32,33,34
718,3,4,12,13,14,15,22,23,24,25,32,33,34
719,3,4,5,12,13,14,15,22,23,24,25,33,34
720,3,4,5,12,13,14,15,22,23,24,25,33,34
721,3,4,5,12,13,14,15,22,23,24,25,33,34,35
722,3,4,5,12,13,14,15,22,23,24,25,33,34,35
723,3,4,5,12,13,14,15,22,23,24,25,33,34,35
724,3,4,5,12,13,14,15,22,23,24,25,33,34,35
725,4,5,13,14,15,16,23,24,25,26,33,34,35
726,4,5,13,14,15,16,23,24,25,26,33,34,35
727,4,5,13,14,15,16,23,24,25,26,33,34,35
728,4,5,13,14,15,16,23,24,25,26,33,34,35
729,4,5,6,13,14,15,16,23,24,25,26,34,35,36
730,4,5,6,13,14,15,16,23,24,25,26,34,35,36
731,4,5,6,13,14,15,16,23,24,25,26,34,35,36
732,4,5,6,13,14,15,16,23,24,25,26,34,35,36
733,5,6,14,15,16,24,25,26,34,35,36
734,5,6,14,15,16,24,25,26,34,35,36
735,5,6,14,15,16,17,24,25,26,27,34,35,36
736,5,6,14,15,16,17,24,25,26,27,34,35,36
737,5,6,14,15,16,17,24,25,26,27,34,35,36
738,5,6,14,15,16,17,24,25,26,27,34,35,36
739,5,6,14,15,16,17,24,25,26,27,34,35,36
740,5,6,14,15,16,17,24,25,26,27,34,35,36
741,5,6,14,15,16,17,24,25,26,27,34,35,36
742,5,6,14,15,16,17,24,25,26,27,34,35,36
743,5,6,14,15,16,17,24,25,26,27,34,35,36,37
744,5,6,14,15,16,17,24,25,26,27,34,35,36,37
745,5,6,14,15,16,17,24,25,26,27,34,35,36,37
746,5,6,14,15,16,17,24,25,26,27,34,35,36,37
747,5,6,14,15,16,17,24,25,26,27,34,35,36,37
748,5,6,14,15,16,17,24,25,26,27,34,35,36,37
749,5,6,14,15,16,17,24,25,26,27,34,35,36,37
750,5,6,14,15,16,17,24,25,26,27,34,35,36,37
751,5,6,14,15,16,17,24,25,26,27,34,35,36,37
752,5,6,14,15,16,17,24,25,26,27,34,35,36,37
753,5,6,14,15,16,17,24,25,26,27,34,35,36,37
754,5,6,14,15,16,17,24,25,26,27,34,35,36,37
755,5,6,14,15,16,17,24,25,26,27,34,35,36,37
756,5,6,14,15,16,17,24,25,26,27,34,35,36,37
757,5,6,7,14,15,16,17,24,25,26,27,35,36,37
758,5,6,7,14,15,16,17,24,25,26,27,35,36,37
759,5,6,7,14,15,16,17,24,25,26,27,35,36,37
760,5,6,7,14,15,16,17,24,25,26,27,35,36,37
761,5,6,7,14,15,16,17,24,25,26,27,35,36,37
762,5,6,7,14,15,16,17,24,25,26,27,35,36,37
763,5,6,7,14,15,16,17,24,25,26,27,35,36,37
764,5,6,7,14,15,16,17,24,25,26,27,35,36,37
765,5,6,7,14,15,16,17,24,25,26,27,35,36,37
766,5,6,7,14,15,16,17,24,25,26,27,35,36,37
767,5,6,7,14,15,16,17,24,25,26,27,35,36,37
768,5,6,7,14,15,16,17,24,25,26,27,35,36,37
769,5,6,7,14,15,16,17,24,25,26,27,35,36,37
770,5,6,7,14,15,16,17,24,25,26,27,35,36,37
771,5,6,7,14,15,16,17,24,25,26,27,35,36,37
772,5,6,7,14,15,16,17,24,25,26,27,35,36,37
773,5,6,7,14,15,16,17,24,25,26,27,35,36,37
774,5,6,7,14,15,16,17,24,25,26,27,35,36,37
775,5,6,7,14,15,16,17,24,25,26,27,35,36,37
776,5,6,7,14,15,16,17,24,25,26,27,35,36,37
777,5,6,7,14,15,16,17,24,25,26,27,35,36,37
778,5,6,7,14,15,16,17,24,25,26,27,35,36,37
779,5,6,7,14,15,16,17,24,25,26,27,35,36,37
780,5,6,7,14,15,16,17,24,25,26,27,35,36,37
781,5,6,7,14,15,16,17,24,25,26,27,35,36
782,5,6,7,14,15,16,17,24,25,26,27,35,36
783,4,5,6,7,14,15,16,17,24,25,26,27,35,36
784,4,5,6,7,14,15,16,17,24,25,26,27,35,36
785,4,5,6,7,14,15,16,17,24,25,26,27,35,36
786,4,5,6,7,14,15,16,17,24,25,26,27,35,36
787,4,5,6,7,14,15,16,17,24,25,26,27,35,36
788,4,5,6,7,14,15,16,17,24,25,26,27,35,36
789,4,5,6,7,14,15,16,17,24,25,26,27,35,36
790,4,5,6,7,14,15,16,17,24,25,26,27,35,36
791,4,5,6,7,14,15,16,17,24,25,26,27,35,36
792,4,5,6,7,14,15,16,17,24,25,26,27,35,36
793,4,5,6,7,14,15,16,17,24,25,26,27,35,36
794,4,5,6,7,14,15,16,17,24,25,26,27,35,36
795,4,5,6,7,14,15,16,17,24,25,26,27,35,36
796,4,5,6,7,14,15,16,17,24,25,26,27,35,36
797,4,5,6,7,14,15,16,17,24,25,26,27,35,36
798,4,5,6,7,14,15,16,17,24,25,26,27,35,36
799,4,5,6,7,14,15,16,17,24,25,26,27,35,36
800,4,5,6,7,14,15,16,17,24,25,26,27,35,36
801,4,5,6,7,14,15,16,17,24,25,26,27,35,36
802,4,5,6,7,14,15,16,17,24,25,26,27,35,36
803,4,5,6,7,14,15,16,17,24,25,26,27,35,36
804,4,5,6,7,14,15,16,17,24,25,26,27,35,36
805,4,5,6,7,14,15,16,17,24,25,26,27,35,36
806,4,5,6,7,14,15,16,17,24,25,26,27,35,36
807,4,5,6,7,14,15,16,17,24,25,26,27,35,36
808,4,5,6,7,14,15,16,17,24,25,26,27,35,36
809,4,5,6,7,14,15,16,17,24,25,26,27,35,36
810,4,5,6,7,14,15,16,17,24,25,26,27,35,36
811,4,5,6,7,14,15,16,17,24,25,26,27,35,36
812,4,5,6,7,14,15,16,17,24,25,26,27,35,36
813,5,6,7,14,15,16,17,24,25,26,27,35,36,37
814,5,6,7,14,15,16,17,24,25,26,27,35,36,37
815,5,6,7,14,15,16,17,24,25,26,27,35,36,37
816,5,6,7,14,15,16,17,24,25,26,27,35,36,37
817,5,6,7,14,15,16,17,24,25,26,27,35,36,37
818,5,6,7,14,15,16,17,24,25,26,27,35,36,37
819,5,6,7,14,15,16,17,24,25,26,27,35,36,37
820,5,6,7,14,15,16,17,24,25,26,27,35,36,37
821,5,6,7,14,15,16,17,24,25,26,27,35,36,37
822,5,6,7,14,15,16,17,24,25,26,27,35,36,37
823,5,6,7,14,15,16,17,24,25,26,27,35,36,37
824,5,6,7,14,15,16,17,24,25,26,27,35,36,37
825,6,7,14,15,16,17,24,25,26,27,35,36,37
826,6,7,14,15,16,17,24,25,26,27,35,36,37
827,6,7,14,15,16,17,24,25,26,27,35,36,37
828,6,7,14,15,16,17,24,25,26,27,35,36,37
829,6,7,14,15,16,17,24,25,26,27,35,36,37
830,6,7,14,15,16,17,24,25,26,27,35,36,37
831,6,7,15,16,17,24,25,26,27,35,36,37
832,6,7,15,16,17,24,25,26,27,35,36,37
833,6,7,15,16,17,25,26,27,35,36,37
834,6,7,15,16,17,25,26,27,35,36,37
835,6,7,15,16,17,24,25,26,27,35,36,37
836,6,7,15,16,17,24,25,26,27,35,36,37
837,6,7,15,16,17,24,25,26,27,35,36,37
838,6,7,15,16,17,24,25,26,27,35,36,37
839,6,7,14,15,16,17,24,25,26,27,35,36,37
840,6,7,14,15,16,17,24,25,26,27,35,36,37
841,6,7,14,15,16,17,24,25,26,27,35,36,37
842,6,7,14,15,16,17,24,25,26,27,35,36,37
843,6,7,14,15,16,17,24,25,26,27,35,36,37
844,6,7,14,15,16,17,24,25,26,27,35,36,37
845,6,7,14,15,16,17,24,25,26,27,35,36,37
846,6,7,14,15,16,17,24,25,26,27,35,36,37
847,6,7,14,15,16,17,24,25,26,27,35,36,37
848,6,7,14,15,16,17,24,25,26,27,35,36,37
849,6,7,14,15,16,17,24,25,26,27,35,36,37
850,6,7,14,15,16,17,24,25,26,27,35,36,37
851,6,7,14,15,16,17,24,25,26,27,35,36,37
852,6,7,14,15,16,17,24,25,26,27,35,36,37
853,6,7,14,15,16,17,24,25,26,27,35,36,37
854,6,7,14,15,16,17,24,25,26,27,35,36,37
855,6,7,14,15,16,17,24,25,26,27,35,36,37
856,6,7,14,15,16,17,24,25,26,27,35,36,37
857,6,7,14,15,16,17,24,25,26,27,35,36,37
858,6,7,14,15,16,17,24,25,26,27,35,36,37
859,6,7,14,15,16,17,24,25,26,27,35,36,37
860,6,7,14,15,16,17,24,25,26,27,35,36,37
861,6,14,15,16,17,24,25,26,27,35,36,37
862,6,14,15,16,17,24,25,26,27,35,36,37
863,6,14,15,16,17,24,25,26,27,35,36,37
864,6,14,15,16,17,24,25,26,27,35,36,37
865,6,14,15,16,17,24,25,26,27,35,36,37
866,6,14,15,16,17,24,25,26,27,35,36,37
867,6,14,15,16,17,24,25,26,27,35,36,37
868,6,14,15,16,17,24,25,26,27,35,36,37
869,6,14,15,16,17,24,25,26,27,35,36,37
870,6,14,15,16,17,24,25,26,27,35,36,37
871,6,15,16,17,24,25,26,27,35,36,37
872,6,15,16,17,24,25,26,27,35,36,37
873,6,15,16,17,25,26,27,35,36,37
874,6,15,16,17,25,26,27,35,36,37
875,6,15,16,17,25,26,27,35,36,37
876,6,15,16,17,25,26,27,35,36,37
877,15,16,17,25,26,27,35,36,37
878,15,16,17,25,26,27,35,36,37
879,15,16,17,25,26,27,28,35,36,37
880,15,16,17,25,26,27,28,35,36,37
881,15,16,17,18,25,26,27,28,35,36,37,38,46,47
882,15,16,17,18,25,26,27,28,35,36,37,38,46,47
883,15,16,17,18,25,26,27,28,35,36,37,38,46,47
884,15,16,17,18,25,26,27,28,35,36,37,38,46,47
885,15,16,17,18,25,26,27,28,35,36,37,38,46,47
886,15,16,17,18,25,26,27,28,35,36,37,38,46,47
887,15,16,17,18,25,26,27,28,35,36,37,38,46,47
888,15,16,17,18,25,26,27,28,35,36,37,38,46,47
889,15,16,17,18,25,26,27,28,35,36,37,38,46,47
890,15,16,17,18,25,26,27,28,35,36,37,38,46,47
891,15,16,17,18,25,26,27,28,35,36,37,38,46,47
892,15,16,17,18,25,26,27,28,35,36,37,38,46,47
893,15,16,17,18,25,26,27,28,35,36,37,38,46,47
894,15,16,17,18,25,26,27,28,35,36,37,38,46,47
895,15,16,17,18,25,26,27,28,35,36,37,38,46,47
896,15,16,17,18,25,26,27,28,35,36,37,38,46,47
897,16,17,18,25,26,27,28,35,36,37,38,46,47
898,16,17,18,25,26,27,28,35,36,37,38,46,47
899,16,17,18,25,26,27,28,35,36,37,38,46,47
900,16,17,18,25,26,27,28,35,36,37,38,46,47
901,16,17,18,25,26,27,28,35,36,37,38,46,47
902,16,17,18,25,26,27,28,35,36,37,38,46,47
903,16,17,18,25,26,27,28,35,36,37,38,46,47
904,16,17,18,25,26,27,28,35,36,37,38,46,47
905,16,17,18,25,26,27,28,35,36,37,38,46,47
906,16,17,18,25,26,27,28,35,36,37,38,46,47
907,16,17,18,25,26,27,28,35,36,37,38,46,47
908,16,17,18,25,26,27,28,35,36,37,38,46,47
909,16,17,18,25,26,27,28,35,36,37,38,46,47
910,16,17,18,25,26,27,28,35,36,37,38,46,47
911,16,17,18,25,26,27,28,35,36,37,38,46,47,48
912,16,17,18,25,26,27,28,35,36,37,38,46,47,48
913,16,17,18,25,26,27,28,35,36,37,38,46,47,48
914,16,17,18,25,26,27,28,35,36,37,38,46,47,48
915,16,17,18,25,26,27,28,35,36,37,38,46,47,48
916,16,17,18,25,26,27,28,35,36,37,38,46,47,48
917,16,17,18,25,26,27,28,35,36,37,38,46,47,48
918,16,17,18,25,26,27,28,35,36,37,38,46,47,48
919,16,17,18,25,26,27,28,35,36,37,38,46,47,48
920,16,17,18,25,26,27,28,35,36,37,38,46,47,48
921,16,17,18,25,26,27,28,35,36,37,38,46,47,48
922,16,17,18,25,26,27,28,35,36,37,38,46,47,48
923,16,17,18,25,26,27,28,35,36,37,38,46,47,48
924,16,17,18,25,26,27,28,35,36,37,38,46,47,48
925,16,17,18,25,26,27,28,35,36,37,38,46,47,48
926,16,17,18,25,26,27,28,35,36,37,38,46,47,48
927,16,17,18,25,26,27,28,35,36,37,38,46,47,48
928,16,17,18,25,26,27,28,35,36,37,38,46,47,48
929,16,17,18,25,26,27,28,35,36,37,38,46,47,48
930,16,17,18,25,26,27,28,35,36,37,38,46,47,48
931,16,17,18,25,26,27,28,35,36,37,38,46,47,48
932,16,17,18,25,26,27,28,35,36,37,38,46,47,48
933,16,17,18,25,26,27,28,35,36,37,38,46,47,48
934,16,17,18,25,26,27,28,35,36,37,38,46,47,48
935,16,17,18,25,26,27,28,35,36,37,38,46,47,48
936,16,17,18,25,26,27,28,35,36,37,38,46,47,48
937,16,17,18,25,26,27,28,35,36,37,38,46,47
938,16,17,18,25,26,27,28,35,36,37,38,46,47
939,16,17,18,25,26,27,28,35,36,37,38,46,47
940,16,17,18,25,26,27,28,35,36,37,38,46,47
941,15,16,17,18,25,26,27,28,35,36,37,38,46,47
942,15,16,17,18,25,26,27,28,35,36,37,38,46,47
943,15,16,17,18,25,26,27,28,35,36,37,38
944,15,16,17,18,25,26,27,28,35,36,37,38
945,7,15,16,17,18,25,26,27,28,36,37,38
946,7,15,16,17,18,25,26,27,28,36,37,38
947,7,15,16,17,18,25,26,27,28,36,37,38
948,7,15,16,17,18,25,26,27,28,36,37,38
949,6,7,15,16,17,18,25,26,27,28,36,37,38
950,6,7,15,16,17,18,25,26,27,28,36,37,38
951,6,7,8,15,16,17,18,25,26,27,28,36,37,38
952,6,7,8,15,16,17,18,25,26,27,28,36,37,38
953,6,7,8,15,16,17,18,25,26,27,28,36,37,38
954,6,7,8,15,16,17,18,25,26,27,28,36,37,38
955,6,7,8,15,16,17,18,25,26,27,28,36,37,38
956,6,7,8,15,16,17,18,25,26,27,28,36,37,38
957,6,7,8,15,16,17,18,25,26,27,28,36,37,38
958,6,7,8,15,16,17,18,25,26,27,28,36,37,38
959,6,7,8,15,16,17,18,25,26,27,28,36,37,38
960,6,7,8,15,16,17,18,25,26,27,28,36,37,38
961,6,7,8,15,16,17,18,25,26,27,28,36,37,38
962,6,7,8,15,16,17,18,25,26,27,28,36,37,38
963,6,7,8,15,16,17,18,25,26,27,28,36,37,38
964,6,7,8,15,16,17,18,25,26,27,28,36,37,38
965,6,7,8,15,16,17,18,25,26,27,28,36,37,38
966,6,7,8,15,16,17,18,25,26,27,28,36,37,38
967,6,7,8,15,16,17,18,25,26,27,28,36,37,38
968,6,7,8,15,16,17,18,25,26,27,28,36,37,38
969,6,7,8,15,16,17,18,25,26,27,28,36,37,38
970,6,7,8,15,16,17,18,25,26,27,28,36,37,38
971,6,7,8,15,16,17,18,25,26,27,28,36,37,38
972,6,7,8,15,16,17,18,25,26,27,28,36,37,38
973,6,7,8,15,16,17,18,25,26,27,28,36,37,38
974,6,7,8,15,16,17,18,25,26,27,28,36,37,38
975,6,7,8,15,16,17,18,25,26,27,28,36,37,38
976,6,7,8,15,16,17,18,25,26,27,28,36,37,38
977,6,7,8,15,16,17,18,25,26,27,28,36,37,38
978,6,7,8,15,16,17,18,25,26,27,28,36,37,38
979,6,7,8,15,16,17,18,25,26,27,28,36,37,38
980,6,7,8,15,16,17,18,25,26,27,28,36,37,38
981,6,7,8,15,16,17,18,25,26,27,28,36,37,38
982,6,7,8,15,16,17,18,25,26,27,28,36,37,38
983,6,7,8,15,16,17,18,25,26,27,28,36,37,38
984,6,7,8,15,16,17,18,25,26,27,28,36,37,38
985,6,7,8,15,16,17,18,25,26,27,28,36,37,38
986,6,7,8,15,16,17,18,25,26,27,28,36,37,38
987,6,7,8,15,16,17,18,25,26,27,28,36,37,38
988,6,7,8,15,16,17,18,25,26,27,28,36,37,38
989,6,7,8,15,16,17,18,25,26,27,28,36,37,38
990,6,7,8,15,16,17,18,25,26,27,28,36,37,38
991,6,7,8,15,16,17,18,25,26,27,28,36,37,38
992,6,7,8,15,16,17,18,25,26,27,28,36,37,38
993,6,7,8,15,16,17,18,25,26,27,28,36,37,38
994,6,7,8,15,16,17,18,25,26,27,28,36,37,38
995,6,7,8,15,16,17,18,25,26,27,28,36,37,38
996,6,7,8,15,16,17,18,25,26,27,28,36,37,38
997,6,7,8,15,16,17,18,25,26,27,28,36,37,38
998,6,7,8,15,16,17,18,25,26,27,28,36,37,38
999,6,7,8,15,16,17,18,25,26,27,28,36,37,38
1000,6,7,8,15,16,17,18,25,26,27,28,36,37,38
1001,6,7,8,15,16,17,18,25,26,27,28,36,37,38
1002,6,7,8,15,16,17,18,25,26,27,28,36,37,38
1003,6,7,8,15,16,17,18,25,26,27,28,36,37,38
1004,6,7,8,15,16,17,18,25,26,27,28,36,37,38
1005,6,7,8,15,16,17,18,25,26,27,28,36,37,38
1006,6,7,8,15,16,17,18,25,26,27,28,36,37,38
1007,6,7,8,15,16,17,18,25,26,27,28,36,37,38
1008,6,7,8,15,16,17,18,25,26,27,28,36,37,38
1009,6,7,8,15,16,17,18,25,26,27,28,36,37,38
1010,6,7,8,15,16,17,18,25,26,27,28,36,37,38
1011,6,7,15,16,17,18,25,26,27,28,36,37,38
1012,6,7,15,16,17,18,25,26,27,28,36,37,38
1013,6,7,15,16,17,18,25,26,27,28,36,37,38
1014,6,7,15,16,17,18,25,26,27,28,36,37,38
1015,7,15,16,17,18,25,26,27,28,36,37,38
1016,7,15,16,17,18,25,26,27,28,36,37,38
1017,7,15,16,17,18,25,26,27,28,36,37,38
1018,7,15,16,17,18,25,26,27,28,36,37,38
1019,7,15,16,17,18,25,26,27,28,36,37,38
1020,7,15,16,17,18,25,26,27,28,36,37,38
1021,15,16,17,18,25,26,27,28,35,36,37,38
1022,15,16,17,18,25,26,27,28,35,36,37,38
1023,16,17,18,25,26,27,28,35,36,37,38,47
1024,16,17,18,25,26,27,28,35,36,37,38,47
1025,16,17,18,25,26,27,28,35,36,37,38,46,47
1026,16,17,18,25,26,27,28,35,36,37,38,46,47
1027,16,17,18,25,26,27,28,35,36,37,38,46,47
1028,16,17,18,25,26,27,28,35,36,37,38,46,47
1029,16,17,18,25,26,27,28,35,36,37,38,46,47
1030,16,17,18,25,26,27,28,35,36,37,38,46,47
1031,16,17,18,25,26,27,28,35,36,37,38,46,47
1032,16,17,18,25,26,27,28,35,36,37,38,46,47
1033,16,17,18,25,26,27,28,35,36,37,38,46,47
1034,16,17,18,25,26,27,28,35,36,37,38,46,47
1035,16,17,18,25,26,27,28,35,36,37,38,46,47,48
1036,16,17,18,25,26,27,28,35,36,37,38,46,47,48
1037,16,17,18,25,26,27,28,35,36,37,38,46,47,48
1038,16,17,18,25,26,27,28,35,36,37,38,46,47,48
1039,16,17,18,25,26,27,28,35,36,37,38,46,47,48
1040,16,17,18,25,26,27,28,35,36,37,38,46,47,48
1041,16,17,18,25,26,27,28,35,36,37,38,46,47,48
1042,16,17,18,25,26,27,28,35,36,37,38,46,47,48
1043,16,17,18,25,26,27,28,35,36,37,38,46,47,48
1044,16,17,18,25,26,27,28,35,36,37,38,46,47,48
1045,16,17,18,25,26,27,28,35,36,37,38,46,47,48
1046,16,17,18,25,26,27,28,35,36,37,38,46,47,48
1047,16,17,18,25,26,27,28,35,36,37,38,46,47,48
1048,16,17,18,25,26,27,28,35,36,37,38,46,47,48
1049,16,17,18,25,26,27,28,35,36,37,38,46,47,48
1050,16,17,18,25,26,27,28,35,36,37,38,46,47,48
1051,16,17,18,25,26,27,28,35,36,37,38,46,47,48
1052,16,17,18,25,26,27,28,35,36,37,38,46,47,48
1053,16,17,18,25,26,27,28,35,36,37,38,46,47,48
1054,16,17,18,25,26,27,28,35,36,37,38,46,47,48
1055,16,17,18,25,26,27,28,35,36,37,38,46,47,48
1056,16,17,18,25,26,27,28,35,36,37,38,46,47,48
1057,16,17,18,25,26,27,28,35,36,37,38,46,47,48
1058,16,17,18,25,26,27,28,35,36,37,38,46,47,48
1059,16,17,18,25,26,27,28,35,36,37,38,46,47,48
1060,16,17,18,25,26,27,28,35,36,37,38,46,47,48
1061,16,17,18,25,26,27,28,35,36,37,38,46,47,48
1062,16,17,18,25,26,27,28,35,36,37,38,46,47,48
1063,16,17,18,25,26,27,28,35,36,37,38,46,47,48
1064,16,17,18,25,26,27,28,35,36,37,38,46,47,48
1065,16,17,18,25,26,27,28,35,36,37,38,46,47,48
1066,16,17,18,25,26,27,28,35,36,37,38,46,47,48
1067,16,17,18,25,26,27,28,35,36,37,38,46,47,48
1068,16,17,18,25,26,27,28,35,36,37,38,46,47,48
1069,16,17,18,25,26,27,28,35,36,37,38,46,47,48
1070,16,17,18,25,26,27,28,35,36,37,38,46,47,48
1071,16,17,18,25,26,27,28,35,36,37,38,46,47,48
1072,16,17,18,25,26,27,28,35,36,37,38,46,47,48
1073,16,17,18,25,26,27,28,35,36,37,38,46,47,48
1074,16,17,18,25,26,27,28,35,36,37,38,46,47,48
1075,16,17,18,25,26,27,28,35,36,37,38,46,47,48
1076,16,17,18,25,26,27,28,35,36,37,38,46,47,48
1077,16,17,18,25,26,27,28,35,36,37,38,46,47,48
1078,16,17,18,25,26,27,28,35,36,37,38,46,47,48
1079,16,17,18,25,26,27,28,35,36,37,38,46,47,48
1080,16,17,18,25,26,27,28,35,36,37,38,46,47,48
1081,16,17,18,25,26,27,28,35,36,37,38,46,47,48
1082,16,17,18,25,26,27,28,35,36,37,38,46,47,48
1083,16,17,18,25,26,27,28,35,36,37,38,46,47,48
1084,16,17,18,25,26,27,28,35,36,37,38,46,47,48
1085,16,17,18,25,26,27,28,35,36,37,38,46,47,48
1086,16,17,18,25,26,27,28,35,36,37,38,46,47,48
1087,16,17,18,25,26,27,28,35,36,37,38,46,47,48
1088,16,17,18,25,26,27,28,35,36,37,38,46,47,48
1089,16,17,18,25,26,27,28,35,36,37,38,46,47,48
1090,16,17,18,25,26,27,28,35,36,37,38,46,47,48
1091,16,17,18,25,26,27,28,35,36,37,38,46,47,48
1092,16,17,18,25,26,27,28,35,36,37,38,46,47,48
1093,16,17,18,25,26,27,28,35,36,37,38,46,47,48
1094,16,17,18,25,26,27,28,35,36,37,38,46,47,48
1095,16,17,18,25,26,27,28,35,36,37,38,46,47,48
1096,16,17,18,25,26,27,28,35,36,37,38,46,47,48
1097,16,17,18,25,26,27,28,35,36,37,38,46,47,48
1098,16,17,18,25,26,27,28,35,36,37,38,46,47,48
1099,16,17,18,25,26,27,28,35,36,37,38,46,47,48
1100,16,17,18,25,26,27,28,35,36,37,38,46,47,48
1101,16,17,18,25,26,27,28,35,36,37,38,46,47
1102,16,17,18,25,26,27,28,35,36,37,38,46,47
1103,16,17,18,25,26,27,28,35,36,37,38,46,47
1104,16,17,18,25,26,27,28,35,36,37,38,46,47
1105,15,16,17,18,25,26,27,28,35,36,37,38,46,47
1106,15,16,17,18,25,26,27,28,35,36,37,38,46,47
1107,15,16,17,18,25,26,27,28,35,36,37,38,46,47
1108,15,16,17,18,25,26,27,28,35,36,37,38,46,47
1109,15,16,17,18,25,26,27,28,35,36,37,38
1110,15,16,17,18,25,26,27,28,35,36,37,38
1111,7,15,16,17,18,25,26,27,28,35,36,37,38
1112,7,15,16,17,18,25,26,27,28,35,36,37,38
1113,7,15,16,17,18,25,26,27,28,35,36,37,38
1114,7,15,16,17,18,25,26,27,28,35,36,37,38
1115,6,7,15,16,17,18,25,26,27,28,35,36,37
1116,6,7,15,16,17,18,25,26,27,28,35,36,37
1117,6,7,15,16,17,25,26,27,28,35,36,37
1118,6,7,15,16,17,25,26,27,28,35,36,37
1119,6,7,15,16,17,25,26,27,35,36,37
1120,6,7,15,16,17,25,26,27,35,36,37
1121,6,7,15,16,17,25,26,27,35,36,37
1122,6,7,15,16,17,25,26,27,35,36,37
1123,6,7,15,16,17,24,25,26,27,35,36,37
1124,6,7,15,16,17,24,25,26,27,35,36,37
1125,5,6,7,14,15,16,17,24,25,26,27,35,36,37
1126,5,6,7,14,15,16,17,24,25,26,27,35,36,37
1127,5,6,7,14,15,16,17,24,25,26,27,35,36,37
1128,5,6,7,14,15,16,17,24,25,26,27,35,36,37
1129,5,6,7,14,15,16,17,24,25,26,27,35,36,37
1130,5,6,7,14,15,16,17,24,25,26,27,35,36,37
1131,5,6,7,14,15,16,17,24,25,26,27,35,36,37
1132,5,6,7,14,15,16,17,24,25,26,27,35,36,37
1133,5,6,14,15,16,17,24,25,26,27,35,36,37
1134,5,6,14,15,16,17,24,25,26,27,35,36,37
1135,5,6,14,15,16,17,24,25,26,27,35,36,37
1136,5,6,14,15,16,17,24,25,26,27,35,36,37
1137,5,6,14,15,16,17,24,25,26,27,34,35,36,37
1138,5,6,14,15,16,17,24,25,26,27,34,35,36,37
1139,5,6,14,15,16,17,24,25,26,27,34,35,36,37
1140,5,6,14,15,16,17,24,25,26,27,34,35,36,37
1141,5,6,14,15,16,17,24,25,26,27,34,35,36,37
1142,5,6,14,15,16,17,24,25,26,27,34,35,36,37
1143,5,6,14,15,16,17,24,25,26,27,34,35,36,37
1144,5,6,14,15,16,17,24,25,26,27,34,35,36,37
1145,5,6,14,15,16,17,24,25,26,27,34,35,36,37
1146,5,6,14,15,16,17,24,25,26,27,34,35,36,37
1147,5,6,14,15,16,17,24,25,26,27,34,35,36
1148,5,6,14,15,16,17,24,25,26,27,34,35,36
1149,5,6,14,15,16,17,24,25,26,27,34,35,36
1150,5,6,14,15,16,17,24,25,26,27,34,35,36
1151,5,6,14,15,16,17,24,25,26,27,34,35,36
1152,5,6,14,15,16,17,24,25,26,27,34,35,36
1153,5,6,14,15,16,17,24,25,26,27,34,35,36
1154,5,6,14,15,16,17,24,25,26,27,34,35,36
1155,5,6,14,15,16,17,24,25,26,27,34,35,36,37
1156,5,6,14,15,16,17,24,25,26,27,34,35,36,37
1157,5,6,14,15,16,17,24,25,26,27,34,35,36
1158,5,6,14,15,16,17,24,25,26,27,34,35,36
1159,5,6,14,15,16,17,24,25,26,27,34,35,36
1160,5,6,14,15,16,17,24,25,26,27,34,35,36
1161,5,6,14,15,16,17,24,25,26,27,34,35,36,37
1162,5,6,14,15,16,17,24,25,26,27,34,35,36,37
1163,5,6,14,15,16,17,24,25,26,27,34,35,36,37
1164,5,6,14,15,16,17,24,25,26,27,34,35,36,37
1165,5,6,14,15,16,17,24,25,26,27,34,35,36,37
1166,5,6,14,15,16,17,24,25,26,27,34,35,36,37
1167,5,6,14,15,16,17,24,25,26,27,34,35,36
1168,5,6,14,15,16,17,24,25,26,27,34,35,36
1169,5,6,14,15,16,17,24,25,26,27,34,35,36
1170,5,6,14,15,16,17,24,25,26,27,34,35,36
1171,5,6,7,14,15,16,17,24,25,26,27,34,35,36
1172,5,6,7,14,15,16,17,24,25,26,27,34,35,36
1173,5,6,7,14,15,16,17,24,25,26,27,34,35,36
1174,5,6,7,14,15,16,17,24,25,26,27,34,35,36
1175,5,6,7,14,15,16,17,24,25,26,27,34,35,36
1176,5,6,7,14,15,16,17,24,25,26,27,34,35,36
1177,5,6,7,14,15,16,17,24,25,26,27,34,35,36
1178,5,6,7,14,15,16,17,24,25,26,27,34,35,36
1179,5,6,7,14,15,16,17,24,25,26,27,34,35,36
1180,5,6,7,14,15,16,17,24,25,26,27,34,35,36
1181,5,6,7,14,15,16,17,24,25,26,27,34,35,36
1182,5,6,7,14,15,16,17,24,25,26,27,34,35,36
1183,5,6,7,14,15,16,17,24,25,26,27,34,35,36
1184,5,6,7,14,15,16,17,24,25,26,27,34,35,36
1185,5,6,7,14,15,16,17,24,25,26,27,34,35,36
1186,5,6,7,14,15,16,17,24,25,26,27,34,35,36
1187,5,6,7,14,15,16,17,24,25,26,27,34,35,36
1188,5,6,7,14,15,16,17,24,25,26,27,34,35,36
1189,5,6,7,14,15,16,17,24,25,26,27,34,35,36
1190,5,6,7,14,15,16,17,24,25,26,27,34,35,36
1191,5,6,7,14,15,16,17,24,25,26,27,34,35,36
1192,5,6,7,14,15,16,17,24,25,26,27,34,35,36
1193,5,6,7,14,15,16,17,24,25,26,27,34,35,36
1194,5,6,7,14,15,16,17,24,25,26,27,34,35,36
1195,5,6,7,14,15,16,17,24,25,26,27,34,35,36
1196,5,6,7,14,15,16,17,24,25,26,27,34,35,36
1197,5,6,7,14,15,16,17,24,25,26,27,34,35,36
1198,5,6,7,14,15,16,17,24,25,26,27,34,35,36
1199,5,6,7,14,15,16,17,24,25,26,27,34,35,36
1200,5,6,7,14,15,16,17,24,25,26,27,34,35,36
1201,5,6,7,14,15,16,17,24,25,26,27,34,35,36
1202,5,6,7,14,15,16,17,24,25,26,27,34,35,36
1203,5,6,7,14,15,16,17,24,25,26,27,34,35,36
1204,5,6,7,14,15,16,17,24,25,26,27,34,35,36
1205,5,6,7,14,15,16,17,24,25,26,27,34,35,36
1206,5,6,7,14,15,16,17,24,25,26,27,34,35,36
1207,5,6,7,14,15,16,17,24,25,26,27,34,35,36
1208,5,6,7,14,15,16,17,24,25,26,27,34,35,36
1209,5,6,7,14,15,16,17,24,25,26,27,34,35,36
1210,5,6,7,14,15,16,17,24,25,26,27,34,35,36
1211,5,6,7,14,15,16,17,24,25,26,27,34,35,36
1212,5,6,7,14,15,16,17,24,25,26,27,34,35,36
1213,5,6,7,14,15,16,17,24,25,26,27,34,35,36
1214,5,6,7,14,15,16,17,24,25,26,27,34,35,36
1215,5,6,7,14,15,16,17,24,25,26,27,34,35,36
1216,5,6,7,14,15,16,17,24,25,26,27,34,35,36
1217,5,6,7,14,15,16,17,24,25,26,27,34,35,36
1218,5,6,7,14,15,16,17,24,25,26,27,34,35,36
1219,5,6,7,14,15,16,17,24,25,26,27,34,35,36
1220,5,6,7,14,15,16,17,24,25,26,27,34,35,36
1221,5,6,7,14,15,16,17,24,25,26,27,34,35,36
1222,5,6,7,14,15,16,17,24,25,26,27,34,35,36
1223,5,6,7,14,15,16,17,24,25,26,27,35,36
1224,5,6,7,14,15,16,17,24,25,26,27,35,36
1225,4,5,6,7,14,15,16,17,24,25,26,27,35,36
1226,4,5,6,7,14,15,16,17,24,25,26,27,35,36
1227,4,5,6,7,14,15,16,17,24,25,26,27,35,36
1228,4,5,6,7,14,15,16,17,24,25,26,27,35,36
1229,4,5,6,7,14,15,16,17,24,25,26,27,35,36
1230,4,5,6,7,14,15,16,17,24,25,26,27,35,36
1231,4,5,6,7,14,15,16,17,24,25,26,27,35,36
1232,4,5,6,7,14,15,16,17,24,25,26,27,35,36
1233,4,5,6,7,14,15,16,17,24,25,26,27,35,36
1234,4,5,6,7,14,15,16,17,24,25,26,27,35,36
1235,4,5,6,7,14,15,16,17,24,25,26,27,34,35,36
1236,4,5,6,7,14,15,16,17,24,25,26,27,34,35,36
1237,4,5,6,7,14,15,16,17,24,25,26,27,34,35,36
1238,4,5,6,7,14,15,16,17,24,25,26,27,34,35,36
1239,4,5,6,7,14,15,16,17,24,25,26,27,34,35,36
1240,4,5,6,7,14,15,16,17,24,25,26,27,34,35,36
1241,4,5,6,7,14,15,16,17,24,25,26,27,34,35,36
1242,4,5,6,7,14,15,16,17,24,25,26,27,34,35,36
1243,4,5,6,7,14,15,16,17,24,25,26,27,34,35,36
1244,4,5,6,7,14,15,16,17,24,25,26,27,34,35,36
1245,4,5,6,7,14,15,16,17,24,25,26,27,34,35,36
1246,4,5,6,7,14,15,16,17,24,25,26,27,34,35,36
1247,4,5,6,7,14,15,16,17,24,25,26,27,34,35,36
1248,4,5,6,7,14,15,16,17,24,25,26,27,34,35,36
1249,4,5,6,7,14,15,16,17,24,25,26,27,34,35,36
1250,4,5,6,7,14,15,16,17,24,25,26,27,34,35,36
1251,4,5,6,7,14,15,16,17,24,25,26,27,34,35,36
1252,4,5,6,7,14,15,16,17,24,25,26,27,34,35,36
1253,4,5,6,7,14,15,16,17,24,25,26,27,34,35,36
1254,4,5,6,7,14,15,16,17,24,25,26,27,34,35,36
1255,4,5,6,7,14,15,16,17,24,25,26,27,35,36
1256,4,5,6,7,14,15,16,17,24,25,26,27,35,36
1257,4,5,6,7,14,15,16,17,24,25,26,27,35,36
1258,4,5,6,7,14,15,16,17,24,25,26,27,35,36
1259,4,5,6,7,14,15,16,17,24,25,26,27,35,36
1260,4,5,6,7,14,15,16,17,24,25,26,27,35,36
1261,4,5,6,7,14,15,16,17,24,25,26,27,35,36
1262,4,5,6,7,14,15,16,17,24,25,26,27,35,36
1263,4,5,6,7,14,15,16,17,24,25,26,27,35,36
1264,4,5,6,7,14,15,16,17,24,25,26,27,35,36
1265,4,5,6,7,14,15,16,17,24,25,26,27,35,36
1266,4,5,6,7,14,15,16,17,24,25,26,27,35,36
1267,4,5,6,7,14,15,16,17,24,25,26,27,35,36
1268,4,5,6,7,14,15,16,17,24,25,26,27,35,36
1269,4,5,6,7,14,15,16,17,24,25,26,27,35,36
1270,4,5,6,7,14,15,16,17,24,25,26,27,35,36
1271,4,5,6,7,14,15,16,17,24,25,26,27,35,36
1272,4,5,6,7,14,15,16,17,24,25,26,27,35,36
1273,4,5,6,7,14,15,16,17,24,25,26,27,35,36
1274,4,5,6,7,14,15,16,17,24,25,26,27,35,36
1275,4,5,6,7,14,15,16,17,24,25,26,27,35,36
1276,4,5,6,7,14,15,16,17,24,25,26,27,35,36
1277,4,5,6,7,14,15,16,17,24,25,26,27,35,36
1278,4,5,6,7,14,15,16,17,24,25,26,27,35,36
1279,4,5,6,7,14,15,16,17,24,25,26,27,35,36
1280,4,5,6,7,14,15,16,17,24,25,26,27,35,36
1281,4,5,6,7,14,15,16,17,24,25,26,27,35,36
1282,4,5,6,7,14,15,16,17,24,25,26,27,35,36
1283,4,5,6,7,14,15,16,17,24,25,26,27,35,36
1284,4,5,6,7,14,15,16,17,24,25,26,27,35,36
1285,4,5,6,7,14,15,16,17,24,25,26,27,35,36
1286,4,5,6,7,14,15,16,17,24,25,26,27,35,36
1287,4,5,6,7,14,15,16,17,24,25,26,27,35,36
1288,4,5,6,7,14,15,16,17,24,25,26,27,35,36
1289,4,5,6,7,14,15,16,17,24,25,26,27,35,36
1290,4,5,6,7,14,15,16,17,24,25,26,27,35,36
1291,4,5,6,7,14,15,16,17,24,25,26,27,35,36
1292,4,5,6,7,14,15,16,17,24,25,26,27,35,36
1293,4,5,6,7,14,15,16,17,24,25,26,27,35,36
1294,4,5,6,7,14,15,16,17,24,25,26,27,35,36
1295,4,5,6,7,14,15,16,17,24,25,26,27,35,36
1296,4,5,6,7,14,15,16,17,24,25,26,27,35,36
1297,4,5,6,7,14,15,16,17,24,25,26,27,35,36
1298,4,5,6,7,14,15,16,17,24,25,26,27,35,36
1299,4,5,6,7,14,15,16,17,24,25,26,27,35,36
1300,4,5,6,7,14,15,16,17,24,25,26,27,35,36
1301,4,5,6,7,14,15,16,17,24,25,26,27,35,36
1302,4,5,6,7,14,15,16,17,24,25,26,27,35,36
1303,4,5,6,7,14,15,16,17,24,25,26,27,35,36
1304,4,5,6,7,14,15,16,17,24,25,26,27,35,36
1305,4,5,6,7,14,15,16,17,24,25,26,27,35,36
1306,4,5,6,7,14,15,16,17,24,25,26,27,35,36
1307,4,5,6,7,14,15,16,17,24,25,26,27,35,36
1308,4,5,6,7,14,15,16,17,24,25,26,27,35,36
1309,4,5,6,7,14,15,16,17,24,25,26,27,35,36
1310,4,5,6,7,14,15,16,17,24,25,26,27,35,36
1311,4,5,6,7,14,15,16,17,24,25,26,27,35,36
1312,4,5,6,7,14,15,16,17,24,25,26,27,35,36
1313,4,5,6,7,14,15,16,17,24,25,26,27,35,36
1314,4,5,6,7,14,15,16,17,24,25,26,27,35,36
1315,4,5,6,7,14,15,16,17,24,25,26,27,35,36
1316,4,5,6,7,14,15,16,17,24,25,26,27,35,36
1317,4,5,6,7,14,15,16,17,24,25,26,27,35,36
1318,4,5,6,7,14,15,16,17,24,25,26,27,35,36
1319,4,5,6,7,14,15,16,17,24,25,26,27,35,36
1320,4,5,6,7,14,15,16,17,24,25,26,27,35,36
1321,4,5,6,7,14,15,16,17,24,25,26,27,35,36
1322,4,5,6,7,14,15,16,17,24,25,26,27,35,36
1323,4,5,6,7,14,15,16,17,24,25,26,27,35,36
1324,4,5,6,7,14,15,16,17,24,25,26,27,35,36
1325,4,5,6,7,14,15,16,17,24,25,26,27,35,36
1326,4,5,6,7,14,15,16,17,24,25,26,27,35,36
1327,4,5,6,7,14,15,16,17,24,25,26,27,35,36
1328,4,5,6,7,14,15,16,17,24,25,26,27,35,36
1329,4,5,6,7,14,15,16,17,24,25,26,27,35,36
1330,4,5,6,7,14,15,16,17,24,25,26,27,35,36
1331,4,5,6,7,14,15,16,17,24,25,26,27,35,36
1332,4,5,6,7,14,15,16,17,24,25,26,27,35,36
1333,4,5,6,7,14,15,16,17,24,25,26,27,35,36
1334,4,5,6,7,14,15,16,17,24,25,26,27,35,36
1335,4,5,6,7,14,15,16,17,24,25,26,27,35,36
1336,4,5,6,7,14,15,16,17,24,25,26,27,35,36
1337,4,5,6,7,14,15,16,17,24,25,26,27,35,36
1338,4,5,6,7,14,15,16,17,24,25,26,27,35,36
1339,4,5,6,7,14,15,16,17,24,25,26,27,35,36
1340,4,5,6,7,14,15,16,17,24,25,26,27,35,36
1341,4,5,6,7,14,15,16,17,24,25,26,27,35,36
1342,4,5,6,7,14,15,16,17,24,25,26,27,35,36
1343,4,5,6,7,14,15,16,17,24,25,26,27,35,36
1344,4,5,6,7,14,15,16,17,24,25,26,27,35,36
1345,4,5,6,7,14,15,16,17,24,25,26,27,35,36
1346,4,5,6,7,14,15,16,17,24,25,26,27,35,36
1347,4,5,6,7,14,15,16,17,24,25,26,27,35,36
1348,4,5,6,7,14,15,16,17,24,25,26,27,35,36
1349,4,5,6,7,14,15,16,17,24,25,26,27,35,36
1350,4,5,6,7,14,15,16,17,24,25,26,27,35,36
1351,4,5,6,7,14,15,16,17,24,25,26,27,35,36
1352,4,5,6,7,14,15,16,17,24,25,26,27,35,36
1353,4,5,6,7,14,15,16,17,24,25,26,27,35,36
1354,4,5,6,7,14,15,16,17,24,25,26,27,35,36
1355,4,5,6,7,14,15,16,17,24,25,26,27,35,36
1356,4,5,6,7,14,15,16,17,24,25,26,27,35,36
1357,4,5,6,7,14,15,16,17,24,25,26,27,34,35,36
1358,4,5,6,7,14,15,16,17,24,25,26,27,34,35,36
1359,4,5,6,7,14,15,16,17,24,25,26,27,34,35,36
1360,4,5,6,7,14,15,16,17,24,25,26,27,34,35,36
1361,4,5,6,7,14,15,16,17,24,25,26,27,34,35,36
1362,4,5,6,7,14,15,16,17,24,25,26,27,34,35,36
1363,4,5,6,7,14,15,16,17,24,25,26,27,34,35,36
1364,4,5,6,7,14,15,16,17,24,25,26,27,34,35,36
1365,4,5,6,7,14,15,16,17,24,25,26,27,34,35,36
1366,4,5,6,7,14,15,16,17,24,25,26,27,34,35,36
1367,4,5,6,7,14,15,16,17,24,25,26,27,34,35,36
1368,4,5,6,7,14,15,16,17,24,25,26,27,34,35,36
1369,5,6,7,14,15,16,17,24,25,26,27,34,35,36
1370,5,6,7,14,15,16,17,24,25,26,27,34,35,36
1371,5,6,7,14,15,16,17,24,25,26,27,34,35,36
1372,5,6,7,14,15,16,17,24,25,26,27,34,35,36
1373,5,6,7,14,15,16,17,24,25,26,27,34,35,36
1374,5,6,7,14,15,16,17,24,25,26,27,34,35,36
1375,5,6,7,14,15,16,17,24,25,26,27,35,36
1376,5,6,7,14,15,16,17,24,25,26,27,35,36
1377,5,6,7,14,15,16,17,24,25,26,27,35,36,37
1378,5,6,7,14,15,16,17,24,25,26,27,35,36,37
1379,5,6,7,14,15,16,17,24,25,26,27,35,36,37
1380,5,6,7,14,15,16,17,24,25,26,27,35,36,37
1381,5,6,7,14,15,16,17,24,25,26,27,35,36,37
1382,5,6,7,14,15,16,17,24,25,26,27,35,36,37
1383,5,6,7,14,15,16,17,24,25,26,27,35,36,37
1384,5,6,7,14,15,16,17,24,25,26,27,35,36,37
1385,5,6,7,15,16,17,25,26,27,35,36,37
1386,5,6,7,15,16,17,25,26,27,35,36,37
1387,6,7,15,16,17,25,26,27,35,36,37
1388,6,7,15,16,17,25,26,27,35,36,37
1389,6,7,15,16,17,18,25,26,27,28,35,36,37
1390,6,7,15,16,17,18,25,26,27,28,35,36,37
1391,6,7,15,16,17,18,25,26,27,28,35,36,37
1392,6,7,15,16,17,18,25,26,27,28,35,36,37
1393,6,7,15,16,17,18,25,26,27,28,35,36,37
1394,6,7,15,16,17,18,25,26,27,28,35,36,37
1395,6,7,15,16,17,18,25,26,27,28,35,36,37
1396,6,7,15,16,17,18,25,26,27,28,35,36,37
1397,6,7,15,16,17,18,25,26,27,28,35,36,37
1398,6,7,15,16,17,18,25,26,27,28,35,36,37
1399,6,7,15,16,17,18,25,26,27,28,35,36,37
1400,6,7,15,16,17,18,25,26,27,28,35,36,37
1401,6,7,15,16,17,18,25,26,27,28,35,36,37
1402,6,7,15,16,17,18,25,26,27,28,35,36,37
1403,6,7,15,16,17,18,25,26,27,28,35,36,37
1404,6,7,15,16,17,18,25,26,27,28,35,36,37
1405,6,7,15,16,17,18,25,26,27,28,35,36,37
1406,6,7,15,16,17,18,25,26,27,28,35,36,37
1407,6,7,15,16,17,18,25,26,27,28,35,36,37
1408,6,7,15,16,17,18,25,26,27,28,35,36,37
1409,6,7,15,16,17,18,25,26,27,28,35,36,37
1410,6,7,15,16,17,18,25,26,27,28,35,36,37
1411,6,7,15,16,17,18,25,26,27,28,35,36,37
1412,6,7,15,16,17,18,25,26,27,28,35,36,37
1413,6,7,15,16,17,18,25,26,27,28,35,36,37
1414,6,7,15,16,17,18,25,26,27,28,35,36,37
1415,6,7,15,16,17,18,25,26,27,28,35,36,37
1416,6,7,15,16,17,18,25,26,27,28,35,36,37
1417,6,7,15,16,17,18,25,26,27,28,35,36,37
1418,6,7,15,16,17,18,25,26,27,28,35,36,37
1419,6,7,15,16,17,18,25,26,27,28,35,36,37
1420,6,7,15,16,17,18,25,26,27,28,35,36,37
1421,6,7,15,16,17,18,25,26,27,28,35,36,37
1422,6,7,15,16,17,18,25,26,27,28,35,36,37
1423,6,7,15,16,17,18,25,26,27,28,35,36,37
1424,6,7,15,16,17,18,25,26,27,28,35,36,37
1425,6,7,15,16,17,18,25,26,27,28,35,36,37
1426,6,7,15,16,17,18,25,26,27,28,35,36,37
1427,6,7,15,16,17,18,25,26,27,28,35,36,37
1428,6,7,15,16,17,18,25,26,27,28,35,36,37
1429,6,7,15,16,17,18,25,26,27,28,35,36,37
1430,6,7,15,16,17,18,25,26,27,28,35,36,37
1431,6,7,15,16,17,18,25,26,27,28,35,36,37
1432,6,7,15,16,17,18,25,26,27,28,35,36,37
1433,6,7,15,16,17,18,25,26,27,28,35,36,37
1434,6,7,15,16,17,18,25,26,27,28,35,36,37
1435,6,7,15,16,17,18,25,26,27,28,35,36,37
1436,6,7,15,16,17,18,25,26,27,28,35,36,37
1437,6,7,15,16,17,18,25,26,27,28,35,36,37
1438,6,7,15,16,17,18,25,26,27,28,35,36,37
1439,6,7,8,15,16,17,18,25,26,27,28,35,36,37
1440,6,7,8,15,16,17,18,25,26,27,28,35,36,37
1441,5,6,7,8,15,16,17,18,25,26,27,28,36,37
1442,5,6,7,8,15,16,17,18,25,26,27,28,36,37
1443,5,6,7,8,15,16,17,18,25,26,27,28,36,37
1444,5,6,7,8,15,16,17,18,25,26,27,28,36,37
1445,5,6,7,8,15,16,17,18,25,26,27,28,36,37
1446,5,6,7,8,15,16,17,18,25,26,27,28,36,37
1447,5,6,7,8,15,16,17,18,25,26,27,28,36,37
1448,5,6,7,8,15,16,17,18,25,26,27,28,36,37
1449,5,6,7,8,15,16,17,18,25,26,27,28,36,37
1450,5,6,7,8,15,16,17,18,25,26,27,28,36,37
1451,5,6,7,8,15,16,17,18,25,26,27,28,36,37
1452,5,6,7,8,15,16,17,18,25,26,27,28,36,37
1453,5,6,7,8,15,16,17,18,25,26,27,28,36,37
1454,5,6,7,8,15,16,17,18,25,26,27,28,36,37
1455,5,6,7,8,15,16,17,18,25,26,27,28,36,37
1456,5,6,7,8,15,16,17,18,25,26,27,28,36,37
1457,5,6,7,8,15,16,17,18,25,26,27,28,36,37
1458,5,6,7,8,15,16,17,18,25,26,27,28,36,37
1459,5,6,7,8,15,16,17,18,25,26,27,28,36,37
1460,5,6,7,8,15,16,17,18,25,26,27,28,36,37
1461,5,6,7,8,15,16,17,18,25,26,27,28,36,37
1462,5,6,7,8,15,16,17,18,25,26,27,28,36,37
1463,5,6,7,8,15,16,17,18,25,26,27,28,36,37
1464,5,6,7,8,15,16,17,18,25,26,27,28,36,37
1465,5,6,7,8,15,16,17,18,25,26,27,28,36,37
1466,5,6,7,8,15,16,17,18,25,26,27,28,36,37
1467,5,6,7,8,15,16,17,18,25,26,27,28,36,37
1468,5,6,7,8,15,16,17,18,25,26,27,28,36,37
1469,5,6,7,8,15,16,17,18,25,26,27,28,36,37
1470,5,6,7,8,15,16,17,18,25,26,27,28,36,37
1471,5,6,7,8,15,16,17,18,25,26,27,28,36,37
1472,5,6,7,8,15,16,17,18,25,26,27,28,36,37
1473,5,6,7,8,15,16,17,18,25,26,27,28,36,37
1474,5,6,7,8,15,16,17,18,25,26,27,28,36,37
1475,5,6,7,8,15,16,17,18,25,26,27,28,36,37
1476,5,6,7,8,15,16,17,18,25,26,27,28,36,37
1477,5,6,7,8,15,16,17,18,25,26,27,28,36,37
1478,5,6,7,8,15,16,17,18,25,26,27,28,36,37
1479,5,6,7,8,15,16,17,18,25,26,27,28,36,37
1480,5,6,7,8,15,16,17,18,25,26,27,28,36,37
1481,5,6,7,8,15,16,17,18,25,26,27,28,36,37
1482,5,6,7,8,15,16,17,18,25,26,27,28,36,37
1483,5,6,7,8,15,16,17,18,25,26,27,28,36,37
1484,5,6,7,8,15,16,17,18,25,26,27,28,36,37
1485,5,6,7,8,15,16,17,18,25,26,27,28,36,37
1486,5,6,7,8,15,16,17,18,25,26,27,28,36,37
1487,5,6,7,8,15,16,17,18,25,26,27,28,36,37
1488,5,6,7,8,15,16,17,18,25,26,27,28,36,37
1489,5,6,7,8,15,16,17,18,25,26,27,28,36,37
1490,5,6,7,8,15,16,17,18,25,26,27,28,36,37
1491,5,6,7,8,15,16,17,18,25,26,27,28,36,37
1492,5,6,7,8,15,16,17,18,25,26,27,28,36,37
1493,5,6,7,8,15,16,17,18,25,26,27,28,36,37
1494,5,6,7,8,15,16,17,18,25,26,27,28,36,37
1495,5,6,7,8,15,16,17,18,25,26,27,28,36,37
1496,5,6,7,8,15,16,17,18,25,26,27,28,36,37
1497,5,6,7,8,15,16,17,18,25,26,27,28,36,37
1498,5,6,7,8,15,16,17,18,25,26,27,28,36,37
1499,5,6,7,8,15,16,17,18,25,26,27,28,36,37
1500,5,6,7,8,15,16,17,18,25,26,27,28,36,37
1501,5,6,7,8,15,16,17,18,25,26,27,28,36,37
1502,5,6,7,8,15,16,17,18,25,26,27,28,36,37
1503,5,6,7,8,15,16,17,18,25,26,27,28,36,37
1504,5,6,7,8,15,16,17,18,25,26,27,28,36,37
1505,5,6,7,8,15,16,17,18,25,26,27,28,36,37,38
1506,5,6,7,8,15,16,17,18,25,26,27,28,36,37,38
1507,5,6,7,8,15,16,17,18,25,26,27,28,36,37,38
1508,5,6,7,8,15,16,17,18,25,26,27,28,36,37,38
1509,6,7,8,15,16,17,18,25,26,27,28,36,37,38
1510,6,7,8,15,16,17,18,25,26,27,28,36,37,38
1511,6,7,8,15,16,17,18,25,26,27,28,36,37,38
1512,6,7,8,15,16,17,18,25,26,27,28,36,37,38
1513,6,7,8,15,16,17,18,25,26,27,28,36,37,38
1514,6,7,8,15,16,17,18,25,26,27,28,36,37,38
1515,6,7,8,15,16,17,18,25,26,27,28,36,37,38
1516,6,7,8,15,16,17,18,25,26,27,28,36,37,38
1517,6,7,8,15,16,17,18,25,26,27,28,36,37,38
1518,6,7,8,15,16,17,18,25,26,27,28,36,37,38
1519,6,7,8,15,16,17,18,25,26,27,28,36,37,38
1520,6,7,8,15,16,17,18,25,26,27,28,36,37,38
1521,6,7,8,15,16,17,18,25,26,27,28,36,37,38
1522,6,7,8,15,16,17,18,25,26,27,28,36,37,38
1523,6,7,8,15,16,17,18,25,26,27,28,36,37,38
1524,6,7,8,15,16,17,18,25,26,27,28,36,37,38
1525,6,7,8,15,16,17,18,25,26,27,28,36,37,38
1526,6,7,8,15,16,17,18,25,26,27,28,36,37,38
1527,6,7,8,15,16,17,18,25,26,27,28,36,37,38
1528,6,7,8,15,16,17,18,25,26,27,28,36,37,38
1529,6,7,8,15,16,17,18,25,26,27,28,36,37,38
1530,6,7,8,15,16,17,18,25,26,27,28,36,37,38
1531,6,7,8,15,16,17,18,25,26,27,28,36,37,38
1532,6,7,8,15,16,17,18,25,26,27,28,36,37,38
1533,6,7,8,15,16,17,18,25,26,27,28,36,37,38
1534,6,7,8,15,16,17,18,25,26,27,28,36,37,38
1535,6,7,8,15,16,17,18,25,26,27,28,36,37,38
1536,6,7,8,15,16,17,18,25,26,27,28,36,37,38
1537,6,7,8,15,16,17,18,25,26,27,28,36,37,38
1538,6,7,8,15,16,17,18,25,26,27,28,36,37,38
1539,6,7,8,15,16,17,18,25,26,27,28,36,37,38
1540,6,7,8,15,16,17,18,25,26,27,28,36,37,38
1541,6,7,8,15,16,17,18,25,26,27,28,36,37,38
1542,6,7,8,15,16,17,18,25,26,27,28,36,37,38
1543,6,7,8,15,16,17,18,25,26,27,28,36,37,38
1544,6,7,8,15,16,17,18,25,26,27,28,36,37,38
1545,6,7,8,15,16,17,18,25,26,27,28,36,37,38
1546,6,7,8,15,16,17,18,25,26,27,28,36,37,38
1547,6,7,8,15,16,17,18,25,26,27,28,36,37,38
1548,6,7,8,15,16,17,18,25,26,27,28,36,37,38
1549,6,7,15,16,17,18,25,26,27,28,35,36,37
1550,6,7,15,16,17,18,25,26,27,28,35,36,37
1551,6,7,15,16,17,18,25,26,27,28,35,36,37
1552,6,7,15,16,17,18,25,26,27,28,35,36,37
1553,6,7,15,16,17,18,25,26,27,28,35,36,37
1554,6,7,15,16,17,18,25,26,27,28,35,36,37
1555,6,7,15,16,17,25,26,27,35,36,37
1556,6,7,15,16,17,25,26,27,35,36,37
1557,6,7,15,16,17,25,26,27,35,36,37
1558,6,7,15,16,17,25,26,27,35,36,37
1559,6,7,14,15,16,17,24,25,26,27,35,36,37
1560,6,7,14,15,16,17,24,25,26,27,35,36,37
1561,6,14,15,16,17,24,25,26,27,35,36,37
1562,6,14,15,16,17,24,25,26,27,35,36,37
1563,6,14,15,16,17,24,25,26,27,34,35,36,37
1564,6,14,15,16,17,24,25,26,27,34,35,36,37
1565,6,14,15,16,17,24,25,26,27,34,35,36,37
1566,6,14,15,16,17,24,25,26,27,34,35,36,37
1567,14,15,16,17,24,25,26,27,34,35,36,37
1568,14,15,16,17,24,25,26,27,34,35,36,37
1569,14,15,16,17,24,25,26,27,34,35,36,37,45,46
1570,14,15,16,17,24,25,26,27,34,35,36,37,45,46
1571,14,15,16,17,24,25,26,27,34,35,36,37,45,46
1572,14,15,16,17,24,25,26,27,34,35,36,37,45,46
1573,14,15,16,17,24,25,26,27,34,35,36,37,45,46
1574,14,15,16,17,24,25,26,27,34,35,36,37,45,46
1575,14,15,16,17,24,25,26,27,34,35,36,37,45,46
1576,14,15,16,17,24,25,26,27,34,35,36,37,45,46
1577,14,15,16,17,24,25,26,27,34,35,36,37,45,46
1578,14,15,16,17,24,25,26,27,34,35,36,37,45,46
1579,14,15,16,17,24,25,26,27,34,35,36,37,45,46
1580,14,15,16,17,24,25,26,27,34,35,36,37,45,46
1581,14,15,16,17,24,25,26,27,34,35,36,37,45,46
1582,14,15,16,17,24,25,26,27,34,35,36,37,45,46
1583,14,15,16,17,24,25,26,27,34,35,36,37,45,46
1584,14,15,16,17,24,25,26,27,34,35,36,37,45,46
1585,14,15,16,17,24,25,26,27,34,35,36,37,45,46
1586,14,15,16,17,24,25,26,27,34,35,36,37,45,46
1587,14,15,16,17,24,25,26,27,34,35,36,37,45,46
1588,14,15,16,17,24,25,26,27,34,35,36,37,45,46
1589,14,15,16,17,24,25,26,27,34,35,36,37,45,46
1590,14,15,16,17,24,25,26,27,34,35,36,37,45,46
1591,14,15,16,17,24,25,26,27,34,35,36,37,45,46
1592,14,15,16,17,24,25,26,27,34,35,36,37,45,46
1593,14,15,16,17,24,25,26,27,34,35,36,37,45,46
1594,14,15,16,17,24,25,26,27,34,35,36,37,45,46
1595,14,15,16,17,24,25,26,27,34,35,36,37,45,46
1596,14,15,16,17,24,25,26,27,34,35,36,37,45,46
1597,14,15,16,17,24,25,26,27,34,35,36,37,45,46
1598,14,15,16,17,24,25,26,27,34,35,36,37,45,46
1599,14,15,16,17,24,25,26,27,34,35,36,37,45,46
1600,14,15,16,17,24,25,26,27,34,35,36,37,45,46
1601,14,15,16,17,24,25,26,27,34,35,36,37,45,46
1602,14,15,16,17,24,25,26,27,34,35,36,37,45,46
1603,14,15,16,17,24,25,26,27,34,35,36,37,45,46
1604,14,15,16,17,24,25,26,27,34,35,36,37,45,46
1605,14,15,16,17,24,25,26,27,34,35,36,37,45,46
1606,14,15,16,17,24,25,26,27,34,35,36,37,45,46
1607,14,15,16,17,24,25,26,27,34,35,36,37,45,46
1608,14,15,16,17,24,25,26,27,34,35,36,37,45,46
1609,14,15,16,17,24,25,26,27,34,35,36,37,45,46
1610,14,15,16,17,24,25,26,27,34,35,36,37,45,46
1611,14,15,16,17,24,25,26,27,34,35,36,37,45,46
1612,14,15,16,17,24,25,26,27,34,35,36,37,45,46
1613,14,15,16,17,24,25,26,27,34,35,36,37,45,46
1614,14,15,16,17,24,25,26,27,34,35,36,37,45,46
1615,14,15,16,17,24,25,26,27,34,35,36,37,45,46
1616,14,15,16,17,24,25,26,27,34,35,36,37,45,46
1617,14,15,16,17,24,25,26,27,34,35,36,37,45,46
1618,14,15,16,17,24,25,26,27,34,35,36,37,45,46
1619,14,15,16,17,24,25,26,27,34,35,36,37,45,46
1620,14,15,16,17,24,25,26,27,34,35,36,37,45,46
1621,14,15,16,17,24,25,26,27,34,35,36,37,45,46
1622,14,15,16,17,24,25,26,27,34,35,36,37,45,46
1623,14,15,16,17,24,25,26,27,34,35,36,37,45,46
1624,14,15,16,17,24,25,26,27,34,35,36,37,45,46
1625,14,15,16,17,24,25,26,27,34,35,36,37,45,46
1626,14,15,16,17,24,25,26,27,34,35,36,37,45,46
1627,14,15,16,17,24,25,26,27,34,35,36,37,45,46
1628,14,15,16,17,24,25,26,27,34,35,36,37,45,46
1629,14,15,16,17,24,25,26,27,34,35,36,37,45,46
1630,14,15,16,17,24,25,26,27,34,35,36,37,45,46
1631,14,15,16,17,24,25,26,27,34,35,36,37,45,46
1632,14,15,16,17,24,25,26,27,34,35,36,37,45,46
1633,14,15,16,17,24,25,26,27,34,35,36,37,45,46
1634,14,15,16,17,24,25,26,27,34,35,36,37,45,46
1635,14,15,16,17,24,25,26,27,34,35,36,37,45,46
1636,14,15,16,17,24,25,26,27,34,35,36,37,45,46
1637,14,15,16,17,24,25,26,27,34,35,36,37,45,46
1638,14,15,16,17,24,25,26,27,34,35,36,37,45,46
1639,14,15,16,17,24,25,26,27,34,35,36,37,45,46
1640,14,15,16,17,24,25,26,27,34,35,36,37,45,46
1641,14,15,16,17,24,25,26,27,34,35,36,37,45,46
1642,14,15,16,17,24,25,26,27,34,35,36,37,45,46
1643,14,15,16,17,24,25,26,27,34,35,36,37,45,46
1644,14,15,16,17,24,25,26,27,34,35,36,37,45,46
1645,14,15,16,17,24,25,26,27,34,35,36,37,45,46
1646,14,15,16,17,24,25,26,27,34,35,36,37,45,46
1647,14,15,16,17,24,25,26,27,34,35,36,37,45,46
1648,14,15,16,17,24,25,26,27,34,35,36,37,45,46
1649,14,15,16,17,24,25,26,27,34,35,36,37
1650,14,15,16,17,24,25,26,27,34,35,36,37
1651,6,14,15,16,17,24,25,26,27,34,35,36,37
1652,6,14,15,16,17,24,25,26,27,34,35,36,37
1653,6,14,15,16,17,24,25,26,27,34,35,36,37
1654,6,14,15,16,17,24,25,26,27,34,35,36,37
1655,5,6,14,15,16,17,24,25,26,27,34,35,36,37
1656,5,6,14,15,16,17,24,25,26,27,34,35,36,37
1657,5,6,14,15,16,17,24,25,26,27,34,35,36,37
1658,5,6,14,15,16,17,24,25,26,27,34,35,36,37
1659,5,6,7,14,15,16,17,24,25,26,27,35,36,37
1660,5,6,7,14,15,16,17,24,25,26,27,35,36,37
1661,5,6,7,14,15,16,17,24,25,26,27,35,36,37
1662,5,6,7,14,15,16,17,24,25,26,27,35,36,37
1663,5,6,7,14,15,16,17,24,25,26,27,35,36,37
1664,5,6,7,14,15,16,17,24,25,26,27,35,36,37
1665,5,6,7,14,15,16,17,24,25,26,27,35,36,37
1666,5,6,7,14,15,16,17,24,25,26,27,35,36,37
1667,5,6,7,14,15,16,17,24,25,26,27,35,36,37
1668,5,6,7,14,15,16,17,24,25,26,27,35,36,37
1669,5,6,7,14,15,16,17,24,25,26,27,35,36,37
1670,5,6,7,14,15,16,17,24,25,26,27,35,36,37
1671,5,6,7,14,15,16,17,24,25,26,27,35,36,37
1672,5,6,7,14,15,16,17,24,25,26,27,35,36,37
1673,5,6,7,14,15,16,17,24,25,26,27,35,36,37
1674,5,6,7,14,15,16,17,24,25,26,27,35,36,37
1675,5,6,7,14,15,16,17,24,25,26,27,35,36,37
1676,5,6,7,14,15,16,17,24,25,26,27,35,36,37
1677,5,6,7,14,15,16,17,24,25,26,27,35,36,37
1678,5,6,7,14,15,16,17,24,25,26,27,35,36,37
1679,5,6,7,14,15,16,17,24,25,26,27,35,36,37
1680,5,6,7,14,15,16,17,24,25,26,27,35,36,37
1681,5,6,7,14,15,16,17,24,25,26,27,35,36,37
1682,5,6,7,14,15,16,17,24,25,26,27,35,36,37
1683,5,6,7,14,15,16,17,24,25,26,27,35,36,37
1684,5,6,7,14,15,16,17,24,25,26,27,35,36,37
1685,5,6,7,14,15,16,17,24,25,26,27,35,36,37
1686,5,6,7,14,15,16,17,24,25,26,27,35,36,37
1687,5,6,7,14,15,16,17,24,25,26,27,35,36,37
1688,5,6,7,14,15,16,17,24,25,26,27,35,36,37
1689,5,6,7,14,15,16,17,24,25,26,27,35,36,37
1690,5,6,7,14,15,16,17,24,25,26,27,35,36,37
1691,5,6,7,14,15,16,17,24,25,26,27,35,36,37
1692,5,6,7,14,15,16,17,24,25,26,27,35,36,37
1693,5,6,7,14,15,16,17,24,25,26,27,35,36,37
1694,5,6,7,14,15,16,17,24,25,26,27,35,36,37
1695,5,6,7,14,15,16,17,24,25,26,27,35,36,37
1696,5,6,7,14,15,16,17,24,25,26,27,35,36,37
1697,5,6,7,14,15,16,17,24,25,26,27,35,36,37
1698,5,6,7,14,15,16,17,24,25,26,27,35,36,37
1699,5,6,7,14,15,16,17,24,25,26,27,35,36,37
1700,5,6,7,14,15,16,17,24,25,26,27,35,36,37
1701,5,6,7,14,15,16,17,24,25,26,27,35,36,37
1702,5,6,7,14,15,16,17,24,25,26,27,35,36,37
1703,5,6,7,14,15,16,17,24,25,26,27,35,36,37
1704,5,6,7,14,15,16,17,24,25,26,27,35,36,37
1705,5,6,7,14,15,16,17,24,25,26,27,35,36,37
1706,5,6,7,14,15,16,17,24,25,26,27,35,36,37
1707,5,6,7,14,15,16,17,24,25,26,27,35,36,37
1708,5,6,7,14,15,16,17,24,25,26,27,35,36,37
1709,5,6,7,14,15,16,17,24,25,26,27,35,36,37
1710,5,6,7,14,15,16,17,24,25,26,27,35,36,37
1711,5,6,7,14,15,16,17,24,25,26,27,35,36,37
1712,5,6,7,14,15,16,17,24,25,26,27,35,36,37
1713,5,6,7,14,15,16,17,24,25,26,27,35,36,37
1714,5,6,7,14,15,16,17,24,25,26,27,35,36,37
1715,5,6,7,14,15,16,17,24,25,26,27,35,36,37
1716,5,6,7,14,15,16,17,24,25,26,27,35,36,37
1717,5,6,7,14,15,16,17,24,25,26,27,35,36,37
1718,5,6,7,14,15,16,17,24,25,26,27,35,36,37
1719,5,6,7,14,15,16,17,24,25,26,27,35,36,37
1720,5,6,7,14,15,16,17,24,25,26,27,35,36,37
1721,5,6,7,14,15,16,17,24,25,26,27,35,36,37
1722,5,6,7,14,15,16,17,24,25,26,27,35,36,37
1723,5,6,7,14,15,16,17,24,25,26,27,35,36,37
1724,5,6,7,14,15,16,17,24,25,26,27,35,36,37
1725,5,6,7,14,15,16,17,24,25,26,27,35,36,37
1726,5,6,7,14,15,16,17,24,25,26,27,35,36,37
1727,5,6,7,14,15,16,17,24,25,26,27,35,36,37
1728,5,6,7,14,15,16,17,24,25,26,27,35,36,37
1729,5,6,7,14,15,16,17,24,25,26,27,35,36,37
1730,5,6,7,14,15,16,17,24,25,26,27,35,36,37
1731,5,6,7,14,15,16,17,24,25,26,27,35,36,37
1732,5,6,7,14,15,16,17,24,25,26,27,35,36,37
1733,5,6,7,14,15,16,17,24,25,26,27,35,36,37
1734,5,6,7,14,15,16,17,24,25,26,27,35,36,37
1735,5,6,7,14,15,16,17,24,25,26,27,35,36,37
1736,5,6,7,14,15,16,17,24,25,26,27,35,36,37
1737,5,6,7,14,15,16,17,24,25,26,27,35,36,37
1738,5,6,7,14,15,16,17,24,25,26,27,35,36,37
1739,5,6,7,14,15,16,17,24,25,26,27,35,36,37
1740,5,6,7,14,15,16,17,24,25,26,27,35,36,37
1741,5,6,7,14,15,16,17,24,25,26,27,35,36,37
1742,5,6,7,14,15,16,17,24,25,26,27,35,36,37
1743,5,6,7,14,15,16,17,24,25,26,27,35,36,37
1744,5,6,7,14,15,16,17,24,25,26,27,35,36,37
1745,5,6,7,14,15,16,17,24,25,26,27,35,36,37
1746,5,6,7,14,15,16,17,24,25,26,27,35,36,37
1747,5,6,7,14,15,16,17,24,25,26,27,35,36,37
1748,5,6,7,14,15,16,17,24,25,26,27,35,36,37
1749,5,6,7,14,15,16,17,24,25,26,27,35,36,37
1750,5,6,7,14,15,16,17,24,25,26,27,35,36,37
1751,5,6,7,14,15,16,17,24,25,26,27,35,36,37
1752,5,6,7,14,15,16,17,24,25,26,27,35,36,37
1753,5,6,7,14,15,16,17,24,25,26,27,35,36,37
1754,5,6,7,14,15,16,17,24,25,26,27,35,36,37
1755,5,6,7,14,15,16,17,24,25,26,27,35,36,37
1756,5,6,7,14,15,16,17,24,25,26,27,35,36,37
1757,5,6,7,14,15,16,17,24,25,26,27,35,36,37
1758,5,6,7,14,15,16,17,24,25,26,27,35,36,37
1759,5,6,7,15,16,17,25,26,27,35,36,37
1760,5,6,7,15,16,17,25,26,27,35,36,37
1761,5,6,7,15,16,17,25,26,27,35,36,37
1762,5,6,7,15,16,17,25,26,27,35,36,37
1763,5,6,7,15,16,17,25,26,27,35,36,37
1764,5,6,7,15,16,17,25,26,27,35,36,37
1765,5,6,7,15,16,17,25,26,27,35,36,37
1766,5,6,7,15,16,17,25,26,27,35,36,37
1767,5,6,7,15,16,17,25,26,27,35,36,37
1768,5,6,7,15,16,17,25,26,27,35,36,37
1769,5,6,7,15,16,17,25,26,27,35,36,37
1770,5,6,7,15,16,17,25,26,27,35,36,37
1771,5,6,7,15,16,17,25,26,27,35,36,37
1772,5,6,7,15,16,17,25,26,27,35,36,37
1773,5,6,7,15,16,17,25,26,27,35,36,37
1774,5,6,7,15,16,17,25,26,27,35,36,37
1775,5,6,7,15,16,17,25,26,27,35,36,37
1776,5,6,7,15,16,17,25,26,27,35,36,37
1777,5,6,7,15,16,17,25,26,27,35,36,37
1778,5,6,7,15,16,17,25,26,27,35,36,37
1779,5,6,7,15,16,17,25,26,27,35,36,37
1780,5,6,7,15,16,17,25,26,27,35,36,37
1781,5,6,7,15,16,17,25,26,27,35,36,37
1782,5,6,7,15,16,17,25,26,27,35,36,37
1783,5,6,7,15,16,17,25,26,27,35,36,37
1784,5,6,7,15,16,17,25,26,27,35,36,37
1785,5,6,7,15,16,17,25,26,27,35,36,37
1786,5,6,7,15,16,17,25,26,27,35,36,37
1787,6,7,15,16,17,25,26,27,35,36,37
1788,6,7,15,16,17,25,26,27,35,36,37
1789,6,7,15,16,17,25,26,27,35,36,37
1790,6,7,15,16,17,25,26,27,35,36,37
1791,6,7,15,16,17,25,26,27,35,36,37
1792,6,7,15,16,17,25,26,27,35,36,37
1793,6,7,15,16,17,24,25,26,27,35,36,37
1794,6,7,15,16,17,24,25,26,27,35,36,37
1795,6,7,14,15,16,17,24,25,26,27,35,36,37
1796,6,7,14,15,16,17,24,25,26,27,35,36,37
1797,6,7,14,15,16,17,24,25,26,27,35,36,37
1798,6,7,14,15,16,17,24,25,26,27,35,36,37
1799,6,7,14,15,16,17,24,25,26,27,35,36,37
1800,6,7,14,15,16,17,24,25,26,27,35,36,37
