1,14,15,16,17,24,25,26,27,34,35,36,37
2,14,15,16,17,24,25,26,27,34,35,36,37
3,14,15,16,17,24,25,26,27,34,35,36,37
4,14,15,16,17,24,25,26,27,34,35,36,37
5,14,15,16,17,24,25,26,27,34,35,36,37
6,14,15,16,17,24,25,26,27,34,35,36,37
7,14,15,16,17,24,25,26,27,34,35,36,37
8,14,15,16,17,24,25,26,27,34,35,36,37
9,14,15,16,17,24,25,26,27,34,35,36,37
10,14,15,16,17,24,25,26,27,34,35,36,37
11,14,15,16,17,24,25,26,27,34,35,36,37
12,14,15,16,17,24,25,26,27,34,35,36,37
13,14,15,16,17,24,25,26,27,34,35,36,37
14,14,15,16,17,24,25,26,27,34,35,36,37
15,14,15,16,17,24,25,26,27,34,35,36,37
16,14,15,16,17,24,25,26,27,34,35,36,37
17,14,15,16,17,24,25,26,27,34,35,36,37
18,14,15,16,17,24,25,26,27,34,35,36,37
19,14,15,16,17,24,25,26,27,34,35,36,37
20,14,15,16,17,24,25,26,27,34,35,36,37
21,14,15,16,17,24,25,26,27,34,35,36,37
22,14,15,16,17,24,25,26,27,34,35,36,37
23,14,15,16,17,24,25,26,27,34,35,36,37
24,14,15,16,17,24,25,26,27,34,35,36,37
25,14,15,16,17,24,25,26,27,34,35,36,37
26,14,15,16,17,24,25,26,27,34,35,36,37
27,14,15,16,17,24,25,26,27,34,35,36,37
28,14,15,16,17,24,25,26,27,34,35,36,37
29,14,15,16,17,24,25,26,27,34,35,36,37
30,14,15,16,17,24,25,26,27,34,35,36,37
31,14,15,16,17,24,25,26,27,34,35,36,37
32,14,15,16,17,24,25,26,27,34,35,36,37
33,14,15,16,17,24,25,26,27,34,35,36,37
34,14,15,16,17,24,25,26,27,34,35,36,37
35,14,15,16,17,24,25,26,27,34,35,36,37
36,14,15,16,17,24,25,26,27,34,35,36,37
37,14,15,16,17,24,25,26,27,34,35,36,37
38,14,15,16,17,24,25,26,27,34,35,36,37
39,14,15,16,17,24,25,26,27,34,35,36,37
40,14,15,16,17,24,25,26,27,34,35,36,37
41,14,15,16,17,24,25,26,27,34,35,36,37
42,14,15,16,17,24,25,26,27,34,35,36,37
43,14,15,16,17,24,25,26,27,34,35,36,37
44,14,15,16,17,24,25,26,27,34,35,36,37
45,14,15,16,17,24,25,26,27,34,35,36,37
46,14,15,16,17,24,25,26,27,34,35,36,37
47,14,15,16,17,24,25,26,27,34,35,36,37
48,14,15,16,17,24,25,26,27,34,35,36,37
49,14,15,16,17,24,25,26,27,34,35,36,37
50,14,15,16,17,24,25,26,27,34,35,36,37
51,14,15,16,17,24,25,26,27,34,35,36,37
52,14,15,16,17,24,25,26,27,34,35,36,37
53,14,15,16,17,24,25,26,27,34,35,36,37,46
54,14,15,16,17,24,25,26,27,34,35,36,37,46
55,14,15,16,17,24,25,26,27,34,35,36,37,46
56,14,15,16,17,24,25,26,27,34,35,36,37,46
57,14,15,16,17,24,25,26,27,34,35,36,37,45,46
58,14,15,16,17,24,25,26,27,34,35,36,37,45,46
59,14,15,16,17,24,25,26,27,34,35,36,37,45,46
60,14,15,16,17,24,25,26,27,34,35,36,37,45,46
61,14,15,16,17,24,25,26,27,34,35,36,37,45,46
62,14,15,16,17,24,25,26,27,34,35,36,37,45,46
63,14,15,16,17,24,25,26,27,34,35,36,37,45,46
64,14,15,16,17,24,25,26,27,34,35,36,37,45,46
65,14,15,16,17,24,25,26,27,34,35,36,37,45,46
66,14,15,16,17,24,25,26,27,34,35,36,37,45,46
67,14,15,16,17,24,25,26,27,34,35,36,37,45,46
68,14,15,16,17,24,25,26,27,34,35,36,37,45,46
69,14,15,16,17,24,25,26,27,34,35,36,37,45,46
70,14,15,16,17,24,25,26,27,34,35,36,37,45,46
71,14,15,16,17,24,25,26,27,34,35,36,37,45,46
72,14,15,16,17,24,25,26,27,34,35,36,37,45,46
73,14,15,16,17,24,25,26,27,34,35,36,37,45,46
74,14,15,16,17,24,25,26,27,34,35,36,37,45,46
75,14,15,16,17,24,25,26,27,34,35,36,37,45,46
76,14,15,16,17,24,25,26,27,34,35,36,37,45,46
77,14,15,16,17,24,25,26,27,34,35,36,37,45,46
78,14,15,16,17,24,25,26,27,34,35,36,37,45,46
79,14,15,16,17,24,25,26,27,34,35,36,37,45,46
80,14,15,16,17,24,25,26,27,34,35,36,37,45,46
81,14,15,16,17,24,25,26,27,34,35,36,37,45,46
82,14,15,16,17,24,25,26,27,34,35,36,37,45,46
83,14,15,16,17,24,25,26,27,34,35,36,37,45,46
84,14,15,16,17,24,25,26,27,34,35,36,37,45,46
85,14,15,16,17,24,25,26,27,34,35,36,37,45,46
86,14,15,16,17,24,25,26,27,34,35,36,37,45,46
87,14,15,16,17,24,25,26,27,34,35,36,37,45,46
88,14,15,16,17,24,25,26,27,34,35,36,37,45,46
89,14,15,16,17,24,25,26,27,34,35,36,37,45,46
90,14,15,16,17,24,25,26,27,34,35,36,37,45,46
91,14,15,16,17,24,25,26,27,34,35,36,37,45,46
92,14,15,16,17,24,25,26,27,34,35,36,37,45,46
93,14,15,16,17,24,25,26,27,34,35,36,37,45,46
94,14,15,16,17,24,25,26,27,34,35,36,37,45,46
95,14,15,16,17,24,25,26,27,34,35,36,37,45,46
96,14,15,16,17,24,25,26,27,34,35,36,37,45,46
97,14,15,16,17,24,25,26,27,34,35,36,37,45,46
98,14,15,16,17,24,25,26,27,34,35,36,37,45,46
99,14,15,16,17,24,25,26,27,34,35,36,37,45,46
100,14,15,16,17,24,25,26,27,34,35,36,37,45,46
101,14,15,16,17,24,25,26,27,34,35,36,37,45,46
102,14,15,16,17,24,25,26,27,34,35,36,37,45,46
103,14,15,16,17,24,25,26,27,34,35,36,37,45,46
104,14,15,16,17,24,25,26,27,34,35,36,37,45,46
105,14,15,16,17,24,25,26,27,34,35,36,37,45,46
106,14,15,16,17,24,25,26,27,34,35,36,37,45,46
107,14,15,16,17,24,25,26,27,34,35,36,37,45,46
108,14,15,16,17,24,25,26,27,34,35,36,37,45,46
109,14,15,16,17,24,25,26,27,34,35,36,37,45,46
110,14,15,16,17,24,25,26,27,34,35,36,37,45,46
111,14,15,16,17,24,25,26,27,34,35,36,37,45,46
112,14,15,16,17,24,25,26,27,34,35,36,37,45,46
113,14,15,16,17,24,25,26,27,34,35,36,37,45,46
114,14,15,16,17,24,25,26,27,34,35,36,37,45,46
115,14,15,16,17,24,25,26,27,34,35,36,37,45,46
116,14,15,16,17,24,25,26,27,34,35,36,37,45,46
117,14,15,16,17,24,25,26,27,34,35,36,37,45,46
118,14,15,16,17,24,25,26,27,34,35,36,37,45,46
119,14,15,16,17,24,25,26,27,34,35,36,37,45,46
120,14,15,16,17,24,25,26,27,34,35,36,37,45,46
121,14,15,16,17,24,25,26,27,34,35,36,37,45,46
122,14,15,16,17,24,25,26,27,34,35,36,37,45,46
123,14,15,16,17,24,25,26,27,34,35,36,37,45,46
124,14,15,16,17,24,25,26,27,34,35,36,37,45,46
125,14,15,16,17,24,25,26,27,34,35,36,37,45,46
126,14,15,16,17,24,25,26,27,34,35,36,37,45,46
127,14,15,16,17,24,25,26,27,34,35,36,37,45,46
128,14,15,16,17,24,25,26,27,34,35,36,37,45,46
129,14,15,16,17,24,25,26,27,34,35,36,37,45,46
130,14,15,16,17,24,25,26,27,34,35,36,37,45,46
131,14,15,16,17,24,25,26,27,34,35,36,37,45,46
132,14,15,16,17,24,25,26,27,34,35,36,37,45,46
133,14,15,16,17,24,25,26,27,34,35,36,37,45,46
134,14,15,16,17,24,25,26,27,34,35,36,37,45,46
135,14,15,16,17,24,25,26,27,34,35,36,37,45,46
136,14,15,16,17,24,25,26,27,34,35,36,37,45,46
137,14,15,16,17,24,25,26,27,34,35,36,37,45,46
138,14,15,16,17,24,25,26,27,34,35,36,37,45,46
139,14,15,16,17,24,25,26,27,34,35,36,37,45,46
140,14,15,16,17,24,25,26,27,34,35,36,37,45,46
141,14,15,16,17,24,25,26,27,34,35,36,37,45,46
142,14,15,16,17,24,25,26,27,34,35,36,37,45,46
143,14,15,16,17,24,25,26,27,34,35,36,37,45,46
144,14,15,16,17,24,25,26,27,34,35,36,37,45,46
145,14,15,16,17,24,25,26,27,34,35,36,37,45,46
146,14,15,16,17,24,25,26,27,34,35,36,37,45,46
147,14,15,16,17,24,25,26,27,34,35,36,37,45,46
148,14,15,16,17,24,25,26,27,34,35,36,37,45,46
149,14,15,16,17,24,25,26,27,34,35,36,37,45,46
150,14,15,16,17,24,25,26,27,34,35,36,37,45,46
151,14,15,16,17,24,25,26,27,34,35,36,37,45,46
152,14,15,16,17,24,25,26,27,34,35,36,37,45,46
153,14,15,16,17,24,25,26,27,34,35,36,37,45,46
154,14,15,16,17,24,25,26,27,34,35,36,37,45,46
155,14,15,16,17,24,25,26,27,34,35,36,37,45,46
156,14,15,16,17,24,25,26,27,34,35,36,37,45,46
157,14,15,16,17,24,25,26,27,34,35,36,37,45,46
158,14,15,16,17,24,25,26,27,34,35,36,37,45,46
159,15,16,17,24,25,26,27,34,35,36,37,44,45,46,47
160,15,16,17,24,25,26,27,34,35,36,37,44,45,46,47
161,15,16,24,25,26,27,34,35,36,37,44,45,46,47
162,15,16,24,25,26,27,34,35,36,37,44,45,46,47
163,15,16,24,25,26,27,34,35,36,37,44,45,46,47
164,15,16,24,25,26,27,34,35,36,37,44,45,46,47
165,15,16,24,25,26,27,34,35,36,37,44,45,46,47
166,15,16,24,25,26,27,34,35,36,37,44,45,46,47
167,16,24,25,26,27,34,35,36,37,44,45,46,47
168,16,24,25,26,27,34,35,36,37,44,45,46,47
169,16,24,25,26,27,34,35,36,37,44,45,46,47
170,16,24,25,26,27,34,35,36,37,44,45,46,47
171,24,25,26,27,34,35,36,37,44,45,46,47,48
172,24,25,26,27,34,35,36,37,44,45,46,47,48
173,24,25,26,27,34,35,36,37,43,44,45,46,47,48
174,24,25,26,27,34,35,36,37,43,44,45,46,47,48
175,24,25,26,27,34,35,36,37,41,42,43,44,45,46,47,48,49,50
176,24,25,26,27,34,35,36,37,41,42,43,44,45,46,47,48,49,50
177,24,25,26,27,34,35,36,37,38,41,42,43,44,45,46,47,48,49,50
178,24,25,26,27,34,35,36,37,38,41,42,43,44,45,46,47,48,49,50
179,24,25,26,27,34,35,36,37,41,42,43,44,45,46,47,48,49,50
180,24,25,26,27,34,35,36,37,41,42,43,44,45,46,47,48,49,50
181,24,25,26,27,34,35,36,37,38,41,42,43,44,45,46,47,48,49,50
182,24,25,26,27,34,35,36,37,38,41,42,43,44,45,46,47,48,49,50
183,24,25,26,27,33,34,35,36,37,38,41,42,43,44,45,46,47,48,49,50
184,24,25,26,27,33,34,35,36,37,38,41,42,43,44,45,46,47,48,49,50
185,24,25,26,27,33,34,35,36,37,38,41,42,43,44,45,46,47,48,49,50
186,24,25,26,27,33,34,35,36,37,38,41,42,43,44,45,46,47,48,49,50
187,24,25,26,27,33,34,35,36,37,38,41,42,43,44,45,46,47,48,49,50
188,24,25,26,27,33,34,35,36,37,38,41,42,43,44,45,46,47,48,49,50
189,24,25,26,27,33,34,35,36,37,38,41,42,43,44,45,46,47,48,49,50
190,24,25,26,27,33,34,35,36,37,38,41,42,43,44,45,46,47,48,49,50
191,24,25,26,27,33,34,35,36,37,38,41,42,43,44,45,46,47,48,49,50
192,24,25,26,27,33,34,35,36,37,38,41,42,43,44,45,46,47,48,49,50
193,24,25,26,27,33,34,35,36,37,41,42,43,44,45,46,47,48,49,50
194,24,25,26,27,33,34,35,36,37,41,42,43,44,45,46,47,48,49,50
195,24,25,26,27,33,34,35,36,37,41,42,43,44,45,46,47,48,49,50
196,24,25,26,27,33,34,35,36,37,41,42,43,44,45,46,47,48,49,50
197,24,25,26,27,33,34,35,36,37,41,42,43,44,45,46,47,48,49,50
198,24,25,26,27,33,34,35,36,37,41,42,43,44,45,46,47,48,49,50
199,24,25,26,27,33,34,35,36,37,41,42,43,44,45,46,47,48,49,50
200,24,25,26,27,33,34,35,36,37,41,42,43,44,45,46,47,48,49,50
201,24,25,26,33,34,35,36,37,41,42,43,44,45,46,47,48,49,50
202,24,25,26,33,34,35,36,37,41,42,43,44,45,46,47,48,49,50
203,23,24,25,26,33,34,35,36,37,41,42,43,44,45,46,47,48,49,50
204,23,24,25,26,33,34,35,36,37,41,42,43,44,45,46,47,48,49,50
205,23,24,25,26,33,34,35,36,37,41,42,43,44,45,46,47,48,49,50
206,23,24,25,26,33,34,35,36,37,41,42,43,44,45,46,47,48,49,50
207,23,24,25,26,33,34,35,36,41,42,43,44,45,46,47,48,49,50
208,23,24,25,26,33,34,35,36,41,42,43,44,45,46,47,48,49,50
209,23,24,25,26,33,34,35,36,41,42,43,44,45,46,47,48,49,50
210,23,24,25,26,33,34,35,36,41,42,43,44,45,46,47,48,49,50
211,23,24,25,26,32,33,34,35,36,41,42,43,44,45,46,47,48,49,50
212,23,24,25,26,32,33,34,35,36,41,42,43,44,45,46,47,48,49,50
213,23,24,25,26,32,33,34,35,36,41,42,43,44,45,46,47,48,49,50
214,23,24,25,26,32,33,34,35,36,41,42,43,44,45,46,47,48,49,50
215,23,24,25,26,32,33,34,35,36,41,42,43,44,45,46,47,48,49,50
216,23,24,25,26,32,33,34,35,36,41,42,43,44,45,46,47,48,49,50
217,23,24,25,26,32,33,34,35,36,41,42,43,44,45,46,47,48,49,50
218,23,24,25,26,32,33,34,35,36,41,42,43,44,45,46,47,48,49,50
219,23,24,25,26,32,33,34,35,36,41,42,43,44,45,46,47,48,49,50
220,23,24,25,26,32,33,34,35,36,41,42,43,44,45,46,47,48,49,50
221,23,24,25,26,33,34,35,36,41,42,43,44,45,46,47,48,49,50
222,23,24,25,26,33,34,35,36,41,42,43,44,45,46,47,48,49,50
223,23,24,25,26,33,34,35,36,37,41,42,43,44,45,46,47,48,49,50
224,23,24,25,26,33,34,35,36,37,41,42,43,44,45,46,47,48,49,50
225,23,24,25,26,33,34,35,36,37,41,42,43,44,45,46,47,48,49,50
226,23,24,25,26,33,34,35,36,37,41,42,43,44,45,46,47,48,49,50
227,23,24,25,26,33,34,35,36,37,41,42,43,44,45,46,47,48,49,50
228,23,24,25,26,33,34,35,36,37,41,42,43,44,45,46,47,48,49,50
229,24,25,26,33,34,35,36,37,41,42,43,44,45,46,47,48,49,50
230,24,25,26,33,34,35,36,37,41,42,43,44,45,46,47,48,49,50
231,24,25,26,27,33,34,35,36,37,41,42,43,44,45,46,47,48,49,50
232,24,25,26,27,33,34,35,36,37,41,42,43,44,45,46,47,48,49,50
233,24,25,26,27,33,34,35,36,37,41,42,43,44,45,46,47,48,49,50
234,24,25,26,27,33,34,35,36,37,41,42,43,44,45,46,47,48,49,50
235,24,25,26,27,33,34,35,36,37,41,42,43,44,45,46,47,48,49,50
236,24,25,26,27,33,34,35,36,37,41,42,43,44,45,46,47,48,49,50
237,24,25,26,27,33,34,35,36,37,41,42,43,44,45,46,47,48,49,50
238,24,25,26,27,33,34,35,36,37,41,42,43,44,45,46,47,48,49,50
239,24,25,26,27,33,34,35,36,37,41,42,43,44,45,46,47,48,49,50
240,24,25,26,27,33,34,35,36,37,41,42,43,44,45,46,47,48,49,50
241,24,25,26,27,33,34,35,36,37,41,42,43,44,45,46,47,48,49,50
242,24,25,26,27,33,34,35,36,37,41,42,43,44,45,46,47,48,49,50
243,24,25,26,27,33,34,35,36,37,41,42,43,44,45,46,47,48,49,50
244,24,25,26,27,33,34,35,36,37,41,42,43,44,45,46,47,48,49,50
245,24,25,26,27,33,34,35,36,37,41,42,43,44,45,46,47,48,49,50
246,24,25,26,27,33,34,35,36,37,41,42,43,44,45,46,47,48,49,50
247,24,25,26,27,33,34,35,36,37,41,42,43,44,45,46,47,48,49,50
248,24,25,26,27,33,34,35,36,37,41,42,43,44,45,46,47,48,49,50
249,24,25,26,27,34,35,36,37,41,42,43,44,45,46,47,48,49,50
250,24,25,26,27,34,35,36,37,41,42,43,44,45,46,47,48,49,50
251,24,25,26,27,34,35,36,37,41,42,43,44,45,46,47,48,49,50
252,24,25,26,27,34,35,36,37,41,42,43,44,45,46,47,48,49,50
253,24,25,26,27,34,35,36,37,41,42,43,44,45,46,47,48,49,50
254,24,25,26,27,34,35,36,37,41,42,43,44,45,46,47,48,49,50
255,24,25,26,27,34,35,36,37,41,42,43,44,45,46,47,48,49,50
256,24,25,26,27,34,35,36,37,41,42,43,44,45,46,47,48,49,50
257,24,25,26,27,34,35,36,37,41,42,43,44,45,46,47,48,49,50
258,24,25,26,27,34,35,36,37,41,42,43,44,45,46,47,48,49,50
259,24,25,26,27,34,35,36,37,41,42,43,44,45,46,47,48,49,50
260,24,25,26,27,34,35,36,37,41,42,43,44,45,46,47,48,49,50
261,24,25,26,27,34,35,36,37,41,42,43,44,45,46,47,48,49,50
262,24,25,26,27,34,35,36,37,41,42,43,44,45,46,47,48,49,50
263,24,25,26,27,34,35,36,37,41,42,43,44,45,46,47,48,49,50
264,24,25,26,27,34,35,36,37,41,42,43,44,45,46,47,48,49,50
265,24,25,26,27,34,35,36,37,41,42,43,44,45,46,47,48,49,50
266,24,25,26,27,34,35,36,37,41,42,43,44,45,46,47,48,49,50
267,24,25,26,27,34,35,36,37,41,42,43,44,45,46,47,48,49,50
268,24,25,26,27,34,35,36,37,41,42,43,44,45,46,47,48,49,50
269,24,25,26,27,34,35,36,37,41,42,43,44,45,46,47,48,49,50
270,24,25,26,27,34,35,36,37,41,42,43,44,45,46,47,48,49,50
271,24,25,26,27,34,35,36,37,41,42,43,44,45,46,47,48,49,50
272,24,25,26,27,34,35,36,37,41,42,43,44,45,46,47,48,49,50
273,24,25,26,27,34,35,36,37,41,42,43,44,45,46,47,48,49,50
274,24,25,26,27,34,35,36,37,41,42,43,44,45,46,47,48,49,50
275,24,25,26,27,34,35,36,37,41,42,43,44,45,46,47,48,49,50
276,24,25,26,27,34,35,36,37,41,42,43,44,45,46,47,48,49,50
277,24,25,26,27,34,35,36,37,41,42,43,44,45,46,47,48,49,50
278,24,25,26,27,34,35,36,37,41,42,43,44,45,46,47,48,49,50
279,24,25,26,27,34,35,36,37,41,42,43,44,45,46,47,48,49,50
280,24,25,26,27,34,35,36,37,41,42,43,44,45,46,47,48,49,50
281,24,25,26,27,34,35,36,37,41,42,43,44,45,46,47,48,49,50
282,24,25,26,27,34,35,36,37,41,42,43,44,45,46,47,48,49,50
283,24,25,26,27,34,35,36,37,41,42,43,44,45,46,47,48,49,50
284,24,25,26,27,34,35,36,37,41,42,43,44,45,46,47,48,49,50
285,24,25,26,27,34,35,36,37,41,42,43,44,45,46,47,48,49,50
286,24,25,26,27,34,35,36,37,41,42,43,44,45,46,47,48,49,50
287,24,25,26,27,34,35,36,37,41,42,43,44,45,46,47,48,49,50
288,24,25,26,27,34,35,36,37,41,42,43,44,45,46,47,48,49,50
289,24,25,26,27,34,35,36,37,41,42,43,44,45,46,47,48,49,50
290,24,25,26,27,34,35,36,37,41,42,43,44,45,46,47,48,49,50
291,24,25,26,27,34,35,36,37,41,42,43,44,45,46,47,48,49,50
292,24,25,26,27,34,35,36,37,41,42,43,44,45,46,47,48,49,50
293,24,25,26,27,34,35,36,37,41,42,43,44,45,46,47,48,49,50
294,24,25,26,27,34,35,36,37,41,42,43,44,45,46,47,48,49,50
295,24,25,26,27,34,35,36,37,41,42,43,44,45,46,47,48,49,50
296,24,25,26,27,34,35,36,37,41,42,43,44,45,46,47,48,49,50
297,24,25,26,27,34,35,36,37,41,42,43,44,45,46,47,48,49,50
298,24,25,26,27,34,35,36,37,41,42,43,44,45,46,47,48,49,50
299,24,25,26,27,34,35,36,37,41,42,43,44,45,46,47,48,49,50
300,24,25,26,27,34,35,36,37,41,42,43,44,45,46,47,48,49,50
301,24,25,26,27,34,35,36,37,41,42,43,44,45,46,47,48,49,50
302,24,25,26,27,34,35,36,37,41,42,43,44,45,46,47,48,49,50
303,24,25,26,27,34,35,36,37,41,42,43,44,45,46,47,48,49,50
304,24,25,26,27,34,35,36,37,41,42,43,44,45,46,47,48,49,50
305,24,25,26,27,34,35,36,37,38,41,42,43,44,45,46,47,48,49,50
306,24,25,26,27,34,35,36,37,38,41,42,43,44,45,46,47,48,49,50
307,24,25,26,27,34,35,36,37,38,41,42,43,44,45,46,47,48,49,50
308,24,25,26,27,34,35,36,37,38,41,42,43,44,45,46,47,48,49,50
309,24,25,26,27,33,34,35,36,37,38,41,42,43,44,45,46,47,48,49,50
310,24,25,26,27,33,34,35,36,37,38,41,42,43,44,45,46,47,48,49,50
311,24,25,26,27,33,34,35,36,37,38,41,42,43,44,45,46,47,48,49,50
312,24,25,26,27,33,34,35,36,37,38,41,42,43,44,45,46,47,48,49,50
313,24,25,26,27,33,34,35,36,37,38,41,42,43,44,45,46,47,48,49,50
314,24,25,26,27,33,34,35,36,37,38,41,42,43,44,45,46,47,48,49,50
315,24,25,26,27,33,34,35,36,37,38,41,42,43,44,45,46,47,48,49,50
316,24,25,26,27,33,34,35,36,37,38,41,42,43,44,45,46,47,48,49,50
317,24,25,26,27,33,34,35,36,37,38,41,42,43,44,45,46,47,48,49,50
318,24,25,26,27,33,34,35,36,37,38,41,42,43,44,45,46,47,48,49,50
319,25,26,27,33,34,35,36,37,38,41,42,43,44,45,46,47,48,49,50
320,25,26,27,33,34,35,36,37,38,41,42,43,44,45,46,47,48,49,50
321,25,26,27,33,34,35,36,37,38,41,42,43,44,45,46,47,48,49,50
322,25,26,27,33,34,35,36,37,38,41,42,43,44,45,46,47,48,49,50
323,25,26,27,33,34,35,36,37,38,41,42,43,44,45,46,47,48,49,50
324,25,26,27,33,34,35,36,37,38,41,42,43,44,45,46,47,48,49,50
325,25,26,27,33,34,35,36,37,38,41,42,43,44,45,46,47,48,49,50
326,25,26,27,33,34,35,36,37,38,41,42,43,44,45,46,47,48,49,50
327,25,26,27,33,34,35,36,37,38,41,42,43,44,45,46,47,48,49,50
328,25,26,27,33,34,35,36,37,38,41,42,43,44,45,46,47,48,49,50
329,25,26,27,33,34,35,36,37,38,41,42,43,44,45,46,47,48,49,50
330,25,26,27,33,34,35,36,37,38,41,42,43,44,45,46,47,48,49,50
331,25,26,27,33,34,35,36,37,38,41,42,43,44,45,46,47,48,49,50
332,25,26,27,33,34,35,36,37,38,41,42,43,44,45,46,47,48,49,50
333,25,26,27,33,34,35,36,37,38,41,42,43,44,45,46,47,48,49,50
334,25,26,27,33,34,35,36,37,38,41,42,43,44,45,46,47,48,49,50
335,25,26,27,33,34,35,36,37,38,41,42,43,44,45,46,47,48,49,50
336,25,26,27,33,34,35,36,37,38,41,42,43,44,45,46,47,48,49,50
337,25,26,27,33,34,35,36,37,38,41,42,43,44,45,46,47,48,49,50
338,25,26,27,33,34,35,36,37,38,41,42,43,44,45,46,47,48,49,50
339,25,26,27,33,34,35,36,37,38,41,42,43,44,45,46,47,48,49,50
340,25,26,27,33,34,35,36,37,38,41,42,43,44,45,46,47,48,49,50
341,25,26,27,33,34,35,36,37,38,41,42,43,44,45,46,47,48,49,50
342,25,26,27,33,34,35,36,37,38,41,42,43,44,45,46,47,48,49,50
343,25,26,27,33,34,35,36,37,38,39,41,42,43,44,45,46,47,48,49,50
344,25,26,27,33,34,35,36,37,38,39,41,42,43,44,45,46,47,48,49,50
345,26,27,33,34,35,36,37,38,39,41,42,43,44,45,46,47,48,49,50
346,26,27,33,34,35,36,37,38,39,41,42,43,44,45,46,47,48,49,50
347,26,27,33,34,35,36,37,38,39,41,42,43,44,45,46,47,48,49,50
348,26,27,33,34,35,36,37,38,39,41,42,43,44,45,46,47,48,49,50
349,26,33,34,35,36,37,38,39,41,42,43,44,45,46,47,48,49,50
350,26,33,34,35,36,37,38,39,41,42,43,44,45,46,47,48,49,50
351,26,33,34,35,36,37,38,39,41,42,43,44,45,46,47,48,49,50
352,26,33,34,35,36,37,38,39,41,42,43,44,45,46,47,48,49,50
353,26,33,34,35,36,37,38,39,41,42,43,44,45,46,47,48,49,50
354,26,33,34,35,36,37,38,39,41,42,43,44,45,46,47,48,49,50
355,26,33,34,35,36,37,38,39,41,42,43,44,45,46,47,48,49,50
356,26,33,34,35,36,37,38,39,41,42,43,44,45,46,47,48,49,50
357,26,33,34,35,36,37,38,39,41,42,43,44,45,46,47,48,49,50
358,26,33,34,35,36,37,38,39,41,42,43,44,45,46,47,48,49,50
359,26,27,33,34,35,36,37,38,39,41,42,43,44,45,46,47,48,49,50
360,26,27,33,34,35,36,37,38,39,41,42,43,44,45,46,47,48,49,50
361,26,27,33,34,35,36,37,38,39,41,42,43,44,45,46,47,48,49,50
362,26,27,33,34,35,36,37,38,39,41,42,43,44,45,46,47,48,49,50
363,26,27,33,34,35,36,37,38,39,41,42,43,44,45,46,47,48,49,50
364,26,27,33,34,35,36,37,38,39,41,42,43,44,45,46,47,48,49,50
365,26,27,33,34,35,36,37,38,39,41,42,43,44,45,46,47,48,49,50
366,26,27,33,34,35,36,37,38,39,41,42,43,44,45,46,47,48,49,50
367,26,27,33,34,35,36,37,38,39,41,42,43,44,45,46,47,48,49,50
368,26,27,33,34,35,36,37,38,39,41,42,43,44,45,46,47,48,49,50
369,26,27,33,34,35,36,37,38,39,41,42,43,44,45,46,47,48,49,50
370,26,27,33,34,35,36,37,38,39,41,42,43,44,45,46,47,48,49,50
371,26,27,33,34,35,36,37,38,39,41,42,43,44,45,46,47,48,49,50
372,26,27,33,34,35,36,37,38,39,41,42,43,44,45,46,47,48,49,50
373,26,27,33,34,35,36,37,38,39,41,42,43,44,45,46,47,48,49,50
374,26,27,33,34,35,36,37,38,39,41,42,43,44,45,46,47,48,49,50
375,26,27,33,34,35,36,37,38,39,41,42,43,44,45,46,47,48,49,50
376,26,27,33,34,35,36,37,38,39,41,42,43,44,45,46,47,48,49,50
377,26,27,33,34,35,36,37,38,39,41,42,43,44,45,46,47,48,49,50
378,26,27,33,34,35,36,37,38,39,41,42,43,44,45,46,47,48,49,50
379,26,27,33,34,35,36,37,38,39,41,42,43,44,45,46,47,48,49,50
380,26,27,33,34,35,36,37,38,39,41,42,43,44,45,46,47,48,49,50
381,26,27,33,34,35,36,37,38,39,41,42,43,44,45,46,47,48,49,50
382,26,27,33,34,35,36,37,38,39,41,42,43,44,45,46,47,48,49,50
383,26,27,33,34,35,36,37,38,39,41,42,43,44,45,46,47,48,49,50
384,26,27,33,34,35,36,37,38,39,41,42,43,44,45,46,47,48,49,50
385,26,27,33,34,35,36,37,38,39,41,42,43,44,45,46,47,48,49,50
386,26,27,33,34,35,36,37,38,39,41,42,43,44,45,46,47,48,49,50
387,26,27,33,34,35,36,37,38,39,41,42,43,44,45,46,47,48,49,50
388,26,27,33,34,35,36,37,38,39,41,42,43,44,45,46,47,48,49,50
389,26,27,33,34,35,36,37,38,39,41,42,43,44,45,46,47,48,49,50
390,26,27,33,34,35,36,37,38,39,41,42,43,44,45,46,47,48,49,50
391,26,27,33,34,35,36,37,38,39,41,42,43,44,45,46,47,48,49,50
392,26,27,33,34,35,36,37,38,39,41,42,43,44,45,46,47,48,49,50
393,26,27,33,34,35,36,37,38,39,41,42,43,44,45,46,47,48,49,50
394,26,27,33,34,35,36,37,38,39,41,42,43,44,45,46,47,48,49,50
395,26,27,33,34,35,36,37,38,39,41,42,43,44,45,46,47,48,49,50
396,26,27,33,34,35,36,37,38,39,41,42,43,44,45,46,47,48,49,50
397,26,27,33,34,35,36,37,38,39,41,42,43,44,45,46,47,48,49,50
398,26,27,33,34,35,36,37,38,39,41,42,43,44,45,46,47,48,49,50
399,26,27,33,34,35,36,37,38,39,41,42,43,44,45,46,47,48,49,50
400,26,27,33,34,35,36,37,38,39,41,42,43,44,45,46,47,48,49,50
401,26,27,33,34,35,36,37,38,39,41,42,43,44,45,46,47,48,49,50
402,26,27,33,34,35,36,37,38,39,41,42,43,44,45,46,47,48,49,50
403,26,27,33,34,35,36,37,38,39,41,42,43,44,45,46,47,48,49,50
404,26,27,33,34,35,36,37,38,39,41,42,43,44,45,46,47,48,49,50
405,26,27,33,34,35,36,37,38,39,41,42,43,44,45,46,47,48,49,50
406,26,27,33,34,35,36,37,38,39,41,42,43,44,45,46,47,48,49,50
407,26,27,33,34,35,36,37,38,39,41,42,43,44,45,46,47,48,49,50
408,26,27,33,34,35,36,37,38,39,41,42,43,44,45,46,47,48,49,50
409,26,27,33,34,35,36,37,38,39,41,42,43,44,45,46,47,48,49,50
410,26,27,33,34,35,36,37,38,39,41,42,43,44,45,46,47,48,49,50
411,26,27,33,34,35,36,37,38,39,41,42,43,44,45,46,47,48,49,50
412,26,27,33,34,35,36,37,38,39,41,42,43,44,45,46,47,48,49,50
413,26,27,33,34,35,36,37,38,39,41,42,43,44,45,46,47,48,49,50
414,26,27,33,34,35,36,37,38,39,41,42,43,44,45,46,47,48,49,50
415,26,27,33,34,35,36,37,38,39,41,42,43,44,45,46,47,48,49,50
416,26,27,33,34,35,36,37,38,39,41,42,43,44,45,46,47,48,49,50
417,26,27,33,34,35,36,37,38,39,41,42,43,44,45,46,47,48,49,50
418,26,27,33,34,35,36,37,38,39,41,42,43,44,45,46,47,48,49,50
419,25,26,27,33,34,35,36,37,38,39,41,42,43,44,45,46,47,48,49,50
420,25,26,27,33,34,35,36,37,38,39,41,42,43,44,45,46,47,48,49,50
421,25,26,27,33,34,35,36,37,38,41,42,43,44,45,46,47,48,49,50
422,25,26,27,33,34,35,36,37,38,41,42,43,44,45,46,47,48,49,50
423,25,26,27,33,34,35,36,37,38,41,42,43,44,45,46,47,48,49,50
424,25,26,27,33,34,35,36,37,38,41,42,43,44,45,46,47,48,49,50
425,25,26,27,34,35,36,37,38,41,42,43,44,45,46,47,48,49,50
426,25,26,27,34,35,36,37,38,41,42,43,44,45,46,47,48,49,50
427,24,25,26,27,34,35,36,37,38,41,42,43,44,45,46,47,48,49,50
428,24,25,26,27,34,35,36,37,38,41,42,43,44,45,46,47,48,49,50
429,24,25,26,27,34,35,36,37,38,41,42,43,44,45,46,47,48,49,50
430,24,25,26,27,34,35,36,37,38,41,42,43,44,45,46,47,48,49,50
431,16,24,25,26,27,34,35,36,37,38,44,45,46,47,48
432,16,24,25,26,27,34,35,36,37,38,44,45,46,47,48
433,16,24,25,26,27,34,35,36,37,38,44,45,46,47
434,16,24,25,26,27,34,35,36,37,38,44,45,46,47
435,16,17,24,25,26,27,34,35,36,37,45,46,47
436,16,17,24,25,26,27,34,35,36,37,45,46,47
437,16,17,24,25,26,27,34,35,36,37,45,46,47
438,16,17,24,25,26,27,34,35,36,37,45,46,47
439,15,16,17,24,25,26,27,34,35,36,37,45,46,47
440,15,16,17,24,25,26,27,34,35,36,37,45,46,47
441,15,16,17,24,25,26,27,34,35,36,37,45,46,47
442,15,16,17,24,25,26,27,34,35,36,37,45,46,47
443,15,16,17,25,26,27,35,36,37,45,46,47
444,15,16,17,25,26,27,35,36,37,45,46,47
445,15,16,17,25,26,27,35,36,37,45,46
446,15,16,17,25,26,27,35,36,37,45,46
447,15,16,17,25,26,27,35,36,37,46
448,15,16,17,25,26,27,35,36,37,46
449,15,16,17,25,26,27,35,36,37
450,15,16,17,25,26,27,35,36,37
451,6,15,16,17,25,26,27,35,36,37
452,6,15,16,17,25,26,27,35,36,37
453,6,7,15,16,17,25,26,27,35,36,37
454,6,7,15,16,17,25,26,27,35,36,37
455,6,7,15,16,17,25,26,27,35,36,37
456,6,7,15,16,17,25,26,27,35,36,37
457,6,7,15,16,17,25,26,27,35,36,37
458,6,7,15,16,17,25,26,27,35,36,37
459,5,6,7,15,16,17,25,26,27,35,36,37
460,5,6,7,15,16,17,25,26,27,35,36,37
461,5,6,7,14,15,16,17,25,26,27,35,36,37
462,5,6,7,14,15,16,17,25,26,27,35,36,37
463,5,6,7,14,15,16,17,24,25,26,27,35,36,37
464,5,6,7,14,15,16,17,24,25,26,27,35,36,37
465,5,6,7,14,15,16,17,25,26,27,35,36,37
466,5,6,7,14,15,16,17,25,26,27,35,36,37
467,5,6,7,14,15,16,17,18,25,26,27,35,36,37
468,5,6,7,14,15,16,17,18,25,26,27,35,36,37
469,5,6,7,14,15,16,17,18,25,26,27,28,35,36,37
470,5,6,7,14,15,16,17,18,25,26,27,28,35,36,37
471,4,5,6,7,8,14,15,16,17,18,25,26,27,28,35,36,37
472,4,5,6,7,8,14,15,16,17,18,25,26,27,28,35,36,37
473,4,5,6,7,8,14,15,16,17,18,25,26,27,28,36
474,4,5,6,7,8,14,15,16,17,18,25,26,27,28,36
475,4,5,6,7,8,14,15,16,17,18,25,26,27,28,36
476,4,5,6,7,8,14,15,16,17,18,25,26,27,28,36
477,4,5,6,7,8,14,15,16,17,18,25,26,27,28
478,4,5,6,7,8,14,15,16,17,18,25,26,27,28
479,1,2,3,4,5,6,7,8,9,10,14,15,16,17,18,25,26,27,28
480,1,2,3,4,5,6,7,8,9,10,14,15,16,17,18,25,26,27,28
481,1,2,3,4,5,6,7,8,9,10,14,15,16,17,18,25,26,27,28
482,1,2,3,4,5,6,7,8,9,10,14,15,16,17,18,25,26,27,28
483,1,2,3,4,5,6,7,8,9,10,14,15,16,17,18,25,26,27
484,1,2,3,4,5,6,7,8,9,10,14,15,16,17,18,25,26,27
485,1,2,3,4,5,6,7,8,9,10,14,15,16,17,18,25,26,27
486,1,2,3,4,5,6,7,8,9,10,14,15,16,17,18,25,26,27
487,1,2,3,4,5,6,7,8,9,10,14,15,16,17,18,25,26,27
488,1,2,3,4,5,6,7,8,9,10,14,15,16,17,18,25,26,27
489,1,2,3,4,5,6,7,8,9,10,14,15,16,17,18,25,26,27,28
490,1,2,3,4,5,6,7,8,9,10,14,15,16,17,18,25,26,27,28
491,1,2,3,4,5,6,7,8,9,10,14,15,16,17,18,25,26,27,28
492,1,2,3,4,5,6,7,8,9,10,14,15,16,17,18,25,26,27,28
493,1,2,3,4,5,6,7,8,9,10,14,15,16,17,18,25,26,27,28
494,1,2,3,4,5,6,7,8,9,10,14,15,16,17,18,25,26,27,28
495,1,2,3,4,5,6,7,8,9,10,14,15,16,17,18,25,26,27,28
496,1,2,3,4,5,6,7,8,9,10,14,15,16,17,18,25,26,27,28
497,1,2,3,4,5,6,7,8,9,10,14,15,16,17,18,25,26,27,28
498,1,2,3,4,5,6,7,8,9,10,14,15,16,17,18,25,26,27,28
499,1,2,3,4,5,6,7,8,9,10,14,15,16,17,18,25,26,27,28
500,1,2,3,4,5,6,7,8,9,10,14,15,16,17,18,25,26,27,28
501,1,2,3,4,5,6,7,8,9,10,14,15,16,17,18,25,26,27,28
502,1,2,3,4,5,6,7,8,9,10,14,15,16,17,18,25,26,27,28
503,1,2,3,4,5,6,7,8,9,10,14,15,16,17,18,25,26,27,28
504,1,2,3,4,5,6,7,8,9,10,14,15,16,17,18,25,26,27,28
505,1,2,3,4,5,6,7,8,9,10,14,15,16,17,18,25,26,27,28
506,1,2,3,4,5,6,7,8,9,10,14,15,16,17,18,25,26,27,28
507,1,2,3,4,5,6,7,8,9,10,14,15,16,17,18,25,26,27,28
508,1,2,3,4,5,6,7,8,9,10,14,15,16,17,18,25,26,27,28
509,1,2,3,4,5,6,7,8,9,10,14,15,16,17,18,25,26,27,28
510,1,2,3,4,5,6,7,8,9,10,14,15,16,17,18,25,26,27,28
511,1,2,3,4,5,6,7,8,9,10,14,15,16,17,18,25,26,27,28
512,1,2,3,4,5,6,7,8,9,10,14,15,16,17,18,25,26,27,28
513,1,2,3,4,5,6,7,8,9,10,14,15,16,17,18,25,26,27,28
514,1,2,3,4,5,6,7,8,9,10,14,15,16,17,18,25,26,27,28
515,1,2,3,4,5,6,7,8,9,10,14,15,16,17,18,25,26,27,28
516,1,2,3,4,5,6,7,8,9,10,14,15,16,17,18,25,26,27,28
517,4,5,6,7,8,14,15,16,17,18,25,26,27,28
518,4,5,6,7,8,14,15,16,17,18,25,26,27,28
519,5,6,7,8,15,16,17,18,25,26,27,28,36,37
520,5,6,7,8,15,16,17,18,25,26,27,28,36,37
521,5,6,7,8,15,16,17,18,25,26,27,28,36,37
522,5,6,7,8,15,16,17,18,25,26,27,28,36,37
523,5,6,7,8,15,16,17,18,25,26,27,28,36,37
524,5,6,7,8,15,16,17,18,25,26,27,28,36,37
525,5,6,7,8,15,16,17,18,25,26,27,28,36,37
526,5,6,7,8,15,16,17,18,25,26,27,28,36,37
527,5,6,7,8,15,16,17,18,25,26,27,28,36,37
528,5,6,7,8,15,16,17,18,25,26,27,28,36,37
529,6,7,8,15,16,17,18,25,26,27,28,36,37,38
530,6,7,8,15,16,17,18,25,26,27,28,36,37,38
531,6,7,8,15,16,17,18,25,26,27,28,36,37,38
532,6,7,8,15,16,17,18,25,26,27,28,36,37,38
533,6,7,8,15,16,17,18,25,26,27,28,36,37,38
534,6,7,8,15,16,17,18,25,26,27,28,36,37,38
535,6,7,15,16,17,18,25,26,27,28,36,37,38
536,6,7,15,16,17,18,25,26,27,28,36,37,38
537,7,15,16,17,18,25,26,27,28,36,37,38
538,7,15,16,17,18,25,26,27,28,36,37,38
539,7,15,16,17,18,25,26,27,28,36,37,38
540,7,15,16,17,18,25,26,27,28,36,37,38
541,7,15,16,17,18,25,26,27,28,35,36,37,38
542,7,15,16,17,18,25,26,27,28,35,36,37,38
543,7,15,16,17,18,25,26,27,28,35,36,37,38
544,7,15,16,17,18,25,26,27,28,35,36,37,38
545,7,15,16,17,18,25,26,27,28,35,36,37,38
546,7,15,16,17,18,25,26,27,28,35,36,37,38
547,7,15,16,17,18,25,26,27,28,35,36,37,38
548,7,15,16,17,18,25,26,27,28,35,36,37,38
549,7,15,16,17,18,25,26,27,28,35,36,37,38
550,7,15,16,17,18,25,26,27,28,35,36,37,38
551,7,15,16,17,18,25,26,27,28,35,36,37,38
552,7,15,16,17,18,25,26,27,28,35,36,37,38
553,7,15,16,17,18,25,26,27,28,35,36,37,38
554,7,15,16,17,18,25,26,27,28,35,36,37,38
555,7,15,16,17,18,25,26,27,28,35,36,37,38
556,7,15,16,17,18,25,26,27,28,35,36,37,38
557,7,15,16,17,18,25,26,27,28,35,36,37,38
558,7,15,16,17,18,25,26,27,28,35,36,37,38
559,7,15,16,17,18,25,26,27,28,35,36,37,38
560,7,15,16,17,18,25,26,27,28,35,36,37,38
561,7,15,16,17,18,25,26,27,28,35,36,37,38
562,7,15,16,17,18,25,26,27,28,35,36,37,38
563,7,15,16,17,18,25,26,27,28,35,36,37,38
564,7,15,16,17,18,25,26,27,28,35,36,37,38
565,7,15,16,17,18,25,26,27,28,35,36,37,38
566,7,15,16,17,18,25,26,27,28,35,36,37,38
567,15,16,17,18,25,26,27,28,35,36,37,38
568,15,16,17,18,25,26,27,28,35,36,37,38
569,15,16,17,25,26,27,28,35,36,37
570,15,16,17,25,26,27,28,35,36,37
571,15,16,17,25,26,27,35,36,37
572,15,16,17,25,26,27,35,36,37
573,15,16,17,25,26,27,35,36,37,46
574,15,16,17,25,26,27,35,36,37,46
575,15,16,17,25,26,27,35,36,37,46
576,15,16,17,25,26,27,35,36,37,46
577,15,16,17,24,25,26,27,35,36,37,46
578,15,16,17,24,25,26,27,35,36,37,46
579,15,16,17,24,25,26,27,35,36,37,45,46
580,15,16,17,24,25,26,27,35,36,37,45,46
581,15,16,17,24,25,26,27,34,35,36,37,45,46
582,15,16,17,24,25,26,27,34,35,36,37,45,46
583,15,16,17,24,25,26,27,34,35,36,37,45,46
584,15,16,17,24,25,26,27,34,35,36,37,45,46
585,15,16,17,24,25,26,27,34,35,36,37,46
586,15,16,17,24,25,26,27,34,35,36,37,46
587,15,16,17,24,25,26,27,34,35,36,37,46
588,15,16,17,24,25,26,27,34,35,36,37,46
589,15,16,17,24,25,26,27,34,35,36,37
590,15,16,17,24,25,26,27,34,35,36,37
591,15,16,17,24,25,26,27,34,35,36,37
592,15,16,17,24,25,26,27,34,35,36,37
593,15,16,17,24,25,26,27,35,36,37
594,15,16,17,24,25,26,27,35,36,37
595,15,16,17,24,25,26,27,35,36,37
596,15,16,17,24,25,26,27,35,36,37
597,15,16,17,25,26,27,35,36,37
598,15,16,17,25,26,27,35,36,37
599,15,16,17,25,26,27,35,36,37
600,15,16,17,25,26,27,35,36,37
601,15,16,17,25,26,27,35,36,37
602,15,16,17,25,26,27,35,36,37
603,15,16,17,25,26,27,35,36,37
604,15,16,17,25,26,27,35,36,37
605,15,16,17,25,26,27,28,35,36,37
606,15,16,17,25,26,27,28,35,36,37
607,15,16,17,25,26,27,28,35,36,37
608,15,16,17,25,26,27,28,35,36,37
609,15,16,17,18,25,26,27,28,35,36,37,38
610,15,16,17,18,25,26,27,28,35,36,37,38
611,6,7,15,16,17,18,25,26,27,28,35,36,37
612,6,7,15,16,17,18,25,26,27,28,35,36,37
613,6,7,15,16,17,18,25,26,27,28,35,36,37
614,6,7,15,16,17,18,25,26,27,28,35,36,37
615,6,7,15,16,17,18,25,26,27,28,35,36,37
616,6,7,15,16,17,18,25,26,27,28,35,36,37
617,6,7,15,16,17,18,25,26,27,28,35,36,37
618,6,7,15,16,17,18,25,26,27,28,35,36,37
619,5,6,7,8,15,16,17,18,25,26,27,28,35,36,37
620,5,6,7,8,15,16,17,18,25,26,27,28,35,36,37
621,5,6,7,8,15,16,17,18,25,26,27,28,36,37
622,5,6,7,8,15,16,17,18,25,26,27,28,36,37
623,5,6,7,8,15,16,17,18,25,26,27,28,36,37
624,5,6,7,8,15,16,17,18,25,26,27,28,36,37
625,5,6,7,8,15,16,17,18,25,26,27,28,36,37
626,5,6,7,8,15,16,17,18,25,26,27,28,36,37
627,5,6,7,8,15,16,17,18,25,26,27,28,36,37
628,5,6,7,8,15,16,17,18,25,26,27,28,36,37
629,5,6,7,8,15,16,17,18,25,26,27,28,36,37
630,5,6,7,8,15,16,17,18,25,26,27,28,36,37
631,5,6,7,8,15,16,17,18,25,26,27,28,36,37
632,5,6,7,8,15,16,17,18,25,26,27,28,36,37
633,5,6,7,8,15,16,17,18,25,26,27,28,36,37
634,5,6,7,8,15,16,17,18,25,26,27,28,36,37
635,4,5,6,7,8,14,15,16,17,18,25,26,27,28
636,4,5,6,7,8,14,15,16,17,18,25,26,27,28
637,4,5,6,7,8,9,14,15,16,17,18,25,26,27,28
638,4,5,6,7,8,9,14,15,16,17,18,25,26,27,28
639,1,2,3,4,5,6,7,8,9,10,14,15,16,17,18,25,26,27,28
640,1,2,3,4,5,6,7,8,9,10,14,15,16,17,18,25,26,27,28
641,1,2,3,4,5,6,7,8,9,10,14,15,16,17,18,25,26,27,28
642,1,2,3,4,5,6,7,8,9,10,14,15,16,17,18,25,26,27,28
643,1,2,3,4,5,6,7,8,9,10,14,15,16,17,18,25,26,27,28
644,1,2,3,4,5,6,7,8,9,10,14,15,16,17,18,25,26,27,28
645,1,2,3,4,5,6,7,8,9,10,14,15,16,17,18,25,26,27,28
646,1,2,3,4,5,6,7,8,9,10,14,15,16,17,18,25,26,27,28
647,1,2,3,4,5,6,7,8,9,10,14,15,16,17,18,25,26,27,28
648,1,2,3,4,5,6,7,8,9,10,14,15,16,17,18,25,26,27,28
649,1,2,3,4,5,6,7,8,9,10,14,15,16,17,18,25,26,27,28
650,1,2,3,4,5,6,7,8,9,10,14,15,16,17,18,25,26,27,28
651,1,2,3,4,5,6,7,8,9,10,14,15,16,17,18,25,26,27,28
652,1,2,3,4,5,6,7,8,9,10,14,15,16,17,18,25,26,27,28
653,1,2,3,4,5,6,7,8,9,10,14,15,16,17,18,25,26,27,28
654,1,2,3,4,5,6,7,8,9,10,14,15,16,17,18,25,26,27,28
655,1,2,3,4,5,6,7,8,9,10,14,15,16,17,18,25,26,27,28
656,1,2,3,4,5,6,7,8,9,10,14,15,16,17,18,25,26,27,28
657,1,2,3,4,5,6,7,8,9,10,14,15,16,17,18,25,26,27,28
658,1,2,3,4,5,6,7,8,9,10,14,15,16,17,18,25,26,27,28
659,1,2,3,4,5,6,7,8,9,10,14,15,16,17,18,25,26,27,28
660,1,2,3,4,5,6,7,8,9,10,14,15,16,17,18,25,26,27,28
661,1,2,3,4,5,6,7,8,9,10,14,15,16,17,18,25,26,27,28
662,1,2,3,4,5,6,7,8,9,10,14,15,16,17,18,25,26,27,28
663,1,2,3,4,5,6,7,8,9,10,14,15,16,17,18,25,26,27,28
664,1,2,3,4,5,6,7,8,9,10,14,15,16,17,18,25,26,27,28
665,4,5,6,7,8,9,15,16,17,18,25,26,27,28
666,4,5,6,7,8,9,15,16,17,18,25,26,27,28
667,5,6,7,8,15,16,17,18,25,26,27,28,36,37
668,5,6,7,8,15,16,17,18,25,26,27,28,36,37
669,5,6,7,8,15,16,17,18,25,26,27,28,36,37
670,5,6,7,8,15,16,17,18,25,26,27,28,36,37
671,5,6,7,8,15,16,17,18,25,26,27,28,36,37
672,5,6,7,8,15,16,17,18,25,26,27,28,36,37
673,5,6,7,8,15,16,17,18,25,26,27,28,36,37
674,5,6,7,8,15,16,17,18,25,26,27,28,36,37
675,5,6,7,8,15,16,17,18,25,26,27,28,36,37
676,5,6,7,8,15,16,17,18,25,26,27,28,36,37
677,6,7,8,15,16,17,18,25,26,27,28,36,37
678,6,7,8,15,16,17,18,25,26,27,28,36,37
679,6,7,15,16,17,18,25,26,27,28,35,36,37
680,6,7,15,16,17,18,25,26,27,28,35,36,37
681,6,7,15,16,17,18,25,26,27,28,35,36,37,38
682,6,7,15,16,17,18,25,26,27,28,35,36,37,38
683,6,7,15,16,17,18,25,26,27,28,35,36,37,38
684,6,7,15,16,17,18,25,26,27,28,35,36,37,38
685,6,7,15,16,17,18,25,26,27,28,35,36,37,38
686,6,7,15,16,17,18,25,26,27,28,35,36,37,38
687,6,7,15,16,17,18,25,26,27,28,36,37,38
688,6,7,15,16,17,18,25,26,27,28,36,37,38
689,6,7,8,15,16,17,18,25,26,27,28,36,37,38
690,6,7,8,15,16,17,18,25,26,27,28,36,37,38
691,7,8,15,16,17,18,25,26,27,28,36,37,38
692,7,8,15,16,17,18,25,26,27,28,36,37,38
693,7,8,16,17,18,26,27,28,36,37,38
694,7,8,16,17,18,26,27,28,36,37,38
695,7,8,16,17,18,26,27,28,36,37,38
696,7,8,16,17,18,26,27,28,36,37,38
697,7,8,16,17,18,26,27,28,36,37,38
698,7,8,16,17,18,26,27,28,36,37,38
699,7,8,16,17,18,26,27,28,29,36,37,38
700,7,8,16,17,18,26,27,28,29,36,37,38
701,7,8,16,17,18,19,26,27,28,29,36,37,38
702,7,8,16,17,18,19,26,27,28,29,36,37,38
703,7,8,16,17,18,19,26,27,28,29,36,37,38
704,7,8,16,17,18,19,26,27,28,29,36,37,38
705,7,8,16,17,18,19,26,27,28,29,36,37,38
706,7,8,16,17,18,19,26,27,28,29,36,37,38
707,7,16,17,18,26,27,28,29,36,37,38
708,7,16,17,18,26,27,28,29,36,37,38
709,16,17,18,26,27,28,29,36,37,38,47,48
710,16,17,18,26,27,28,29,36,37,38,47,48
711,16,17,18,26,27,28,36,37,38,46,47,48
712,16,17,18,26,27,28,36,37,38,46,47,48
713,17,18,26,27,28,36,37,38,46,47,48
714,17,18,26,27,28,36,37,38,46,47,48
715,17,18,25,26,27,28,35,36,37,38,46,47,48
716,17,18,25,26,27,28,35,36,37,38,46,47,48
717,17,25,26,27,28,35,36,37,38,45,46,47,48
718,17,25,26,27,28,35,36,37,38,45,46,47,48
719,17,25,26,27,28,35,36,37,38,45,46,47,48
720,17,25,26,27,28,35,36,37,38,45,46,47,48
721,17,25,26,27,28,35,36,37,38,45,46,47,48
722,17,25,26,27,28,35,36,37,38,45,46,47,48
723,17,25,26,27,28,35,36,37,38,45,46,47,48
724,17,25,26,27,28,35,36,37,38,45,46,47,48
725,17,25,26,27,28,35,36,37,38,45,46,47,48
726,17,25,26,27,28,35,36,37,38,45,46,47,48
727,16,17,25,26,27,28,35,36,37,38,45,46,47,48
728,16,17,25,26,27,28,35,36,37,38,45,46,47,48
729,16,17,25,26,27,28,35,36,37,38,45,46,47,48
730,16,17,25,26,27,28,35,36,37,38,45,46,47,48
731,16,17,25,26,27,28,35,36,37,38,45,46,47,48
732,16,17,25,26,27,28,35,36,37,38,45,46,47,48
733,16,17,25,26,27,28,35,36,37,38,45,46,47,48
734,16,17,25,26,27,28,35,36,37,38,45,46,47,48
735,16,17,25,26,27,28,34,35,36,37,38,44,45,46,47,48
736,16,17,25,26,27,28,34,35,36,37,38,44,45,46,47,48
737,16,25,26,27,28,34,35,36,37,38,44,45,46,47,48
738,16,25,26,27,28,34,35,36,37,38,44,45,46,47,48
739,25,26,27,28,34,35,36,37,38,44,45,46,47,48
740,25,26,27,28,34,35,36,37,38,44,45,46,47,48
741,25,26,27,34,35,36,37,38,44,45,46,47,48
742,25,26,27,34,35,36,37,38,44,45,46,47,48
743,25,26,27,34,35,36,37,38,41,42,43,44,45,46,47,48,49,50
744,25,26,27,34,35,36,37,38,41,42,43,44,45,46,47,48,49,50
745,25,26,27,34,35,36,37,38,41,42,43,44,45,46,47,48,49,50
746,25,26,27,34,35,36,37,38,41,42,43,44,45,46,47,48,49,50
747,25,26,27,34,35,36,37,38,41,42,43,44,45,46,47,48,49,50
748,25,26,27,34,35,36,37,38,41,42,43,44,45,46,47,48,49,50
749,24,25,26,27,34,35,36,37,38,41,42,43,44,45,46,47,48,49,50
750,24,25,26,27,34,35,36,37,38,41,42,43,44,45,46,47,48,49,50
751,24,25,26,27,34,35,36,37,38,41,42,43,44,45,46,47,48,49,50
752,24,25,26,27,34,35,36,37,38,41,42,43,44,45,46,47,48,49,50
753,24,25,26,27,34,35,36,37,38,41,42,43,44,45,46,47,48,49,50
754,24,25,26,27,34,35,36,37,38,41,42,43,44,45,46,47,48,49,50
755,24,25,26,27,34,35,36,37,38,41,42,43,44,45,46,47,48,49,50
756,24,25,26,27,34,35,36,37,38,41,42,43,44,45,46,47,48,49,50
757,25,26,27,34,35,36,37,38,41,42,43,44,45,46,47,48,49,50
758,25,26,27,34,35,36,37,38,41,42,43,44,45,46,47,48,49,50
759,25,26,27,34,35,36,37,38,41,42,43,44,45,46,47,48,49,50
760,25,26,27,34,35,36,37,38,41,42,43,44,45,46,47,48,49,50
761,25,26,27,34,35,36,37,38,41,42,43,44,45,46,47,48,49,50
762,25,26,27,34,35,36,37,38,41,42,43,44,45,46,47,48,49,50
763,25,26,27,34,35,36,37,38,41,42,43,44,45,46,47,48,49,50
764,25,26,27,34,35,36,37,38,41,42,43,44,45,46,47,48,49,50
765,25,26,27,34,35,36,37,38,41,42,43,44,45,46,47,48,49,50
766,25,26,27,34,35,36,37,38,41,42,43,44,45,46,47,48,49,50
767,25,26,27,34,35,36,37,38,41,42,43,44,45,46,47,48,49,50
768,25,26,27,34,35,36,37,38,41,42,43,44,45,46,47,48,49,50
769,25,26,27,34,35,36,37,38,41,42,43,44,45,46,47,48,49,50
770,25,26,27,34,35,36,37,38,41,42,43,44,45,46,47,48,49,50
771,25,26,27,34,35,36,37,38,41,42,43,44,45,46,47,48,49,50
772,25,26,27,34,35,36,37,38,41,42,43,44,45,46,47,48,49,50
773,25,26,27,34,35,36,37,38,41,42,43,44,45,46,47,48,49,50
774,25,26,27,34,35,36,37,38,41,42,43,44,45,46,47,48,49,50
775,16,25,26,27,34,35,36,37,38,44,45,46,47,48
776,16,25,26,27,34,35,36,37,38,44,45,46,47,48
777,16,17,25,26,27,34,35,36,37,38,44,45,46,47,48
778,16,17,25,26,27,34,35,36,37,38,44,45,46,47,48
779,16,17,25,26,27,35,36,37,38,45,46,47
780,16,17,25,26,27,35,36,37,38,45,46,47
781,15,16,17,25,26,27,35,36,37,45,46,47
782,15,16,17,25,26,27,35,36,37,45,46,47
783,15,16,17,25,26,27,35,36,37,45,46,47
784,15,16,17,25,26,27,35,36,37,45,46,47
785,15,16,17,25,26,27,35,36,37,46,47
786,15,16,17,25,26,27,35,36,37,46,47
787,15,16,17,25,26,27,35,36,37
788,15,16,17,25,26,27,35,36,37
789,6,7,15,16,17,25,26,27,28,35,36,37
790,6,7,15,16,17,25,26,27,28,35,36,37
791,6,7,15,16,17,18,25,26,27,28,35,36,37
792,6,7,15,16,17,18,25,26,27,28,35,36,37
793,6,7,15,16,17,18,25,26,27,28,35,36,37
794,6,7,15,16,17,18,25,26,27,28,35,36,37
795,6,7,15,16,17,18,25,26,27,28,35,36,37
796,6,7,15,16,17,18,25,26,27,28,35,36,37
797,6,7,15,16,17,18,25,26,27,28,35,36,37
798,6,7,15,16,17,18,25,26,27,28,35,36,37
799,6,7,15,16,17,18,25,26,27,28,35,36,37
800,6,7,15,16,17,18,25,26,27,28,35,36,37
801,6,7,15,16,17,18,25,26,27,28,35,36,37
802,6,7,15,16,17,18,25,26,27,28,35,36,37
803,6,7,8,15,16,17,18,25,26,27,28,35,36,37
804,6,7,8,15,16,17,18,25,26,27,28,35,36,37
805,6,7,8,15,16,17,18,25,26,27,28,36,37
806,6,7,8,15,16,17,18,25,26,27,28,36,37
807,6,7,8,15,16,17,18,25,26,27,28,36,37
808,6,7,8,15,16,17,18,25,26,27,28,36,37
809,5,6,7,8,15,16,17,18,25,26,27,28,36,37
810,5,6,7,8,15,16,17,18,25,26,27,28,36,37
811,5,6,7,8,15,16,17,18,25,26,27,28,36,37
812,5,6,7,8,15,16,17,18,25,26,27,28,36,37
813,5,6,7,8,15,16,17,18,25,26,27,28,36,37
814,5,6,7,8,15,16,17,18,25,26,27,28,36,37
815,5,6,7,8,15,16,17,18,25,26,27,28,36,37
816,5,6,7,8,15,16,17,18,25,26,27,28,36,37
817,5,6,7,8,15,16,17,18,25,26,27,28,36,37
818,5,6,7,8,15,16,17,18,25,26,27,28,36,37
819,5,6,7,8,15,16,17,18,25,26,27,28,36,37
820,5,6,7,8,15,16,17,18,25,26,27,28,36,37
821,5,6,7,8,15,16,17,18,25,26,27,28,36,37
822,5,6,7,8,15,16,17,18,25,26,27,28,36,37
823,5,6,7,8,15,16,17,18,25,26,27,28,36,37
824,5,6,7,8,15,16,17,18,25,26,27,28,36,37
825,5,6,7,8,15,16,17,18,25,26,27,28,36,37
826,5,6,7,8,15,16,17,18,25,26,27,28,36,37
827,5,6,7,8,15,16,17,18,25,26,27,28,36,37
828,5,6,7,8,15,16,17,18,25,26,27,28,36,37
829,4,5,6,7,8,14,15,16,17,18,25,26,27,28,36
830,4,5,6,7,8,14,15,16,17,18,25,26,27,28,36
831,4,5,6,7,8,14,15,16,17,18,25,26,27,28
832,4,5,6,7,8,14,15,16,17,18,25,26,27,28
833,1,2,3,4,5,6,7,8,9,10,14,15,16,17,18,25,26,27,28
834,1,2,3,4,5,6,7,8,9,10,14,15,16,17,18,25,26,27,28
835,1,2,3,4,5,6,7,8,9,10,14,15,16,17,18,25,26,27,28
836,1,2,3,4,5,6,7,8,9,10,14,15,16,17,18,25,26,27,28
837,1,2,3,4,5,6,7,8,9,10,14,15,16,17,18,25,26,27,28
838,1,2,3,4,5,6,7,8,9,10,14,15,16,17,18,25,26,27,28
839,1,2,3,4,5,6,7,8,9,10,14,15,16,17,18,25,26,27,28
840,1,2,3,4,5,6,7,8,9,10,14,15,16,17,18,25,26,27,28
841,1,2,3,4,5,6,7,8,9,10,14,15,16,17,18,25,26,27,28
842,1,2,3,4,5,6,7,8,9,10,14,15,16,17,18,25,26,27,28
843,1,2,3,4,5,6,7,8,9,10,14,15,16,17,18,25,26,27,28
844,1,2,3,4,5,6,7,8,9,10,14,15,16,17,18,25,26,27,28
845,1,2,3,4,5,6,7,8,9,10,14,15,16,17,18,25,26,27,28
846,1,2,3,4,5,6,7,8,9,10,14,15,16,17,18,25,26,27,28
847,1,2,3,4,5,6,7,8,9,10,14,15,16,17,18,25,26,27,28
848,1,2,3,4,5,6,7,8,9,10,14,15,16,17,18,25,26,27,28
849,1,2,3,4,5,6,7,8,9,10,14,15,16,17,18,25,26,27,28
850,1,2,3,4,5,6,7,8,9,10,14,15,16,17,18,25,26,27,28
851,1,2,3,4,5,6,7,8,9,10,14,15,16,17,18,25,26,27,28
852,1,2,3,4,5,6,7,8,9,10,14,15,16,17,18,25,26,27,28
853,4,5,6,7,8,14,15,16,17,18,25,26,27,28
854,4,5,6,7,8,14,15,16,17,18,25,26,27,28
855,4,5,6,7,8,14,15,16,17,18,25,26,27,28,36
856,4,5,6,7,8,14,15,16,17,18,25,26,27,28,36
857,4,5,6,7,8,14,15,16,17,18,25,26,27,35,36,37
858,4,5,6,7,8,14,15,16,17,18,25,26,27,35,36,37
859,5,6,7,14,15,16,17,24,25,26,27,35,36,37
860,5,6,7,14,15,16,17,24,25,26,27,35,36,37
861,5,6,7,14,15,16,17,24,25,26,27,35,36,37
862,5,6,7,14,15,16,17,24,25,26,27,35,36,37
863,6,7,14,15,16,17,24,25,26,27,35,36,37
864,6,7,14,15,16,17,24,25,26,27,35,36,37
865,6,14,15,16,17,24,25,26,27,35,36,37
866,6,14,15,16,17,24,25,26,27,35,36,37
867,15,16,17,24,25,26,27,34,35,36,37,45,46
868,15,16,17,24,25,26,27,34,35,36,37,45,46
869,15,16,17,24,25,26,27,34,35,36,37,45,46
870,15,16,17,24,25,26,27,34,35,36,37,45,46
871,15,16,17,24,25,26,27,34,35,36,37,45,46,47
872,15,16,17,24,25,26,27,34,35,36,37,45,46,47
873,15,16,17,24,25,26,27,34,35,36,37,44,45,46,47
874,15,16,17,24,25,26,27,34,35,36,37,44,45,46,47
875,15,16,24,25,26,27,34,35,36,37,44,45,46,47
876,15,16,24,25,26,27,34,35,36,37,44,45,46,47
877,15,16,24,25,26,27,34,35,36,37,44,45,46,47
878,15,16,24,25,26,27,34,35,36,37,44,45,46,47
879,15,16,24,25,26,27,34,35,36,37,44,45,46,47
880,15,16,24,25,26,27,34,35,36,37,44,45,46,47
881,16,24,25,26,27,34,35,36,37,44,45,46,47
882,16,24,25,26,27,34,35,36,37,44,45,46,47
883,16,24,25,26,27,34,35,36,37,44,45,46,47
884,16,24,25,26,27,34,35,36,37,44,45,46,47
885,16,24,25,26,27,34,35,36,37,44,45,46,47
886,16,24,25,26,27,34,35,36,37,44,45,46,47
887,16,24,25,26,27,34,35,36,37,44,45,46,47
888,16,24,25,26,27,34,35,36,37,44,45,46,47
889,16,24,25,26,27,34,35,36,37,44,45,46,47
890,16,24,25,26,27,34,35,36,37,44,45,46,47
891,16,24,25,26,27,34,35,36,37,44,45,46,47
892,16,24,25,26,27,34,35,36,37,44,45,46,47
893,16,24,25,26,27,34,35,36,37,44,45,46,47
894,16,24,25,26,27,34,35,36,37,44,45,46,47
895,24,25,26,27,34,35,36,37,44,45,46,47
896,24,25,26,27,34,35,36,37,44,45,46,47
897,24,25,26,27,34,35,36,37,43,44,45,46,47,48
898,24,25,26,27,34,35,36,37,43,44,45,46,47,48
899,24,25,26,27,33,34,35,36,37,41,42,43,44,45,46,47,48,49,50
900,24,25,26,27,33,34,35,36,37,41,42,43,44,45,46,47,48,49,50
901,24,25,26,27,33,34,35,36,37,41,42,43,44,45,46,47,48,49,50
902,24,25,26,27,33,34,35,36,37,41,42,43,44,45,46,47,48,49,50
903,24,25,26,27,33,34,35,36,37,41,42,43,44,45,46,47,48,49,50
904,24,25,26,27,33,34,35,36,37,41,42,43,44,45,46,47,48,49,50
905,24,25,26,27,33,34,35,36,37,41,42,43,44,45,46,47,48,49,50
906,24,25,26,27,33,34,35,36,37,41,42,43,44,45,46,47,48,49,50
907,24,25,26,33,34,35,36,37,41,42,43,44,45,46,47,48,49,50
908,24,25,26,33,34,35,36,37,41,42,43,44,45,46,47,48,49,50
909,24,25,26,33,34,35,36,37,41,42,43,44,45,46,47,48,49,50
910,24,25,26,33,34,35,36,37,41,42,43,44,45,46,47,48,49,50
911,23,24,25,26,33,34,35,36,37,41,42,43,44,45,46,47,48,49,50
912,23,24,25,26,33,34,35,36,37,41,42,43,44,45,46,47,48,49,50
913,23,24,25,26,33,34,35,36,37,41,42,43,44,45,46,47,48,49,50
914,23,24,25,26,33,34,35,36,37,41,42,43,44,45,46,47,48,49,50
915,23,24,25,26,33,34,35,36,37,41,42,43,44,45,46,47,48,49,50
916,23,24,25,26,33,34,35,36,37,41,42,43,44,45,46,47,48,49,50
917,23,24,25,26,33,34,35,36,37,41,42,43,44,45,46,47,48,49,50
918,23,24,25,26,33,34,35,36,37,41,42,43,44,45,46,47,48,49,50
919,23,24,25,26,33,34,35,36,37,41,42,43,44,45,46,47,48,49,50
920,23,24,25,26,33,34,35,36,37,41,42,43,44,45,46,47,48,49,50
921,23,24,25,26,33,34,35,36,37,41,42,43,44,45,46,47,48,49,50
922,23,24,25,26,33,34,35,36,37,41,42,43,44,45,46,47,48,49,50
923,23,24,25,26,33,34,35,36,37,41,42,43,44,45,46,47,48,49,50
924,23,24,25,26,33,34,35,36,37,41,42,43,44,45,46,47,48,49,50
925,23,24,25,26,33,34,35,36,37,41,42,43,44,45,46,47,48,49,50
926,23,24,25,26,33,34,35,36,37,41,42,43,44,45,46,47,48,49,50
927,23,24,25,26,33,34,35,36,37,41,42,43,44,45,46,47,48,49,50
928,23,24,25,26,33,34,35,36,37,41,42,43,44,45,46,47,48,49,50
929,23,24,25,26,33,34,35,36,37,41,42,43,44,45,46,47,48,49,50
930,23,24,25,26,33,34,35,36,37,41,42,43,44,45,46,47,48,49,50
931,24,25,26,33,34,35,36,37,41,42,43,44,45,46,47,48,49,50
932,24,25,26,33,34,35,36,37,41,42,43,44,45,46,47,48,49,50
933,24,25,26,33,34,35,36,37,41,42,43,44,45,46,47,48,49,50
934,24,25,26,33,34,35,36,37,41,42,43,44,45,46,47,48,49,50
935,24,25,26,33,34,35,36,37,41,42,43,44,45,46,47,48,49,50
936,24,25,26,33,34,35,36,37,41,42,43,44,45,46,47,48,49,50
937,24,25,26,33,34,35,36,37,41,42,43,44,45,46,47,48,49,50
938,24,25,26,33,34,35,36,37,41,42,43,44,45,46,47,48,49,50
939,24,25,26,33,34,35,36,37,41,42,43,44,45,46,47,48,49,50
940,24,25,26,33,34,35,36,37,41,42,43,44,45,46,47,48,49,50
941,24,25,26,27,33,34,35,36,37,41,42,43,44,45,46,47,48,49,50
942,24,25,26,27,33,34,35,36,37,41,42,43,44,45,46,47,48,49,50
943,24,25,26,27,33,34,35,36,37,41,42,43,44,45,46,47,48,49,50
944,24,25,26,27,33,34,35,36,37,41,42,43,44,45,46,47,48,49,50
945,24,25,26,27,33,34,35,36,37,41,42,43,44,45,46,47,48,49,50
946,24,25,26,27,33,34,35,36,37,41,42,43,44,45,46,47,48,49,50
947,24,25,26,27,33,34,35,36,37,41,42,43,44,45,46,47,48,49,50
948,24,25,26,27,33,34,35,36,37,41,42,43,44,45,46,47,48,49,50
949,24,25,26,27,33,34,35,36,37,41,42,43,44,45,46,47,48,49,50
950,24,25,26,27,33,34,35,36,37,41,42,43,44,45,46,47,48,49,50
951,24,25,26,27,33,34,35,36,37,38,41,42,43,44,45,46,47,48,49,50
952,24,25,26,27,33,34,35,36,37,38,41,42,43,44,45,46,47,48,49,50
953,24,25,26,27,33,34,35,36,37,38,41,42,43,44,45,46,47,48,49,50
954,24,25,26,27,33,34,35,36,37,38,41,42,43,44,45,46,47,48,49,50
955,24,25,26,27,33,34,35,36,37,38,41,42,43,44,45,46,47,48,49,50
956,24,25,26,27,33,34,35,36,37,38,41,42,43,44,45,46,47,48,49,50
957,24,25,26,27,34,35,36,37,38,41,42,43,44,45,46,47,48,49,50
958,24,25,26,27,34,35,36,37,38,41,42,43,44,45,46,47,48,49,50
959,24,25,26,27,34,35,36,37,38,41,42,43,44,45,46,47,48,49,50
960,24,25,26,27,34,35,36,37,38,41,42,43,44,45,46,47,48,49,50
961,24,25,26,27,34,35,36,37,38,41,42,43,44,45,46,47,48,49,50
962,24,25,26,27,34,35,36,37,38,41,42,43,44,45,46,47,48,49,50
963,24,25,26,27,34,35,36,37,38,41,42,43,44,45,46,47,48,49,50
964,24,25,26,27,34,35,36,37,38,41,42,43,44,45,46,47,48,49,50
965,24,25,26,27,34,35,36,37,38,41,42,43,44,45,46,47,48,49,50
966,24,25,26,27,34,35,36,37,38,41,42,43,44,45,46,47,48,49,50
967,24,25,26,27,34,35,36,37,38,41,42,43,44,45,46,47,48,49,50
968,24,25,26,27,34,35,36,37,38,41,42,43,44,45,46,47,48,49,50
969,24,25,26,27,34,35,36,37,38,41,42,43,44,45,46,47,48,49,50
970,24,25,26,27,34,35,36,37,38,41,42,43,44,45,46,47,48,49,50
971,24,25,26,27,34,35,36,37,38,41,42,43,44,45,46,47,48,49,50
972,24,25,26,27,34,35,36,37,38,41,42,43,44,45,46,47,48,49,50
973,24,25,26,27,34,35,36,37,38,41,42,43,44,45,46,47,48,49,50
974,24,25,26,27,34,35,36,37,38,41,42,43,44,45,46,47,48,49,50
975,25,26,27,34,35,36,37,38,41,42,43,44,45,46,47,48,49,50
976,25,26,27,34,35,36,37,38,41,42,43,44,45,46,47,48,49,50
977,25,26,27,34,35,36,37,38,41,42,43,44,45,46,47,48,49,50
978,25,26,27,34,35,36,37,38,41,42,43,44,45,46,47,48,49,50
979,25,26,27,34,35,36,37,38,41,42,43,44,45,46,47,48,49,50
980,25,26,27,34,35,36,37,38,41,42,43,44,45,46,47,48,49,50
981,25,26,27,34,35,36,37,38,41,42,43,44,45,46,47,48,49,50
982,25,26,27,34,35,36,37,38,41,42,43,44,45,46,47,48,49,50
983,25,26,27,34,35,36,37,38,41,42,43,44,45,46,47,48,49,50
984,25,26,27,34,35,36,37,38,41,42,43,44,45,46,47,48,49,50
985,25,26,27,34,35,36,37,38,41,42,43,44,45,46,47,48,49,50
986,25,26,27,34,35,36,37,38,41,42,43,44,45,46,47,48,49,50
987,25,26,27,34,35,36,37,38,41,42,43,44,45,46,47,48,49,50
988,25,26,27,34,35,36,37,38,41,42,43,44,45,46,47,48,49,50
989,25,26,27,34,35,36,37,38,41,42,43,44,45,46,47,48,49,50
990,25,26,27,34,35,36,37,38,41,42,43,44,45,46,47,48,49,50
991,25,26,27,28,34,35,36,37,38,41,42,43,44,45,46,47,48,49,50
992,25,26,27,28,34,35,36,37,38,41,42,43,44,45,46,47,48,49,50
993,25,26,27,28,34,35,36,37,38,41,42,43,44,45,46,47,48,49,50
994,25,26,27,28,34,35,36,37,38,41,42,43,44,45,46,47,48,49,50
995,25,26,27,28,34,35,36,37,38,41,42,43,44,45,46,47,48,49,50
996,25,26,27,28,34,35,36,37,38,41,42,43,44,45,46,47,48,49,50
997,25,26,27,28,34,35,36,37,38,41,42,43,44,45,46,47,48,49,50
998,25,26,27,28,34,35,36,37,38,41,42,43,44,45,46,47,48,49,50
999,25,26,27,28,34,35,36,37,38,41,42,43,44,45,46,47,48,49,50
1000,25,26,27,28,34,35,36,37,38,41,42,43,44,45,46,47,48,49,50
1001,25,26,27,28,34,35,36,37,38,41,42,43,44,45,46,47,48,49,50
1002,25,26,27,28,34,35,36,37,38,41,42,43,44,45,46,47,48,49,50
1003,25,26,27,28,34,35,36,37,38,41,42,43,44,45,46,47,48,49,50
1004,25,26,27,28,34,35,36,37,38,41,42,43,44,45,46,47,48,49,50
1005,25,26,27,28,34,35,36,37,38,41,42,43,44,45,46,47,48,49,50
1006,25,26,27,28,34,35,36,37,38,41,42,43,44,45,46,47,48,49,50
1007,25,26,27,28,34,35,36,37,38,41,42,43,44,45,46,47,48,49,50
1008,25,26,27,28,34,35,36,37,38,41,42,43,44,45,46,47,48,49,50
1009,25,26,27,28,34,35,36,37,38,41,42,43,44,45,46,47,48,49,50
1010,25,26,27,28,34,35,36,37,38,41,42,43,44,45,46,47,48,49,50
1011,25,26,27,28,34,35,36,37,38,41,42,43,44,45,46,47,48,49,50
1012,25,26,27,28,34,35,36,37,38,41,42,43,44,45,46,47,48,49,50
1013,25,26,27,28,34,35,36,37,38,41,42,43,44,45,46,47,48,49,50
1014,25,26,27,28,34,35,36,37,38,41,42,43,44,45,46,47,48,49,50
1015,25,26,27,28,34,35,36,37,38,41,42,43,44,45,46,47,48,49,50
1016,25,26,27,28,34,35,36,37,38,41,42,43,44,45,46,47,48,49,50
1017,25,26,27,28,34,35,36,37,38,41,42,43,44,45,46,47,48,49,50
1018,25,26,27,28,34,35,36,37,38,41,42,43,44,45,46,47,48,49,50
1019,25,26,27,28,34,35,36,37,38,41,42,43,44,45,46,47,48,49,50
1020,25,26,27,28,34,35,36,37,38,41,42,43,44,45,46,47,48,49,50
1021,25,26,27,28,34,35,36,37,38,41,42,43,44,45,46,47,48,49,50
1022,25,26,27,28,34,35,36,37,38,41,42,43,44,45,46,47,48,49,50
1023,25,26,27,28,34,35,36,37,38,41,42,43,44,45,46,47,48,49,50
1024,25,26,27,28,34,35,36,37,38,41,42,43,44,45,46,47,48,49,50
1025,25,26,27,28,34,35,36,37,38,41,42,43,44,45,46,47,48,49,50
1026,25,26,27,28,34,35,36,37,38,41,42,43,44,45,46,47,48,49,50
1027,25,26,27,28,34,35,36,37,38,41,42,43,44,45,46,47,48,49,50
1028,25,26,27,28,34,35,36,37,38,41,42,43,44,45,46,47,48,49,50
1029,25,26,27,28,34,35,36,37,38,41,42,43,44,45,46,47,48,49,50
1030,25,26,27,28,34,35,36,37,38,41,42,43,44,45,46,47,48,49,50
1031,25,26,27,28,34,35,36,37,38,41,42,43,44,45,46,47,48,49,50
1032,25,26,27,28,34,35,36,37,38,41,42,43,44,45,46,47,48,49,50
1033,25,26,27,28,34,35,36,37,38,41,42,43,44,45,46,47,48,49,50
1034,25,26,27,28,34,35,36,37,38,41,42,43,44,45,46,47,48,49,50
1035,25,26,27,28,34,35,36,37,38,41,42,43,44,45,46,47,48,49,50
1036,25,26,27,28,34,35,36,37,38,41,42,43,44,45,46,47,48,49,50
1037,25,26,27,28,34,35,36,37,38,41,42,43,44,45,46,47,48,49,50
1038,25,26,27,28,34,35,36,37,38,41,42,43,44,45,46,47,48,49,50
1039,25,26,27,28,34,35,36,37,38,41,42,43,44,45,46,47,48,49,50
1040,25,26,27,28,34,35,36,37,38,41,42,43,44,45,46,47,48,49,50
1041,25,26,27,28,34,35,36,37,38,41,42,43,44,45,46,47,48,49,50
1042,25,26,27,28,34,35,36,37,38,41,42,43,44,45,46,47,48,49,50
1043,25,26,27,28,34,35,36,37,38,41,42,43,44,45,46,47,48,49,50
1044,25,26,27,28,34,35,36,37,38,41,42,43,44,45,46,47,48,49,50
1045,25,26,27,28,34,35,36,37,38,39,41,42,43,44,45,46,47,48,49,50
1046,25,26,27,28,34,35,36,37,38,39,41,42,43,44,45,46,47,48,49,50
1047,25,26,27,28,34,35,36,37,38,39,41,42,43,44,45,46,47,48,49,50
1048,25,26,27,28,34,35,36,37,38,39,41,42,43,44,45,46,47,48,49,50
1049,25,26,27,28,34,35,36,37,38,39,41,42,43,44,45,46,47,48,49,50
1050,25,26,27,28,34,35,36,37,38,39,41,42,43,44,45,46,47,48,49,50
1051,25,26,27,28,34,35,36,37,38,39,41,42,43,44,45,46,47,48,49,50
1052,25,26,27,28,34,35,36,37,38,39,41,42,43,44,45,46,47,48,49,50
1053,25,26,27,28,35,36,37,38,39,41,42,43,44,45,46,47,48,49,50
1054,25,26,27,28,35,36,37,38,39,41,42,43,44,45,46,47,48,49,50
1055,25,26,27,28,35,36,37,38,39,41,42,43,44,45,46,47,48,49,50
1056,25,26,27,28,35,36,37,38,39,41,42,43,44,45,46,47,48,49,50
1057,25,26,27,28,35,36,37,38,39,41,42,43,44,45,46,47,48,49,50
1058,25,26,27,28,35,36,37,38,39,41,42,43,44,45,46,47,48,49,50
1059,25,26,27,28,35,36,37,38,39,41,42,43,44,45,46,47,48,49,50
1060,25,26,27,28,35,36,37,38,39,41,42,43,44,45,46,47,48,49,50
1061,25,26,27,28,35,36,37,38,39,41,42,43,44,45,46,47,48,49,50
1062,25,26,27,28,35,36,37,38,39,41,42,43,44,45,46,47,48,49,50
1063,26,27,28,35,36,37,38,39,41,42,43,44,45,46,47,48,49,50
1064,26,27,28,35,36,37,38,39,41,42,43,44,45,46,47,48,49,50
1065,26,27,28,35,36,37,38,39,41,42,43,44,45,46,47,48,49,50
1066,26,27,28,35,36,37,38,39,41,42,43,44,45,46,47,48,49,50
1067,26,27,28,35,36,37,38,39,41,42,43,44,45,46,47,48,49,50
1068,26,27,28,35,36,37,38,39,41,42,43,44,45,46,47,48,49,50
1069,26,27,28,35,36,37,38,39,41,42,43,44,45,46,47,48,49,50
1070,26,27,28,35,36,37,38,39,41,42,43,44,45,46,47,48,49,50
1071,26,27,28,35,36,37,38,39,41,42,43,44,45,46,47,48,49,50
1072,26,27,28,35,36,37,38,39,41,42,43,44,45,46,47,48,49,50
1073,26,27,28,29,35,36,37,38,39,41,42,43,44,45,46,47,48,49,50
1074,26,27,28,29,35,36,37,38,39,41,42,43,44,45,46,47,48,49,50
1075,26,27,28,29,35,36,37,38,39,41,42,43,44,45,46,47,48,49,50
1076,26,27,28,29,35,36,37,38,39,41,42,43,44,45,46,47,48,49,50
1077,26,27,28,29,35,36,37,38,39,41,42,43,44,45,46,47,48,49,50
1078,26,27,28,29,35,36,37,38,39,41,42,43,44,45,46,47,48,49,50
1079,26,27,28,29,35,36,37,38,39,41,42,43,44,45,46,47,48,49,50
1080,26,27,28,29,35,36,37,38,39,41,42,43,44,45,46,47,48,49,50
1081,26,27,28,29,36,37,38,39,40,41,42,43,44,45,46,47,48,49,50
1082,26,27,28,29,36,37,38,39,40,41,42,43,44,45,46,47,48,49,50
1083,26,27,28,29,36,37,38,39,40,41,42,43,44,45,46,47,48,49,50
1084,26,27,28,29,36,37,38,39,40,41,42,43,44,45,46,47,48,49,50
1085,26,27,28,29,36,37,38,39,40,41,42,43,44,45,46,47,48,49,50
1086,26,27,28,29,36,37,38,39,40,41,42,43,44,45,46,47,48,49,50
1087,26,27,28,29,36,37,38,39,40,41,42,43,44,45,46,47,48,49,50
1088,26,27,28,29,36,37,38,39,40,41,42,43,44,45,46,47,48,49,50
1089,26,27,28,29,36,37,38,39,40,41,42,43,44,45,46,47,48,49,50
1090,26,27,28,29,36,37,38,39,40,41,42,43,44,45,46,47,48,49,50
1091,27,28,29,36,37,38,39,40,46,47,48,49,50
1092,27,28,29,36,37,38,39,40,46,47,48,49,50
1093,27,28,29,36,37,38,39,40,46,47,48,49,50
1094,27,28,29,36,37,38,39,40,46,47,48,49,50
1095,27,28,29,30,36,37,38,39,40,41,46,47,48,49,50
1096,27,28,29,30,36,37,38,39,40,41,46,47,48,49,50
1097,27,28,29,36,37,38,39,40,41,42,43,44,45,46,47,48,49,50
1098,27,28,29,36,37,38,39,40,41,42,43,44,45,46,47,48,49,50
1099,27,28,29,36,37,38,39,40,41,42,43,44,45,46,47,48,49,50
1100,27,28,29,36,37,38,39,40,41,42,43,44,45,46,47,48,49,50
1101,27,28,29,36,37,38,39,40,41,43,45,46,47,48,49,50
1102,27,28,29,36,37,38,39,40,41,43,45,46,47,48,49,50
1103,27,28,29,36,37,38,39,40,46,47,48,49,50
1104,27,28,29,36,37,38,39,40,46,47,48,49,50
1105,27,28,29,36,37,38,39,40,46,47,48,49,50
1106,27,28,29,36,37,38,39,40,46,47,48,49,50
1107,27,28,29,36,37,38,39,40,46,47,48,49,50
1108,27,28,29,36,37,38,39,40,46,47,48,49,50
1109,27,28,29,36,37,38,39,40,46,47,48,49,50
1110,27,28,29,36,37,38,39,40,46,47,48,49,50
1111,27,28,29,30,36,37,38,39,40,46,47,48,49,50
1112,27,28,29,30,36,37,38,39,40,46,47,48,49,50
1113,18,27,28,29,30,36,37,38,39,40,46,47,48,49,50
1114,18,27,28,29,30,36,37,38,39,40,46,47,48,49,50
1115,18,19,27,28,29,30,36,37,38,39,40,46,47,48,49,50
1116,18,19,27,28,29,30,36,37,38,39,40,46,47,48,49,50
1117,18,19,27,28,29,30,37,38,39,40,47,48,49,50
1118,18,19,27,28,29,30,37,38,39,40,47,48,49,50
1119,18,19,27,28,29,30,37,38,39,40,47,48,49,50
1120,18,19,27,28,29,30,37,38,39,40,47,48,49,50
1121,18,19,27,28,29,30,37,38,39,40,47,48,49,50
1122,18,19,27,28,29,30,37,38,39,40,47,48,49,50
1123,18,19,27,28,29,30,37,38,39,40,47,48,49,50
1124,18,19,27,28,29,30,37,38,39,40,47,48,49,50
1125,17,18,19,27,28,29,30,37,38,39,40,47,48,49,50
1126,17,18,19,27,28,29,30,37,38,39,40,47,48,49,50
1127,17,18,19,20,27,28,29,30,37,38,39,40,47,48,49,50
1128,17,18,19,20,27,28,29,30,37,38,39,40,47,48,49,50
1129,18,19,20,27,28,29,30,37,38,39,40,48,49
1130,18,19,20,27,28,29,30,37,38,39,40,48,49
1131,18,19,20,27,28,29,30,37,38,39,40,48,49
1132,18,19,20,27,28,29,30,37,38,39,40,48,49
1133,18,19,20,27,28,29,30,37,38,39,40,48,49,50
1134,18,19,20,27,28,29,30,37,38,39,40,48,49,50
1135,18,19,20,27,28,29,30,37,38,39,40,48,49,50
1136,18,19,20,27,28,29,30,37,38,39,40,48,49,50
1137,18,19,20,27,28,29,30,37,38,39,40,48,49,50
1138,18,19,20,27,28,29,30,37,38,39,40,48,49,50
1139,18,19,20,28,29,30,38,39,40,48,49,50
1140,18,19,20,28,29,30,38,39,40,48,49,50
1141,18,19,20,28,29,30,38,39,40,48,49,50
1142,18,19,20,28,29,30,38,39,40,48,49,50
1143,18,19,20,21,28,29,30,38,39,40,49,50
1144,18,19,20,21,28,29,30,38,39,40,49,50
1145,18,19,20,21,28,29,30,31,38,39,40,49,50
1146,18,19,20,21,28,29,30,31,38,39,40,49,50
1147,18,19,20,21,28,29,30,31,38,39,40,49,50
1148,18,19,20,21,28,29,30,31,38,39,40,49,50
1149,18,19,20,21,28,29,30,31,38,39,40,49,50
1150,18,19,20,21,28,29,30,31,38,39,40,49,50
1151,18,19,20,21,28,29,30,31,38,39,40,49,50
1152,18,19,20,21,28,29,30,31,38,39,40,49,50
1153,18,19,20,21,28,29,30,31,38,39,40,48,49,50
1154,18,19,20,21,28,29,30,31,38,39,40,48,49,50
1155,18,19,20,21,28,29,30,31,38,39,40,48,49,50
1156,18,19,20,21,28,29,30,31,38,39,40,48,49,50
1157,18,19,20,21,28,29,30,31,38,39,40,48,49,50
1158,18,19,20,21,28,29,30,31,38,39,40,48,49,50
1159,18,19,20,21,28,29,30,31,38,39,40,48,49,50
1160,18,19,20,21,28,29,30,31,38,39,40,48,49,50
1161,18,19,20,21,28,29,30,31,38,39,40,48,49,50
1162,18,19,20,21,28,29,30,31,38,39,40,48,49,50
1163,18,19,20,21,28,29,30,31,38,39,40,48,49,50
1164,18,19,20,21,28,29,30,31,38,39,40,48,49,50
1165,18,19,20,28,29,30,38,39,40,48,49,50
1166,18,19,20,28,29,30,38,39,40,48,49,50
1167,18,19,20,27,28,29,30,37,38,39,40,48,49,50
1168,18,19,20,27,28,29,30,37,38,39,40,48,49,50
1169,18,19,27,28,29,30,37,38,39,40,47,48,49,50
1170,18,19,27,28,29,30,37,38,39,40,47,48,49,50
1171,18,19,27,28,29,30,37,38,39,40,47,48,49,50
1172,18,19,27,28,29,30,37,38,39,40,47,48,49,50
1173,18,19,27,28,29,30,37,38,39,40,47,48,49,50
1174,18,19,27,28,29,30,37,38,39,40,47,48,49,50
1175,18,19,27,28,29,30,37,38,39,40,47,48,49,50
1176,18,19,27,28,29,30,37,38,39,40,47,48,49,50
1177,18,19,27,28,29,30,37,38,39,40,47,48,49,50
1178,18,19,27,28,29,30,37,38,39,40,47,48,49,50
1179,18,27,28,29,30,36,37,38,39,40,46,47,48,49,50
1180,18,27,28,29,30,36,37,38,39,40,46,47,48,49,50
1181,27,28,29,30,36,37,38,39,40,46,47,48,49,50
1182,27,28,29,30,36,37,38,39,40,46,47,48,49,50
1183,27,28,29,30,36,37,38,39,40,46,47,48,49,50
1184,27,28,29,30,36,37,38,39,40,46,47,48,49,50
1185,27,28,29,30,36,37,38,39,40,46,47,48,49,50
1186,27,28,29,30,36,37,38,39,40,46,47,48,49,50
1187,27,28,29,30,36,37,38,39,40,46,47,48,49,50
1188,27,28,29,30,36,37,38,39,40,46,47,48,49,50
1189,27,28,29,30,36,37,38,39,40,46,47,48,49,50
1190,27,28,29,30,36,37,38,39,40,46,47,48,49,50
1191,27,28,29,30,37,38,39,40,46,47,48,49,50
1192,27,28,29,30,37,38,39,40,46,47,48,49,50
1193,27,28,29,30,37,38,39,40,46,47,48,49,50
1194,27,28,29,30,37,38,39,40,46,47,48,49,50
1195,27,28,29,30,37,38,39,40,46,47,48,49,50
1196,27,28,29,30,37,38,39,40,46,47,48,49,50
1197,27,28,29,30,37,38,39,40,46,47,48,49,50
1198,27,28,29,30,37,38,39,40,46,47,48,49,50
1199,27,28,29,30,37,38,39,40,47,48,49,50
1200,27,28,29,30,37,38,39,40,47,48,49,50
1201,27,28,29,30,37,38,39,40,46,47,48,49,50
1202,27,28,29,30,37,38,39,40,46,47,48,49,50
1203,27,28,29,30,37,38,39,40,46,47,48,49,50
1204,27,28,29,30,37,38,39,40,46,47,48,49,50
1205,27,28,29,30,37,38,39,40,46,47,48,49,50
1206,27,28,29,30,37,38,39,40,46,47,48,49,50
1207,27,28,29,30,37,38,39,40,46,47,48,49,50
1208,27,28,29,30,37,38,39,40,46,47,48,49,50
1209,27,28,29,30,37,38,39,40,46,47,48,49,50
1210,27,28,29,30,37,38,39,40,46,47,48,49,50
1211,27,28,29,30,37,38,39,40,46,47,48,49,50
1212,27,28,29,30,37,38,39,40,46,47,48,49,50
1213,27,28,29,30,37,38,39,40,46,47,48,49,50
1214,27,28,29,30,37,38,39,40,46,47,48,49,50
1215,27,28,29,30,37,38,39,40,47,48,49,50
1216,27,28,29,30,37,38,39,40,47,48,49,50
1217,27,28,29,30,37,38,39,40,47,48,49,50
1218,27,28,29,30,37,38,39,40,47,48,49,50
1219,27,28,29,30,37,38,39,40,47,48,49,50
1220,27,28,29,30,37,38,39,40,47,48,49,50
1221,27,28,29,30,37,38,39,40,47,48,49,50
1222,27,28,29,30,37,38,39,40,47,48,49,50
1223,27,28,29,30,37,38,39,40,47,48,49,50
1224,27,28,29,30,37,38,39,40,47,48,49,50
1225,27,28,29,30,37,38,39,40,47,48,49,50
1226,27,28,29,30,37,38,39,40,47,48,49,50
1227,19,27,28,29,30,37,38,39,40,47,48,49,50
1228,19,27,28,29,30,37,38,39,40,47,48,49,50
1229,19,27,28,29,30,37,38,39,40,47,48,49,50
1230,19,27,28,29,30,37,38,39,40,47,48,49,50
1231,18,19,27,28,29,30,37,38,39,40,47,48,49,50
1232,18,19,27,28,29,30,37,38,39,40,47,48,49,50
1233,18,19,27,28,29,30,37,38,39,40,47,48,49,50
1234,18,19,27,28,29,30,37,38,39,40,47,48,49,50
1235,18,19,27,28,29,30,37,38,39,40,47,48,49,50
1236,18,19,27,28,29,30,37,38,39,40,47,48,49,50
1237,18,19,27,28,29,30,37,38,39,40,47,48,49,50
1238,18,19,27,28,29,30,37,38,39,40,47,48,49,50
1239,18,19,27,28,29,30,37,38,39,40,47,48,49,50
1240,18,19,27,28,29,30,37,38,39,40,47,48,49,50
1241,18,19,27,28,29,30,37,38,39,40,47,48,49,50
1242,18,19,27,28,29,30,37,38,39,40,47,48,49,50
1243,18,19,27,28,29,30,37,38,39,40,47,48,49
1244,18,19,27,28,29,30,37,38,39,40,47,48,49
1245,18,19,27,28,29,30,37,38,39,40,47,48,49
1246,18,19,27,28,29,30,37,38,39,40,47,48,49
1247,18,19,27,28,29,36,37,38,39,47,48,49
1248,18,19,27,28,29,36,37,38,39,47,48,49
1249,17,18,19,26,27,28,29,36,37,38,39,47,48,49
1250,17,18,19,26,27,28,29,36,37,38,39,47,48,49
1251,17,18,19,26,27,28,29,36,37,38,39,47,48,49
1252,17,18,19,26,27,28,29,36,37,38,39,47,48,49
1253,17,18,19,26,27,28,29,36,37,38,39,47,48,49
1254,17,18,19,26,27,28,29,36,37,38,39,47,48,49
1255,17,18,19,26,27,28,29,36,37,38,39,46,47,48,49
1256,17,18,19,26,27,28,29,36,37,38,39,46,47,48,49
1257,16,17,18,26,27,28,29,36,37,38,39,46,47,48
1258,16,17,18,26,27,28,29,36,37,38,39,46,47,48
1259,16,17,18,26,27,28,29,36,37,38,39,46,47,48
1260,16,17,18,26,27,28,29,36,37,38,39,46,47,48
1261,16,17,18,26,27,28,29,36,37,38,39,46,47,48
1262,16,17,18,26,27,28,29,36,37,38,39,46,47,48
1263,16,17,18,26,27,28,29,36,37,38,39,46,47,48
1264,16,17,18,26,27,28,29,36,37,38,39,46,47,48
1265,16,17,18,26,27,28,29,36,37,38,39,46,47,48
1266,16,17,18,26,27,28,29,36,37,38,39,46,47,48
1267,16,17,18,26,27,28,29,36,37,38,46,47,48
1268,16,17,18,26,27,28,29,36,37,38,46,47,48
1269,16,17,18,26,27,28,36,37,38,46,47,48
1270,16,17,18,26,27,28,36,37,38,46,47,48
1271,16,17,18,26,27,28,36,37,38,46,47,48
1272,16,17,18,26,27,28,36,37,38,46,47,48
1273,16,17,18,26,27,28,36,37,38,46,47,48
1274,16,17,18,26,27,28,36,37,38,46,47,48
1275,16,17,18,26,27,28,36,37,38,47
1276,16,17,18,26,27,28,36,37,38,47
1277,16,17,18,25,26,27,28,36,37,38
1278,16,17,18,25,26,27,28,36,37,38
1279,7,15,16,17,18,25,26,27,28,36,37,38
1280,7,15,16,17,18,25,26,27,28,36,37,38
1281,7,15,16,17,18,25,26,27,28,36,37,38
1282,7,15,16,17,18,25,26,27,28,36,37,38
1283,6,7,15,16,17,18,25,26,27,28,36,37,38
1284,6,7,15,16,17,18,25,26,27,28,36,37,38
1285,6,7,8,15,16,17,18,25,26,27,28,36,37,38
1286,6,7,8,15,16,17,18,25,26,27,28,36,37,38
1287,6,7,8,15,16,17,18,25,26,27,28,36,37,38
1288,6,7,8,15,16,17,18,25,26,27,28,36,37,38
1289,6,7,8,15,16,17,18,25,26,27,28,36,37
1290,6,7,8,15,16,17,18,25,26,27,28,36,37
1291,5,6,7,8,15,16,17,18,25,26,27,28,36,37
1292,5,6,7,8,15,16,17,18,25,26,27,28,36,37
1293,5,6,7,8,15,16,17,18,25,26,27,28,36,37
1294,5,6,7,8,15,16,17,18,25,26,27,28,36,37
1295,5,6,7,8,15,16,17,18,25,26,27,28,36,37
1296,5,6,7,8,15,16,17,18,25,26,27,28,36,37
1297,5,6,7,8,15,16,17,18,25,26,27,28,36,37
1298,5,6,7,8,15,16,17,18,25,26,27,28,36,37
1299,5,6,7,8,15,16,17,18,25,26,27,28,36,37
1300,5,6,7,8,15,16,17,18,25,26,27,28,36,37
1301,5,6,7,8,15,16,17,18,25,26,27,28,36,37
1302,5,6,7,8,15,16,17,18,25,26,27,28,36,37
1303,5,6,7,8,15,16,17,18,25,26,27,28,36,37
1304,5,6,7,8,15,16,17,18,25,26,27,28,36,37
1305,5,6,7,8,15,16,17,18,25,26,27,28,36,37
1306,5,6,7,8,15,16,17,18,25,26,27,28,36,37
1307,5,6,7,8,15,16,17,18,25,26,27,28,35,36,37
1308,5,6,7,8,15,16,17,18,25,26,27,28,35,36,37
1309,5,6,7,8,15,16,17,18,25,26,27,28,35,36,37
1310,5,6,7,8,15,16,17,18,25,26,27,28,35,36,37
1311,5,6,7,8,15,16,17,18,25,26,27,28,35,36,37
1312,5,6,7,8,15,16,17,18,25,26,27,28,35,36,37
1313,5,6,7,8,15,16,17,18,25,26,27,28,35,36,37
1314,5,6,7,8,15,16,17,18,25,26,27,28,35,36,37
1315,5,6,7,8,15,16,17,18,25,26,27,28,35,36,37
1316,5,6,7,8,15,16,17,18,25,26,27,28,35,36,37
1317,5,6,7,8,15,16,17,18,25,26,27,28,35,36,37
1318,5,6,7,8,15,16,17,18,25,26,27,28,35,36,37
1319,5,6,7,8,15,16,17,18,25,26,27,28,35,36,37
1320,5,6,7,8,15,16,17,18,25,26,27,28,35,36,37
1321,5,6,7,15,16,17,18,25,26,27,28,35,36,37
1322,5,6,7,15,16,17,18,25,26,27,28,35,36,37
1323,5,6,7,15,16,17,18,25,26,27,28,35,36,37
1324,5,6,7,15,16,17,18,25,26,27,28,35,36,37
1325,5,6,7,15,16,17,18,25,26,27,28,35,36,37
1326,5,6,7,15,16,17,18,25,26,27,28,35,36,37
1327,5,6,7,15,16,17,18,25,26,27,28,35,36,37
1328,5,6,7,15,16,17,18,25,26,27,28,35,36,37
1329,5,6,7,15,16,17,25,26,27,35,36,37
1330,5,6,7,15,16,17,25,26,27,35,36,37
1331,5,6,7,15,16,17,25,26,27,35,36,37
1332,5,6,7,15,16,17,25,26,27,35,36,37
1333,5,6,7,15,16,17,25,26,27,35,36,37
1334,5,6,7,15,16,17,25,26,27,35,36,37
1335,5,6,7,15,16,17,25,26,27,35,36,37
1336,5,6,7,15,16,17,25,26,27,35,36,37
1337,6,7,15,16,17,25,26,27,35,36,37
1338,6,7,15,16,17,25,26,27,35,36,37
1339,6,7,15,16,17,25,26,27,35,36,37
1340,6,7,15,16,17,25,26,27,35,36,37
1341,6,15,16,17,25,26,27,35,36,37
1342,6,15,16,17,25,26,27,35,36,37
1343,15,16,17,25,26,27,35,36,37,46
1344,15,16,17,25,26,27,35,36,37,46
1345,15,16,17,25,26,27,35,36,37,45,46,47
1346,15,16,17,25,26,27,35,36,37,45,46,47
1347,15,16,17,25,26,27,28,35,36,37,38,45,46,47
1348,15,16,17,25,26,27,28,35,36,37,38,45,46,47
1349,15,16,17,25,26,27,28,35,36,37,38,45,46,47
1350,15,16,17,25,26,27,28,35,36,37,38,45,46,47
1351,16,17,25,26,27,28,35,36,37,38,45,46,47
1352,16,17,25,26,27,28,35,36,37,38,45,46,47
1353,16,17,25,26,27,28,35,36,37,38,45,46,47
1354,16,17,25,26,27,28,35,36,37,38,45,46,47
1355,16,17,25,26,27,28,35,36,37,38,45,46,47,48
1356,16,17,25,26,27,28,35,36,37,38,45,46,47,48
1357,16,17,25,26,27,28,35,36,37,38,45,46,47,48
1358,16,17,25,26,27,28,35,36,37,38,45,46,47,48
1359,16,17,25,26,27,28,35,36,37,38,45,46,47,48
1360,16,17,25,26,27,28,35,36,37,38,45,46,47,48
1361,16,17,25,26,27,28,35,36,37,38,45,46,47,48
1362,16,17,25,26,27,28,35,36,37,38,45,46,47,48
1363,16,17,25,26,27,28,35,36,37,38,45,46,47,48
1364,16,17,25,26,27,28,35,36,37,38,45,46,47,48
1365,16,17,25,26,27,28,35,36,37,38,45,46,47,48
1366,16,17,25,26,27,28,35,36,37,38,45,46,47,48
1367,16,17,25,26,27,28,35,36,37,38,45,46,47,48
1368,16,17,25,26,27,28,35,36,37,38,45,46,47,48
1369,16,17,25,26,27,28,35,36,37,38,45,46,47,48
1370,16,17,25,26,27,28,35,36,37,38,45,46,47,48
1371,25,26,27,28,34,35,36,37,38,44,45,46,47,48
1372,25,26,27,28,34,35,36,37,38,44,45,46,47,48
1373,25,26,27,28,34,35,36,37,38,41,42,43,44,45,46,47,48,49,50
1374,25,26,27,28,34,35,36,37,38,41,42,43,44,45,46,47,48,49,50
1375,25,26,27,28,34,35,36,37,38,41,42,43,44,45,46,47,48,49,50
1376,25,26,27,28,34,35,36,37,38,41,42,43,44,45,46,47,48,49,50
1377,25,26,27,28,34,35,36,37,38,41,42,43,44,45,46,47,48,49,50
1378,25,26,27,28,34,35,36,37,38,41,42,43,44,45,46,47,48,49,50
1379,25,26,27,28,34,35,36,37,38,41,42,43,44,45,46,47,48,49,50
1380,25,26,27,28,34,35,36,37,38,41,42,43,44,45,46,47,48,49,50
1381,25,26,27,28,34,35,36,37,38,41,42,43,44,45,46,47,48,49,50
1382,25,26,27,28,34,35,36,37,38,41,42,43,44,45,46,47,48,49,50
1383,25,26,27,28,34,35,36,37,38,41,42,43,44,45,46,47,48,49,50
1384,25,26,27,28,34,35,36,37,38,41,42,43,44,45,46,47,48,49,50
1385,25,26,27,28,34,35,36,37,38,41,42,43,44,45,46,47,48,49,50
1386,25,26,27,28,34,35,36,37,38,41,42,43,44,45,46,47,48,49,50
1387,25,26,27,28,34,35,36,37,38,41,42,43,44,45,46,47,48,49,50
1388,25,26,27,28,34,35,36,37,38,41,42,43,44,45,46,47,48,49,50
1389,25,26,27,28,34,35,36,37,38,41,42,43,44,45,46,47,48,49,50
1390,25,26,27,28,34,35,36,37,38,41,42,43,44,45,46,47,48,49,50
1391,25,26,27,28,34,35,36,37,38,41,42,43,44,45,46,47,48,49,50
1392,25,26,27,28,34,35,36,37,38,41,42,43,44,45,46,47,48,49,50
1393,25,26,27,28,34,35,36,37,38,41,42,43,44,45,46,47,48,49,50
1394,25,26,27,28,34,35,36,37,38,41,42,43,44,45,46,47,48,49,50
1395,25,26,27,28,34,35,36,37,38,41,42,43,44,45,46,47,48,49,50
1396,25,26,27,28,34,35,36,37,38,41,42,43,44,45,46,47,48,49,50
1397,25,26,27,28,34,35,36,37,38,41,42,43,44,45,46,47,48,49,50
1398,25,26,27,28,34,35,36,37,38,41,42,43,44,45,46,47,48,49,50
1399,25,26,27,28,34,35,36,37,38,41,42,43,44,45,46,47,48,49,50
1400,25,26,27,28,34,35,36,37,38,41,42,43,44,45,46,47,48,49,50
1401,25,26,27,34,35,36,37,38,41,42,43,44,45,46,47,48,49,50
1402,25,26,27,34,35,36,37,38,41,42,43,44,45,46,47,48,49,50
1403,25,26,27,34,35,36,37,38,41,42,43,44,45,46,47,48,49,50
1404,25,26,27,34,35,36,37,38,41,42,43,44,45,46,47,48,49,50
1405,25,26,27,34,35,36,37,38,41,42,43,44,45,46,47,48,49,50
1406,25,26,27,34,35,36,37,38,41,42,43,44,45,46,47,48,49,50
1407,25,26,27,34,35,36,37,38,41,42,43,44,45,46,47,48,49,50
1408,25,26,27,34,35,36,37,38,41,42,43,44,45,46,47,48,49,50
1409,25,26,27,34,35,36,37,38,41,42,43,44,45,46,47,48,49,50
1410,25,26,27,34,35,36,37,38,41,42,43,44,45,46,47,48,49,50
1411,24,25,26,27,33,34,35,36,37,38,41,42,43,44,45,46,47,48,49,50
1412,24,25,26,27,33,34,35,36,37,38,41,42,43,44,45,46,47,48,49,50
1413,25,26,27,33,34,35,36,37,38,41,42,43,44,45,46,47,48,49,50
1414,25,26,27,33,34,35,36,37,38,41,42,43,44,45,46,47,48,49,50
1415,25,26,27,33,34,35,36,37,38,41,42,43,44,45,46,47,48,49,50
1416,25,26,27,33,34,35,36,37,38,41,42,43,44,45,46,47,48,49,50
1417,25,26,27,33,34,35,36,37,38,41,42,43,44,45,46,47,48,49,50
1418,25,26,27,33,34,35,36,37,38,41,42,43,44,45,46,47,48,49,50
1419,25,26,27,33,34,35,36,37,38,41,42,43,44,45,46,47,48,49,50
1420,25,26,27,33,34,35,36,37,38,41,42,43,44,45,46,47,48,49,50
1421,25,26,27,33,34,35,36,37,38,41,42,43,44,45,46,47,48,49,50
1422,25,26,27,33,34,35,36,37,38,41,42,43,44,45,46,47,48,49,50
1423,25,26,27,33,34,35,36,37,38,41,42,43,44,45,46,47,48,49,50
1424,25,26,27,33,34,35,36,37,38,41,42,43,44,45,46,47,48,49,50
1425,25,26,27,33,34,35,36,37,38,41,42,43,44,45,46,47,48,49,50
1426,25,26,27,33,34,35,36,37,38,41,42,43,44,45,46,47,48,49,50
1427,25,26,27,33,34,35,36,37,38,41,42,43,44,45,46,47,48,49,50
1428,25,26,27,33,34,35,36,37,38,41,42,43,44,45,46,47,48,49,50
1429,25,26,27,33,34,35,36,37,38,41,42,43,44,45,46,47,48,49,50
1430,25,26,27,33,34,35,36,37,38,41,42,43,44,45,46,47,48,49,50
1431,25,26,27,33,34,35,36,37,38,41,42,43,44,45,46,47,48,49,50
1432,25,26,27,33,34,35,36,37,38,41,42,43,44,45,46,47,48,49,50
1433,25,26,27,33,34,35,36,37,38,41,42,43,44,45,46,47,48,49,50
1434,25,26,27,33,34,35,36,37,38,41,42,43,44,45,46,47,48,49,50
1435,24,25,26,27,33,34,35,36,37,38,41,42,43,44,45,46,47,48,49,50
1436,24,25,26,27,33,34,35,36,37,38,41,42,43,44,45,46,47,48,49,50
1437,25,26,27,34,35,36,37,38,41,42,43,44,45,46,47,48,49,50
1438,25,26,27,34,35,36,37,38,41,42,43,44,45,46,47,48,49,50
1439,25,26,27,34,35,36,37,38,41,42,43,44,45,46,47,48,49,50
1440,25,26,27,34,35,36,37,38,41,42,43,44,45,46,47,48,49,50
1441,25,26,27,34,35,36,37,38,41,42,43,44,45,46,47,48,49,50
1442,25,26,27,34,35,36,37,38,41,42,43,44,45,46,47,48,49,50
1443,25,26,27,34,35,36,37,38,41,42,43,44,45,46,47,48,49,50
1444,25,26,27,34,35,36,37,38,41,42,43,44,45,46,47,48,49,50
1445,25,26,27,34,35,36,37,38,41,42,43,44,45,46,47,48,49,50
1446,25,26,27,34,35,36,37,38,41,42,43,44,45,46,47,48,49,50
1447,25,26,27,28,34,35,36,37,38,41,42,43,44,45,46,47,48,49,50
1448,25,26,27,28,34,35,36,37,38,41,42,43,44,45,46,47,48,49,50
1449,25,26,27,28,34,35,36,37,38,41,42,43,44,45,46,47,48,49,50
1450,25,26,27,28,34,35,36,37,38,41,42,43,44,45,46,47,48,49,50
1451,25,26,27,28,34,35,36,37,38,41,42,43,44,45,46,47,48,49,50
1452,25,26,27,28,34,35,36,37,38,41,42,43,44,45,46,47,48,49,50
1453,25,26,27,28,34,35,36,37,38,41,42,43,44,45,46,47,48,49,50
1454,25,26,27,28,34,35,36,37,38,41,42,43,44,45,46,47,48,49,50
1455,25,26,27,28,35,36,37,38,41,42,43,44,45,46,47,48,49,50
1456,25,26,27,28,35,36,37,38,41,42,43,44,45,46,47,48,49,50
1457,25,26,27,28,35,36,37,38,44,45,46,47,48,49
1458,25,26,27,28,35,36,37,38,44,45,46,47,48,49
1459,25,26,27,28,35,36,37,38,45,46,47,48
1460,25,26,27,28,35,36,37,38,45,46,47,48
1461,25,26,27,28,35,36,37,38,45,46,47,48
1462,25,26,27,28,35,36,37,38,45,46,47,48
1463,25,26,27,28,35,36,37,38,45,46,47,48
1464,25,26,27,28,35,36,37,38,45,46,47,48
1465,17,25,26,27,28,35,36,37,38,45,46,47,48
1466,17,25,26,27,28,35,36,37,38,45,46,47,48
1467,17,25,26,27,28,35,36,37,38,45,46,47,48
1468,17,25,26,27,28,35,36,37,38,45,46,47,48
1469,17,25,26,27,28,35,36,37,38,45,46,47,48
1470,17,25,26,27,28,35,36,37,38,45,46,47,48
1471,17,25,26,27,28,35,36,37,38,45,46,47,48
1472,17,25,26,27,28,35,36,37,38,45,46,47,48
1473,17,25,26,27,28,35,36,37,38,45,46,47,48
1474,17,25,26,27,28,35,36,37,38,45,46,47,48
1475,17,25,26,27,28,35,36,37,38,45,46,47,48
1476,17,25,26,27,28,35,36,37,38,45,46,47,48
1477,16,17,18,25,26,27,28,35,36,37,38,45,46,47,48
1478,16,17,18,25,26,27,28,35,36,37,38,45,46,47,48
1479,16,17,18,25,26,27,28,35,36,37,38,46,47,48
1480,16,17,18,25,26,27,28,35,36,37,38,46,47,48
1481,16,17,18,25,26,27,28,35,36,37,38,46,47,48
1482,16,17,18,25,26,27,28,35,36,37,38,46,47,48
1483,16,17,18,25,26,27,28,35,36,37,38,46,47,48
1484,16,17,18,25,26,27,28,35,36,37,38,46,47,48
1485,16,17,18,25,26,27,28,35,36,37,38,46,47,48
1486,16,17,18,25,26,27,28,35,36,37,38,46,47,48
1487,16,17,18,25,26,27,28,35,36,37,38,46,47
1488,16,17,18,25,26,27,28,35,36,37,38,46,47
1489,16,17,18,25,26,27,28,36,37,38,46,47
1490,16,17,18,25,26,27,28,36,37,38,46,47
1491,16,17,18,25,26,27,28,36,37,38
1492,16,17,18,25,26,27,28,36,37,38
1493,7,16,17,18,25,26,27,28,36,37,38
1494,7,16,17,18,25,26,27,28,36,37,38
1495,7,16,17,18,25,26,27,28,36,37,38
1496,7,16,17,18,25,26,27,28,36,37,38
1497,7,16,17,18,26,27,28,36,37,38
1498,7,16,17,18,26,27,28,36,37,38
1499,7,8,16,17,18,26,27,28,36,37,38
1500,7,8,16,17,18,26,27,28,36,37,38
1501,7,8,16,17,18,26,27,28,36,37,38
1502,7,8,16,17,18,26,27,28,36,37,38
1503,7,8,16,17,18,26,27,28,36,37,38
1504,7,8,16,17,18,26,27,28,36,37,38
1505,7,8,15,16,17,18,25,26,27,28,36,37,38
1506,7,8,15,16,17,18,25,26,27,28,36,37,38
1507,6,7,8,15,16,17,18,25,26,27,28,36,37,38
1508,6,7,8,15,16,17,18,25,26,27,28,36,37,38
1509,6,7,8,15,16,17,18,25,26,27,28,36,37,38
1510,6,7,8,15,16,17,18,25,26,27,28,36,37,38
1511,6,7,8,15,16,17,18,25,26,27,28,36,37,38
1512,6,7,8,15,16,17,18,25,26,27,28,36,37,38
1513,6,7,8,15,16,17,18,25,26,27,28,36,37,38
1514,6,7,8,15,16,17,18,25,26,27,28,36,37,38
1515,6,7,8,15,16,17,18,25,26,27,28,36,37,38
1516,6,7,8,15,16,17,18,25,26,27,28,36,37,38
1517,6,7,8,15,16,17,18,25,26,27,28,36,37,38
1518,6,7,8,15,16,17,18,25,26,27,28,36,37,38
1519,6,7,8,15,16,17,18,25,26,27,28,36,37,38
1520,6,7,8,15,16,17,18,25,26,27,28,36,37,38
1521,6,7,8,15,16,17,18,25,26,27,28,36,37,38
1522,6,7,8,15,16,17,18,25,26,27,28,36,37,38
1523,6,7,8,15,16,17,18,25,26,27,28,36,37,38
1524,6,7,8,15,16,17,18,25,26,27,28,36,37,38
1525,6,7,8,15,16,17,18,25,26,27,28,36,37,38
1526,6,7,8,15,16,17,18,25,26,27,28,36,37,38
1527,6,7,8,15,16,17,18,25,26,27,28,36,37,38
1528,6,7,8,15,16,17,18,25,26,27,28,36,37,38
1529,6,7,8,15,16,17,18,25,26,27,28,36,37,38
1530,6,7,8,15,16,17,18,25,26,27,28,36,37,38
1531,6,7,8,15,16,17,18,25,26,27,28,36,37,38
1532,6,7,8,15,16,17,18,25,26,27,28,36,37,38
1533,6,7,8,15,16,17,18,25,26,27,28,36,37,38
1534,6,7,8,15,16,17,18,25,26,27,28,36,37,38
1535,6,7,8,15,16,17,18,25,26,27,28,36,37,38
1536,6,7,8,15,16,17,18,25,26,27,28,36,37,38
1537,6,7,8,15,16,17,18,25,26,27,28,36,37,38
1538,6,7,8,15,16,17,18,25,26,27,28,36,37,38
1539,6,7,8,15,16,17,18,25,26,27,28,36,37,38
1540,6,7,8,15,16,17,18,25,26,27,28,36,37,38
1541,6,7,8,15,16,17,18,25,26,27,28,36,37,38
1542,6,7,8,15,16,17,18,25,26,27,28,36,37,38
1543,6,7,8,15,16,17,18,25,26,27,28,36,37,38
1544,6,7,8,15,16,17,18,25,26,27,28,36,37,38
1545,6,7,8,15,16,17,18,25,26,27,28,36,37,38
1546,6,7,8,15,16,17,18,25,26,27,28,36,37,38
1547,6,7,8,15,16,17,18,25,26,27,28,36,37,38
1548,6,7,8,15,16,17,18,25,26,27,28,36,37,38
1549,6,7,8,15,16,17,18,25,26,27,28,36,37,38
1550,6,7,8,15,16,17,18,25,26,27,28,36,37,38
1551,6,7,8,15,16,17,18,25,26,27,28,36,37,38
1552,6,7,8,15,16,17,18,25,26,27,28,36,37,38
1553,6,7,8,15,16,17,18,25,26,27,28,36,37,38
1554,6,7,8,15,16,17,18,25,26,27,28,36,37,38
1555,6,7,8,15,16,17,18,25,26,27,28,36,37,38
1556,6,7,8,15,16,17,18,25,26,27,28,36,37,38
1557,6,7,8,15,16,17,18,25,26,27,28,36,37,38
1558,6,7,8,15,16,17,18,25,26,27,28,36,37,38
1559,6,7,8,15,16,17,18,25,26,27,28,36,37,38
1560,6,7,8,15,16,17,18,25,26,27,28,36,37,38
1561,6,7,8,15,16,17,18,25,26,27,28,36,37,38
1562,6,7,8,15,16,17,18,25,26,27,28,36,37,38
1563,6,7,8,15,16,17,18,25,26,27,28,36,37,38
1564,6,7,8,15,16,17,18,25,26,27,28,36,37,38
1565,6,7,8,15,16,17,18,25,26,27,28,36,37,38
1566,6,7,8,15,16,17,18,25,26,27,28,36,37,38
1567,6,7,8,15,16,17,18,25,26,27,28,36,37,38
1568,6,7,8,15,16,17,18,25,26,27,28,36,37,38
1569,6,7,8,15,16,17,18,25,26,27,28,36,37,38
1570,6,7,8,15,16,17,18,25,26,27,28,36,37,38
1571,6,7,8,15,16,17,18,25,26,27,28,36,37,38
1572,6,7,8,15,16,17,18,25,26,27,28,36,37,38
1573,6,7,8,15,16,17,18,25,26,27,28,36,37,38
1574,6,7,8,15,16,17,18,25,26,27,28,36,37,38
1575,6,7,8,15,16,17,18,25,26,27,28,36,37,38
1576,6,7,8,15,16,17,18,25,26,27,28,36,37,38
1577,6,7,8,15,16,17,18,25,26,27,28,36,37,38
1578,6,7,8,15,16,17,18,25,26,27,28,36,37,38
1579,6,7,8,15,16,17,18,25,26,27,28,36,37,38
1580,6,7,8,15,16,17,18,25,26,27,28,36,37,38
1581,6,7,8,15,16,17,18,25,26,27,28,36,37,38
1582,6,7,8,15,16,17,18,25,26,27,28,36,37,38
1583,6,7,8,15,16,17,18,19,26,27,28,29,36,37,38
1584,6,7,8,15,16,17,18,19,26,27,28,29,36,37,38
1585,6,7,8,9,15,16,17,18,19,26,27,28,29,36,37,38
1586,6,7,8,9,15,16,17,18,19,26,27,28,29,36,37,38
1587,5,6,7,8,9,15,16,17,18,19,26,27,28,29,37,38
1588,5,6,7,8,9,15,16,17,18,19,26,27,28,29,37,38
1589,5,6,7,8,9,15,16,17,18,19,26,27,28,29,37,38
1590,5,6,7,8,9,15,16,17,18,19,26,27,28,29,37,38
1591,5,6,7,8,9,15,16,17,18,19,26,27,28,29,37,38
1592,5,6,7,8,9,15,16,17,18,19,26,27,28,29,37,38
1593,5,6,7,8,9,15,16,17,18,19,26,27,28,29,37,38
1594,5,6,7,8,9,15,16,17,18,19,26,27,28,29,37,38
1595,5,6,7,8,9,15,16,17,18,19,26,27,28,29,37,38
1596,5,6,7,8,9,15,16,17,18,19,26,27,28,29,37,38
1597,5,6,7,8,9,15,16,17,18,19,26,27,28,29,37,38
1598,5,6,7,8,9,15,16,17,18,19,26,27,28,29,37,38
1599,5,6,7,8,9,15,16,17,18,19,26,27,28,29,37,38
1600,5,6,7,8,9,15,16,17,18,19,26,27,28,29,37,38
1601,5,6,7,8,9,15,16,17,18,19,26,27,28,29,37,38
1602,5,6,7,8,9,15,16,17,18,19,26,27,28,29,37,38
1603,6,7,8,9,16,17,18,19,26,27,28,29,37,38
1604,6,7,8,9,16,17,18,19,26,27,28,29,37,38
1605,6,7,8,9,16,17,18,19,26,27,28,29,37,38
1606,6,7,8,9,16,17,18,19,26,27,28,29,37,38
1607,6,7,8,9,16,17,18,19,26,27,28,29,37,38
1608,6,7,8,9,16,17,18,19,26,27,28,29,37,38
1609,6,7,8,9,16,17,18,19,26,27,28,29,37,38
1610,6,7,8,9,16,17,18,19,26,27,28,29,37,38
1611,6,7,8,9,16,17,18,19,26,27,28,29,37,38
1612,6,7,8,9,16,17,18,19,26,27,28,29,37,38
1613,6,7,8,9,16,17,18,19,26,27,28,29,37,38
1614,6,7,8,9,16,17,18,19,26,27,28,29,37,38
1615,6,7,8,9,16,17,18,19,26,27,28,29,37,38
1616,6,7,8,9,16,17,18,19,26,27,28,29,37,38
1617,6,7,8,9,10,16,17,18,19,20,27,28,29,37,38,39
1618,6,7,8,9,10,16,17,18,19,20,27,28,29,37,38,39
1619,7,8,9,10,17,18,19,20,27,28,29,30,38,39
1620,7,8,9,10,17,18,19,20,27,28,29,30,38,39
1621,7,8,9,10,17,18,19,20,27,28,29,30,38,39
1622,7,8,9,10,17,18,19,20,27,28,29,30,38,39
1623,7,8,9,10,17,18,19,20,27,28,29,30,38,39
1624,7,8,9,10,17,18,19,20,27,28,29,30,38,39
1625,7,8,9,10,17,18,19,20,27,28,29,30,38,39
1626,7,8,9,10,17,18,19,20,27,28,29,30,38,39
1627,7,8,9,10,17,18,19,20,27,28,29,30,38,39
1628,7,8,9,10,17,18,19,20,27,28,29,30,38,39
1629,7,8,9,10,17,18,19,20,27,28,29,30,38,39
1630,7,8,9,10,17,18,19,20,27,28,29,30,38,39
1631,7,8,9,10,17,18,19,20,27,28,29,30,38,39
1632,7,8,9,10,17,18,19,20,27,28,29,30,38,39
1633,8,9,10,17,18,19,20,27,28,29,30,38,39,40
1634,8,9,10,17,18,19,20,27,28,29,30,38,39,40
1635,8,9,10,17,18,19,20,27,28,29,30,38,39,40
1636,8,9,10,17,18,19,20,27,28,29,30,38,39,40
1637,8,9,10,17,18,19,20,27,28,29,30,38,39,40
1638,8,9,10,17,18,19,20,27,28,29,30,38,39,40
1639,8,9,10,17,18,19,20,27,28,29,30,38,39,40
1640,8,9,10,17,18,19,20,27,28,29,30,38,39,40
1641,8,9,10,17,18,19,20,27,28,29,30,38,39,40
1642,8,9,10,17,18,19,20,27,28,29,30,38,39,40
1643,8,9,10,17,18,19,20,27,28,29,30,38,39,40
1644,8,9,10,17,18,19,20,27,28,29,30,38,39,40
1645,8,9,10,17,18,19,20,27,28,29,30,38,39,40
1646,8,9,10,17,18,19,20,27,28,29,30,38,39,40
1647,8,9,10,17,18,19,20,27,28,29,30,38,39,40
1648,8,9,10,17,18,19,20,27,28,29,30,38,39,40
1649,8,9,10,17,18,19,20,27,28,29,30,38,39,40
1650,8,9,10,17,18,19,20,27,28,29,30,38,39,40
1651,8,9,10,17,18,19,20,27,28,29,30,38,39,40
1652,8,9,10,17,18,19,20,27,28,29,30,38,39,40
1653,8,9,10,17,18,19,20,27,28,29,30,38,39,40
1654,8,9,10,17,18,19,20,27,28,29,30,38,39,40
1655,8,9,10,17,18,19,20,27,28,29,30,38,39,40
1656,8,9,10,17,18,19,20,27,28,29,30,38,39,40
1657,8,9,10,17,18,19,20,27,28,29,30,38,39,40
1658,8,9,10,17,18,19,20,27,28,29,30,38,39,40
1659,8,9,10,17,18,19,20,27,28,29,30,38,39,40
1660,8,9,10,17,18,19,20,27,28,29,30,38,39,40
1661,8,9,10,17,18,19,20,27,28,29,30,38,39,40
1662,8,9,10,17,18,19,20,27,28,29,30,38,39,40
1663,8,9,10,17,18,19,20,27,28,29,30,38,39,40
1664,8,9,10,17,18,19,20,27,28,29,30,38,39,40
1665,8,9,10,17,18,19,20,27,28,29,30,38,39,40
1666,8,9,10,17,18,19,20,27,28,29,30,38,39,40
1667,8,9,10,17,18,19,20,27,28,29,30,38,39,40
1668,8,9,10,17,18,19,20,27,28,29,30,38,39,40
1669,8,9,10,17,18,19,20,27,28,29,30,38,39,40
1670,8,9,10,17,18,19,20,27,28,29,30,38,39,40
1671,8,9,10,17,18,19,20,27,28,29,30,38,39,40
1672,8,9,10,17,18,19,20,27,28,29,30,38,39,40
1673,8,9,10,18,19,20,28,29,30,38,39,40
1674,8,9,10,18,19,20,28,29,30,38,39,40
1675,9,10,18,19,20,28,29,30,38,39,40
1676,9,10,18,19,20,28,29,30,38,39,40
1677,9,10,18,19,20,28,29,30,38,39,40
1678,9,10,18,19,20,28,29,30,38,39,40
1679,9,10,18,19,20,28,29,30,38,39,40
1680,9,10,18,19,20,28,29,30,38,39,40
1681,9,10,18,19,20,28,29,30,38,39,40
1682,9,10,18,19,20,28,29,30,38,39,40
1683,9,10,18,19,20,28,29,30,38,39,40
1684,9,10,18,19,20,28,29,30,38,39,40
1685,9,10,18,19,20,28,29,30,38,39,40
1686,9,10,18,19,20,28,29,30,38,39,40
1687,9,10,18,19,20,28,29,30,38,39,40
1688,9,10,18,19,20,28,29,30,38,39,40
1689,8,9,10,18,19,20,28,29,30,38,39,40
1690,8,9,10,18,19,20,28,29,30,38,39,40
1691,8,9,10,17,18,19,20,27,28,29,30,38,39,40
1692,8,9,10,17,18,19,20,27,28,29,30,38,39,40
1693,8,9,10,17,18,19,20,27,28,29,30,38,39,40
1694,8,9,10,17,18,19,20,27,28,29,30,38,39,40
1695,8,9,10,17,18,19,20,27,28,29,30,38,39,40
1696,8,9,10,17,18,19,20,27,28,29,30,38,39,40
1697,8,9,17,18,19,20,27,28,29,30,37,38,39,40
1698,8,9,17,18,19,20,27,28,29,30,37,38,39,40
1699,8,9,17,18,19,20,27,28,29,30,37,38,39,40
1700,8,9,17,18,19,20,27,28,29,30,37,38,39,40
1701,8,9,17,18,19,20,27,28,29,30,37,38,39,40
1702,8,9,17,18,19,20,27,28,29,30,37,38,39,40
1703,8,9,17,18,19,20,27,28,29,30,37,38,39,40
1704,8,9,17,18,19,20,27,28,29,30,37,38,39,40
1705,8,9,17,18,19,20,27,28,29,30,37,38,39,40
1706,8,9,17,18,19,20,27,28,29,30,37,38,39,40
1707,8,9,17,18,19,20,27,28,29,30,37,38,39,40
1708,8,9,17,18,19,20,27,28,29,30,37,38,39,40
1709,8,9,17,18,19,20,27,28,29,30,37,38,39,40
1710,8,9,17,18,19,20,27,28,29,30,37,38,39,40
1711,8,9,17,18,19,20,27,28,29,30,37,38,39,40
1712,8,9,17,18,19,20,27,28,29,30,37,38,39,40
1713,8,9,17,18,19,20,27,28,29,30,37,38,39,40
1714,8,9,17,18,19,20,27,28,29,30,37,38,39,40
1715,8,9,17,18,19,20,27,28,29,30,37,38,39,40
1716,8,9,17,18,19,20,27,28,29,30,37,38,39,40
1717,8,9,17,18,19,20,27,28,29,30,37,38,39,40
1718,8,9,17,18,19,20,27,28,29,30,37,38,39,40
1719,8,9,17,18,19,20,27,28,29,30,37,38,39,40
1720,8,9,17,18,19,20,27,28,29,30,37,38,39,40
1721,8,9,17,18,19,20,27,28,29,30,37,38,39,40
1722,8,9,17,18,19,20,27,28,29,30,37,38,39,40
1723,8,9,17,18,19,20,27,28,29,30,37,38,39,40
1724,8,9,17,18,19,20,27,28,29,30,37,38,39,40
1725,8,9,17,18,19,20,27,28,29,30,37,38,39,40
1726,8,9,17,18,19,20,27,28,29,30,37,38,39,40
1727,8,9,17,18,19,20,27,28,29,30,37,38,39,40
1728,8,9,17,18,19,20,27,28,29,30,37,38,39,40
1729,8,9,17,18,19,20,27,28,29,30,37,38,39,40
1730,8,9,17,18,19,20,27,28,29,30,37,38,39,40
1731,8,9,17,18,19,20,27,28,29,30,37,38,39,40
1732,8,9,17,18,19,20,27,28,29,30,37,38,39,40
1733,8,9,17,18,19,20,27,28,29,30,37,38,39,40
1734,8,9,17,18,19,20,27,28,29,30,37,38,39,40
1735,8,9,17,18,19,20,27,28,29,30,37,38,39,40
1736,8,9,17,18,19,20,27,28,29,30,37,38,39,40
1737,8,9,17,18,19,20,27,28,29,30,37,38,39,40
1738,8,9,17,18,19,20,27,28,29,30,37,38,39,40
1739,8,9,17,18,19,20,27,28,29,30,37,38,39,40
1740,8,9,17,18,19,20,27,28,29,30,37,38,39,40
1741,8,9,17,18,19,20,27,28,29,30,37,38,39,40
1742,8,9,17,18,19,20,27,28,29,30,37,38,39,40
1743,8,9,17,18,19,20,27,28,29,30,37,38,39,40
1744,8,9,17,18,19,20,27,28,29,30,37,38,39,40
1745,8,9,17,18,19,20,27,28,29,30,37,38,39,40
1746,8,9,17,18,19,20,27,28,29,30,37,38,39,40
1747,8,9,17,18,19,20,27,28,29,30,37,38,39,40
1748,8,9,17,18,19,20,27,28,29,30,37,38,39,40
1749,8,9,17,18,19,20,27,28,29,30,37,38,39,40
1750,8,9,17,18,19,20,27,28,29,30,37,38,39,40
1751,8,9,17,18,19,20,27,28,29,30,37,38,39,40
1752,8,9,17,18,19,20,27,28,29,30,37,38,39,40
1753,8,9,17,18,19,20,27,28,29,30,37,38,39,40
1754,8,9,17,18,19,20,27,28,29,30,37,38,39,40
1755,8,9,17,18,19,20,27,28,29,30,37,38,39,40
1756,8,9,17,18,19,20,27,28,29,30,37,38,39,40
1757,8,9,17,18,19,20,27,28,29,30,37,38,39,40
1758,8,9,17,18,19,20,27,28,29,30,37,38,39,40
1759,8,9,17,18,19,20,27,28,29,30,37,38,39,40
1760,8,9,17,18,19,20,27,28,29,30,37,38,39,40
1761,8,9,17,18,19,20,27,28,29,30,37,38,39,40
1762,8,9,17,18,19,20,27,28,29,30,37,38,39,40
1763,8,9,17,18,19,20,27,28,29,30,37,38,39,40
1764,8,9,17,18,19,20,27,28,29,30,37,38,39,40
1765,8,9,17,18,19,20,27,28,29,30,37,38,39,40
1766,8,9,17,18,19,20,27,28,29,30,37,38,39,40
1767,8,9,17,18,19,20,27,28,29,30,37,38,39,40
1768,8,9,17,18,19,20,27,28,29,30,37,38,39,40
1769,8,9,17,18,19,20,27,28,29,30,37,38,39,40
1770,8,9,17,18,19,20,27,28,29,30,37,38,39,40
1771,8,9,17,18,19,20,27,28,29,30,37,38,39,40
1772,8,9,17,18,19,20,27,28,29,30,37,38,39,40
1773,8,9,17,18,19,20,27,28,29,30,37,38,39,40
1774,8,9,17,18,19,20,27,28,29,30,37,38,39,40
1775,8,9,17,18,19,20,27,28,29,30,37,38,39,40
1776,8,9,17,18,19,20,27,28,29,30,37,38,39,40
1777,8,9,17,18,19,20,27,28,29,30,37,38,39,40
1778,8,9,17,18,19,20,27,28,29,30,37,38,39,40
1779,8,9,17,18,19,20,27,28,29,30,37,38,39,40
1780,8,9,17,18,19,20,27,28,29,30,37,38,39,40
1781,9,17,18,19,20,27,28,29,30,37,38,39,40
1782,9,17,18,19,20,27,28,29,30,37,38,39,40
1783,9,17,18,19,20,27,28,29,30,38,39,40
1784,9,17,18,19,20,27,28,29,30,38,39,40
1785,9,17,18,19,20,27,28,29,30,37,38,39,40
1786,9,17,18,19,20,27,28,29,30,37,38,39,40
1787,17,18,19,20,27,28,29,30,38,39,40
1788,17,18,19,20,27,28,29,30,38,39,40
1789,18,19,20,27,28,29,30,38,39,40
1790,18,19,20,27,28,29,30,38,39,40
1791,18,19,20,27,28,29,30,38,39,40
1792,18,19,20,27,28,29,30,38,39,40
1793,18,19,20,27,28,29,30,38,39,40
1794,18,19,20,27,28,29,30,38,39,40
1795,18,19,20,27,28,29,30,38,39,40
1796,18,19,20,27,28,29,30,38,39,40
1797,18,19,20,27,28,29,30,38,39,40,49
1798,18,19,20,27,28,29,30,38,39,40,49
1799,18,19,20,27,28,29,30,38,39,40,49
1800,18,19,20,27,28,29,30,38,39,40,49
