1,7,8,9,12,13,14,17,18,19
2,7,8,9,12,13,14,17,18,19
3,7,8,9,12,13,14,17,18,19
4,7,8,9,12,13,14,17,18,19
5,7,8,9,12,13,14,17,18,19
6,7,8,9,12,13,14,17,18,19
7,7,8,9,12,13,14,17,18,19
8,7,8,9,12,13,14,17,18,19
9,7,8,9,12,13,14,17,18,19
10,7,8,9,12,13,14,17,18,19
11,7,8,9,12,13,14,17,18,19
12,7,8,9,12,13,14,17,18,19
13,7,8,9,12,13,14,17,18,19
14,7,8,9,12,13,14,17,18,19
15,7,8,9,12,13,14,17,18,19,23
16,7,8,9,12,13,14,17,18,19,23
17,7,8,9,12,13,14,17,18,19,23
18,7,8,9,12,13,14,17,18,19,23
19,7,8,9,12,13,14,17,18,19,23
20,7,8,9,12,13,14,17,18,19,23
21,8,9,12,13,14,17,18,19,23,24
22,8,9,12,13,14,17,18,19,23,24
23,8,9,12,13,14,17,18,19,23,24
24,8,9,12,13,14,17,18,19,23,24
25,8,9,12,13,14,17,18,19,23,24
26,8,9,12,13,14,17,18,19,23,24
27,8,9,12,13,14,17,18,19,23,24
28,8,9,12,13,14,17,18,19,23,24
29,8,9,13,14,18,19,23,24
30,8,9,13,14,18,19,23,24
31,8,9,13,14,18,19,23,24
32,8,9,13,14,18,19,23,24
33,8,9,13,14,18,19,23,24
34,8,9,13,14,18,19,23,24
35,8,9,13,14,18,19,23,24
36,8,9,13,14,18,19,23,24
37,8,9,13,14,18,19,23,24
38,8,9,13,14,18,19,23,24
39,8,9,13,14,18,19,23,24
40,8,9,13,14,18,19,23,24
41,8,9,13,14,18,19,23,24
42,8,9,13,14,18,19,23,24
43,8,9,13,14,18,19,23,24
44,8,9,13,14,18,19,23,24
45,8,9,13,14,18,19
46,8,9,13,14,18,19
47,3,8,9,13,14,18,19
48,3,8,9,13,14,18,19
49,3,4,8,9,13,14,18,19
50,3,4,8,9,13,14,18,19
51,3,4,8,9,13,14,18,19
52,3,4,8,9,13,14,18,19
53,3,4,7,8,9,12,13,14,18,19
54,3,4,7,8,9,12,13,14,18,19
55,3,4,7,8,9,12,13,14,18,19
56,3,4,7,8,9,12,13,14,18,19
57,2,3,4,7,8,9,12,13,14,18,19
58,2,3,4,7,8,9,12,13,14,18,19
59,2,3,4,7,8,9,12,13,14,18,19
60,2,3,4,7,8,9,12,13,14,18,19
61,2,3,4,7,8,9,12,13,14,18,19
62,2,3,4,7,8,9,12,13,14,18,19
63,2,3,4,7,8,9,12,13,14,18
64,2,3,4,7,8,9,12,13,14,18
65,2,3,4,7,8,9,12,13,14,18
66,2,3,4,7,8,9,12,13,14,18
67,2,3,4,7,8,9,12,13,14,18
68,2,3,4,7,8,9,12,13,14,18
69,2,3,4,7,8,9,12,13,14,18
70,2,3,4,7,8,9,12,13,14,18
71,2,3,4,7,8,9,12,13,14,18
72,2,3,4,7,8,9,12,13,14,18
73,3,4,7,8,9,12,13,14,17,18
74,3,4,7,8,9,12,13,14,17,18
75,3,7,8,9,12,13,14,17,18
76,3,7,8,9,12,13,14,17,18
77,3,7,8,9,12,13,14,17,18
78,3,7,8,9,12,13,14,17,18
79,3,7,8,12,13,17,18
80,3,7,8,12,13,17,18
81,7,8,12,13,17,18
82,7,8,12,13,17,18
83,7,8,12,13,17,18,22,23
84,7,8,12,13,17,18,22,23
85,7,8,12,13,17,18,22,23
86,7,8,12,13,17,18,22,23
87,7,8,12,13,17,18,22,23
88,7,8,12,13,17,18,22,23
89,8,12,13,17,18,22,23
90,8,12,13,17,18,22,23
91,8,12,13,17,18,22,23
92,8,12,13,17,18,22,23
93,8,12,13,17,18,22,23
94,8,12,13,17,18,22,23
95,8,12,13,17,18,19,22,23,24
96,8,12,13,17,18,19,22,23,24
97,12,13,17,18,19,21,22,23,24,25
98,12,13,17,18,19,21,22,23,24,25
99,12,13,17,18,19,21,22,23,24,25
100,12,13,17,18,19,21,22,23,24,25
101,12,13,16,17,18,19,21,22,23,24,25
102,12,13,16,17,18,19,21,22,23,24,25
103,12,13,16,17,18,19,21,22,23,24,25
104,12,13,16,17,18,19,21,22,23,24,25
105,12,13,16,17,18,19,21,22,23,24,25
106,12,13,16,17,18,19,21,22,23,24,25
107,12,13,16,17,18,19,21,22,23,24,25
108,12,13,16,17,18,19,21,22,23,24,25
109,12,13,16,17,18,19,21,22,23,24,25
110,12,13,16,17,18,19,21,22,23,24,25
111,12,13,16,17,18,19,21,22,23,24,25
112,12,13,16,17,18,19,21,22,23,24,25
113,12,13,16,17,18,19,21,22,23,24,25
114,12,13,16,17,18,19,21,22,23,24,25
115,12,13,16,17,18,19,21,22,23,24,25
116,12,13,16,17,18,19,21,22,23,24,25
117,12,13,16,17,18,19,21,22,23,24,25
118,12,13,16,17,18,19,21,22,23,24,25
119,12,13,16,17,18,19,21,22,23,24,25
120,12,13,16,17,18,19,21,22,23,24,25
121,12,13,16,17,18,19,21,22,23,24,25
122,12,13,16,17,18,19,21,22,23,24,25
123,12,13,16,17,18,19,21,22,23,24,25
124,12,13,16,17,18,19,21,22,23,24,25
125,12,13,16,17,18,19,21,22,23,24,25
126,12,13,16,17,18,19,21,22,23,24,25
127,12,13,16,17,18,19,21,22,23,24,25
128,12,13,16,17,18,19,21,22,23,24,25
129,12,13,16,17,18,19,21,22,23,24,25
130,12,13,16,17,18,19,21,22,23,24,25
131,12,13,16,17,18,19,21,22,23,24,25
132,12,13,16,17,18,19,21,22,23,24,25
133,12,13,16,17,18,19,21,22,23,24,25
134,12,13,16,17,18,19,21,22,23,24,25
135,12,13,16,17,18,19,21,22,23,24,25
136,12,13,16,17,18,19,21,22,23,24,25
137,12,13,16,17,18,19,21,22,23,24,25
138,12,13,16,17,18,19,21,22,23,24,25
139,12,13,16,17,18,19,21,22,23,24,25
140,12,13,16,17,18,19,21,22,23,24,25
141,12,13,16,17,18,19,21,22,23,24,25
142,12,13,16,17,18,19,21,22,23,24,25
143,12,13,16,17,18,19,21,22,23,24,25
144,12,13,16,17,18,19,21,22,23,24,25
145,12,13,16,17,18,19,21,22,23,24,25
146,12,13,16,17,18,19,21,22,23,24,25
147,12,13,16,17,18,19,21,22,23,24,25
148,12,13,16,17,18,19,21,22,23,24,25
149,12,13,16,17,18,19,21,22,23,24,25
150,12,13,16,17,18,19,21,22,23,24,25
151,12,13,16,17,18,19,21,22,23,24,25
152,12,13,16,17,18,19,21,22,23,24,25
153,13,16,17,18,19,21,22,23,24,25
154,13,16,17,18,19,21,22,23,24,25
155,13,16,17,18,19,21,22,23,24,25
156,13,16,17,18,19,21,22,23,24,25
157,13,16,17,18,19,21,22,23,24,25
158,13,16,17,18,19,21,22,23,24,25
159,13,16,17,18,19,21,22,23,24,25
160,13,16,17,18,19,21,22,23,24,25
161,13,16,17,18,19,21,22,23,24,25
162,13,16,17,18,19,21,22,23,24,25
163,13,16,17,18,19,21,22,23,24,25
164,13,16,17,18,19,21,22,23,24,25
165,13,16,17,18,19,21,22,23,24,25
166,13,16,17,18,19,21,22,23,24,25
167,13,16,17,18,19,21,22,23,24,25
168,13,16,17,18,19,21,22,23,24,25
169,13,16,17,18,19,21,22,23,24,25
170,13,16,17,18,19,21,22,23,24,25
171,13,16,17,18,19,21,22,23,24,25
172,13,16,17,18,19,21,22,23,24,25
173,13,16,17,18,19,21,22,23,24,25
174,13,16,17,18,19,21,22,23,24,25
175,13,16,17,18,19,21,22,23,24,25
176,13,16,17,18,19,21,22,23,24,25
177,13,17,18,19,21,22,23,24,25
178,13,17,18,19,21,22,23,24,25
179,13,17,18,19,20,21,22,23,24,25
180,13,17,18,19,20,21,22,23,24,25
181,13,17,18,19,20,21,22,23,24,25
182,13,17,18,19,20,21,22,23,24,25
183,13,17,18,19,20,21,22,23,24,25
184,13,17,18,19,20,21,22,23,24,25
185,13,17,18,19,20,21,22,23,24,25
186,13,17,18,19,20,21,22,23,24,25
187,13,17,18,19,20,21,22,23,24,25
188,13,17,18,19,20,21,22,23,24,25
189,17,18,19,20,21,22,23,24,25
190,17,18,19,20,21,22,23,24,25
191,17,18,19,20,21,22,23,24,25
192,17,18,19,20,21,22,23,24,25
193,17,18,19,20,21,22,23,24,25
194,17,18,19,20,21,22,23,24,25
195,17,18,19,20,21,22,23,24,25
196,17,18,19,20,21,22,23,24,25
197,17,18,19,20,21,22,23,24,25
198,17,18,19,20,21,22,23,24,25
199,17,18,19,20,21,22,23,24,25
200,17,18,19,20,21,22,23,24,25
201,14,17,18,19,20,21,22,23,24,25
202,14,17,18,19,20,21,22,23,24,25
203,14,17,18,19,20,21,22,23,24,25
204,14,17,18,19,20,21,22,23,24,25
205,13,14,17,18,19,20,21,22,23,24,25
206,13,14,17,18,19,20,21,22,23,24,25
207,13,14,17,18,19,20,21,22,23,24,25
208,13,14,17,18,19,20,21,22,23,24,25
209,13,14,17,18,19,20,21,22,23,24,25
210,13,14,17,18,19,20,21,22,23,24,25
211,13,14,17,18,19,20,21,22,23,24,25
212,13,14,17,18,19,20,21,22,23,24,25
213,13,14,17,18,19,20,21,22,23,24,25
214,13,14,17,18,19,20,21,22,23,24,25
215,13,14,17,18,19,20,21,22,23,24,25
216,13,14,17,18,19,20,21,22,23,24,25
217,13,14,17,18,19,20,21,22,23,24,25
218,13,14,17,18,19,20,21,22,23,24,25
219,13,14,17,18,19,20,21,22,23,24,25
220,13,14,17,18,19,20,21,22,23,24,25
221,13,14,17,18,19,20,21,22,23,24,25
222,13,14,17,18,19,20,21,22,23,24,25
223,13,14,17,18,19,20,21,22,23,24,25
224,13,14,17,18,19,20,21,22,23,24,25
225,13,14,17,18,19,20,21,22,23,24,25
226,13,14,17,18,19,20,21,22,23,24,25
227,13,14,17,18,19,20,21,22,23,24,25
228,13,14,17,18,19,20,21,22,23,24,25
229,13,14,17,18,19,20,21,22,23,24,25
230,13,14,17,18,19,20,21,22,23,24,25
231,13,14,18,19,20,21,22,23,24,25
232,13,14,18,19,20,21,22,23,24,25
233,13,14,18,19,20,21,22,23,24,25
234,13,14,18,19,20,21,22,23,24,25
235,13,14,18,19,20,21,22,23,24,25
236,13,14,18,19,20,21,22,23,24,25
237,13,14,17,18,19,20,21,22,23,24,25
238,13,14,17,18,19,20,21,22,23,24,25
239,14,17,18,19,20,21,22,23,24,25
240,14,17,18,19,20,21,22,23,24,25
241,14,17,18,19,20,21,22,23,24,25
242,14,17,18,19,20,21,22,23,24,25
243,14,17,18,19,20,21,22,23,24,25
244,14,17,18,19,20,21,22,23,24,25
245,14,17,18,19,20,21,22,23,24,25
246,14,17,18,19,20,21,22,23,24,25
247,14,17,18,19,20,21,22,23,24,25
248,14,17,18,19,20,21,22,23,24,25
249,14,17,18,19,20,21,22,23,24,25
250,14,17,18,19,20,21,22,23,24,25
251,14,17,18,19,20,21,22,23,24,25
252,14,17,18,19,20,21,22,23,24,25
253,14,17,18,19,20,21,22,23,24,25
254,14,17,18,19,20,21,22,23,24,25
255,14,17,18,19,20,21,22,23,24,25
256,14,17,18,19,20,21,22,23,24,25
257,14,17,18,19,20,21,22,23,24,25
258,14,17,18,19,20,21,22,23,24,25
259,14,17,18,19,20,21,22,23,24,25
260,14,17,18,19,20,21,22,23,24,25
261,14,17,18,19,20,21,22,23,24,25
262,14,17,18,19,20,21,22,23,24,25
263,14,17,18,19,20,21,22,23,24,25
264,14,17,18,19,20,21,22,23,24,25
265,14,17,18,19,20,21,22,23,24,25
266,14,17,18,19,20,21,22,23,24,25
267,14,17,18,19,20,21,22,23,24,25
268,14,17,18,19,20,21,22,23,24,25
269,14,17,18,19,20,21,22,23,24,25
270,14,17,18,19,20,21,22,23,24,25
271,14,17,18,19,20,21,22,23,24,25
272,14,17,18,19,20,21,22,23,24,25
273,14,17,18,19,20,21,22,23,24,25
274,14,17,18,19,20,21,22,23,24,25
275,14,17,18,19,20,21,22,23,24,25
276,14,17,18,19,20,21,22,23,24,25
277,14,18,19,20,21,22,23,24,25
278,14,18,19,20,21,22,23,24,25
279,13,14,18,19,20,21,22,23,24,25
280,13,14,18,19,20,21,22,23,24,25
281,13,14,18,19,20,21,22,23,24,25
282,13,14,18,19,20,21,22,23,24,25
283,13,14,18,19,20,22,23,24,25
284,13,14,18,19,20,22,23,24,25
285,9,13,14,18,19,23,24
286,9,13,14,18,19,23,24
287,8,9,13,14,18,19,23,24
288,8,9,13,14,18,19,23,24
289,8,9,13,14,18,19,23,24
290,8,9,13,14,18,19,23,24
291,8,9,13,14,18,19,23,24
292,8,9,13,14,18,19,23,24
293,8,9,13,14,18,19
294,8,9,13,14,18,19
295,3,4,7,8,9,12,13,14,18,19
296,3,4,7,8,9,12,13,14,18,19
297,3,4,7,8,9,12,13,14,18,19
298,3,4,7,8,9,12,13,14,18,19
299,3,4,7,8,9,12,13,14,18
300,3,4,7,8,9,12,13,14,18
301,2,3,4,7,8,9,12,13,14,18
302,2,3,4,7,8,9,12,13,14,18
303,2,3,4,7,8,9,12,13,14,18
304,2,3,4,7,8,9,12,13,14,18
305,2,3,4,7,8,9,12,13,14,18
306,2,3,4,7,8,9,12,13,14,18
307,2,3,4,7,8,9,12,13,14,18
308,2,3,4,7,8,9,12,13,14,18
309,2,3,4,7,8,9,12,13,14,18
310,2,3,4,7,8,9,12,13,14,18
311,2,3,4,7,8,9,12,13,14,18
312,2,3,4,7,8,9,12,13,14,18
313,2,3,4,7,8,9,12,13,14,18
314,2,3,4,7,8,9,12,13,14,18
315,2,3,4,7,8,9,12,13,14
316,2,3,4,7,8,9,12,13,14
317,2,3,4,5,7,8,9,12,13,14
318,2,3,4,5,7,8,9,12,13,14
319,1,2,3,4,5,7,8,9,12,13,14
320,1,2,3,4,5,7,8,9,12,13,14
321,1,2,3,4,5,7,8,9,12,13,14
322,1,2,3,4,5,7,8,9,12,13,14
323,1,2,3,4,5,7,8,9,12,13,14
324,1,2,3,4,5,7,8,9,12,13,14
325,1,2,3,4,5,7,8,9,12,13,14
326,1,2,3,4,5,7,8,9,12,13,14
327,1,2,3,4,5,7,8,9,12,13,14
328,1,2,3,4,5,7,8,9,12,13,14
329,2,3,4,7,8,9,12,13,14
330,2,3,4,7,8,9,12,13,14
331,2,3,4,7,8,9,13,14
332,2,3,4,7,8,9,13,14
333,2,3,4,7,8,9,13,14,18
334,2,3,4,7,8,9,13,14,18
335,3,4,8,9,13,14,18,19
336,3,4,8,9,13,14,18,19
337,3,4,8,9,13,14,18,19
338,3,4,8,9,13,14,18,19
339,3,4,8,9,13,14,18,19
340,3,4,8,9,13,14,18,19
341,3,4,8,9,13,14,18,19
342,3,4,8,9,13,14,18,19
343,3,4,8,9,13,14,18,19
344,3,4,8,9,13,14,18,19
345,3,4,8,9,13,14,18,19
346,3,4,8,9,13,14,18,19
347,3,4,8,9,13,14,18,19
348,3,4,8,9,13,14,18,19
349,3,4,8,9,13,14,18,19
350,3,4,8,9,13,14,18,19
351,3,4,8,9,13,14,18,19
352,3,4,8,9,13,14,18,19
353,3,4,8,9,13,14,18,19
354,3,4,8,9,13,14,18,19
355,3,4,8,9,13,14,18,19
356,3,4,8,9,13,14,18,19
357,3,4,8,9,13,14,18,19
358,3,4,8,9,13,14,18,19
359,3,4,8,9,13,14,18,19
360,3,4,8,9,13,14,18,19
361,3,4,8,9,13,14,18,19
362,3,4,8,9,13,14,18,19
363,3,4,8,9,13,14,18,19
364,3,4,8,9,13,14,18,19
365,3,4,8,9,13,14,18,19
366,3,4,8,9,13,14,18,19
367,3,4,8,9,13,14,18,19
368,3,4,8,9,13,14,18,19
369,3,4,8,9,13,14,18,19
370,3,4,8,9,13,14,18,19
371,3,4,8,9,13,14,18,19
372,3,4,8,9,13,14,18,19
373,3,4,8,9,13,14,18,19
374,3,4,8,9,13,14,18,19
375,3,4,8,9,13,14,18,19
376,3,4,8,9,13,14,18,19
377,3,4,8,9,13,14,18,19
378,3,4,8,9,13,14,18,19
379,3,4,8,9,13,14,18,19
380,3,4,8,9,13,14,18,19
381,3,4,8,9,13,14,18,19
382,3,4,8,9,13,14,18,19
383,3,4,8,9,13,14,18,19
384,3,4,8,9,13,14,18,19
385,3,4,8,9,13,14,18,19
386,3,4,8,9,13,14,18,19
387,3,4,8,9,13,14,18,19
388,3,4,8,9,13,14,18,19
389,3,4,8,9,13,14,18,19
390,3,4,8,9,13,14,18,19
391,3,4,8,9,13,14,18,19
392,3,4,8,9,13,14,18,19
393,3,4,8,9,13,14,18,19
394,3,4,8,9,13,14,18,19
395,3,4,8,9,13,14,18,19
396,3,4,8,9,13,14,18,19
397,3,4,8,9,13,14,18,19
398,3,4,8,9,13,14,18,19
399,3,4,8,9,13,14,18,19
400,3,4,8,9,13,14,18,19
401,3,4,8,9,13,14,18,19
402,3,4,8,9,13,14,18,19
403,3,4,8,9,13,14,18,19
404,3,4,8,9,13,14,18,19
405,3,4,8,9,13,14,18,19
406,3,4,8,9,13,14,18,19
407,3,4,8,9,13,14,18,19
408,3,4,8,9,13,14,18,19
409,3,4,8,9,13,14,18,19
410,3,4,8,9,13,14,18,19
411,3,4,8,9,13,14,18,19
412,3,4,8,9,13,14,18,19
413,3,4,8,9,13,14,18,19
414,3,4,8,9,13,14,18,19
415,3,4,8,9,13,14,18,19
416,3,4,8,9,13,14,18,19
417,3,4,8,9,13,14,18,19
418,3,4,8,9,13,14,18,19
419,3,4,8,9,13,14,18,19
420,3,4,8,9,13,14,18,19
421,3,4,8,9,13,14,18,19
422,3,4,8,9,13,14,18,19
423,3,4,8,9,13,14,18,19
424,3,4,8,9,13,14,18,19
425,3,4,8,9,13,14,18,19
426,3,4,8,9,13,14,18,19
427,3,4,8,9,13,14,18,19
428,3,4,8,9,13,14,18,19
429,3,4,8,9,13,14,18,19
430,3,4,8,9,13,14,18,19
431,3,4,8,9,13,14,18,19
432,3,4,8,9,13,14,18,19
433,3,4,7,8,9,12,13,14,18,19
434,3,4,7,8,9,12,13,14,18,19
435,2,3,4,7,8,9,12,13,14,18,19
436,2,3,4,7,8,9,12,13,14,18,19
437,2,3,4,7,8,9,12,13,14,18
438,2,3,4,7,8,9,12,13,14,18
439,2,3,4,7,8,9,12,13,14,18
440,2,3,4,7,8,9,12,13,14,18
441,2,3,4,7,8,9,12,13,14,18
442,2,3,4,7,8,9,12,13,14,18
443,2,3,4,7,8,9,12,13,14,18
444,2,3,4,7,8,9,12,13,14,18
445,2,3,4,7,8,9,12,13,14,18
446,2,3,4,7,8,9,12,13,14,18
447,2,3,4,7,8,9,12,13,14,18
448,2,3,4,7,8,9,12,13,14,18
449,2,3,4,7,8,9,12,13,14,18
450,2,3,4,7,8,9,12,13,14,18
451,2,3,4,7,8,9,12,13,14,18
452,2,3,4,7,8,9,12,13,14,18
453,2,3,4,7,8,9,12,13,14,18
454,2,3,4,7,8,9,12,13,14,18
455,2,3,4,7,8,9,12,13,14,18
456,2,3,4,7,8,9,12,13,14,18
457,3,4,7,8,9,12,13,14,17,18
458,3,4,7,8,9,12,13,14,17,18
459,3,7,8,9,12,13,14,17,18
460,3,7,8,9,12,13,14,17,18
461,3,7,8,9,12,13,14,17,18
462,3,7,8,9,12,13,14,17,18
463,3,7,8,12,13,17,18
464,3,7,8,12,13,17,18
465,3,7,8,12,13,17,18
466,3,7,8,12,13,17,18
467,2,3,7,8,12,13,17,18
468,2,3,7,8,12,13,17,18
469,2,3,7,8,12,13,17,18
470,2,3,7,8,12,13,17,18
471,2,3,6,7,8,11,12,13,17,18
472,2,3,6,7,8,11,12,13,17,18
473,2,3,6,7,8,11,12,13,17,18
474,2,3,6,7,8,11,12,13,17,18
475,2,3,6,7,8,11,12,13,17,18
476,2,3,6,7,8,11,12,13,17,18
477,2,3,6,7,8,11,12,13,17,18
478,2,3,6,7,8,11,12,13,17,18
479,2,3,6,7,8,11,12,13,17,18
480,2,3,6,7,8,11,12,13,17,18
481,2,3,6,7,8,11,12,13,17,18
482,2,3,6,7,8,11,12,13,17,18
483,2,3,6,7,8,12,13,17,18
484,2,3,6,7,8,12,13,17,18
485,2,3,7,8,12,13,17,18
486,2,3,7,8,12,13,17,18
487,2,3,7,8,12,13,17,18
488,2,3,7,8,12,13,17,18
489,2,3,4,7,8,9,12,13,14,17,18
490,2,3,4,7,8,9,12,13,14,17,18
491,2,3,4,7,8,9,12,13,14,18
492,2,3,4,7,8,9,12,13,14,18
493,2,3,4,7,8,9,12,13,14,18
494,2,3,4,7,8,9,12,13,14,18
495,2,3,4,7,8,9,12,13,14,18
496,2,3,4,7,8,9,12,13,14,18
497,2,3,4,7,8,9,12,13,14
498,2,3,4,7,8,9,12,13,14
499,1,2,3,4,5,7,8,9,12,13,14
500,1,2,3,4,5,7,8,9,12,13,14
501,1,2,3,4,5,7,8,9,12,13,14
502,1,2,3,4,5,7,8,9,12,13,14
503,1,2,3,4,5,7,8,9,12,13,14
504,1,2,3,4,5,7,8,9,12,13,14
505,1,2,3,4,5,7,8,9,12,13,14
506,1,2,3,4,5,7,8,9,12,13,14
507,1,2,3,4,5,7,8,9,13,14
508,1,2,3,4,5,7,8,9,13,14
509,1,2,3,4,5,7,8,9,13,14
510,1,2,3,4,5,7,8,9,13,14
511,2,3,4,7,8,9,13,14,18,19
512,2,3,4,7,8,9,13,14,18,19
513,3,4,8,9,13,14,18,19
514,3,4,8,9,13,14,18,19
515,3,4,8,9,13,14,18,19
516,3,4,8,9,13,14,18,19
517,3,8,9,13,14,18,19
518,3,8,9,13,14,18,19
519,8,9,13,14,18,19,23,24
520,8,9,13,14,18,19,23,24
521,8,9,13,14,18,19,23,24
522,8,9,13,14,18,19,23,24
523,8,9,13,14,18,19,23,24
524,8,9,13,14,18,19,23,24
525,8,9,13,14,18,19,23,24
526,8,9,13,14,18,19,23,24
527,8,9,13,14,18,19,23,24
528,8,9,13,14,18,19,23,24
529,8,9,13,14,18,19,23,24
530,8,9,13,14,18,19,23,24
531,8,9,13,14,18,19,23,24
532,8,9,13,14,18,19,23,24
533,8,9,13,14,18,19,23,24
534,8,9,13,14,18,19,23,24
535,8,9,13,14,18,19,23,24
536,8,9,13,14,18,19,23,24
537,8,9,13,14,18,19,23,24
538,8,9,13,14,18,19,23,24
539,8,13,14,17,18,19,22,23,24
540,8,13,14,17,18,19,22,23,24
541,13,14,17,18,19,22,23,24
542,13,14,17,18,19,22,23,24
543,13,14,17,18,19,22,23,24
544,13,14,17,18,19,22,23,24
545,13,14,17,18,19,22,23,24,25
546,13,14,17,18,19,22,23,24,25
547,13,14,18,19,21,22,23,24,25
548,13,14,18,19,21,22,23,24,25
549,13,14,18,19,21,22,23,24,25
550,13,14,18,19,21,22,23,24,25
551,13,14,18,19,20,21,22,23,24,25
552,13,14,18,19,20,21,22,23,24,25
553,13,14,18,19,20,21,22,23,24,25
554,13,14,18,19,20,21,22,23,24,25
555,13,14,17,18,19,20,21,22,23,24,25
556,13,14,17,18,19,20,21,22,23,24,25
557,13,14,17,18,19,20,21,22,23,24,25
558,13,14,17,18,19,20,21,22,23,24,25
559,13,14,17,18,19,20,21,22,23,24,25
560,13,14,17,18,19,20,21,22,23,24,25
561,13,14,17,18,19,20,21,22,23,24,25
562,13,14,17,18,19,20,21,22,23,24,25
563,13,14,17,18,19,20,21,22,23,24,25
564,13,14,17,18,19,20,21,22,23,24,25
565,13,14,17,18,19,20,21,22,23,24,25
566,13,14,17,18,19,20,21,22,23,24,25
567,13,14,17,18,19,21,22,23,24,25
568,13,14,17,18,19,21,22,23,24,25
569,13,14,17,18,19,21,22,23,24,25
570,13,14,17,18,19,21,22,23,24,25
571,13,14,17,18,19,21,22,23,24,25
572,13,14,17,18,19,21,22,23,24,25
573,13,17,18,19,21,22,23,24,25
574,13,17,18,19,21,22,23,24,25
575,13,17,18,19,21,22,23,24,25
576,13,17,18,19,21,22,23,24,25
577,13,17,18,19,21,22,23,24,25
578,13,17,18,19,21,22,23,24,25
579,13,17,18,19,21,22,23,24,25
580,13,17,18,19,21,22,23,24,25
581,12,13,17,18,19,21,22,23,24,25
582,12,13,17,18,19,21,22,23,24,25
583,12,13,16,17,18,19,21,22,23,24,25
584,12,13,16,17,18,19,21,22,23,24,25
585,12,13,16,17,18,19,21,22,23,24,25
586,12,13,16,17,18,19,21,22,23,24,25
587,12,13,16,17,18,19,21,22,23,24,25
588,12,13,16,17,18,19,21,22,23,24,25
589,12,13,16,17,18,19,21,22,23,24,25
590,12,13,16,17,18,19,21,22,23,24,25
591,12,13,16,17,18,19,21,22,23,24,25
592,12,13,16,17,18,19,21,22,23,24,25
593,12,13,16,17,18,21,22,23,24,25
594,12,13,16,17,18,21,22,23,24,25
595,12,13,16,17,18,21,22,23,24,25
596,12,13,16,17,18,21,22,23,24,25
597,12,13,16,17,18,21,22,23,24,25
598,12,13,16,17,18,21,22,23,24,25
599,12,13,16,17,18,21,22,23,24,25
600,12,13,16,17,18,21,22,23,24,25
601,12,13,16,17,18,21,22,23,24,25
602,12,13,16,17,18,21,22,23,24,25
603,11,12,13,16,17,18,21,22,23,24,25
604,11,12,13,16,17,18,21,22,23,24,25
605,11,12,13,16,17,18,21,22,23,24,25
606,11,12,13,16,17,18,21,22,23,24,25
607,11,12,13,16,17,18,21,22,23
608,11,12,13,16,17,18,21,22,23
609,11,12,13,16,17,18,21,22,23
610,11,12,13,16,17,18,21,22,23
611,11,12,13,16,17,18,21,22,23
612,11,12,13,16,17,18,21,22,23
613,11,12,13,16,17,18,21,22,23
614,11,12,13,16,17,18,21,22,23
615,11,12,13,16,17,18,21,22,23
616,11,12,13,16,17,18,21,22,23
617,11,12,13,16,17,18,21,22,23
618,11,12,13,16,17,18,21,22,23
619,11,12,13,16,17,18,21,22,23
620,11,12,13,16,17,18,21,22,23
621,11,12,13,16,17,18,21,22,23
622,11,12,13,16,17,18,21,22,23
623,11,12,13,16,17,18,21,22,23
624,11,12,13,16,17,18,21,22,23
625,11,12,13,16,17,18,21,22,23
626,11,12,13,16,17,18,21,22,23
627,11,12,13,16,17,18,21,22,23
628,11,12,13,16,17,18,21,22,23
629,11,12,13,16,17,18,21,22,23,24,25
630,11,12,13,16,17,18,21,22,23,24,25
631,11,12,16,17,18,21,22,23,24,25
632,11,12,16,17,18,21,22,23,24,25
633,11,12,16,17,18,21,22,23,24,25
634,11,12,16,17,18,21,22,23,24,25
635,11,12,16,17,18,21,22,23,24,25
636,11,12,16,17,18,21,22,23,24,25
637,11,12,16,17,18,21,22,23,24,25
638,11,12,16,17,18,21,22,23,24,25
639,11,12,16,17,18,21,22,23,24,25
640,11,12,16,17,18,21,22,23,24,25
641,11,12,16,17,21,22,23,24,25
642,11,12,16,17,21,22,23,24,25
643,11,12,16,17,21,22
644,11,12,16,17,21,22
645,7,11,12,16,17,21,22
646,7,11,12,16,17,21,22
647,7,11,12,16,17,21,22
648,7,11,12,16,17,21,22
649,6,7,11,12,16,17,21,22
650,6,7,11,12,16,17,21,22
651,6,7,11,12,16,17,21,22
652,6,7,11,12,16,17,21,22
653,6,7,11,12,16,17,21,22
654,6,7,11,12,16,17,21,22
655,6,7,11,12,16,17,21,22
656,6,7,11,12,16,17,21,22
657,6,7,11,12,16,17,21,22
658,6,7,11,12,16,17,21,22
659,6,7,11,12,16,17,21,22
660,6,7,11,12,16,17,21,22
661,7,11,12,16,17,21,22
662,7,11,12,16,17,21,22
663,7,11,12,16,17,21,22
664,7,11,12,16,17,21,22
665,7,11,12,16,17,21,22
666,7,11,12,16,17,21,22
667,11,12,16,17,21,22,23
668,11,12,16,17,21,22,23
669,11,12,16,17,18,21,22,23
670,11,12,16,17,18,21,22,23
671,11,12,16,17,18,21,22,23
672,11,12,16,17,18,21,22,23
673,11,12,16,17,18,21,22,23,24,25
674,11,12,16,17,18,21,22,23,24,25
675,11,12,16,17,18,21,22,23,24,25
676,11,12,16,17,18,21,22,23,24,25
677,11,12,16,17,18,21,22,23,24,25
678,11,12,16,17,18,21,22,23,24,25
679,11,12,16,17,18,21,22,23,24,25
680,11,12,16,17,18,21,22,23,24,25
681,11,12,16,17,18,21,22,23,24,25
682,11,12,16,17,18,21,22,23,24,25
683,11,12,16,17,18,21,22,23,24,25
684,11,12,16,17,18,21,22,23,24,25
685,11,12,16,17,18,21,22,23,24,25
686,11,12,16,17,18,21,22,23,24,25
687,11,12,16,17,18,21,22,23,24,25
688,11,12,16,17,18,21,22,23,24,25
689,11,12,16,17,18,21,22,23,24,25
690,11,12,16,17,18,21,22,23,24,25
691,11,12,16,17,18,21,22,23,24,25
692,11,12,16,17,18,21,22,23,24,25
693,11,12,13,16,17,18,21,22,23,24,25
694,11,12,13,16,17,18,21,22,23,24,25
695,11,12,13,16,17,18,21,22,23,24,25
696,11,12,13,16,17,18,21,22,23,24,25
697,11,12,13,16,17,18,21,22,23,24,25
698,11,12,13,16,17,18,21,22,23,24,25
699,11,12,13,16,17,18,21,22,23,24,25
700,11,12,13,16,17,18,21,22,23,24,25
701,11,12,13,16,17,18,21,22,23,24,25
702,11,12,13,16,17,18,21,22,23,24,25
703,11,12,13,16,17,18,21,22,23,24,25
704,11,12,13,16,17,18,21,22,23,24,25
705,11,12,13,16,17,18,21,22,23,24,25
706,11,12,13,16,17,18,21,22,23,24,25
707,11,12,16,17,18,21,22,23,24,25
708,11,12,16,17,18,21,22,23,24,25
709,11,12,13,16,17,18,21,22,23,24,25
710,11,12,13,16,17,18,21,22,23,24,25
711,11,12,13,16,17,18,21,22,23,24,25
712,11,12,13,16,17,18,21,22,23,24,25
713,11,12,13,16,17,18,21,22,23,24,25
714,11,12,13,16,17,18,21,22,23,24,25
715,11,12,13,16,17,18,21,22,23,24,25
716,11,12,13,16,17,18,21,22,23,24,25
717,11,12,13,16,17,18,21,22,23,24,25
718,11,12,13,16,17,18,21,22,23,24,25
719,11,12,13,16,17,18,21,22,23,24,25
720,11,12,13,16,17,18,21,22,23,24,25
721,11,12,13,16,17,18,21,22,23,24,25
722,11,12,13,16,17,18,21,22,23,24,25
723,11,12,13,16,17,18,21,22,23,24,25
724,11,12,13,16,17,18,21,22,23,24,25
725,11,12,13,16,17,18,21,22,23,24,25
726,11,12,13,16,17,18,21,22,23,24,25
727,11,12,16,17,18,21,22,23,24,25
728,11,12,16,17,18,21,22,23,24,25
729,11,12,16,17,18,21,22,23
730,11,12,16,17,18,21,22,23
731,11,12,16,17,18,21,22,23
732,11,12,16,17,18,21,22,23
733,11,12,16,17,18,21,22,23
734,11,12,16,17,18,21,22,23
735,11,12,16,17,18,21,22,23
736,11,12,16,17,18,21,22,23
737,11,12,16,17,18,21,22,23,24,25
738,11,12,16,17,18,21,22,23,24,25
739,11,12,16,17,18,21,22,23,24,25
740,11,12,16,17,18,21,22,23,24,25
741,11,12,16,17,18,21,22,23,24,25
742,11,12,16,17,18,21,22,23,24,25
743,11,12,16,17,18,21,22,23,24,25
744,11,12,16,17,18,21,22,23,24,25
745,11,12,16,17,18,21,22,23,24,25
746,11,12,16,17,18,21,22,23,24,25
747,11,12,16,17,18,21,22,23,24,25
748,11,12,16,17,18,21,22,23,24,25
749,11,12,16,17,18,21,22,23,24,25
750,11,12,16,17,18,21,22,23,24,25
751,11,12,16,17,18,21,22,23,24,25
752,11,12,16,17,18,21,22,23,24,25
753,11,12,16,17,18,21,22,23,24,25
754,11,12,16,17,18,21,22,23,24,25
755,7,11,12,13,16,17,18,21,22,23
756,7,11,12,13,16,17,18,21,22,23
757,7,11,12,13,16,17,18,21,22,23
758,7,11,12,13,16,17,18,21,22,23
759,7,11,12,13,16,17,18,21,22,23
760,7,11,12,13,16,17,18,21,22,23
761,7,11,12,13,16,17,18,21,22,23
762,7,11,12,13,16,17,18,21,22,23
763,7,11,12,13,16,17,18,21,22,23
764,7,11,12,13,16,17,18,21,22,23
765,7,11,12,13,16,17,18,21,22,23
766,7,11,12,13,16,17,18,21,22,23
767,7,11,12,13,16,17,18,21,22,23
768,7,11,12,13,16,17,18,21,22,23
769,7,11,12,13,16,17,18,21,22,23
770,7,11,12,13,16,17,18,21,22,23
771,7,12,13,16,17,18,21,22,23
772,7,12,13,16,17,18,21,22,23
773,7,12,13,16,17,18,21,22,23
774,7,12,13,16,17,18,21,22,23
775,7,12,13,16,17,18,21,22,23
776,7,12,13,16,17,18,21,22,23
777,7,11,12,13,16,17,18,21,22,23
778,7,11,12,13,16,17,18,21,22,23
779,7,11,12,13,16,17,18,21,22,23
780,7,11,12,13,16,17,18,21,22,23
781,11,12,13,16,17,18,21,22,23
782,11,12,13,16,17,18,21,22,23
783,11,12,13,16,17,18,21,22,23,24,25
784,11,12,13,16,17,18,21,22,23,24,25
785,11,12,13,16,17,18,21,22,23,24,25
786,11,12,13,16,17,18,21,22,23,24,25
787,11,12,13,16,17,18,21,22,23,24,25
788,11,12,13,16,17,18,21,22,23,24,25
789,11,12,13,16,17,18,21,22,23
790,11,12,13,16,17,18,21,22,23
791,11,12,13,16,17,18,21,22,23
792,11,12,13,16,17,18,21,22,23
793,11,12,13,16,17,18,21,22,23
794,11,12,13,16,17,18,21,22,23
795,7,11,12,13,16,17,18,21,22,23
796,7,11,12,13,16,17,18,21,22,23
797,7,11,12,16,17,18,21,22,23
798,7,11,12,16,17,18,21,22,23
799,7,11,12,16,17,21,22
800,7,11,12,16,17,21,22
801,7,11,12,16,17,21,22
802,7,11,12,16,17,21,22
803,7,11,12,16,17,21,22
804,7,11,12,16,17,21,22
805,6,7,11,12,16,17,21,22
806,6,7,11,12,16,17,21,22
807,6,7,11,12,16,17,21,22
808,6,7,11,12,16,17,21,22
809,6,7,11,12,16,17,21,22
810,6,7,11,12,16,17,21,22
811,6,7,11,12,16,17,21,22
812,6,7,11,12,16,17,21,22
813,6,7,11,12,16,17,21,22
814,6,7,11,12,16,17,21,22
815,6,7,11,12,16,17,21,22
816,6,7,11,12,16,17,21,22
817,6,7,11,12,16,17,21,22
818,6,7,11,12,16,17,21,22
819,6,7,11,12,16,17,21,22
820,6,7,11,12,16,17,21,22
821,6,7,11,12,16,17,21,22
822,6,7,11,12,16,17,21,22
823,6,7,11,12,16,17,21,22
824,6,7,11,12,16,17,21,22
825,6,7,11,12,16,17,21,22
826,6,7,11,12,16,17,21,22
827,6,7,11,12,16,17,21,22
828,6,7,11,12,16,17,21,22
829,6,7,11,12,16,17,21,22
830,6,7,11,12,16,17,21,22
831,6,7,11,12,16,17,21,22
832,6,7,11,12,16,17,21,22
833,6,7,11,12,16,17,21,22
834,6,7,11,12,16,17,21,22
835,6,7,11,12,16,17,21,22
836,6,7,11,12,16,17,21,22
837,6,7,11,12,16,17,21,22
838,6,7,11,12,16,17,21,22
839,6,7,11,12,16,17,21,22
840,6,7,11,12,16,17,21,22
841,6,7,11,12,16,17,21,22
842,6,7,11,12,16,17,21,22
843,6,7,11,12,16,17,21,22
844,6,7,11,12,16,17,21,22
845,6,7,11,12,16,17,21,22
846,6,7,11,12,16,17,21,22
847,6,7,11,12,16,17,21,22
848,6,7,11,12,16,17,21,22
849,6,7,11,12,16,17,21,22
850,6,7,11,12,16,17,21,22
851,6,7,11,12,16,17,21,22
852,6,7,11,12,16,17,21,22
853,6,7,11,12,16,17,21,22
854,6,7,11,12,16,17,21,22
855,6,7,11,12,16,17,21,22
856,6,7,11,12,16,17,21,22
857,6,7,11,12,16,17,21,22
858,6,7,11,12,16,17,21,22
859,6,7,11,12,16,17,21,22
860,6,7,11,12,16,17,21,22
861,6,7,11,12,16,17,21,22
862,6,7,11,12,16,17,21,22
863,6,7,11,12,16,17,21,22
864,6,7,11,12,16,17,21,22
865,6,7,11,12,16,17,21,22
866,6,7,11,12,16,17,21,22
867,6,7,11,12,16,17,21,22
868,6,7,11,12,16,17,21,22
869,6,7,11,12,16,17,21,22
870,6,7,11,12,16,17,21,22
871,6,7,11,12,16,17,21,22
872,6,7,11,12,16,17,21,22
873,6,7,11,12,16,17,21,22
874,6,7,11,12,16,17,21,22
875,6,7,11,12,16,17,21,22
876,6,7,11,12,16,17,21,22
877,6,7,11,12,16,17,21,22
878,6,7,11,12,16,17,21,22
879,6,7,11,12,16,17,21,22
880,6,7,11,12,16,17,21,22
881,6,7,11,12,16,17,21,22
882,6,7,11,12,16,17,21,22
883,6,7,11,12,16,17,21,22
884,6,7,11,12,16,17,21,22
885,6,7,11,12,16,17,21,22
886,6,7,11,12,16,17,21,22
887,6,7,11,12,16,17,21,22
888,6,7,11,12,16,17,21,22
889,6,7,11,12,16,17,21,22
890,6,7,11,12,16,17,21,22
891,6,7,11,12,16,17,21,22
892,6,7,11,12,16,17,21,22
893,6,7,11,12,16,17,21,22
894,6,7,11,12,16,17,21,22
895,6,7,11,12,16,17,21,22
896,6,7,11,12,16,17,21,22
897,6,7,11,12,16,17,21,22
898,6,7,11,12,16,17,21,22
899,6,7,11,12,16,17,21,22
900,6,7,11,12,16,17,21,22
901,6,7,11,12,16,17,21,22
902,6,7,11,12,16,17,21,22
903,6,7,11,12,16,17,21,22
904,6,7,11,12,16,17,21,22
905,6,7,11,12,16,17,20,21,22
906,6,7,11,12,16,17,20,21,22
907,6,7,11,12,16,17,20,21,22
908,6,7,11,12,16,17,20,21,22
909,6,7,11,12,16,17,20,21,22
910,6,7,11,12,16,17,20,21,22
911,6,7,11,12,15,16,17,20,21,22
912,6,7,11,12,15,16,17,20,21,22
913,6,7,11,12,15,16,17,20,21,22
914,6,7,11,12,15,16,17,20,21,22
915,6,7,11,12,15,16,17,20,21,22
916,6,7,11,12,15,16,17,20,21,22
917,6,7,11,12,15,16,17,20,21,22,25
918,6,7,11,12,15,16,17,20,21,22,25
919,6,7,11,12,15,16,17,20,21,22
920,6,7,11,12,15,16,17,20,21,22
921,6,7,11,12,15,16,17,20,21,22
922,6,7,11,12,15,16,17,20,21,22
923,6,7,11,12,15,16,17,20,21,22
924,6,7,11,12,15,16,17,20,21,22
925,6,7,11,12,15,16,17,20,21,22,25
926,6,7,11,12,15,16,17,20,21,22,25
927,6,7,11,12,15,16,17,20,21,22,25
928,6,7,11,12,15,16,17,20,21,22,25
929,6,7,11,12,15,16,17,20,21,22
930,6,7,11,12,15,16,17,20,21,22
931,6,7,11,12,15,16,17,20,21,22,25
932,6,7,11,12,15,16,17,20,21,22,25
933,6,7,11,12,15,16,17,20,21,22,25
934,6,7,11,12,15,16,17,20,21,22,25
935,6,10,11,15,16,20,21,25
936,6,10,11,15,16,20,21,25
937,6,10,11,15,16,20
938,6,10,11,15,16,20
939,6,10,11,15,16,20
940,6,10,11,15,16,20
941,6,10,11,15,16,20
942,6,10,11,15,16,20
943,6,10,11,15,16,20,21,25
944,6,10,11,15,16,20,21,25
945,6,10,11,15,16,20,21,25
946,6,10,11,15,16,20,21,25
947,6,10,11,15,16,20,21,25
948,6,10,11,15,16,20,21,25
949,6,11,12,15,16,17,20,21,22,25
950,6,11,12,15,16,17,20,21,22,25
951,6,7,11,12,15,16,17,20,21,22,25
952,6,7,11,12,15,16,17,20,21,22,25
953,6,7,11,12,15,16,17,20,21,22,25
954,6,7,11,12,15,16,17,20,21,22,25
955,6,7,11,12,15,16,17,20,21,22
956,6,7,11,12,15,16,17,20,21,22
957,6,7,11,12,15,16,17,20,21,22
958,6,7,11,12,15,16,17,20,21,22
959,6,7,11,12,15,16,17,20,21,22
960,6,7,11,12,15,16,17,20,21,22
961,6,7,11,12,15,16,17,20,21,22
962,6,7,11,12,15,16,17,20,21,22
963,6,7,11,12,15,16,17,20,21,22
964,6,7,11,12,15,16,17,20,21,22
965,6,7,11,12,15,16,17,20,21,22
966,6,7,11,12,15,16,17,20,21,22
967,6,7,11,12,15,16,17,20,21,22
968,6,7,11,12,15,16,17,20,21,22
969,6,7,11,12,15,16,17,20,21,22
970,6,7,11,12,15,16,17,20,21,22
971,6,7,11,12,15,16,17,20,21,22
972,6,7,11,12,15,16,17,20,21,22
973,6,7,11,12,15,16,17,20,21,22
974,6,7,11,12,15,16,17,20,21,22
975,6,7,11,12,16,17,21,22
976,6,7,11,12,16,17,21,22
977,6,7,11,12,16,17,21,22
978,6,7,11,12,16,17,21,22
979,6,7,11,12,16,17,21,22
980,6,7,11,12,16,17,21,22
981,6,7,11,12,16,17,21,22
982,6,7,11,12,16,17,21,22
983,6,7,11,12,16,17,21,22
984,6,7,11,12,16,17,21,22
985,6,7,11,12,16,17,21,22
986,6,7,11,12,16,17,21,22
987,6,7,11,12,16,17,21,22
988,6,7,11,12,16,17,21,22
989,6,7,11,12,16,17,21,22
990,6,7,11,12,16,17,21,22
991,6,7,11,12,16,17,21,22
992,6,7,11,12,16,17,21,22
993,6,7,11,12,16,17,21,22
994,6,7,11,12,16,17,21,22
995,6,7,11,12,16,17,21,22
996,6,7,11,12,16,17,21,22
997,6,7,11,12,16,17,21,22
998,6,7,11,12,16,17,21,22
999,6,7,11,12,16,17,21,22
1000,6,7,11,12,16,17,21,22
1001,6,7,11,12,16,17,21,22
1002,6,7,11,12,16,17,21,22
1003,6,7,11,12,16,17,21,22
1004,6,7,11,12,16,17,21,22
1005,6,7,11,12,16,17,21,22
1006,6,7,11,12,16,17,21,22
1007,6,7,11,12,16,17,21,22
1008,6,7,11,12,16,17,21,22
1009,6,7,11,12,16,17,21,22
1010,6,7,11,12,16,17,21,22
1011,6,7,11,12,16,17,21,22
1012,6,7,11,12,16,17,21,22
1013,6,7,11,12,16,17,21,22
1014,6,7,11,12,16,17,21,22
1015,6,7,11,12,16,17,21,22
1016,6,7,11,12,16,17,21,22
1017,6,7,11,12,16,17,21,22
1018,6,7,11,12,16,17,21,22
1019,6,7,11,12,16,17,21,22
1020,6,7,11,12,16,17,21,22
1021,6,7,11,12,16,17,21,22
1022,6,7,11,12,16,17,21,22
1023,6,7,11,12,16,17,21,22
1024,6,7,11,12,16,17,21,22
1025,6,7,11,12,16,17,21,22
1026,6,7,11,12,16,17,21,22
1027,6,7,11,12,16,17,21,22
1028,6,7,11,12,16,17,21,22
1029,6,7,11,12,16,17,21,22
1030,6,7,11,12,16,17,21,22
1031,6,7,11,12,16,17,21,22
1032,6,7,11,12,16,17,21,22
1033,6,7,11,12,16,17,21,22
1034,6,7,11,12,16,17,21,22
1035,6,7,11,12,16,17,21,22
1036,6,7,11,12,16,17,21,22
1037,6,7,11,12,16,17,21,22
1038,6,7,11,12,16,17,21,22
1039,6,7,11,12,16,17,21,22
1040,6,7,11,12,16,17,21,22
1041,6,7,11,12,16,17,21,22
1042,6,7,11,12,16,17,21,22
1043,6,7,11,12,16,17,21,22
1044,6,7,11,12,16,17,21,22
1045,6,7,11,12,16,17,21,22
1046,6,7,11,12,16,17,21,22
1047,6,7,11,12,16,17,21,22
1048,6,7,11,12,16,17,21,22
1049,6,7,11,12,16,17,21,22
1050,6,7,11,12,16,17,21,22
1051,6,7,11,12,16,17,21,22
1052,6,7,11,12,16,17,21,22
1053,6,7,11,12,16,17,21,22
1054,6,7,11,12,16,17,21,22
1055,6,7,11,12,16,17,21,22
1056,6,7,11,12,16,17,21,22
1057,6,7,11,12,16,17,21,22
1058,6,7,11,12,16,17,21,22
1059,6,7,11,12,16,17,21,22
1060,6,7,11,12,16,17,21,22
1061,6,7,11,12,16,17,21,22
1062,6,7,11,12,16,17,21,22
1063,6,7,11,12,16,17,21,22
1064,6,7,11,12,16,17,21,22
1065,6,7,11,12,16,17,21,22
1066,6,7,11,12,16,17,21,22
1067,6,7,11,12,16,17,21,22
1068,6,7,11,12,16,17,21,22
1069,6,7,11,12,16,17,21,22
1070,6,7,11,12,16,17,21,22
1071,6,7,11,12,16,17,21,22
1072,6,7,11,12,16,17,21,22
1073,6,7,11,12,16,17,21,22
1074,6,7,11,12,16,17,21,22
1075,6,7,11,12,16,17,21,22
1076,6,7,11,12,16,17,21,22
1077,6,7,11,12,15,16,17,20,21,22
1078,6,7,11,12,15,16,17,20,21,22
1079,6,7,11,12,15,16,17,20,21,22
1080,6,7,11,12,15,16,17,20,21,22
1081,6,7,11,12,15,16,17,20,21,22
1082,6,7,11,12,15,16,17,20,21,22
1083,6,7,11,12,15,16,17,20,21,22
1084,6,7,11,12,15,16,17,20,21,22
1085,6,7,11,12,15,16,17,20,21,22
1086,6,7,11,12,15,16,17,20,21,22
1087,6,7,11,12,15,16,17,20,21,22
1088,6,7,11,12,15,16,17,20,21,22
1089,6,7,11,12,15,16,17,20,21,22
1090,6,7,11,12,15,16,17,20,21,22
1091,6,7,11,12,15,16,17,20,21,22
1092,6,7,11,12,15,16,17,20,21,22
1093,6,7,11,12,15,16,17,20,21,22
1094,6,7,11,12,15,16,17,20,21,22
1095,6,7,11,12,15,16,17,20,21,22
1096,6,7,11,12,15,16,17,20,21,22
1097,6,7,11,12,15,16,17,20,21,22
1098,6,7,11,12,15,16,17,20,21,22
1099,6,7,11,12,15,16,17,20,21,22
1100,6,7,11,12,15,16,17,20,21,22
1101,6,7,11,12,15,16,17,20,21,22
1102,6,7,11,12,15,16,17,20,21,22
1103,6,7,11,12,15,16,17,20,21,22
1104,6,7,11,12,15,16,17,20,21,22
1105,6,7,11,12,15,16,17,20,21,22
1106,6,7,11,12,15,16,17,20,21,22
1107,6,7,11,12,15,16,17,20,21,22
1108,6,7,11,12,15,16,17,20,21,22
1109,6,7,11,12,15,16,17,20,21,22
1110,6,7,11,12,15,16,17,20,21,22
1111,6,7,11,12,15,16,17,20,21,22
1112,6,7,11,12,15,16,17,20,21,22
1113,6,7,11,12,15,16,17,20,21,22
1114,6,7,11,12,15,16,17,20,21,22
1115,6,7,11,12,15,16,17,20,21,22
1116,6,7,11,12,15,16,17,20,21,22
1117,6,7,11,12,15,16,17,20,21,22
1118,6,7,11,12,15,16,17,20,21,22
1119,6,7,11,12,15,16,17,20,21,22
1120,6,7,11,12,15,16,17,20,21,22
1121,6,7,11,12,15,16,17,20,21,22
1122,6,7,11,12,15,16,17,20,21,22
1123,6,7,11,12,15,16,17,20,21,22
1124,6,7,11,12,15,16,17,20,21,22
1125,6,7,11,12,15,16,17,20,21,22
1126,6,7,11,12,15,16,17,20,21,22
1127,6,7,11,12,15,16,17,20,21,22
1128,6,7,11,12,15,16,17,20,21,22
1129,6,11,12,15,16,17,20,21,22,25
1130,6,11,12,15,16,17,20,21,22,25
1131,6,11,12,15,16,17,20,21,22,25
1132,6,11,12,15,16,17,20,21,22,25
1133,6,11,12,15,16,17,20,21,22,25
1134,6,11,12,15,16,17,20,21,22,25
1135,6,10,11,12,15,16,17,20,21,22,25
1136,6,10,11,12,15,16,17,20,21,22,25
1137,6,10,11,12,15,16,17,20,21,25
1138,6,10,11,12,15,16,17,20,21,25
1139,6,10,11,12,15,16,17,20,21,25
1140,6,10,11,12,15,16,17,20,21,25
1141,6,10,11,15,16,20,21,25
1142,6,10,11,15,16,20,21,25
1143,6,10,11,15,16,20,21,25
1144,6,10,11,15,16,20,21,25
1145,6,10,11,15,16,20,21,25
1146,6,10,11,15,16,20,21,25
1147,6,10,11,15,16,20,21,25
1148,6,10,11,15,16,20,21,25
1149,6,10,11,15,16,20,21,25
1150,6,10,11,15,16,20,21,25
1151,6,10,11,15,16,20,21,25
1152,6,10,11,15,16,20,21,25
1153,6,10,11,15,16,20,21,25
1154,6,10,11,15,16,20,21,25
1155,6,10,11,15,16,20,21,25
1156,6,10,11,15,16,20,21,25
1157,6,10,11,15,16,20,21,25
1158,6,10,11,15,16,20,21,25
1159,6,10,11,15,16,20,21,25
1160,6,10,11,15,16,20,21,25
1161,6,10,11,15,16,20,21,25
1162,6,10,11,15,16,20,21,25
1163,6,10,11,15,16,20,21,25
1164,6,10,11,15,16,20,21,25
1165,6,10,11,15,16,20,21,25
1166,6,10,11,15,16,20,21,25
1167,6,10,11,14,15,16,19,20,21,25
1168,6,10,11,14,15,16,19,20,21,25
1169,6,10,11,14,15,16,19,20,21,25
1170,6,10,11,14,15,16,19,20,21,25
1171,6,10,11,14,15,16,19,20,21,25
1172,6,10,11,14,15,16,19,20,21,25
1173,6,10,11,14,15,16,19,20,21,25
1174,6,10,11,14,15,16,19,20,21,25
1175,6,10,11,14,15,16,19,20,21,25
1176,6,10,11,14,15,16,19,20,21,25
1177,6,10,11,14,15,16,19,20,21,25
1178,6,10,11,14,15,16,19,20,21,25
1179,6,10,11,15,16,20,21,25
1180,6,10,11,15,16,20,21,25
1181,6,10,11,15,16,20,21,25
1182,6,10,11,15,16,20,21,25
1183,6,10,11,15,16,20,21,25
1184,6,10,11,15,16,20,21,25
1185,6,10,11,15,16,20,21,25
1186,6,10,11,15,16,20,21,25
1187,6,10,11,15,16,20,21,25
1188,6,10,11,15,16,20,21,25
1189,6,10,11,15,16,20,21,25
1190,6,10,11,15,16,20,21,25
1191,6,10,11,15,16,20,21,25
1192,6,10,11,15,16,20,21,25
1193,6,10,11,15,16,20,21,25
1194,6,10,11,15,16,20,21,25
1195,6,10,11,15,16,20,21,25
1196,6,10,11,15,16,20,21,25
1197,6,10,11,15,16,20,21,25
1198,6,10,11,15,16,20,21,25
1199,6,10,11,15,16,20,21,25
1200,6,10,11,15,16,20,21,25
1201,6,10,11,15,16,20,21,25
1202,6,10,11,15,16,20,21,25
1203,6,10,11,15,16,20,21,25
1204,6,10,11,15,16,20,21,25
1205,6,10,11,15,16,20,21,25
1206,6,10,11,15,16,20,21,25
1207,6,10,11,15,16,20,21,25
1208,6,10,11,15,16,20,21,25
1209,6,10,11,15,16,20,21,25
1210,6,10,11,15,16,20,21,25
1211,6,10,11,15,16,20,21,25
1212,6,10,11,15,16,20,21,25
1213,6,10,11,15,16,20,21,25
1214,6,10,11,15,16,20,21,25
1215,6,10,11,15,16,20,21,25
1216,6,10,11,15,16,20,21,25
1217,6,10,11,15,16,20,21,25
1218,6,10,11,15,16,20,21,25
1219,6,7,10,11,12,15,16,17,20,21
1220,6,7,10,11,12,15,16,17,20,21
1221,6,7,10,11,12,15,16,17,20,21
1222,6,7,10,11,12,15,16,17,20,21
1223,6,7,10,11,12,15,16,17,20,21
1224,6,7,10,11,12,15,16,17,20,21
1225,6,7,10,11,12,15,16,17,20,21
1226,6,7,10,11,12,15,16,17,20,21
1227,6,7,10,11,12,15,16,17,20,21
1228,6,7,10,11,12,15,16,17,20,21
1229,6,7,10,11,12,15,16,17,20,21
1230,6,7,10,11,12,15,16,17,20,21
1231,6,7,11,12,15,16,17,20,21
1232,6,7,11,12,15,16,17,20,21
1233,6,7,11,12,15,16,17,20,21
1234,6,7,11,12,15,16,17,20,21
1235,6,7,11,12,15,16,17,21
1236,6,7,11,12,15,16,17,21
1237,6,7,11,12,16,17,21,22
1238,6,7,11,12,16,17,21,22
1239,6,7,11,12,16,17,21,22
1240,6,7,11,12,16,17,21,22
1241,6,7,11,12,16,17,21,22
1242,6,7,11,12,16,17,21,22
1243,6,7,11,12,16,17,21,22
1244,6,7,11,12,16,17,21,22
1245,6,7,11,12,16,17,21,22
1246,6,7,11,12,16,17,21,22
1247,6,7,11,12,16,17,21,22
1248,6,7,11,12,16,17,21,22
1249,6,7,11,12,16,17,21,22
1250,6,7,11,12,16,17,21,22
1251,6,7,11,12,16,17,21,22
1252,6,7,11,12,16,17,21,22
1253,7,11,12,16,17,21,22
1254,7,11,12,16,17,21,22
1255,7,11,12,16,17,21,22
1256,7,11,12,16,17,21,22
1257,7,11,12,16,17,21,22
1258,7,11,12,16,17,21,22
1259,7,11,12,16,17,21,22
1260,7,11,12,16,17,21,22
1261,7,11,12,16,17,21,22
1262,7,11,12,16,17,21,22
1263,7,11,12,16,17,21,22
1264,7,11,12,16,17,21,22
1265,7,11,12,16,17,21,22
1266,7,11,12,16,17,21,22
1267,7,11,12,16,17,18,21,22
1268,7,11,12,16,17,18,21,22
1269,7,11,12,16,17,18,21,22
1270,7,11,12,16,17,18,21,22
1271,7,11,12,16,17,18,21,22
1272,7,11,12,16,17,18,21,22
1273,7,11,12,16,17,21,22
1274,7,11,12,16,17,21,22
1275,7,11,12,16,17,21,22
1276,7,11,12,16,17,21,22
1277,7,11,12,16,17,21,22
1278,7,11,12,16,17,21,22
1279,7,11,12,16,17,21,22
1280,7,11,12,16,17,21,22
1281,7,11,12,16,17,21,22
1282,7,11,12,16,17,21,22
1283,7,11,12,16,17,21,22
1284,7,11,12,16,17,21,22
1285,7,11,12,16,17,21,22
1286,7,11,12,16,17,21,22
1287,7,11,12,16,17,21,22
1288,7,11,12,16,17,21,22
1289,6,7,11,12,16,17,21,22
1290,6,7,11,12,16,17,21,22
1291,6,7,11,12,16,17,21,22
1292,6,7,11,12,16,17,21,22
1293,6,7,11,12,16,17,21,22
1294,6,7,11,12,16,17,21,22
1295,6,7,11,12,16,17,21,22
1296,6,7,11,12,16,17,21,22
1297,6,7,11,12,16,17,21,22
1298,6,7,11,12,16,17,21,22
1299,6,7,11,12,16,17,21,22
1300,6,7,11,12,16,17,21,22
1301,6,7,11,12,16,17,21,22
1302,6,7,11,12,16,17,21,22
1303,7,11,12,16,17,21,22
1304,7,11,12,16,17,21,22
1305,7,11,12,16,17,21,22
1306,7,11,12,16,17,21,22
1307,7,11,12,13,16,17,18,21,22,23
1308,7,11,12,13,16,17,18,21,22,23
1309,7,11,12,13,16,17,18,21,22,23
1310,7,11,12,13,16,17,18,21,22,23
1311,7,11,12,13,16,17,18,21,22,23
1312,7,11,12,13,16,17,18,21,22,23
1313,11,12,13,16,17,18,21,22,23
1314,11,12,13,16,17,18,21,22,23
1315,11,12,13,16,17,18,21,22,23,24,25
1316,11,12,13,16,17,18,21,22,23,24,25
1317,11,12,13,16,17,18,21,22,23,24,25
1318,11,12,13,16,17,18,21,22,23,24,25
1319,12,13,16,17,18,21,22,23,24,25
1320,12,13,16,17,18,21,22,23,24,25
1321,12,13,16,17,18,21,22,23,24,25
1322,12,13,16,17,18,21,22,23,24,25
1323,12,13,16,17,18,21,22,23,24,25
1324,12,13,16,17,18,21,22,23,24,25
1325,12,13,16,17,18,21,22,23,24,25
1326,12,13,16,17,18,21,22,23,24,25
1327,12,13,16,17,18,21,22,23,24,25
1328,12,13,16,17,18,21,22,23,24,25
1329,12,13,16,17,18,21,22,23,24,25
1330,12,13,16,17,18,21,22,23,24,25
1331,12,13,16,17,18,21,22,23,24,25
1332,12,13,16,17,18,21,22,23,24,25
1333,12,13,16,17,18,21,22,23,24,25
1334,12,13,16,17,18,21,22,23,24,25
1335,12,13,16,17,18,21,22,23,24,25
1336,12,13,16,17,18,21,22,23,24,25
1337,12,13,16,17,18,21,22,23,24,25
1338,12,13,16,17,18,21,22,23,24,25
1339,12,13,16,17,18,21,22,23,24,25
1340,12,13,16,17,18,21,22,23,24,25
1341,11,12,13,16,17,18,21,22,23,24,25
1342,11,12,13,16,17,18,21,22,23,24,25
1343,11,12,13,16,17,18,21,22,23
1344,11,12,13,16,17,18,21,22,23
1345,7,11,12,13,16,17,18,21,22,23
1346,7,11,12,13,16,17,18,21,22,23
1347,7,11,12,16,17,21,22
1348,7,11,12,16,17,21,22
1349,6,7,11,12,16,17,21,22
1350,6,7,11,12,16,17,21,22
1351,6,7,11,12,16,17,21,22
1352,6,7,11,12,16,17,21,22
1353,6,7,11,12,16,17,21,22
1354,6,7,11,12,16,17,21,22
1355,6,7,11,12,16,17,21,22
1356,6,7,11,12,16,17,21,22
1357,6,7,11,12,16,17,21,22
1358,6,7,11,12,16,17,21,22
1359,6,7,11,12,16,17,21,22
1360,6,7,11,12,16,17,21,22
1361,6,7,11,12,16,17,21,22
1362,6,7,11,12,16,17,21,22
1363,6,7,11,12,16,17,21,22
1364,6,7,11,12,16,17,21,22
1365,6,7,11,12,15,16,17,20,21,22
1366,6,7,11,12,15,16,17,20,21,22
1367,6,7,11,12,15,16,17,20,21,22
1368,6,7,11,12,15,16,17,20,21,22
1369,6,7,11,12,15,16,17,20,21,22
1370,6,7,11,12,15,16,17,20,21,22
1371,6,7,11,12,15,16,17,20,21,22
1372,6,7,11,12,15,16,17,20,21,22
1373,6,7,11,12,15,16,17,20,21,22
1374,6,7,11,12,15,16,17,20,21,22
1375,6,7,11,12,15,16,17,20,21,22
1376,6,7,11,12,15,16,17,20,21,22
1377,6,7,11,12,15,16,17,20,21,22
1378,6,7,11,12,15,16,17,20,21,22
1379,6,7,11,12,15,16,17,20,21,22
1380,6,7,11,12,15,16,17,20,21,22
1381,6,7,11,12,15,16,17,20,21,22
1382,6,7,11,12,15,16,17,20,21,22
1383,6,7,11,12,15,16,17,20,21,22
1384,6,7,11,12,15,16,17,20,21,22
1385,6,7,10,11,12,15,16,17,20,21
1386,6,7,10,11,12,15,16,17,20,21
1387,6,7,10,11,12,15,16,17,20,21
1388,6,7,10,11,12,15,16,17,20,21
1389,6,10,11,12,15,16,17,20,21
1390,6,10,11,12,15,16,17,20,21
1391,6,10,11,12,15,16,17,20,21
1392,6,10,11,12,15,16,17,20,21
1393,6,10,11,12,15,16,17,20,21
1394,6,10,11,12,15,16,17,20,21
1395,6,10,11,12,15,16,17,20,21
1396,6,10,11,12,15,16,17,20,21
1397,6,10,11,12,15,16,17,20,21
1398,6,10,11,12,15,16,17,20,21
1399,6,10,11,12,15,16,17,20,21
1400,6,10,11,12,15,16,17,20,21
1401,6,10,11,12,15,16,17,20,21
1402,6,10,11,12,15,16,17,20,21
1403,6,10,11,12,15,16,17,20,21
1404,6,10,11,12,15,16,17,20,21
1405,6,10,11,12,15,16,17,20,21
1406,6,10,11,12,15,16,17,20,21
1407,6,7,10,11,12,15,16,17,20,21
1408,6,7,10,11,12,15,16,17,20,21
1409,6,7,10,11,12,15,16,17,20,21
1410,6,7,10,11,12,15,16,17,20,21
1411,6,7,10,11,12,15,16,17,20,21
1412,6,7,10,11,12,15,16,17,20,21
1413,6,7,10,11,12,15,16,17,20,21
1414,6,7,10,11,12,15,16,17,20,21
1415,6,7,10,11,12,15,16,17,20,21
1416,6,7,10,11,12,15,16,17,20,21
1417,6,7,10,11,12,15,16,17,20,21
1418,6,7,10,11,12,15,16,17,20,21
1419,6,7,10,11,12,15,16,17,20
1420,6,7,10,11,12,15,16,17,20
1421,1,6,7,11,12,15,16,17
1422,1,6,7,11,12,15,16,17
1423,1,6,7,11,12,15,16,17
1424,1,6,7,11,12,15,16,17
1425,6,7,11,12,15,16,17
1426,6,7,11,12,15,16,17
1427,6,7,11,12,15,16,17
1428,6,7,11,12,15,16,17
1429,6,7,11,12,15,16,17,20,21
1430,6,7,11,12,15,16,17,20,21
1431,6,7,11,12,15,16,17,20,21
1432,6,7,11,12,15,16,17,20,21
1433,6,7,10,11,12,15,16,17,20,21
1434,6,7,10,11,12,15,16,17,20,21
1435,6,7,10,11,12,15,16,17,20,21
1436,6,7,10,11,12,15,16,17,20,21
1437,6,7,10,11,12,15,16,17,20,21
1438,6,7,10,11,12,15,16,17,20,21
1439,6,7,10,11,12,15,16,17,20,21
1440,6,7,10,11,12,15,16,17,20,21
1441,6,7,10,11,12,15,16,17,20,21
1442,6,7,10,11,12,15,16,17,20,21
1443,6,7,10,11,12,15,16,17,20,21
1444,6,7,10,11,12,15,16,17,20,21
1445,6,7,10,11,12,15,16,17,20,21
1446,6,7,10,11,12,15,16,17,20,21
1447,6,7,10,11,12,15,16,17,20,21
1448,6,7,10,11,12,15,16,17,20,21
1449,6,7,10,11,12,15,16,17,20,21
1450,6,7,10,11,12,15,16,17,20,21
1451,6,7,10,11,12,15,16,17,20,21
1452,6,7,10,11,12,15,16,17,20,21
1453,6,7,10,11,12,15,16,17,20,21
1454,6,7,10,11,12,15,16,17,20,21
1455,6,7,10,11,12,15,16,17,20,21
1456,6,7,10,11,12,15,16,17,20,21
1457,6,7,10,11,12,15,16,17,20,21
1458,6,7,10,11,12,15,16,17,20,21
1459,6,7,10,11,12,15,16,17,20,21
1460,6,7,10,11,12,15,16,17,20,21
1461,6,7,10,11,12,15,16,17,20,21
1462,6,7,10,11,12,15,16,17,20,21
1463,6,7,10,11,12,15,16,17,20,21
1464,6,7,10,11,12,15,16,17,20,21
1465,6,7,10,11,12,15,16,17,20,21
1466,6,7,10,11,12,15,16,17,20,21
1467,6,7,10,11,12,15,16,17,20,21
1468,6,7,10,11,12,15,16,17,20,21
1469,6,7,10,11,12,15,16,17,20,21
1470,6,7,10,11,12,15,16,17,20,21
1471,6,7,10,11,12,15,16,17,20,21
1472,6,7,10,11,12,15,16,17,20,21
1473,6,7,10,11,12,15,16,17,20,21
1474,6,7,10,11,12,15,16,17,20,21
1475,6,7,10,11,12,15,16,17,20,21
1476,6,7,10,11,12,15,16,17,20,21
1477,6,7,10,11,12,15,16,17,20,21
1478,6,7,10,11,12,15,16,17,20,21
1479,6,7,10,11,12,15,16,17,20,21
1480,6,7,10,11,12,15,16,17,20,21
1481,6,7,10,11,12,15,16,17,20,21
1482,6,7,10,11,12,15,16,17,20,21
1483,6,7,10,11,12,15,16,17,20,21
1484,6,7,10,11,12,15,16,17,20,21
1485,6,7,10,11,12,15,16,17,20,21
1486,6,7,10,11,12,15,16,17,20,21
1487,6,7,10,11,12,15,16,17,20,21
1488,6,7,10,11,12,15,16,17,20,21
1489,6,7,10,11,12,15,16,17,20,21
1490,6,7,10,11,12,15,16,17,20,21
1491,6,7,10,11,12,15,16,17,20,21
1492,6,7,10,11,12,15,16,17,20,21
1493,6,7,10,11,12,15,16,17,20,21
1494,6,7,10,11,12,15,16,17,20,21
1495,6,7,10,11,12,15,16,17,20,21
1496,6,7,10,11,12,15,16,17,20,21
1497,6,7,10,11,12,15,16,17,20,21
1498,6,7,10,11,12,15,16,17,20,21
1499,6,7,10,11,12,15,16,17,20,21
1500,6,7,10,11,12,15,16,17,20,21
1501,6,7,10,11,12,15,16,17,20,21
1502,6,7,10,11,12,15,16,17,20,21
1503,6,7,10,11,12,15,16,17,20,21
1504,6,7,10,11,12,15,16,17,20,21
1505,6,7,10,11,12,15,16,17,20,21
1506,6,7,10,11,12,15,16,17,20,21
1507,6,7,10,11,12,15,16,17,20,21
1508,6,7,10,11,12,15,16,17,20,21
1509,6,7,10,11,12,15,16,17,20,21
1510,6,7,10,11,12,15,16,17,20,21
1511,6,7,10,11,12,15,16,17,20,21
1512,6,7,10,11,12,15,16,17,20,21
1513,6,7,10,11,12,15,16,17,20,21
1514,6,7,10,11,12,15,16,17,20,21
1515,6,7,10,11,12,15,16,17,20,21
1516,6,7,10,11,12,15,16,17,20,21
1517,6,7,10,11,12,15,16,17,20,21
1518,6,7,10,11,12,15,16,17,20,21
1519,6,7,10,11,12,15,16,17,20,21
1520,6,7,10,11,12,15,16,17,20,21
1521,6,7,10,11,12,15,16,17,20,21
1522,6,7,10,11,12,15,16,17,20,21
1523,6,7,10,11,12,15,16,17,20,21
1524,6,7,10,11,12,15,16,17,20,21
1525,6,7,10,11,12,15,16,17,20,21
1526,6,7,10,11,12,15,16,17,20,21
1527,6,7,10,11,12,15,16,17,20,21
1528,6,7,10,11,12,15,16,17,20,21
1529,6,10,11,12,15,16,17,20,21
1530,6,10,11,12,15,16,17,20,21
1531,6,10,11,12,15,16,17,20,21
1532,6,10,11,12,15,16,17,20,21
1533,6,10,11,12,15,16,17,20,21
1534,6,10,11,12,15,16,17,20,21
1535,6,10,11,12,15,16,17,20,21
1536,6,10,11,12,15,16,17,20,21
1537,6,10,11,12,15,16,17,20,21
1538,6,10,11,12,15,16,17,20,21
1539,6,7,10,11,12,15,16,17,20,21
1540,6,7,10,11,12,15,16,17,20,21
1541,6,7,10,11,12,15,16,17,20,21
1542,6,7,10,11,12,15,16,17,20,21
1543,6,7,10,11,12,15,16,17,20,21
1544,6,7,10,11,12,15,16,17,20,21
1545,6,7,10,11,12,15,16,17,20,21
1546,6,7,10,11,12,15,16,17,20,21
1547,6,7,10,11,12,15,16,17,20,21
1548,6,7,10,11,12,15,16,17,20,21
1549,6,7,10,11,12,15,16,17,20,21
1550,6,7,10,11,12,15,16,17,20,21
1551,6,7,10,11,12,15,16,17,20,21
1552,6,7,10,11,12,15,16,17,20,21
1553,6,7,10,11,12,15,16,17,20,21
1554,6,7,10,11,12,15,16,17,20,21
1555,6,7,10,11,12,15,16,17,20,21
1556,6,7,10,11,12,15,16,17,20,21
1557,6,7,10,11,12,15,16,17,20,21
1558,6,7,10,11,12,15,16,17,20,21
1559,6,7,10,11,12,15,16,17,20,21
1560,6,7,10,11,12,15,16,17,20,21
1561,6,7,10,11,12,15,16,17,20,21
1562,6,7,10,11,12,15,16,17,20,21
1563,6,7,11,12,15,16,17,20,21
1564,6,7,11,12,15,16,17,20,21
1565,6,7,11,12,15,16,17,20,21
1566,6,7,11,12,15,16,17,20,21
1567,6,7,11,12,15,16,17,21
1568,6,7,11,12,15,16,17,21
1569,6,7,11,12,16,17,21,22
1570,6,7,11,12,16,17,21,22
1571,6,7,11,12,16,17,21,22
1572,6,7,11,12,16,17,21,22
1573,6,7,11,12,16,17,21,22
1574,6,7,11,12,16,17,21,22
1575,6,7,11,12,16,17,21,22
1576,6,7,11,12,16,17,21,22
1577,6,7,11,12,16,17,21,22
1578,6,7,11,12,16,17,21,22
1579,6,7,11,12,16,17,21,22
1580,6,7,11,12,16,17,21,22
1581,6,7,11,12,16,17,21,22
1582,6,7,11,12,16,17,21,22
1583,6,7,11,12,16,17,21,22
1584,6,7,11,12,16,17,21,22
1585,6,7,11,12,16,17,21,22
1586,6,7,11,12,16,17,21,22
1587,6,7,11,12,16,17,21,22
1588,6,7,11,12,16,17,21,22
1589,6,7,11,12,16,17,21,22
1590,6,7,11,12,16,17,21,22
1591,6,7,11,12,16,17,21,22
1592,6,7,11,12,16,17,21,22
1593,6,7,11,12,16,17,21,22
1594,6,7,11,12,16,17,21,22
1595,6,7,11,12,16,17,21,22
1596,6,7,11,12,16,17,21,22
1597,6,7,11,12,16,17,21,22
1598,6,7,11,12,16,17,21,22
1599,6,7,11,12,16,17,21,22
1600,6,7,11,12,16,17,21,22
1601,6,7,11,12,16,17,21,22
1602,6,7,11,12,16,17,21,22
1603,6,7,11,12,16,17,21,22
1604,6,7,11,12,16,17,21,22
1605,6,7,11,12,16,17,21,22
1606,6,7,11,12,16,17,21,22
1607,6,7,11,12,16,17,21,22
1608,6,7,11,12,16,17,21,22
1609,6,7,11,12,16,17,21,22
1610,6,7,11,12,16,17,21,22
1611,6,7,11,12,16,17,21,22
1612,6,7,11,12,16,17,21,22
1613,6,7,11,12,16,17,21,22
1614,6,7,11,12,16,17,21,22
1615,6,7,11,12,16,17,21,22
1616,6,7,11,12,16,17,21,22
1617,6,7,11,12,16,17,21,22
1618,6,7,11,12,16,17,21,22
1619,6,7,11,12,16,17,21,22
1620,6,7,11,12,16,17,21,22
1621,6,7,11,12,16,17,21,22
1622,6,7,11,12,16,17,21,22
1623,6,7,11,12,16,17,21,22
1624,6,7,11,12,16,17,21,22
1625,6,7,11,12,16,17,21,22
1626,6,7,11,12,16,17,21,22
1627,6,7,11,12,16,17,21,22
1628,6,7,11,12,16,17,21,22
1629,6,7,11,12,16,17,21,22
1630,6,7,11,12,16,17,21,22
1631,6,7,11,12,16,17,21,22
1632,6,7,11,12,16,17,21,22
1633,6,7,11,12,16,17,21,22
1634,6,7,11,12,16,17,21,22
1635,6,7,11,12,16,17,21,22
1636,6,7,11,12,16,17,21,22
1637,6,7,11,12,16,17,21,22
1638,6,7,11,12,16,17,21,22
1639,6,7,11,12,16,17,21,22
1640,6,7,11,12,16,17,21,22
1641,6,7,11,12,16,17,20,21,22
1642,6,7,11,12,16,17,20,21,22
1643,6,11,12,15,16,17,20,21,22,25
1644,6,11,12,15,16,17,20,21,22,25
1645,6,11,12,15,16,17,20,21,22,25
1646,6,11,12,15,16,17,20,21,22,25
1647,6,11,12,15,16,17,20,21,22,25
1648,6,11,12,15,16,17,20,21,22,25
1649,6,11,12,15,16,17,20,21,22,25
1650,6,11,12,15,16,17,20,21,22,25
1651,6,11,12,15,16,17,20,21,22,25
1652,6,11,12,15,16,17,20,21,22,25
1653,6,11,12,15,16,17,20,21,22,25
1654,6,11,12,15,16,17,20,21,22,25
1655,6,7,11,12,15,16,17,20,21,22,25
1656,6,7,11,12,15,16,17,20,21,22,25
1657,6,7,11,12,15,16,17,20,21,22,25
1658,6,7,11,12,15,16,17,20,21,22,25
1659,6,7,11,12,15,16,17,20,21,22
1660,6,7,11,12,15,16,17,20,21,22
1661,6,7,11,12,16,17,21,22
1662,6,7,11,12,16,17,21,22
1663,6,7,11,12,16,17,21,22
1664,6,7,11,12,16,17,21,22
1665,6,7,11,12,16,17,21,22
1666,6,7,11,12,16,17,21,22
1667,6,7,11,12,16,17,21,22
1668,6,7,11,12,16,17,21,22
1669,6,7,11,12,16,17,21,22
1670,6,7,11,12,16,17,21,22
1671,6,7,11,12,16,17,21,22
1672,6,7,11,12,16,17,21,22
1673,7,11,12,16,17,21,22
1674,7,11,12,16,17,21,22
1675,7,11,12,16,17,21,22
1676,7,11,12,16,17,21,22
1677,7,11,12,16,17,21,22
1678,7,11,12,16,17,21,22
1679,7,11,12,16,17,18,21,22
1680,7,11,12,16,17,18,21,22
1681,7,11,12,16,17,18,21,22,23
1682,7,11,12,16,17,18,21,22,23
1683,7,11,12,16,17,18,21,22,23
1684,7,11,12,16,17,18,21,22,23
1685,7,11,12,13,16,17,18,21,22,23
1686,7,11,12,13,16,17,18,21,22,23
1687,7,11,12,13,16,17,18,21,22,23
1688,7,11,12,13,16,17,18,21,22,23
1689,7,11,12,13,16,17,18,21,22,23
1690,7,11,12,13,16,17,18,21,22,23
1691,7,11,12,13,16,17,18,21,22,23
1692,7,11,12,13,16,17,18,21,22,23
1693,7,11,12,16,17,18,21,22,23
1694,7,11,12,16,17,18,21,22,23
1695,7,11,12,16,17,18,21,22
1696,7,11,12,16,17,18,21,22
1697,7,11,12,16,17,18,21,22
1698,7,11,12,16,17,18,21,22
1699,7,11,12,16,17,18,21,22
1700,7,11,12,16,17,18,21,22
1701,7,11,12,16,17,18,21,22
1702,7,11,12,16,17,18,21,22
1703,7,11,12,16,17,18,21,22
1704,7,11,12,16,17,18,21,22
1705,7,11,12,13,16,17,18,21,22
1706,7,11,12,13,16,17,18,21,22
1707,7,11,12,13,16,17,18,21,22
1708,7,11,12,13,16,17,18,21,22
1709,7,11,12,13,16,17,18,21,22
1710,7,11,12,13,16,17,18,21,22
1711,7,11,12,13,16,17,18,21,22
1712,7,11,12,13,16,17,18,21,22
1713,7,11,12,13,16,17,18,21,22
1714,7,11,12,13,16,17,18,21,22
1715,6,7,11,12,13,16,17,18,21,22
1716,6,7,11,12,13,16,17,18,21,22
1717,6,7,11,12,13,16,17,18,21,22
1718,6,7,11,12,13,16,17,18,21,22
1719,6,7,11,12,13,16,17,18,21,22
1720,6,7,11,12,13,16,17,18,21,22
1721,6,7,11,12,13,16,17,18,21,22
1722,6,7,11,12,13,16,17,18,21,22
1723,6,7,11,12,13,16,17,18,21,22
1724,6,7,11,12,13,16,17,18,21,22
1725,6,7,11,12,13,16,17,18,21,22
1726,6,7,11,12,13,16,17,18,21,22
1727,6,7,11,12,13,16,17,18,21,22
1728,6,7,11,12,13,16,17,18,21,22
1729,6,7,11,12,13,16,17,18,21,22
1730,6,7,11,12,13,16,17,18,21,22
1731,6,7,11,12,13,16,17,18,21,22
1732,6,7,11,12,13,16,17,18,21,22
1733,6,7,11,12,13,16,17,18,21,22
1734,6,7,11,12,13,16,17,18,21,22
1735,6,7,11,12,13,16,17,18,21,22
1736,6,7,11,12,13,16,17,18,21,22
1737,6,7,11,12,13,16,17,18,21,22
1738,6,7,11,12,13,16,17,18,21,22
1739,6,7,11,12,13,16,17,18,21,22
1740,6,7,11,12,13,16,17,18,21,22
1741,6,7,11,12,13,16,17,18,21,22
1742,6,7,11,12,13,16,17,18,21,22
1743,6,7,11,12,13,16,17,18,21,22
1744,6,7,11,12,13,16,17,18,21,22
1745,6,7,11,12,13,16,17,18,21,22
1746,6,7,11,12,13,16,17,18,21,22
1747,6,7,11,12,13,16,17,18,21,22
1748,6,7,11,12,13,16,17,18,21,22
1749,6,7,11,12,13,16,17,18,21,22
1750,6,7,11,12,13,16,17,18,21,22
1751,6,7,11,12,13,16,17,18,21,22
1752,6,7,11,12,13,16,17,18,21,22
1753,6,7,11,12,13,16,17,18,21,22
1754,6,7,11,12,13,16,17,18,21,22
1755,6,7,11,12,13,16,17,18,21,22
1756,6,7,11,12,13,16,17,18,21,22
1757,6,7,11,12,13,16,17,18,21,22
1758,6,7,11,12,13,16,17,18,21,22
1759,6,7,11,12,13,16,17,18,21,22
1760,6,7,11,12,13,16,17,18,21,22
1761,7,11,12,13,16,17,18,21,22
1762,7,11,12,13,16,17,18,21,22
1763,7,11,12,13,16,17,18,21,22
1764,7,11,12,13,16,17,18,21,22
1765,7,11,12,13,16,17,18,21,22
1766,7,11,12,13,16,17,18,21,22
1767,7,11,12,13,16,17,18,21,22
1768,7,11,12,13,16,17,18,21,22
1769,7,11,12,13,16,17,18,21,22
1770,7,11,12,13,16,17,18,21,22
1771,7,11,12,13,16,17,18,21,22
1772,7,11,12,13,16,17,18,21,22
1773,7,11,12,13,16,17,18,21,22
1774,7,11,12,13,16,17,18,21,22
1775,7,11,12,13,16,17,18,21,22,23
1776,7,11,12,13,16,17,18,21,22,23
1777,7,11,12,13,16,17,18,21,22,23
1778,7,11,12,13,16,17,18,21,22,23
1779,7,11,12,13,16,17,18,21,22,23
1780,7,11,12,13,16,17,18,21,22,23
1781,7,11,12,13,16,17,18,21,22,23
1782,7,11,12,13,16,17,18,21,22,23
1783,7,11,12,13,16,17,18,21,22,23
1784,7,11,12,13,16,17,18,21,22,23
1785,7,11,12,13,16,17,18,21,22,23
1786,7,11,12,13,16,17,18,21,22,23
1787,7,8,11,12,13,16,17,18,21,22,23
1788,7,8,11,12,13,16,17,18,21,22,23
1789,7,8,11,12,13,16,17,18,21,22,23
1790,7,8,11,12,13,16,17,18,21,22,23
1791,7,8,11,12,13,16,17,18,21,22,23
1792,7,8,11,12,13,16,17,18,21,22,23
1793,7,8,11,12,13,16,17,18,21,22,23
1794,7,8,11,12,13,16,17,18,21,22,23
1795,7,8,11,12,13,16,17,18,22,23
1796,7,8,11,12,13,16,17,18,22,23
1797,7,8,11,12,13,16,17,18,22,23
1798,7,8,11,12,13,16,17,18,22,23
1799,7,8,11,12,13,16,17,18,22,23
1800,7,8,11,12,13,16,17,18,22,23
