1,14,15,16,24,25,26,27,34,35,36,37,45,46
2,14,15,16,24,25,26,27,34,35,36,37,45,46
3,14,15,16,24,25,26,27,34,35,36,37,45,46
4,14,15,16,24,25,26,27,34,35,36,37,45,46
5,14,15,16,24,25,26,27,34,35,36,37,45,46
6,14,15,16,24,25,26,27,34,35,36,37,45,46
7,14,15,16,24,25,26,27,34,35,36,37,45,46
8,14,15,16,24,25,26,27,34,35,36,37,45,46
9,14,15,16,17,24,25,26,27,34,35,36,37,45,46
10,14,15,16,17,24,25,26,27,34,35,36,37,45,46
11,14,15,16,17,24,25,26,27,34,35,36,37,45,46
12,14,15,16,17,24,25,26,27,34,35,36,37,45,46
13,14,15,16,17,24,25,26,27,34,35,36,37,45,46
14,14,15,16,17,24,25,26,27,34,35,36,37,45,46
15,14,15,16,17,24,25,26,27,34,35,36,37,45,46
16,14,15,16,17,24,25,26,27,34,35,36,37,45,46
17,14,15,16,17,24,25,26,27,34,35,36,37,45,46
18,14,15,16,17,24,25,26,27,34,35,36,37,45,46
19,14,15,16,17,24,25,26,27,34,35,36,37
20,14,15,16,17,24,25,26,27,34,35,36,37
21,6,14,15,16,17,24,25,26,27,34,35,36,37
22,6,14,15,16,17,24,25,26,27,34,35,36,37
23,6,14,15,16,17,24,25,26,27,34,35,36,37
24,6,14,15,16,17,24,25,26,27,34,35,36,37
25,6,14,15,16,17,24,25,26,27,34,35,36,37
26,6,14,15,16,17,24,25,26,27,34,35,36,37
27,6,14,15,16,17,24,25,26,27,34,35,36,37
28,6,14,15,16,17,24,25,26,27,34,35,36,37
29,6,14,15,16,17,24,25,26,27,34,35,36,37
30,6,14,15,16,17,24,25,26,27,34,35,36,37
31,6,14,15,16,17,24,25,26,27,34,35,36,37
32,6,14,15,16,17,24,25,26,27,34,35,36,37
33,6,14,15,16,17,24,25,26,27,34,35,36,37
34,6,14,15,16,17,24,25,26,27,34,35,36,37
35,5,6,14,15,16,17,24,25,26,27,34,35,36,37
36,5,6,14,15,16,17,24,25,26,27,34,35,36,37
37,6,14,15,16,17,24,25,26,27,34,35,36,37
38,6,14,15,16,17,24,25,26,27,34,35,36,37
39,6,14,15,16,17,24,25,26,27,35,36,37
40,6,14,15,16,17,24,25,26,27,35,36,37
41,6,14,15,16,17,24,25,26,27,35,36,37
42,6,14,15,16,17,24,25,26,27,35,36,37
43,6,15,16,17,24,25,26,27,35,36,37
44,6,15,16,17,24,25,26,27,35,36,37
45,6,7,15,16,17,25,26,27,35,36,37
46,6,7,15,16,17,25,26,27,35,36,37
47,6,7,15,16,17,25,26,27,35,36,37
48,6,7,15,16,17,25,26,27,35,36,37
49,6,7,15,16,17,25,26,27,35,36,37
50,6,7,15,16,17,25,26,27,35,36,37
51,6,7,15,16,17,25,26,27,35,36,37
52,6,7,15,16,17,25,26,27,35,36,37
53,6,7,15,16,17,25,26,27,35,36,37
54,6,7,15,16,17,25,26,27,35,36,37
55,6,7,15,16,17,25,26,27,35,36,37
56,6,7,15,16,17,25,26,27,35,36,37
57,5,6,7,15,16,17,25,26,27,35,36,37
58,5,6,7,15,16,17,25,26,27,35,36,37
59,5,6,7,15,16,17,25,26,27,35,36,37
60,5,6,7,15,16,17,25,26,27,35,36,37
61,5,6,7,15,16,17,18,25,26,27,35,36,37
62,5,6,7,15,16,17,18,25,26,27,35,36,37
63,5,6,7,15,16,17,18,25,26,27,35,36,37
64,5,6,7,15,16,17,18,25,26,27,35,36,37
65,5,6,7,15,16,17,18,25,26,27,35,36,37
66,5,6,7,15,16,17,18,25,26,27,35,36,37
67,5,6,7,14,15,16,17,18,25,26,27,35,36,37
68,5,6,7,14,15,16,17,18,25,26,27,35,36,37
69,5,6,7,15,16,17,18,25,26,27,35,36,37
70,5,6,7,15,16,17,18,25,26,27,35,36,37
71,5,6,7,15,16,17,18,25,26,27,35,36,37
72,5,6,7,15,16,17,18,25,26,27,35,36,37
73,5,6,7,15,16,17,25,26,27,35,36,37
74,5,6,7,15,16,17,25,26,27,35,36,37
75,5,6,7,15,16,17,25,26,27,35,36,37
76,5,6,7,15,16,17,25,26,27,35,36,37
77,6,7,15,16,17,25,26,27,35,36,37
78,6,7,15,16,17,25,26,27,35,36,37
79,6,15,16,17,25,26,27,35,36,37
80,6,15,16,17,25,26,27,35,36,37
81,15,16,17,24,25,26,27,35,36,37
82,15,16,17,24,25,26,27,35,36,37
83,15,16,17,24,25,26,27,35,36,37,46
84,15,16,17,24,25,26,27,35,36,37,46
85,15,16,17,24,25,26,27,34,35,36,37,45,46
86,15,16,17,24,25,26,27,34,35,36,37,45,46
87,15,16,17,24,25,26,27,34,35,36,37,45,46
88,15,16,17,24,25,26,27,34,35,36,37,45,46
89,15,16,17,24,25,26,27,34,35,36,37,45,46
90,15,16,17,24,25,26,27,34,35,36,37,45,46
91,15,16,17,24,25,26,27,34,35,36,37,45,46
92,15,16,17,24,25,26,27,34,35,36,37,45,46
93,15,16,17,24,25,26,27,34,35,36,37,45,46
94,15,16,17,24,25,26,27,34,35,36,37,45,46
95,15,16,17,24,25,26,27,34,35,36,37,45,46
96,15,16,17,24,25,26,27,34,35,36,37,45,46
97,15,16,17,24,25,26,27,34,35,36,37,45,46,47
98,15,16,17,24,25,26,27,34,35,36,37,45,46,47
99,15,16,17,24,25,26,27,34,35,36,37,45,46,47
100,15,16,17,24,25,26,27,34,35,36,37,45,46,47
101,15,16,17,24,25,26,27,34,35,36,37,45,46,47
102,15,16,17,24,25,26,27,34,35,36,37,45,46,47
103,15,16,17,24,25,26,27,34,35,36,37,45,46,47
104,15,16,17,24,25,26,27,34,35,36,37,45,46,47
105,15,16,17,24,25,26,27,34,35,36,37,45,46,47
106,15,16,17,24,25,26,27,34,35,36,37,45,46,47
107,15,16,17,24,25,26,27,34,35,36,37,44,45,46,47
108,15,16,17,24,25,26,27,34,35,36,37,44,45,46,47
109,15,16,24,25,26,27,34,35,36,37,44,45,46,47
110,15,16,24,25,26,27,34,35,36,37,44,45,46,47
111,15,16,24,25,26,27,34,35,36,37,44,45,46,47
112,15,16,24,25,26,27,34,35,36,37,44,45,46,47
113,15,16,24,25,26,27,34,35,36,37,44,45,46,47
114,15,16,24,25,26,27,34,35,36,37,44,45,46,47
115,15,16,24,25,26,27,34,35,36,37,44,45,46,47
116,15,16,24,25,26,27,34,35,36,37,44,45,46,47
117,15,16,24,25,26,27,34,35,36,37,44,45,46,47
118,15,16,24,25,26,27,34,35,36,37,44,45,46,47
119,15,16,24,25,26,27,34,35,36,37,44,45,46,47
120,15,16,24,25,26,27,34,35,36,37,44,45,46,47
121,15,16,24,25,26,27,34,35,36,37,44,45,46,47
122,15,16,24,25,26,27,34,35,36,37,44,45,46,47
123,15,16,24,25,26,27,34,35,36,37,44,45,46,47
124,15,16,24,25,26,27,34,35,36,37,44,45,46,47
125,15,16,24,25,26,27,34,35,36,37,44,45,46,47
126,15,16,24,25,26,27,34,35,36,37,44,45,46,47
127,15,16,24,25,26,27,34,35,36,37,44,45,46,47
128,15,16,24,25,26,27,34,35,36,37,44,45,46,47
129,15,16,24,25,26,27,34,35,36,37,44,45,46,47
130,15,16,24,25,26,27,34,35,36,37,44,45,46,47
131,15,16,24,25,26,27,34,35,36,37,44,45,46,47
132,15,16,24,25,26,27,34,35,36,37,44,45,46,47
133,15,16,24,25,26,27,33,34,35,36,37,44,45,46,47
134,15,16,24,25,26,27,33,34,35,36,37,44,45,46,47
135,15,16,24,25,26,27,33,34,35,36,37,43,44,45,46,47
136,15,16,24,25,26,27,33,34,35,36,37,43,44,45,46,47
137,15,24,25,26,27,33,34,35,36,37,43,44,45,46,47
138,15,24,25,26,27,33,34,35,36,37,43,44,45,46,47
139,15,24,25,26,27,33,34,35,36,37,43,44,45,46,47
140,15,24,25,26,27,33,34,35,36,37,43,44,45,46,47
141,15,24,25,26,27,33,34,35,36,37,43,44,45,46,47
142,15,24,25,26,27,33,34,35,36,37,43,44,45,46,47
143,15,24,25,26,27,33,34,35,36,37,43,44,45,46,47
144,15,24,25,26,27,33,34,35,36,37,43,44,45,46,47
145,24,25,26,27,33,34,35,36,37,43,44,45,46,47
146,24,25,26,27,33,34,35,36,37,43,44,45,46,47
147,24,25,26,27,33,34,35,36,37,43,44,45,46,47
148,24,25,26,27,33,34,35,36,37,43,44,45,46,47
149,24,25,26,27,33,34,35,36,37,43,44,45,46,47
150,24,25,26,27,33,34,35,36,37,43,44,45,46,47
151,24,25,26,27,33,34,35,36,37,43,44,45,46,47
152,24,25,26,27,33,34,35,36,37,43,44,45,46,47
153,24,25,26,27,33,34,35,36,37,43,44,45,46,47
154,24,25,26,27,33,34,35,36,37,43,44,45,46,47
155,24,25,26,27,33,34,35,36,37,43,44,45,46,47
156,24,25,26,27,33,34,35,36,37,43,44,45,46,47
157,24,25,26,27,33,34,35,36,37,43,44,45,46,47
158,24,25,26,27,33,34,35,36,37,43,44,45,46,47
159,24,25,26,27,33,34,35,36,37,43,44,45,46,47
160,24,25,26,27,33,34,35,36,37,43,44,45,46,47
161,24,25,26,27,33,34,35,36,37,43,44,45,46,47
162,24,25,26,27,33,34,35,36,37,43,44,45,46,47
163,24,25,26,27,33,34,35,36,37,43,44,45,46,47
164,24,25,26,27,33,34,35,36,37,43,44,45,46,47
165,24,25,26,27,33,34,35,36,37,43,44,45,46,47
166,24,25,26,27,33,34,35,36,37,43,44,45,46,47
167,24,25,26,27,33,34,35,36,37,43,44,45,46,47
168,24,25,26,27,33,34,35,36,37,43,44,45,46,47
169,24,25,26,27,33,34,35,36,37,43,44,45,46,47
170,24,25,26,27,33,34,35,36,37,43,44,45,46,47
171,24,25,26,27,33,34,35,36,37,43,44,45,46,47
172,24,25,26,27,33,34,35,36,37,43,44,45,46,47
173,24,25,26,27,33,34,35,36,37,43,44,45,46,47
174,24,25,26,27,33,34,35,36,37,43,44,45,46,47
175,24,25,26,27,33,34,35,36,37,43,44,45,46,47
176,24,25,26,27,33,34,35,36,37,43,44,45,46,47
177,24,25,26,27,33,34,35,36,37,43,44,45,46,47
178,24,25,26,27,33,34,35,36,37,43,44,45,46,47
179,24,25,26,27,33,34,35,36,37,43,44,45,46,47
180,24,25,26,27,33,34,35,36,37,43,44,45,46,47
181,24,25,26,27,33,34,35,36,37,43,44,45,46,47
182,24,25,26,27,33,34,35,36,37,43,44,45,46,47
183,24,25,26,27,33,34,35,36,37,43,44,45,46,47
184,24,25,26,27,33,34,35,36,37,43,44,45,46,47
185,24,25,26,27,33,34,35,36,37,43,44,45,46,47
186,24,25,26,27,33,34,35,36,37,43,44,45,46,47
187,24,25,26,27,33,34,35,36,37,43,44,45,46,47
188,24,25,26,27,33,34,35,36,37,43,44,45,46,47
189,24,25,26,27,33,34,35,36,37,43,44,45,46,47
190,24,25,26,27,33,34,35,36,37,43,44,45,46,47
191,24,25,26,27,33,34,35,36,37,43,44,45,46,47
192,24,25,26,27,33,34,35,36,37,43,44,45,46,47
193,24,25,26,27,33,34,35,36,37,43,44,45,46,47
194,24,25,26,27,33,34,35,36,37,43,44,45,46,47
195,24,25,26,27,33,34,35,36,37,43,44,45,46,47
196,24,25,26,27,33,34,35,36,37,43,44,45,46,47
197,24,25,26,27,33,34,35,36,37,43,44,45,46,47
198,24,25,26,27,33,34,35,36,37,43,44,45,46,47
199,24,25,26,27,33,34,35,36,37,43,44,45,46,47
200,24,25,26,27,33,34,35,36,37,43,44,45,46,47
201,24,25,26,27,33,34,35,36,37,43,44,45,46,47
202,24,25,26,27,33,34,35,36,37,43,44,45,46,47
203,24,25,26,27,33,34,35,36,37,43,44,45,46,47
204,24,25,26,27,33,34,35,36,37,43,44,45,46,47
205,24,25,26,27,33,34,35,36,37,43,44,45,46,47
206,24,25,26,27,33,34,35,36,37,43,44,45,46,47
207,24,25,26,27,33,34,35,36,37,43,44,45,46,47
208,24,25,26,27,33,34,35,36,37,43,44,45,46,47
209,24,25,26,27,33,34,35,36,37,43,44,45,46,47
210,24,25,26,27,33,34,35,36,37,43,44,45,46,47
211,15,24,25,26,27,33,34,35,36,37,43,44,45,46,47
212,15,24,25,26,27,33,34,35,36,37,43,44,45,46,47
213,15,24,25,26,27,33,34,35,36,37,43,44,45,46,47
214,15,24,25,26,27,33,34,35,36,37,43,44,45,46,47
215,15,24,25,26,27,33,34,35,36,37,43,44,45,46,47
216,15,24,25,26,27,33,34,35,36,37,43,44,45,46,47
217,15,24,25,26,27,33,34,35,36,37,43,44,45,46,47
218,15,24,25,26,27,33,34,35,36,37,43,44,45,46,47
219,15,24,25,26,27,33,34,35,36,37,43,44,45,46,47
220,15,24,25,26,27,33,34,35,36,37,43,44,45,46,47
221,15,16,24,25,26,27,33,34,35,36,37,43,44,45,46,47
222,15,16,24,25,26,27,33,34,35,36,37,43,44,45,46,47
223,15,16,24,25,26,27,34,35,36,37,44,45,46,47
224,15,16,24,25,26,27,34,35,36,37,44,45,46,47
225,15,16,24,25,26,27,34,35,36,37,44,45,46,47
226,15,16,24,25,26,27,34,35,36,37,44,45,46,47
227,15,16,24,25,26,27,34,35,36,37,44,45,46,47
228,15,16,24,25,26,27,34,35,36,37,44,45,46,47
229,15,16,24,25,26,27,34,35,36,37,44,45,46,47
230,15,16,24,25,26,27,34,35,36,37,44,45,46,47
231,15,16,24,25,26,27,34,35,36,37,44,45,46,47
232,15,16,24,25,26,27,34,35,36,37,44,45,46,47
233,15,16,24,25,26,27,34,35,36,37,44,45,46,47
234,15,16,24,25,26,27,34,35,36,37,44,45,46,47
235,15,16,24,25,26,27,34,35,36,37,44,45,46,47
236,15,16,24,25,26,27,34,35,36,37,44,45,46,47
237,15,16,24,25,26,27,34,35,36,37,44,45,46,47
238,15,16,24,25,26,27,34,35,36,37,44,45,46,47
239,15,16,24,25,26,27,34,35,36,37,44,45,46,47
240,15,16,24,25,26,27,34,35,36,37,44,45,46,47
241,15,16,24,25,26,27,34,35,36,37,44,45,46,47
242,15,16,24,25,26,27,34,35,36,37,44,45,46,47
243,15,16,24,25,26,27,34,35,36,37,44,45,46,47
244,15,16,24,25,26,27,34,35,36,37,44,45,46,47
245,15,16,24,25,26,27,34,35,36,37,44,45,46,47
246,15,16,24,25,26,27,34,35,36,37,44,45,46,47
247,14,15,16,24,25,26,27,34,35,36,37,44,45,46,47
248,14,15,16,24,25,26,27,34,35,36,37,44,45,46,47
249,14,15,16,17,24,25,26,27,34,35,36,37,45,46
250,14,15,16,17,24,25,26,27,34,35,36,37,45,46
251,14,15,16,17,24,25,26,27,34,35,36,37
252,14,15,16,17,24,25,26,27,34,35,36,37
253,6,14,15,16,17,24,25,26,27,34,35,36,37
254,6,14,15,16,17,24,25,26,27,34,35,36,37
255,6,14,15,16,17,24,25,26,27,35,36,37
256,6,14,15,16,17,24,25,26,27,35,36,37
257,5,6,7,14,15,16,17,24,25,26,27,35,36,37
258,5,6,7,14,15,16,17,24,25,26,27,35,36,37
259,5,6,7,14,15,16,17,24,25,26,27,35,36,37
260,5,6,7,14,15,16,17,24,25,26,27,35,36,37
261,5,6,7,14,15,16,17,24,25,26,27,35,36,37
262,5,6,7,14,15,16,17,24,25,26,27,35,36,37
263,5,6,7,14,15,16,17,24,25,26,27,35,36,37
264,5,6,7,14,15,16,17,24,25,26,27,35,36,37
265,5,6,7,14,15,16,17,18,24,25,26,27,35,36,37
266,5,6,7,14,15,16,17,18,24,25,26,27,35,36,37
267,4,5,6,7,8,14,15,16,17,18,25,26,27,35,36,37
268,4,5,6,7,8,14,15,16,17,18,25,26,27,35,36,37
269,4,5,6,7,8,14,15,16,17,18,25,26,27,35,36,37
270,4,5,6,7,8,14,15,16,17,18,25,26,27,35,36,37
271,4,5,6,7,8,14,15,16,17,18,25,26,27,28,36
272,4,5,6,7,8,14,15,16,17,18,25,26,27,28,36
273,4,5,6,7,8,14,15,16,17,18,25,26,27,28,36
274,4,5,6,7,8,14,15,16,17,18,25,26,27,28,36
275,4,5,6,7,8,14,15,16,17,18,25,26,27,28,36
276,4,5,6,7,8,14,15,16,17,18,25,26,27,28,36
277,4,5,6,7,8,14,15,16,17,18,25,26,27,28,36
278,4,5,6,7,8,14,15,16,17,18,25,26,27,28,36
279,4,5,6,7,8,14,15,16,17,18,25,26,27,28,36
280,4,5,6,7,8,14,15,16,17,18,25,26,27,28,36
281,4,5,6,7,8,14,15,16,17,18,25,26,27,28,36
282,4,5,6,7,8,14,15,16,17,18,25,26,27,28,36
283,4,5,6,7,8,14,15,16,17,18,25,26,27,28,36
284,4,5,6,7,8,14,15,16,17,18,25,26,27,28,36
285,4,5,6,7,8,14,15,16,17,18,25,26,27,28,36
286,4,5,6,7,8,14,15,16,17,18,25,26,27,28,36
287,4,5,6,7,8,14,15,16,17,18,25,26,27,28,36
288,4,5,6,7,8,14,15,16,17,18,25,26,27,28,36
289,5,6,7,8,15,16,17,18,25,26,27,28,36,37
290,5,6,7,8,15,16,17,18,25,26,27,28,36,37
291,5,6,7,8,15,16,17,18,25,26,27,28,36,37
292,5,6,7,8,15,16,17,18,25,26,27,28,36,37
293,5,6,7,8,15,16,17,18,25,26,27,28,36,37
294,5,6,7,8,15,16,17,18,25,26,27,28,36,37
295,5,6,7,8,15,16,17,18,25,26,27,28,36,37
296,5,6,7,8,15,16,17,18,25,26,27,28,36,37
297,5,6,7,8,15,16,17,18,25,26,27,28,36,37
298,5,6,7,8,15,16,17,18,25,26,27,28,36,37
299,5,6,7,8,15,16,17,18,25,26,27,28,36,37
300,5,6,7,8,15,16,17,18,25,26,27,28,36,37
301,5,6,7,8,15,16,17,18,25,26,27,28,36,37
302,5,6,7,8,15,16,17,18,25,26,27,28,36,37
303,5,6,7,8,15,16,17,18,25,26,27,28,36,37
304,5,6,7,8,15,16,17,18,25,26,27,28,36,37
305,5,6,7,8,15,16,17,18,25,26,27,28,36,37
306,5,6,7,8,15,16,17,18,25,26,27,28,36,37
307,5,6,7,8,15,16,17,18,25,26,27,28,36,37
308,5,6,7,8,15,16,17,18,25,26,27,28,36,37
309,5,6,7,8,15,16,17,18,25,26,27,28,36,37
310,5,6,7,8,15,16,17,18,25,26,27,28,36,37
311,5,6,7,8,15,16,17,18,25,26,27,28,36,37
312,5,6,7,8,15,16,17,18,25,26,27,28,36,37
313,5,6,7,8,15,16,17,18,25,26,27,28,36,37
314,5,6,7,8,15,16,17,18,25,26,27,28,36,37
315,5,6,7,8,15,16,17,18,25,26,27,28,36,37
316,5,6,7,8,15,16,17,18,25,26,27,28,36,37
317,5,6,7,8,15,16,17,18,25,26,27,28,36,37
318,5,6,7,8,15,16,17,18,25,26,27,28,36,37
319,5,6,7,8,15,16,17,18,25,26,27,28,36,37
320,5,6,7,8,15,16,17,18,25,26,27,28,36,37
321,5,6,7,8,15,16,17,18,25,26,27,28,36,37
322,5,6,7,8,15,16,17,18,25,26,27,28,36,37
323,5,6,7,8,15,16,17,18,25,26,27,28,36,37
324,5,6,7,8,15,16,17,18,25,26,27,28,36,37
325,5,6,7,8,15,16,17,18,25,26,27,28,36,37
326,5,6,7,8,15,16,17,18,25,26,27,28,36,37
327,5,6,7,8,15,16,17,18,25,26,27,28,36,37
328,5,6,7,8,15,16,17,18,25,26,27,28,36,37
329,5,6,7,8,15,16,17,18,25,26,27,28,36,37
330,5,6,7,8,15,16,17,18,25,26,27,28,36,37
331,5,6,7,8,15,16,17,18,25,26,27,28,36,37
332,5,6,7,8,15,16,17,18,25,26,27,28,36,37
333,5,6,7,8,15,16,17,18,25,26,27,28,36,37
334,5,6,7,8,15,16,17,18,25,26,27,28,36,37
335,5,6,7,8,15,16,17,18,25,26,27,28,36,37
336,5,6,7,8,15,16,17,18,25,26,27,28,36,37
337,5,6,7,8,15,16,17,18,25,26,27,28,36,37
338,5,6,7,8,15,16,17,18,25,26,27,28,36,37
339,5,6,7,8,15,16,17,18,25,26,27,28,36,37
340,5,6,7,8,15,16,17,18,25,26,27,28,36,37
341,5,6,7,8,15,16,17,18,25,26,27,28,36,37
342,5,6,7,8,15,16,17,18,25,26,27,28,36,37
343,5,6,7,8,15,16,17,18,25,26,27,28,36,37
344,5,6,7,8,15,16,17,18,25,26,27,28,36,37
345,5,6,7,8,15,16,17,18,25,26,27,28,36,37
346,5,6,7,8,15,16,17,18,25,26,27,28,36,37
347,5,6,7,8,15,16,17,18,25,26,27,28,36,37
348,5,6,7,8,15,16,17,18,25,26,27,28,36,37
349,5,6,7,8,15,16,17,18,25,26,27,28,36,37
350,5,6,7,8,15,16,17,18,25,26,27,28,36,37
351,5,6,7,8,15,16,17,18,25,26,27,28,36,37
352,5,6,7,8,15,16,17,18,25,26,27,28,36,37
353,5,6,7,8,15,16,17,18,25,26,27,28,36,37
354,5,6,7,8,15,16,17,18,25,26,27,28,36,37
355,5,6,7,8,15,16,17,18,25,26,27,28,36,37
356,5,6,7,8,15,16,17,18,25,26,27,28,36,37
357,5,6,7,8,15,16,17,18,25,26,27,28,36,37
358,5,6,7,8,15,16,17,18,25,26,27,28,36,37
359,5,6,7,8,15,16,17,18,25,26,27,28,35,36,37
360,5,6,7,8,15,16,17,18,25,26,27,28,35,36,37
361,6,7,15,16,17,18,25,26,27,28,35,36,37
362,6,7,15,16,17,18,25,26,27,28,35,36,37
363,6,7,15,16,17,18,25,26,27,28,35,36,37
364,6,7,15,16,17,18,25,26,27,28,35,36,37
365,6,7,15,16,17,18,25,26,27,28,35,36,37
366,6,7,15,16,17,18,25,26,27,28,35,36,37
367,6,7,15,16,17,18,25,26,27,28,35,36,37
368,6,7,15,16,17,18,25,26,27,28,35,36,37
369,6,7,15,16,17,18,25,26,27,28,35,36,37
370,6,7,15,16,17,18,25,26,27,28,35,36,37
371,6,7,15,16,17,18,25,26,27,28,35,36,37
372,6,7,15,16,17,18,25,26,27,28,35,36,37
373,6,7,15,16,17,18,25,26,27,28,35,36,37
374,6,7,15,16,17,18,25,26,27,28,35,36,37
375,6,7,15,16,17,18,25,26,27,28,35,36,37
376,6,7,15,16,17,18,25,26,27,28,35,36,37
377,6,7,15,16,17,18,25,26,27,28,35,36,37
378,6,7,15,16,17,18,25,26,27,28,35,36,37
379,6,7,15,16,17,18,25,26,27,28,35,36,37
380,6,7,15,16,17,18,25,26,27,28,35,36,37
381,6,7,15,16,17,18,25,26,27,28,35,36,37
382,6,7,15,16,17,18,25,26,27,28,35,36,37
383,6,7,15,16,17,18,25,26,27,28,35,36,37
384,6,7,15,16,17,18,25,26,27,28,35,36,37
385,6,7,15,16,17,18,25,26,27,28,35,36,37
386,6,7,15,16,17,18,25,26,27,28,35,36,37
387,6,7,15,16,17,18,25,26,27,28,35,36,37
388,6,7,15,16,17,18,25,26,27,28,35,36,37
389,6,7,15,16,17,18,25,26,27,28,35,36,37
390,6,7,15,16,17,18,25,26,27,28,35,36,37
391,15,16,17,25,26,27,28,35,36,37
392,15,16,17,25,26,27,28,35,36,37
393,15,16,17,25,26,27,28,35,36,37
394,15,16,17,25,26,27,28,35,36,37
395,15,16,17,25,26,27,28,35,36,37,46,47
396,15,16,17,25,26,27,28,35,36,37,46,47
397,15,16,17,25,26,27,28,35,36,37,46,47
398,15,16,17,25,26,27,28,35,36,37,46,47
399,15,16,17,25,26,27,35,36,37,45,46,47
400,15,16,17,25,26,27,35,36,37,45,46,47
401,15,16,17,25,26,27,35,36,37,45,46,47
402,15,16,17,25,26,27,35,36,37,45,46,47
403,15,16,17,25,26,27,35,36,37,45,46,47
404,15,16,17,25,26,27,35,36,37,45,46,47
405,15,16,17,25,26,27,35,36,37,45,46
406,15,16,17,25,26,27,35,36,37,45,46
407,15,16,17,24,25,26,27,35,36,37,45,46
408,15,16,17,24,25,26,27,35,36,37,45,46
409,15,16,17,24,25,26,27,34,35,36,37,45,46
410,15,16,17,24,25,26,27,34,35,36,37,45,46
411,15,16,17,24,25,26,27,34,35,36,37,45,46
412,15,16,17,24,25,26,27,34,35,36,37,45,46
413,15,16,17,24,25,26,27,34,35,36,37,45,46
414,15,16,17,24,25,26,27,34,35,36,37,45,46
415,15,16,17,24,25,26,27,34,35,36,37,45,46
416,15,16,17,24,25,26,27,34,35,36,37,45,46
417,15,16,17,24,25,26,27,34,35,36,37,45,46
418,15,16,17,24,25,26,27,34,35,36,37,45,46
419,15,16,17,24,25,26,27,34,35,36,37,45,46
420,15,16,17,24,25,26,27,34,35,36,37,45,46
421,15,16,17,24,25,26,27,34,35,36,37,45,46
422,15,16,17,24,25,26,27,34,35,36,37,45,46
423,15,16,17,24,25,26,27,34,35,36,37,45,46
424,15,16,17,24,25,26,27,34,35,36,37,45,46
425,15,16,17,24,25,26,27,34,35,36,37,45,46
426,15,16,17,24,25,26,27,34,35,36,37,45,46
427,15,16,17,24,25,26,27,34,35,36,37,45,46
428,15,16,17,24,25,26,27,34,35,36,37,45,46
429,15,16,17,24,25,26,27,34,35,36,37,45,46
430,15,16,17,24,25,26,27,34,35,36,37,45,46
431,15,16,17,24,25,26,27,34,35,36,37,45,46
432,15,16,17,24,25,26,27,34,35,36,37,45,46
433,15,16,17,24,25,26,27,34,35,36,37,45,46
434,15,16,17,24,25,26,27,34,35,36,37,45,46
435,15,16,17,24,25,26,27,34,35,36,37,45,46
436,15,16,17,24,25,26,27,34,35,36,37,45,46
437,15,16,17,24,25,26,27,34,35,36,37,45,46
438,15,16,17,24,25,26,27,34,35,36,37,45,46
439,14,15,16,17,24,25,26,27,34,35,36,37,45,46
440,14,15,16,17,24,25,26,27,34,35,36,37,45,46
441,14,15,16,17,24,25,26,27,34,35,36,37,45,46
442,14,15,16,17,24,25,26,27,34,35,36,37,45,46
443,14,15,16,17,24,25,26,27,34,35,36,37,45,46
444,14,15,16,17,24,25,26,27,34,35,36,37,45,46
445,14,15,16,17,24,25,26,27,34,35,36,37,45,46
446,14,15,16,17,24,25,26,27,34,35,36,37,45,46
447,14,15,16,17,24,25,26,27,34,35,36,37
448,14,15,16,17,24,25,26,27,34,35,36,37
449,14,15,16,17,24,25,26,27,34,35,36,37
450,14,15,16,17,24,25,26,27,34,35,36,37
451,6,14,15,16,17,24,25,26,27,34,35,36,37
452,6,14,15,16,17,24,25,26,27,34,35,36,37
453,6,14,15,16,17,24,25,26,27,34,35,36,37
454,6,14,15,16,17,24,25,26,27,34,35,36,37
455,5,6,14,15,16,17,24,25,26,27,34,35,36,37
456,5,6,14,15,16,17,24,25,26,27,34,35,36,37
457,5,6,14,15,16,17,24,25,26,27,34,35,36,37
458,5,6,14,15,16,17,24,25,26,27,34,35,36,37
459,5,6,14,15,16,17,24,25,26,27,34,35,36,37
460,5,6,14,15,16,17,24,25,26,27,34,35,36,37
461,5,6,14,15,16,17,24,25,26,27,34,35,36,37
462,5,6,14,15,16,17,24,25,26,27,34,35,36,37
463,5,6,14,15,16,17,24,25,26,27,34,35,36,37
464,5,6,14,15,16,17,24,25,26,27,34,35,36,37
465,5,6,7,14,15,16,17,24,25,26,27,34,35,36,37
466,5,6,7,14,15,16,17,24,25,26,27,34,35,36,37
467,5,6,7,14,15,16,17,24,25,26,27,35,36,37
468,5,6,7,14,15,16,17,24,25,26,27,35,36,37
469,5,6,7,14,15,16,17,24,25,26,27,35,36,37
470,5,6,7,14,15,16,17,24,25,26,27,35,36,37
471,5,6,7,14,15,16,17,24,25,26,27,35,36,37
472,5,6,7,14,15,16,17,24,25,26,27,35,36,37
473,5,6,7,14,15,16,17,24,25,26,27,35,36,37
474,5,6,7,14,15,16,17,24,25,26,27,35,36,37
475,5,6,7,14,15,16,17,24,25,26,27,35,36,37
476,5,6,7,14,15,16,17,24,25,26,27,35,36,37
477,5,6,7,14,15,16,17,24,25,26,27,35,36,37
478,5,6,7,14,15,16,17,24,25,26,27,35,36,37
479,5,6,7,14,15,16,17,24,25,26,27,35,36,37
480,5,6,7,14,15,16,17,24,25,26,27,35,36,37
481,5,6,7,14,15,16,17,24,25,26,27,35,36,37
482,5,6,7,14,15,16,17,24,25,26,27,35,36,37
483,5,6,7,14,15,16,17,24,25,26,27,35,36,37
484,5,6,7,14,15,16,17,24,25,26,27,35,36,37
485,5,6,7,14,15,16,17,24,25,26,27,35,36,37
486,5,6,7,14,15,16,17,24,25,26,27,35,36,37
487,5,6,7,14,15,16,17,24,25,26,27,35,36,37
488,5,6,7,14,15,16,17,24,25,26,27,35,36,37
489,5,6,7,14,15,16,17,24,25,26,27,35,36,37
490,5,6,7,14,15,16,17,24,25,26,27,35,36,37
491,4,5,6,7,14,15,16,17,24,25,26,27,35,36,37
492,4,5,6,7,14,15,16,17,24,25,26,27,35,36,37
493,4,5,6,7,14,15,16,17,24,25,26,27,35,36
494,4,5,6,7,14,15,16,17,24,25,26,27,35,36
495,4,5,6,7,14,15,16,17,24,25,26,27,35,36
496,4,5,6,7,14,15,16,17,24,25,26,27,35,36
497,4,5,6,7,14,15,16,17,24,25,26,27,35,36
498,4,5,6,7,14,15,16,17,24,25,26,27,35,36
499,4,5,6,7,14,15,16,17,24,25,26,27,35,36
500,4,5,6,7,14,15,16,17,24,25,26,27,35,36
501,4,5,6,7,14,15,16,17,24,25,26,27,35,36
502,4,5,6,7,14,15,16,17,24,25,26,27,35,36
503,4,5,6,7,14,15,16,17,24,25,26,27,35,36
504,4,5,6,7,14,15,16,17,24,25,26,27,35,36
505,4,5,6,7,14,15,16,17,24,25,26,27,35,36
506,4,5,6,7,14,15,16,17,24,25,26,27,35,36
507,4,5,6,7,14,15,16,17,24,25,26,27,35,36
508,4,5,6,7,14,15,16,17,24,25,26,27,35,36
509,4,5,6,7,14,15,16,17,24,25,26,27,35,36
510,4,5,6,7,14,15,16,17,24,25,26,27,35,36
511,4,5,6,7,14,15,16,17,24,25,26,27,35,36
512,4,5,6,7,14,15,16,17,24,25,26,27,35,36
513,4,5,6,7,14,15,16,17,24,25,26,27,35,36
514,4,5,6,7,14,15,16,17,24,25,26,27,35,36
515,4,5,6,7,14,15,16,17,24,25,26,27,35,36
516,4,5,6,7,14,15,16,17,24,25,26,27,35,36
517,4,5,6,7,14,15,16,17,24,25,26,27,35,36
518,4,5,6,7,14,15,16,17,24,25,26,27,35,36
519,4,5,6,7,14,15,16,17,24,25,26,27,35,36
520,4,5,6,7,14,15,16,17,24,25,26,27,35,36
521,4,5,6,7,14,15,16,17,24,25,26,27,35,36
522,4,5,6,7,14,15,16,17,24,25,26,27,35,36
523,4,5,6,7,14,15,16,17,24,25,26,27,35,36
524,4,5,6,7,14,15,16,17,24,25,26,27,35,36
525,4,5,6,7,14,15,16,17,24,25,26,27,35,36
526,4,5,6,7,14,15,16,17,24,25,26,27,35,36
527,4,5,6,7,14,15,16,17,24,25,26,27,35,36
528,4,5,6,7,14,15,16,17,24,25,26,27,35,36
529,4,5,6,7,14,15,16,17,24,25,26,27,35,36,37
530,4,5,6,7,14,15,16,17,24,25,26,27,35,36,37
531,4,5,6,7,14,15,16,17,24,25,26,27,35,36,37
532,4,5,6,7,14,15,16,17,24,25,26,27,35,36,37
533,5,6,7,14,15,16,17,24,25,26,27,35,36,37
534,5,6,7,14,15,16,17,24,25,26,27,35,36,37
535,5,6,7,14,15,16,17,24,25,26,27,35,36,37
536,5,6,7,14,15,16,17,24,25,26,27,35,36,37
537,5,6,7,14,15,16,17,24,25,26,27,35,36,37
538,5,6,7,14,15,16,17,24,25,26,27,35,36,37
539,5,6,7,14,15,16,17,24,25,26,27,35,36,37
540,5,6,7,14,15,16,17,24,25,26,27,35,36,37
541,5,6,7,14,15,16,17,24,25,26,27,35,36,37
542,5,6,7,14,15,16,17,24,25,26,27,35,36,37
543,5,6,7,14,15,16,17,24,25,26,27,35,36,37
544,5,6,7,14,15,16,17,24,25,26,27,35,36,37
545,5,6,7,14,15,16,17,24,25,26,27,35,36,37
546,5,6,7,14,15,16,17,24,25,26,27,35,36,37
547,5,6,7,14,15,16,17,24,25,26,27,35,36,37
548,5,6,7,14,15,16,17,24,25,26,27,35,36,37
549,5,6,7,14,15,16,17,24,25,26,27,35,36,37
550,5,6,7,14,15,16,17,24,25,26,27,35,36,37
551,5,6,7,14,15,16,17,24,25,26,27,35,36,37
552,5,6,7,14,15,16,17,24,25,26,27,35,36,37
553,5,6,7,14,15,16,17,24,25,26,27,35,36,37
554,5,6,7,14,15,16,17,24,25,26,27,35,36,37
555,5,6,7,14,15,16,17,24,25,26,27,35,36,37
556,5,6,7,14,15,16,17,24,25,26,27,35,36,37
557,5,6,7,14,15,16,17,24,25,26,27,35,36,37
558,5,6,7,14,15,16,17,24,25,26,27,35,36,37
559,5,6,7,14,15,16,17,24,25,26,27,35,36,37
560,5,6,7,14,15,16,17,24,25,26,27,35,36,37
561,5,6,7,14,15,16,17,24,25,26,27,35,36,37
562,5,6,7,14,15,16,17,24,25,26,27,35,36,37
563,5,6,7,14,15,16,17,24,25,26,27,35,36,37
564,5,6,7,14,15,16,17,24,25,26,27,35,36,37
565,6,14,15,16,17,24,25,26,27,35,36,37
566,6,14,15,16,17,24,25,26,27,35,36,37
567,6,14,15,16,17,24,25,26,27,34,35,36,37
568,6,14,15,16,17,24,25,26,27,34,35,36,37
569,14,15,16,17,24,25,26,27,34,35,36,37
570,14,15,16,17,24,25,26,27,34,35,36,37
571,14,15,16,17,24,25,26,27,34,35,36,37
572,14,15,16,17,24,25,26,27,34,35,36,37
573,14,15,16,17,24,25,26,27,34,35,36,37
574,14,15,16,17,24,25,26,27,34,35,36,37
575,14,15,16,17,24,25,26,27,34,35,36,37,45,46
576,14,15,16,17,24,25,26,27,34,35,36,37,45,46
577,14,15,16,17,24,25,26,27,34,35,36,37,45,46
578,14,15,16,17,24,25,26,27,34,35,36,37,45,46
579,14,15,16,17,24,25,26,27,34,35,36,37,45,46
580,14,15,16,17,24,25,26,27,34,35,36,37,45,46
581,14,15,16,17,24,25,26,27,34,35,36,37,45,46
582,14,15,16,17,24,25,26,27,34,35,36,37,45,46
583,14,15,16,17,24,25,26,27,34,35,36,37,45,46
584,14,15,16,17,24,25,26,27,34,35,36,37,45,46
585,14,15,16,17,24,25,26,27,34,35,36,37,45,46
586,14,15,16,17,24,25,26,27,34,35,36,37,45,46
587,14,15,16,17,24,25,26,27,34,35,36,37,45,46
588,14,15,16,17,24,25,26,27,34,35,36,37,45,46
589,14,15,16,17,24,25,26,27,34,35,36,37,45,46
590,14,15,16,17,24,25,26,27,34,35,36,37,45,46
591,14,15,16,17,24,25,26,27,34,35,36,37,45,46
592,14,15,16,17,24,25,26,27,34,35,36,37,45,46
593,14,15,16,17,24,25,26,27,34,35,36,37,45,46
594,14,15,16,17,24,25,26,27,34,35,36,37,45,46
595,14,15,16,17,24,25,26,27,34,35,36,37,45,46
596,14,15,16,17,24,25,26,27,34,35,36,37,45,46
597,14,15,16,17,24,25,26,27,34,35,36,37,45,46
598,14,15,16,17,24,25,26,27,34,35,36,37,45,46
599,14,15,16,17,24,25,26,27,34,35,36,37,45,46
600,14,15,16,17,24,25,26,27,34,35,36,37,45,46
601,14,15,16,17,24,25,26,27,34,35,36,37,45,46
602,14,15,16,17,24,25,26,27,34,35,36,37,45,46
603,14,15,16,17,24,25,26,27,34,35,36,37,45,46
604,14,15,16,17,24,25,26,27,34,35,36,37,45,46
605,14,15,16,17,24,25,26,27,34,35,36,37,45,46
606,14,15,16,17,24,25,26,27,34,35,36,37,45,46
607,14,15,16,17,24,25,26,27,34,35,36,37,45,46
608,14,15,16,17,24,25,26,27,34,35,36,37,45,46
609,14,15,16,17,24,25,26,27,34,35,36,37,45,46
610,14,15,16,17,24,25,26,27,34,35,36,37,45,46
611,14,15,16,17,24,25,26,27,34,35,36,37,45,46
612,14,15,16,17,24,25,26,27,34,35,36,37,45,46
613,14,15,16,17,24,25,26,27,34,35,36,37,45,46
614,14,15,16,17,24,25,26,27,34,35,36,37,45,46
615,14,15,16,17,24,25,26,27,34,35,36,37,45,46
616,14,15,16,17,24,25,26,27,34,35,36,37,45,46
617,14,15,16,17,24,25,26,27,34,35,36,37
618,14,15,16,17,24,25,26,27,34,35,36,37
619,14,15,16,17,24,25,26,27,34,35,36,37
620,14,15,16,17,24,25,26,27,34,35,36,37
621,6,14,15,16,17,24,25,26,27,34,35,36,37
622,6,14,15,16,17,24,25,26,27,34,35,36,37
623,6,14,15,16,17,24,25,26,27,34,35,36,37
624,6,14,15,16,17,24,25,26,27,34,35,36,37
625,6,14,15,16,17,24,25,26,27,34,35,36,37
626,6,14,15,16,17,24,25,26,27,34,35,36,37
627,6,14,15,16,17,24,25,26,27,34,35,36,37
628,6,14,15,16,17,24,25,26,27,34,35,36,37
629,6,14,15,16,17,24,25,26,27,34,35,36,37
630,6,14,15,16,17,24,25,26,27,34,35,36,37
631,6,14,15,16,17,24,25,26,27,34,35,36,37
632,6,14,15,16,17,24,25,26,27,34,35,36,37
633,14,15,16,17,24,25,26,27,34,35,36,37
634,14,15,16,17,24,25,26,27,34,35,36,37
635,14,15,16,17,24,25,26,27,34,35,36,37
636,14,15,16,17,24,25,26,27,34,35,36,37
637,14,15,16,17,24,25,26,27,34,35,36,37
638,14,15,16,17,24,25,26,27,34,35,36,37
639,14,15,16,17,24,25,26,27,34,35,36,37
640,14,15,16,17,24,25,26,27,34,35,36,37
641,14,15,16,17,24,25,26,27,34,35,36,37,45,46
642,14,15,16,17,24,25,26,27,34,35,36,37,45,46
643,14,15,16,17,24,25,26,27,34,35,36,37,45,46
644,14,15,16,17,24,25,26,27,34,35,36,37,45,46
645,14,15,16,17,24,25,26,27,34,35,36,37,45,46
646,14,15,16,17,24,25,26,27,34,35,36,37,45,46
647,14,15,16,17,24,25,26,27,34,35,36,37,45,46
648,14,15,16,17,24,25,26,27,34,35,36,37,45,46
649,14,15,16,17,24,25,26,27,34,35,36,37,45,46
650,14,15,16,17,24,25,26,27,34,35,36,37,45,46
651,14,15,16,17,24,25,26,27,34,35,36,37,45,46
652,14,15,16,17,24,25,26,27,34,35,36,37,45,46
653,14,15,16,17,24,25,26,27,34,35,36,37,45,46
654,14,15,16,17,24,25,26,27,34,35,36,37,45,46
655,14,15,16,17,24,25,26,27,34,35,36,37,45,46
656,14,15,16,17,24,25,26,27,34,35,36,37,45,46
657,14,15,16,17,24,25,26,27,34,35,36,37,45,46
658,14,15,16,17,24,25,26,27,34,35,36,37,45,46
659,14,15,16,17,24,25,26,27,34,35,36,37,45,46
660,14,15,16,17,24,25,26,27,34,35,36,37,45,46
661,14,15,16,17,24,25,26,27,34,35,36,37,45,46
662,14,15,16,17,24,25,26,27,34,35,36,37,45,46
663,14,15,16,17,24,25,26,27,34,35,36,37,45,46
664,14,15,16,17,24,25,26,27,34,35,36,37,45,46
665,14,15,16,17,24,25,26,27,34,35,36,37,45,46
666,14,15,16,17,24,25,26,27,34,35,36,37,45,46
667,14,15,16,17,24,25,26,27,34,35,36,37,45,46
668,14,15,16,17,24,25,26,27,34,35,36,37,45,46
669,14,15,16,17,24,25,26,27,34,35,36,37,45,46
670,14,15,16,17,24,25,26,27,34,35,36,37,45,46
671,14,15,16,17,24,25,26,27,34,35,36,37
672,14,15,16,17,24,25,26,27,34,35,36,37
673,14,15,16,17,24,25,26,27,34,35,36,37
674,14,15,16,17,24,25,26,27,34,35,36,37
675,6,14,15,16,17,24,25,26,27,34,35,36,37
676,6,14,15,16,17,24,25,26,27,34,35,36,37
677,6,14,15,16,17,24,25,26,27,34,35,36,37
678,6,14,15,16,17,24,25,26,27,34,35,36,37
679,6,14,15,16,17,24,25,26,27,34,35,36,37
680,6,14,15,16,17,24,25,26,27,34,35,36,37
681,6,14,15,16,17,24,25,26,27,34,35,36,37
682,6,14,15,16,17,24,25,26,27,34,35,36,37
683,5,6,14,15,16,17,24,25,26,27,35,36,37
684,5,6,14,15,16,17,24,25,26,27,35,36,37
685,5,6,7,14,15,16,17,24,25,26,27,35,36,37
686,5,6,7,14,15,16,17,24,25,26,27,35,36,37
687,5,6,7,14,15,16,17,24,25,26,27,35,36,37
688,5,6,7,14,15,16,17,24,25,26,27,35,36,37
689,5,6,7,14,15,16,17,24,25,26,27,35,36,37
690,5,6,7,14,15,16,17,24,25,26,27,35,36,37
691,5,6,7,14,15,16,17,24,25,26,27,35,36,37
692,5,6,7,14,15,16,17,24,25,26,27,35,36,37
693,5,6,7,14,15,16,17,24,25,26,27,35,36,37
694,5,6,7,14,15,16,17,24,25,26,27,35,36,37
695,4,5,6,7,14,15,16,17,24,25,26,27,35,36,37
696,4,5,6,7,14,15,16,17,24,25,26,27,35,36,37
697,4,5,6,7,14,15,16,17,24,25,26,27,35,36,37
698,4,5,6,7,14,15,16,17,24,25,26,27,35,36,37
699,4,5,6,7,14,15,16,17,24,25,26,27,35,36,37
700,4,5,6,7,14,15,16,17,24,25,26,27,35,36,37
701,4,5,6,7,14,15,16,17,24,25,26,27,35,36,37
702,4,5,6,7,14,15,16,17,24,25,26,27,35,36,37
703,4,5,6,7,14,15,16,17,24,25,26,27,35,36,37
704,4,5,6,7,14,15,16,17,24,25,26,27,35,36,37
705,4,5,6,7,14,15,16,17,24,25,26,27,35,36,37
706,4,5,6,7,14,15,16,17,24,25,26,27,35,36,37
707,4,5,6,7,14,15,16,17,24,25,26,27,35,36
708,4,5,6,7,14,15,16,17,24,25,26,27,35,36
709,4,5,6,7,14,15,16,17,24,25,26,27,35,36
710,4,5,6,7,14,15,16,17,24,25,26,27,35,36
711,4,5,6,7,14,15,16,17,24,25,26,27,35,36
712,4,5,6,7,14,15,16,17,24,25,26,27,35,36
713,4,5,6,7,14,15,16,17,18,24,25,26,27,35,36
714,4,5,6,7,14,15,16,17,18,24,25,26,27,35,36
715,4,5,6,7,14,15,16,17,18,24,25,26,27,35,36
716,4,5,6,7,14,15,16,17,18,24,25,26,27,35,36
717,4,5,6,7,14,15,16,17,24,25,26,27,35,36
718,4,5,6,7,14,15,16,17,24,25,26,27,35,36
719,4,5,6,7,14,15,16,17,24,25,26,27,35,36
720,4,5,6,7,14,15,16,17,24,25,26,27,35,36
721,4,5,6,7,14,15,16,17,24,25,26,27,35,36,37
722,4,5,6,7,14,15,16,17,24,25,26,27,35,36,37
723,5,6,7,14,15,16,17,24,25,26,27,35,36,37
724,5,6,7,14,15,16,17,24,25,26,27,35,36,37
725,5,6,7,14,15,16,17,24,25,26,27,35,36,37
726,5,6,7,14,15,16,17,24,25,26,27,35,36,37
727,5,6,7,14,15,16,17,24,25,26,27,35,36,37
728,5,6,7,14,15,16,17,24,25,26,27,35,36,37
729,5,6,7,14,15,16,17,24,25,26,27,35,36,37
730,5,6,7,14,15,16,17,24,25,26,27,35,36,37
731,5,6,7,14,15,16,17,24,25,26,27,35,36,37
732,5,6,7,14,15,16,17,24,25,26,27,35,36,37
733,5,6,7,14,15,16,17,24,25,26,27,35,36,37
734,5,6,7,14,15,16,17,24,25,26,27,35,36,37
735,5,6,7,14,15,16,17,24,25,26,27,35,36,37
736,5,6,7,14,15,16,17,24,25,26,27,35,36,37
737,5,6,7,14,15,16,17,24,25,26,27,35,36,37
738,5,6,7,14,15,16,17,24,25,26,27,35,36,37
739,5,6,7,14,15,16,17,24,25,26,27,35,36,37
740,5,6,7,14,15,16,17,24,25,26,27,35,36,37
741,5,6,7,14,15,16,17,24,25,26,27,35,36,37
742,5,6,7,14,15,16,17,24,25,26,27,35,36,37
743,5,6,7,14,15,16,17,25,26,27,35,36,37
744,5,6,7,14,15,16,17,25,26,27,35,36,37
745,5,6,7,15,16,17,18,25,26,27,28,35,36,37
746,5,6,7,15,16,17,18,25,26,27,28,35,36,37
747,5,6,7,8,14,15,16,17,18,25,26,27,28,35,36,37
748,5,6,7,8,14,15,16,17,18,25,26,27,28,35,36,37
749,4,5,6,7,8,14,15,16,17,18,25,26,27,28,36
750,4,5,6,7,8,14,15,16,17,18,25,26,27,28,36
751,4,5,6,7,8,14,15,16,17,18,25,26,27,28,36
752,4,5,6,7,8,14,15,16,17,18,25,26,27,28,36
753,4,5,6,7,8,14,15,16,17,18,25,26,27,28
754,4,5,6,7,8,14,15,16,17,18,25,26,27,28
755,1,2,3,4,5,6,7,8,9,10,14,15,16,17,18,25,26,27,28
756,1,2,3,4,5,6,7,8,9,10,14,15,16,17,18,25,26,27,28
757,1,2,3,4,5,6,7,8,9,10,14,15,16,17,18,25,26,27,28
758,1,2,3,4,5,6,7,8,9,10,14,15,16,17,18,25,26,27,28
759,1,2,3,4,5,6,7,8,9,10,14,15,16,17,18,25,26,27
760,1,2,3,4,5,6,7,8,9,10,14,15,16,17,18,25,26,27
761,1,2,3,4,5,6,7,8,9,10,14,15,16,17,18,25,26,27
762,1,2,3,4,5,6,7,8,9,10,14,15,16,17,18,25,26,27
763,1,2,3,4,5,6,7,8,9,10,14,15,16,17,18,25,26,27
764,1,2,3,4,5,6,7,8,9,10,14,15,16,17,18,25,26,27
765,1,2,3,4,5,6,7,8,9,10,14,15,16,17,18,25,26,27
766,1,2,3,4,5,6,7,8,9,10,14,15,16,17,18,25,26,27
767,1,2,3,4,5,6,7,8,9,10,14,15,16,17,18,25,26,27
768,1,2,3,4,5,6,7,8,9,10,14,15,16,17,18,25,26,27
769,1,2,3,4,5,6,7,8,9,10,14,15,16,17,18,25,26,27
770,1,2,3,4,5,6,7,8,9,10,14,15,16,17,18,25,26,27
771,1,2,3,4,5,6,7,8,9,10,14,15,16,17,18,19,25,26,27
772,1,2,3,4,5,6,7,8,9,10,14,15,16,17,18,19,25,26,27
773,1,2,3,4,5,6,7,8,9,10,14,15,16,17,18,19,25,26,27
774,1,2,3,4,5,6,7,8,9,10,14,15,16,17,18,19,25,26,27
775,1,2,3,4,5,6,7,8,9,10,14,15,16,17,18,19,25,26,27
776,1,2,3,4,5,6,7,8,9,10,14,15,16,17,18,19,25,26,27
777,1,2,3,4,5,6,7,8,9,10,14,15,16,17,18,19,25,26,27
778,1,2,3,4,5,6,7,8,9,10,14,15,16,17,18,19,25,26,27
779,1,2,3,4,5,6,7,8,9,10,14,15,16,17,18,19,25,26,27
780,1,2,3,4,5,6,7,8,9,10,14,15,16,17,18,19,25,26,27
781,1,2,3,4,5,6,7,8,9,10,14,15,16,17,18,19,25,26,27
782,1,2,3,4,5,6,7,8,9,10,14,15,16,17,18,19,25,26,27
783,1,2,3,4,5,6,7,8,9,10,14,15,16,17,18,25,26,27
784,1,2,3,4,5,6,7,8,9,10,14,15,16,17,18,25,26,27
785,1,2,3,4,5,6,7,8,9,10,14,15,16,17,18,25,26,27
786,1,2,3,4,5,6,7,8,9,10,14,15,16,17,18,25,26,27
787,1,2,3,4,5,6,7,8,9,10,14,15,16,17,18,25,26,27
788,1,2,3,4,5,6,7,8,9,10,14,15,16,17,18,25,26,27
789,1,2,3,4,5,6,7,8,9,10,14,15,16,17,18,25,26,27
790,1,2,3,4,5,6,7,8,9,10,14,15,16,17,18,25,26,27
791,1,2,3,4,5,6,7,8,9,10,14,15,16,17,18,25,26,27
792,1,2,3,4,5,6,7,8,9,10,14,15,16,17,18,25,26,27
793,1,2,3,4,5,6,7,8,9,10,14,15,16,17,18,25,26,27
794,1,2,3,4,5,6,7,8,9,10,14,15,16,17,18,25,26,27
795,1,2,3,4,5,6,7,8,9,10,14,15,16,17,18,25,26,27,28
796,1,2,3,4,5,6,7,8,9,10,14,15,16,17,18,25,26,27,28
797,1,2,3,4,5,6,7,8,9,10,14,15,16,17,18,25,26,27,28
798,1,2,3,4,5,6,7,8,9,10,14,15,16,17,18,25,26,27,28
799,1,2,3,4,5,6,7,8,9,10,14,15,16,17,18,25,26,27,28
800,1,2,3,4,5,6,7,8,9,10,14,15,16,17,18,25,26,27,28
801,4,5,6,7,8,15,16,17,18,25,26,27,28,36
802,4,5,6,7,8,15,16,17,18,25,26,27,28,36
803,5,6,7,8,15,16,17,18,25,26,27,28,36,37
804,5,6,7,8,15,16,17,18,25,26,27,28,36,37
805,5,6,7,8,15,16,17,18,25,26,27,28,36,37
806,5,6,7,8,15,16,17,18,25,26,27,28,36,37
807,5,6,7,8,15,16,17,18,25,26,27,28,36,37
808,5,6,7,8,15,16,17,18,25,26,27,28,36,37
809,5,6,7,8,15,16,17,18,25,26,27,28,36,37
810,5,6,7,8,15,16,17,18,25,26,27,28,36,37
811,5,6,7,8,15,16,17,18,25,26,27,28,36,37
812,5,6,7,8,15,16,17,18,25,26,27,28,36,37
813,6,7,8,15,16,17,18,25,26,27,28,36,37
814,6,7,8,15,16,17,18,25,26,27,28,36,37
815,6,7,8,15,16,17,18,25,26,27,28,35,36,37
816,6,7,8,15,16,17,18,25,26,27,28,35,36,37
817,6,7,15,16,17,18,25,26,27,28,35,36,37
818,6,7,15,16,17,18,25,26,27,28,35,36,37
819,6,7,15,16,17,18,25,26,27,28,35,36,37
820,6,7,15,16,17,18,25,26,27,28,35,36,37
821,6,7,15,16,17,18,25,26,27,28,35,36,37
822,6,7,15,16,17,18,25,26,27,28,35,36,37
823,6,7,15,16,17,18,25,26,27,28,35,36,37,38
824,6,7,15,16,17,18,25,26,27,28,35,36,37,38
825,6,7,15,16,17,18,25,26,27,28,35,36,37,38
826,6,7,15,16,17,18,25,26,27,28,35,36,37,38
827,6,7,15,16,17,18,25,26,27,28,35,36,37,38
828,6,7,15,16,17,18,25,26,27,28,35,36,37,38
829,6,7,15,16,17,18,25,26,27,28,35,36,37,38
830,6,7,15,16,17,18,25,26,27,28,35,36,37,38
831,6,7,15,16,17,18,25,26,27,28,35,36,37,38
832,6,7,15,16,17,18,25,26,27,28,35,36,37,38
833,15,16,17,18,25,26,27,28,35,36,37,38
834,15,16,17,18,25,26,27,28,35,36,37,38
835,15,16,17,18,25,26,27,28,35,36,37,38
836,15,16,17,18,25,26,27,28,35,36,37,38
837,15,16,17,18,25,26,27,28,35,36,37,38
838,15,16,17,18,25,26,27,28,35,36,37,38
839,15,16,17,25,26,27,28,35,36,37,38,46
840,15,16,17,25,26,27,28,35,36,37,38,46
841,15,16,17,25,26,27,28,35,36,37,38,46,47
842,15,16,17,25,26,27,28,35,36,37,38,46,47
843,15,16,17,25,26,27,28,35,36,37,38,46,47
844,15,16,17,25,26,27,28,35,36,37,38,46,47
845,15,16,17,25,26,27,28,35,36,37,38,45,46,47
846,15,16,17,25,26,27,28,35,36,37,38,45,46,47
847,15,16,17,25,26,27,28,35,36,37,38,45,46,47
848,15,16,17,25,26,27,28,35,36,37,38,45,46,47
849,15,16,17,25,26,27,28,35,36,37,38,45,46,47
850,15,16,17,25,26,27,28,35,36,37,38,45,46,47
851,16,17,25,26,27,28,35,36,37,38,45,46,47
852,16,17,25,26,27,28,35,36,37,38,45,46,47
853,16,17,25,26,27,28,35,36,37,38,45,46,47,48
854,16,17,25,26,27,28,35,36,37,38,45,46,47,48
855,16,17,25,26,27,28,35,36,37,38,45,46,47,48
856,16,17,25,26,27,28,35,36,37,38,45,46,47,48
857,16,17,25,26,27,28,35,36,37,38,45,46,47,48
858,16,17,25,26,27,28,35,36,37,38,45,46,47,48
859,16,17,25,26,27,28,35,36,37,38,45,46,47,48
860,16,17,25,26,27,28,35,36,37,38,45,46,47,48
861,16,17,25,26,27,28,35,36,37,38,45,46,47,48
862,16,17,25,26,27,28,35,36,37,38,45,46,47,48
863,16,17,25,26,27,28,35,36,37,38,45,46,47,48
864,16,17,25,26,27,28,35,36,37,38,45,46,47,48
865,17,25,26,27,28,35,36,37,38,45,46,47,48
866,17,25,26,27,28,35,36,37,38,45,46,47,48
867,17,25,26,27,28,35,36,37,38,45,46,47,48
868,17,25,26,27,28,35,36,37,38,45,46,47,48
869,17,25,26,27,28,35,36,37,38,45,46,47,48
870,17,25,26,27,28,35,36,37,38,45,46,47,48
871,17,25,26,27,28,35,36,37,38,45,46,47,48
872,17,25,26,27,28,35,36,37,38,45,46,47,48
873,17,25,26,27,28,35,36,37,38,45,46,47,48
874,17,25,26,27,28,35,36,37,38,45,46,47,48
875,25,26,27,28,35,36,37,38,45,46,47,48
876,25,26,27,28,35,36,37,38,45,46,47,48
877,25,26,27,28,35,36,37,38,44,45,46,47,48,49
878,25,26,27,28,35,36,37,38,44,45,46,47,48,49
879,25,26,27,28,35,36,37,38,44,45,46,47,48,49
880,25,26,27,28,35,36,37,38,44,45,46,47,48,49
881,25,26,27,28,35,36,37,38,44,45,46,47,48,49
882,25,26,27,28,35,36,37,38,44,45,46,47,48,49
883,25,26,27,28,35,36,37,38,44,45,46,47,48,49
884,25,26,27,28,35,36,37,38,44,45,46,47,48,49
885,25,26,27,28,35,36,37,38,44,45,46,47,48,49
886,25,26,27,28,35,36,37,38,44,45,46,47,48,49
887,25,26,27,28,35,36,37,38,44,45,46,47,48,49
888,25,26,27,28,35,36,37,38,44,45,46,47,48,49
889,25,26,27,28,35,36,37,38,44,45,46,47,48,49
890,25,26,27,28,35,36,37,38,44,45,46,47,48,49
891,25,26,27,28,35,36,37,38,44,45,46,47,48,49
892,25,26,27,28,35,36,37,38,44,45,46,47,48,49
893,25,26,27,28,35,36,37,38,44,45,46,47,48,49
894,25,26,27,28,35,36,37,38,44,45,46,47,48,49
895,25,26,27,28,35,36,37,38,45,46,47,48,49
896,25,26,27,28,35,36,37,38,45,46,47,48,49
897,25,26,27,28,35,36,37,38,45,46,47,48,49
898,25,26,27,28,35,36,37,38,45,46,47,48,49
899,25,26,27,28,35,36,37,38,45,46,47,48,49
900,25,26,27,28,35,36,37,38,45,46,47,48,49
901,25,26,27,28,35,36,37,38,45,46,47,48
902,25,26,27,28,35,36,37,38,45,46,47,48
903,25,26,27,28,35,36,37,38,45,46,47,48
904,25,26,27,28,35,36,37,38,45,46,47,48
905,25,26,27,28,35,36,37,38,45,46,47,48
906,25,26,27,28,35,36,37,38,45,46,47,48
907,17,25,26,27,28,35,36,37,38,45,46,47,48
908,17,25,26,27,28,35,36,37,38,45,46,47,48
909,17,25,26,27,28,35,36,37,38,45,46,47,48
910,17,25,26,27,28,35,36,37,38,45,46,47,48
911,17,25,26,27,28,35,36,37,38,45,46,47,48
912,17,25,26,27,28,35,36,37,38,45,46,47,48
913,17,25,26,27,28,35,36,37,38,45,46,47,48
914,17,25,26,27,28,35,36,37,38,45,46,47,48
915,17,25,26,27,28,35,36,37,38,45,46,47,48
916,17,25,26,27,28,35,36,37,38,45,46,47,48
917,17,25,26,27,28,35,36,37,38,45,46,47,48
918,17,25,26,27,28,35,36,37,38,45,46,47,48
919,17,25,26,27,28,35,36,37,38,45,46,47,48
920,17,25,26,27,28,35,36,37,38,45,46,47,48
921,17,25,26,27,28,35,36,37,38,45,46,47,48
922,17,25,26,27,28,35,36,37,38,45,46,47,48
923,17,25,26,27,28,35,36,37,38,45,46,47,48
924,17,25,26,27,28,35,36,37,38,45,46,47,48
925,17,25,26,27,28,35,36,37,38,45,46,47,48
926,17,25,26,27,28,35,36,37,38,45,46,47,48
927,17,25,26,27,28,35,36,37,38,45,46,47,48
928,17,25,26,27,28,35,36,37,38,45,46,47,48
929,16,17,25,26,27,28,35,36,37,38,45,46,47,48
930,16,17,25,26,27,28,35,36,37,38,45,46,47,48
931,16,17,25,26,27,28,35,36,37,38,45,46,47,48
932,16,17,25,26,27,28,35,36,37,38,45,46,47,48
933,16,17,25,26,27,28,35,36,37,38,45,46,47,48
934,16,17,25,26,27,28,35,36,37,38,45,46,47,48
935,16,25,26,27,28,34,35,36,37,38,44,45,46,47,48
936,16,25,26,27,28,34,35,36,37,38,44,45,46,47,48
937,16,25,26,27,28,34,35,36,37,38,44,45,46,47,48
938,16,25,26,27,28,34,35,36,37,38,44,45,46,47,48
939,16,24,25,26,27,34,35,36,37,38,44,45,46,47,48
940,16,24,25,26,27,34,35,36,37,38,44,45,46,47,48
941,16,24,25,26,27,34,35,36,37,38,44,45,46,47,48
942,16,24,25,26,27,34,35,36,37,38,44,45,46,47,48
943,16,24,25,26,27,34,35,36,37,38,44,45,46,47,48
944,16,24,25,26,27,34,35,36,37,38,44,45,46,47,48
945,16,24,25,26,27,34,35,36,37,38,44,45,46,47,48
946,16,24,25,26,27,34,35,36,37,38,44,45,46,47,48
947,16,24,25,26,27,34,35,36,37,38,44,45,46,47,48
948,16,24,25,26,27,34,35,36,37,38,44,45,46,47,48
949,16,24,25,26,27,34,35,36,37,38,44,45,46,47,48
950,16,24,25,26,27,34,35,36,37,38,44,45,46,47,48
951,16,24,25,26,27,34,35,36,37,44,45,46,47
952,16,24,25,26,27,34,35,36,37,44,45,46,47
953,16,24,25,26,27,34,35,36,37,44,45,46,47
954,16,24,25,26,27,34,35,36,37,44,45,46,47
955,16,24,25,26,27,34,35,36,37,44,45,46,47
956,16,24,25,26,27,34,35,36,37,44,45,46,47
957,16,24,25,26,27,34,35,36,37,44,45,46,47
958,16,24,25,26,27,34,35,36,37,44,45,46,47
959,16,24,25,26,27,34,35,36,37,44,45,46,47
960,16,24,25,26,27,34,35,36,37,44,45,46,47
961,16,24,25,26,27,34,35,36,37,44,45,46,47
962,16,24,25,26,27,34,35,36,37,44,45,46,47
963,16,24,25,26,27,34,35,36,37,44,45,46,47
964,16,24,25,26,27,34,35,36,37,44,45,46,47
965,16,24,25,26,27,34,35,36,37,44,45,46,47
966,16,24,25,26,27,34,35,36,37,44,45,46,47
967,16,24,25,26,27,34,35,36,37,44,45,46,47
968,16,24,25,26,27,34,35,36,37,44,45,46,47
969,16,24,25,26,27,34,35,36,37,44,45,46,47
970,16,24,25,26,27,34,35,36,37,44,45,46,47
971,16,24,25,26,27,34,35,36,37,44,45,46,47
972,16,24,25,26,27,34,35,36,37,44,45,46,47
973,16,24,25,26,27,34,35,36,37,44,45,46,47
974,16,24,25,26,27,34,35,36,37,44,45,46,47
975,16,24,25,26,27,34,35,36,37,44,45,46,47
976,16,24,25,26,27,34,35,36,37,44,45,46,47
977,16,24,25,26,27,34,35,36,37,44,45,46,47
978,16,24,25,26,27,34,35,36,37,44,45,46,47
979,16,24,25,26,27,34,35,36,37,44,45,46,47
980,16,24,25,26,27,34,35,36,37,44,45,46,47
981,16,24,25,26,27,34,35,36,37,44,45,46,47
982,16,24,25,26,27,34,35,36,37,44,45,46,47
983,16,24,25,26,27,34,35,36,37,44,45,46,47
984,16,24,25,26,27,34,35,36,37,44,45,46,47
985,16,24,25,26,27,34,35,36,37,44,45,46,47
986,16,24,25,26,27,34,35,36,37,44,45,46,47
987,16,24,25,26,27,34,35,36,37,44,45,46,47
988,16,24,25,26,27,34,35,36,37,44,45,46,47
989,16,24,25,26,27,34,35,36,37,44,45,46,47
990,16,24,25,26,27,34,35,36,37,44,45,46,47
991,16,24,25,26,27,34,35,36,37,38,44,45,46,47
992,16,24,25,26,27,34,35,36,37,38,44,45,46,47
993,16,24,25,26,27,34,35,36,37,38,44,45,46,47,48
994,16,24,25,26,27,34,35,36,37,38,44,45,46,47,48
995,16,24,25,26,27,34,35,36,37,38,44,45,46,47,48
996,16,24,25,26,27,34,35,36,37,38,44,45,46,47,48
997,16,24,25,26,27,34,35,36,37,38,44,45,46,47,48
998,16,24,25,26,27,34,35,36,37,38,44,45,46,47,48
999,16,24,25,26,27,34,35,36,37,38,44,45,46,47,48
1000,16,24,25,26,27,34,35,36,37,38,44,45,46,47,48
1001,16,24,25,26,27,34,35,36,37,38,44,45,46,47,48
1002,16,24,25,26,27,34,35,36,37,38,44,45,46,47,48
1003,16,24,25,26,27,34,35,36,37,38,44,45,46,47,48
1004,16,24,25,26,27,34,35,36,37,38,44,45,46,47,48
1005,16,24,25,26,27,34,35,36,37,38,44,45,46,47,48
1006,16,24,25,26,27,34,35,36,37,38,44,45,46,47,48
1007,16,24,25,26,27,34,35,36,37,38,44,45,46,47,48
1008,16,24,25,26,27,34,35,36,37,38,44,45,46,47,48
1009,16,24,25,26,27,34,35,36,37,38,44,45,46,47,48
1010,16,24,25,26,27,34,35,36,37,38,44,45,46,47,48
1011,16,24,25,26,27,34,35,36,37,38,44,45,46,47,48
1012,16,24,25,26,27,34,35,36,37,38,44,45,46,47,48
1013,16,24,25,26,27,34,35,36,37,38,44,45,46,47,48
1014,16,24,25,26,27,34,35,36,37,38,44,45,46,47,48
1015,16,25,26,27,34,35,36,37,38,44,45,46,47,48
1016,16,25,26,27,34,35,36,37,38,44,45,46,47,48
1017,16,25,26,27,28,34,35,36,37,38,44,45,46,47,48
1018,16,25,26,27,28,34,35,36,37,38,44,45,46,47,48
1019,16,25,26,27,28,34,35,36,37,38,44,45,46,47,48
1020,16,25,26,27,28,34,35,36,37,38,44,45,46,47,48
1021,16,25,26,27,28,34,35,36,37,38,44,45,46,47,48
1022,16,25,26,27,28,34,35,36,37,38,44,45,46,47,48
1023,16,25,26,27,28,34,35,36,37,38,44,45,46,47,48
1024,16,25,26,27,28,34,35,36,37,38,44,45,46,47,48
1025,16,25,26,27,28,34,35,36,37,38,44,45,46,47,48
1026,16,25,26,27,28,34,35,36,37,38,44,45,46,47,48
1027,16,25,26,27,28,34,35,36,37,38,44,45,46,47,48
1028,16,25,26,27,28,34,35,36,37,38,44,45,46,47,48
1029,16,25,26,27,28,34,35,36,37,38,44,45,46,47,48
1030,16,25,26,27,28,34,35,36,37,38,44,45,46,47,48
1031,16,25,26,27,28,34,35,36,37,38,44,45,46,47,48
1032,16,25,26,27,28,34,35,36,37,38,44,45,46,47,48
1033,16,25,26,27,28,34,35,36,37,38,44,45,46,47,48
1034,16,25,26,27,28,34,35,36,37,38,44,45,46,47,48
1035,16,25,26,27,28,34,35,36,37,38,44,45,46,47,48
1036,16,25,26,27,28,34,35,36,37,38,44,45,46,47,48
1037,16,25,26,27,28,34,35,36,37,38,44,45,46,47,48
1038,16,25,26,27,28,34,35,36,37,38,44,45,46,47,48
1039,16,25,26,27,28,34,35,36,37,38,44,45,46,47,48
1040,16,25,26,27,28,34,35,36,37,38,44,45,46,47,48
1041,16,25,26,27,28,34,35,36,37,38,44,45,46,47,48
1042,16,25,26,27,28,34,35,36,37,38,44,45,46,47,48
1043,16,25,26,27,28,34,35,36,37,38,44,45,46,47,48
1044,16,25,26,27,28,34,35,36,37,38,44,45,46,47,48
1045,16,25,26,27,28,34,35,36,37,38,44,45,46,47,48
1046,16,25,26,27,28,34,35,36,37,38,44,45,46,47,48
1047,16,17,25,26,27,28,34,35,36,37,38,44,45,46,47,48
1048,16,17,25,26,27,28,34,35,36,37,38,44,45,46,47,48
1049,16,17,25,26,27,28,34,35,36,37,38,44,45,46,47,48
1050,16,17,25,26,27,28,34,35,36,37,38,44,45,46,47,48
1051,16,17,25,26,27,28,34,35,36,37,38,44,45,46,47,48
1052,16,17,25,26,27,28,34,35,36,37,38,44,45,46,47,48
1053,16,17,25,26,27,28,34,35,36,37,38,44,45,46,47,48
1054,16,17,25,26,27,28,34,35,36,37,38,44,45,46,47,48
1055,16,17,25,26,27,28,34,35,36,37,38,44,45,46,47,48
1056,16,17,25,26,27,28,34,35,36,37,38,44,45,46,47,48
1057,16,17,25,26,27,28,34,35,36,37,38,44,45,46,47,48
1058,16,17,25,26,27,28,34,35,36,37,38,44,45,46,47,48
1059,16,17,25,26,27,28,34,35,36,37,38,44,45,46,47,48
1060,16,17,25,26,27,28,34,35,36,37,38,44,45,46,47,48
1061,16,17,25,26,27,28,34,35,36,37,38,45,46,47,48
1062,16,17,25,26,27,28,34,35,36,37,38,45,46,47,48
1063,16,17,25,26,27,28,35,36,37,38,45,46,47,48
1064,16,17,25,26,27,28,35,36,37,38,45,46,47,48
1065,16,17,25,26,27,28,35,36,37,38,45,46,47,48
1066,16,17,25,26,27,28,35,36,37,38,45,46,47,48
1067,16,17,25,26,27,28,35,36,37,38,45,46,47,48
1068,16,17,25,26,27,28,35,36,37,38,45,46,47,48
1069,16,17,25,26,27,28,35,36,37,38,45,46,47,48
1070,16,17,25,26,27,28,35,36,37,38,45,46,47,48
1071,16,17,25,26,27,28,35,36,37,38,45,46,47,48
1072,16,17,25,26,27,28,35,36,37,38,45,46,47,48
1073,16,17,25,26,27,28,35,36,37,38,45,46,47,48
1074,16,17,25,26,27,28,35,36,37,38,45,46,47,48
1075,17,25,26,27,28,35,36,37,38,45,46,47,48
1076,17,25,26,27,28,35,36,37,38,45,46,47,48
1077,17,25,26,27,28,35,36,37,38,45,46,47,48
1078,17,25,26,27,28,35,36,37,38,45,46,47,48
1079,17,25,26,27,28,35,36,37,38,45,46,47,48
1080,17,25,26,27,28,35,36,37,38,45,46,47,48
1081,17,25,26,27,28,35,36,37,38,45,46,47,48
1082,17,25,26,27,28,35,36,37,38,45,46,47,48
1083,17,25,26,27,28,35,36,37,38,45,46,47,48
1084,17,25,26,27,28,35,36,37,38,45,46,47,48
1085,17,25,26,27,28,35,36,37,38,45,46,47,48
1086,17,25,26,27,28,35,36,37,38,45,46,47,48
1087,17,25,26,27,28,35,36,37,38,45,46,47,48
1088,17,25,26,27,28,35,36,37,38,45,46,47,48
1089,17,25,26,27,28,35,36,37,38,45,46,47,48
1090,17,25,26,27,28,35,36,37,38,45,46,47,48
1091,17,25,26,27,28,35,36,37,38,45,46,47,48
1092,17,25,26,27,28,35,36,37,38,45,46,47,48
1093,17,25,26,27,28,35,36,37,38,45,46,47,48
1094,17,25,26,27,28,35,36,37,38,45,46,47,48
1095,17,25,26,27,28,35,36,37,38,45,46,47,48
1096,17,25,26,27,28,35,36,37,38,45,46,47,48
1097,17,25,26,27,28,35,36,37,38,45,46,47,48
1098,17,25,26,27,28,35,36,37,38,45,46,47,48
1099,17,25,26,27,28,35,36,37,38,45,46,47,48
1100,17,25,26,27,28,35,36,37,38,45,46,47,48
1101,17,25,26,27,28,35,36,37,38,45,46,47,48
1102,17,25,26,27,28,35,36,37,38,45,46,47,48
1103,17,25,26,27,28,35,36,37,38,45,46,47,48
1104,17,25,26,27,28,35,36,37,38,45,46,47,48
1105,17,25,26,27,28,35,36,37,38,45,46,47,48
1106,17,25,26,27,28,35,36,37,38,45,46,47,48
1107,17,25,26,27,28,35,36,37,38,45,46,47,48
1108,17,25,26,27,28,35,36,37,38,45,46,47,48
1109,17,25,26,27,28,35,36,37,38,45,46,47,48
1110,17,25,26,27,28,35,36,37,38,45,46,47,48
1111,17,25,26,27,28,35,36,37,38,45,46,47,48
1112,17,25,26,27,28,35,36,37,38,45,46,47,48
1113,17,25,26,27,28,35,36,37,38,45,46,47,48
1114,17,25,26,27,28,35,36,37,38,45,46,47,48
1115,17,25,26,27,28,35,36,37,38,45,46,47,48
1116,17,25,26,27,28,35,36,37,38,45,46,47,48
1117,17,25,26,27,28,35,36,37,38,45,46,47,48
1118,17,25,26,27,28,35,36,37,38,45,46,47,48
1119,16,17,25,26,27,28,35,36,37,38,45,46,47,48
1120,16,17,25,26,27,28,35,36,37,38,45,46,47,48
1121,16,17,25,26,27,28,35,36,37,38,45,46,47,48
1122,16,17,25,26,27,28,35,36,37,38,45,46,47,48
1123,16,17,25,26,27,28,35,36,37,38,45,46,47,48
1124,16,17,25,26,27,28,35,36,37,38,45,46,47,48
1125,16,17,25,26,27,28,35,36,37,38,45,46,47,48
1126,16,17,25,26,27,28,35,36,37,38,45,46,47,48
1127,16,17,25,26,27,28,35,36,37,38,45,46,47,48
1128,16,17,25,26,27,28,35,36,37,38,45,46,47,48
1129,16,17,25,26,27,28,35,36,37,38,45,46,47,48
1130,16,17,25,26,27,28,35,36,37,38,45,46,47,48
1131,16,17,25,26,27,28,35,36,37,38,45,46,47,48
1132,16,17,25,26,27,28,35,36,37,38,45,46,47,48
1133,16,17,25,26,27,28,35,36,37,38,45,46,47,48
1134,16,17,25,26,27,28,35,36,37,38,45,46,47,48
1135,16,17,25,26,27,28,35,36,37,38,45,46,47,48
1136,16,17,25,26,27,28,35,36,37,38,45,46,47,48
1137,16,17,25,26,27,28,35,36,37,38,45,46,47,48
1138,16,17,25,26,27,28,35,36,37,38,45,46,47,48
1139,16,17,25,26,27,28,35,36,37,38,45,46,47,48
1140,16,17,25,26,27,28,35,36,37,38,45,46,47,48
1141,16,17,25,26,27,28,35,36,37,38,45,46,47,48
1142,16,17,25,26,27,28,35,36,37,38,45,46,47,48
1143,16,17,25,26,27,28,35,36,37,38,45,46,47,48
1144,16,17,25,26,27,28,35,36,37,38,45,46,47,48
1145,16,17,25,26,27,28,35,36,37,38,45,46,47,48
1146,16,17,25,26,27,28,35,36,37,38,45,46,47,48
1147,16,17,25,26,27,28,35,36,37,38,45,46,47,48
1148,16,17,25,26,27,28,35,36,37,38,45,46,47,48
1149,16,17,25,26,27,28,35,36,37,38,45,46,47,48
1150,16,17,25,26,27,28,35,36,37,38,45,46,47,48
1151,16,17,25,26,27,28,35,36,37,38,45,46,47,48
1152,16,17,25,26,27,28,35,36,37,38,45,46,47,48
1153,16,17,25,26,27,28,35,36,37,38,45,46,47,48
1154,16,17,25,26,27,28,35,36,37,38,45,46,47,48
1155,16,17,25,26,27,28,35,36,37,38,45,46,47,48
1156,16,17,25,26,27,28,35,36,37,38,45,46,47,48
1157,16,17,25,26,27,28,35,36,37,38,45,46,47,48
1158,16,17,25,26,27,28,35,36,37,38,45,46,47,48
1159,16,17,25,26,27,28,35,36,37,38,45,46,47,48
1160,16,17,25,26,27,28,35,36,37,38,45,46,47,48
1161,16,17,25,26,27,28,35,36,37,38,45,46,47,48
1162,16,17,25,26,27,28,35,36,37,38,45,46,47,48
1163,16,17,25,26,27,28,35,36,37,38,45,46,47,48
1164,16,17,25,26,27,28,35,36,37,38,45,46,47,48
1165,16,17,25,26,27,28,35,36,37,38,45,46,47,48
1166,16,17,25,26,27,28,35,36,37,38,45,46,47,48
1167,16,17,25,26,27,28,35,36,37,38,45,46,47,48
1168,16,17,25,26,27,28,35,36,37,38,45,46,47,48
1169,16,17,25,26,27,28,35,36,37,38,45,46,47,48
1170,16,17,25,26,27,28,35,36,37,38,45,46,47,48
1171,16,17,25,26,27,28,35,36,37,38,45,46,47,48
1172,16,17,25,26,27,28,35,36,37,38,45,46,47,48
1173,16,17,25,26,27,28,35,36,37,38,45,46,47,48
1174,16,17,25,26,27,28,35,36,37,38,45,46,47,48
1175,16,17,25,26,27,28,35,36,37,38,45,46,47,48
1176,16,17,25,26,27,28,35,36,37,38,45,46,47,48
1177,16,17,25,26,27,28,35,36,37,38,45,46,47,48
1178,16,17,25,26,27,28,35,36,37,38,45,46,47,48
1179,16,17,25,26,27,28,35,36,37,38,45,46,47,48
1180,16,17,25,26,27,28,35,36,37,38,45,46,47,48
1181,16,17,25,26,27,28,35,36,37,38,45,46,47,48
1182,16,17,25,26,27,28,35,36,37,38,45,46,47,48
1183,16,17,25,26,27,28,35,36,37,38,45,46,47,48
1184,16,17,25,26,27,28,35,36,37,38,45,46,47,48
1185,15,16,17,25,26,27,28,35,36,37,38,45,46,47
1186,15,16,17,25,26,27,28,35,36,37,38,45,46,47
1187,15,16,17,25,26,27,28,35,36,37,38,45,46,47
1188,15,16,17,25,26,27,28,35,36,37,38,45,46,47
1189,15,16,17,18,25,26,27,28,35,36,37,38,46,47
1190,15,16,17,18,25,26,27,28,35,36,37,38,46,47
1191,15,16,17,18,25,26,27,28,35,36,37,38,46,47
1192,15,16,17,18,25,26,27,28,35,36,37,38,46,47
1193,15,16,17,18,25,26,27,28,35,36,37,38,46,47
1194,15,16,17,18,25,26,27,28,35,36,37,38,46,47
1195,15,16,17,18,25,26,27,28,35,36,37,38,46,47
1196,15,16,17,18,25,26,27,28,35,36,37,38,46,47
1197,15,16,17,18,25,26,27,28,35,36,37,38
1198,15,16,17,18,25,26,27,28,35,36,37,38
1199,7,15,16,17,18,25,26,27,28,35,36,37,38
1200,7,15,16,17,18,25,26,27,28,35,36,37,38
1201,6,7,15,16,17,18,25,26,27,28,35,36,37,38
1202,6,7,15,16,17,18,25,26,27,28,35,36,37,38
1203,6,7,15,16,17,18,25,26,27,28,35,36,37,38
1204,6,7,15,16,17,18,25,26,27,28,35,36,37,38
1205,6,7,15,16,17,18,25,26,27,28,35,36,37
1206,6,7,15,16,17,18,25,26,27,28,35,36,37
1207,6,7,15,16,17,18,25,26,27,28,35,36,37
1208,6,7,15,16,17,18,25,26,27,28,35,36,37
1209,6,7,15,16,17,18,25,26,27,28,35,36,37
1210,6,7,15,16,17,18,25,26,27,28,35,36,37
1211,6,7,15,16,17,18,25,26,27,28,35,36,37
1212,6,7,15,16,17,18,25,26,27,28,35,36,37
1213,6,7,15,16,17,18,25,26,27,28,35,36,37
1214,6,7,15,16,17,18,25,26,27,28,35,36,37
1215,6,7,8,15,16,17,18,25,26,27,28,35,36,37
1216,6,7,8,15,16,17,18,25,26,27,28,35,36,37
1217,6,7,8,15,16,17,18,25,26,27,28,35,36,37
1218,6,7,8,15,16,17,18,25,26,27,28,35,36,37
1219,5,6,7,8,15,16,17,18,25,26,27,28,35,36,37
1220,5,6,7,8,15,16,17,18,25,26,27,28,35,36,37
1221,5,6,7,8,15,16,17,18,25,26,27,28,35,36,37
1222,5,6,7,8,15,16,17,18,25,26,27,28,35,36,37
1223,6,7,8,15,16,17,18,25,26,27,28,35,36,37
1224,6,7,8,15,16,17,18,25,26,27,28,35,36,37
1225,6,7,8,15,16,17,18,25,26,27,28,35,36,37
1226,6,7,8,15,16,17,18,25,26,27,28,35,36,37
1227,6,7,15,16,17,18,25,26,27,28,35,36,37
1228,6,7,15,16,17,18,25,26,27,28,35,36,37
1229,6,7,15,16,17,18,25,26,27,28,35,36,37
1230,6,7,15,16,17,18,25,26,27,28,35,36,37
1231,6,7,15,16,17,18,25,26,27,28,35,36,37,38
1232,6,7,15,16,17,18,25,26,27,28,35,36,37,38
1233,6,7,15,16,17,18,25,26,27,28,35,36,37,38
1234,6,7,15,16,17,18,25,26,27,28,35,36,37,38
1235,7,15,16,17,18,25,26,27,28,35,36,37,38
1236,7,15,16,17,18,25,26,27,28,35,36,37,38
1237,15,16,17,18,25,26,27,28,35,36,37,38
1238,15,16,17,18,25,26,27,28,35,36,37,38
1239,16,17,18,25,26,27,28,35,36,37,38,46,47
1240,16,17,18,25,26,27,28,35,36,37,38,46,47
1241,16,17,18,25,26,27,28,35,36,37,38,46,47
1242,16,17,18,25,26,27,28,35,36,37,38,46,47
1243,16,17,18,25,26,27,28,35,36,37,38,46,47,48
1244,16,17,18,25,26,27,28,35,36,37,38,46,47,48
1245,16,17,18,25,26,27,28,35,36,37,38,46,47,48
1246,16,17,18,25,26,27,28,35,36,37,38,46,47,48
1247,16,17,18,25,26,27,28,35,36,37,38,46,47,48
1248,16,17,18,25,26,27,28,35,36,37,38,46,47,48
1249,16,17,18,25,26,27,28,35,36,37,38,46,47,48
1250,16,17,18,25,26,27,28,35,36,37,38,46,47,48
1251,16,17,18,26,27,28,36,37,38,46,47,48
1252,16,17,18,26,27,28,36,37,38,46,47,48
1253,16,17,18,26,27,28,36,37,38,46,47,48
1254,16,17,18,26,27,28,36,37,38,46,47,48
1255,16,17,18,26,27,28,36,37,38,46,47,48
1256,16,17,18,26,27,28,36,37,38,46,47,48
1257,16,17,18,26,27,28,36,37,38,46,47,48
1258,16,17,18,26,27,28,36,37,38,46,47,48
1259,16,17,18,26,27,28,36,37,38,46,47,48
1260,16,17,18,26,27,28,36,37,38,46,47,48
1261,16,17,18,26,27,28,36,37,38,46,47,48
1262,16,17,18,26,27,28,36,37,38,46,47,48
1263,16,17,18,26,27,28,36,37,38,46,47,48
1264,16,17,18,26,27,28,36,37,38,46,47,48
1265,16,17,18,26,27,28,36,37,38,46,47,48
1266,16,17,18,26,27,28,36,37,38,46,47,48
1267,16,17,18,26,27,28,36,37,38,46,47,48
1268,16,17,18,26,27,28,36,37,38,46,47,48
1269,16,17,18,26,27,28,36,37,38,46,47,48
1270,16,17,18,26,27,28,36,37,38,46,47,48
1271,17,18,26,27,28,36,37,38,46,47,48
1272,17,18,26,27,28,36,37,38,46,47,48
1273,17,18,26,27,28,29,36,37,38,39,46,47,48
1274,17,18,26,27,28,29,36,37,38,39,46,47,48
1275,17,18,26,27,28,29,36,37,38,39,46,47,48
1276,17,18,26,27,28,29,36,37,38,39,46,47,48
1277,17,18,26,27,28,29,36,37,38,39,46,47,48,49
1278,17,18,26,27,28,29,36,37,38,39,46,47,48,49
1279,17,18,26,27,28,29,35,36,37,38,39,46,47,48,49
1280,17,18,26,27,28,29,35,36,37,38,39,46,47,48,49
1281,17,18,26,27,28,29,35,36,37,38,39,45,46,47,48,49
1282,17,18,26,27,28,29,35,36,37,38,39,45,46,47,48,49
1283,17,26,27,28,29,35,36,37,38,39,45,46,47,48,49
1284,17,26,27,28,29,35,36,37,38,39,45,46,47,48,49
1285,17,26,27,28,29,35,36,37,38,39,45,46,47,48,49
1286,17,26,27,28,29,35,36,37,38,39,45,46,47,48,49
1287,26,27,28,29,35,36,37,38,39,45,46,47,48,49
1288,26,27,28,29,35,36,37,38,39,45,46,47,48,49
1289,26,27,28,35,36,37,38,39,41,42,43,44,45,46,47,48,49,50
1290,26,27,28,35,36,37,38,39,41,42,43,44,45,46,47,48,49,50
1291,26,27,28,35,36,37,38,39,41,42,43,44,45,46,47,48,49,50
1292,26,27,28,35,36,37,38,39,41,42,43,44,45,46,47,48,49,50
1293,25,26,27,28,35,36,37,38,39,41,42,43,44,45,46,47,48,49,50
1294,25,26,27,28,35,36,37,38,39,41,42,43,44,45,46,47,48,49,50
1295,25,26,27,28,35,36,37,38,39,41,42,43,44,45,46,47,48,49,50
1296,25,26,27,28,35,36,37,38,39,41,42,43,44,45,46,47,48,49,50
1297,25,26,27,28,35,36,37,38,39,41,42,43,44,45,46,47,48,49,50
1298,25,26,27,28,35,36,37,38,39,41,42,43,44,45,46,47,48,49,50
1299,25,26,27,28,35,36,37,38,39,41,42,43,44,45,46,47,48,49,50
1300,25,26,27,28,35,36,37,38,39,41,42,43,44,45,46,47,48,49,50
1301,25,26,27,28,35,36,37,38,39,41,42,43,44,45,46,47,48,49,50
1302,25,26,27,28,35,36,37,38,39,41,42,43,44,45,46,47,48,49,50
1303,25,26,27,28,35,36,37,38,39,41,42,43,44,45,46,47,48,49,50
1304,25,26,27,28,35,36,37,38,39,41,42,43,44,45,46,47,48,49,50
1305,25,26,27,28,35,36,37,38,39,41,42,43,44,45,46,47,48,49,50
1306,25,26,27,28,35,36,37,38,39,41,42,43,44,45,46,47,48,49,50
1307,25,26,27,28,35,36,37,38,39,41,42,43,44,45,46,47,48,49,50
1308,25,26,27,28,35,36,37,38,39,41,42,43,44,45,46,47,48,49,50
1309,25,26,27,28,34,35,36,37,38,39,41,42,43,44,45,46,47,48,49,50
1310,25,26,27,28,34,35,36,37,38,39,41,42,43,44,45,46,47,48,49,50
1311,25,26,27,28,34,35,36,37,38,39,41,42,43,44,45,46,47,48,49,50
1312,25,26,27,28,34,35,36,37,38,39,41,42,43,44,45,46,47,48,49,50
1313,25,26,27,28,34,35,36,37,38,39,41,42,43,44,45,46,47,48,49,50
1314,25,26,27,28,34,35,36,37,38,39,41,42,43,44,45,46,47,48,49,50
1315,25,26,27,28,34,35,36,37,38,39,41,42,43,44,45,46,47,48,49,50
1316,25,26,27,28,34,35,36,37,38,39,41,42,43,44,45,46,47,48,49,50
1317,25,26,27,28,34,35,36,37,38,39,41,42,43,44,45,46,47,48,49,50
1318,25,26,27,28,34,35,36,37,38,39,41,42,43,44,45,46,47,48,49,50
1319,25,26,27,28,34,35,36,37,38,39,41,42,43,44,45,46,47,48,49,50
1320,25,26,27,28,34,35,36,37,38,39,41,42,43,44,45,46,47,48,49,50
1321,25,26,27,28,34,35,36,37,38,39,41,42,43,44,45,46,47,48,49,50
1322,25,26,27,28,34,35,36,37,38,39,41,42,43,44,45,46,47,48,49,50
1323,25,26,27,28,34,35,36,37,38,39,41,42,43,44,45,46,47,48,49,50
1324,25,26,27,28,34,35,36,37,38,39,41,42,43,44,45,46,47,48,49,50
1325,26,27,34,35,36,37,38,39,41,42,43,44,45,46,47,48,49,50
1326,26,27,34,35,36,37,38,39,41,42,43,44,45,46,47,48,49,50
1327,26,27,34,35,36,37,38,39,41,42,43,44,45,46,47,48,49,50
1328,26,27,34,35,36,37,38,39,41,42,43,44,45,46,47,48,49,50
1329,26,27,34,35,36,37,38,39,41,42,43,44,45,46,47,48,49,50
1330,26,27,34,35,36,37,38,39,41,42,43,44,45,46,47,48,49,50
1331,26,27,34,35,36,37,38,39,41,42,43,44,45,46,47,48,49,50
1332,26,27,34,35,36,37,38,39,41,42,43,44,45,46,47,48,49,50
1333,26,27,34,35,36,37,38,39,41,42,43,44,45,46,47,48,49,50
1334,26,27,34,35,36,37,38,39,41,42,43,44,45,46,47,48,49,50
1335,26,27,34,35,36,37,38,39,41,42,43,44,45,46,47,48,49,50
1336,26,27,34,35,36,37,38,39,41,42,43,44,45,46,47,48,49,50
1337,26,27,34,35,36,37,38,39,41,42,43,44,45,46,47,48,49,50
1338,26,27,34,35,36,37,38,39,41,42,43,44,45,46,47,48,49,50
1339,26,27,34,35,36,37,38,39,41,42,43,44,45,46,47,48,49,50
1340,26,27,34,35,36,37,38,39,41,42,43,44,45,46,47,48,49,50
1341,26,27,34,35,36,37,38,39,41,42,43,44,45,46,47,48,49,50
1342,26,27,34,35,36,37,38,39,41,42,43,44,45,46,47,48,49,50
1343,26,27,34,35,36,37,38,39,41,42,43,44,45,46,47,48,49,50
1344,26,27,34,35,36,37,38,39,41,42,43,44,45,46,47,48,49,50
1345,25,26,27,28,34,35,36,37,38,39,41,42,43,44,45,46,47,48,49,50
1346,25,26,27,28,34,35,36,37,38,39,41,42,43,44,45,46,47,48,49,50
1347,25,26,27,28,34,35,36,37,38,39,41,42,43,44,45,46,47,48,49,50
1348,25,26,27,28,34,35,36,37,38,39,41,42,43,44,45,46,47,48,49,50
1349,25,26,27,28,34,35,36,37,38,39,41,42,43,44,45,46,47,48,49,50
1350,25,26,27,28,34,35,36,37,38,39,41,42,43,44,45,46,47,48,49,50
1351,25,26,27,28,34,35,36,37,38,39,41,42,43,44,45,46,47,48,49,50
1352,25,26,27,28,34,35,36,37,38,39,41,42,43,44,45,46,47,48,49,50
1353,25,26,27,28,34,35,36,37,38,39,41,42,43,44,45,46,47,48,49,50
1354,25,26,27,28,34,35,36,37,38,39,41,42,43,44,45,46,47,48,49,50
1355,25,26,27,28,34,35,36,37,38,39,41,42,43,44,45,46,47,48,49,50
1356,25,26,27,28,34,35,36,37,38,39,41,42,43,44,45,46,47,48,49,50
1357,25,26,27,28,34,35,36,37,38,39,41,42,43,44,45,46,47,48,49,50
1358,25,26,27,28,34,35,36,37,38,39,41,42,43,44,45,46,47,48,49,50
1359,25,26,27,28,34,35,36,37,38,39,41,42,43,44,45,46,47,48,49,50
1360,25,26,27,28,34,35,36,37,38,39,41,42,43,44,45,46,47,48,49,50
1361,25,26,27,28,34,35,36,37,38,39,41,42,43,44,45,46,47,48,49,50
1362,25,26,27,28,34,35,36,37,38,39,41,42,43,44,45,46,47,48,49,50
1363,25,26,27,28,34,35,36,37,38,39,41,42,43,44,45,46,47,48,49,50
1364,25,26,27,28,34,35,36,37,38,39,41,42,43,44,45,46,47,48,49,50
1365,25,26,27,28,34,35,36,37,38,39,41,42,43,44,45,46,47,48,49,50
1366,25,26,27,28,34,35,36,37,38,39,41,42,43,44,45,46,47,48,49,50
1367,25,26,27,28,34,35,36,37,38,39,41,42,43,44,45,46,47,48,49,50
1368,25,26,27,28,34,35,36,37,38,39,41,42,43,44,45,46,47,48,49,50
1369,25,26,27,28,34,35,36,37,38,39,41,42,43,44,45,46,47,48,49,50
1370,25,26,27,28,34,35,36,37,38,39,41,42,43,44,45,46,47,48,49,50
1371,25,26,27,28,34,35,36,37,38,39,41,42,43,44,45,46,47,48,49,50
1372,25,26,27,28,34,35,36,37,38,39,41,42,43,44,45,46,47,48,49,50
1373,25,26,27,28,34,35,36,37,38,39,41,42,43,44,45,46,47,48,49,50
1374,25,26,27,28,34,35,36,37,38,39,41,42,43,44,45,46,47,48,49,50
1375,25,26,27,28,34,35,36,37,38,39,41,42,43,44,45,46,47,48,49,50
1376,25,26,27,28,34,35,36,37,38,39,41,42,43,44,45,46,47,48,49,50
1377,25,26,27,28,34,35,36,37,38,39,41,42,43,44,45,46,47,48,49,50
1378,25,26,27,28,34,35,36,37,38,39,41,42,43,44,45,46,47,48,49,50
1379,25,26,27,28,34,35,36,37,38,39,41,42,43,44,45,46,47,48,49,50
1380,25,26,27,28,34,35,36,37,38,39,41,42,43,44,45,46,47,48,49,50
1381,25,26,27,28,34,35,36,37,38,39,41,42,43,44,45,46,47,48,49,50
1382,25,26,27,28,34,35,36,37,38,39,41,42,43,44,45,46,47,48,49,50
1383,25,26,27,28,34,35,36,37,38,39,41,42,43,44,45,46,47,48,49,50
1384,25,26,27,28,34,35,36,37,38,39,41,42,43,44,45,46,47,48,49,50
1385,25,26,27,28,34,35,36,37,38,39,41,42,43,44,45,46,47,48,49,50
1386,25,26,27,28,34,35,36,37,38,39,41,42,43,44,45,46,47,48,49,50
1387,25,26,27,28,34,35,36,37,38,39,41,42,43,44,45,46,47,48,49,50
1388,25,26,27,28,34,35,36,37,38,39,41,42,43,44,45,46,47,48,49,50
1389,25,26,27,28,34,35,36,37,38,39,41,42,43,44,45,46,47,48,49,50
1390,25,26,27,28,34,35,36,37,38,39,41,42,43,44,45,46,47,48,49,50
1391,25,26,27,28,34,35,36,37,38,41,42,43,44,45,46,47,48,49,50
1392,25,26,27,28,34,35,36,37,38,41,42,43,44,45,46,47,48,49,50
1393,25,26,27,28,34,35,36,37,38,41,42,43,44,45,46,47,48,49,50
1394,25,26,27,28,34,35,36,37,38,41,42,43,44,45,46,47,48,49,50
1395,25,26,27,28,34,35,36,37,38,41,42,43,44,45,46,47,48,49,50
1396,25,26,27,28,34,35,36,37,38,41,42,43,44,45,46,47,48,49,50
1397,25,26,27,28,34,35,36,37,38,41,42,43,44,45,46,47,48,49,50
1398,25,26,27,28,34,35,36,37,38,41,42,43,44,45,46,47,48,49,50
1399,25,26,27,28,34,35,36,37,38,41,42,43,44,45,46,47,48,49,50
1400,25,26,27,28,34,35,36,37,38,41,42,43,44,45,46,47,48,49,50
1401,25,26,27,28,34,35,36,37,38,41,42,43,44,45,46,47,48,49,50
1402,25,26,27,28,34,35,36,37,38,41,42,43,44,45,46,47,48,49,50
1403,25,26,27,28,34,35,36,37,38,41,42,43,44,45,46,47,48,49,50
1404,25,26,27,28,34,35,36,37,38,41,42,43,44,45,46,47,48,49,50
1405,25,26,27,28,34,35,36,37,38,41,42,43,44,45,46,47,48,49,50
1406,25,26,27,28,34,35,36,37,38,41,42,43,44,45,46,47,48,49,50
1407,25,26,27,28,34,35,36,37,38,41,42,43,44,45,46,47,48,49,50
1408,25,26,27,28,34,35,36,37,38,41,42,43,44,45,46,47,48,49,50
1409,25,26,27,28,34,35,36,37,38,41,42,43,44,45,46,47,48,49,50
1410,25,26,27,28,34,35,36,37,38,41,42,43,44,45,46,47,48,49,50
1411,25,26,27,28,34,35,36,37,38,41,42,43,44,45,46,47,48,49,50
1412,25,26,27,28,34,35,36,37,38,41,42,43,44,45,46,47,48,49,50
1413,25,26,27,28,34,35,36,37,38,41,42,43,44,45,46,47,48,49,50
1414,25,26,27,28,34,35,36,37,38,41,42,43,44,45,46,47,48,49,50
1415,25,26,27,28,34,35,36,37,38,41,42,43,44,45,46,47,48,49,50
1416,25,26,27,28,34,35,36,37,38,41,42,43,44,45,46,47,48,49,50
1417,25,26,27,28,35,36,37,38,44,45,46,47,48,49
1418,25,26,27,28,35,36,37,38,44,45,46,47,48,49
1419,25,26,27,28,35,36,37,38,45,46,47,48
1420,25,26,27,28,35,36,37,38,45,46,47,48
1421,17,25,26,27,28,35,36,37,38,45,46,47,48
1422,17,25,26,27,28,35,36,37,38,45,46,47,48
1423,17,25,26,27,28,35,36,37,38,45,46,47,48
1424,17,25,26,27,28,35,36,37,38,45,46,47,48
1425,17,25,26,27,28,35,36,37,38,45,46,47,48
1426,17,25,26,27,28,35,36,37,38,45,46,47,48
1427,17,25,26,27,28,35,36,37,38,45,46,47,48
1428,17,25,26,27,28,35,36,37,38,45,46,47,48
1429,17,25,26,27,28,35,36,37,38,45,46,47,48
1430,17,25,26,27,28,35,36,37,38,45,46,47,48
1431,17,25,26,27,28,35,36,37,38,45,46,47,48
1432,17,25,26,27,28,35,36,37,38,45,46,47,48
1433,17,25,26,27,28,35,36,37,38,45,46,47,48
1434,17,25,26,27,28,35,36,37,38,45,46,47,48
1435,17,25,26,27,28,35,36,37,38,45,46,47,48
1436,17,25,26,27,28,35,36,37,38,45,46,47,48
1437,17,25,26,27,28,35,36,37,38,45,46,47,48
1438,17,25,26,27,28,35,36,37,38,45,46,47,48
1439,17,25,26,27,28,35,36,37,38,45,46,47,48
1440,17,25,26,27,28,35,36,37,38,45,46,47,48
1441,17,25,26,27,28,35,36,37,38,45,46,47,48
1442,17,25,26,27,28,35,36,37,38,45,46,47,48
1443,17,25,26,27,28,35,36,37,38,45,46,47,48
1444,17,25,26,27,28,35,36,37,38,45,46,47,48
1445,16,17,25,26,27,28,35,36,37,38,45,46,47,48
1446,16,17,25,26,27,28,35,36,37,38,45,46,47,48
1447,16,17,25,26,27,28,35,36,37,38,45,46,47,48
1448,16,17,25,26,27,28,35,36,37,38,45,46,47,48
1449,16,17,25,26,27,28,35,36,37,38,45,46,47,48
1450,16,17,25,26,27,28,35,36,37,38,45,46,47,48
1451,16,17,25,26,27,28,35,36,37,38,45,46,47,48
1452,16,17,25,26,27,28,35,36,37,38,45,46,47,48
1453,16,17,25,26,27,28,35,36,37,38,45,46,47,48
1454,16,17,25,26,27,28,35,36,37,38,45,46,47,48
1455,16,17,25,26,27,28,35,36,37,38,45,46,47,48
1456,16,17,25,26,27,28,35,36,37,38,45,46,47,48
1457,16,17,25,26,27,28,35,36,37,38,45,46,47,48
1458,16,17,25,26,27,28,35,36,37,38,45,46,47,48
1459,16,17,25,26,27,28,35,36,37,38,45,46,47,48
1460,16,17,25,26,27,28,35,36,37,38,45,46,47,48
1461,16,17,25,26,27,28,35,36,37,38,45,46,47,48
1462,16,17,25,26,27,28,35,36,37,38,45,46,47,48
1463,16,17,18,25,26,27,28,35,36,37,38,45,46,47,48
1464,16,17,18,25,26,27,28,35,36,37,38,45,46,47,48
1465,16,17,18,25,26,27,28,35,36,37,38,45,46,47,48
1466,16,17,18,25,26,27,28,35,36,37,38,45,46,47,48
1467,16,17,18,25,26,27,28,35,36,37,38,45,46,47,48
1468,16,17,18,25,26,27,28,35,36,37,38,45,46,47,48
1469,16,17,25,26,27,28,35,36,37,38,45,46,47,48
1470,16,17,25,26,27,28,35,36,37,38,45,46,47,48
1471,16,17,25,26,27,28,35,36,37,38,45,46,47,48
1472,16,17,25,26,27,28,35,36,37,38,45,46,47,48
1473,16,17,25,26,27,28,35,36,37,38,45,46,47,48
1474,16,17,25,26,27,28,35,36,37,38,45,46,47,48
1475,16,17,25,26,27,28,35,36,37,38,45,46,47,48
1476,16,17,25,26,27,28,35,36,37,38,45,46,47,48
1477,16,17,25,26,27,28,35,36,37,38,45,46,47,48
1478,16,17,25,26,27,28,35,36,37,38,45,46,47,48
1479,16,17,25,26,27,28,35,36,37,38,45,46,47,48
1480,16,17,25,26,27,28,35,36,37,38,45,46,47,48
1481,16,17,25,26,27,28,35,36,37,38,45,46,47,48
1482,16,17,25,26,27,28,35,36,37,38,45,46,47,48
1483,16,17,25,26,27,28,35,36,37,38,45,46,47,48
1484,16,17,25,26,27,28,35,36,37,38,45,46,47,48
1485,16,17,25,26,27,28,35,36,37,38,45,46,47,48
1486,16,17,25,26,27,28,35,36,37,38,45,46,47,48
1487,16,17,25,26,27,28,35,36,37,38,45,46,47,48
1488,16,17,25,26,27,28,35,36,37,38,45,46,47,48
1489,16,17,25,26,27,28,35,36,37,38,45,46,47,48
1490,16,17,25,26,27,28,35,36,37,38,45,46,47,48
1491,16,17,25,26,27,28,35,36,37,38,45,46,47,48
1492,16,17,25,26,27,28,35,36,37,38,45,46,47,48
1493,16,17,25,26,27,28,35,36,37,38,45,46,47,48
1494,16,17,25,26,27,28,35,36,37,38,45,46,47,48
1495,15,16,17,25,26,27,28,35,36,37,38,45,46,47,48
1496,15,16,17,25,26,27,28,35,36,37,38,45,46,47,48
1497,15,16,17,25,26,27,28,35,36,37,38,45,46,47,48
1498,15,16,17,25,26,27,28,35,36,37,38,45,46,47,48
1499,15,16,17,25,26,27,28,35,36,37,38,45,46,47
1500,15,16,17,25,26,27,28,35,36,37,38,45,46,47
1501,15,16,17,25,26,27,28,35,36,37,38,45,46,47
1502,15,16,17,25,26,27,28,35,36,37,38,45,46,47
1503,15,16,17,25,26,27,28,35,36,37,38,45,46,47
1504,15,16,17,25,26,27,28,35,36,37,38,45,46,47
1505,15,16,17,25,26,27,28,35,36,37,38,45,46,47
1506,15,16,17,25,26,27,28,35,36,37,38,45,46,47
1507,15,16,17,25,26,27,28,35,36,37,38,45,46,47
1508,15,16,17,25,26,27,28,35,36,37,38,45,46,47
1509,15,16,17,25,26,27,28,35,36,37,38,45,46,47
1510,15,16,17,25,26,27,28,35,36,37,38,45,46,47
1511,15,16,17,25,26,27,28,35,36,37,38,45,46,47
1512,15,16,17,25,26,27,28,35,36,37,38,45,46,47
1513,15,16,17,25,26,27,28,35,36,37,38,45,46,47
1514,15,16,17,25,26,27,28,35,36,37,38,45,46,47
1515,15,16,17,25,26,27,28,35,36,37,38,45,46,47
1516,15,16,17,25,26,27,28,35,36,37,38,45,46,47
1517,15,16,17,25,26,27,28,35,36,37,38,45,46,47
1518,15,16,17,25,26,27,28,35,36,37,38,45,46,47
1519,15,16,17,25,26,27,28,35,36,37,38,45,46,47
1520,15,16,17,25,26,27,28,35,36,37,38,45,46,47
1521,15,16,17,25,26,27,28,35,36,37,38,45,46,47
1522,15,16,17,25,26,27,28,35,36,37,38,45,46,47
1523,15,16,17,25,26,27,28,35,36,37,38,45,46,47
1524,15,16,17,25,26,27,28,35,36,37,38,45,46,47
1525,15,16,17,25,26,27,28,35,36,37,38,45,46,47
1526,15,16,17,25,26,27,28,35,36,37,38,45,46,47
1527,15,16,17,25,26,27,28,35,36,37,38,45,46,47
1528,15,16,17,25,26,27,28,35,36,37,38,45,46,47
1529,15,16,17,25,26,27,28,35,36,37,38,45,46,47
1530,15,16,17,25,26,27,28,35,36,37,38,45,46,47
1531,15,16,17,25,26,27,28,35,36,37,38,45,46,47
1532,15,16,17,25,26,27,28,35,36,37,38,45,46,47
1533,15,16,17,25,26,27,28,35,36,37,38,45,46,47
1534,15,16,17,25,26,27,28,35,36,37,38,45,46,47
1535,15,16,17,25,26,27,28,35,36,37,38,45,46,47
1536,15,16,17,25,26,27,28,35,36,37,38,45,46,47
1537,15,16,17,25,26,27,28,35,36,37,38,45,46,47
1538,15,16,17,25,26,27,28,35,36,37,38,45,46,47
1539,15,16,17,25,26,27,28,35,36,37,38,45,46,47
1540,15,16,17,25,26,27,28,35,36,37,38,45,46,47
1541,15,16,17,25,26,27,28,35,36,37,38,45,46,47
1542,15,16,17,25,26,27,28,35,36,37,38,45,46,47
1543,15,16,17,25,26,27,28,35,36,37,38,45,46,47
1544,15,16,17,25,26,27,28,35,36,37,38,45,46,47
1545,15,16,17,25,26,27,28,35,36,37,38,45,46,47
1546,15,16,17,25,26,27,28,35,36,37,38,45,46,47
1547,15,16,17,25,26,27,28,35,36,37,38,45,46,47
1548,15,16,17,25,26,27,28,35,36,37,38,45,46,47
1549,15,16,17,25,26,27,28,35,36,37,38,45,46,47
1550,15,16,17,25,26,27,28,35,36,37,38,45,46,47
1551,15,16,17,25,26,27,28,35,36,37,38,45,46,47
1552,15,16,17,25,26,27,28,35,36,37,38,45,46,47
1553,15,16,17,25,26,27,28,35,36,37,38,46,47
1554,15,16,17,25,26,27,28,35,36,37,38,46,47
1555,15,16,17,18,25,26,27,28,35,36,37,38,46,47
1556,15,16,17,18,25,26,27,28,35,36,37,38,46,47
1557,15,16,17,18,25,26,27,28,35,36,37,38,46,47
1558,15,16,17,18,25,26,27,28,35,36,37,38,46,47
1559,15,16,17,18,25,26,27,28,35,36,37,38,46,47
1560,15,16,17,18,25,26,27,28,35,36,37,38,46,47
1561,15,16,17,18,25,26,27,28,35,36,37,38,46,47
1562,15,16,17,18,25,26,27,28,35,36,37,38,46,47
1563,15,16,17,18,25,26,27,28,35,36,37,38,46,47
1564,15,16,17,18,25,26,27,28,35,36,37,38,46,47
1565,15,16,17,18,25,26,27,28,35,36,37,38,46,47
1566,15,16,17,18,25,26,27,28,35,36,37,38,46,47
1567,15,16,17,18,25,26,27,28,35,36,37,38,46,47
1568,15,16,17,18,25,26,27,28,35,36,37,38,46,47
1569,15,16,17,25,26,27,28,35,36,37,38,46,47
1570,15,16,17,25,26,27,28,35,36,37,38,46,47
1571,15,16,17,25,26,27,28,35,36,37,38,46,47
1572,15,16,17,25,26,27,28,35,36,37,38,46,47
1573,15,16,17,25,26,27,28,35,36,37,38,46,47
1574,15,16,17,25,26,27,28,35,36,37,38,46,47
1575,15,16,17,25,26,27,28,35,36,37,38,46,47
1576,15,16,17,25,26,27,28,35,36,37,38,46,47
1577,15,16,17,25,26,27,28,35,36,37,38,46,47
1578,15,16,17,25,26,27,28,35,36,37,38,46,47
1579,15,16,17,25,26,27,28,35,36,37,38,46,47
1580,15,16,17,25,26,27,28,35,36,37,38,46,47
1581,15,16,17,25,26,27,28,35,36,37,38,46,47
1582,15,16,17,25,26,27,28,35,36,37,38,46,47
1583,15,16,17,25,26,27,28,35,36,37,38,46,47
1584,15,16,17,25,26,27,28,35,36,37,38,46,47
1585,15,16,17,25,26,27,28,35,36,37,38,46,47
1586,15,16,17,25,26,27,28,35,36,37,38,46,47
1587,15,16,17,25,26,27,28,35,36,37,38,46,47
1588,15,16,17,25,26,27,28,35,36,37,38,46,47
1589,15,16,17,25,26,27,28,35,36,37,38,46,47
1590,15,16,17,25,26,27,28,35,36,37,38,46,47
1591,15,16,17,18,25,26,27,28,35,36,37,38,46,47
1592,15,16,17,18,25,26,27,28,35,36,37,38,46,47
1593,15,16,17,18,25,26,27,28,35,36,37,38,46,47
1594,15,16,17,18,25,26,27,28,35,36,37,38,46,47
1595,15,16,17,18,25,26,27,28,35,36,37,38,46,47
1596,15,16,17,18,25,26,27,28,35,36,37,38,46,47
1597,15,16,17,18,25,26,27,28,35,36,37,38,46,47
1598,15,16,17,18,25,26,27,28,35,36,37,38,46,47
1599,15,16,17,18,25,26,27,28,35,36,37,38,46,47
1600,15,16,17,18,25,26,27,28,35,36,37,38,46,47
1601,15,16,17,18,25,26,27,28,35,36,37,38,46,47
1602,15,16,17,18,25,26,27,28,35,36,37,38,46,47
1603,15,16,17,18,25,26,27,28,35,36,37,38,46,47
1604,15,16,17,18,25,26,27,28,35,36,37,38,46,47
1605,15,16,17,18,25,26,27,28,35,36,37,38,46,47
1606,15,16,17,18,25,26,27,28,35,36,37,38,46,47
1607,15,16,17,18,25,26,27,28,35,36,37,38,46,47
1608,15,16,17,18,25,26,27,28,35,36,37,38,46,47
1609,15,16,17,18,25,26,27,28,35,36,37,38,46,47
1610,15,16,17,18,25,26,27,28,35,36,37,38,46,47
1611,15,16,17,18,25,26,27,28,35,36,37,38,46,47
1612,15,16,17,18,25,26,27,28,35,36,37,38,46,47
1613,15,16,17,18,25,26,27,28,35,36,37,38,46,47
1614,15,16,17,18,25,26,27,28,35,36,37,38,46,47
1615,15,16,17,18,25,26,27,28,35,36,37,38,46,47
1616,15,16,17,18,25,26,27,28,35,36,37,38,46,47
1617,15,16,17,18,25,26,27,28,35,36,37,38,46,47
1618,15,16,17,18,25,26,27,28,35,36,37,38,46,47
1619,15,16,17,18,25,26,27,28,35,36,37,38,46,47
1620,15,16,17,18,25,26,27,28,35,36,37,38,46,47
1621,15,16,17,18,25,26,27,28,35,36,37,38,46,47
1622,15,16,17,18,25,26,27,28,35,36,37,38,46,47
1623,15,16,17,18,25,26,27,28,35,36,37,38,46,47
1624,15,16,17,18,25,26,27,28,35,36,37,38,46,47
1625,15,16,17,18,25,26,27,28,35,36,37,38,46,47
1626,15,16,17,18,25,26,27,28,35,36,37,38,46,47
1627,15,16,17,18,25,26,27,28,35,36,37,38,46,47
1628,15,16,17,18,25,26,27,28,35,36,37,38,46,47
1629,15,16,17,18,25,26,27,28,35,36,37,38,46,47
1630,15,16,17,18,25,26,27,28,35,36,37,38,46,47
1631,15,16,17,18,25,26,27,28,35,36,37,38,46,47
1632,15,16,17,18,25,26,27,28,35,36,37,38,46,47
1633,15,16,17,18,25,26,27,28,35,36,37,38,46,47
1634,15,16,17,18,25,26,27,28,35,36,37,38,46,47
1635,15,16,17,18,25,26,27,28,35,36,37,38,46,47
1636,15,16,17,18,25,26,27,28,35,36,37,38,46,47
1637,15,16,17,18,25,26,27,28,35,36,37,38,46,47
1638,15,16,17,18,25,26,27,28,35,36,37,38,46,47
1639,15,16,17,18,25,26,27,28,35,36,37,38,46,47
1640,15,16,17,18,25,26,27,28,35,36,37,38,46,47
1641,15,16,17,18,25,26,27,28,35,36,37,38,46,47
1642,15,16,17,18,25,26,27,28,35,36,37,38,46,47
1643,15,16,17,18,25,26,27,28,35,36,37,38,46,47
1644,15,16,17,18,25,26,27,28,35,36,37,38,46,47
1645,15,16,17,18,25,26,27,28,35,36,37,38,46,47
1646,15,16,17,18,25,26,27,28,35,36,37,38,46,47
1647,15,16,17,18,25,26,27,28,35,36,37,38,46,47
1648,15,16,17,18,25,26,27,28,35,36,37,38,46,47
1649,15,16,17,18,25,26,27,28,35,36,37,38,46,47
1650,15,16,17,18,25,26,27,28,35,36,37,38,46,47
1651,15,16,17,18,25,26,27,28,35,36,37,38,46,47
1652,15,16,17,18,25,26,27,28,35,36,37,38,46,47
1653,15,16,17,18,25,26,27,28,35,36,37,38,46,47
1654,15,16,17,18,25,26,27,28,35,36,37,38,46,47
1655,15,16,17,18,25,26,27,28,35,36,37,38,46,47
1656,15,16,17,18,25,26,27,28,35,36,37,38,46,47
1657,15,16,17,18,25,26,27,28,35,36,37,38,46,47
1658,15,16,17,18,25,26,27,28,35,36,37,38,46,47
1659,15,16,17,18,25,26,27,28,35,36,37,38,46,47
1660,15,16,17,18,25,26,27,28,35,36,37,38,46,47
1661,15,16,17,18,25,26,27,28,35,36,37,38,46,47
1662,15,16,17,18,25,26,27,28,35,36,37,38,46,47
1663,15,16,17,18,25,26,27,28,35,36,37,38,46,47
1664,15,16,17,18,25,26,27,28,35,36,37,38,46,47
1665,15,16,17,18,25,26,27,28,35,36,37,38,46,47
1666,15,16,17,18,25,26,27,28,35,36,37,38,46,47
1667,15,16,17,18,25,26,27,28,35,36,37,38,46,47
1668,15,16,17,18,25,26,27,28,35,36,37,38,46,47
1669,15,16,17,18,25,26,27,28,35,36,37,38,46,47
1670,15,16,17,18,25,26,27,28,35,36,37,38,46,47
1671,15,16,17,18,25,26,27,28,35,36,37,38,46,47
1672,15,16,17,18,25,26,27,28,35,36,37,38,46,47
1673,15,16,17,18,25,26,27,28,35,36,37,38,46,47
1674,15,16,17,18,25,26,27,28,35,36,37,38,46,47
1675,15,16,17,18,25,26,27,28,35,36,37,38,46,47
1676,15,16,17,18,25,26,27,28,35,36,37,38,46,47
1677,15,16,17,18,25,26,27,28,35,36,37,38,46,47
1678,15,16,17,18,25,26,27,28,35,36,37,38,46,47
1679,15,16,17,18,25,26,27,28,35,36,37,38,46,47
1680,15,16,17,18,25,26,27,28,35,36,37,38,46,47
1681,15,16,17,18,25,26,27,28,35,36,37,38,46,47
1682,15,16,17,18,25,26,27,28,35,36,37,38,46,47
1683,15,16,17,18,25,26,27,28,35,36,37,38,46,47
1684,15,16,17,18,25,26,27,28,35,36,37,38,46,47
1685,15,16,17,18,25,26,27,28,35,36,37,38,46,47
1686,15,16,17,18,25,26,27,28,35,36,37,38,46,47
1687,15,16,17,18,25,26,27,28,35,36,37,38,46,47
1688,15,16,17,18,25,26,27,28,35,36,37,38,46,47
1689,15,16,17,18,25,26,27,28,35,36,37,38,46,47
1690,15,16,17,18,25,26,27,28,35,36,37,38,46,47
1691,15,16,17,18,25,26,27,28,35,36,37,38,46,47
1692,15,16,17,18,25,26,27,28,35,36,37,38,46,47
1693,15,16,17,18,25,26,27,28,35,36,37,38,46,47
1694,15,16,17,18,25,26,27,28,35,36,37,38,46,47
1695,15,16,17,18,25,26,27,28,35,36,37,38,46,47
1696,15,16,17,18,25,26,27,28,35,36,37,38,46,47
1697,15,16,17,18,25,26,27,28,35,36,37,38,46,47
1698,15,16,17,18,25,26,27,28,35,36,37,38,46,47
1699,15,16,17,18,25,26,27,28,35,36,37,38,46,47
1700,15,16,17,18,25,26,27,28,35,36,37,38,46,47
1701,15,16,17,18,25,26,27,28,35,36,37,38,46,47
1702,15,16,17,18,25,26,27,28,35,36,37,38,46,47
1703,15,16,17,18,25,26,27,28,35,36,37,38,46,47
1704,15,16,17,18,25,26,27,28,35,36,37,38,46,47
1705,15,16,17,18,25,26,27,28,35,36,37,38,46,47
1706,15,16,17,18,25,26,27,28,35,36,37,38,46,47
1707,15,16,17,18,25,26,27,28,35,36,37,38,46,47
1708,15,16,17,18,25,26,27,28,35,36,37,38,46,47
1709,15,16,17,18,25,26,27,28,35,36,37,38,46,47
1710,15,16,17,18,25,26,27,28,35,36,37,38,46,47
1711,15,16,17,18,25,26,27,28,35,36,37,38,46,47
1712,15,16,17,18,25,26,27,28,35,36,37,38,46,47
1713,15,16,17,18,25,26,27,28,35,36,37,38,46,47
1714,15,16,17,18,25,26,27,28,35,36,37,38,46,47
1715,15,16,17,18,25,26,27,28,35,36,37,38,46,47
1716,15,16,17,18,25,26,27,28,35,36,37,38,46,47
1717,15,16,17,18,25,26,27,28,35,36,37,38,46,47
1718,15,16,17,18,25,26,27,28,35,36,37,38,46,47
1719,15,16,17,18,25,26,27,28,35,36,37,38,46,47
1720,15,16,17,18,25,26,27,28,35,36,37,38,46,47
1721,15,16,17,18,25,26,27,28,35,36,37,38,46,47
1722,15,16,17,18,25,26,27,28,35,36,37,38,46,47
1723,15,16,17,18,25,26,27,28,35,36,37,38,46,47
1724,15,16,17,18,25,26,27,28,35,36,37,38,46,47
1725,15,16,17,18,25,26,27,28,35,36,37,38,46,47
1726,15,16,17,18,25,26,27,28,35,36,37,38,46,47
1727,15,16,17,18,25,26,27,28,35,36,37,38,46,47
1728,15,16,17,18,25,26,27,28,35,36,37,38,46,47
1729,15,16,17,18,25,26,27,28,35,36,37,38,46,47
1730,15,16,17,18,25,26,27,28,35,36,37,38,46,47
1731,15,16,17,18,25,26,27,28,35,36,37,38,46,47
1732,15,16,17,18,25,26,27,28,35,36,37,38,46,47
1733,15,16,17,18,25,26,27,28,35,36,37,38,46,47
1734,15,16,17,18,25,26,27,28,35,36,37,38,46,47
1735,15,16,17,18,25,26,27,28,35,36,37,38,46,47
1736,15,16,17,18,25,26,27,28,35,36,37,38,46,47
1737,15,16,17,18,25,26,27,28,35,36,37,38,46,47
1738,15,16,17,18,25,26,27,28,35,36,37,38,46,47
1739,15,16,17,18,25,26,27,28,35,36,37,38,46,47
1740,15,16,17,18,25,26,27,28,35,36,37,38,46,47
1741,15,16,17,18,25,26,27,28,35,36,37,38,46,47
1742,15,16,17,18,25,26,27,28,35,36,37,38,46,47
1743,15,16,17,18,25,26,27,28,35,36,37,38,46,47
1744,15,16,17,18,25,26,27,28,35,36,37,38,46,47
1745,15,16,17,18,25,26,27,28,35,36,37,38,46,47
1746,15,16,17,18,25,26,27,28,35,36,37,38,46,47
1747,15,16,17,18,25,26,27,28,35,36,37,38,46,47
1748,15,16,17,18,25,26,27,28,35,36,37,38,46,47
1749,15,16,17,18,25,26,27,28,35,36,37,38,46,47
1750,15,16,17,18,25,26,27,28,35,36,37,38,46,47
1751,15,16,17,25,26,27,28,35,36,37,38,46,47
1752,15,16,17,25,26,27,28,35,36,37,38,46,47
1753,15,16,17,25,26,27,28,35,36,37,38,45,46,47
1754,15,16,17,25,26,27,28,35,36,37,38,45,46,47
1755,15,16,17,25,26,27,28,35,36,37,38,45,46,47
1756,15,16,17,25,26,27,28,35,36,37,38,45,46,47
1757,15,16,17,25,26,27,35,36,37,45,46,47
1758,15,16,17,25,26,27,35,36,37,45,46,47
1759,15,16,17,24,25,26,27,34,35,36,37,45,46,47
1760,15,16,17,24,25,26,27,34,35,36,37,45,46,47
1761,15,16,17,24,25,26,27,34,35,36,37,45,46,47
1762,15,16,17,24,25,26,27,34,35,36,37,45,46,47
1763,15,16,17,24,25,26,27,34,35,36,37,45,46,47
1764,15,16,17,24,25,26,27,34,35,36,37,45,46,47
1765,14,15,16,24,25,26,27,34,35,36,37,44,45,46
1766,14,15,16,24,25,26,27,34,35,36,37,44,45,46
1767,14,15,16,24,25,26,27,34,35,36,37,44,45,46
1768,14,15,16,24,25,26,27,34,35,36,37,44,45,46
1769,14,15,16,24,25,26,27,34,35,36,37,44,45,46
1770,14,15,16,24,25,26,27,34,35,36,37,44,45,46
1771,15,16,24,25,26,27,34,35,36,37,44,45,46
1772,15,16,24,25,26,27,34,35,36,37,44,45,46
1773,15,16,23,24,25,26,33,34,35,36,44,45,46
1774,15,16,23,24,25,26,33,34,35,36,44,45,46
1775,14,15,16,23,24,25,26,33,34,35,36,44,45,46
1776,14,15,16,23,24,25,26,33,34,35,36,44,45,46
1777,14,15,16,23,24,25,26,33,34,35,36,43,44,45,46
1778,14,15,16,23,24,25,26,33,34,35,36,43,44,45,46
1779,14,15,23,24,25,26,33,34,35,36,43,44,45,46
1780,14,15,23,24,25,26,33,34,35,36,43,44,45,46
1781,14,15,23,24,25,26,33,34,35,36,43,44,45,46
1782,14,15,23,24,25,26,33,34,35,36,43,44,45,46
1783,14,15,23,24,25,26,33,34,35,36,43,44,45,46
1784,14,15,23,24,25,26,33,34,35,36,43,44,45,46
1785,14,15,23,24,25,26,33,34,35,36,43,44,45,46
1786,14,15,23,24,25,26,33,34,35,36,43,44,45,46
1787,14,15,23,24,25,26,33,34,35,36,43,44,45,46
1788,14,15,23,24,25,26,33,34,35,36,43,44,45,46
1789,14,15,23,24,25,26,33,34,35,36,43,44,45,46
1790,14,15,23,24,25,26,33,34,35,36,43,44,45,46
1791,14,15,23,24,25,26,33,34,35,36,43,44,45,46
1792,14,15,23,24,25,26,33,34,35,36,43,44,45,46
1793,14,15,23,24,25,26,33,34,35,36,43,44,45,46
1794,14,15,23,24,25,26,33,34,35,36,43,44,45,46
1795,14,15,23,24,25,26,33,34,35,36,43,44,45
1796,14,15,23,24,25,26,33,34,35,36,43,44,45
1797,14,15,23,24,25,26,33,34,35,36,43,44,45
1798,14,15,23,24,25,26,33,34,35,36,43,44,45
1799,14,15,23,24,25,26,33,34,35,36,43,44,45
1800,14,15,23,24,25,26,33,34,35,36,43,44,45
