1,7,8,9,12,13,14,17,18,19
2,7,8,9,12,13,14,17,18,19
3,7,8,9,12,13,14,17,18,19
4,7,8,9,12,13,14,17,18,19
5,7,8,9,12,13,14,17,18,19
6,7,8,9,12,13,14,17,18,19
7,7,8,9,12,13,14,17,18,19
8,7,8,9,12,13,14,17,18,19
9,7,8,9,12,13,14,17,18,19
10,7,8,9,12,13,14,17,18,19
11,7,8,9,12,13,14,17,18,19
12,7,8,9,12,13,14,17,18,19
13,7,8,9,12,13,14,17,18,19
14,7,8,9,12,13,14,17,18,19
15,7,8,9,12,13,14,18,19
16,7,8,9,12,13,14,18,19
17,7,8,9,12,13,14,18,19
18,7,8,9,12,13,14,18,19
19,3,8,9,12,13,14,18,19
20,3,8,9,12,13,14,18,19
21,3,8,9,12,13,14,18,19
22,3,8,9,12,13,14,18,19
23,3,8,9,13,14,18,19
24,3,8,9,13,14,18,19
25,3,8,9,13,14,18,19
26,3,8,9,13,14,18,19
27,3,4,8,9,13,14,18,19
28,3,4,8,9,13,14,18,19
29,3,4,8,9,13,14,18,19
30,3,4,8,9,13,14,18,19
31,3,4,8,9,13,14,18,19
32,3,4,8,9,13,14,18,19
33,3,4,8,9,13,14,18,19
34,3,4,8,9,13,14,18,19
35,3,4,8,9,13,14,18,19
36,3,4,8,9,13,14,18,19
37,4,8,9,13,14,18,19
38,4,8,9,13,14,18,19
39,4,8,9,13,14,18,19
40,4,8,9,13,14,18,19
41,4,8,9,13,14,18,19
42,4,8,9,13,14,18,19
43,4,8,9,10,13,14,15,18,19
44,4,8,9,10,13,14,15,18,19
45,4,8,9,10,13,14,15,18,19
46,4,8,9,10,13,14,15,18,19
47,4,8,9,10,13,14,15,18,19
48,4,8,9,10,13,14,15,18,19
49,4,5,8,9,10,13,14,15,18,19
50,4,5,8,9,10,13,14,15,18,19
51,4,5,8,9,10,13,14,15,19
52,4,5,8,9,10,13,14,15,19
53,4,5,8,9,10,13,14,15,19
54,4,5,8,9,10,13,14,15,19
55,4,5,8,9,10,13,14,15,19
56,4,5,8,9,10,13,14,15,19
57,3,4,5,8,9,10,13,14,15,19
58,3,4,5,8,9,10,13,14,15,19
59,3,4,5,8,9,10,13,14,15,19
60,3,4,5,8,9,10,13,14,15,19
61,3,4,5,8,9,10,13,14,15,19
62,3,4,5,8,9,10,13,14,15,19
63,3,4,5,8,9,10,13,14,15,19
64,3,4,5,8,9,10,13,14,15,19
65,3,4,5,8,9,10,13,14,15,19
66,3,4,5,8,9,10,13,14,15,19
67,3,4,5,8,9,10,13,14,15,19
68,3,4,5,8,9,10,13,14,15,19
69,3,4,5,8,9,10,13,14,15,19
70,3,4,5,8,9,10,13,14,15,19
71,3,4,5,8,9,10,13,14,15,19
72,3,4,5,8,9,10,13,14,15,19
73,3,4,5,8,9,10,13,14,15,19
74,3,4,5,8,9,10,13,14,15,19
75,3,4,5,8,9,10,13,14,15
76,3,4,5,8,9,10,13,14,15
77,3,4,5,8,9,10,13,14,15
78,3,4,5,8,9,10,13,14,15
79,1,2,3,4,5,8,9,10,13,14,15
80,1,2,3,4,5,8,9,10,13,14,15
81,1,2,3,4,5,8,9,10,13,14,15
82,1,2,3,4,5,8,9,10,13,14,15
83,1,2,3,4,5,8,9,10,13,14,15
84,1,2,3,4,5,8,9,10,13,14,15
85,1,2,3,4,5,8,9,10,13,14,15
86,1,2,3,4,5,8,9,10,13,14,15
87,1,2,3,4,5,8,9,10,13,14,15
88,1,2,3,4,5,8,9,10,13,14,15
89,1,2,3,4,5,8,9,10,13,14,15
90,1,2,3,4,5,8,9,10,13,14,15
91,1,2,3,4,5,8,9,10,13,14,15
92,1,2,3,4,5,8,9,10,13,14,15
93,1,2,3,4,5,8,9,10,13,14,15
94,1,2,3,4,5,8,9,10,13,14,15
95,1,2,3,4,5,8,9,10,13,14,15
96,1,2,3,4,5,8,9,10,13,14,15
97,1,2,3,4,5,8,9,10,13,14,15
98,1,2,3,4,5,8,9,10,13,14,15
99,1,2,3,4,5,8,9,10,13,14,15
100,1,2,3,4,5,8,9,10,13,14,15
101,1,2,3,4,5,8,9,10,13,14,15
102,1,2,3,4,5,8,9,10,13,14,15
103,1,2,3,4,5,8,9,10,13,14,15
104,1,2,3,4,5,8,9,10,13,14,15
105,1,2,3,4,5,8,9,10,13,14,15
106,1,2,3,4,5,8,9,10,13,14,15
107,1,2,3,4,5,8,9,10,13,14,15
108,1,2,3,4,5,8,9,10,13,14,15
109,1,2,3,4,5,8,9,10,13,14,15
110,1,2,3,4,5,8,9,10,13,14,15
111,1,2,3,4,5,8,9,10,13,14,15
112,1,2,3,4,5,8,9,10,13,14,15
113,1,2,3,4,5,8,9,10,13,14,15
114,1,2,3,4,5,8,9,10,13,14,15
115,1,2,3,4,5,8,9,10,13,14,15
116,1,2,3,4,5,8,9,10,13,14,15
117,1,2,3,4,5,8,9,10,13,14,15
118,1,2,3,4,5,8,9,10,13,14,15
119,1,2,3,4,5,8,9,10,13,14,15
120,1,2,3,4,5,8,9,10,13,14,15
121,1,2,3,4,5,8,9,10,13,14,15
122,1,2,3,4,5,8,9,10,13,14,15
123,1,2,3,4,5,8,9,10,13,14,15
124,1,2,3,4,5,8,9,10,13,14,15
125,1,2,3,4,5,8,9,10,13,14,15
126,1,2,3,4,5,8,9,10,13,14,15
127,3,4,5,8,9,10,13,14,15
128,3,4,5,8,9,10,13,14,15
129,3,4,5,8,9,10,13,14,15
130,3,4,5,8,9,10,13,14,15
131,3,4,5,8,9,10,13,14,15
132,3,4,5,8,9,10,13,14,15
133,3,4,5,8,9,10,13,14,15
134,3,4,5,8,9,10,13,14,15
135,3,4,5,8,9,10,13,14,15
136,3,4,5,8,9,10,13,14,15
137,3,4,5,8,9,10,13,14,15
138,3,4,5,8,9,10,13,14,15
139,3,4,5,8,9,10,13,14,15
140,3,4,5,8,9,10,13,14,15
141,3,4,5,8,9,10,13,14,15,19
142,3,4,5,8,9,10,13,14,15,19
143,3,4,5,8,9,10,13,14,15,19
144,3,4,5,8,9,10,13,14,15,19
145,3,4,5,8,9,10,13,14,15,19
146,3,4,5,8,9,10,13,14,15,19
147,3,4,5,8,9,10,13,14,15,19
148,3,4,5,8,9,10,13,14,15,19
149,3,4,5,8,9,10,13,14,15,19
150,3,4,5,8,9,10,13,14,15,19
151,3,4,5,8,9,10,13,14,15,19
152,3,4,5,8,9,10,13,14,15,19
153,3,4,5,8,9,10,13,14,15,19
154,3,4,5,8,9,10,13,14,15,19
155,3,4,5,8,9,10,13,14,15,19
156,3,4,5,8,9,10,13,14,15,19
157,3,4,5,8,9,10,13,14,15,19
158,3,4,5,8,9,10,13,14,15,19
159,3,4,5,8,9,10,13,14,15,19
160,3,4,5,8,9,10,13,14,15,19
161,4,5,8,9,10,13,14,15,18,19
162,4,5,8,9,10,13,14,15,18,19
163,4,8,9,10,13,14,15,18,19
164,4,8,9,10,13,14,15,18,19
165,4,8,9,10,13,14,15,18,19
166,4,8,9,10,13,14,15,18,19
167,4,8,9,13,14,18,19
168,4,8,9,13,14,18,19
169,4,8,9,13,14,18,19
170,4,8,9,13,14,18,19
171,3,4,8,9,13,14,18,19
172,3,4,8,9,13,14,18,19
173,3,4,8,9,13,14,18,19
174,3,4,8,9,13,14,18,19
175,3,4,8,9,13,14,18,19
176,3,4,8,9,13,14,18,19
177,3,4,8,9,13,14,18,19
178,3,4,8,9,13,14,18,19
179,3,4,8,9,13,14,18,19
180,3,4,8,9,13,14,18,19
181,3,4,7,8,9,12,13,14,18,19
182,3,4,7,8,9,12,13,14,18,19
183,3,7,8,9,12,13,14,18,19
184,3,7,8,9,12,13,14,18,19
185,3,7,8,9,12,13,14,17,18,19
186,3,7,8,9,12,13,14,17,18,19
187,3,7,8,9,12,13,14,17,18,19
188,3,7,8,9,12,13,14,17,18,19
189,3,7,8,9,12,13,14,17,18
190,3,7,8,9,12,13,14,17,18
191,3,7,8,9,12,13,14,17,18
192,3,7,8,9,12,13,14,17,18
193,3,7,8,12,13,17,18
194,3,7,8,12,13,17,18
195,3,7,8,12,13,17,18
196,3,7,8,12,13,17,18
197,3,7,8,12,13,17,18
198,3,7,8,12,13,17,18
199,2,3,7,8,12,13,17,18
200,2,3,7,8,12,13,17,18
201,2,3,7,8,12,13,17,18
202,2,3,7,8,12,13,17,18
203,2,3,7,8,12,13,17,18
204,2,3,7,8,12,13,17,18
205,2,3,7,8,12,13,17,18
206,2,3,7,8,12,13,17,18
207,2,3,7,8,12,13,17,18
208,2,3,7,8,12,13,17,18
209,2,3,7,8,12,13,17,18
210,2,3,7,8,12,13,17,18
211,2,3,7,8,12,13,17,18
212,2,3,7,8,12,13,17,18
213,2,3,7,8,12,13,17,18
214,2,3,7,8,12,13,17,18
215,2,3,6,7,8,11,12,13,17,18
216,2,3,6,7,8,11,12,13,17,18
217,2,6,7,8,11,12,13,17,18
218,2,6,7,8,11,12,13,17,18
219,2,6,7,8,11,12,13,16,17,18
220,2,6,7,8,11,12,13,16,17,18
221,2,6,7,8,11,12,13,16,17
222,2,6,7,8,11,12,13,16,17
223,2,6,7,8,11,12,13,16,17
224,2,6,7,8,11,12,13,16,17
225,2,6,7,11,12,16,17
226,2,6,7,11,12,16,17
227,2,6,7,11,12,16,17
228,2,6,7,11,12,16,17
229,1,2,6,7,11,12,16,17
230,1,2,6,7,11,12,16,17
231,1,2,6,7,11,12,16,17
232,1,2,6,7,11,12,16,17
233,1,2,6,7,11,12,16,17
234,1,2,6,7,11,12,16,17
235,1,6,7,10,11,12,15,16,17
236,1,6,7,10,11,12,15,16,17
237,1,6,7,10,11,12,15,16,17
238,1,6,7,10,11,12,15,16,17
239,1,6,7,10,11,12,15,16,17,20
240,1,6,7,10,11,12,15,16,17,20
241,1,6,7,10,11,12,15,16,17,20
242,1,6,7,10,11,12,15,16,17,20
243,1,6,7,10,11,12,15,16,20
244,1,6,7,10,11,12,15,16,20
245,1,6,7,10,11,12,15,16,20
246,1,6,7,10,11,12,15,16,20
247,1,5,6,10,11,15,16,20
248,1,5,6,10,11,15,16,20
249,1,5,6,10,11,15,16,20
250,1,5,6,10,11,15,16,20
251,1,5,6,10,11,15,16,20
252,1,5,6,10,11,15,16,20
253,1,5,6,10,11,15,16,20
254,1,5,6,10,11,15,16,20
255,1,5,6,10,11,15,16,20
256,1,5,6,10,11,15,16,20
257,6,10,11,15,16,20
258,6,10,11,15,16,20
259,6,10,11,15,16,20,21,25
260,6,10,11,15,16,20,21,25
261,6,10,11,15,16,20,21,25
262,6,10,11,15,16,20,21,25
263,6,10,11,15,16,20,21,25
264,6,10,11,15,16,20,21,25
265,6,10,11,15,16,20,21,25
266,6,10,11,15,16,20,21,25
267,6,10,11,15,16,20,21,25
268,6,10,11,15,16,20,21,25
269,6,10,11,15,16,20,21,25
270,6,10,11,15,16,20,21,25
271,6,10,11,15,16,20,21,25
272,6,10,11,15,16,20,21,25
273,6,10,11,15,16,20,21,25
274,6,10,11,15,16,20,21,25
275,6,10,11,15,16,20,21,25
276,6,10,11,15,16,20,21,25
277,6,10,11,15,16,20,21,25
278,6,10,11,15,16,20,21,25
279,6,10,11,15,16,20,21,25
280,6,10,11,15,16,20,21,25
281,6,10,11,15,16,20,21,25
282,6,10,11,15,16,20,21,25
283,6,10,11,15,16,20,21,25
284,6,10,11,15,16,20,21,25
285,6,10,11,15,16,20,21,25
286,6,10,11,15,16,20,21,25
287,6,10,11,15,16,20,21,25
288,6,10,11,15,16,20,21,25
289,6,10,11,12,15,16,17,20,21,25
290,6,10,11,12,15,16,17,20,21,25
291,6,10,11,12,15,16,17,20,21,22,25
292,6,10,11,12,15,16,17,20,21,22,25
293,6,11,12,15,16,17,20,21,22,25
294,6,11,12,15,16,17,20,21,22,25
295,6,11,12,15,16,17,20,21,22,25
296,6,11,12,15,16,17,20,21,22,25
297,6,11,12,15,16,17,20,21,22,25
298,6,11,12,15,16,17,20,21,22,25
299,6,11,12,15,16,17,20,21,22,25
300,6,11,12,15,16,17,20,21,22,25
301,6,11,12,15,16,17,20,21,22,25
302,6,11,12,15,16,17,20,21,22,25
303,6,11,12,15,16,17,20,21,22,25
304,6,11,12,15,16,17,20,21,22,25
305,6,11,12,15,16,17,20,21,22,25
306,6,11,12,15,16,17,20,21,22,25
307,11,12,15,16,17,20,21,22,25
308,11,12,15,16,17,20,21,22,25
309,11,12,15,16,17,20,21,22,25
310,11,12,15,16,17,20,21,22,25
311,11,12,15,16,17,20,21,22,25
312,11,12,15,16,17,20,21,22,25
313,11,12,15,16,17,20,21,22,23,24,25
314,11,12,15,16,17,20,21,22,23,24,25
315,11,12,15,16,17,20,21,22,23,24,25
316,11,12,15,16,17,20,21,22,23,24,25
317,11,12,15,16,17,20,21,22,23,24,25
318,11,12,15,16,17,20,21,22,23,24,25
319,11,12,15,16,17,20,21,22,23,24,25
320,11,12,15,16,17,20,21,22,23,24,25
321,11,12,15,16,17,20,21,22,23,24,25
322,11,12,15,16,17,20,21,22,23,24,25
323,11,12,15,16,17,20,21,22,23,24,25
324,11,12,15,16,17,20,21,22,23,24,25
325,11,12,15,16,17,20,21,22,23,24,25
326,11,12,15,16,17,20,21,22,23,24,25
327,11,12,15,16,17,20,21,22,23,24,25
328,11,12,15,16,17,20,21,22,23,24,25
329,11,12,15,16,17,20,21,22,23,24,25
330,11,12,15,16,17,20,21,22,23,24,25
331,11,12,15,16,17,20,21,22,23,24,25
332,11,12,15,16,17,20,21,22,23,24,25
333,11,12,15,16,17,20,21,22,23,24,25
334,11,12,15,16,17,20,21,22,23,24,25
335,11,12,16,17,20,21,22,23,24,25
336,11,12,16,17,20,21,22,23,24,25
337,11,12,16,17,20,21,22,23,24,25
338,11,12,16,17,20,21,22,23,24,25
339,11,12,16,17,20,21,22,23,24,25
340,11,12,16,17,20,21,22,23,24,25
341,11,12,16,17,20,21,22,23,24,25
342,11,12,16,17,20,21,22,23,24,25
343,11,12,16,17,20,21,22,23,24,25
344,11,12,16,17,20,21,22,23,24,25
345,11,12,16,17,20,21,22,23,24,25
346,11,12,16,17,20,21,22,23,24,25
347,11,12,16,17,20,21,22,23,24,25
348,11,12,16,17,20,21,22,23,24,25
349,11,12,16,17,20,21,22,23,24,25
350,11,12,16,17,20,21,22,23,24,25
351,11,12,16,17,20,21,22,23,24,25
352,11,12,16,17,20,21,22,23,24,25
353,11,12,16,17,20,21,22,23,24,25
354,11,12,16,17,20,21,22,23,24,25
355,11,12,16,17,18,20,21,22,23,24,25
356,11,12,16,17,18,20,21,22,23,24,25
357,11,12,16,17,18,21,22,23,24,25
358,11,12,16,17,18,21,22,23,24,25
359,11,12,16,17,18,21,22,23,24,25
360,11,12,16,17,18,21,22,23,24,25
361,11,12,16,17,18,21,22,23,24,25
362,11,12,16,17,18,21,22,23,24,25
363,11,12,16,17,18,21,22,23,24,25
364,11,12,16,17,18,21,22,23,24,25
365,11,12,16,17,18,21,22,23,24,25
366,11,12,16,17,18,21,22,23,24,25
367,11,12,16,17,18,21,22,23,24,25
368,11,12,16,17,18,21,22,23,24,25
369,11,12,16,17,18,21,22,23,24,25
370,11,12,16,17,18,21,22,23,24,25
371,11,12,16,17,18,21,22,23,24,25
372,11,12,16,17,18,21,22,23,24,25
373,11,12,16,17,18,21,22,23,24,25
374,11,12,16,17,18,21,22,23,24,25
375,11,12,16,17,21,22,23,24,25
376,11,12,16,17,21,22,23,24,25
377,11,12,16,17,21,22,23,25
378,11,12,16,17,21,22,23,25
379,11,12,16,17,20,21,22,25
380,11,12,16,17,20,21,22,25
381,11,12,16,17,20,21,22,25
382,11,12,16,17,20,21,22,25
383,6,11,12,16,17,20,21,22,25
384,6,11,12,16,17,20,21,22,25
385,6,11,12,16,17,20,21,22,25
386,6,11,12,16,17,20,21,22,25
387,6,7,11,12,16,17,20,21,22,25
388,6,7,11,12,16,17,20,21,22,25
389,6,7,11,12,16,17,20,21,22,25
390,6,7,11,12,16,17,20,21,22,25
391,6,7,11,12,16,17,20,21,22,25
392,6,7,11,12,16,17,20,21,22,25
393,6,7,11,12,16,17,20,21,22
394,6,7,11,12,16,17,20,21,22
395,6,7,11,12,16,17,21,22
396,6,7,11,12,16,17,21,22
397,6,7,11,12,16,17,21,22
398,6,7,11,12,16,17,21,22
399,6,7,11,12,16,17,21,22
400,6,7,11,12,16,17,21,22
401,7,11,12,16,17,21,22
402,7,11,12,16,17,21,22
403,7,11,12,16,17,18,21,22
404,7,11,12,16,17,18,21,22
405,7,11,12,13,16,17,18,21,22,23
406,7,11,12,13,16,17,18,21,22,23
407,7,11,12,13,16,17,18,21,22,23
408,7,11,12,13,16,17,18,21,22,23
409,7,11,12,13,16,17,18,21,22,23
410,7,11,12,13,16,17,18,21,22,23
411,7,11,12,13,16,17,18,21,22,23
412,7,11,12,13,16,17,18,21,22,23
413,7,11,12,13,16,17,18,21,22,23
414,7,11,12,13,16,17,18,21,22,23
415,7,8,11,12,13,16,17,18,21,22,23
416,7,8,11,12,13,16,17,18,21,22,23
417,7,8,11,12,13,16,17,18,21,22,23
418,7,8,11,12,13,16,17,18,21,22,23
419,7,8,12,13,16,17,18,22,23
420,7,8,12,13,16,17,18,22,23
421,7,8,12,13,17,18,22,23
422,7,8,12,13,17,18,22,23
423,7,8,12,13,17,18,22,23
424,7,8,12,13,17,18,22,23
425,7,8,12,13,17,18,22,23
426,7,8,12,13,17,18,22,23
427,8,12,13,17,18,22,23
428,8,12,13,17,18,22,23
429,8,12,13,17,18,22,23
430,8,12,13,17,18,22,23
431,12,13,17,18,19,22,23,24
432,12,13,17,18,19,22,23,24
433,12,13,17,18,19,22,23,24
434,12,13,17,18,19,22,23,24
435,8,12,13,17,18,19,22,23,24
436,8,12,13,17,18,19,22,23,24
437,8,12,13,17,18,19,22,23,24
438,8,12,13,17,18,19,22,23,24
439,12,13,14,17,18,19,22,23,24
440,12,13,14,17,18,19,22,23,24
441,12,13,14,17,18,19,22,23,24
442,12,13,14,17,18,19,22,23,24
443,12,13,14,17,18,19,22,23,24
444,12,13,14,17,18,19,22,23,24
445,12,13,14,17,18,19,22,23,24
446,12,13,14,17,18,19,22,23,24
447,12,13,14,17,18,19,22,23,24
448,12,13,14,17,18,19,22,23,24
449,12,13,14,17,18,19,22,23,24
450,12,13,14,17,18,19,22,23,24
451,12,13,14,17,18,19,22,23,24
452,12,13,14,17,18,19,22,23,24
453,8,12,13,14,17,18,19,22,23,24
454,8,12,13,14,17,18,19,22,23,24
455,8,12,13,14,17,18,19,22,23,24
456,8,12,13,14,17,18,19,22,23,24
457,8,12,13,14,17,18,19,22,23,24
458,8,12,13,14,17,18,19,22,23,24
459,8,12,13,14,17,18,19,22,23,24
460,8,12,13,14,17,18,19,22,23,24
461,8,9,12,13,14,17,18,19,22,23,24
462,8,9,12,13,14,17,18,19,22,23,24
463,8,9,13,14,18,19,23,24
464,8,9,13,14,18,19,23,24
465,8,9,13,14,18,19,23,24
466,8,9,13,14,18,19,23,24
467,8,9,13,14,18,19,23,24
468,8,9,13,14,18,19,23,24
469,8,9,13,14,18,19,23,24
470,8,9,13,14,18,19,23,24
471,8,9,13,14,18,19,23,24
472,8,9,13,14,18,19,23,24
473,9,13,14,18,19,23,24
474,9,13,14,18,19,23,24
475,9,13,14,18,19,23,24
476,9,13,14,18,19,23,24
477,9,13,14,18,19,23,24
478,9,13,14,18,19,23,24
479,9,13,14,18,19,20,23,24,25
480,9,13,14,18,19,20,23,24,25
481,9,13,14,18,19,20,23,24,25
482,9,13,14,18,19,20,23,24,25
483,9,13,14,15,18,19,20,23,24,25
484,9,13,14,15,18,19,20,23,24,25
485,9,13,14,15,18,19,20,23,24,25
486,9,13,14,15,18,19,20,23,24,25
487,13,14,18,19,20,23,24,25
488,13,14,18,19,20,23,24,25
489,13,14,18,19,20,21,22,23,24,25
490,13,14,18,19,20,21,22,23,24,25
491,13,14,18,19,20,21,22,23,24,25
492,13,14,18,19,20,21,22,23,24,25
493,13,14,18,19,20,21,22,23,24,25
494,13,14,18,19,20,21,22,23,24,25
495,13,14,18,19,20,21,22,23,24,25
496,13,14,18,19,20,21,22,23,24,25
497,13,14,18,19,20,21,22,23,24,25
498,13,14,18,19,20,21,22,23,24,25
499,13,14,18,19,20,21,22,23,24,25
500,13,14,18,19,20,21,22,23,24,25
501,13,14,18,19,20,21,22,23,24,25
502,13,14,18,19,20,21,22,23,24,25
503,13,14,18,19,20,21,22,23,24,25
504,13,14,18,19,20,21,22,23,24,25
505,13,14,18,19,20,21,22,23,24,25
506,13,14,18,19,20,21,22,23,24,25
507,13,14,18,19,20,21,22,23,24,25
508,13,14,18,19,20,21,22,23,24,25
509,13,14,18,19,20,21,22,23,24,25
510,13,14,18,19,20,21,22,23,24,25
511,13,14,18,19,20,21,22,23,24,25
512,13,14,18,19,20,21,22,23,24,25
513,13,14,18,19,20,21,22,23,24,25
514,13,14,18,19,20,21,22,23,24,25
515,13,14,17,18,19,20,21,22,23,24,25
516,13,14,17,18,19,20,21,22,23,24,25
517,13,14,17,18,19,20,21,22,23,24,25
518,13,14,17,18,19,20,21,22,23,24,25
519,13,14,18,19,20,21,22,23,24,25
520,13,14,18,19,20,21,22,23,24,25
521,13,14,18,19,20,21,22,23,24,25
522,13,14,18,19,20,21,22,23,24,25
523,13,14,18,19,20,21,22,23,24,25
524,13,14,18,19,20,21,22,23,24,25
525,13,14,15,18,19,20,21,22,23,24,25
526,13,14,15,18,19,20,21,22,23,24,25
527,13,14,15,18,19,20,21,22,23,24,25
528,13,14,15,18,19,20,21,22,23,24,25
529,13,14,15,18,19,20,21,22,23,24,25
530,13,14,15,18,19,20,21,22,23,24,25
531,13,14,15,18,19,20,21,22,23,24,25
532,13,14,15,18,19,20,21,22,23,24,25
533,13,14,15,18,19,20,21,22,23,24,25
534,13,14,15,18,19,20,21,22,23,24,25
535,14,15,18,19,20,21,22,23,24,25
536,14,15,18,19,20,21,22,23,24,25
537,14,15,18,19,20,21,22,23,24,25
538,14,15,18,19,20,21,22,23,24,25
539,14,15,18,19,20,21,22,23,24,25
540,14,15,18,19,20,21,22,23,24,25
541,14,15,18,19,20,21,22,23,24,25
542,14,15,18,19,20,21,22,23,24,25
543,14,15,18,19,20,21,22,23,24,25
544,14,15,18,19,20,21,22,23,24,25
545,14,15,16,19,20,21,22,23,24,25
546,14,15,16,19,20,21,22,23,24,25
547,14,15,16,19,20,21,22,23,24,25
548,14,15,16,19,20,21,22,23,24,25
549,14,15,16,19,20,21,22,23,24,25
550,14,15,16,19,20,21,22,23,24,25
551,14,15,16,19,20,21,22,23,24,25
552,14,15,16,19,20,21,22,23,24,25
553,14,15,16,19,20,21,22,23,24,25
554,14,15,16,19,20,21,22,23,24,25
555,14,15,16,19,20,21,22,23,24,25
556,14,15,16,19,20,21,22,23,24,25
557,11,14,15,16,19,20,21,22,23,24,25
558,11,14,15,16,19,20,21,22,23,24,25
559,11,14,15,16,19,20,21,22,23,24,25
560,11,14,15,16,19,20,21,22,23,24,25
561,11,14,15,16,19,20,21,22,23,24,25
562,11,14,15,16,19,20,21,22,23,24,25
563,11,14,15,16,19,20,21,22,23,24,25
564,11,14,15,16,19,20,21,22,23,24,25
565,11,14,15,16,19,20,21,22,23,24,25
566,11,14,15,16,19,20,21,22,23,24,25
567,11,14,15,16,19,20,21,22,23,24,25
568,11,14,15,16,19,20,21,22,23,24,25
569,11,14,15,16,19,20,21,24,25
570,11,14,15,16,19,20,21,24,25
571,11,14,15,16,19,20,21,24,25
572,11,14,15,16,19,20,21,24,25
573,11,14,15,16,19,20,21,24,25
574,11,14,15,16,19,20,21,24,25
575,11,14,15,16,19,20,21,24,25
576,11,14,15,16,19,20,21,24,25
577,11,14,15,16,19,20,21,24,25
578,11,14,15,16,19,20,21,24,25
579,10,11,14,15,16,19,20,21,24,25
580,10,11,14,15,16,19,20,21,24,25
581,10,11,14,15,16,19,20,21,24,25
582,10,11,14,15,16,19,20,21,24,25
583,10,11,14,15,16,19,20,21,24,25
584,10,11,14,15,16,19,20,21,24,25
585,10,11,14,15,16,19,20,21,24,25
586,10,11,14,15,16,19,20,21,24,25
587,10,11,14,15,16,19,20,21,24,25
588,10,11,14,15,16,19,20,21,24,25
589,6,10,11,14,15,16,19,20,21,25
590,6,10,11,14,15,16,19,20,21,25
591,6,10,11,14,15,16,19,20,21,25
592,6,10,11,14,15,16,19,20,21,25
593,6,9,10,11,14,15,16,19,20,25
594,6,9,10,11,14,15,16,19,20,25
595,6,9,10,11,14,15,16,19,20,25
596,6,9,10,11,14,15,16,19,20,25
597,6,9,10,11,14,15,16,19,20,25
598,6,9,10,11,14,15,16,19,20,25
599,6,9,10,11,14,15,16,19,20,25
600,6,9,10,11,14,15,16,19,20,25
601,6,9,10,11,14,15,16,19,20
602,6,9,10,11,14,15,16,19,20
603,9,10,11,14,15,19,20
604,9,10,11,14,15,19,20
605,5,9,10,14,15,19,20
606,5,9,10,14,15,19,20
607,5,9,10,14,15,19,20
608,5,9,10,14,15,19,20
609,5,9,10,14,15,19,20
610,5,9,10,14,15,19,20
611,5,9,10,14,15,19,20
612,5,9,10,14,15,19,20
613,4,5,9,10,14,15,19,20
614,4,5,9,10,14,15,19,20
615,4,5,9,10,14,15,19,20
616,4,5,9,10,14,15,19,20
617,4,5,9,10,14,15,19,20
618,4,5,9,10,14,15,19,20
619,4,5,9,10,14,15,19,20
620,4,5,9,10,14,15,19,20
621,4,5,9,10,14,15,19,20
622,4,5,9,10,14,15,19,20
623,4,9,10,14,15,19,20
624,4,9,10,14,15,19,20
625,4,9,10,14,15,19,20
626,4,9,10,14,15,19,20
627,4,8,9,10,13,14,15,19,20
628,4,8,9,10,13,14,15,19,20
629,4,8,9,10,13,14,15,18,19,20
630,4,8,9,10,13,14,15,18,19,20
631,4,8,9,10,13,14,15,18,19,20
632,4,8,9,10,13,14,15,18,19,20
633,4,8,9,10,13,14,15,18,19,20
634,4,8,9,10,13,14,15,18,19,20
635,8,9,10,13,14,15,18,19,20
636,8,9,10,13,14,15,18,19,20
637,4,8,9,13,14,15,18,19
638,4,8,9,13,14,15,18,19
639,8,9,13,14,18,19
640,8,9,13,14,18,19
641,8,9,13,14,18,19
642,8,9,13,14,18,19
643,8,9,13,14,18,19
644,8,9,13,14,18,19
645,8,9,13,14,18,19
646,8,9,13,14,18,19
647,8,9,13,14,18,19
648,8,9,13,14,18,19
649,8,9,13,14,18,19
650,8,9,13,14,18,19
651,8,9,13,14,18,19
652,8,9,13,14,18,19
653,8,9,13,14,18,19
654,8,9,13,14,18,19
655,7,8,9,12,13,14,17,18,19
656,7,8,9,12,13,14,17,18,19
657,7,8,9,12,13,14,17,18,19
658,7,8,9,12,13,14,17,18,19
659,7,8,9,12,13,14,17,18,19,23
660,7,8,9,12,13,14,17,18,19,23
661,7,8,9,12,13,14,17,18,19,23
662,7,8,9,12,13,14,17,18,19,23
663,7,8,9,12,13,14,17,18,19,23
664,7,8,9,12,13,14,17,18,19,23
665,7,8,12,13,14,17,18,19,23
666,7,8,12,13,14,17,18,19,23
667,7,8,12,13,14,17,18,19,23
668,7,8,12,13,14,17,18,19,23
669,7,8,12,13,17,18,22,23
670,7,8,12,13,17,18,22,23
671,7,8,12,13,17,18,22,23
672,7,8,12,13,17,18,22,23
673,7,8,12,13,17,18,22,23
674,7,8,12,13,17,18,22,23
675,7,8,12,13,17,18,22,23
676,7,8,12,13,17,18,22,23
677,7,8,12,13,17,18,22,23
678,7,8,12,13,17,18,22,23
679,7,8,12,13,17,18,22,23
680,7,8,12,13,17,18,22,23
681,7,8,12,13,17,18,22,23
682,7,8,12,13,17,18,22,23
683,7,8,12,13,17,18,22,23
684,7,8,12,13,17,18,22,23
685,7,8,12,13,17,18,22,23
686,7,8,12,13,17,18,22,23
687,7,8,12,13,17,18,22,23
688,7,8,12,13,17,18,22,23
689,7,8,12,13,17,18,22,23
690,7,8,12,13,17,18,22,23
691,7,8,11,12,13,16,17,18,22,23
692,7,8,11,12,13,16,17,18,22,23
693,7,8,11,12,13,16,17,18,22,23
694,7,8,11,12,13,16,17,18,22,23
695,7,8,11,12,13,16,17,18,22,23
696,7,8,11,12,13,16,17,18,22,23
697,7,8,11,12,13,16,17,18,22
698,7,8,11,12,13,16,17,18,22
699,6,7,8,11,12,13,16,17,18,22
700,6,7,8,11,12,13,16,17,18,22
701,6,7,11,12,13,16,17,18,22
702,6,7,11,12,13,16,17,18,22
703,6,7,11,12,13,16,17,18,21,22
704,6,7,11,12,13,16,17,18,21,22
705,6,7,11,12,13,16,17,18,21,22
706,6,7,11,12,13,16,17,18,21,22
707,6,7,11,12,13,16,17,18,21,22
708,6,7,11,12,13,16,17,18,21,22
709,6,7,11,12,13,16,17,18,21,22
710,6,7,11,12,13,16,17,18,21,22
711,6,7,11,12,13,16,17,18,21,22
712,6,7,11,12,13,16,17,18,21,22
713,6,7,11,12,16,17,21,22
714,6,7,11,12,16,17,21,22
715,6,7,11,12,16,17,21,22
716,6,7,11,12,16,17,21,22
717,6,7,11,12,16,17,21,22
718,6,7,11,12,16,17,21,22
719,6,7,11,12,16,17,21,22
720,6,7,11,12,16,17,21,22
721,6,7,11,12,16,17,21,22
722,6,7,11,12,16,17,21,22
723,6,7,11,12,16,17,21,22
724,6,7,11,12,16,17,21,22
725,6,7,11,12,16,17,21,22
726,6,7,11,12,16,17,21,22
727,6,7,11,12,16,17,21,22
728,6,7,11,12,16,17,21,22
729,6,7,11,12,16,17,21,22
730,6,7,11,12,16,17,21,22
731,6,7,11,12,16,17,21,22
732,6,7,11,12,16,17,21,22
733,6,7,11,12,16,17,21,22
734,6,7,11,12,16,17,21,22
735,6,7,11,12,16,17,21,22
736,6,7,11,12,16,17,21,22
737,7,11,12,16,17,21,22
738,7,11,12,16,17,21,22
739,7,11,12,16,17,21,22
740,7,11,12,16,17,21,22
741,7,11,12,16,17,21,22
742,7,11,12,16,17,21,22
743,7,11,12,16,17,21,22
744,7,11,12,16,17,21,22
745,7,11,12,16,17,18,21,22
746,7,11,12,16,17,18,21,22
747,7,11,12,13,16,17,18,21,22,23
748,7,11,12,13,16,17,18,21,22,23
749,7,11,12,13,16,17,18,21,22,23
750,7,11,12,13,16,17,18,21,22,23
751,7,11,12,13,16,17,18,21,22,23
752,7,11,12,13,16,17,18,21,22,23
753,7,11,12,13,16,17,18,21,22,23
754,7,11,12,13,16,17,18,21,22,23
755,7,11,12,13,16,17,18,21,22,23
756,7,11,12,13,16,17,18,21,22,23
757,7,12,13,16,17,18,21,22,23
758,7,12,13,16,17,18,21,22,23
759,7,12,13,16,17,18,21,22,23
760,7,12,13,16,17,18,21,22,23
761,12,13,17,18,22,23
762,12,13,17,18,22,23
763,12,13,17,18,21,22,23
764,12,13,17,18,21,22,23
765,12,13,17,18,21,22,23,24
766,12,13,17,18,21,22,23,24
767,12,13,17,18,21,22,23,24
768,12,13,17,18,21,22,23,24
769,12,13,17,18,19,21,22,23,24
770,12,13,17,18,19,21,22,23,24
771,12,13,17,18,19,21,22,23,24,25
772,12,13,17,18,19,21,22,23,24,25
773,12,13,17,18,19,21,22,23,24,25
774,12,13,17,18,19,21,22,23,24,25
775,12,13,14,17,18,19,21,22,23,24,25
776,12,13,14,17,18,19,21,22,23,24,25
777,12,13,14,17,18,19,21,22,23,24,25
778,12,13,14,17,18,19,21,22,23,24,25
779,12,13,14,17,18,19,21,22,23,24,25
780,12,13,14,17,18,19,21,22,23,24,25
781,12,13,14,17,18,19,21,22,23,24,25
782,12,13,14,17,18,19,21,22,23,24,25
783,12,13,14,17,18,19,21,22,23,24,25
784,12,13,14,17,18,19,21,22,23,24,25
785,12,13,14,17,18,19,21,22,23,24,25
786,12,13,14,17,18,19,21,22,23,24,25
787,12,13,14,17,18,19,21,22,23,24,25
788,12,13,14,17,18,19,21,22,23,24,25
789,13,14,17,18,19,21,22,23,24,25
790,13,14,17,18,19,21,22,23,24,25
791,13,14,17,18,19,21,22,23,24,25
792,13,14,17,18,19,21,22,23,24,25
793,13,14,17,18,19,21,22,23,24,25
794,13,14,17,18,19,21,22,23,24,25
795,13,14,17,18,19,21,22,23,24,25
796,13,14,17,18,19,21,22,23,24,25
797,13,17,18,19,21,22,23,24,25
798,13,17,18,19,21,22,23,24,25
799,13,17,18,19,21,22,23,24,25
800,13,17,18,19,21,22,23,24,25
801,13,17,18,19,21,22,23,24,25
802,13,17,18,19,21,22,23,24,25
803,13,17,18,19,21,22,23,24,25
804,13,17,18,19,21,22,23,24,25
805,13,17,18,19,21,22,23,24,25
806,13,17,18,19,21,22,23,24,25
807,13,17,18,19,21,22,23,24,25
808,13,17,18,19,21,22,23,24,25
809,13,17,18,19,21,22,23,24,25
810,13,17,18,19,21,22,23,24,25
811,13,16,17,18,19,21,22,23,24,25
812,13,16,17,18,19,21,22,23,24,25
813,13,16,17,18,19,21,22,23,24,25
814,13,16,17,18,19,21,22,23,24,25
815,13,16,17,18,19,21,22,23,24,25
816,13,16,17,18,19,21,22,23,24,25
817,13,16,17,18,19,21,22,23,24,25
818,13,16,17,18,19,21,22,23,24,25
819,13,16,17,18,19,21,22,23,24,25
820,13,16,17,18,19,21,22,23,24,25
821,13,16,17,18,19,21,22,23,24,25
822,13,16,17,18,19,21,22,23,24,25
823,13,16,17,18,19,21,22,23,24,25
824,13,16,17,18,19,21,22,23,24,25
825,13,16,17,18,19,21,22,23,24,25
826,13,16,17,18,19,21,22,23,24,25
827,13,16,17,18,19,21,22,23,24,25
828,13,16,17,18,19,21,22,23,24,25
829,13,16,17,18,19,21,22,23,24,25
830,13,16,17,18,19,21,22,23,24,25
831,13,16,17,18,19,21,22,23,24,25
832,13,16,17,18,19,21,22,23,24,25
833,13,16,17,18,19,21,22,23,24,25
834,13,16,17,18,19,21,22,23,24,25
835,13,16,17,18,19,21,22,23,24,25
836,13,16,17,18,19,21,22,23,24,25
837,16,17,18,19,21,22,23,24,25
838,16,17,18,19,21,22,23,24,25
839,13,16,17,18,19,21,22,23,24,25
840,13,16,17,18,19,21,22,23,24,25
841,13,16,17,18,19,21,22,23,24,25
842,13,16,17,18,19,21,22,23,24,25
843,13,16,17,18,19,21,22,23,24,25
844,13,16,17,18,19,21,22,23,24,25
845,13,16,17,18,19,21,22,23,24,25
846,13,16,17,18,19,21,22,23,24,25
847,12,13,16,17,18,19,21,22,23,24,25
848,12,13,16,17,18,19,21,22,23,24,25
849,12,13,16,17,18,19,21,22,23,24,25
850,12,13,16,17,18,19,21,22,23,24,25
851,12,13,16,17,18,19,21,22,23,24,25
852,12,13,16,17,18,19,21,22,23,24,25
853,12,13,16,17,18,19,21,22,23,24,25
854,12,13,16,17,18,19,21,22,23,24,25
855,12,13,16,17,18,19,21,22,23,24,25
856,12,13,16,17,18,19,21,22,23,24,25
857,12,16,17,18,19,21,22,23,24,25
858,12,16,17,18,19,21,22,23,24,25
859,12,16,17,18,19,21,22,23,24,25
860,12,16,17,18,19,21,22,23,24,25
861,12,16,17,18,19,21,22,23,24,25
862,12,16,17,18,19,21,22,23,24,25
863,12,16,17,18,21,22,23,24,25
864,12,16,17,18,21,22,23,24,25
865,12,16,17,18,21,22,23,24,25
866,12,16,17,18,21,22,23,24,25
867,12,16,17,18,21,22,23,24,25
868,12,16,17,18,21,22,23,24,25
869,12,16,17,18,21,22,23,24,25
870,12,16,17,18,21,22,23,24,25
871,12,16,17,18,21,22,23,24,25
872,12,16,17,18,21,22,23,24,25
873,12,16,17,18,21,22,23,24,25
874,12,16,17,18,21,22,23,24,25
875,12,16,17,18,21,22,23,24,25
876,12,16,17,18,21,22,23,24,25
877,12,16,17,18,21,22,23,24,25
878,12,16,17,18,21,22,23,24,25
879,12,16,17,18,21,22,23,24,25
880,12,16,17,18,21,22,23,24,25
881,11,12,16,17,18,21,22,23,24,25
882,11,12,16,17,18,21,22,23,24,25
883,11,12,16,17,18,21,22,23,24,25
884,11,12,16,17,18,21,22,23,24,25
885,11,12,16,17,18,21,22,23,24,25
886,11,12,16,17,18,21,22,23,24,25
887,11,12,16,17,18,21,22,23,24,25
888,11,12,16,17,18,21,22,23,24,25
889,11,12,16,17,18,21,22,23,24,25
890,11,12,16,17,18,21,22,23,24,25
891,11,12,16,17,18,21,22,23,25
892,11,12,16,17,18,21,22,23,25
893,11,12,16,17,18,21,22,23
894,11,12,16,17,18,21,22,23
895,11,12,16,17,18,21,22,23
896,11,12,16,17,18,21,22,23
897,11,12,16,17,18,21,22,23
898,11,12,16,17,18,21,22,23
899,11,12,16,17,18,21,22,23
900,11,12,16,17,18,21,22,23
901,7,11,12,13,16,17,18,21,22,23
902,7,11,12,13,16,17,18,21,22,23
903,7,11,12,13,16,17,18,21,22,23
904,7,11,12,13,16,17,18,21,22,23
905,7,11,12,13,16,17,18,21,22,23
906,7,11,12,13,16,17,18,21,22,23
907,7,11,12,13,16,17,18,21,22,23
908,7,11,12,13,16,17,18,21,22,23
909,7,8,11,12,13,16,17,18,22,23
910,7,8,11,12,13,16,17,18,22,23
911,7,8,12,13,17,18,22,23
912,7,8,12,13,17,18,22,23
913,7,8,12,13,17,18,22,23
914,7,8,12,13,17,18,22,23
915,7,8,12,13,17,18,22,23
916,7,8,12,13,17,18,22,23
917,7,8,9,12,13,14,17,18,19,23
918,7,8,9,12,13,14,17,18,19,23
919,7,8,9,12,13,14,17,18,19
920,7,8,9,12,13,14,17,18,19
921,3,8,9,13,14,18,19
922,3,8,9,13,14,18,19
923,3,4,8,9,13,14,18,19
924,3,4,8,9,13,14,18,19
925,3,4,8,9,13,14,18,19
926,3,4,8,9,13,14,18,19
927,4,8,9,13,14,18,19
928,4,8,9,13,14,18,19
929,4,8,9,13,14,18,19
930,4,8,9,13,14,18,19
931,4,8,9,13,14,18,19
932,4,8,9,13,14,18,19
933,4,8,9,10,13,14,15,18,19
934,4,8,9,10,13,14,15,18,19
935,4,8,9,10,13,14,15,18,19,20
936,4,8,9,10,13,14,15,18,19,20
937,4,8,9,10,13,14,15,18,19,20
938,4,8,9,10,13,14,15,18,19,20
939,8,9,10,13,14,15,18,19,20,24
940,8,9,10,13,14,15,18,19,20,24
941,9,10,13,14,15,18,19,20,24
942,9,10,13,14,15,18,19,20,24
943,9,10,13,14,15,18,19,20,24
944,9,10,13,14,15,18,19,20,24
945,9,10,14,15,19,20,24
946,9,10,14,15,19,20,24
947,9,10,14,15,19,20,24,25
948,9,10,14,15,19,20,24,25
949,9,10,14,15,19,20,24,25
950,9,10,14,15,19,20,24,25
951,9,10,14,15,19,20,24,25
952,9,10,14,15,19,20,24,25
953,9,10,14,15,19,20,24,25
954,9,10,14,15,19,20,24,25
955,9,10,14,15,19,20,24,25
956,9,10,14,15,19,20,24,25
957,9,10,14,15,19,20,24,25
958,9,10,14,15,19,20,24,25
959,9,10,14,15,19,20,24,25
960,9,10,14,15,19,20,24,25
961,9,10,14,15,19,20,24,25
962,9,10,14,15,19,20,24,25
963,9,10,14,15,19,20,24,25
964,9,10,14,15,19,20,24,25
965,9,10,14,15,19,20,24,25
966,9,10,14,15,19,20,24,25
967,9,10,14,15,19,20,24,25
968,9,10,14,15,19,20,24,25
969,9,10,14,15,19,20,24,25
970,9,10,14,15,19,20,24,25
971,9,10,14,15,19,20,24,25
972,9,10,14,15,19,20,24,25
973,9,10,14,15,19,20,24,25
974,9,10,14,15,19,20,24,25
975,9,10,14,15,19,20,24,25
976,9,10,14,15,19,20,24,25
977,9,10,14,15,19,20,24,25
978,9,10,14,15,19,20,24,25
979,9,10,14,15,19,20,24,25
980,9,10,14,15,19,20,24,25
981,9,10,14,15,19,20,24,25
982,9,10,14,15,19,20,24,25
983,9,10,14,15,19,20,24,25
984,9,10,14,15,19,20,24,25
985,9,10,14,15,19,20,24,25
986,9,10,14,15,19,20,24,25
987,9,10,14,15,19,20,24,25
988,9,10,14,15,19,20,24,25
989,9,10,14,15,19,20,24,25
990,9,10,14,15,19,20,24,25
991,9,10,14,15,19,20,24,25
992,9,10,14,15,19,20,24,25
993,9,10,14,15,19,20,24,25
994,9,10,14,15,19,20,24,25
995,9,10,14,15,19,20,24,25
996,9,10,14,15,19,20,24,25
997,9,10,14,15,19,20,24,25
998,9,10,14,15,19,20,24,25
999,9,10,14,15,19,20,24,25
1000,9,10,14,15,19,20,24,25
1001,9,10,14,15,19,20,24,25
1002,9,10,14,15,19,20,24,25
1003,9,10,14,15,19,20,24,25
1004,9,10,14,15,19,20,24,25
1005,9,10,14,15,19,20,24,25
1006,9,10,14,15,19,20,24,25
1007,9,10,13,14,15,18,19,20,23,24,25
1008,9,10,13,14,15,18,19,20,23,24,25
1009,9,13,14,15,18,19,20,23,24,25
1010,9,13,14,15,18,19,20,23,24,25
1011,9,13,14,15,18,19,20,23,24,25
1012,9,13,14,15,18,19,20,23,24,25
1013,9,13,14,15,18,19,20,23,24,25
1014,9,13,14,15,18,19,20,23,24,25
1015,9,13,14,15,18,19,20,23,24,25
1016,9,13,14,15,18,19,20,23,24,25
1017,9,13,14,15,18,19,20,23,24,25
1018,9,13,14,15,18,19,20,23,24,25
1019,9,13,14,15,18,19,20,23,24,25
1020,9,13,14,15,18,19,20,23,24,25
1021,13,14,15,18,19,20,23,24,25
1022,13,14,15,18,19,20,23,24,25
1023,13,14,15,18,19,20,23,24,25
1024,13,14,15,18,19,20,23,24,25
1025,13,14,18,19,20,23,24,25
1026,13,14,18,19,20,23,24,25
1027,13,14,18,19,20,23,24,25
1028,13,14,18,19,20,23,24,25
1029,13,14,18,19,20,23,24,25
1030,13,14,18,19,20,23,24,25
1031,13,14,18,19,22,23,24,25
1032,13,14,18,19,22,23,24,25
1033,13,14,18,19,22,23,24,25
1034,13,14,18,19,22,23,24,25
1035,13,14,18,19,22,23,24,25
1036,13,14,18,19,22,23,24,25
1037,13,14,18,19,21,22,23,24,25
1038,13,14,18,19,21,22,23,24,25
1039,13,14,18,19,21,22,23,24,25
1040,13,14,18,19,21,22,23,24,25
1041,13,14,18,19,21,22,23,24,25
1042,13,14,18,19,21,22,23,24,25
1043,13,14,18,19,21,22,23,24,25
1044,13,14,18,19,21,22,23,24,25
1045,13,14,18,19,21,22,23,24,25
1046,13,14,18,19,21,22,23,24,25
1047,13,14,17,18,19,21,22,23,24,25
1048,13,14,17,18,19,21,22,23,24,25
1049,13,14,18,19,21,22,23,24,25
1050,13,14,18,19,21,22,23,24,25
1051,13,14,18,19,21,22,23,24,25
1052,13,14,18,19,21,22,23,24,25
1053,13,14,18,19,21,22,23,24,25
1054,13,14,18,19,21,22,23,24,25
1055,13,14,18,19,21,22,23,24,25
1056,13,14,18,19,21,22,23,24,25
1057,13,14,18,19,21,22,23,24,25
1058,13,14,18,19,21,22,23,24,25
1059,13,14,18,19,21,22,23,24,25
1060,13,14,18,19,21,22,23,24,25
1061,13,14,18,19,20,21,22,23,24,25
1062,13,14,18,19,20,21,22,23,24,25
1063,13,14,18,19,20,21,22,23,24,25
1064,13,14,18,19,20,21,22,23,24,25
1065,13,14,18,19,20,21,22,23,24,25
1066,13,14,18,19,20,21,22,23,24,25
1067,13,14,18,19,20,21,22,23,24,25
1068,13,14,18,19,20,21,22,23,24,25
1069,13,14,18,19,20,21,22,23,24,25
1070,13,14,18,19,20,21,22,23,24,25
1071,13,14,18,19,20,21,22,23,24,25
1072,13,14,18,19,20,21,22,23,24,25
1073,13,14,18,19,20,21,22,23,24,25
1074,13,14,18,19,20,21,22,23,24,25
1075,13,14,18,19,20,21,22,23,24,25
1076,13,14,18,19,20,21,22,23,24,25
1077,13,14,18,19,20,21,22,23,24,25
1078,13,14,18,19,20,21,22,23,24,25
1079,13,14,18,19,20,21,22,23,24,25
1080,13,14,18,19,20,21,22,23,24,25
1081,13,14,18,19,20,21,22,23,24,25
1082,13,14,18,19,20,21,22,23,24,25
1083,13,14,18,19,20,21,22,23,24,25
1084,13,14,18,19,20,21,22,23,24,25
1085,13,14,18,19,20,21,22,23,24,25
1086,13,14,18,19,20,21,22,23,24,25
1087,13,14,18,19,20,21,22,23,24,25
1088,13,14,18,19,20,21,22,23,24,25
1089,13,14,18,19,20,21,22,23,24,25
1090,13,14,18,19,20,21,22,23,24,25
1091,13,14,18,19,20,21,22,23,24,25
1092,13,14,18,19,20,21,22,23,24,25
1093,13,14,18,19,20,21,22,23,24,25
1094,13,14,18,19,20,21,22,23,24,25
1095,13,14,18,19,20,21,22,23,24,25
1096,13,14,18,19,20,21,22,23,24,25
1097,13,14,18,19,20,21,22,23,24,25
1098,13,14,18,19,20,21,22,23,24,25
1099,13,14,18,19,20,21,22,23,24,25
1100,13,14,18,19,20,21,22,23,24,25
1101,13,14,18,19,20,21,22,23,24,25
1102,13,14,18,19,20,21,22,23,24,25
1103,13,14,18,19,20,21,22,23,24,25
1104,13,14,18,19,20,21,22,23,24,25
1105,13,14,18,19,20,21,22,23,24,25
1106,13,14,18,19,20,21,22,23,24,25
1107,14,18,19,20,21,22,23,24,25
1108,14,18,19,20,21,22,23,24,25
1109,14,18,19,20,21,22,23,24,25
1110,14,18,19,20,21,22,23,24,25
1111,13,14,15,18,19,20,21,22,23,24,25
1112,13,14,15,18,19,20,21,22,23,24,25
1113,13,14,15,18,19,20,21,22,23,24,25
1114,13,14,15,18,19,20,21,22,23,24,25
1115,13,14,15,18,19,20,21,22,23,24,25
1116,13,14,15,18,19,20,21,22,23,24,25
1117,13,14,15,18,19,20,21,22,23,24,25
1118,13,14,15,18,19,20,21,22,23,24,25
1119,13,14,15,18,19,20,21,22,23,24,25
1120,13,14,15,18,19,20,21,22,23,24,25
1121,13,14,15,18,19,20,21,22,23,24,25
1122,13,14,15,18,19,20,21,22,23,24,25
1123,13,14,15,18,19,20,21,22,23,24,25
1124,13,14,15,18,19,20,21,22,23,24,25
1125,13,14,15,18,19,20,21,22,23,24,25
1126,13,14,15,18,19,20,21,22,23,24,25
1127,13,14,15,18,19,20,21,22,23,24,25
1128,13,14,15,18,19,20,21,22,23,24,25
1129,13,14,15,18,19,20,21,22,23,24,25
1130,13,14,15,18,19,20,21,22,23,24,25
1131,13,14,15,18,19,20,21,22,23,24,25
1132,13,14,15,18,19,20,21,22,23,24,25
1133,13,14,15,18,19,20,21,22,23,24,25
1134,13,14,15,18,19,20,21,22,23,24,25
1135,13,14,15,18,19,20,21,22,23,24,25
1136,13,14,15,18,19,20,21,22,23,24,25
1137,14,15,18,19,20,21,22,23,24,25
1138,14,15,18,19,20,21,22,23,24,25
1139,14,15,18,19,20,21,22,23,24,25
1140,14,15,18,19,20,21,22,23,24,25
1141,14,15,18,19,20,21,22,23,24,25
1142,14,15,18,19,20,21,22,23,24,25
1143,14,15,18,19,20,21,22,23,24,25
1144,14,15,18,19,20,21,22,23,24,25
1145,14,15,18,19,20,21,22,23,24,25
1146,14,15,18,19,20,21,22,23,24,25
1147,14,15,18,19,20,21,22,23,24,25
1148,14,15,18,19,20,21,22,23,24,25
1149,14,15,18,19,20,21,22,23,24,25
1150,14,15,18,19,20,21,22,23,24,25
1151,14,15,18,19,20,21,22,23,24,25
1152,14,15,18,19,20,21,22,23,24,25
1153,14,15,18,19,20,21,22,23,24,25
1154,14,15,18,19,20,21,22,23,24,25
1155,14,15,18,19,20,21,22,23,24,25
1156,14,15,18,19,20,21,22,23,24,25
1157,14,15,18,19,20,21,22,23,24,25
1158,14,15,18,19,20,21,22,23,24,25
1159,14,15,19,20,21,22,23,24,25
1160,14,15,19,20,21,22,23,24,25
1161,14,15,19,20,21,22,23,24,25
1162,14,15,19,20,21,22,23,24,25
1163,14,15,19,20,21,22,23,24,25
1164,14,15,19,20,21,22,23,24,25
1165,14,15,19,20,21,22,23,24,25
1166,14,15,19,20,21,22,23,24,25
1167,14,15,19,20,21,22,23,24,25
1168,14,15,19,20,21,22,23,24,25
1169,14,15,16,19,20,21,23,24,25
1170,14,15,16,19,20,21,23,24,25
1171,14,15,16,19,20,21,24,25
1172,14,15,16,19,20,21,24,25
1173,14,15,16,19,20,21,24,25
1174,14,15,16,19,20,21,24,25
1175,14,15,16,19,20,21,24,25
1176,14,15,16,19,20,21,24,25
1177,14,15,16,19,20,21,24,25
1178,14,15,16,19,20,21,24,25
1179,10,14,15,16,19,20,21,24,25
1180,10,14,15,16,19,20,21,24,25
1181,10,11,14,15,16,19,20,21,24,25
1182,10,11,14,15,16,19,20,21,24,25
1183,10,11,14,15,16,19,20,21,24,25
1184,10,11,14,15,16,19,20,21,24,25
1185,10,11,14,15,16,19,20,21,24,25
1186,10,11,14,15,16,19,20,21,24,25
1187,10,11,14,15,16,19,20,21,24,25
1188,10,11,14,15,16,19,20,21,24,25
1189,10,11,14,15,16,19,20,21,24,25
1190,10,11,14,15,16,19,20,21,24,25
1191,10,11,14,15,16,19,20,21,24,25
1192,10,11,14,15,16,19,20,21,24,25
1193,10,11,14,15,16,19,20,21,24,25
1194,10,11,14,15,16,19,20,21,24,25
1195,10,11,14,15,16,19,20,21,24,25
1196,10,11,14,15,16,19,20,21,24,25
1197,10,11,14,15,16,19,20,21,24,25
1198,10,11,14,15,16,19,20,21,24,25
1199,10,11,14,15,16,19,20,21,24,25
1200,10,11,14,15,16,19,20,21,24,25
1201,10,11,14,15,16,19,20,21,24,25
1202,10,11,14,15,16,19,20,21,24,25
1203,10,11,14,15,16,19,20,21,24,25
1204,10,11,14,15,16,19,20,21,24,25
1205,10,11,14,15,16,19,20,21,24,25
1206,10,11,14,15,16,19,20,21,24,25
1207,10,11,14,15,16,19,20,21,24,25
1208,10,11,14,15,16,19,20,21,24,25
1209,10,11,14,15,16,19,20,24,25
1210,10,11,14,15,16,19,20,24,25
1211,10,11,14,15,16,19,20,24,25
1212,10,11,14,15,16,19,20,24,25
1213,10,11,14,15,16,19,20,24,25
1214,10,11,14,15,16,19,20,24,25
1215,10,11,14,15,16,19,20,24,25
1216,10,11,14,15,16,19,20,24,25
1217,10,11,14,15,16,19,20,24,25
1218,10,11,14,15,16,19,20,24,25
1219,10,11,14,15,16,19,20,24,25
1220,10,11,14,15,16,19,20,24,25
1221,10,11,14,15,16,19,20,24,25
1222,10,11,14,15,16,19,20,24,25
1223,10,11,14,15,16,19,20,24,25
1224,10,11,14,15,16,19,20,24,25
1225,10,14,15,19,20,24,25
1226,10,14,15,19,20,24,25
1227,9,10,14,15,19,20,24,25
1228,9,10,14,15,19,20,24,25
1229,9,10,14,15,19,20,24,25
1230,9,10,14,15,19,20,24,25
1231,9,10,14,15,19,20,24,25
1232,9,10,14,15,19,20,24,25
1233,9,10,14,15,19,20,24,25
1234,9,10,14,15,19,20,24,25
1235,9,10,14,15,19,20,24,25
1236,9,10,14,15,19,20,24,25
1237,9,10,14,15,19,20,24,25
1238,9,10,14,15,19,20,24,25
1239,9,10,14,15,19,20,24,25
1240,9,10,14,15,19,20,24,25
1241,9,10,14,15,19,20,24,25
1242,9,10,14,15,19,20,24,25
1243,9,10,14,15,19,20,24,25
1244,9,10,14,15,19,20,24,25
1245,9,10,14,15,19,20,24,25
1246,9,10,14,15,19,20,24,25
1247,9,10,14,15,19,20,24,25
1248,9,10,14,15,19,20,24,25
1249,9,10,14,15,19,20,24,25
1250,9,10,14,15,19,20,24,25
1251,9,10,14,15,19,20,24,25
1252,9,10,14,15,19,20,24,25
1253,9,10,14,15,19,20,24,25
1254,9,10,14,15,19,20,24,25
1255,10,14,15,19,20,24,25
1256,10,14,15,19,20,24,25
1257,10,14,15,16,19,20,24,25
1258,10,14,15,16,19,20,24,25
1259,10,11,14,15,16,19,20,21,24,25
1260,10,11,14,15,16,19,20,21,24,25
1261,10,11,14,15,16,19,20,21,24,25
1262,10,11,14,15,16,19,20,21,24,25
1263,10,11,14,15,16,19,20,21,24,25
1264,10,11,14,15,16,19,20,21,24,25
1265,10,11,14,15,16,19,20,21,24,25
1266,10,11,14,15,16,19,20,21,24,25
1267,10,11,14,15,16,19,20,21,24,25
1268,10,11,14,15,16,19,20,21,24,25
1269,10,11,14,15,16,19,20,21,24,25
1270,10,11,14,15,16,19,20,21,24,25
1271,10,11,14,15,16,19,20,21,24,25
1272,10,11,14,15,16,19,20,21,24,25
1273,10,11,14,15,16,19,20,21,25
1274,10,11,14,15,16,19,20,21,25
1275,10,11,14,15,16,19,20,21,25
1276,10,11,14,15,16,19,20,21,25
1277,6,10,11,14,15,16,19,20,21,25
1278,6,10,11,14,15,16,19,20,21,25
1279,6,10,11,14,15,16,19,20,21,25
1280,6,10,11,14,15,16,19,20,21,25
1281,6,10,11,14,15,16,19,20,21,25
1282,6,10,11,14,15,16,19,20,21,25
1283,6,10,11,14,15,16,19,20,21,25
1284,6,10,11,14,15,16,19,20,21,25
1285,6,10,11,14,15,16,19,20,21,25
1286,6,10,11,14,15,16,19,20,21,25
1287,6,10,11,14,15,16,19,20,21,25
1288,6,10,11,14,15,16,19,20,21,25
1289,6,10,11,14,15,16,19,20,21,25
1290,6,10,11,14,15,16,19,20,21,25
1291,6,10,11,14,15,16,19,20,21,25
1292,6,10,11,14,15,16,19,20,21,25
1293,6,10,11,14,15,16,19,20,21,24,25
1294,6,10,11,14,15,16,19,20,21,24,25
1295,10,11,14,15,16,19,20,21,24,25
1296,10,11,14,15,16,19,20,21,24,25
1297,9,10,11,14,15,16,19,20,24,25
1298,9,10,11,14,15,16,19,20,24,25
1299,9,10,11,14,15,16,19,20,24,25
1300,9,10,11,14,15,16,19,20,24,25
1301,9,10,14,15,19,20,24,25
1302,9,10,14,15,19,20,24,25
1303,9,10,14,15,19,20,24,25
1304,9,10,14,15,19,20,24,25
1305,9,10,14,15,19,20,24,25
1306,9,10,14,15,19,20,24,25
1307,9,10,14,15,19,20,24,25
1308,9,10,14,15,19,20,24,25
1309,9,10,14,15,19,20,24,25
1310,9,10,14,15,19,20,24,25
1311,9,10,13,14,15,18,19,20,24,25
1312,9,10,13,14,15,18,19,20,24,25
1313,9,10,13,14,15,18,19,20,24,25
1314,9,10,13,14,15,18,19,20,24,25
1315,9,10,13,14,15,18,19,20,24,25
1316,9,10,13,14,15,18,19,20,24,25
1317,9,10,13,14,15,18,19,20,23,24,25
1318,9,10,13,14,15,18,19,20,23,24,25
1319,9,13,14,15,18,19,20,23,24,25
1320,9,13,14,15,18,19,20,23,24,25
1321,9,13,14,15,18,19,20,23,24,25
1322,9,13,14,15,18,19,20,23,24,25
1323,9,13,14,15,18,19,20,23,24
1324,9,13,14,15,18,19,20,23,24
1325,9,13,14,18,19,23,24
1326,9,13,14,18,19,23,24
1327,8,9,13,14,18,19,23,24
1328,8,9,13,14,18,19,23,24
1329,8,9,13,14,18,19,23,24
1330,8,9,13,14,18,19,23,24
1331,9,13,14,18,19,23,24
1332,9,13,14,18,19,23,24
1333,9,13,14,18,19,23,24
1334,9,13,14,18,19,23,24
1335,13,14,18,19,23,24
1336,13,14,18,19,23,24
1337,13,14,18,19,23,24,25
1338,13,14,18,19,23,24,25
1339,13,14,18,19,21,22,23,24,25
1340,13,14,18,19,21,22,23,24,25
1341,13,14,18,19,21,22,23,24,25
1342,13,14,18,19,21,22,23,24,25
1343,13,14,18,19,21,22,23,24,25
1344,13,14,18,19,21,22,23,24,25
1345,13,14,18,19,21,22,23,24,25
1346,13,14,18,19,21,22,23,24,25
1347,13,14,18,19,21,22,23,24,25
1348,13,14,18,19,21,22,23,24,25
1349,13,14,17,18,19,21,22,23,24,25
1350,13,14,17,18,19,21,22,23,24,25
1351,13,14,18,19,21,22,23,24,25
1352,13,14,18,19,21,22,23,24,25
1353,13,14,18,19,20,21,22,23,24,25
1354,13,14,18,19,20,21,22,23,24,25
1355,13,14,18,19,20,21,22,23,24,25
1356,13,14,18,19,20,21,22,23,24,25
1357,13,14,18,19,20,21,22,23,24,25
1358,13,14,18,19,20,21,22,23,24,25
1359,13,14,18,19,20,21,22,23,24,25
1360,13,14,18,19,20,21,22,23,24,25
1361,13,14,18,19,20,21,22,23,24,25
1362,13,14,18,19,20,21,22,23,24,25
1363,13,14,18,19,20,21,22,23,24,25
1364,13,14,18,19,20,21,22,23,24,25
1365,13,14,15,18,19,20,21,22,23,24,25
1366,13,14,15,18,19,20,21,22,23,24,25
1367,13,14,15,18,19,20,21,22,23,24,25
1368,13,14,15,18,19,20,21,22,23,24,25
1369,13,14,15,18,19,20,21,22,23,24,25
1370,13,14,15,18,19,20,21,22,23,24,25
1371,13,14,15,18,19,20,21,22,23,24,25
1372,13,14,15,18,19,20,21,22,23,24,25
1373,13,14,15,18,19,20,21,22,23,24,25
1374,13,14,15,18,19,20,21,22,23,24,25
1375,13,14,15,18,19,20,21,22,23,24,25
1376,13,14,15,18,19,20,21,22,23,24,25
1377,13,14,15,18,19,20,21,22,23,24,25
1378,13,14,15,18,19,20,21,22,23,24,25
1379,13,14,15,18,19,20,21,22,23,24,25
1380,13,14,15,18,19,20,21,22,23,24,25
1381,13,14,15,18,19,20,21,22,23,24,25
1382,13,14,15,18,19,20,21,22,23,24,25
1383,13,14,18,19,20,21,22,23,24,25
1384,13,14,18,19,20,21,22,23,24,25
1385,13,14,18,19,20,21,22,23,24,25
1386,13,14,18,19,20,21,22,23,24,25
1387,13,14,18,19,20,21,22,23,24,25
1388,13,14,18,19,20,21,22,23,24,25
1389,13,14,17,18,19,20,21,22,23,24,25
1390,13,14,17,18,19,20,21,22,23,24,25
1391,13,14,17,18,19,20,21,22,23,24,25
1392,13,14,17,18,19,20,21,22,23,24,25
1393,13,14,17,18,19,20,21,22,23,24,25
1394,13,14,17,18,19,20,21,22,23,24,25
1395,13,14,17,18,19,20,21,22,23,24,25
1396,13,14,17,18,19,20,21,22,23,24,25
1397,13,14,17,18,19,20,21,22,23,24,25
1398,13,14,17,18,19,20,21,22,23,24,25
1399,13,14,17,18,19,20,21,22,23,24,25
1400,13,14,17,18,19,20,21,22,23,24,25
1401,13,14,17,18,19,20,21,22,23,24,25
1402,13,14,17,18,19,20,21,22,23,24,25
1403,13,14,17,18,19,20,21,22,23,24,25
1404,13,14,17,18,19,20,21,22,23,24,25
1405,13,14,17,18,19,20,21,22,23,24,25
1406,13,14,17,18,19,20,21,22,23,24,25
1407,13,14,17,18,19,20,21,22,23,24,25
1408,13,14,17,18,19,20,21,22,23,24,25
1409,13,14,17,18,19,20,21,22,23,24,25
1410,13,14,17,18,19,20,21,22,23,24,25
1411,13,14,17,18,19,20,21,22,23,24,25
1412,13,14,17,18,19,20,21,22,23,24,25
1413,13,14,17,18,19,20,21,22,23,24,25
1414,13,14,17,18,19,20,21,22,23,24,25
1415,13,14,17,18,19,20,21,22,23,24,25
1416,13,14,17,18,19,20,21,22,23,24,25
1417,13,14,17,18,19,20,21,22,23,24,25
1418,13,14,17,18,19,20,21,22,23,24,25
1419,13,14,17,18,19,20,21,22,23,24,25
1420,13,14,17,18,19,20,21,22,23,24,25
1421,13,14,17,18,19,20,21,22,23,24,25
1422,13,14,17,18,19,20,21,22,23,24,25
1423,14,17,18,19,20,21,22,23,24,25
1424,14,17,18,19,20,21,22,23,24,25
1425,14,17,18,19,20,21,22,23,24,25
1426,14,17,18,19,20,21,22,23,24,25
1427,14,17,18,19,20,21,22,23,24,25
1428,14,17,18,19,20,21,22,23,24,25
1429,14,17,18,19,20,21,22,23,24,25
1430,14,17,18,19,20,21,22,23,24,25
1431,14,17,18,19,20,21,22,23,24,25
1432,14,17,18,19,20,21,22,23,24,25
1433,14,18,19,20,21,22,23,24,25
1434,14,18,19,20,21,22,23,24,25
1435,14,15,18,19,20,21,22,23,24,25
1436,14,15,18,19,20,21,22,23,24,25
1437,14,15,18,19,20,21,22,23,24,25
1438,14,15,18,19,20,21,22,23,24,25
1439,14,15,18,19,20,21,22,23,24,25
1440,14,15,18,19,20,21,22,23,24,25
1441,14,15,16,18,19,20,21,22,23,24,25
1442,14,15,16,18,19,20,21,22,23,24,25
1443,14,15,16,18,19,20,21,22,23,24,25
1444,14,15,16,18,19,20,21,22,23,24,25
1445,14,15,16,18,19,20,21,22,23,24,25
1446,14,15,16,18,19,20,21,22,23,24,25
1447,14,15,16,19,20,21,22,23,24,25
1448,14,15,16,19,20,21,22,23,24,25
1449,14,15,16,19,20,21,22,23,24,25
1450,14,15,16,19,20,21,22,23,24,25
1451,14,15,16,19,20,21,22,23,24,25
1452,14,15,16,19,20,21,22,23,24,25
1453,11,14,15,16,19,20,21,22,23,24,25
1454,11,14,15,16,19,20,21,22,23,24,25
1455,11,14,15,16,19,20,21,22,23,24,25
1456,11,14,15,16,19,20,21,22,23,24,25
1457,11,14,15,16,19,20,21,22,23,24,25
1458,11,14,15,16,19,20,21,22,23,24,25
1459,11,14,15,16,19,20,21,22,23,24,25
1460,11,14,15,16,19,20,21,22,23,24,25
1461,11,14,15,16,19,20,21,24,25
1462,11,14,15,16,19,20,21,24,25
1463,11,14,15,16,19,20,21,24,25
1464,11,14,15,16,19,20,21,24,25
1465,11,14,15,16,19,20,21,24,25
1466,11,14,15,16,19,20,21,24,25
1467,10,11,14,15,16,19,20,21,24,25
1468,10,11,14,15,16,19,20,21,24,25
1469,10,11,15,16,19,20,21,24,25
1470,10,11,15,16,19,20,21,24,25
1471,1,5,6,10,11,15,16,20
1472,1,5,6,10,11,15,16,20
1473,1,5,6,10,11,15,16,20
1474,1,5,6,10,11,15,16,20
1475,1,5,6,10,11,15,16,20
1476,1,5,6,10,11,15,16,20
1477,6,10,11,15,16,20
1478,6,10,11,15,16,20
1479,6,10,11,15,16,20
1480,6,10,11,15,16,20
1481,6,10,11,15,16,20
1482,6,10,11,15,16,20
1483,6,10,11,15,16,20
1484,6,10,11,15,16,20
1485,6,10,11,15,16,20,21
1486,6,10,11,15,16,20,21
1487,6,10,11,15,16,20,21
1488,6,10,11,15,16,20,21
1489,6,10,11,15,16,20,21
1490,6,10,11,15,16,20,21
1491,6,10,11,15,16,20,21
1492,6,10,11,15,16,20,21
1493,10,11,14,15,16,19,20,21,24,25
1494,10,11,14,15,16,19,20,21,24,25
1495,10,11,14,15,16,19,20,21,24,25
1496,10,11,14,15,16,19,20,21,24,25
1497,10,11,14,15,16,19,20,21,24,25
1498,10,11,14,15,16,19,20,21,24,25
1499,10,11,14,15,16,19,20,21,24,25
1500,10,11,14,15,16,19,20,21,24,25
1501,10,11,14,15,16,19,20,21,24,25
1502,10,11,14,15,16,19,20,21,24,25
1503,10,14,15,16,19,20,21,24,25
1504,10,14,15,16,19,20,21,24,25
1505,10,14,15,19,20,24,25
1506,10,14,15,19,20,24,25
1507,10,14,15,19,20,24,25
1508,10,14,15,19,20,24,25
1509,14,15,18,19,20,23,24,25
1510,14,15,18,19,20,23,24,25
1511,14,15,18,19,20,23,24,25
1512,14,15,18,19,20,23,24,25
1513,13,14,15,18,19,20,21,22,23,24,25
1514,13,14,15,18,19,20,21,22,23,24,25
1515,13,14,15,18,19,20,21,22,23,24,25
1516,13,14,15,18,19,20,21,22,23,24,25
1517,13,14,15,18,19,20,21,22,23,24,25
1518,13,14,15,18,19,20,21,22,23,24,25
1519,13,14,15,18,19,20,21,22,23,24,25
1520,13,14,15,18,19,20,21,22,23,24,25
1521,13,14,15,18,19,20,21,22,23,24,25
1522,13,14,15,18,19,20,21,22,23,24,25
1523,13,14,15,18,19,20,21,22,23,24,25
1524,13,14,15,18,19,20,21,22,23,24,25
1525,13,14,15,18,19,20,21,22,23,24,25
1526,13,14,15,18,19,20,21,22,23,24,25
1527,13,14,18,19,20,21,22,23,24,25
1528,13,14,18,19,20,21,22,23,24,25
1529,13,14,18,19,20,21,22,23,24,25
1530,13,14,18,19,20,21,22,23,24,25
1531,13,14,18,19,20,21,22,23,24,25
1532,13,14,18,19,20,21,22,23,24,25
1533,13,14,18,19,20,21,22,23,24,25
1534,13,14,18,19,20,21,22,23,24,25
1535,13,14,18,19,20,21,22,23,24,25
1536,13,14,18,19,20,21,22,23,24,25
1537,13,14,15,18,19,20,21,22,23,24,25
1538,13,14,15,18,19,20,21,22,23,24,25
1539,13,14,15,18,19,20,21,22,23,24,25
1540,13,14,15,18,19,20,21,22,23,24,25
1541,13,14,15,18,19,20,21,22,23,24,25
1542,13,14,15,18,19,20,21,22,23,24,25
1543,13,14,15,18,19,20,23,24,25
1544,13,14,15,18,19,20,23,24,25
1545,13,14,15,18,19,20,23,24,25
1546,13,14,15,18,19,20,23,24,25
1547,13,14,15,18,19,20,23,24,25
1548,13,14,15,18,19,20,23,24,25
1549,13,14,15,18,19,20,23,24,25
1550,13,14,15,18,19,20,23,24,25
1551,9,13,14,15,18,19,20,23,24,25
1552,9,13,14,15,18,19,20,23,24,25
1553,9,13,14,15,18,19,20,23,24,25
1554,9,13,14,15,18,19,20,23,24,25
1555,9,13,14,15,18,19,20,23,24,25
1556,9,13,14,15,18,19,20,23,24,25
1557,9,13,14,15,18,19,20,23,24,25
1558,9,13,14,15,18,19,20,23,24,25
1559,9,13,14,15,18,19,20,23,24,25
1560,9,13,14,15,18,19,20,23,24,25
1561,9,13,14,15,18,19,20,23,24,25
1562,9,13,14,15,18,19,20,23,24,25
1563,9,13,14,15,18,19,20,23,24,25
1564,9,13,14,15,18,19,20,23,24,25
1565,9,13,14,15,18,19,20,23,24,25
1566,9,13,14,15,18,19,20,23,24,25
1567,9,13,14,15,18,19,20,23,24,25
1568,9,13,14,15,18,19,20,23,24,25
1569,8,9,13,14,15,18,19,20,23,24,25
1570,8,9,13,14,15,18,19,20,23,24,25
1571,8,9,13,14,15,18,19,20,23,24
1572,8,9,13,14,15,18,19,20,23,24
1573,8,9,13,14,15,18,19,20,23,24
1574,8,9,13,14,15,18,19,20,23,24
1575,8,9,10,13,14,15,18,19,20,24
1576,8,9,10,13,14,15,18,19,20,24
1577,8,9,10,13,14,15,18,19,20,24
1578,8,9,10,13,14,15,18,19,20,24
1579,8,9,10,13,14,15,18,19,20,24
1580,8,9,10,13,14,15,18,19,20,24
1581,8,9,10,13,14,15,18,19,20,24
1582,8,9,10,13,14,15,18,19,20,24
1583,9,10,13,14,15,18,19,20,24
1584,9,10,13,14,15,18,19,20,24
1585,9,10,13,14,15,18,19,20,24
1586,9,10,13,14,15,18,19,20,24
1587,9,10,13,14,15,18,19,20,24
1588,9,10,13,14,15,18,19,20,24
1589,9,10,13,14,15,18,19,20,24
1590,9,10,13,14,15,18,19,20,24
1591,9,10,13,14,15,18,19,20,24
1592,9,10,13,14,15,18,19,20,24
1593,9,10,13,14,15,18,19,20,24
1594,9,10,13,14,15,18,19,20,24
1595,9,10,13,14,15,18,19,20,24
1596,9,10,13,14,15,18,19,20,24
1597,9,10,13,14,15,18,19,20,24
1598,9,10,13,14,15,18,19,20,24
1599,9,10,13,14,15,18,19,20,24
1600,9,10,13,14,15,18,19,20,24
1601,9,10,13,14,15,18,19,20,24
1602,9,10,13,14,15,18,19,20,24
1603,9,10,13,14,15,18,19,20,24
1604,9,10,13,14,15,18,19,20,24
1605,9,10,13,14,15,18,19,20,24,25
1606,9,10,13,14,15,18,19,20,24,25
1607,9,10,13,14,15,18,19,20,24,25
1608,9,10,13,14,15,18,19,20,24,25
1609,9,10,13,14,15,18,19,20,24,25
1610,9,10,13,14,15,18,19,20,24,25
1611,9,10,13,14,15,18,19,20,24,25
1612,9,10,13,14,15,18,19,20,24,25
1613,9,10,13,14,15,18,19,20,24,25
1614,9,10,13,14,15,18,19,20,24,25
1615,9,10,13,14,15,18,19,20,24,25
1616,9,10,13,14,15,18,19,20,24,25
1617,9,10,13,14,15,18,19,20,24,25
1618,9,10,13,14,15,18,19,20,24,25
1619,9,10,13,14,15,18,19,20,24,25
1620,9,10,13,14,15,18,19,20,24,25
1621,9,10,13,14,15,18,19,20,24,25
1622,9,10,13,14,15,18,19,20,24,25
1623,9,10,13,14,15,18,19,20,24,25
1624,9,10,13,14,15,18,19,20,24,25
1625,9,10,13,14,15,18,19,20,24,25
1626,9,10,13,14,15,18,19,20,24,25
1627,9,10,13,14,15,18,19,20,24,25
1628,9,10,13,14,15,18,19,20,24,25
1629,9,10,13,14,15,18,19,20,24,25
1630,9,10,13,14,15,18,19,20,24,25
1631,9,10,13,14,15,18,19,20,24,25
1632,9,10,13,14,15,18,19,20,24,25
1633,9,10,14,15,19,20,24,25
1634,9,10,14,15,19,20,24,25
1635,9,10,14,15,19,20,24,25
1636,9,10,14,15,19,20,24,25
1637,9,10,14,15,19,20,24,25
1638,9,10,14,15,19,20,24,25
1639,9,10,14,15,19,20,24,25
1640,9,10,14,15,19,20,24,25
1641,9,10,14,15,19,20,24,25
1642,9,10,14,15,19,20,24,25
1643,9,10,14,15,19,20,24,25
1644,9,10,14,15,19,20,24,25
1645,9,10,14,15,19,20,24,25
1646,9,10,14,15,19,20,24,25
1647,9,10,14,15,19,20,24,25
1648,9,10,14,15,19,20,24,25
1649,9,10,14,15,19,20,24,25
1650,9,10,14,15,19,20,24,25
1651,9,10,14,15,19,20,24,25
1652,9,10,14,15,19,20,24,25
1653,9,10,14,15,19,20,24,25
1654,9,10,14,15,19,20,24,25
1655,9,10,14,15,19,20,24,25
1656,9,10,14,15,19,20,24,25
1657,9,10,14,15,19,20,24,25
1658,9,10,14,15,19,20,24,25
1659,9,10,14,15,19,20,24,25
1660,9,10,14,15,19,20,24,25
1661,9,10,14,15,19,20,24,25
1662,9,10,14,15,19,20,24,25
1663,9,10,14,15,19,20,24,25
1664,9,10,14,15,19,20,24,25
1665,9,10,14,15,19,20,24,25
1666,9,10,14,15,19,20,24,25
1667,9,10,14,15,19,20,24,25
1668,9,10,14,15,19,20,24,25
1669,9,10,14,15,19,20,24,25
1670,9,10,14,15,19,20,24,25
1671,9,10,14,15,19,20,24,25
1672,9,10,14,15,19,20,24,25
1673,9,10,14,15,19,20,24,25
1674,9,10,14,15,19,20,24,25
1675,9,10,14,15,19,20,24,25
1676,9,10,14,15,19,20,24,25
1677,9,10,14,15,19,20,24,25
1678,9,10,14,15,19,20,24,25
1679,9,10,13,14,15,18,19,20,24
1680,9,10,13,14,15,18,19,20,24
1681,8,9,10,13,14,15,18,19,20,24
1682,8,9,10,13,14,15,18,19,20,24
1683,8,9,13,14,15,18,19,20,24
1684,8,9,13,14,15,18,19,20,24
1685,8,9,13,14,15,18,19,20,23,24
1686,8,9,13,14,15,18,19,20,23,24
1687,8,9,13,14,18,19,23,24
1688,8,9,13,14,18,19,23,24
1689,8,9,13,14,18,19,23,24
1690,8,9,13,14,18,19,23,24
1691,8,9,13,14,18,19,23,24
1692,8,9,13,14,18,19,23,24
1693,8,9,13,14,18,19,23,24
1694,8,9,13,14,18,19,23,24
1695,8,9,12,13,14,17,18,19,22,23,24
1696,8,9,12,13,14,17,18,19,22,23,24
1697,8,12,13,14,17,18,19,22,23,24
1698,8,12,13,14,17,18,19,22,23,24
1699,8,12,13,14,17,18,19,22,23,24
1700,8,12,13,14,17,18,19,22,23,24
1701,8,12,13,14,17,18,19,22,23,24
1702,8,12,13,14,17,18,19,22,23,24
1703,8,12,13,14,17,18,19,22,23,24
1704,8,12,13,14,17,18,19,22,23,24
1705,8,12,13,14,17,18,19,22,23,24
1706,8,12,13,14,17,18,19,22,23,24
1707,8,12,13,14,17,18,19,22,23,24
1708,8,12,13,14,17,18,19,22,23,24
1709,8,12,13,14,17,18,19,22,23,24
1710,8,12,13,14,17,18,19,22,23,24
1711,8,12,13,17,18,19,22,23,24
1712,8,12,13,17,18,19,22,23,24
1713,8,12,13,17,18,19,22,23,24
1714,8,12,13,17,18,19,22,23,24
1715,8,12,13,17,18,19,22,23,24
1716,8,12,13,17,18,19,22,23,24
1717,12,13,17,18,19,22,23,24
1718,12,13,17,18,19,22,23,24
1719,12,13,17,18,19,22,23,24
1720,12,13,17,18,19,22,23,24
1721,12,13,17,18,19,22,23,24
1722,12,13,17,18,19,22,23,24
1723,12,13,17,18,22,23,24
1724,12,13,17,18,22,23,24
1725,12,13,17,18,22,23
1726,12,13,17,18,22,23
1727,12,13,17,18,21,22,23
1728,12,13,17,18,21,22,23
1729,12,13,17,18,21,22,23
1730,12,13,17,18,21,22,23
1731,12,13,16,17,18,21,22,23
1732,12,13,16,17,18,21,22,23
1733,12,13,16,17,18,21,22,23
1734,12,13,16,17,18,21,22,23
1735,12,13,16,17,18,21,22,23
1736,12,13,16,17,18,21,22,23
1737,12,13,16,17,18,21,22,23
1738,12,13,16,17,18,21,22,23
1739,7,12,13,16,17,18,21,22,23
1740,7,12,13,16,17,18,21,22,23
1741,7,12,13,16,17,18,21,22,23
1742,7,12,13,16,17,18,21,22,23
1743,12,13,16,17,18,21,22,23
1744,12,13,16,17,18,21,22,23
1745,12,13,16,17,18,21,22,23
1746,12,13,16,17,18,21,22,23
1747,12,13,16,17,18,21,22,23
1748,12,13,16,17,18,21,22,23
1749,12,13,16,17,18,21,22,23
1750,12,13,16,17,18,21,22,23
1751,12,13,16,17,18,21,22,23
1752,12,13,16,17,18,21,22,23
1753,12,13,16,17,18,21,22,23
1754,12,13,16,17,18,21,22,23
1755,12,13,16,17,18,21,22,23
1756,12,13,16,17,18,21,22,23
1757,12,13,16,17,18,21,22,23
1758,12,13,16,17,18,21,22,23
1759,12,13,16,17,18,21,22,23
1760,12,13,16,17,18,21,22,23
1761,12,13,16,17,18,21,22,23
1762,12,13,16,17,18,21,22,23
1763,12,13,16,17,18,21,22,23
1764,12,13,16,17,18,21,22,23
1765,12,13,16,17,18,21,22,23
1766,12,13,16,17,18,21,22,23
1767,12,13,16,17,18,21,22,23
1768,12,13,16,17,18,21,22,23
1769,12,13,16,17,18,21,22,23
1770,12,13,16,17,18,21,22,23
1771,12,13,16,17,18,21,22,23
1772,12,13,16,17,18,21,22,23
1773,12,13,17,18,22,23
1774,12,13,17,18,22,23
1775,12,13,17,18,22,23
1776,12,13,17,18,22,23
1777,12,13,17,18,22,23,24
1778,12,13,17,18,22,23,24
1779,12,13,17,18,19,22,23,24
1780,12,13,17,18,19,22,23,24
1781,12,13,14,17,18,19,22,23,24
1782,12,13,14,17,18,19,22,23,24
1783,12,13,14,17,18,19,22,23,24
1784,12,13,14,17,18,19,22,23,24
1785,12,13,14,17,18,19,22,23,24
1786,12,13,14,17,18,19,22,23,24
1787,12,13,14,17,18,19,22,23,24
1788,12,13,14,17,18,19,22,23,24
1789,12,13,14,17,18,19,22,23,24
1790,12,13,14,17,18,19,22,23,24
1791,13,14,17,18,19,22,23,24
1792,13,14,17,18,19,22,23,24
1793,13,14,18,19,23,24
1794,13,14,18,19,23,24
1795,9,13,14,18,19,23,24
1796,9,13,14,18,19,23,24
1797,13,14,18,19,23,24
1798,13,14,18,19,23,24
1799,9,13,14,18,19,20,23,24,25
1800,9,13,14,18,19,20,23,24,25
