1,5,6,14,15,16,17,24,25,26,27,34,35,36,37
2,5,6,14,15,16,17,24,25,26,27,34,35,36,37
3,5,6,14,15,16,17,24,25,26,27,34,35,36,37
4,5,6,14,15,16,17,24,25,26,27,34,35,36,37
5,5,6,14,15,16,17,24,25,26,27,34,35,36,37
6,5,6,14,15,16,17,24,25,26,27,34,35,36,37
7,6,14,15,16,17,24,25,26,27,34,35,36,37
8,6,14,15,16,17,24,25,26,27,34,35,36,37
9,6,14,15,16,17,24,25,26,27,34,35,36,37
10,6,14,15,16,17,24,25,26,27,34,35,36,37
11,6,14,15,16,17,24,25,26,27,35,36,37
12,6,14,15,16,17,24,25,26,27,35,36,37
13,6,14,15,16,17,24,25,26,27,35,36,37
14,6,14,15,16,17,24,25,26,27,35,36,37
15,6,7,15,16,17,25,26,27,35,36,37
16,6,7,15,16,17,25,26,27,35,36,37
17,6,7,15,16,17,25,26,27,35,36,37
18,6,7,15,16,17,25,26,27,35,36,37
19,6,7,15,16,17,18,25,26,27,28,35,36,37
20,6,7,15,16,17,18,25,26,27,28,35,36,37
21,6,7,15,16,17,18,25,26,27,28,35,36,37
22,6,7,15,16,17,18,25,26,27,28,35,36,37
23,6,7,15,16,17,18,25,26,27,28,35,36,37
24,6,7,15,16,17,18,25,26,27,28,35,36,37
25,6,7,15,16,17,18,25,26,27,28,35,36,37
26,6,7,15,16,17,18,25,26,27,28,35,36,37
27,6,7,8,15,16,17,18,25,26,27,28,35,36,37
28,6,7,8,15,16,17,18,25,26,27,28,35,36,37
29,6,7,8,15,16,17,18,25,26,27,28,35,36,37
30,6,7,8,15,16,17,18,25,26,27,28,35,36,37
31,6,7,8,15,16,17,18,25,26,27,28,36,37
32,6,7,8,15,16,17,18,25,26,27,28,36,37
33,6,7,8,15,16,17,18,25,26,27,28,36,37
34,6,7,8,15,16,17,18,25,26,27,28,36,37
35,6,7,8,15,16,17,18,25,26,27,28,36,37
36,6,7,8,15,16,17,18,25,26,27,28,36,37
37,5,6,7,8,15,16,17,18,25,26,27,28,36,37
38,5,6,7,8,15,16,17,18,25,26,27,28,36,37
39,5,6,7,8,15,16,17,18,25,26,27,28,36,37
40,5,6,7,8,15,16,17,18,25,26,27,28,36,37
41,5,6,7,8,15,16,17,18,25,26,27,28,36,37
42,5,6,7,8,15,16,17,18,25,26,27,28,36,37
43,5,6,7,8,15,16,17,18,25,26,27,28,36,37
44,5,6,7,8,15,16,17,18,25,26,27,28,36,37
45,5,6,7,8,15,16,17,18,25,26,27,28,36,37
46,5,6,7,8,15,16,17,18,25,26,27,28,36,37
47,5,6,7,8,15,16,17,18,25,26,27,28,36,37
48,5,6,7,8,15,16,17,18,25,26,27,28,36,37
49,5,6,7,8,15,16,17,18,25,26,27,28,36,37
50,5,6,7,8,15,16,17,18,25,26,27,28,36,37
51,5,6,7,8,15,16,17,18,25,26,27,28,36,37
52,5,6,7,8,15,16,17,18,25,26,27,28,36,37
53,5,6,7,8,15,16,17,18,25,26,27,28,36,37
54,5,6,7,8,15,16,17,18,25,26,27,28,36,37
55,5,6,7,8,15,16,17,18,25,26,27,28,36,37
56,5,6,7,8,15,16,17,18,25,26,27,28,36,37
57,5,6,7,8,15,16,17,18,25,26,27,28,36,37
58,5,6,7,8,15,16,17,18,25,26,27,28,36,37
59,5,6,7,8,15,16,17,18,25,26,27,28,36,37
60,5,6,7,8,15,16,17,18,25,26,27,28,36,37
61,5,6,7,8,15,16,17,18,25,26,27,28,36,37
62,5,6,7,8,15,16,17,18,25,26,27,28,36,37
63,5,6,7,8,15,16,17,18,25,26,27,28,36,37
64,5,6,7,8,15,16,17,18,25,26,27,28,36,37
65,5,6,7,8,15,16,17,18,25,26,27,28,36,37
66,5,6,7,8,15,16,17,18,25,26,27,28,36,37
67,5,6,7,8,15,16,17,18,25,26,27,28,36,37
68,5,6,7,8,15,16,17,18,25,26,27,28,36,37
69,5,6,7,8,9,15,16,17,18,25,26,27,28
70,5,6,7,8,9,15,16,17,18,25,26,27,28
71,5,6,7,8,9,15,16,17,18,25,26,27,28
72,5,6,7,8,9,15,16,17,18,25,26,27,28
73,1,2,3,4,5,6,7,8,9,10,15,16,17,18,25,26,27,28
74,1,2,3,4,5,6,7,8,9,10,15,16,17,18,25,26,27,28
75,1,2,3,4,5,6,7,8,9,10,15,16,17,18,25,26,27,28
76,1,2,3,4,5,6,7,8,9,10,15,16,17,18,25,26,27,28
77,1,2,3,4,5,6,7,8,9,10,15,16,17,18,25,26,27,28
78,1,2,3,4,5,6,7,8,9,10,15,16,17,18,25,26,27,28
79,1,2,3,4,5,6,7,8,9,10,15,16,17,18,25,26,27,28
80,1,2,3,4,5,6,7,8,9,10,15,16,17,18,25,26,27,28
81,1,2,3,4,5,6,7,8,9,10,15,16,17,18,25,26,27,28
82,1,2,3,4,5,6,7,8,9,10,15,16,17,18,25,26,27,28
83,1,2,3,4,5,6,7,8,9,10,15,16,17,18,19,25,26,27,28
84,1,2,3,4,5,6,7,8,9,10,15,16,17,18,19,25,26,27,28
85,1,2,3,4,5,6,7,8,9,10,15,16,17,18,19,25,26,27,28
86,1,2,3,4,5,6,7,8,9,10,15,16,17,18,19,25,26,27,28
87,1,2,3,4,5,6,7,8,9,10,15,16,17,18,19,25,26,27,28
88,1,2,3,4,5,6,7,8,9,10,15,16,17,18,19,25,26,27,28
89,1,2,3,4,5,6,7,8,9,10,15,16,17,18,19,25,26,27,28
90,1,2,3,4,5,6,7,8,9,10,15,16,17,18,19,25,26,27,28
91,1,2,3,4,5,6,7,8,9,10,15,16,17,18,19,25,26,27,28
92,1,2,3,4,5,6,7,8,9,10,15,16,17,18,19,25,26,27,28
93,1,2,3,4,5,6,7,8,9,10,15,16,17,18,19,25,26,27,28
94,1,2,3,4,5,6,7,8,9,10,15,16,17,18,19,25,26,27,28
95,1,2,3,4,5,6,7,8,9,10,15,16,17,18,19,25,26,27,28
96,1,2,3,4,5,6,7,8,9,10,15,16,17,18,19,25,26,27,28
97,1,2,3,4,5,6,7,8,9,10,15,16,17,18,19,25,26,27,28
98,1,2,3,4,5,6,7,8,9,10,15,16,17,18,19,25,26,27,28
99,1,2,3,4,5,6,7,8,9,10,15,16,17,18,19,25,26,27,28
100,1,2,3,4,5,6,7,8,9,10,15,16,17,18,19,25,26,27,28
101,1,2,3,4,5,6,7,8,9,10,15,16,17,18,19,25,26,27,28
102,1,2,3,4,5,6,7,8,9,10,15,16,17,18,19,25,26,27,28
103,1,2,3,4,5,6,7,8,9,10,15,16,17,18,19,25,26,27,28
104,1,2,3,4,5,6,7,8,9,10,15,16,17,18,19,25,26,27,28
105,1,2,3,4,5,6,7,8,9,10,14,15,16,17,18,19,25,26,27,28
106,1,2,3,4,5,6,7,8,9,10,14,15,16,17,18,19,25,26,27,28
107,1,2,3,4,5,6,7,8,9,10,14,15,16,17,18,19,25,26,27,28
108,1,2,3,4,5,6,7,8,9,10,14,15,16,17,18,19,25,26,27,28
109,1,2,3,4,5,6,7,8,9,10,14,15,16,17,18,19,25,26,27,28
110,1,2,3,4,5,6,7,8,9,10,14,15,16,17,18,19,25,26,27,28
111,1,2,3,4,5,6,7,8,9,10,14,15,16,17,18,19,25,26,27,28
112,1,2,3,4,5,6,7,8,9,10,14,15,16,17,18,19,25,26,27,28
113,1,2,3,4,5,6,7,8,9,10,14,15,16,17,18,19,25,26,27,28
114,1,2,3,4,5,6,7,8,9,10,14,15,16,17,18,19,25,26,27,28
115,1,2,3,4,5,6,7,8,9,10,14,15,16,17,18,19,25,26,27,28
116,1,2,3,4,5,6,7,8,9,10,14,15,16,17,18,19,25,26,27,28
117,1,2,3,4,5,6,7,8,9,10,14,15,16,17,18,19,25,26,27,28
118,1,2,3,4,5,6,7,8,9,10,14,15,16,17,18,19,25,26,27,28
119,1,2,3,4,5,6,7,8,9,10,14,15,16,17,18,19,25,26,27,28
120,1,2,3,4,5,6,7,8,9,10,14,15,16,17,18,19,25,26,27,28
121,1,2,3,4,5,6,7,8,9,10,14,15,16,17,18,19,25,26,27,28
122,1,2,3,4,5,6,7,8,9,10,14,15,16,17,18,19,25,26,27,28
123,1,2,3,4,5,6,7,8,9,10,14,15,16,17,18,19,25,26,27,28
124,1,2,3,4,5,6,7,8,9,10,14,15,16,17,18,19,25,26,27,28
125,1,2,3,4,5,6,7,8,9,10,14,15,16,17,18,19,25,26,27,28
126,1,2,3,4,5,6,7,8,9,10,14,15,16,17,18,19,25,26,27,28
127,1,2,3,4,5,6,7,8,9,10,14,15,16,17,18,19,25,26,27,28
128,1,2,3,4,5,6,7,8,9,10,14,15,16,17,18,19,25,26,27,28
129,1,2,3,4,5,6,7,8,9,10,14,15,16,17,18,19,25,26,27,28
130,1,2,3,4,5,6,7,8,9,10,14,15,16,17,18,19,25,26,27,28
131,1,2,3,4,5,6,7,8,9,10,14,15,16,17,18,19,25,26,27,28
132,1,2,3,4,5,6,7,8,9,10,14,15,16,17,18,19,25,26,27,28
133,1,2,3,4,5,6,7,8,9,10,14,15,16,17,18,19,25,26,27,28
134,1,2,3,4,5,6,7,8,9,10,14,15,16,17,18,19,25,26,27,28
135,1,2,3,4,5,6,7,8,9,10,14,15,16,17,18,19,25,26,27,28
136,1,2,3,4,5,6,7,8,9,10,14,15,16,17,18,19,25,26,27,28
137,1,2,3,4,5,6,7,8,9,10,14,15,16,17,18,19,25,26,27,28
138,1,2,3,4,5,6,7,8,9,10,14,15,16,17,18,19,25,26,27,28
139,1,2,3,4,5,6,7,8,9,10,14,15,16,17,18,19,25,26,27,28
140,1,2,3,4,5,6,7,8,9,10,14,15,16,17,18,19,25,26,27,28
141,1,2,3,4,5,6,7,8,9,10,14,15,16,17,18,19,25,26,27,28
142,1,2,3,4,5,6,7,8,9,10,14,15,16,17,18,19,25,26,27,28
143,1,2,3,4,5,6,7,8,9,10,14,15,16,17,18,19,25,26,27,28
144,1,2,3,4,5,6,7,8,9,10,14,15,16,17,18,19,25,26,27,28
145,1,2,3,4,5,6,7,8,9,10,14,15,16,17,18,19,25,26,27,28
146,1,2,3,4,5,6,7,8,9,10,14,15,16,17,18,19,25,26,27,28
147,1,2,3,4,5,6,7,8,9,10,14,15,16,17,18,19,25,26,27,28
148,1,2,3,4,5,6,7,8,9,10,14,15,16,17,18,19,25,26,27,28
149,1,2,3,4,5,6,7,8,9,10,14,15,16,17,18,19,25,26,27,28
150,1,2,3,4,5,6,7,8,9,10,14,15,16,17,18,19,25,26,27,28
151,1,2,3,4,5,6,7,8,9,10,14,15,16,17,18,19,25,26,27,28
152,1,2,3,4,5,6,7,8,9,10,14,15,16,17,18,19,25,26,27,28
153,1,2,3,4,5,6,7,8,9,10,14,15,16,17,18,19,25,26,27,28
154,1,2,3,4,5,6,7,8,9,10,14,15,16,17,18,19,25,26,27,28
155,1,2,3,4,5,6,7,8,9,10,14,15,16,17,18,19,25,26,27,28
156,1,2,3,4,5,6,7,8,9,10,14,15,16,17,18,19,25,26,27,28
157,1,2,3,4,5,6,7,8,9,10,14,15,16,17,18,19,25,26,27,28
158,1,2,3,4,5,6,7,8,9,10,14,15,16,17,18,19,25,26,27,28
159,1,2,3,4,5,6,7,8,9,10,14,15,16,17,18,19,25,26,27,28
160,1,2,3,4,5,6,7,8,9,10,14,15,16,17,18,19,25,26,27,28
161,1,2,3,4,5,6,7,8,9,10,14,15,16,17,18,19,25,26,27,28
162,1,2,3,4,5,6,7,8,9,10,14,15,16,17,18,19,25,26,27,28
163,1,2,3,4,5,6,7,8,9,10,14,15,16,17,18,19,25,26,27,28
164,1,2,3,4,5,6,7,8,9,10,14,15,16,17,18,19,25,26,27,28
165,1,2,3,4,5,6,7,8,9,10,14,15,16,17,18,19,25,26,27,28
166,1,2,3,4,5,6,7,8,9,10,14,15,16,17,18,19,25,26,27,28
167,1,2,3,4,5,6,7,8,9,10,14,15,16,17,18,19,25,26,27,28
168,1,2,3,4,5,6,7,8,9,10,14,15,16,17,18,19,25,26,27,28
169,1,2,3,4,5,6,7,8,9,10,14,15,16,17,18,19,25,26,27,28
170,1,2,3,4,5,6,7,8,9,10,14,15,16,17,18,19,25,26,27,28
171,1,2,3,4,5,6,7,8,9,10,14,15,16,17,18,19,25,26,27,28
172,1,2,3,4,5,6,7,8,9,10,14,15,16,17,18,19,25,26,27,28
173,1,2,3,4,5,6,7,8,9,10,14,15,16,17,18,19,25,26,27,28
174,1,2,3,4,5,6,7,8,9,10,14,15,16,17,18,19,25,26,27,28
175,1,2,3,4,5,6,7,8,9,10,14,15,16,17,18,19,25,26,27,28
176,1,2,3,4,5,6,7,8,9,10,14,15,16,17,18,19,25,26,27,28
177,1,2,3,4,5,6,7,8,9,10,14,15,16,17,18,19,25,26,27,28
178,1,2,3,4,5,6,7,8,9,10,14,15,16,17,18,19,25,26,27,28
179,1,2,3,4,5,6,7,8,9,10,14,15,16,17,18,19,25,26,27,28
180,1,2,3,4,5,6,7,8,9,10,14,15,16,17,18,19,25,26,27,28
181,1,2,3,4,5,6,7,8,9,10,14,15,16,17,18,19,25,26,27,28
182,1,2,3,4,5,6,7,8,9,10,14,15,16,17,18,19,25,26,27,28
183,1,2,3,4,5,6,7,8,9,10,14,15,16,17,18,19,25,26,27,28
184,1,2,3,4,5,6,7,8,9,10,14,15,16,17,18,19,25,26,27,28
185,1,2,3,4,5,6,7,8,9,10,14,15,16,17,18,19,25,26,27,28
186,1,2,3,4,5,6,7,8,9,10,14,15,16,17,18,19,25,26,27,28
187,1,2,3,4,5,6,7,8,9,10,14,15,16,17,18,25,26,27,28
188,1,2,3,4,5,6,7,8,9,10,14,15,16,17,18,25,26,27,28
189,1,2,3,4,5,6,7,8,9,10,14,15,16,17,18,25,26,27,28
190,1,2,3,4,5,6,7,8,9,10,14,15,16,17,18,25,26,27,28
191,1,2,3,4,5,6,7,8,9,10,14,15,16,17,18,25,26,27,28
192,1,2,3,4,5,6,7,8,9,10,14,15,16,17,18,25,26,27,28
193,1,2,3,4,5,6,7,8,9,10,14,15,16,17,18,25,26,27,28
194,1,2,3,4,5,6,7,8,9,10,14,15,16,17,18,25,26,27,28
195,1,2,3,4,5,6,7,8,9,10,14,15,16,17,18,25,26,27,28
196,1,2,3,4,5,6,7,8,9,10,14,15,16,17,18,25,26,27,28
197,1,2,3,4,5,6,7,8,9,10,14,15,16,17,18,25,26,27,28
198,1,2,3,4,5,6,7,8,9,10,14,15,16,17,18,25,26,27,28
199,5,6,7,8,15,16,17,18,25,26,27,28,36
200,5,6,7,8,15,16,17,18,25,26,27,28,36
201,5,6,7,8,15,16,17,18,25,26,27,28,36,37
202,5,6,7,8,15,16,17,18,25,26,27,28,36,37
203,5,6,7,8,15,16,17,18,25,26,27,28,35,36,37
204,5,6,7,8,15,16,17,18,25,26,27,28,35,36,37
205,5,6,7,15,16,17,25,26,27,35,36,37
206,5,6,7,15,16,17,25,26,27,35,36,37
207,5,6,7,15,16,17,25,26,27,35,36,37
208,5,6,7,15,16,17,25,26,27,35,36,37
209,6,7,15,16,17,25,26,27,35,36,37
210,6,7,15,16,17,25,26,27,35,36,37
211,6,15,16,17,25,26,27,35,36,37
212,6,15,16,17,25,26,27,35,36,37
213,15,16,17,25,26,27,35,36,37
214,15,16,17,25,26,27,35,36,37
215,15,16,17,25,26,27,35,36,37,46
216,15,16,17,25,26,27,35,36,37,46
217,15,16,17,25,26,27,35,36,37,45,46
218,15,16,17,25,26,27,35,36,37,45,46
219,15,16,17,25,26,27,35,36,37,45,46,47
220,15,16,17,25,26,27,35,36,37,45,46,47
221,15,16,17,25,26,27,35,36,37,45,46,47
222,15,16,17,25,26,27,35,36,37,45,46,47
223,15,16,17,24,25,26,27,34,35,36,37,45,46,47
224,15,16,17,24,25,26,27,34,35,36,37,45,46,47
225,15,16,17,24,25,26,27,34,35,36,37,45,46,47
226,15,16,17,24,25,26,27,34,35,36,37,45,46,47
227,15,16,17,24,25,26,27,34,35,36,37,45,46,47
228,15,16,17,24,25,26,27,34,35,36,37,45,46,47
229,15,16,17,24,25,26,27,34,35,36,37,45,46,47
230,15,16,17,24,25,26,27,34,35,36,37,45,46,47
231,15,16,17,24,25,26,27,34,35,36,37,45,46,47
232,15,16,17,24,25,26,27,34,35,36,37,45,46,47
233,15,16,17,24,25,26,27,34,35,36,37,44,45,46,47
234,15,16,17,24,25,26,27,34,35,36,37,44,45,46,47
235,15,16,24,25,26,27,34,35,36,37,44,45,46,47
236,15,16,24,25,26,27,34,35,36,37,44,45,46,47
237,15,16,24,25,26,27,34,35,36,37,44,45,46,47
238,15,16,24,25,26,27,34,35,36,37,44,45,46,47
239,15,16,24,25,26,27,34,35,36,37,44,45,46,47
240,15,16,24,25,26,27,34,35,36,37,44,45,46,47
241,15,16,24,25,26,27,34,35,36,37,44,45,46,47
242,15,16,24,25,26,27,34,35,36,37,44,45,46,47
243,16,24,25,26,27,34,35,36,37,44,45,46,47
244,16,24,25,26,27,34,35,36,37,44,45,46,47
245,16,24,25,26,27,34,35,36,37,44,45,46,47
246,16,24,25,26,27,34,35,36,37,44,45,46,47
247,16,24,25,26,27,34,35,36,37,44,45,46,47
248,16,24,25,26,27,34,35,36,37,44,45,46,47
249,24,25,26,27,34,35,36,37,44,45,46,47
250,24,25,26,27,34,35,36,37,44,45,46,47
251,24,25,26,27,34,35,36,37,44,45,46,47,48
252,24,25,26,27,34,35,36,37,44,45,46,47,48
253,24,25,26,27,34,35,36,37,43,44,45,46,47,48
254,24,25,26,27,34,35,36,37,43,44,45,46,47,48
255,24,25,26,27,34,35,36,37,41,42,43,44,45,46,47,48,49,50
256,24,25,26,27,34,35,36,37,41,42,43,44,45,46,47,48,49,50
257,24,25,26,27,34,35,36,37,38,41,42,43,44,45,46,47,48,49,50
258,24,25,26,27,34,35,36,37,38,41,42,43,44,45,46,47,48,49,50
259,24,25,26,27,34,35,36,37,38,41,42,43,44,45,46,47,48,49,50
260,24,25,26,27,34,35,36,37,38,41,42,43,44,45,46,47,48,49,50
261,24,25,26,27,34,35,36,37,38,41,42,43,44,45,46,47,48,49,50
262,24,25,26,27,34,35,36,37,38,41,42,43,44,45,46,47,48,49,50
263,24,25,26,27,34,35,36,37,38,41,42,43,44,45,46,47,48,49,50
264,24,25,26,27,34,35,36,37,38,41,42,43,44,45,46,47,48,49,50
265,24,25,26,27,33,34,35,36,37,41,42,43,44,45,46,47,48,49,50
266,24,25,26,27,33,34,35,36,37,41,42,43,44,45,46,47,48,49,50
267,24,25,26,27,33,34,35,36,37,41,42,43,44,45,46,47,48,49,50
268,24,25,26,27,33,34,35,36,37,41,42,43,44,45,46,47,48,49,50
269,24,25,26,27,33,34,35,36,37,41,42,43,44,45,46,47,48,49,50
270,24,25,26,27,33,34,35,36,37,41,42,43,44,45,46,47,48,49,50
271,24,25,26,27,33,34,35,36,37,41,42,43,44,45,46,47,48,49,50
272,24,25,26,27,33,34,35,36,37,41,42,43,44,45,46,47,48,49,50
273,24,25,26,33,34,35,36,37,41,42,43,44,45,46,47,48,49,50
274,24,25,26,33,34,35,36,37,41,42,43,44,45,46,47,48,49,50
275,24,25,26,33,34,35,36,37,41,42,43,44,45,46,47,48,49,50
276,24,25,26,33,34,35,36,37,41,42,43,44,45,46,47,48,49,50
277,23,24,25,26,33,34,35,36,37,41,42,43,44,45,46,47,48,49,50
278,23,24,25,26,33,34,35,36,37,41,42,43,44,45,46,47,48,49,50
279,23,24,25,26,33,34,35,36,37,41,42,43,44,45,46,47,48,49,50
280,23,24,25,26,33,34,35,36,37,41,42,43,44,45,46,47,48,49,50
281,23,24,25,26,33,34,35,36,37,41,42,43,44,45,46,47,48,49,50
282,23,24,25,26,33,34,35,36,37,41,42,43,44,45,46,47,48,49,50
283,23,24,25,26,33,34,35,36,37,41,42,43,44,45,46,47,48,49,50
284,23,24,25,26,33,34,35,36,37,41,42,43,44,45,46,47,48,49,50
285,23,24,25,26,33,34,35,36,37,41,42,43,44,45,46,47,48,49,50
286,23,24,25,26,33,34,35,36,37,41,42,43,44,45,46,47,48,49,50
287,23,24,25,26,32,33,34,35,36,37,41,42,43,44,45,46,47,48,49,50
288,23,24,25,26,32,33,34,35,36,37,41,42,43,44,45,46,47,48,49,50
289,23,24,25,26,32,33,34,35,36,41,42,43,44,45,46,47,48,49,50
290,23,24,25,26,32,33,34,35,36,41,42,43,44,45,46,47,48,49,50
291,23,24,25,26,32,33,34,35,36,41,42,43,44,45,46,47,48,49,50
292,23,24,25,26,32,33,34,35,36,41,42,43,44,45,46,47,48,49,50
293,23,24,25,26,32,33,34,35,36,41,42,43,44,45,46,47,48,49,50
294,23,24,25,26,32,33,34,35,36,41,42,43,44,45,46,47,48,49,50
295,23,24,25,26,32,33,34,35,36,41,42,43,44,45,46,47,49
296,23,24,25,26,32,33,34,35,36,41,42,43,44,45,46,47,49
297,23,24,25,26,32,33,34,35,36,42,43,44,45,46
298,23,24,25,26,32,33,34,35,36,42,43,44,45,46
299,23,24,25,26,32,33,34,35,36,42,43,44,45,46
300,23,24,25,26,32,33,34,35,36,42,43,44,45,46
301,22,23,24,25,32,33,34,35,36,42,43,44,45,46
302,22,23,24,25,32,33,34,35,36,42,43,44,45,46
303,22,23,24,25,32,33,34,35,36,42,43,44,45,46
304,22,23,24,25,32,33,34,35,36,42,43,44,45,46
305,22,23,24,25,32,33,34,35,36,42,43,44,45,46
306,22,23,24,25,32,33,34,35,36,42,43,44,45,46
307,14,22,23,24,25,32,33,34,35,42,43,44,45
308,14,22,23,24,25,32,33,34,35,42,43,44,45
309,14,22,23,24,25,32,33,34,35,42,43,44,45
310,14,22,23,24,25,32,33,34,35,42,43,44,45
311,14,22,23,24,25,32,33,34,35,42,43,44,45
312,14,22,23,24,25,32,33,34,35,42,43,44,45
313,13,14,22,23,24,25,32,33,34,35,42,43,44,45
314,13,14,22,23,24,25,32,33,34,35,42,43,44,45
315,13,14,22,23,24,25,32,33,34,35,42,43,44,45
316,13,14,22,23,24,25,32,33,34,35,42,43,44,45
317,13,14,22,23,24,25,32,33,34,35,42,43,44,45
318,13,14,22,23,24,25,32,33,34,35,42,43,44,45
319,13,14,22,23,24,25,32,33,34,35,42,43,44,45
320,13,14,22,23,24,25,32,33,34,35,42,43,44,45
321,13,14,22,23,24,25,32,33,34,35,42,43,44,45
322,13,14,22,23,24,25,32,33,34,35,42,43,44,45
323,13,14,22,23,24,25,32,33,34,35,42,43,44,45
324,13,14,22,23,24,25,32,33,34,35,42,43,44,45
325,13,14,22,23,24,25,31,32,33,34,35,42,43,44
326,13,14,22,23,24,25,31,32,33,34,35,42,43,44
327,13,14,21,22,23,24,31,32,33,34,42,43,44
328,13,14,21,22,23,24,31,32,33,34,42,43,44
329,13,14,21,22,23,24,31,32,33,34,41,42,43,44
330,13,14,21,22,23,24,31,32,33,34,41,42,43,44
331,13,14,21,22,23,24,31,32,33,34,41,42,43,44
332,13,14,21,22,23,24,31,32,33,34,41,42,43,44
333,12,13,21,22,23,24,31,32,33,34,41,42,43,44
334,12,13,21,22,23,24,31,32,33,34,41,42,43,44
335,12,13,21,22,23,24,31,32,33,34,41,42,43,44
336,12,13,21,22,23,24,31,32,33,34,41,42,43,44
337,12,13,21,22,23,24,31,32,33,34,41,42,43,44
338,12,13,21,22,23,24,31,32,33,34,41,42,43,44
339,12,13,21,22,23,24,31,32,33,34,41,42,43,44
340,12,13,21,22,23,24,31,32,33,34,41,42,43,44
341,12,13,21,22,23,24,31,32,33,34,41,42,43,44
342,12,13,21,22,23,24,31,32,33,34,41,42,43,44
343,12,13,21,22,23,24,31,32,33,34,41,42,43,44
344,12,13,21,22,23,24,31,32,33,34,41,42,43,44
345,12,13,21,22,23,24,31,32,33,34,41,42,43,44
346,12,13,21,22,23,24,31,32,33,34,41,42,43,44
347,12,13,21,22,23,24,31,32,33,34,41,42,43
348,12,13,21,22,23,24,31,32,33,34,41,42,43
349,12,13,21,22,23,24,31,32,33,34,41,42,43
350,12,13,21,22,23,24,31,32,33,34,41,42,43
351,12,13,21,22,23,24,31,32,33,34,41,42,43
352,12,13,21,22,23,24,31,32,33,34,41,42,43
353,11,12,13,21,22,23,31,32,33,41,42,43
354,11,12,13,21,22,23,31,32,33,41,42,43
355,11,12,13,21,22,23,30,31,32,33,40,41,42,43
356,11,12,13,21,22,23,30,31,32,33,40,41,42,43
357,11,12,13,21,22,23,30,31,32,33,40,41,42,43
358,11,12,13,21,22,23,30,31,32,33,40,41,42,43
359,11,12,13,21,22,23,30,31,32,33,40,41,42,43
360,11,12,13,21,22,23,30,31,32,33,40,41,42,43
361,11,12,13,21,22,23,30,31,32,33,40,41,42,43
362,11,12,13,21,22,23,30,31,32,33,40,41,42,43
363,11,12,13,21,22,23,30,31,32,33,40,41,42,43
364,11,12,13,21,22,23,30,31,32,33,40,41,42,43
365,11,12,13,21,22,23,30,31,32,33,40,41,42,43
366,11,12,13,21,22,23,30,31,32,33,40,41,42,43
367,11,12,13,21,22,23,30,31,32,33,40,41,42,43
368,11,12,13,21,22,23,30,31,32,33,40,41,42,43
369,11,12,13,20,21,22,23,30,31,32,33,40,41,42
370,11,12,13,20,21,22,23,30,31,32,33,40,41,42
371,11,12,20,21,22,23,30,31,32,33,40,41,42,50
372,11,12,20,21,22,23,30,31,32,33,40,41,42,50
373,11,12,20,21,22,23,30,31,32,33,40,41,42,50
374,11,12,20,21,22,23,30,31,32,33,40,41,42,50
375,11,12,20,21,22,23,30,31,32,33,40,41,42,50
376,11,12,20,21,22,23,30,31,32,33,40,41,42,50
377,11,12,20,21,22,23,30,31,32,33,40,41,42,50
378,11,12,20,21,22,23,30,31,32,33,40,41,42,50
379,11,12,20,21,22,23,30,31,32,33,40,41,42,50
380,11,12,20,21,22,23,30,31,32,33,40,41,42,50
381,11,12,20,21,22,23,30,31,32,33,40,41,42,50
382,11,12,20,21,22,23,30,31,32,33,40,41,42,50
383,11,12,20,21,22,30,31,32,40,41,42,50
384,11,12,20,21,22,30,31,32,40,41,42,50
385,11,12,20,21,22,30,31,32,40,41,42,50
386,11,12,20,21,22,30,31,32,40,41,42,50
387,11,12,20,21,22,30,31,32,40,41,42,50
388,11,12,20,21,22,30,31,32,40,41,42,50
389,11,12,20,21,22,30,31,32,40,41,42,50
390,11,12,20,21,22,30,31,32,40,41,42,50
391,1,2,10,11,12,20,21,22,30,31,32,40
392,1,2,10,11,12,20,21,22,30,31,32,40
393,1,2,10,11,12,19,20,21,22,29,30,31,32,40
394,1,2,10,11,12,19,20,21,22,29,30,31,32,40
395,1,2,10,11,12,19,20,21,22,29,30,31,32,40
396,1,2,10,11,12,19,20,21,22,29,30,31,32,40
397,1,10,11,12,19,20,21,22,29,30,31,32,40
398,1,10,11,12,19,20,21,22,29,30,31,32,40
399,1,10,11,12,19,20,21,22,29,30,31,32,39,40
400,1,10,11,12,19,20,21,22,29,30,31,32,39,40
401,10,11,12,19,20,21,22,29,30,31,32,39,40
402,10,11,12,19,20,21,22,29,30,31,32,39,40
403,10,11,12,19,20,21,22,29,30,31,32,39,40
404,10,11,12,19,20,21,22,29,30,31,32,39,40
405,10,11,12,19,20,21,22,29,30,31,32,39,40
406,10,11,12,19,20,21,22,29,30,31,32,39,40
407,10,11,12,19,20,21,22,29,30,31,32,39,40
408,10,11,12,19,20,21,22,29,30,31,32,39,40
409,11,12,19,20,21,22,29,30,31,32,39,40
410,11,12,19,20,21,22,29,30,31,32,39,40
411,11,19,20,21,22,29,30,31,39,40
412,11,19,20,21,22,29,30,31,39,40
413,11,19,20,21,22,29,30,31,39,40
414,11,19,20,21,22,29,30,31,39,40
415,11,19,20,21,22,29,30,31,39,40,50
416,11,19,20,21,22,29,30,31,39,40,50
417,11,19,20,21,22,29,30,31,39,40,50
418,11,19,20,21,22,29,30,31,39,40,50
419,11,19,20,21,22,29,30,31,39,40,50
420,11,19,20,21,22,29,30,31,39,40,50
421,11,19,20,21,22,29,30,31,39,40,50
422,11,19,20,21,22,29,30,31,39,40,50
423,11,19,20,21,22,29,30,31,39,40,50
424,11,19,20,21,22,29,30,31,39,40,50
425,11,19,20,21,22,29,30,31,39,40,50
426,11,19,20,21,22,29,30,31,39,40,50
427,11,19,20,21,22,29,30,31,32,39,40,50
428,11,19,20,21,22,29,30,31,32,39,40,50
429,11,12,19,20,21,22,29,30,31,32,39,40,50
430,11,12,19,20,21,22,29,30,31,32,39,40,50
431,11,12,19,20,21,22,29,30,31,32,39,40
432,11,12,19,20,21,22,29,30,31,32,39,40
433,11,12,19,20,21,22,29,30,31,32,39,40
434,11,12,19,20,21,22,29,30,31,32,39,40
435,11,12,19,20,21,22,29,30,31,32,39,40
436,11,12,19,20,21,22,29,30,31,32,39,40
437,11,12,19,20,21,22,29,30,31,32,39,40
438,11,12,19,20,21,22,29,30,31,32,39,40
439,11,12,19,20,21,22,29,30,31,32,39,40
440,11,12,19,20,21,22,29,30,31,32,39,40
441,11,12,19,20,21,22,29,30,31,32,39,40
442,11,12,19,20,21,22,29,30,31,32,39,40
443,11,12,19,20,21,22,29,30,31,32,39,40
444,11,12,19,20,21,22,29,30,31,32,39,40
445,11,12,19,20,21,22,29,30,31,32,39,40
446,11,12,19,20,21,22,29,30,31,32,39,40
447,1,11,12,20,21,22,29,30,31,32,40
448,1,11,12,20,21,22,29,30,31,32,40
449,11,12,20,21,22,23,30,31,32,40,41,42
450,11,12,20,21,22,23,30,31,32,40,41,42
451,11,12,13,20,21,22,23,30,31,32,33,40,41,42
452,11,12,13,20,21,22,23,30,31,32,33,40,41,42
453,11,12,13,20,21,22,23,30,31,32,33,40,41,42
454,11,12,13,20,21,22,23,30,31,32,33,40,41,42
455,11,12,13,21,22,23,31,32,33,41,42
456,11,12,13,21,22,23,31,32,33,41,42
457,11,12,13,21,22,23,24,31,32,33,34,42,43
458,11,12,13,21,22,23,24,31,32,33,34,42,43
459,11,12,13,14,21,22,23,24,31,32,33,34,42,43
460,11,12,13,14,21,22,23,24,31,32,33,34,42,43
461,11,12,13,14,21,22,23,24,31,32,33,34,42,43
462,11,12,13,14,21,22,23,24,31,32,33,34,42,43
463,12,13,14,21,22,23,24,31,32,33,34,43
464,12,13,14,21,22,23,24,31,32,33,34,43
465,12,13,14,22,23,24,32,33,34
466,12,13,14,22,23,24,32,33,34
467,12,13,14,22,23,24,32,33,34
468,12,13,14,22,23,24,32,33,34
469,12,13,14,22,23,24,25,32,33,34
470,12,13,14,22,23,24,25,32,33,34
471,12,13,14,15,22,23,24,25,32,33,34
472,12,13,14,15,22,23,24,25,32,33,34
473,12,13,14,15,22,23,24,25,32,33,34,35
474,12,13,14,15,22,23,24,25,32,33,34,35
475,4,12,13,14,15,22,23,24,25,32,33,34,35
476,4,12,13,14,15,22,23,24,25,32,33,34,35
477,4,12,13,14,15,22,23,24,25,32,33,34,35
478,4,12,13,14,15,22,23,24,25,32,33,34,35
479,4,12,13,14,15,22,23,24,25,32,33,34,35
480,4,12,13,14,15,22,23,24,25,32,33,34,35
481,4,12,13,14,15,22,23,24,25,32,33,34,35
482,4,12,13,14,15,22,23,24,25,32,33,34,35
483,4,12,13,14,15,22,23,24,25,32,33,34,35
484,4,12,13,14,15,22,23,24,25,32,33,34,35
485,4,12,13,14,15,22,23,24,25,33,34,35
486,4,12,13,14,15,22,23,24,25,33,34,35
487,4,12,13,14,15,22,23,24,25,33,34,35
488,4,12,13,14,15,22,23,24,25,33,34,35
489,4,5,13,14,15,23,24,25,33,34,35
490,4,5,13,14,15,23,24,25,33,34,35
491,4,5,13,14,15,23,24,25,33,34,35
492,4,5,13,14,15,23,24,25,33,34,35
493,4,5,13,14,15,16,23,24,25,26,33,34,35
494,4,5,13,14,15,16,23,24,25,26,33,34,35
495,4,5,13,14,15,16,23,24,25,26,33,34,35
496,4,5,13,14,15,16,23,24,25,26,33,34,35
497,4,5,13,14,15,16,23,24,25,26,33,34,35
498,4,5,13,14,15,16,23,24,25,26,33,34,35
499,4,5,13,14,15,16,23,24,25,26,33,34,35
500,4,5,13,14,15,16,23,24,25,26,33,34,35
501,4,5,6,13,14,15,16,23,24,25,26,34,35,36
502,4,5,6,13,14,15,16,23,24,25,26,34,35,36
503,4,5,6,13,14,15,16,23,24,25,26,34,35,36
504,4,5,6,13,14,15,16,23,24,25,26,34,35,36
505,4,5,6,13,14,15,16,23,24,25,26,34,35,36
506,4,5,6,13,14,15,16,23,24,25,26,34,35,36
507,4,5,6,13,14,15,16,23,24,25,26,34,35,36
508,4,5,6,13,14,15,16,23,24,25,26,34,35,36
509,4,5,6,13,14,15,16,23,24,25,26,34,35,36
510,4,5,6,13,14,15,16,23,24,25,26,34,35,36
511,4,5,6,14,15,16,24,25,26,34,35,36
512,4,5,6,14,15,16,24,25,26,34,35,36
513,4,5,6,14,15,16,17,24,25,26,27,34,35,36
514,4,5,6,14,15,16,17,24,25,26,27,34,35,36
515,4,5,6,14,15,16,17,24,25,26,27,34,35,36
516,4,5,6,14,15,16,17,24,25,26,27,34,35,36
517,5,6,14,15,16,17,24,25,26,27,34,35,36
518,5,6,14,15,16,17,24,25,26,27,34,35,36
519,5,6,14,15,16,17,24,25,26,27,34,35,36
520,5,6,14,15,16,17,24,25,26,27,34,35,36
521,5,6,7,14,15,16,17,24,25,26,27,34,35,36
522,5,6,7,14,15,16,17,24,25,26,27,34,35,36
523,5,6,7,14,15,16,17,24,25,26,27,35,36
524,5,6,7,14,15,16,17,24,25,26,27,35,36
525,5,6,7,14,15,16,17,24,25,26,27,35,36
526,5,6,7,14,15,16,17,24,25,26,27,35,36
527,5,6,7,14,15,16,17,24,25,26,27,35,36
528,5,6,7,14,15,16,17,24,25,26,27,35,36
529,5,6,7,14,15,16,17,24,25,26,27,35,36
530,5,6,7,14,15,16,17,24,25,26,27,35,36
531,5,6,7,14,15,16,17,24,25,26,27,35,36,37
532,5,6,7,14,15,16,17,24,25,26,27,35,36,37
533,5,6,7,14,15,16,17,24,25,26,27,35,36,37
534,5,6,7,14,15,16,17,24,25,26,27,35,36,37
535,5,6,7,14,15,16,17,24,25,26,27,35,36,37
536,5,6,7,14,15,16,17,24,25,26,27,35,36,37
537,5,6,7,14,15,16,17,24,25,26,27,35,36,37
538,5,6,7,14,15,16,17,24,25,26,27,35,36,37
539,5,6,7,14,15,16,17,24,25,26,27,35,36,37
540,5,6,7,14,15,16,17,24,25,26,27,35,36,37
541,5,6,7,15,16,17,25,26,27,35,36,37
542,5,6,7,15,16,17,25,26,27,35,36,37
543,5,6,7,15,16,17,18,25,26,27,28,35,36,37
544,5,6,7,15,16,17,18,25,26,27,28,35,36,37
545,6,7,15,16,17,18,25,26,27,28,35,36,37
546,6,7,15,16,17,18,25,26,27,28,35,36,37
547,6,7,15,16,17,18,25,26,27,28,35,36,37
548,6,7,15,16,17,18,25,26,27,28,35,36,37
549,6,7,15,16,17,18,25,26,27,28,35,36,37
550,6,7,15,16,17,18,25,26,27,28,35,36,37
551,6,7,15,16,17,18,25,26,27,28,35,36,37
552,6,7,15,16,17,18,25,26,27,28,35,36,37
553,6,7,15,16,17,18,25,26,27,28,35,36,37
554,6,7,15,16,17,18,25,26,27,28,35,36,37
555,6,7,15,16,17,18,25,26,27,28,35,36,37,38
556,6,7,15,16,17,18,25,26,27,28,35,36,37,38
557,6,7,15,16,17,18,25,26,27,28,35,36,37,38
558,6,7,15,16,17,18,25,26,27,28,35,36,37,38
559,6,7,15,16,17,18,25,26,27,28,35,36,37,38
560,6,7,15,16,17,18,25,26,27,28,35,36,37,38
561,6,7,15,16,17,18,25,26,27,28,35,36,37,38
562,6,7,15,16,17,18,25,26,27,28,35,36,37,38
563,6,7,15,16,17,18,25,26,27,28,35,36,37,38
564,6,7,15,16,17,18,25,26,27,28,35,36,37,38
565,7,15,16,17,18,25,26,27,28,36,37,38
566,7,15,16,17,18,25,26,27,28,36,37,38
567,7,15,16,17,18,25,26,27,28,36,37,38
568,7,15,16,17,18,25,26,27,28,36,37,38
569,7,15,16,17,18,25,26,27,28,36,37,38
570,7,15,16,17,18,25,26,27,28,36,37,38
571,7,15,16,17,18,25,26,27,28,36,37,38
572,7,15,16,17,18,25,26,27,28,36,37,38
573,7,15,16,17,18,25,26,27,28,36,37,38
574,7,15,16,17,18,25,26,27,28,36,37,38
575,7,15,16,17,18,25,26,27,28,36,37,38
576,7,15,16,17,18,25,26,27,28,36,37,38
577,7,15,16,17,18,25,26,27,28,36,37,38
578,7,15,16,17,18,25,26,27,28,36,37,38
579,7,15,16,17,18,25,26,27,28,35,36,37,38
580,7,15,16,17,18,25,26,27,28,35,36,37,38
581,7,15,16,17,18,25,26,27,28,35,36,37,38
582,7,15,16,17,18,25,26,27,28,35,36,37,38
583,7,15,16,17,18,25,26,27,28,35,36,37,38
584,7,15,16,17,18,25,26,27,28,35,36,37,38
585,7,15,16,17,18,25,26,27,28,35,36,37,38
586,7,15,16,17,18,25,26,27,28,35,36,37,38
587,7,15,16,17,18,25,26,27,28,35,36,37,38
588,7,15,16,17,18,25,26,27,28,35,36,37,38
589,7,15,16,17,18,25,26,27,28,35,36,37,38
590,7,15,16,17,18,25,26,27,28,35,36,37,38
591,7,15,16,17,18,25,26,27,28,35,36,37,38
592,7,15,16,17,18,25,26,27,28,35,36,37,38
593,7,15,16,17,18,25,26,27,28,35,36,37,38
594,7,15,16,17,18,25,26,27,28,35,36,37,38
595,7,15,16,17,18,25,26,27,28,35,36,37,38
596,7,15,16,17,18,25,26,27,28,35,36,37,38
597,7,15,16,17,18,25,26,27,28,36,37,38
598,7,15,16,17,18,25,26,27,28,36,37,38
599,7,15,16,17,18,25,26,27,28,36,37,38
600,7,15,16,17,18,25,26,27,28,36,37,38
601,7,15,16,17,18,25,26,27,28,36,37,38
602,7,15,16,17,18,25,26,27,28,36,37,38
603,7,15,16,17,18,25,26,27,28,36,37,38
604,7,15,16,17,18,25,26,27,28,36,37,38
605,7,15,16,17,18,25,26,27,28,36,37,38
606,7,15,16,17,18,25,26,27,28,36,37,38
607,7,15,16,17,18,25,26,27,28,36,37,38
608,7,15,16,17,18,25,26,27,28,36,37,38
609,7,15,16,17,18,25,26,27,28,36,37,38
610,7,15,16,17,18,25,26,27,28,36,37,38
611,7,15,16,17,18,25,26,27,28,36,37,38
612,7,15,16,17,18,25,26,27,28,36,37,38
613,7,15,16,17,18,25,26,27,28,36,37,38
614,7,15,16,17,18,25,26,27,28,36,37,38
615,7,15,16,17,18,25,26,27,28,36,37,38
616,7,15,16,17,18,25,26,27,28,36,37,38
617,7,15,16,17,18,25,26,27,28,36,37,38
618,7,15,16,17,18,25,26,27,28,36,37,38
619,7,15,16,17,18,25,26,27,28,36,37,38
620,7,15,16,17,18,25,26,27,28,36,37,38
621,7,16,17,18,25,26,27,28,36,37,38
622,7,16,17,18,25,26,27,28,36,37,38
623,7,16,17,18,25,26,27,28,36,37,38
624,7,16,17,18,25,26,27,28,36,37,38
625,7,16,17,18,25,26,27,28,36,37,38
626,7,16,17,18,25,26,27,28,36,37,38
627,7,16,17,18,25,26,27,28,36,37,38
628,7,16,17,18,25,26,27,28,36,37,38
629,7,16,17,18,25,26,27,28,36,37,38
630,7,16,17,18,25,26,27,28,36,37,38
631,7,16,17,18,25,26,27,28,36,37,38
632,7,16,17,18,25,26,27,28,36,37,38
633,7,8,15,16,17,18,25,26,27,28,36,37,38
634,7,8,15,16,17,18,25,26,27,28,36,37,38
635,6,7,8,15,16,17,18,25,26,27,28,36,37,38
636,6,7,8,15,16,17,18,25,26,27,28,36,37,38
637,6,7,8,15,16,17,18,25,26,27,28,36,37,38
638,6,7,8,15,16,17,18,25,26,27,28,36,37,38
639,6,7,8,15,16,17,18,25,26,27,28,36,37,38
640,6,7,8,15,16,17,18,25,26,27,28,36,37,38
641,6,7,8,15,16,17,18,25,26,27,28,36,37,38
642,6,7,8,15,16,17,18,25,26,27,28,36,37,38
643,5,6,7,8,15,16,17,18,25,26,27,28,36,37,38
644,5,6,7,8,15,16,17,18,25,26,27,28,36,37,38
645,5,6,7,8,15,16,17,18,25,26,27,28,36,37,38
646,5,6,7,8,15,16,17,18,25,26,27,28,36,37,38
647,5,6,7,8,15,16,17,18,25,26,27,28,36,37,38
648,5,6,7,8,15,16,17,18,25,26,27,28,36,37,38
649,5,6,7,8,15,16,17,18,25,26,27,28,36,37
650,5,6,7,8,15,16,17,18,25,26,27,28,36,37
651,5,6,7,8,15,16,17,18,25,26,27,28,36,37
652,5,6,7,8,15,16,17,18,25,26,27,28,36,37
653,5,6,7,8,15,16,17,18,25,26,27,28,36,37
654,5,6,7,8,15,16,17,18,25,26,27,28,36,37
655,5,6,7,8,15,16,17,18,25,26,27,28,36,37
656,5,6,7,8,15,16,17,18,25,26,27,28,36,37
657,5,6,7,8,15,16,17,18,25,26,27,28,36,37
658,5,6,7,8,15,16,17,18,25,26,27,28,36,37
659,5,6,7,8,15,16,17,18,25,26,27,28,36,37
660,5,6,7,8,15,16,17,18,25,26,27,28,36,37
661,5,6,7,8,15,16,17,18,25,26,27,28,36,37
662,5,6,7,8,15,16,17,18,25,26,27,28,36,37
663,5,6,7,8,15,16,17,18,25,26,27,28,36,37
664,5,6,7,8,15,16,17,18,25,26,27,28,36,37
665,5,6,7,8,15,16,17,18,25,26,27,28,36,37
666,5,6,7,8,15,16,17,18,25,26,27,28,36,37
667,5,6,7,8,15,16,17,18,25,26,27,28,36,37
668,5,6,7,8,15,16,17,18,25,26,27,28,36,37
669,5,6,7,8,15,16,17,18,25,26,27,28,36,37
670,5,6,7,8,15,16,17,18,25,26,27,28,36,37
671,5,6,7,8,15,16,17,18,25,26,27,28,36,37
672,5,6,7,8,15,16,17,18,25,26,27,28,36,37
673,5,6,7,8,15,16,17,18,25,26,27,28,36,37
674,5,6,7,8,15,16,17,18,25,26,27,28,36,37
675,5,6,7,8,15,16,17,18,25,26,27,28,36,37
676,5,6,7,8,15,16,17,18,25,26,27,28,36,37
677,5,6,7,8,15,16,17,18,25,26,27,28,36,37
678,5,6,7,8,15,16,17,18,25,26,27,28,36,37
679,5,6,7,8,15,16,17,18,25,26,27,28,36,37
680,5,6,7,8,15,16,17,18,25,26,27,28,36,37
681,5,6,7,8,15,16,17,18,25,26,27,28,36,37
682,5,6,7,8,15,16,17,18,25,26,27,28,36,37
683,5,6,7,8,15,16,17,18,25,26,27,28,36,37
684,5,6,7,8,15,16,17,18,25,26,27,28,36,37
685,5,6,7,8,15,16,17,18,25,26,27,28,36,37
686,5,6,7,8,15,16,17,18,25,26,27,28,36,37
687,5,6,7,8,15,16,17,18,25,26,27,28,36,37
688,5,6,7,8,15,16,17,18,25,26,27,28,36,37
689,5,6,7,8,15,16,17,18,25,26,27,28,36,37
690,5,6,7,8,15,16,17,18,25,26,27,28,36,37
691,5,6,7,8,15,16,17,18,25,26,27,28,36,37
692,5,6,7,8,15,16,17,18,25,26,27,28,36,37
693,5,6,7,8,15,16,17,18,25,26,27,28,36,37
694,5,6,7,8,15,16,17,18,25,26,27,28,36,37
695,5,6,7,8,15,16,17,18,25,26,27,28,36,37
696,5,6,7,8,15,16,17,18,25,26,27,28,36,37
697,5,6,7,8,15,16,17,18,25,26,27,28,36,37
698,5,6,7,8,15,16,17,18,25,26,27,28,36,37
699,5,6,7,8,15,16,17,18,25,26,27,28,36,37
700,5,6,7,8,15,16,17,18,25,26,27,28,36,37
701,5,6,7,8,15,16,17,18,25,26,27,28,36,37
702,5,6,7,8,15,16,17,18,25,26,27,28,36,37
703,5,6,7,8,15,16,17,18,25,26,27,28,36,37
704,5,6,7,8,15,16,17,18,25,26,27,28,36,37
705,5,6,7,8,15,16,17,18,25,26,27,28,36,37
706,5,6,7,8,15,16,17,18,25,26,27,28,36,37
707,5,6,7,8,15,16,17,18,25,26,27,28,36,37
708,5,6,7,8,15,16,17,18,25,26,27,28,36,37
709,5,6,7,8,15,16,17,18,25,26,27,28,36,37
710,5,6,7,8,15,16,17,18,25,26,27,28,36,37
711,5,6,7,8,15,16,17,18,25,26,27,28,36,37
712,5,6,7,8,15,16,17,18,25,26,27,28,36,37
713,5,6,7,8,15,16,17,18,25,26,27,28,36,37
714,5,6,7,8,15,16,17,18,25,26,27,28,36,37
715,5,6,7,8,15,16,17,18,25,26,27,28,36,37
716,5,6,7,8,15,16,17,18,25,26,27,28,36,37
717,5,6,7,8,15,16,17,18,25,26,27,28,36,37
718,5,6,7,8,15,16,17,18,25,26,27,28,36,37
719,5,6,7,8,15,16,17,18,25,26,27,28,36,37
720,5,6,7,8,15,16,17,18,25,26,27,28,36,37
721,5,6,7,8,15,16,17,18,25,26,27,28,36,37
722,5,6,7,8,15,16,17,18,25,26,27,28,36,37
723,5,6,7,8,15,16,17,18,25,26,27,28,36,37
724,5,6,7,8,15,16,17,18,25,26,27,28,36,37
725,5,6,7,8,15,16,17,18,25,26,27,28,36,37
726,5,6,7,8,15,16,17,18,25,26,27,28,36,37
727,5,6,7,8,15,16,17,18,25,26,27,28,36,37
728,5,6,7,8,15,16,17,18,25,26,27,28,36,37
729,5,6,7,8,15,16,17,18,25,26,27,28,36,37
730,5,6,7,8,15,16,17,18,25,26,27,28,36,37
731,5,6,7,8,15,16,17,18,25,26,27,28,36,37
732,5,6,7,8,15,16,17,18,25,26,27,28,36,37
733,5,6,7,8,15,16,17,18,25,26,27,28,36,37
734,5,6,7,8,15,16,17,18,25,26,27,28,36,37
735,5,6,7,8,15,16,17,18,25,26,27,28,36,37
736,5,6,7,8,15,16,17,18,25,26,27,28,36,37
737,5,6,7,8,15,16,17,18,25,26,27,28,36,37
738,5,6,7,8,15,16,17,18,25,26,27,28,36,37
739,5,6,7,8,15,16,17,18,25,26,27,28,36,37
740,5,6,7,8,15,16,17,18,25,26,27,28,36,37
741,5,6,7,8,15,16,17,18,25,26,27,28,36,37
742,5,6,7,8,15,16,17,18,25,26,27,28,36,37
743,5,6,7,8,15,16,17,18,25,26,27,28,36,37
744,5,6,7,8,15,16,17,18,25,26,27,28,36,37
745,5,6,7,8,15,16,17,18,25,26,27,28,36,37
746,5,6,7,8,15,16,17,18,25,26,27,28,36,37
747,5,6,7,8,15,16,17,18,25,26,27,28,36,37
748,5,6,7,8,15,16,17,18,25,26,27,28,36,37
749,5,6,7,8,15,16,17,18,25,26,27,28,36,37
750,5,6,7,8,15,16,17,18,25,26,27,28,36,37
751,5,6,7,8,15,16,17,18,25,26,27,28,36,37
752,5,6,7,8,15,16,17,18,25,26,27,28,36,37
753,5,6,7,8,15,16,17,18,25,26,27,28,36,37
754,5,6,7,8,15,16,17,18,25,26,27,28,36,37
755,5,6,7,8,15,16,17,18,25,26,27,28,36,37
756,5,6,7,8,15,16,17,18,25,26,27,28,36,37
757,5,6,7,8,15,16,17,18,25,26,27,28,36,37
758,5,6,7,8,15,16,17,18,25,26,27,28,36,37
759,5,6,7,8,15,16,17,18,25,26,27,28,36,37
760,5,6,7,8,15,16,17,18,25,26,27,28,36,37
761,5,6,7,8,15,16,17,18,25,26,27,28,36,37
762,5,6,7,8,15,16,17,18,25,26,27,28,36,37
763,5,6,7,8,15,16,17,18,25,26,27,28,36,37
764,5,6,7,8,15,16,17,18,25,26,27,28,36,37
765,5,6,7,8,15,16,17,18,25,26,27,28,36,37
766,5,6,7,8,15,16,17,18,25,26,27,28,36,37
767,5,6,7,8,15,16,17,18,25,26,27,28,36,37
768,5,6,7,8,15,16,17,18,25,26,27,28,36,37
769,5,6,7,8,15,16,17,18,25,26,27,28,36,37
770,5,6,7,8,15,16,17,18,25,26,27,28,36,37
771,5,6,7,8,15,16,17,18,25,26,27,28,36,37
772,5,6,7,8,15,16,17,18,25,26,27,28,36,37
773,5,6,7,8,15,16,17,18,25,26,27,28,36,37
774,5,6,7,8,15,16,17,18,25,26,27,28,36,37
775,5,6,7,8,15,16,17,18,25,26,27,28,36,37
776,5,6,7,8,15,16,17,18,25,26,27,28,36,37
777,6,7,8,15,16,17,18,25,26,27,28,36,37
778,6,7,8,15,16,17,18,25,26,27,28,36,37
779,6,7,15,16,17,18,25,26,27,28,35,36,37,38
780,6,7,15,16,17,18,25,26,27,28,35,36,37,38
781,7,15,16,17,18,25,26,27,28,35,36,37,38
782,7,15,16,17,18,25,26,27,28,35,36,37,38
783,15,16,17,18,25,26,27,28,35,36,37,38,46,47
784,15,16,17,18,25,26,27,28,35,36,37,38,46,47
785,15,16,17,25,26,27,28,35,36,37,38,45,46,47
786,15,16,17,25,26,27,28,35,36,37,38,45,46,47
787,15,16,17,25,26,27,28,35,36,37,38,45,46,47
788,15,16,17,25,26,27,28,35,36,37,38,45,46,47
789,16,17,25,26,27,28,35,36,37,38,45,46,47
790,16,17,25,26,27,28,35,36,37,38,45,46,47
791,16,17,25,26,27,28,35,36,37,38,45,46,47
792,16,17,25,26,27,28,35,36,37,38,45,46,47
793,16,17,25,26,27,28,35,36,37,38,45,46,47
794,16,17,25,26,27,28,35,36,37,38,45,46,47
795,16,17,25,26,27,28,35,36,37,38,45,46,47
796,16,17,25,26,27,28,35,36,37,38,45,46,47
797,16,17,25,26,27,28,35,36,37,38,45,46,47,48
798,16,17,25,26,27,28,35,36,37,38,45,46,47,48
799,16,17,25,26,27,28,35,36,37,38,45,46,47,48
800,16,17,25,26,27,28,35,36,37,38,45,46,47,48
801,16,17,25,26,27,28,35,36,37,38,45,46,47,48
802,16,17,25,26,27,28,35,36,37,38,45,46,47,48
803,16,17,25,26,27,28,34,35,36,37,38,44,45,46,47,48
804,16,17,25,26,27,28,34,35,36,37,38,44,45,46,47,48
805,16,25,26,27,28,34,35,36,37,38,44,45,46,47,48
806,16,25,26,27,28,34,35,36,37,38,44,45,46,47,48
807,25,26,27,28,34,35,36,37,38,44,45,46,47,48
808,25,26,27,28,34,35,36,37,38,44,45,46,47,48
809,25,26,27,28,34,35,36,37,38,44,45,46,47,48
810,25,26,27,28,34,35,36,37,38,44,45,46,47,48
811,25,26,27,28,34,35,36,37,38,44,45,46,47,48
812,25,26,27,28,34,35,36,37,38,44,45,46,47,48
813,25,26,27,28,34,35,36,37,38,44,45,46,47,48
814,25,26,27,28,34,35,36,37,38,44,45,46,47,48
815,25,26,27,28,34,35,36,37,38,44,45,46,47,48
816,25,26,27,28,34,35,36,37,38,44,45,46,47,48
817,25,26,27,28,34,35,36,37,38,44,45,46,47,48,49
818,25,26,27,28,34,35,36,37,38,44,45,46,47,48,49
819,25,26,27,28,34,35,36,37,38,44,45,46,47,48,49
820,25,26,27,28,34,35,36,37,38,44,45,46,47,48,49
821,25,26,27,28,34,35,36,37,38,44,45,46,47,48,49
822,25,26,27,28,34,35,36,37,38,44,45,46,47,48,49
823,25,26,27,28,34,35,36,37,38,44,45,46,47,48,49
824,25,26,27,28,34,35,36,37,38,44,45,46,47,48,49
825,25,26,27,28,34,35,36,37,38,41,42,43,44,45,46,47,48,49,50
826,25,26,27,28,34,35,36,37,38,41,42,43,44,45,46,47,48,49,50
827,25,26,27,28,34,35,36,37,38,41,42,43,44,45,46,47,48,49,50
828,25,26,27,28,34,35,36,37,38,41,42,43,44,45,46,47,48,49,50
829,25,26,27,28,34,35,36,37,38,41,42,43,44,45,46,47,48,49,50
830,25,26,27,28,34,35,36,37,38,41,42,43,44,45,46,47,48,49,50
831,25,26,27,28,34,35,36,37,38,41,42,43,44,45,46,47,48,49,50
832,25,26,27,28,34,35,36,37,38,41,42,43,44,45,46,47,48,49,50
833,25,26,27,28,34,35,36,37,38,41,42,43,44,45,46,47,48,49,50
834,25,26,27,28,34,35,36,37,38,41,42,43,44,45,46,47,48,49,50
835,25,26,27,28,34,35,36,37,38,41,42,43,44,45,46,47,48,49,50
836,25,26,27,28,34,35,36,37,38,41,42,43,44,45,46,47,48,49,50
837,25,26,27,34,35,36,37,38,41,42,43,44,45,46,47,48,49,50
838,25,26,27,34,35,36,37,38,41,42,43,44,45,46,47,48,49,50
839,25,26,27,34,35,36,37,38,41,42,43,44,45,46,47,48,49,50
840,25,26,27,34,35,36,37,38,41,42,43,44,45,46,47,48,49,50
841,25,26,27,34,35,36,37,38,41,42,43,44,45,46,47,48,49,50
842,25,26,27,34,35,36,37,38,41,42,43,44,45,46,47,48,49,50
843,25,26,27,34,35,36,37,38,41,42,43,44,45,46,47,48,49,50
844,25,26,27,34,35,36,37,38,41,42,43,44,45,46,47,48,49,50
845,25,26,27,34,35,36,37,38,41,42,43,44,45,46,47,48,49,50
846,25,26,27,34,35,36,37,38,41,42,43,44,45,46,47,48,49,50
847,25,26,27,34,35,36,37,38,41,42,43,44,45,46,47,48,49,50
848,25,26,27,34,35,36,37,38,41,42,43,44,45,46,47,48,49,50
849,25,26,27,34,35,36,37,38,41,42,43,44,45,46,47,48,49,50
850,25,26,27,34,35,36,37,38,41,42,43,44,45,46,47,48,49,50
851,25,26,27,34,35,36,37,38,41,42,43,44,45,46,47,48,49,50
852,25,26,27,34,35,36,37,38,41,42,43,44,45,46,47,48,49,50
853,25,26,27,34,35,36,37,38,41,42,43,44,45,46,47,48,49,50
854,25,26,27,34,35,36,37,38,41,42,43,44,45,46,47,48,49,50
855,25,26,27,34,35,36,37,38,41,42,43,44,45,46,47,48,49,50
856,25,26,27,34,35,36,37,38,41,42,43,44,45,46,47,48,49,50
857,25,26,27,34,35,36,37,38,41,42,43,44,45,46,47,48,49,50
858,25,26,27,34,35,36,37,38,41,42,43,44,45,46,47,48,49,50
859,25,26,27,34,35,36,37,38,41,42,43,44,45,46,47,48,49,50
860,25,26,27,34,35,36,37,38,41,42,43,44,45,46,47,48,49,50
861,25,26,27,34,35,36,37,38,41,42,43,44,45,46,47,48,49,50
862,25,26,27,34,35,36,37,38,41,42,43,44,45,46,47,48,49,50
863,25,26,27,34,35,36,37,38,41,42,43,44,45,46,47,48,49,50
864,25,26,27,34,35,36,37,38,41,42,43,44,45,46,47,48,49,50
865,25,26,27,34,35,36,37,38,41,42,43,44,45,46,47,48,49,50
866,25,26,27,34,35,36,37,38,41,42,43,44,45,46,47,48,49,50
867,25,26,27,34,35,36,37,38,41,42,43,44,45,46,47,48,49,50
868,25,26,27,34,35,36,37,38,41,42,43,44,45,46,47,48,49,50
869,25,26,27,34,35,36,37,38,41,42,43,44,45,46,47,48,49,50
870,25,26,27,34,35,36,37,38,41,42,43,44,45,46,47,48,49,50
871,25,26,27,34,35,36,37,38,41,42,43,44,45,46,47,48,49,50
872,25,26,27,34,35,36,37,38,41,42,43,44,45,46,47,48,49,50
873,25,26,27,34,35,36,37,38,41,42,43,44,45,46,47,48,49,50
874,25,26,27,34,35,36,37,38,41,42,43,44,45,46,47,48,49,50
875,25,26,27,34,35,36,37,38,41,42,43,44,45,46,47,48,49,50
876,25,26,27,34,35,36,37,38,41,42,43,44,45,46,47,48,49,50
877,25,26,27,34,35,36,37,38,41,42,43,44,45,46,47,48,49,50
878,25,26,27,34,35,36,37,38,41,42,43,44,45,46,47,48,49,50
879,25,26,27,34,35,36,37,38,41,42,43,44,45,46,47,48,49,50
880,25,26,27,34,35,36,37,38,41,42,43,44,45,46,47,48,49,50
881,25,26,27,34,35,36,37,38,41,42,43,44,45,46,47,48,49,50
882,25,26,27,34,35,36,37,38,41,42,43,44,45,46,47,48,49,50
883,25,26,27,34,35,36,37,38,41,42,43,44,45,46,47,48,49,50
884,25,26,27,34,35,36,37,38,41,42,43,44,45,46,47,48,49,50
885,25,26,27,34,35,36,37,38,41,42,43,44,45,46,47,48,49,50
886,25,26,27,34,35,36,37,38,41,42,43,44,45,46,47,48,49,50
887,25,26,27,34,35,36,37,38,41,42,43,44,45,46,47,48,49,50
888,25,26,27,34,35,36,37,38,41,42,43,44,45,46,47,48,49,50
889,25,26,27,34,35,36,37,38,41,42,43,44,45,46,47,48,49,50
890,25,26,27,34,35,36,37,38,41,42,43,44,45,46,47,48,49,50
891,25,26,27,34,35,36,37,38,41,42,43,44,45,46,47,48,49,50
892,25,26,27,34,35,36,37,38,41,42,43,44,45,46,47,48,49,50
893,25,26,27,34,35,36,37,38,41,42,43,44,45,46,47,48,49,50
894,25,26,27,34,35,36,37,38,41,42,43,44,45,46,47,48,49,50
895,25,26,27,34,35,36,37,38,41,42,43,44,45,46,47,48,49,50
896,25,26,27,34,35,36,37,38,41,42,43,44,45,46,47,48,49,50
897,25,26,27,34,35,36,37,38,41,42,43,44,45,46,47,48,49,50
898,25,26,27,34,35,36,37,38,41,42,43,44,45,46,47,48,49,50
899,25,26,27,34,35,36,37,38,41,42,43,44,45,46,47,48,49,50
900,25,26,27,34,35,36,37,38,41,42,43,44,45,46,47,48,49,50
901,25,26,27,34,35,36,37,38,41,42,43,44,45,46,47,48,49,50
902,25,26,27,34,35,36,37,38,41,42,43,44,45,46,47,48,49,50
903,25,26,27,34,35,36,37,38,41,42,43,44,45,46,47,48,49,50
904,25,26,27,34,35,36,37,38,41,42,43,44,45,46,47,48,49,50
905,25,26,27,34,35,36,37,38,41,42,43,44,45,46,47,48,49,50
906,25,26,27,34,35,36,37,38,41,42,43,44,45,46,47,48,49,50
907,25,26,27,34,35,36,37,38,41,42,43,44,45,46,47,48,49,50
908,25,26,27,34,35,36,37,38,41,42,43,44,45,46,47,48,49,50
909,25,26,27,34,35,36,37,38,41,42,43,44,45,46,47,48,49,50
910,25,26,27,34,35,36,37,38,41,42,43,44,45,46,47,48,49,50
911,25,26,27,33,34,35,36,37,38,41,42,43,44,45,46,47,48,49,50
912,25,26,27,33,34,35,36,37,38,41,42,43,44,45,46,47,48,49,50
913,25,26,27,33,34,35,36,37,38,41,42,43,44,45,46,47,48,49,50
914,25,26,27,33,34,35,36,37,38,41,42,43,44,45,46,47,48,49,50
915,25,26,27,33,34,35,36,37,38,41,42,43,44,45,46,47,48,49,50
916,25,26,27,33,34,35,36,37,38,41,42,43,44,45,46,47,48,49,50
917,25,26,27,33,34,35,36,37,38,41,42,43,44,45,46,47,48,49,50
918,25,26,27,33,34,35,36,37,38,41,42,43,44,45,46,47,48,49,50
919,25,26,27,33,34,35,36,37,38,41,42,43,44,45,46,47,48,49,50
920,25,26,27,33,34,35,36,37,38,41,42,43,44,45,46,47,48,49,50
921,25,26,27,33,34,35,36,37,38,41,42,43,44,45,46,47,48,49,50
922,25,26,27,33,34,35,36,37,38,41,42,43,44,45,46,47,48,49,50
923,25,26,27,33,34,35,36,37,38,41,42,43,44,45,46,47,48,49,50
924,25,26,27,33,34,35,36,37,38,41,42,43,44,45,46,47,48,49,50
925,25,26,27,33,34,35,36,37,38,41,42,43,44,45,46,47,48,49,50
926,25,26,27,33,34,35,36,37,38,41,42,43,44,45,46,47,48,49,50
927,25,26,27,33,34,35,36,37,38,41,42,43,44,45,46,47,48,49,50
928,25,26,27,33,34,35,36,37,38,41,42,43,44,45,46,47,48,49,50
929,25,26,27,33,34,35,36,37,38,41,42,43,44,45,46,47,48,49,50
930,25,26,27,33,34,35,36,37,38,41,42,43,44,45,46,47,48,49,50
931,25,26,27,33,34,35,36,37,38,41,42,43,44,45,46,47,48,49,50
932,25,26,27,33,34,35,36,37,38,41,42,43,44,45,46,47,48,49,50
933,25,26,27,33,34,35,36,37,38,41,42,43,44,45,46,47,48,49,50
934,25,26,27,33,34,35,36,37,38,41,42,43,44,45,46,47,48,49,50
935,25,26,27,33,34,35,36,37,38,41,42,43,44,45,46,47,48,49,50
936,25,26,27,33,34,35,36,37,38,41,42,43,44,45,46,47,48,49,50
937,25,26,27,33,34,35,36,37,38,41,42,43,44,45,46,47,48,49,50
938,25,26,27,33,34,35,36,37,38,41,42,43,44,45,46,47,48,49,50
939,25,26,27,33,34,35,36,37,38,41,42,43,44,45,46,47,48,49,50
940,25,26,27,33,34,35,36,37,38,41,42,43,44,45,46,47,48,49,50
941,25,26,27,33,34,35,36,37,38,41,42,43,44,45,46,47,48,49,50
942,25,26,27,33,34,35,36,37,38,41,42,43,44,45,46,47,48,49,50
943,25,26,27,33,34,35,36,37,38,41,42,43,44,45,46,47,48,49,50
944,25,26,27,33,34,35,36,37,38,41,42,43,44,45,46,47,48,49,50
945,25,26,27,33,34,35,36,37,38,41,42,43,44,45,46,47,48,49,50
946,25,26,27,33,34,35,36,37,38,41,42,43,44,45,46,47,48,49,50
947,25,26,27,33,34,35,36,37,38,41,42,43,44,45,46,47,48,49,50
948,25,26,27,33,34,35,36,37,38,41,42,43,44,45,46,47,48,49,50
949,25,26,27,33,34,35,36,37,38,41,42,43,44,45,46,47,48,49,50
950,25,26,27,33,34,35,36,37,38,41,42,43,44,45,46,47,48,49,50
951,25,26,27,33,34,35,36,37,38,41,42,43,44,45,46,47,48,49,50
952,25,26,27,33,34,35,36,37,38,41,42,43,44,45,46,47,48,49,50
953,25,26,27,33,34,35,36,37,38,41,42,43,44,45,46,47,48,49,50
954,25,26,27,33,34,35,36,37,38,41,42,43,44,45,46,47,48,49,50
955,25,26,27,33,34,35,36,37,38,41,42,43,44,45,46,47,48,49,50
956,25,26,27,33,34,35,36,37,38,41,42,43,44,45,46,47,48,49,50
957,25,26,27,33,34,35,36,37,38,41,42,43,44,45,46,47,48,49,50
958,25,26,27,33,34,35,36,37,38,41,42,43,44,45,46,47,48,49,50
959,25,26,27,33,34,35,36,37,38,41,42,43,44,45,46,47,48,49,50
960,25,26,27,33,34,35,36,37,38,41,42,43,44,45,46,47,48,49,50
961,25,26,27,33,34,35,36,37,38,41,42,43,44,45,46,47,48,49,50
962,25,26,27,33,34,35,36,37,38,41,42,43,44,45,46,47,48,49,50
963,25,26,27,33,34,35,36,37,38,41,42,43,44,45,46,47,48,49,50
964,25,26,27,33,34,35,36,37,38,41,42,43,44,45,46,47,48,49,50
965,25,26,27,33,34,35,36,37,38,41,42,43,44,45,46,47,48,49,50
966,25,26,27,33,34,35,36,37,38,41,42,43,44,45,46,47,48,49,50
967,25,26,27,33,34,35,36,37,38,41,42,43,44,45,46,47,48,49,50
968,25,26,27,33,34,35,36,37,38,41,42,43,44,45,46,47,48,49,50
969,25,26,27,33,34,35,36,37,38,41,42,43,44,45,46,47,48,49,50
970,25,26,27,33,34,35,36,37,38,41,42,43,44,45,46,47,48,49,50
971,25,26,27,33,34,35,36,37,38,41,42,43,44,45,46,47,48,49,50
972,25,26,27,33,34,35,36,37,38,41,42,43,44,45,46,47,48,49,50
973,25,26,27,33,34,35,36,37,38,41,42,43,44,45,46,47,48,49,50
974,25,26,27,33,34,35,36,37,38,41,42,43,44,45,46,47,48,49,50
975,25,26,27,33,34,35,36,37,38,41,42,43,44,45,46,47,48,49,50
976,25,26,27,33,34,35,36,37,38,41,42,43,44,45,46,47,48,49,50
977,25,26,27,33,34,35,36,37,38,41,42,43,44,45,46,47,48,49,50
978,25,26,27,33,34,35,36,37,38,41,42,43,44,45,46,47,48,49,50
979,25,26,27,33,34,35,36,37,38,41,42,43,44,45,46,47,48,49,50
980,25,26,27,33,34,35,36,37,38,41,42,43,44,45,46,47,48,49,50
981,25,26,27,33,34,35,36,37,38,41,42,43,44,45,46,47,48,49,50
982,25,26,27,33,34,35,36,37,38,41,42,43,44,45,46,47,48,49,50
983,25,26,27,33,34,35,36,37,38,41,42,43,44,45,46,47,48,49,50
984,25,26,27,33,34,35,36,37,38,41,42,43,44,45,46,47,48,49,50
985,25,26,27,33,34,35,36,37,38,41,42,43,44,45,46,47,48,49,50
986,25,26,27,33,34,35,36,37,38,41,42,43,44,45,46,47,48,49,50
987,25,26,27,33,34,35,36,37,38,41,42,43,44,45,46,47,48,49,50
988,25,26,27,33,34,35,36,37,38,41,42,43,44,45,46,47,48,49,50
989,25,26,27,33,34,35,36,37,38,41,42,43,44,45,46,47,48,49,50
990,25,26,27,33,34,35,36,37,38,41,42,43,44,45,46,47,48,49,50
991,25,26,27,33,34,35,36,37,38,41,42,43,44,45,46,47,48,49,50
992,25,26,27,33,34,35,36,37,38,41,42,43,44,45,46,47,48,49,50
993,25,26,27,33,34,35,36,37,38,41,42,43,44,45,46,47,48,49,50
994,25,26,27,33,34,35,36,37,38,41,42,43,44,45,46,47,48,49,50
995,25,26,27,33,34,35,36,37,38,41,42,43,44,45,46,47,48,49,50
996,25,26,27,33,34,35,36,37,38,41,42,43,44,45,46,47,48,49,50
997,25,26,27,33,34,35,36,37,38,41,42,43,44,45,46,47,48,49,50
998,25,26,27,33,34,35,36,37,38,41,42,43,44,45,46,47,48,49,50
999,25,26,27,33,34,35,36,37,38,41,42,43,44,45,46,47,48,49,50
1000,25,26,27,33,34,35,36,37,38,41,42,43,44,45,46,47,48,49,50
1001,25,26,27,33,34,35,36,37,38,41,42,43,44,45,46,47,48,49,50
1002,25,26,27,33,34,35,36,37,38,41,42,43,44,45,46,47,48,49,50
1003,25,26,27,33,34,35,36,37,38,41,42,43,44,45,46,47,48,49,50
1004,25,26,27,33,34,35,36,37,38,41,42,43,44,45,46,47,48,49,50
1005,25,26,27,33,34,35,36,37,38,41,42,43,44,45,46,47,48,49,50
1006,25,26,27,33,34,35,36,37,38,41,42,43,44,45,46,47,48,49,50
1007,25,26,27,33,34,35,36,37,38,41,42,43,44,45,46,47,48,49,50
1008,25,26,27,33,34,35,36,37,38,41,42,43,44,45,46,47,48,49,50
1009,25,26,27,33,34,35,36,37,38,41,42,43,44,45,46,47,48,49,50
1010,25,26,27,33,34,35,36,37,38,41,42,43,44,45,46,47,48,49,50
1011,25,26,27,33,34,35,36,37,38,41,42,43,44,45,46,47,48,49,50
1012,25,26,27,33,34,35,36,37,38,41,42,43,44,45,46,47,48,49,50
1013,25,26,27,33,34,35,36,37,38,41,42,43,44,45,46,47,48,49,50
1014,25,26,27,33,34,35,36,37,38,41,42,43,44,45,46,47,48,49,50
1015,25,26,27,33,34,35,36,37,38,41,42,43,44,45,46,47,48,49,50
1016,25,26,27,33,34,35,36,37,38,41,42,43,44,45,46,47,48,49,50
1017,25,26,27,33,34,35,36,37,38,41,42,43,44,45,46,47,48,49,50
1018,25,26,27,33,34,35,36,37,38,41,42,43,44,45,46,47,48,49,50
1019,25,26,27,33,34,35,36,37,38,41,42,43,44,45,46,47,48,49,50
1020,25,26,27,33,34,35,36,37,38,41,42,43,44,45,46,47,48,49,50
1021,25,26,27,33,34,35,36,37,38,41,42,43,44,45,46,47,48,49,50
1022,25,26,27,33,34,35,36,37,38,41,42,43,44,45,46,47,48,49,50
1023,25,26,27,33,34,35,36,37,38,41,42,43,44,45,46,47,48,49,50
1024,25,26,27,33,34,35,36,37,38,41,42,43,44,45,46,47,48,49,50
1025,25,26,27,33,34,35,36,37,38,41,42,43,44,45,46,47,48,49,50
1026,25,26,27,33,34,35,36,37,38,41,42,43,44,45,46,47,48,49,50
1027,25,26,27,33,34,35,36,37,38,41,42,43,44,45,46,47,48,49,50
1028,25,26,27,33,34,35,36,37,38,41,42,43,44,45,46,47,48,49,50
1029,25,26,27,33,34,35,36,37,38,41,42,43,44,45,46,47,48,49,50
1030,25,26,27,33,34,35,36,37,38,41,42,43,44,45,46,47,48,49,50
1031,25,26,27,33,34,35,36,37,38,41,42,43,44,45,46,47,48,49,50
1032,25,26,27,33,34,35,36,37,38,41,42,43,44,45,46,47,48,49,50
1033,25,26,27,33,34,35,36,37,38,41,42,43,44,45,46,47,48,49,50
1034,25,26,27,33,34,35,36,37,38,41,42,43,44,45,46,47,48,49,50
1035,25,26,27,33,34,35,36,37,38,41,42,43,44,45,46,47,48,49,50
1036,25,26,27,33,34,35,36,37,38,41,42,43,44,45,46,47,48,49,50
1037,25,26,27,33,34,35,36,37,38,41,42,43,44,45,46,47,48,49,50
1038,25,26,27,33,34,35,36,37,38,41,42,43,44,45,46,47,48,49,50
1039,25,26,27,34,35,36,37,38,41,42,43,44,45,46,47,48,49,50
1040,25,26,27,34,35,36,37,38,41,42,43,44,45,46,47,48,49,50
1041,25,26,27,34,35,36,37,38,41,42,43,44,45,46,47,48,49,50
1042,25,26,27,34,35,36,37,38,41,42,43,44,45,46,47,48,49,50
1043,25,26,27,34,35,36,37,38,41,42,43,44,45,46,47,48,49,50
1044,25,26,27,34,35,36,37,38,41,42,43,44,45,46,47,48,49,50
1045,25,26,27,34,35,36,37,38,39,41,42,43,44,45,46,47,48,49,50
1046,25,26,27,34,35,36,37,38,39,41,42,43,44,45,46,47,48,49,50
1047,25,26,27,28,34,35,36,37,38,39,41,42,43,44,45,46,47,48,49,50
1048,25,26,27,28,34,35,36,37,38,39,41,42,43,44,45,46,47,48,49,50
1049,25,26,27,28,34,35,36,37,38,39,41,42,43,44,45,46,47,48,49,50
1050,25,26,27,28,34,35,36,37,38,39,41,42,43,44,45,46,47,48,49,50
1051,25,26,27,28,34,35,36,37,38,39,41,42,43,44,45,46,47,48,49,50
1052,25,26,27,28,34,35,36,37,38,39,41,42,43,44,45,46,47,48,49,50
1053,25,26,27,28,34,35,36,37,38,39,41,42,43,44,45,46,47,48,49,50
1054,25,26,27,28,34,35,36,37,38,39,41,42,43,44,45,46,47,48,49,50
1055,25,26,27,28,34,35,36,37,38,39,41,42,43,44,45,46,47,48,49,50
1056,25,26,27,28,34,35,36,37,38,39,41,42,43,44,45,46,47,48,49,50
1057,25,26,27,28,34,35,36,37,38,39,41,42,43,44,45,46,47,48,49,50
1058,25,26,27,28,34,35,36,37,38,39,41,42,43,44,45,46,47,48,49,50
1059,25,26,27,28,34,35,36,37,38,39,41,42,43,44,45,46,47,48,49,50
1060,25,26,27,28,34,35,36,37,38,39,41,42,43,44,45,46,47,48,49,50
1061,25,26,27,28,35,36,37,38,39,41,42,43,44,45,46,47,48,49,50
1062,25,26,27,28,35,36,37,38,39,41,42,43,44,45,46,47,48,49,50
1063,25,26,27,28,35,36,37,38,39,41,42,43,44,45,46,47,48,49,50
1064,25,26,27,28,35,36,37,38,39,41,42,43,44,45,46,47,48,49,50
1065,25,26,27,28,35,36,37,38,39,41,42,43,44,45,46,47,48,49,50
1066,25,26,27,28,35,36,37,38,39,41,42,43,44,45,46,47,48,49,50
1067,25,26,27,28,35,36,37,38,39,41,42,43,44,45,46,47,48,49,50
1068,25,26,27,28,35,36,37,38,39,41,42,43,44,45,46,47,48,49,50
1069,26,27,28,35,36,37,38,39,41,42,43,44,45,46,47,48,49,50
1070,26,27,28,35,36,37,38,39,41,42,43,44,45,46,47,48,49,50
1071,26,27,28,35,36,37,38,39,41,42,43,44,45,46,47,48,49,50
1072,26,27,28,35,36,37,38,39,41,42,43,44,45,46,47,48,49,50
1073,26,27,28,35,36,37,38,39,41,42,43,44,45,46,47,48,49,50
1074,26,27,28,35,36,37,38,39,41,42,43,44,45,46,47,48,49,50
1075,26,27,28,29,35,36,37,38,39,41,42,43,44,45,46,47,48,49,50
1076,26,27,28,29,35,36,37,38,39,41,42,43,44,45,46,47,48,49,50
1077,26,27,28,29,35,36,37,38,39,41,42,43,44,45,46,47,48,49,50
1078,26,27,28,29,35,36,37,38,39,41,42,43,44,45,46,47,48,49,50
1079,26,27,28,29,35,36,37,38,39,41,42,43,44,45,46,47,48,49,50
1080,26,27,28,29,35,36,37,38,39,41,42,43,44,45,46,47,48,49,50
1081,26,27,28,29,35,36,37,38,39,41,42,43,44,45,46,47,48,49,50
1082,26,27,28,29,35,36,37,38,39,41,42,43,44,45,46,47,48,49,50
1083,26,27,28,29,35,36,37,38,39,41,42,43,44,45,46,47,48,49,50
1084,26,27,28,29,35,36,37,38,39,41,42,43,44,45,46,47,48,49,50
1085,26,27,28,29,35,36,37,38,39,41,42,43,44,45,46,47,48,49,50
1086,26,27,28,29,35,36,37,38,39,41,42,43,44,45,46,47,48,49,50
1087,26,27,28,29,35,36,37,38,39,40,41,42,43,44,45,46,47,48,49,50
1088,26,27,28,29,35,36,37,38,39,40,41,42,43,44,45,46,47,48,49,50
1089,26,27,28,29,35,36,37,38,39,40,41,42,43,44,45,46,47,48,49,50
1090,26,27,28,29,35,36,37,38,39,40,41,42,43,44,45,46,47,48,49,50
1091,26,27,28,29,36,37,38,39,40,41,42,43,44,45,46,47,48,49,50
1092,26,27,28,29,36,37,38,39,40,41,42,43,44,45,46,47,48,49,50
1093,26,27,28,29,36,37,38,39,40,41,42,43,44,45,46,47,48,49,50
1094,26,27,28,29,36,37,38,39,40,41,42,43,44,45,46,47,48,49,50
1095,26,27,28,29,36,37,38,39,40,41,42,43,44,45,46,47,48,49,50
1096,26,27,28,29,36,37,38,39,40,41,42,43,44,45,46,47,48,49,50
1097,26,27,28,29,36,37,38,39,40,41,42,43,44,45,46,47,48,49,50
1098,26,27,28,29,36,37,38,39,40,41,42,43,44,45,46,47,48,49,50
1099,26,27,28,29,36,37,38,39,40,41,42,43,44,45,46,47,48,49,50
1100,26,27,28,29,36,37,38,39,40,41,42,43,44,45,46,47,48,49,50
1101,26,27,28,29,36,37,38,39,40,41,42,43,44,45,46,47,48,49,50
1102,26,27,28,29,36,37,38,39,40,41,42,43,44,45,46,47,48,49,50
1103,27,28,29,36,37,38,39,40,41,42,43,44,45,46,47,48,49,50
1104,27,28,29,36,37,38,39,40,41,42,43,44,45,46,47,48,49,50
1105,27,28,29,36,37,38,39,40,41,42,43,44,45,46,47,48,49,50
1106,27,28,29,36,37,38,39,40,41,42,43,44,45,46,47,48,49,50
1107,27,28,29,30,36,37,38,39,40,41,42,43,44,45,46,47,48,49,50
1108,27,28,29,30,36,37,38,39,40,41,42,43,44,45,46,47,48,49,50
1109,27,28,29,30,36,37,38,39,40,41,46,47,48,49,50
1110,27,28,29,30,36,37,38,39,40,41,46,47,48,49,50
1111,27,28,29,30,36,37,38,39,40,46,47,48,49,50
1112,27,28,29,30,36,37,38,39,40,46,47,48,49,50
1113,19,27,28,29,30,37,38,39,40,47,48,49,50
1114,19,27,28,29,30,37,38,39,40,47,48,49,50
1115,19,27,28,29,30,37,38,39,40,47,48,49,50
1116,19,27,28,29,30,37,38,39,40,47,48,49,50
1117,19,27,28,29,30,37,38,39,40,47,48,49,50
1118,19,27,28,29,30,37,38,39,40,47,48,49,50
1119,19,27,28,29,30,37,38,39,40,47,48,49,50
1120,19,27,28,29,30,37,38,39,40,47,48,49,50
1121,19,27,28,29,30,37,38,39,40,47,48,49,50
1122,19,27,28,29,30,37,38,39,40,47,48,49,50
1123,19,27,28,29,30,37,38,39,40,47,48,49,50
1124,19,27,28,29,30,37,38,39,40,47,48,49,50
1125,19,27,28,29,30,37,38,39,40,47,48,49,50
1126,19,27,28,29,30,37,38,39,40,47,48,49,50
1127,19,27,28,29,30,37,38,39,40,47,48,49,50
1128,19,27,28,29,30,37,38,39,40,47,48,49,50
1129,19,27,28,29,30,37,38,39,40,47,48,49,50
1130,19,27,28,29,30,37,38,39,40,47,48,49,50
1131,19,27,28,29,30,37,38,39,40,47,48,49,50
1132,19,27,28,29,30,37,38,39,40,47,48,49,50
1133,19,27,28,29,30,37,38,39,40,47,48,49,50
1134,19,27,28,29,30,37,38,39,40,47,48,49,50
1135,19,27,28,29,30,37,38,39,40,47,48,49,50
1136,19,27,28,29,30,37,38,39,40,47,48,49,50
1137,19,27,28,29,30,37,38,39,40,47,48,49,50
1138,19,27,28,29,30,37,38,39,40,47,48,49,50
1139,19,27,28,29,30,37,38,39,40,47,48,49,50
1140,19,27,28,29,30,37,38,39,40,47,48,49,50
1141,19,27,28,29,30,37,38,39,40,47,48,49,50
1142,19,27,28,29,30,37,38,39,40,47,48,49,50
1143,19,27,28,29,30,37,38,39,40,47,48,49,50
1144,19,27,28,29,30,37,38,39,40,47,48,49,50
1145,19,27,28,29,30,31,37,38,39,40,41,47,48,49,50
1146,19,27,28,29,30,31,37,38,39,40,41,47,48,49,50
1147,19,27,28,29,30,31,37,38,39,40,41,47,48,49,50
1148,19,27,28,29,30,31,37,38,39,40,41,47,48,49,50
1149,19,27,28,29,30,31,37,38,39,40,41,47,48,49,50
1150,19,27,28,29,30,31,37,38,39,40,41,47,48,49,50
1151,19,28,29,30,31,37,38,39,40,41,47,48,49,50
1152,19,28,29,30,31,37,38,39,40,41,47,48,49,50
1153,19,20,21,28,29,30,31,37,38,39,40,41,47,48,49,50
1154,19,20,21,28,29,30,31,37,38,39,40,41,47,48,49,50
1155,19,20,21,28,29,30,31,37,38,39,40,41,47,48,49,50
1156,19,20,21,28,29,30,31,37,38,39,40,41,47,48,49,50
1157,19,20,21,28,29,30,31,37,38,39,40,41,47,48,49,50
1158,19,20,21,28,29,30,31,37,38,39,40,41,47,48,49,50
1159,19,20,21,28,29,30,31,37,38,39,40,41,48,49,50
1160,19,20,21,28,29,30,31,37,38,39,40,41,48,49,50
1161,19,20,21,28,29,30,31,38,39,40,41,48,49,50
1162,19,20,21,28,29,30,31,38,39,40,41,48,49,50
1163,19,20,21,28,29,30,31,38,39,40,41,48,49,50
1164,19,20,21,28,29,30,31,38,39,40,41,48,49,50
1165,19,20,21,28,29,30,31,38,39,40,41,48,49,50
1166,19,20,21,28,29,30,31,38,39,40,41,48,49,50
1167,19,20,21,28,29,30,31,38,39,40,41,48,49,50
1168,19,20,21,28,29,30,31,38,39,40,41,48,49,50
1169,19,20,21,28,29,30,31,38,39,40,41,48,49,50
1170,19,20,21,28,29,30,31,38,39,40,41,48,49,50
1171,19,20,21,28,29,30,31,38,39,40,41,48,49,50
1172,19,20,21,28,29,30,31,38,39,40,41,48,49,50
1173,19,20,21,28,29,30,31,38,39,40,41,48,49,50
1174,19,20,21,28,29,30,31,38,39,40,41,48,49,50
1175,19,20,21,28,29,30,31,38,39,40,41,48,49,50
1176,19,20,21,28,29,30,31,38,39,40,41,48,49,50
1177,19,20,21,28,29,30,31,38,39,40,41,48,49,50
1178,19,20,21,28,29,30,31,38,39,40,41,48,49,50
1179,20,21,28,29,30,31,38,39,40,41,48,49,50
1180,20,21,28,29,30,31,38,39,40,41,48,49,50
1181,20,21,28,29,30,31,38,39,40,41,48,49,50
1182,20,21,28,29,30,31,38,39,40,41,48,49,50
1183,19,20,21,28,29,30,31,38,39,40,41,48,49,50
1184,19,20,21,28,29,30,31,38,39,40,41,48,49,50
1185,19,20,21,28,29,30,31,38,39,40,41,49,50
1186,19,20,21,28,29,30,31,38,39,40,41,49,50
1187,19,20,21,28,29,30,31,38,39,40,41,49,50
1188,19,20,21,28,29,30,31,38,39,40,41,49,50
1189,19,20,21,29,30,31,32,39,40,41,49,50
1190,19,20,21,29,30,31,32,39,40,41,49,50
1191,19,20,21,22,29,30,31,32,39,40,41,49,50
1192,19,20,21,22,29,30,31,32,39,40,41,49,50
1193,11,19,20,21,22,29,30,31,32,39,40,41,49,50
1194,11,19,20,21,22,29,30,31,32,39,40,41,49,50
1195,11,19,20,21,22,29,30,31,32,39,40,41,49,50
1196,11,19,20,21,22,29,30,31,32,39,40,41,49,50
1197,11,19,20,21,22,29,30,31,32,39,40,41,49,50
1198,11,19,20,21,22,29,30,31,32,39,40,41,49,50
1199,11,19,20,21,22,29,30,31,32,39,40,41,49,50
1200,11,19,20,21,22,29,30,31,32,39,40,41,49,50
1201,11,19,20,21,22,29,30,31,32,39,40,41,49,50
1202,11,19,20,21,22,29,30,31,32,39,40,41,49,50
1203,11,12,19,20,21,22,29,30,31,32,39,40,41,50
1204,11,12,19,20,21,22,29,30,31,32,39,40,41,50
1205,11,12,19,20,21,22,29,30,31,32,39,40,41,50
1206,11,12,19,20,21,22,29,30,31,32,39,40,41,50
1207,11,12,19,20,21,22,29,30,31,32,39,40,41,50
1208,11,12,19,20,21,22,29,30,31,32,39,40,41,50
1209,11,12,19,20,21,22,29,30,31,32,39,40,41,50
1210,11,12,19,20,21,22,29,30,31,32,39,40,41,50
1211,11,12,19,20,21,22,29,30,31,32,39,40,41,50
1212,11,12,19,20,21,22,29,30,31,32,39,40,41,50
1213,11,12,19,20,21,22,29,30,31,32,39,40
1214,11,12,19,20,21,22,29,30,31,32,39,40
1215,11,12,19,20,21,22,29,30,31,32,39,40
1216,11,12,19,20,21,22,29,30,31,32,39,40
1217,11,12,19,20,21,22,29,30,31,32,39,40,41
1218,11,12,19,20,21,22,29,30,31,32,39,40,41
1219,11,12,20,21,22,29,30,31,32,39,40,41
1220,11,12,20,21,22,29,30,31,32,39,40,41
1221,11,12,20,21,22,29,30,31,32,39,40,41,50
1222,11,12,20,21,22,29,30,31,32,39,40,41,50
1223,11,12,20,21,22,29,30,31,32,40,41,50
1224,11,12,20,21,22,29,30,31,32,40,41,50
1225,11,12,20,21,22,29,30,31,32,40,41,50
1226,11,12,20,21,22,29,30,31,32,40,41,50
1227,11,12,20,21,22,29,30,31,32,40,41,42,50
1228,11,12,20,21,22,29,30,31,32,40,41,42,50
1229,11,12,20,21,22,29,30,31,32,40,41,42,50
1230,11,12,20,21,22,29,30,31,32,40,41,42,50
1231,11,12,20,21,22,29,30,31,32,40,41,42,50
1232,11,12,20,21,22,29,30,31,32,40,41,42,50
1233,11,12,20,21,22,29,30,31,32,39,40,41,42,50
1234,11,12,20,21,22,29,30,31,32,39,40,41,42,50
1235,11,12,20,21,22,29,30,31,32,39,40,41,42,50
1236,11,12,20,21,22,29,30,31,32,39,40,41,42,50
1237,11,12,20,21,22,29,30,31,32,39,40,41,42,50
1238,11,12,20,21,22,29,30,31,32,39,40,41,42,50
1239,11,12,20,21,22,29,30,31,32,39,40,41,42,50
1240,11,12,20,21,22,29,30,31,32,39,40,41,42,50
1241,11,12,20,21,22,29,30,31,32,39,40,41,42,50
1242,11,12,20,21,22,29,30,31,32,39,40,41,42,50
1243,11,12,20,21,22,29,30,31,32,39,40,41,42,50
1244,11,12,20,21,22,29,30,31,32,39,40,41,42,50
1245,11,12,20,21,22,29,30,31,32,39,40,41,42,50
1246,11,12,20,21,22,29,30,31,32,39,40,41,42,50
1247,11,12,20,21,22,29,30,31,32,39,40,41,42,49,50
1248,11,12,20,21,22,29,30,31,32,39,40,41,42,49,50
1249,11,12,20,21,22,29,30,31,32,39,40,41,42,49,50
1250,11,12,20,21,22,29,30,31,32,39,40,41,42,49,50
1251,11,20,21,22,29,30,31,32,39,40,41,42,49,50
1252,11,20,21,22,29,30,31,32,39,40,41,42,49,50
1253,11,20,21,22,29,30,31,32,39,40,41,42,49,50
1254,11,20,21,22,29,30,31,32,39,40,41,42,49,50
1255,11,20,21,22,29,30,31,32,39,40,41,42,49,50
1256,11,20,21,22,29,30,31,32,39,40,41,42,49,50
1257,11,20,21,22,29,30,31,32,39,40,41,42,49,50
1258,11,20,21,22,29,30,31,32,39,40,41,42,49,50
1259,11,20,21,22,29,30,31,32,39,40,41,42,49,50
1260,11,20,21,22,29,30,31,32,39,40,41,42,49,50
1261,11,20,21,22,29,30,31,32,39,40,41,42,49,50
1262,11,20,21,22,29,30,31,32,39,40,41,42,49,50
1263,11,20,21,22,29,30,31,32,39,40,41,42,49,50
1264,11,20,21,22,29,30,31,32,39,40,41,42,49,50
1265,11,20,21,22,29,30,31,32,39,40,41,42,49,50
1266,11,20,21,22,29,30,31,32,39,40,41,42,49,50
1267,11,20,21,22,29,30,31,32,39,40,41,42,49,50
1268,11,20,21,22,29,30,31,32,39,40,41,42,49,50
1269,11,20,21,22,29,30,31,32,39,40,41,42,49,50
1270,11,20,21,22,29,30,31,32,39,40,41,42,49,50
1271,11,20,21,22,29,30,31,32,39,40,41,42,49,50
1272,11,20,21,22,29,30,31,32,39,40,41,42,49,50
1273,11,20,21,22,29,30,31,32,39,40,41,42,49,50
1274,11,20,21,22,29,30,31,32,39,40,41,42,49,50
1275,11,20,21,22,29,30,31,32,39,40,41,42,49,50
1276,11,20,21,22,29,30,31,32,39,40,41,42,49,50
1277,11,20,21,22,29,30,31,32,39,40,41,42,49,50
1278,11,20,21,22,29,30,31,32,39,40,41,42,49,50
1279,11,20,21,22,29,30,31,32,39,40,41,42,49,50
1280,11,20,21,22,29,30,31,32,39,40,41,42,49,50
1281,11,20,21,22,29,30,31,32,39,40,41,42,49,50
1282,11,20,21,22,29,30,31,32,39,40,41,42,49,50
1283,11,20,21,22,29,30,31,32,39,40,41,42,49,50
1284,11,20,21,22,29,30,31,32,39,40,41,42,49,50
1285,11,20,21,22,29,30,31,32,39,40,41,42,49,50
1286,11,20,21,22,29,30,31,32,39,40,41,42,49,50
1287,11,20,21,22,29,30,31,32,39,40,41,42,49,50
1288,11,20,21,22,29,30,31,32,39,40,41,42,49,50
1289,11,20,21,22,29,30,31,32,39,40,41,42,49,50
1290,11,20,21,22,29,30,31,32,39,40,41,42,49,50
1291,11,20,21,22,29,30,31,32,39,40,41,42,49,50
1292,11,20,21,22,29,30,31,32,39,40,41,42,49,50
1293,11,20,21,22,29,30,31,32,39,40,41,42,49,50
1294,11,20,21,22,29,30,31,32,39,40,41,42,49,50
1295,11,20,21,22,29,30,31,32,39,40,41,42,49,50
1296,11,20,21,22,29,30,31,32,39,40,41,42,49,50
1297,11,20,21,22,29,30,31,32,39,40,41,42,49,50
1298,11,20,21,22,29,30,31,32,39,40,41,42,49,50
1299,11,20,21,22,29,30,31,32,39,40,41,42,49,50
1300,11,20,21,22,29,30,31,32,39,40,41,42,49,50
1301,11,20,21,22,29,30,31,32,39,40,41,42,49,50
1302,11,20,21,22,29,30,31,32,39,40,41,42,49,50
1303,11,20,21,22,29,30,31,32,39,40,41,42,49,50
1304,11,20,21,22,29,30,31,32,39,40,41,42,49,50
1305,11,20,21,22,29,30,31,32,39,40,41,42,49,50
1306,11,20,21,22,29,30,31,32,39,40,41,42,49,50
1307,11,20,21,22,29,30,31,32,39,40,41,42,49,50
1308,11,20,21,22,29,30,31,32,39,40,41,42,49,50
1309,11,20,21,22,29,30,31,32,39,40,41,42,49,50
1310,11,20,21,22,29,30,31,32,39,40,41,42,49,50
1311,11,20,21,22,29,30,31,32,39,40,41,42,49,50
1312,11,20,21,22,29,30,31,32,39,40,41,42,49,50
1313,11,20,21,22,29,30,31,32,39,40,41,42,49,50
1314,11,20,21,22,29,30,31,32,39,40,41,42,49,50
1315,11,20,21,22,29,30,31,32,39,40,41,42,49,50
1316,11,20,21,22,29,30,31,32,39,40,41,42,49,50
1317,11,20,21,22,29,30,31,32,39,40,41,42,49,50
1318,11,20,21,22,29,30,31,32,39,40,41,42,49,50
1319,11,20,21,22,29,30,31,32,39,40,41,42,49,50
1320,11,20,21,22,29,30,31,32,39,40,41,42,49,50
1321,11,20,21,22,29,30,31,32,39,40,41,42,49,50
1322,11,20,21,22,29,30,31,32,39,40,41,42,49,50
1323,11,20,21,22,29,30,31,32,39,40,41,42,49,50
1324,11,20,21,22,29,30,31,32,39,40,41,42,49,50
1325,11,20,21,22,29,30,31,32,39,40,41,42,49,50
1326,11,20,21,22,29,30,31,32,39,40,41,42,49,50
1327,11,20,21,22,29,30,31,32,39,40,41,42,49,50
1328,11,20,21,22,29,30,31,32,39,40,41,42,49,50
1329,11,20,21,22,29,30,31,32,39,40,41,42,49,50
1330,11,20,21,22,29,30,31,32,39,40,41,42,49,50
1331,11,20,21,22,29,30,31,32,39,40,41,42,49,50
1332,11,20,21,22,29,30,31,32,39,40,41,42,49,50
1333,11,20,21,22,29,30,31,32,39,40,41,42,49,50
1334,11,20,21,22,29,30,31,32,39,40,41,42,49,50
1335,11,20,21,22,29,30,31,32,39,40,41,42,49,50
1336,11,20,21,22,29,30,31,32,39,40,41,42,49,50
1337,11,20,21,22,29,30,31,32,39,40,41,42,49,50
1338,11,20,21,22,29,30,31,32,39,40,41,42,49,50
1339,11,20,21,22,29,30,31,32,39,40,41,42,49,50
1340,11,20,21,22,29,30,31,32,39,40,41,42,49,50
1341,11,20,21,22,29,30,31,32,39,40,41,42,49,50
1342,11,20,21,22,29,30,31,32,39,40,41,42,49,50
1343,11,20,21,22,29,30,31,32,39,40,41,42,49,50
1344,11,20,21,22,29,30,31,32,39,40,41,42,49,50
1345,11,20,21,22,29,30,31,32,39,40,41,42,49,50
1346,11,20,21,22,29,30,31,32,39,40,41,42,49,50
1347,11,20,21,22,29,30,31,32,39,40,41,42,49,50
1348,11,20,21,22,29,30,31,32,39,40,41,42,49,50
1349,11,20,21,22,29,30,31,32,39,40,41,42,49,50
1350,11,20,21,22,29,30,31,32,39,40,41,42,49,50
1351,11,20,21,22,29,30,31,32,39,40,41,42,49,50
1352,11,20,21,22,29,30,31,32,39,40,41,42,49,50
1353,11,20,21,22,29,30,31,32,39,40,41,42,49,50
1354,11,20,21,22,29,30,31,32,39,40,41,42,49,50
1355,11,20,21,22,29,30,31,32,39,40,41,42,49,50
1356,11,20,21,22,29,30,31,32,39,40,41,42,49,50
1357,11,20,21,22,29,30,31,32,39,40,41,42,49,50
1358,11,20,21,22,29,30,31,32,39,40,41,42,49,50
1359,11,20,21,22,29,30,31,32,39,40,41,42,49,50
1360,11,20,21,22,29,30,31,32,39,40,41,42,49,50
1361,11,20,21,22,29,30,31,32,39,40,41,42,49,50
1362,11,20,21,22,29,30,31,32,39,40,41,42,49,50
1363,11,20,21,22,29,30,31,32,39,40,41,42,49,50
1364,11,20,21,22,29,30,31,32,39,40,41,42,49,50
1365,11,20,21,22,29,30,31,32,39,40,41,42,49,50
1366,11,20,21,22,29,30,31,32,39,40,41,42,49,50
1367,11,20,21,22,29,30,31,32,39,40,41,42,49,50
1368,11,20,21,22,29,30,31,32,39,40,41,42,49,50
1369,11,20,21,22,29,30,31,32,39,40,41,42,49,50
1370,11,20,21,22,29,30,31,32,39,40,41,42,49,50
1371,11,20,21,22,29,30,31,32,39,40,41,42,49,50
1372,11,20,21,22,29,30,31,32,39,40,41,42,49,50
1373,11,20,21,22,29,30,31,32,39,40,41,42,49,50
1374,11,20,21,22,29,30,31,32,39,40,41,42,49,50
1375,11,20,21,22,29,30,31,32,39,40,41,42,49,50
1376,11,20,21,22,29,30,31,32,39,40,41,42,49,50
1377,11,20,21,22,29,30,31,32,39,40,41,42,49,50
1378,11,20,21,22,29,30,31,32,39,40,41,42,49,50
1379,11,20,21,22,29,30,31,32,39,40,41,42,49,50
1380,11,20,21,22,29,30,31,32,39,40,41,42,49,50
1381,11,20,21,22,29,30,31,32,39,40,41,42,49,50
1382,11,20,21,22,29,30,31,32,39,40,41,42,49,50
1383,20,21,22,29,30,31,32,39,40,41,42,49,50
1384,20,21,22,29,30,31,32,39,40,41,42,49,50
1385,20,21,22,29,30,31,32,39,40,41,42,49,50
1386,20,21,22,29,30,31,32,39,40,41,42,49,50
1387,20,21,22,29,30,31,32,39,40,41,42,49,50
1388,20,21,22,29,30,31,32,39,40,41,42,49,50
1389,20,21,22,29,30,31,32,39,40,41,42,49,50
1390,20,21,22,29,30,31,32,39,40,41,42,49,50
1391,20,21,22,29,30,31,32,39,40,41,42,49,50
1392,20,21,22,29,30,31,32,39,40,41,42,49,50
1393,20,21,22,29,30,31,32,39,40,41,42,49,50
1394,20,21,22,29,30,31,32,39,40,41,42,49,50
1395,20,21,22,29,30,31,32,39,40,41,42,49,50
1396,20,21,22,29,30,31,32,39,40,41,42,49,50
1397,19,20,21,22,29,30,31,32,39,40,41,49,50
1398,19,20,21,22,29,30,31,32,39,40,41,49,50
1399,19,20,21,29,30,31,39,40,41,49,50
1400,19,20,21,29,30,31,39,40,41,49,50
1401,19,20,21,28,29,30,31,38,39,40,41,49,50
1402,19,20,21,28,29,30,31,38,39,40,41,49,50
1403,19,20,21,28,29,30,31,38,39,40,41,49,50
1404,19,20,21,28,29,30,31,38,39,40,41,49,50
1405,19,20,21,28,29,30,31,38,39,40,41,48,49,50
1406,19,20,21,28,29,30,31,38,39,40,41,48,49,50
1407,19,20,21,28,29,30,31,38,39,40,41,48,49,50
1408,19,20,21,28,29,30,31,38,39,40,41,48,49,50
1409,19,20,21,28,29,30,31,38,39,40,41,48,49,50
1410,19,20,21,28,29,30,31,38,39,40,41,48,49,50
1411,19,20,21,28,29,30,31,38,39,40,41,48,49,50
1412,19,20,21,28,29,30,31,38,39,40,41,48,49,50
1413,19,20,21,28,29,30,31,38,39,40,41,48,49,50
1414,19,20,21,28,29,30,31,38,39,40,41,48,49,50
1415,19,20,21,28,29,30,31,38,39,40,41,48,49,50
1416,19,20,21,28,29,30,31,38,39,40,41,48,49,50
1417,19,20,21,28,29,30,31,38,39,40,41,48,49,50
1418,19,20,21,28,29,30,31,38,39,40,41,48,49,50
1419,19,20,21,28,29,30,31,38,39,40,41,48,49,50
1420,19,20,21,28,29,30,31,38,39,40,41,48,49,50
1421,19,20,21,28,29,30,31,38,39,40,41,48,49,50
1422,19,20,21,28,29,30,31,38,39,40,41,48,49,50
1423,19,20,21,28,29,30,31,38,39,40,41,48,49,50
1424,19,20,21,28,29,30,31,38,39,40,41,48,49,50
1425,19,20,21,28,29,30,31,38,39,40,41,48,49,50
1426,19,20,21,28,29,30,31,38,39,40,41,48,49,50
1427,19,20,21,28,29,30,31,38,39,40,41,48,49,50
1428,19,20,21,28,29,30,31,38,39,40,41,48,49,50
1429,19,20,21,28,29,30,31,38,39,40,48,49,50
1430,19,20,21,28,29,30,31,38,39,40,48,49,50
1431,19,20,21,28,29,30,31,38,39,40,48,49,50
1432,19,20,21,28,29,30,31,38,39,40,48,49,50
1433,19,20,21,28,29,30,31,38,39,40,48,49,50
1434,19,20,21,28,29,30,31,38,39,40,48,49,50
1435,19,20,21,28,29,30,31,38,39,40,48,49,50
1436,19,20,21,28,29,30,31,38,39,40,48,49,50
1437,19,20,21,28,29,30,31,38,39,40,48,49,50
1438,19,20,21,28,29,30,31,38,39,40,48,49,50
1439,19,20,21,28,29,30,31,38,39,40,48,49,50
1440,19,20,21,28,29,30,31,38,39,40,48,49,50
1441,19,20,28,29,30,38,39,40,48,49,50
1442,19,20,28,29,30,38,39,40,48,49,50
1443,19,20,27,28,29,30,37,38,39,40,48,49,50
1444,19,20,27,28,29,30,37,38,39,40,48,49,50
1445,18,19,20,27,28,29,30,37,38,39,40,48,49,50
1446,18,19,20,27,28,29,30,37,38,39,40,48,49,50
1447,18,19,20,27,28,29,30,37,38,39,40,48,49,50
1448,18,19,20,27,28,29,30,37,38,39,40,48,49,50
1449,18,19,20,27,28,29,30,37,38,39,40,47,48,49,50
1450,18,19,20,27,28,29,30,37,38,39,40,47,48,49,50
1451,18,19,27,28,29,30,37,38,39,40,47,48,49,50
1452,18,19,27,28,29,30,37,38,39,40,47,48,49,50
1453,18,19,27,28,29,30,37,38,39,40,47,48,49,50
1454,18,19,27,28,29,30,37,38,39,40,47,48,49,50
1455,18,19,27,28,29,30,37,38,39,40,47,48,49,50
1456,18,19,27,28,29,30,37,38,39,40,47,48,49,50
1457,18,19,27,28,29,30,37,38,39,40,47,48,49
1458,18,19,27,28,29,30,37,38,39,40,47,48,49
1459,18,19,27,28,29,37,38,39,40,47,48,49
1460,18,19,27,28,29,37,38,39,40,47,48,49
1461,18,19,26,27,28,29,36,37,38,39,47,48,49
1462,18,19,26,27,28,29,36,37,38,39,47,48,49
1463,18,19,26,27,28,29,36,37,38,39,46,47,48,49
1464,18,19,26,27,28,29,36,37,38,39,46,47,48,49
1465,17,18,26,27,28,29,36,37,38,39,46,47,48,49
1466,17,18,26,27,28,29,36,37,38,39,46,47,48,49
1467,17,18,26,27,28,29,36,37,38,39,46,47,48,49
1468,17,18,26,27,28,29,36,37,38,39,46,47,48,49
1469,17,18,26,27,28,29,36,37,38,39,46,47,48,49
1470,17,18,26,27,28,29,36,37,38,39,46,47,48,49
1471,17,18,26,27,28,29,36,37,38,39,46,47,48,49
1472,17,18,26,27,28,29,36,37,38,39,46,47,48,49
1473,17,18,26,27,28,29,36,37,38,39,46,47,48
1474,17,18,26,27,28,29,36,37,38,39,46,47,48
1475,17,18,26,27,28,29,36,37,38,39,46,47,48
1476,17,18,26,27,28,29,36,37,38,39,46,47,48
1477,17,18,26,27,28,29,36,37,38,39,46,47,48
1478,17,18,26,27,28,29,36,37,38,39,46,47,48
1479,17,18,26,27,28,36,37,38,46,47,48
1480,17,18,26,27,28,36,37,38,46,47,48
1481,16,17,18,25,26,27,28,35,36,37,38,46,47,48
1482,16,17,18,25,26,27,28,35,36,37,38,46,47,48
1483,16,17,18,25,26,27,28,35,36,37,38,46,47,48
1484,16,17,18,25,26,27,28,35,36,37,38,46,47,48
1485,16,17,18,25,26,27,28,35,36,37,38,46,47,48
1486,16,17,18,25,26,27,28,35,36,37,38,46,47,48
1487,16,17,18,25,26,27,28,35,36,37,38,46,47,48
1488,16,17,18,25,26,27,28,35,36,37,38,46,47,48
1489,16,17,18,25,26,27,28,35,36,37,38,46,47,48
1490,16,17,18,25,26,27,28,35,36,37,38,46,47,48
1491,15,16,17,18,25,26,27,28,35,36,37,38,46,47
1492,15,16,17,18,25,26,27,28,35,36,37,38,46,47
1493,15,16,17,18,25,26,27,28,35,36,37,38,46,47
1494,15,16,17,18,25,26,27,28,35,36,37,38,46,47
1495,15,16,17,18,25,26,27,28,35,36,37,38,46,47
1496,15,16,17,18,25,26,27,28,35,36,37,38,46,47
1497,15,16,17,18,25,26,27,28,35,36,37,38,46,47
1498,15,16,17,18,25,26,27,28,35,36,37,38,46,47
1499,15,16,17,18,25,26,27,28,35,36,37,38,46,47
1500,15,16,17,18,25,26,27,28,35,36,37,38,46,47
1501,15,16,17,18,25,26,27,28,35,36,37,38,46,47
1502,15,16,17,18,25,26,27,28,35,36,37,38,46,47
1503,15,16,17,18,25,26,27,28,35,36,37,38,46,47
1504,15,16,17,18,25,26,27,28,35,36,37,38,46,47
1505,15,16,17,18,25,26,27,28,35,36,37,38,46,47
1506,15,16,17,18,25,26,27,28,35,36,37,38,46,47
1507,15,16,17,18,25,26,27,28,35,36,37,38,46
1508,15,16,17,18,25,26,27,28,35,36,37,38,46
1509,15,16,17,18,25,26,27,28,35,36,37,38,46
1510,15,16,17,18,25,26,27,28,35,36,37,38,46
1511,15,16,17,18,25,26,27,28,35,36,37,38,46
1512,15,16,17,18,25,26,27,28,35,36,37,38,46
1513,15,16,17,18,25,26,27,28,35,36,37,38,46
1514,15,16,17,18,25,26,27,28,35,36,37,38,46
1515,15,16,17,18,25,26,27,28,35,36,37,38,46
1516,15,16,17,18,25,26,27,28,35,36,37,38,46
1517,15,16,17,18,25,26,27,28,35,36,37,38,46
1518,15,16,17,18,25,26,27,28,35,36,37,38,46
1519,15,16,17,18,25,26,27,28,35,36,37,38,46,47
1520,15,16,17,18,25,26,27,28,35,36,37,38,46,47
1521,15,16,17,18,25,26,27,28,35,36,37,38,46,47
1522,15,16,17,18,25,26,27,28,35,36,37,38,46,47
1523,15,16,17,18,25,26,27,28,35,36,37,38,46,47
1524,15,16,17,18,25,26,27,28,35,36,37,38,46,47
1525,15,16,17,18,25,26,27,28,35,36,37,38,46,47
1526,15,16,17,18,25,26,27,28,35,36,37,38,46,47
1527,15,16,17,18,25,26,27,28,35,36,37,38,46,47
1528,15,16,17,18,25,26,27,28,35,36,37,38,46,47
1529,15,16,17,18,25,26,27,28,35,36,37,38,46,47
1530,15,16,17,18,25,26,27,28,35,36,37,38,46,47
1531,15,16,17,18,25,26,27,28,35,36,37,38,46,47
1532,15,16,17,18,25,26,27,28,35,36,37,38,46,47
1533,15,16,17,18,25,26,27,28,35,36,37,38,46,47
1534,15,16,17,18,25,26,27,28,35,36,37,38,46,47
1535,15,16,17,18,25,26,27,28,35,36,37,38,46,47
1536,15,16,17,18,25,26,27,28,35,36,37,38,46,47
1537,15,16,17,18,25,26,27,28,35,36,37,38,46,47
1538,15,16,17,18,25,26,27,28,35,36,37,38,46,47
1539,15,16,17,18,25,26,27,28,35,36,37,38,46
1540,15,16,17,18,25,26,27,28,35,36,37,38,46
1541,15,16,17,18,25,26,27,28,35,36,37,38
1542,15,16,17,18,25,26,27,28,35,36,37,38
1543,15,16,17,18,25,26,27,28,35,36,37,38
1544,15,16,17,18,25,26,27,28,35,36,37,38
1545,15,16,17,18,25,26,27,28,35,36,37,38
1546,15,16,17,18,25,26,27,28,35,36,37,38
1547,7,15,16,17,18,25,26,27,28,35,36,37,38
1548,7,15,16,17,18,25,26,27,28,35,36,37,38
1549,6,7,15,16,17,18,25,26,27,28,35,36,37,38
1550,6,7,15,16,17,18,25,26,27,28,35,36,37,38
1551,6,7,15,16,17,18,25,26,27,28,35,36,37,38
1552,6,7,15,16,17,18,25,26,27,28,35,36,37,38
1553,6,7,15,16,17,18,25,26,27,28,35,36,37,38
1554,6,7,15,16,17,18,25,26,27,28,35,36,37,38
1555,6,7,15,16,17,18,25,26,27,28,35,36,37,38
1556,6,7,15,16,17,18,25,26,27,28,35,36,37,38
1557,6,7,15,16,17,18,25,26,27,28,35,36,37,38
1558,6,7,15,16,17,18,25,26,27,28,35,36,37,38
1559,6,7,15,16,17,18,25,26,27,28,35,36,37,38
1560,6,7,15,16,17,18,25,26,27,28,35,36,37,38
1561,6,7,15,16,17,18,25,26,27,28,35,36,37,38
1562,6,7,15,16,17,18,25,26,27,28,35,36,37,38
1563,6,7,15,16,17,18,25,26,27,28,35,36,37,38
1564,6,7,15,16,17,18,25,26,27,28,35,36,37,38
1565,6,7,15,16,17,18,25,26,27,28,35,36,37,38
1566,6,7,15,16,17,18,25,26,27,28,35,36,37,38
1567,6,7,15,16,17,18,25,26,27,28,35,36,37,38
1568,6,7,15,16,17,18,25,26,27,28,35,36,37,38
1569,6,7,15,16,17,18,25,26,27,28,35,36,37,38
1570,6,7,15,16,17,18,25,26,27,28,35,36,37,38
1571,6,7,15,16,17,18,25,26,27,28,35,36,37,38
1572,6,7,15,16,17,18,25,26,27,28,35,36,37,38
1573,6,7,15,16,17,18,25,26,27,28,35,36,37,38
1574,6,7,15,16,17,18,25,26,27,28,35,36,37,38
1575,6,7,15,16,17,18,25,26,27,28,35,36,37,38
1576,6,7,15,16,17,18,25,26,27,28,35,36,37,38
1577,6,7,15,16,17,18,25,26,27,28,35,36,37,38
1578,6,7,15,16,17,18,25,26,27,28,35,36,37,38
1579,6,7,15,16,17,18,25,26,27,28,35,36,37,38
1580,6,7,15,16,17,18,25,26,27,28,35,36,37,38
1581,6,7,15,16,17,18,25,26,27,28,35,36,37,38
1582,6,7,15,16,17,18,25,26,27,28,35,36,37,38
1583,6,7,15,16,17,18,25,26,27,28,35,36,37,38
1584,6,7,15,16,17,18,25,26,27,28,35,36,37,38
1585,6,7,15,16,17,18,25,26,27,28,35,36,37,38
1586,6,7,15,16,17,18,25,26,27,28,35,36,37,38
1587,6,7,15,16,17,18,25,26,27,28,35,36,37,38
1588,6,7,15,16,17,18,25,26,27,28,35,36,37,38
1589,6,7,15,16,17,18,25,26,27,28,35,36,37,38
1590,6,7,15,16,17,18,25,26,27,28,35,36,37,38
1591,6,7,15,16,17,18,25,26,27,28,35,36,37,38
1592,6,7,15,16,17,18,25,26,27,28,35,36,37,38
1593,6,7,15,16,17,18,25,26,27,28,35,36,37,38
1594,6,7,15,16,17,18,25,26,27,28,35,36,37,38
1595,6,7,15,16,17,18,25,26,27,28,35,36,37,38
1596,6,7,15,16,17,18,25,26,27,28,35,36,37,38
1597,6,7,15,16,17,18,25,26,27,28,35,36,37,38
1598,6,7,15,16,17,18,25,26,27,28,35,36,37,38
1599,6,7,15,16,17,18,25,26,27,28,35,36,37,38
1600,6,7,15,16,17,18,25,26,27,28,35,36,37,38
1601,6,7,15,16,17,18,25,26,27,28,35,36,37,38
1602,6,7,15,16,17,18,25,26,27,28,35,36,37,38
1603,6,7,15,16,17,18,25,26,27,28,35,36,37,38
1604,6,7,15,16,17,18,25,26,27,28,35,36,37,38
1605,6,7,8,15,16,17,18,25,26,27,28,36,37,38
1606,6,7,8,15,16,17,18,25,26,27,28,36,37,38
1607,6,7,8,15,16,17,18,25,26,27,28,36,37,38
1608,6,7,8,15,16,17,18,25,26,27,28,36,37,38
1609,6,7,8,15,16,17,18,25,26,27,28,36,37,38
1610,6,7,8,15,16,17,18,25,26,27,28,36,37,38
1611,6,7,8,15,16,17,18,25,26,27,28,36,37,38
1612,6,7,8,15,16,17,18,25,26,27,28,36,37,38
1613,6,7,8,15,16,17,18,25,26,27,28,36,37,38
1614,6,7,8,15,16,17,18,25,26,27,28,36,37,38
1615,6,7,8,15,16,17,18,25,26,27,28,36,37,38
1616,6,7,8,15,16,17,18,25,26,27,28,36,37,38
1617,6,7,8,15,16,17,18,25,26,27,28,36,37,38
1618,6,7,8,15,16,17,18,25,26,27,28,36,37,38
1619,6,7,8,15,16,17,18,25,26,27,28,36,37,38
1620,6,7,8,15,16,17,18,25,26,27,28,36,37,38
1621,6,7,8,15,16,17,18,25,26,27,28,36,37,38
1622,6,7,8,15,16,17,18,25,26,27,28,36,37,38
1623,6,7,8,15,16,17,18,25,26,27,28,36,37,38
1624,6,7,8,15,16,17,18,25,26,27,28,36,37,38
1625,6,7,8,15,16,17,18,25,26,27,28,36,37,38
1626,6,7,8,15,16,17,18,25,26,27,28,36,37,38
1627,6,7,8,15,16,17,18,25,26,27,28,36,37,38
1628,6,7,8,15,16,17,18,25,26,27,28,36,37,38
1629,6,7,8,15,16,17,18,25,26,27,28,36,37
1630,6,7,8,15,16,17,18,25,26,27,28,36,37
1631,6,7,8,15,16,17,18,25,26,27,28,36,37
1632,6,7,8,15,16,17,18,25,26,27,28,36,37
1633,6,7,8,15,16,17,18,25,26,27,28,36,37
1634,6,7,8,15,16,17,18,25,26,27,28,36,37
1635,6,7,8,15,16,17,18,25,26,27,28,36,37
1636,6,7,8,15,16,17,18,25,26,27,28,36,37
1637,6,7,8,15,16,17,18,25,26,27,28,36,37
1638,6,7,8,15,16,17,18,25,26,27,28,36,37
1639,5,6,7,8,15,16,17,18,25,26,27,28,36,37
1640,5,6,7,8,15,16,17,18,25,26,27,28,36,37
1641,5,6,7,8,15,16,17,18,25,26,27,28,35,36,37
1642,5,6,7,8,15,16,17,18,25,26,27,28,35,36,37
1643,5,6,7,8,15,16,17,18,25,26,27,28,35,36,37
1644,5,6,7,8,15,16,17,18,25,26,27,28,35,36,37
1645,5,6,7,8,15,16,17,18,25,26,27,28,35,36,37
1646,5,6,7,8,15,16,17,18,25,26,27,28,35,36,37
1647,5,6,7,8,15,16,17,18,25,26,27,28,35,36,37
1648,5,6,7,8,15,16,17,18,25,26,27,28,35,36,37
1649,5,6,7,8,15,16,17,18,25,26,27,28,35,36,37
1650,5,6,7,8,15,16,17,18,25,26,27,28,35,36,37
1651,5,6,7,15,16,17,18,25,26,27,28,35,36,37
1652,5,6,7,15,16,17,18,25,26,27,28,35,36,37
1653,5,6,7,15,16,17,18,25,26,27,28,35,36,37
1654,5,6,7,15,16,17,18,25,26,27,28,35,36,37
1655,5,6,7,15,16,17,18,25,26,27,28,35,36,37
1656,5,6,7,15,16,17,18,25,26,27,28,35,36,37
1657,5,6,7,15,16,17,18,25,26,27,28,35,36,37
1658,5,6,7,15,16,17,18,25,26,27,28,35,36,37
1659,5,6,7,15,16,17,18,25,26,27,28,35,36,37
1660,5,6,7,15,16,17,18,25,26,27,28,35,36,37
1661,5,6,7,15,16,17,18,25,26,27,28,35,36,37
1662,5,6,7,15,16,17,18,25,26,27,28,35,36,37
1663,5,6,7,15,16,17,18,25,26,27,28,35,36,37
1664,5,6,7,15,16,17,18,25,26,27,28,35,36,37
1665,5,6,7,15,16,17,18,25,26,27,28,35,36,37
1666,5,6,7,15,16,17,18,25,26,27,28,35,36,37
1667,5,6,7,15,16,17,18,25,26,27,28,35,36,37
1668,5,6,7,15,16,17,18,25,26,27,28,35,36,37
1669,5,6,7,15,16,17,18,25,26,27,28,35,36,37
1670,5,6,7,15,16,17,18,25,26,27,28,35,36,37
1671,5,6,7,15,16,17,18,25,26,27,28,35,36,37
1672,5,6,7,15,16,17,18,25,26,27,28,35,36,37
1673,5,6,7,15,16,17,18,25,26,27,28,35,36,37
1674,5,6,7,15,16,17,18,25,26,27,28,35,36,37
1675,5,6,7,15,16,17,18,25,26,27,28,35,36,37
1676,5,6,7,15,16,17,18,25,26,27,28,35,36,37
1677,5,6,7,15,16,17,18,25,26,27,28,35,36,37
1678,5,6,7,15,16,17,18,25,26,27,28,35,36,37
1679,5,6,7,15,16,17,18,25,26,27,28,35,36,37
1680,5,6,7,15,16,17,18,25,26,27,28,35,36,37
1681,5,6,7,15,16,17,18,25,26,27,28,35,36,37
1682,5,6,7,15,16,17,18,25,26,27,28,35,36,37
1683,5,6,7,15,16,17,18,25,26,27,28,35,36,37
1684,5,6,7,15,16,17,18,25,26,27,28,35,36,37
1685,5,6,7,15,16,17,18,25,26,27,28,35,36,37
1686,5,6,7,15,16,17,18,25,26,27,28,35,36,37
1687,5,6,7,15,16,17,18,25,26,27,28,35,36,37
1688,5,6,7,15,16,17,18,25,26,27,28,35,36,37
1689,5,6,7,15,16,17,18,25,26,27,28,35,36,37
1690,5,6,7,15,16,17,18,25,26,27,28,35,36,37
1691,5,6,7,15,16,17,18,25,26,27,28,35,36,37
1692,5,6,7,15,16,17,18,25,26,27,28,35,36,37
1693,5,6,7,15,16,17,18,25,26,27,28,35,36,37
1694,5,6,7,15,16,17,18,25,26,27,28,35,36,37
1695,5,6,7,15,16,17,18,25,26,27,28,35,36,37
1696,5,6,7,15,16,17,18,25,26,27,28,35,36,37
1697,5,6,7,8,15,16,17,18,25,26,27,28,35,36,37
1698,5,6,7,8,15,16,17,18,25,26,27,28,35,36,37
1699,5,6,7,8,15,16,17,18,25,26,27,28,35,36,37
1700,5,6,7,8,15,16,17,18,25,26,27,28,35,36,37
1701,5,6,7,8,15,16,17,18,25,26,27,28,36,37
1702,5,6,7,8,15,16,17,18,25,26,27,28,36,37
1703,5,6,7,8,15,16,17,18,25,26,27,28,36,37
1704,5,6,7,8,15,16,17,18,25,26,27,28,36,37
1705,5,6,7,8,15,16,17,18,25,26,27,28,36,37
1706,5,6,7,8,15,16,17,18,25,26,27,28,36,37
1707,5,6,7,8,15,16,17,18,25,26,27,28,36,37
1708,5,6,7,8,15,16,17,18,25,26,27,28,36,37
1709,5,6,7,8,15,16,17,18,25,26,27,28,36,37
1710,5,6,7,8,15,16,17,18,25,26,27,28,36,37
1711,6,7,8,15,16,17,18,25,26,27,28,36,37,38
1712,6,7,8,15,16,17,18,25,26,27,28,36,37,38
1713,6,7,8,15,16,17,18,25,26,27,28,36,37,38
1714,6,7,8,15,16,17,18,25,26,27,28,36,37,38
1715,6,7,8,15,16,17,18,25,26,27,28,36,37,38
1716,6,7,8,15,16,17,18,25,26,27,28,36,37,38
1717,6,7,8,15,16,17,18,25,26,27,28,36,37,38
1718,6,7,8,15,16,17,18,25,26,27,28,36,37,38
1719,7,8,15,16,17,18,25,26,27,28,36,37,38
1720,7,8,15,16,17,18,25,26,27,28,36,37,38
1721,7,15,16,17,18,25,26,27,28,36,37,38
1722,7,15,16,17,18,25,26,27,28,36,37,38
1723,7,16,17,18,25,26,27,28,36,37,38
1724,7,16,17,18,25,26,27,28,36,37,38
1725,7,16,17,18,25,26,27,28,36,37,38
1726,7,16,17,18,25,26,27,28,36,37,38
1727,16,17,18,25,26,27,28,36,37,38
1728,16,17,18,25,26,27,28,36,37,38
1729,16,17,18,25,26,27,28,36,37,38
1730,16,17,18,25,26,27,28,36,37,38
1731,16,17,18,25,26,27,28,36,37,38,47
1732,16,17,18,25,26,27,28,36,37,38,47
1733,16,17,18,25,26,27,28,36,37,38,47
1734,16,17,18,25,26,27,28,36,37,38,47
1735,16,17,18,25,26,27,28,36,37,38,46,47
1736,16,17,18,25,26,27,28,36,37,38,46,47
1737,16,17,18,25,26,27,28,36,37,38,46,47
1738,16,17,18,25,26,27,28,36,37,38,46,47
1739,16,17,18,25,26,27,28,36,37,38,46,47
1740,16,17,18,25,26,27,28,36,37,38,46,47
1741,16,17,18,25,26,27,28,36,37,38,46,47
1742,16,17,18,25,26,27,28,36,37,38,46,47
1743,16,17,18,25,26,27,28,36,37,38,46,47
1744,16,17,18,25,26,27,28,36,37,38,46,47
1745,16,17,18,25,26,27,28,36,37,38,46,47
1746,16,17,18,25,26,27,28,36,37,38,46,47
1747,16,17,18,25,26,27,28,36,37,38,46,47
1748,16,17,18,25,26,27,28,36,37,38,46,47
1749,16,17,18,25,26,27,28,35,36,37,38,46,47
1750,16,17,18,25,26,27,28,35,36,37,38,46,47
1751,16,17,18,25,26,27,28,35,36,37,38,46,47
1752,16,17,18,25,26,27,28,35,36,37,38,46,47
1753,16,17,18,25,26,27,28,35,36,37,38,46,47
1754,16,17,18,25,26,27,28,35,36,37,38,46,47
1755,16,17,18,25,26,27,28,35,36,37,38,46,47
1756,16,17,18,25,26,27,28,35,36,37,38,46,47
1757,16,17,18,25,26,27,28,35,36,37,38,46,47
1758,16,17,18,25,26,27,28,35,36,37,38,46,47
1759,16,17,18,25,26,27,28,35,36,37,38,46,47
1760,16,17,18,25,26,27,28,35,36,37,38,46,47
1761,16,17,18,25,26,27,28,35,36,37,38,46,47
1762,16,17,18,25,26,27,28,35,36,37,38,46,47
1763,16,17,18,25,26,27,28,35,36,37,38,46,47
1764,16,17,18,25,26,27,28,35,36,37,38,46,47
1765,16,17,18,25,26,27,28,35,36,37,38,46,47
1766,16,17,18,25,26,27,28,35,36,37,38,46,47
1767,16,17,18,25,26,27,28,35,36,37,38,46,47
1768,16,17,18,25,26,27,28,35,36,37,38,46,47
1769,16,17,18,25,26,27,28,35,36,37,38,46,47
1770,16,17,18,25,26,27,28,35,36,37,38,46,47
1771,16,17,18,25,26,27,28,35,36,37,38,46,47
1772,16,17,18,25,26,27,28,35,36,37,38,46,47
1773,16,17,18,25,26,27,28,35,36,37,38,46,47
1774,16,17,18,25,26,27,28,35,36,37,38,46,47
1775,16,17,18,25,26,27,28,35,36,37,38,46,47
1776,16,17,18,25,26,27,28,35,36,37,38,46,47
1777,16,17,18,25,26,27,28,35,36,37,38,46,47
1778,16,17,18,25,26,27,28,35,36,37,38,46,47
1779,16,17,18,25,26,27,28,35,36,37,38,46,47
1780,16,17,18,25,26,27,28,35,36,37,38,46,47
1781,16,17,18,25,26,27,28,35,36,37,38,46,47
1782,16,17,18,25,26,27,28,35,36,37,38,46,47
1783,16,17,18,25,26,27,28,35,36,37,38,46,47
1784,16,17,18,25,26,27,28,35,36,37,38,46,47
1785,16,17,18,25,26,27,28,35,36,37,38,46,47
1786,16,17,18,25,26,27,28,35,36,37,38,46,47
1787,16,17,18,25,26,27,28,35,36,37,38,46,47
1788,16,17,18,25,26,27,28,35,36,37,38,46,47
1789,16,17,18,25,26,27,28,35,36,37,38,46,47
1790,16,17,18,25,26,27,28,35,36,37,38,46,47
1791,16,17,18,25,26,27,28,35,36,37,38,46,47
1792,16,17,18,25,26,27,28,35,36,37,38,46,47
1793,16,17,18,25,26,27,28,35,36,37,38,46,47
1794,16,17,18,25,26,27,28,35,36,37,38,46,47
1795,16,17,18,25,26,27,28,35,36,37,38,46,47
1796,16,17,18,25,26,27,28,35,36,37,38,46,47
1797,16,17,18,25,26,27,28,35,36,37,38,46,47
1798,16,17,18,25,26,27,28,35,36,37,38,46,47
1799,16,17,18,25,26,27,28,35,36,37,38,46,47
1800,16,17,18,25,26,27,28,35,36,37,38,46,47
