1,7,8,12,13,17,18
2,7,8,12,13,17,18
3,7,8,12,13,17,18
4,7,8,12,13,17,18
5,7,8,12,13,17,18,23
6,7,8,12,13,17,18,23
7,7,8,12,13,17,18,22,23
8,7,8,12,13,17,18,22,23
9,7,8,12,13,17,18,22,23
10,7,8,12,13,17,18,22,23
11,7,8,12,13,17,18,22,23
12,7,8,12,13,17,18,22,23
13,7,8,12,13,17,18,22,23
14,7,8,12,13,17,18,22,23
15,7,8,12,13,17,18,22,23
16,7,8,12,13,17,18,22,23
17,8,12,13,17,18,22,23
18,8,12,13,17,18,22,23
19,8,12,13,17,18,22,23
20,8,12,13,17,18,22,23
21,8,12,13,17,18,22,23
22,8,12,13,17,18,22,23
23,7,8,12,13,17,18,22,23
24,7,8,12,13,17,18,22,23
25,7,8,12,13,17,18,22,23
26,7,8,12,13,17,18,22,23
27,3,7,8,12,13,17,18
28,3,7,8,12,13,17,18
29,2,3,7,8,12,13,17,18
30,2,3,7,8,12,13,17,18
31,2,3,7,8,12,13,17,18
32,2,3,7,8,12,13,17,18
33,2,3,7,8,12,13,17,18
34,2,3,7,8,12,13,17,18
35,2,3,7,8,12,13,17,18
36,2,3,7,8,12,13,17,18
37,2,3,7,8,12,13,17,18
38,2,3,7,8,12,13,17,18
39,2,3,7,8,12,13,17,18
40,2,3,7,8,12,13,17,18
41,2,3,7,8,12,13,17,18
42,2,3,7,8,12,13,17,18
43,2,3,7,8,12,13,17,18
44,2,3,7,8,12,13,17,18
45,2,3,7,8,12,13,17,18
46,2,3,7,8,12,13,17,18
47,2,3,7,8,12,13,17,18
48,2,3,7,8,12,13,17,18
49,2,3,7,8,12,13,17,18
50,2,3,7,8,12,13,17,18
51,2,3,7,8,9,12,13,14,17,18
52,2,3,7,8,9,12,13,14,17,18
53,2,3,7,8,9,12,13,14,17,18
54,2,3,7,8,9,12,13,14,17,18
55,2,3,7,8,9,12,13,14,17,18
56,2,3,7,8,9,12,13,14,17,18
57,2,3,4,7,8,9,12,13,14,17,18
58,2,3,4,7,8,9,12,13,14,17,18
59,2,3,4,7,8,9,12,13,14,17,18
60,2,3,4,7,8,9,12,13,14,17,18
61,2,3,4,7,8,9,12,13,14,17,18
62,2,3,4,7,8,9,12,13,14,17,18
63,2,3,4,7,8,9,12,13,14,17,18
64,2,3,4,7,8,9,12,13,14,17,18
65,2,3,7,8,9,12,13,14,17,18
66,2,3,7,8,9,12,13,14,17,18
67,2,3,7,8,9,12,13,14,17,18
68,2,3,7,8,9,12,13,14,17,18
69,2,3,7,8,12,13,17,18
70,2,3,7,8,12,13,17,18
71,3,7,8,12,13,17,18
72,3,7,8,12,13,17,18
73,3,7,8,12,13,17,18
74,3,7,8,12,13,17,18
75,3,7,8,12,13,17,18
76,3,7,8,12,13,17,18
77,7,8,12,13,17,18,22,23
78,7,8,12,13,17,18,22,23
79,7,8,12,13,17,18,22,23
80,7,8,12,13,17,18,22,23
81,7,8,12,13,17,18,22,23
82,7,8,12,13,17,18,22,23
83,7,8,12,13,17,18,22,23
84,7,8,12,13,17,18,22,23
85,7,8,11,12,13,16,17,18,22
86,7,8,11,12,13,16,17,18,22
87,6,7,8,11,12,13,16,17,18,22
88,6,7,8,11,12,13,16,17,18,22
89,6,7,8,11,12,13,16,17,18,22
90,6,7,8,11,12,13,16,17,18,22
91,6,7,8,11,12,13,16,17,18,22
92,6,7,8,11,12,13,16,17,18,22
93,6,7,8,11,12,13,16,17,18,22
94,6,7,8,11,12,13,16,17,18,22
95,6,7,8,11,12,13,16,17,18,22
96,6,7,8,11,12,13,16,17,18,22
97,6,7,8,11,12,13,16,17,18,22
98,6,7,8,11,12,13,16,17,18,22
99,6,7,8,11,12,13,16,17,18,22
100,6,7,8,11,12,13,16,17,18,22
101,6,7,11,12,13,16,17,18,22
102,6,7,11,12,13,16,17,18,22
103,6,7,11,12,13,16,17,22
104,6,7,11,12,13,16,17,22
105,6,7,11,12,16,17,22
106,6,7,11,12,16,17,22
107,6,7,11,12,16,17,22
108,6,7,11,12,16,17,22
109,6,7,11,12,16,17,22
110,6,7,11,12,16,17,22
111,6,7,11,12,16,17,22
112,6,7,11,12,16,17,22
113,6,7,11,12,16,17
114,6,7,11,12,16,17
115,6,7,11,12,16,17
116,6,7,11,12,16,17
117,6,7,11,12,16,17
118,6,7,11,12,16,17
119,6,7,11,12,16,17
120,6,7,11,12,16,17
121,6,7,11,12,16,17
122,6,7,11,12,16,17
123,1,6,7,11,12,16,17
124,1,6,7,11,12,16,17
125,1,2,6,7,11,12,16,17
126,1,2,6,7,11,12,16,17
127,1,2,6,7,11,12,16,17
128,1,2,6,7,11,12,16,17
129,1,2,6,7,11,12,16,17
130,1,2,6,7,11,12,16,17
131,1,2,6,7,11,12,16,17
132,1,2,6,7,11,12,16,17
133,1,2,6,7,11,12,16,17
134,1,2,6,7,11,12,16,17
135,1,2,6,7,11,12,16,17
136,1,2,6,7,11,12,16,17
137,1,2,6,7,11,12,16,17
138,1,2,6,7,11,12,16,17
139,1,2,6,7,11,12,16,17
140,1,2,6,7,11,12,16,17
141,1,2,6,7,11,12,16,17
142,1,2,6,7,11,12,16,17
143,2,6,7,11,12,16,17
144,2,6,7,11,12,16,17
145,2,6,7,8,11,12,13,16,17
146,2,6,7,8,11,12,13,16,17
147,2,3,6,7,8,11,12,13,17,18
148,2,3,6,7,8,11,12,13,17,18
149,2,3,7,8,12,13,17,18
150,2,3,7,8,12,13,17,18
151,2,3,7,8,12,13,17,18
152,2,3,7,8,12,13,17,18
153,2,3,7,8,12,13,17,18
154,2,3,7,8,12,13,17,18
155,3,7,8,12,13,17,18
156,3,7,8,12,13,17,18
157,3,7,8,9,12,13,14,17,18
158,3,7,8,9,12,13,14,17,18
159,3,7,8,9,12,13,14,17,18
160,3,7,8,9,12,13,14,17,18
161,3,7,8,9,12,13,14,17,18,19
162,3,7,8,9,12,13,14,17,18,19
163,3,7,8,9,12,13,14,18,19
164,3,7,8,9,12,13,14,18,19
165,3,4,7,8,9,12,13,14,18,19
166,3,4,7,8,9,12,13,14,18,19
167,3,4,7,8,9,12,13,14,18,19
168,3,4,7,8,9,12,13,14,18,19
169,3,4,7,8,9,12,13,14,18,19
170,3,4,7,8,9,12,13,14,18,19
171,3,4,8,9,13,14,18,19
172,3,4,8,9,13,14,18,19
173,3,4,8,9,13,14,18,19
174,3,4,8,9,13,14,18,19
175,3,4,8,9,13,14,18,19
176,3,4,8,9,13,14,18,19
177,3,4,8,9,13,14,18,19
178,3,4,8,9,13,14,18,19
179,3,4,8,9,13,14,18,19
180,3,4,8,9,13,14,18,19
181,3,4,8,9,13,14,18,19
182,3,4,8,9,13,14,18,19
183,3,4,8,9,13,14,18,19
184,3,4,8,9,13,14,18,19
185,3,4,8,9,13,14,18,19
186,3,4,8,9,13,14,18,19
187,3,4,8,9,13,14,18,19
188,3,4,8,9,13,14,18,19
189,3,4,8,9,13,14,18,19
190,3,4,8,9,13,14,18,19
191,3,4,8,9,13,14,18,19
192,3,4,8,9,13,14,18,19
193,3,4,8,9,13,14,18,19
194,3,4,8,9,13,14,18,19
195,3,4,8,9,13,14,18,19
196,3,4,8,9,13,14,18,19
197,3,4,5,8,9,10,13,14,19
198,3,4,5,8,9,10,13,14,19
199,3,4,5,8,9,10,13,14,19
200,3,4,5,8,9,10,13,14,19
201,3,4,5,8,9,10,13,14
202,3,4,5,8,9,10,13,14
203,3,4,5,8,9,10,13,14
204,3,4,5,8,9,10,13,14
205,1,2,3,4,5,8,9,10,13,14
206,1,2,3,4,5,8,9,10,13,14
207,1,2,3,4,5,8,9,10,13,14
208,1,2,3,4,5,8,9,10,13,14
209,1,2,3,4,5,8,9,10,13,14
210,1,2,3,4,5,8,9,10,13,14
211,1,2,3,4,5,8,9,10,13,14
212,1,2,3,4,5,8,9,10,13,14
213,1,2,3,4,5,8,9,10,13,14
214,1,2,3,4,5,8,9,10,13,14
215,3,4,5,8,9,10,13,14
216,3,4,5,8,9,10,13,14
217,3,4,5,8,9,10,13,14
218,3,4,5,8,9,10,13,14
219,3,4,5,8,9,10,13,14
220,3,4,5,8,9,10,13,14
221,3,4,5,8,9,10,13,14
222,3,4,5,8,9,10,13,14
223,3,4,5,8,9,10,13,14
224,3,4,5,8,9,10,13,14
225,3,4,5,8,9,10,13,14
226,3,4,5,8,9,10,13,14
227,3,4,5,8,9,10,13,14
228,3,4,5,8,9,10,13,14
229,3,4,5,8,9,10,13,14
230,3,4,5,8,9,10,13,14
231,3,4,5,8,9,10,13,14
232,3,4,5,8,9,10,13,14
233,3,4,5,8,9,10,13,14
234,3,4,5,8,9,10,13,14
235,3,4,5,8,9,10,13,14
236,3,4,5,8,9,10,13,14
237,3,4,5,8,9,10,13,14
238,3,4,5,8,9,10,13,14
239,3,4,5,8,9,10,13,14
240,3,4,5,8,9,10,13,14
241,3,4,5,8,9,10,13,14
242,3,4,5,8,9,10,13,14
243,3,4,5,8,9,10,13,14,19
244,3,4,5,8,9,10,13,14,19
245,3,4,5,8,9,10,13,14,19
246,3,4,5,8,9,10,13,14,19
247,3,4,5,8,9,10,13,14,19
248,3,4,5,8,9,10,13,14,19
249,3,4,5,8,9,10,13,14,19
250,3,4,5,8,9,10,13,14,19
251,3,4,5,8,9,10,13,14,19
252,3,4,5,8,9,10,13,14,19
253,3,4,5,8,9,10,13,14,18,19
254,3,4,5,8,9,10,13,14,18,19
255,3,4,8,9,13,14,18,19
256,3,4,8,9,13,14,18,19
257,3,4,8,9,13,14,18,19
258,3,4,8,9,13,14,18,19
259,3,4,8,9,13,14,18,19
260,3,4,8,9,13,14,18,19
261,3,4,8,9,13,14,18,19
262,3,4,8,9,13,14,18,19
263,3,4,8,9,13,14,18,19
264,3,4,8,9,13,14,18,19
265,3,4,8,9,13,14,18,19
266,3,4,8,9,13,14,18,19
267,3,4,8,9,13,14,18,19
268,3,4,8,9,13,14,18,19
269,3,4,8,9,13,14,18,19
270,3,4,8,9,13,14,18,19
271,3,4,8,9,13,14,18,19
272,3,4,8,9,13,14,18,19
273,3,4,8,9,10,13,14,18,19
274,3,4,8,9,10,13,14,18,19
275,3,4,8,9,10,13,14,15,18,19
276,3,4,8,9,10,13,14,15,18,19
277,3,4,8,9,10,13,14,15,18,19
278,3,4,8,9,10,13,14,15,18,19
279,4,8,9,10,13,14,15,18,19
280,4,8,9,10,13,14,15,18,19
281,4,8,9,10,13,14,15,18,19
282,4,8,9,10,13,14,15,18,19
283,4,8,9,10,13,14,15,18,19
284,4,8,9,10,13,14,15,18,19
285,4,8,9,10,13,14,15,18,19
286,4,8,9,10,13,14,15,18,19
287,4,8,9,10,13,14,15,18,19
288,4,8,9,10,13,14,15,18,19
289,4,8,9,10,13,14,15,18,19
290,4,8,9,10,13,14,15,18,19
291,4,5,8,9,10,13,14,15,18,19
292,4,5,8,9,10,13,14,15,18,19
293,4,5,8,9,10,13,14,15,18,19
294,4,5,8,9,10,13,14,15,18,19
295,4,5,8,9,10,13,14,15,18,19
296,4,5,8,9,10,13,14,15,18,19
297,4,5,8,9,10,13,14,15,18,19
298,4,5,8,9,10,13,14,15,18,19
299,4,5,8,9,10,13,14,15,18,19
300,4,5,8,9,10,13,14,15,18,19
301,4,5,8,9,10,13,14,15,18,19
302,4,5,8,9,10,13,14,15,18,19
303,4,5,8,9,10,13,14,15,18,19
304,4,5,8,9,10,13,14,15,18,19
305,4,8,9,10,13,14,15,18,19
306,4,8,9,10,13,14,15,18,19
307,4,8,9,10,13,14,15,18,19
308,4,8,9,10,13,14,15,18,19
309,4,8,9,10,13,14,15,18,19
310,4,8,9,10,13,14,15,18,19
311,4,8,9,10,13,14,15,18,19
312,4,8,9,10,13,14,15,18,19
313,4,8,9,10,13,14,15,18,19
314,4,8,9,10,13,14,15,18,19
315,4,8,9,10,13,14,15,18,19
316,4,8,9,10,13,14,15,18,19
317,4,8,9,10,13,14,15,18,19
318,4,8,9,10,13,14,15,18,19
319,4,8,9,10,13,14,15,18,19
320,4,8,9,10,13,14,15,18,19
321,4,8,9,10,13,14,15,18,19
322,4,8,9,10,13,14,15,18,19
323,4,8,9,10,13,14,15,18,19
324,4,8,9,10,13,14,15,18,19
325,4,8,9,10,13,14,15,18,19
326,4,8,9,10,13,14,15,18,19
327,4,8,9,10,13,14,15,18,19
328,4,8,9,10,13,14,15,18,19
329,4,8,9,10,13,14,15,18,19
330,4,8,9,10,13,14,15,18,19
331,4,8,9,10,13,14,15,18,19
332,4,8,9,10,13,14,15,18,19
333,4,8,9,10,13,14,15,18,19
334,4,8,9,10,13,14,15,18,19
335,4,8,9,10,13,14,15,18,19,20
336,4,8,9,10,13,14,15,18,19,20
337,4,8,9,10,13,14,15,18,19,20
338,4,8,9,10,13,14,15,18,19,20
339,8,9,10,13,14,15,18,19,20
340,8,9,10,13,14,15,18,19,20
341,8,9,10,13,14,15,18,19,20,24
342,8,9,10,13,14,15,18,19,20,24
343,8,9,10,13,14,15,18,19,20,24
344,8,9,10,13,14,15,18,19,20,24
345,8,9,13,14,15,18,19,20,24
346,8,9,13,14,15,18,19,20,24
347,8,9,13,14,15,18,19,20,23,24
348,8,9,13,14,15,18,19,20,23,24
349,8,9,13,14,15,18,19,20,23,24
350,8,9,13,14,15,18,19,20,23,24
351,9,13,14,15,18,19,20,23,24
352,9,13,14,15,18,19,20,23,24
353,9,13,14,15,18,19,20,23,24
354,9,13,14,15,18,19,20,23,24
355,9,13,14,15,18,19,20,23,24
356,9,13,14,15,18,19,20,23,24
357,9,13,14,15,18,19,20,23,24
358,9,13,14,15,18,19,20,23,24
359,9,13,14,15,18,19,20,23,24,25
360,9,13,14,15,18,19,20,23,24,25
361,9,13,14,15,18,19,20,23,24,25
362,9,13,14,15,18,19,20,23,24,25
363,9,13,14,15,18,19,20,23,24,25
364,9,13,14,15,18,19,20,23,24,25
365,9,13,14,15,18,19,20,23,24,25
366,9,13,14,15,18,19,20,23,24,25
367,13,14,15,18,19,20,21,22,23,24,25
368,13,14,15,18,19,20,21,22,23,24,25
369,13,14,15,18,19,20,21,22,23,24,25
370,13,14,15,18,19,20,21,22,23,24,25
371,13,14,15,18,19,20,21,22,23,24,25
372,13,14,15,18,19,20,21,22,23,24,25
373,13,14,18,19,20,21,22,23,24,25
374,13,14,18,19,20,21,22,23,24,25
375,13,14,18,19,20,21,22,23,24,25
376,13,14,18,19,20,21,22,23,24,25
377,13,14,18,19,20,21,22,23,24,25
378,13,14,18,19,20,21,22,23,24,25
379,13,14,17,18,19,20,21,22,23,24,25
380,13,14,17,18,19,20,21,22,23,24,25
381,13,14,17,18,19,20,21,22,23,24,25
382,13,14,17,18,19,20,21,22,23,24,25
383,13,14,17,18,19,20,21,22,23,24,25
384,13,14,17,18,19,20,21,22,23,24,25
385,13,14,17,18,19,20,21,22,23,24,25
386,13,14,17,18,19,20,21,22,23,24,25
387,13,14,17,18,19,20,21,22,23,24,25
388,13,14,17,18,19,20,21,22,23,24,25
389,13,14,17,18,19,20,21,22,23,24,25
390,13,14,17,18,19,20,21,22,23,24,25
391,14,17,18,19,20,21,22,23,24,25
392,14,17,18,19,20,21,22,23,24,25
393,17,18,19,20,21,22,23,24,25
394,17,18,19,20,21,22,23,24,25
395,17,18,19,20,21,22,23,24,25
396,17,18,19,20,21,22,23,24,25
397,16,17,18,19,20,21,22,23,24,25
398,16,17,18,19,20,21,22,23,24,25
399,16,17,18,19,20,21,22,23,24,25
400,16,17,18,19,20,21,22,23,24,25
401,16,17,18,19,20,21,22,23,24,25
402,16,17,18,19,20,21,22,23,24,25
403,16,17,18,19,20,21,22,23,24,25
404,16,17,18,19,20,21,22,23,24,25
405,16,17,18,19,20,21,22,23,24,25
406,16,17,18,19,20,21,22,23,24,25
407,16,17,18,19,20,21,22,23,24,25
408,16,17,18,19,20,21,22,23,24,25
409,16,17,18,19,20,21,22,23,24,25
410,16,17,18,19,20,21,22,23,24,25
411,16,17,18,19,20,21,22,23,24,25
412,16,17,18,19,20,21,22,23,24,25
413,16,17,18,19,20,21,22,23,24,25
414,16,17,18,19,20,21,22,23,24,25
415,16,17,18,19,20,21,22,23,24,25
416,16,17,18,19,20,21,22,23,24,25
417,16,17,18,19,20,21,22,23,24,25
418,16,17,18,19,20,21,22,23,24,25
419,16,17,18,19,20,21,22,23,24,25
420,16,17,18,19,20,21,22,23,24,25
421,16,17,18,19,20,21,22,23,24,25
422,16,17,18,19,20,21,22,23,24,25
423,16,17,18,19,20,21,22,23,24,25
424,16,17,18,19,20,21,22,23,24,25
425,16,17,18,19,20,21,22,23,24,25
426,16,17,18,19,20,21,22,23,24,25
427,16,17,18,19,20,21,22,23,24,25
428,16,17,18,19,20,21,22,23,24,25
429,16,17,18,19,20,21,22,23,24,25
430,16,17,18,19,20,21,22,23,24,25
431,16,17,18,19,20,21,22,23,24,25
432,16,17,18,19,20,21,22,23,24,25
433,16,17,18,19,20,21,22,23,24,25
434,16,17,18,19,20,21,22,23,24,25
435,16,17,18,19,20,21,22,23,24,25
436,16,17,18,19,20,21,22,23,24,25
437,16,17,18,19,20,21,22,23,24,25
438,16,17,18,19,20,21,22,23,24,25
439,16,17,18,19,20,21,22,23,24,25
440,16,17,18,19,20,21,22,23,24,25
441,16,17,18,19,20,21,22,23,24,25
442,16,17,18,19,20,21,22,23,24,25
443,13,16,17,18,19,20,21,22,23,24,25
444,13,16,17,18,19,20,21,22,23,24,25
445,13,16,17,18,19,21,22,23,24,25
446,13,16,17,18,19,21,22,23,24,25
447,13,16,17,18,19,21,22,23,24,25
448,13,16,17,18,19,21,22,23,24,25
449,13,16,17,18,19,21,22,23,24,25
450,13,16,17,18,19,21,22,23,24,25
451,13,17,18,19,21,22,23,24,25
452,13,17,18,19,21,22,23,24,25
453,13,17,18,19,21,22,23,24,25
454,13,17,18,19,21,22,23,24,25
455,13,17,18,19,21,22,23,24,25
456,13,17,18,19,21,22,23,24,25
457,13,17,18,19,21,22,23,24,25
458,13,17,18,19,21,22,23,24,25
459,13,17,18,19,21,22,23,24,25
460,13,17,18,19,21,22,23,24,25
461,13,17,18,19,21,22,23,24,25
462,13,17,18,19,21,22,23,24,25
463,13,17,18,19,21,22,23,24,25
464,13,17,18,19,21,22,23,24,25
465,13,17,18,19,21,22,23,24,25
466,13,17,18,19,21,22,23,24,25
467,13,17,18,19,21,22,23,24,25
468,13,17,18,19,21,22,23,24,25
469,13,17,18,19,21,22,23,24,25
470,13,17,18,19,21,22,23,24,25
471,13,17,18,19,21,22,23,24,25
472,13,17,18,19,21,22,23,24,25
473,13,17,18,19,21,22,23,24,25
474,13,17,18,19,21,22,23,24,25
475,13,17,18,19,21,22,23,24,25
476,13,17,18,19,21,22,23,24,25
477,13,17,18,19,21,22,23,24,25
478,13,17,18,19,21,22,23,24,25
479,13,17,18,19,21,22,23,24,25
480,13,17,18,19,21,22,23,24,25
481,13,16,17,18,19,21,22,23,24,25
482,13,16,17,18,19,21,22,23,24,25
483,13,16,17,18,19,21,22,23,24,25
484,13,16,17,18,19,21,22,23,24,25
485,13,16,17,18,19,21,22,23,24,25
486,13,16,17,18,19,21,22,23,24,25
487,13,16,17,18,19,21,22,23,24,25
488,13,16,17,18,19,21,22,23,24,25
489,13,16,17,18,19,21,22,23,24,25
490,13,16,17,18,19,21,22,23,24,25
491,13,16,17,18,19,21,22,23,24,25
492,13,16,17,18,19,21,22,23,24,25
493,13,16,17,18,19,21,22,23,24,25
494,13,16,17,18,19,21,22,23,24,25
495,13,16,17,18,19,21,22,23,24,25
496,13,16,17,18,19,21,22,23,24,25
497,16,17,18,19,21,22,23,24,25
498,16,17,18,19,21,22,23,24,25
499,16,17,18,19,21,22,23,24,25
500,16,17,18,19,21,22,23,24,25
501,16,17,18,19,21,22,23,24,25
502,16,17,18,19,21,22,23,24,25
503,16,17,18,19,21,22,23,24,25
504,16,17,18,19,21,22,23,24,25
505,13,16,17,18,19,21,22,23,24,25
506,13,16,17,18,19,21,22,23,24,25
507,16,17,18,19,21,22,23,24,25
508,16,17,18,19,21,22,23,24,25
509,16,17,18,19,21,22,23,24,25
510,16,17,18,19,21,22,23,24,25
511,16,17,18,19,21,22,23,24,25
512,16,17,18,19,21,22,23,24,25
513,16,17,18,19,21,22,23,24,25
514,16,17,18,19,21,22,23,24,25
515,16,17,18,19,21,22,23,24,25
516,16,17,18,19,21,22,23,24,25
517,16,17,18,19,21,22,23,24,25
518,16,17,18,19,21,22,23,24,25
519,16,17,18,19,21,22,23,24,25
520,16,17,18,19,21,22,23,24,25
521,16,17,18,19,21,22,23,24,25
522,16,17,18,19,21,22,23,24,25
523,13,16,17,18,19,21,22,23,24,25
524,13,16,17,18,19,21,22,23,24,25
525,16,17,18,19,21,22,23,24,25
526,16,17,18,19,21,22,23,24,25
527,16,17,18,19,21,22,23,24,25
528,16,17,18,19,21,22,23,24,25
529,16,17,18,19,21,22,23,24,25
530,16,17,18,19,21,22,23,24,25
531,16,17,18,19,21,22,23,24,25
532,16,17,18,19,21,22,23,24,25
533,16,17,18,19,21,22,23,24,25
534,16,17,18,19,21,22,23,24,25
535,16,17,18,19,21,22,23,24,25
536,16,17,18,19,21,22,23,24,25
537,16,17,18,19,21,22,23,24,25
538,16,17,18,19,21,22,23,24,25
539,16,17,18,19,21,22,23,24,25
540,16,17,18,19,21,22,23,24,25
541,16,17,18,19,21,22,23,24,25
542,16,17,18,19,21,22,23,24,25
543,16,17,18,19,21,22,23,24,25
544,16,17,18,19,21,22,23,24,25
545,16,17,18,19,21,22,23,24,25
546,16,17,18,19,21,22,23,24,25
547,16,17,18,19,21,22,23,24,25
548,16,17,18,19,21,22,23,24,25
549,16,17,18,19,21,22,23,24,25
550,16,17,18,19,21,22,23,24,25
551,16,17,18,19,21,22,23,24,25
552,16,17,18,19,21,22,23,24,25
553,16,17,18,19,21,22,23,24,25
554,16,17,18,19,21,22,23,24,25
555,16,17,18,19,21,22,23,24,25
556,16,17,18,19,21,22,23,24,25
557,16,17,18,19,21,22,23,24,25
558,16,17,18,19,21,22,23,24,25
559,16,17,18,19,21,22,23,24,25
560,16,17,18,19,21,22,23,24,25
561,16,17,18,19,21,22,23,24,25
562,16,17,18,19,21,22,23,24,25
563,16,17,18,19,21,22,23,24,25
564,16,17,18,19,21,22,23,24,25
565,16,17,18,19,21,22,23,24,25
566,16,17,18,19,21,22,23,24,25
567,16,17,18,19,21,22,23,24,25
568,16,17,18,19,21,22,23,24,25
569,12,16,17,18,19,21,22,23,24,25
570,12,16,17,18,19,21,22,23,24,25
571,12,13,16,17,18,19,21,22,23,24,25
572,12,13,16,17,18,19,21,22,23,24,25
573,12,13,16,17,18,19,21,22,23,24,25
574,12,13,16,17,18,19,21,22,23,24,25
575,12,13,16,17,18,19,21,22,23,24,25
576,12,13,16,17,18,19,21,22,23,24,25
577,12,13,16,17,18,19,21,22,23,24,25
578,12,13,16,17,18,19,21,22,23,24,25
579,12,13,16,17,18,19,21,22,23,24,25
580,12,13,16,17,18,19,21,22,23,24,25
581,12,13,16,17,18,19,21,22,23,24,25
582,12,13,16,17,18,19,21,22,23,24,25
583,12,13,16,17,18,19,21,22,23,24,25
584,12,13,16,17,18,19,21,22,23,24,25
585,12,13,16,17,18,19,21,22,23,24,25
586,12,13,16,17,18,19,21,22,23,24,25
587,12,13,16,17,18,19,21,22,23,24,25
588,12,13,16,17,18,19,21,22,23,24,25
589,12,13,16,17,18,19,21,22,23,24,25
590,12,13,16,17,18,19,21,22,23,24,25
591,12,13,16,17,18,19,21,22,23,24,25
592,12,13,16,17,18,19,21,22,23,24,25
593,12,13,16,17,18,19,21,22,23,24,25
594,12,13,16,17,18,19,21,22,23,24,25
595,12,13,16,17,18,19,21,22,23,24,25
596,12,13,16,17,18,19,21,22,23,24,25
597,12,13,16,17,18,19,21,22,23,24,25
598,12,13,16,17,18,19,21,22,23,24,25
599,12,13,16,17,18,19,21,22,23,24,25
600,12,13,16,17,18,19,21,22,23,24,25
601,12,13,16,17,18,19,21,22,23,24,25
602,12,13,16,17,18,19,21,22,23,24,25
603,12,13,16,17,18,19,21,22,23,24,25
604,12,13,16,17,18,19,21,22,23,24,25
605,12,13,16,17,18,19,21,22,23,24,25
606,12,13,16,17,18,19,21,22,23,24,25
607,12,13,16,17,18,19,21,22,23,24,25
608,12,13,16,17,18,19,21,22,23,24,25
609,12,13,16,17,18,19,21,22,23,24,25
610,12,13,16,17,18,19,21,22,23,24,25
611,12,13,16,17,18,19,21,22,23,24,25
612,12,13,16,17,18,19,21,22,23,24,25
613,12,13,16,17,18,19,21,22,23,24,25
614,12,13,16,17,18,19,21,22,23,24,25
615,12,13,16,17,18,19,21,22,23,24,25
616,12,13,16,17,18,19,21,22,23,24,25
617,12,13,16,17,18,19,21,22,23,24,25
618,12,13,16,17,18,19,21,22,23,24,25
619,12,13,16,17,18,19,21,22,23,24,25
620,12,13,16,17,18,19,21,22,23,24,25
621,12,13,16,17,18,19,21,22,23,24,25
622,12,13,16,17,18,19,21,22,23,24,25
623,12,13,16,17,18,19,21,22,23,24,25
624,12,13,16,17,18,19,21,22,23,24,25
625,16,17,18,19,21,22,23,24,25
626,16,17,18,19,21,22,23,24,25
627,16,17,18,19,21,22,23,24,25
628,16,17,18,19,21,22,23,24,25
629,16,17,18,19,20,21,22,23,24,25
630,16,17,18,19,20,21,22,23,24,25
631,16,17,18,19,20,21,22,23,24,25
632,16,17,18,19,20,21,22,23,24,25
633,16,17,18,19,20,21,22,23,24,25
634,16,17,18,19,20,21,22,23,24,25
635,16,17,18,19,20,21,22,23,24,25
636,16,17,18,19,20,21,22,23,24,25
637,16,17,18,19,20,21,22,23,24,25
638,16,17,18,19,20,21,22,23,24,25
639,16,17,18,19,20,21,22,23,24,25
640,16,17,18,19,20,21,22,23,24,25
641,16,17,18,19,20,21,22,23,24,25
642,16,17,18,19,20,21,22,23,24,25
643,16,17,18,19,20,21,22,23,24,25
644,16,17,18,19,20,21,22,23,24,25
645,16,17,18,19,20,21,22,23,24,25
646,16,17,18,19,20,21,22,23,24,25
647,16,17,18,19,20,21,22,23,24,25
648,16,17,18,19,20,21,22,23,24,25
649,16,17,18,19,20,21,22,23,24,25
650,16,17,18,19,20,21,22,23,24,25
651,16,17,18,19,20,21,22,23,24,25
652,16,17,18,19,20,21,22,23,24,25
653,16,17,18,19,20,21,22,23,24,25
654,16,17,18,19,20,21,22,23,24,25
655,16,17,18,19,20,21,22,23,24,25
656,16,17,18,19,20,21,22,23,24,25
657,16,17,18,19,21,22,23,24,25
658,16,17,18,19,21,22,23,24,25
659,16,17,18,19,21,22,23,24,25
660,16,17,18,19,21,22,23,24,25
661,12,16,17,18,19,21,22,23,24,25
662,12,16,17,18,19,21,22,23,24,25
663,12,16,17,18,19,21,22,23,24,25
664,12,16,17,18,19,21,22,23,24,25
665,12,16,17,18,19,21,22,23,24,25
666,12,16,17,18,19,21,22,23,24,25
667,12,13,16,17,18,19,21,22,23,24,25
668,12,13,16,17,18,19,21,22,23,24,25
669,12,13,16,17,18,19,21,22,23,24,25
670,12,13,16,17,18,19,21,22,23,24,25
671,12,13,16,17,18,19,21,22,23,24,25
672,12,13,16,17,18,19,21,22,23,24,25
673,12,13,16,17,18,19,21,22,23,24,25
674,12,13,16,17,18,19,21,22,23,24,25
675,12,13,16,17,18,19,21,22,23,24,25
676,12,13,16,17,18,19,21,22,23,24,25
677,12,13,16,17,18,19,21,22,23,24,25
678,12,13,16,17,18,19,21,22,23,24,25
679,12,13,16,17,18,19,21,22,23,24,25
680,12,13,16,17,18,19,21,22,23,24,25
681,12,13,16,17,18,19,21,22,23,24,25
682,12,13,16,17,18,19,21,22,23,24,25
683,12,13,16,17,18,19,21,22,23,24,25
684,12,13,16,17,18,19,21,22,23,24,25
685,12,13,16,17,18,19,21,22,23,24,25
686,12,13,16,17,18,19,21,22,23,24,25
687,12,13,16,17,18,19,21,22,23,24,25
688,12,13,16,17,18,19,21,22,23,24,25
689,12,13,16,17,18,19,21,22,23,24,25
690,12,13,16,17,18,19,21,22,23,24,25
691,12,13,16,17,18,19,21,22,23,24,25
692,12,13,16,17,18,19,21,22,23,24,25
693,12,13,16,17,18,19,21,22,23,24,25
694,12,13,16,17,18,19,21,22,23,24,25
695,12,13,16,17,18,19,21,22,23,24,25
696,12,13,16,17,18,19,21,22,23,24,25
697,13,16,17,18,19,21,22,23,24,25
698,13,16,17,18,19,21,22,23,24,25
699,13,16,17,18,19,21,22,23,24,25
700,13,16,17,18,19,21,22,23,24,25
701,13,16,17,18,19,21,22,23,24,25
702,13,16,17,18,19,21,22,23,24,25
703,13,16,17,18,19,21,22,23,24,25
704,13,16,17,18,19,21,22,23,24,25
705,16,17,18,19,21,22,23,24,25
706,16,17,18,19,21,22,23,24,25
707,16,17,18,19,21,22,23,24,25
708,16,17,18,19,21,22,23,24,25
709,16,17,18,19,20,21,22,23,24,25
710,16,17,18,19,20,21,22,23,24,25
711,16,17,18,19,20,21,22,23,24,25
712,16,17,18,19,20,21,22,23,24,25
713,16,17,18,19,20,21,22,23,24,25
714,16,17,18,19,20,21,22,23,24,25
715,16,17,18,19,20,21,22,23,24,25
716,16,17,18,19,20,21,22,23,24,25
717,16,17,18,19,20,21,22,23,24,25
718,16,17,18,19,20,21,22,23,24,25
719,16,17,18,19,20,21,22,23,24,25
720,16,17,18,19,20,21,22,23,24,25
721,16,17,18,19,20,21,22,23,24,25
722,16,17,18,19,20,21,22,23,24,25
723,16,17,18,19,20,21,22,23,24,25
724,16,17,18,19,20,21,22,23,24,25
725,16,17,18,19,21,22,23,24,25
726,16,17,18,19,21,22,23,24,25
727,16,17,18,19,21,22,23,24,25
728,16,17,18,19,21,22,23,24,25
729,16,17,18,19,21,22,23,24,25
730,16,17,18,19,21,22,23,24,25
731,16,17,18,19,21,22,23,24,25
732,16,17,18,19,21,22,23,24,25
733,16,17,18,19,21,22,23,24,25
734,16,17,18,19,21,22,23,24,25
735,16,17,18,19,21,22,23,24,25
736,16,17,18,19,21,22,23,24,25
737,16,17,18,19,20,21,22,23,24,25
738,16,17,18,19,20,21,22,23,24,25
739,16,17,18,19,20,21,22,23,24,25
740,16,17,18,19,20,21,22,23,24,25
741,16,17,18,19,20,21,22,23,24,25
742,16,17,18,19,20,21,22,23,24,25
743,16,17,18,19,20,21,22,23,24,25
744,16,17,18,19,20,21,22,23,24,25
745,16,17,18,19,20,21,22,23,24,25
746,16,17,18,19,20,21,22,23,24,25
747,16,17,18,19,20,21,22,23,24,25
748,16,17,18,19,20,21,22,23,24,25
749,16,17,18,19,20,21,22,23,24,25
750,16,17,18,19,20,21,22,23,24,25
751,16,17,18,19,20,21,22,23,24,25
752,16,17,18,19,20,21,22,23,24,25
753,16,17,18,19,20,21,22,23,24,25
754,16,17,18,19,20,21,22,23,24,25
755,16,17,18,19,20,21,22,23,24,25
756,16,17,18,19,20,21,22,23,24,25
757,16,17,18,19,20,21,22,23,24,25
758,16,17,18,19,20,21,22,23,24,25
759,16,17,18,19,20,21,22,23,24,25
760,16,17,18,19,20,21,22,23,24,25
761,16,17,18,19,20,21,22,23,24,25
762,16,17,18,19,20,21,22,23,24,25
763,16,17,18,19,20,21,22,23,24,25
764,16,17,18,19,20,21,22,23,24,25
765,16,17,18,19,21,22,23,24,25
766,16,17,18,19,21,22,23,24,25
767,16,17,18,19,21,22,23,24,25
768,16,17,18,19,21,22,23,24,25
769,16,17,18,19,21,22,23,24,25
770,16,17,18,19,21,22,23,24,25
771,16,17,18,19,21,22,23,24,25
772,16,17,18,19,21,22,23,24,25
773,16,17,18,19,21,22,23,24,25
774,16,17,18,19,21,22,23,24,25
775,16,17,18,19,21,22,23,24,25
776,16,17,18,19,21,22,23,24,25
777,16,17,18,19,21,22,23,24,25
778,16,17,18,19,21,22,23,24,25
779,12,16,17,18,19,21,22,23,24,25
780,12,16,17,18,19,21,22,23,24,25
781,12,16,17,18,19,21,22,23,24,25
782,12,16,17,18,19,21,22,23,24,25
783,12,16,17,18,19,21,22,23,24,25
784,12,16,17,18,19,21,22,23,24,25
785,12,13,16,17,18,19,21,22,23,24,25
786,12,13,16,17,18,19,21,22,23,24,25
787,12,13,16,17,18,19,21,22,23,24,25
788,12,13,16,17,18,19,21,22,23,24,25
789,12,13,16,17,18,19,21,22,23,24,25
790,12,13,16,17,18,19,21,22,23,24,25
791,12,13,16,17,18,19,21,22,23,24,25
792,12,13,16,17,18,19,21,22,23,24,25
793,12,13,16,17,18,19,21,22,23,24,25
794,12,13,16,17,18,19,21,22,23,24,25
795,12,13,16,17,18,19,21,22,23,24,25
796,12,13,16,17,18,19,21,22,23,24,25
797,12,13,16,17,18,19,21,22,23,24,25
798,12,13,16,17,18,19,21,22,23,24,25
799,12,13,16,17,18,19,21,22,23,24,25
800,12,13,16,17,18,19,21,22,23,24,25
801,12,13,16,17,18,19,21,22,23,24,25
802,12,13,16,17,18,19,21,22,23,24,25
803,12,13,16,17,18,19,21,22,23,24,25
804,12,13,16,17,18,19,21,22,23,24,25
805,12,13,16,17,18,19,21,22,23,24,25
806,12,13,16,17,18,19,21,22,23,24,25
807,12,13,16,17,18,19,21,22,23,24,25
808,12,13,16,17,18,19,21,22,23,24,25
809,12,13,16,17,18,19,21,22,23,24,25
810,12,13,16,17,18,19,21,22,23,24,25
811,12,13,16,17,18,19,21,22,23,24,25
812,12,13,16,17,18,19,21,22,23,24,25
813,12,13,16,17,18,19,21,22,23,24,25
814,12,13,16,17,18,19,21,22,23,24,25
815,12,13,16,17,18,19,21,22,23,24,25
816,12,13,16,17,18,19,21,22,23,24,25
817,12,13,16,17,18,19,21,22,23,24,25
818,12,13,16,17,18,19,21,22,23,24,25
819,12,13,16,17,18,19,21,22,23,24,25
820,12,13,16,17,18,19,21,22,23,24,25
821,12,13,16,17,18,19,21,22,23,24,25
822,12,13,16,17,18,19,21,22,23,24,25
823,12,13,16,17,18,19,21,22,23,24,25
824,12,13,16,17,18,19,21,22,23,24,25
825,12,13,16,17,18,19,21,22,23,24,25
826,12,13,16,17,18,19,21,22,23,24,25
827,12,13,16,17,18,19,21,22,23,24,25
828,12,13,16,17,18,19,21,22,23,24,25
829,12,13,16,17,18,19,21,22,23,24,25
830,12,13,16,17,18,19,21,22,23,24,25
831,12,13,16,17,18,19,21,22,23,24,25
832,12,13,16,17,18,19,21,22,23,24,25
833,12,16,17,18,19,21,22,23,24,25
834,12,16,17,18,19,21,22,23,24,25
835,12,16,17,18,19,21,22,23,24,25
836,12,16,17,18,19,21,22,23,24,25
837,12,16,17,18,19,21,22,23,24,25
838,12,16,17,18,19,21,22,23,24,25
839,12,16,17,18,19,21,22,23,24,25
840,12,16,17,18,19,21,22,23,24,25
841,12,16,17,18,19,21,22,23,24,25
842,12,16,17,18,19,21,22,23,24,25
843,12,16,17,18,19,21,22,23,24,25
844,12,16,17,18,19,21,22,23,24,25
845,12,16,17,18,21,22,23,24,25
846,12,16,17,18,21,22,23,24,25
847,12,16,17,18,21,22,23,24,25
848,12,16,17,18,21,22,23,24,25
849,12,16,17,18,21,22,23,24,25
850,12,16,17,18,21,22,23,24,25
851,12,16,17,18,21,22,23,24,25
852,12,16,17,18,21,22,23,24,25
853,12,16,17,18,20,21,22,23,24,25
854,12,16,17,18,20,21,22,23,24,25
855,12,16,17,18,20,21,22,23,24,25
856,12,16,17,18,20,21,22,23,24,25
857,12,16,17,18,20,21,22,23,24,25
858,12,16,17,18,20,21,22,23,24,25
859,11,12,16,17,18,20,21,22,23,24,25
860,11,12,16,17,18,20,21,22,23,24,25
861,11,12,16,17,18,20,21,22,23,24,25
862,11,12,16,17,18,20,21,22,23,24,25
863,11,12,16,17,18,20,21,22,23,24,25
864,11,12,16,17,18,20,21,22,23,24,25
865,11,12,16,17,18,20,21,22,23,24,25
866,11,12,16,17,18,20,21,22,23,24,25
867,11,12,16,17,18,20,21,22,23,24,25
868,11,12,16,17,18,20,21,22,23,24,25
869,11,12,16,17,18,20,21,22,23,24,25
870,11,12,16,17,18,20,21,22,23,24,25
871,11,12,16,17,18,20,21,22,23,24,25
872,11,12,16,17,18,20,21,22,23,24,25
873,11,12,16,17,18,20,21,22,23,24,25
874,11,12,16,17,18,20,21,22,23,24,25
875,11,12,16,17,18,20,21,22,23,24,25
876,11,12,16,17,18,20,21,22,23,24,25
877,11,12,16,17,18,20,21,22,23,24,25
878,11,12,16,17,18,20,21,22,23,24,25
879,11,12,16,17,18,20,21,22,23,24,25
880,11,12,16,17,18,20,21,22,23,24,25
881,11,12,16,17,18,20,21,22,23,24,25
882,11,12,16,17,18,20,21,22,23,24,25
883,11,12,16,17,20,21,22,23,24,25
884,11,12,16,17,20,21,22,23,24,25
885,11,12,16,17,20,21,22,23,24,25
886,11,12,16,17,20,21,22,23,24,25
887,11,12,16,17,20,21,22,23,24,25
888,11,12,16,17,20,21,22,23,24,25
889,11,12,16,17,20,21,22,23,24,25
890,11,12,16,17,20,21,22,23,24,25
891,11,12,16,17,20,21,22,23,24,25
892,11,12,16,17,20,21,22,23,24,25
893,11,12,16,17,20,21,22,23,24,25
894,11,12,16,17,20,21,22,23,24,25
895,11,12,16,17,20,21,22,23,24,25
896,11,12,16,17,20,21,22,23,24,25
897,11,12,16,17,20,21,22,23,24,25
898,11,12,16,17,20,21,22,23,24,25
899,11,12,16,17,20,21,22,23,24,25
900,11,12,16,17,20,21,22,23,24,25
901,11,12,16,17,20,21,22,23,24,25
902,11,12,16,17,20,21,22,23,24,25
903,11,12,16,17,20,21,22,23,24,25
904,11,12,16,17,20,21,22,23,24,25
905,11,12,16,17,20,21,22,23,24,25
906,11,12,16,17,20,21,22,23,24,25
907,11,12,16,17,20,21,22,23,24,25
908,11,12,16,17,20,21,22,23,24,25
909,11,12,16,17,20,21,22,23,24,25
910,11,12,16,17,20,21,22,23,24,25
911,11,12,16,17,20,21,22,23,24,25
912,11,12,16,17,20,21,22,23,24,25
913,11,12,16,17,20,21,22,23,24,25
914,11,12,16,17,20,21,22,23,24,25
915,11,12,16,17,20,21,22,25
916,11,12,16,17,20,21,22,25
917,11,12,16,17,20,21,22,25
918,11,12,16,17,20,21,22,25
919,6,11,12,16,17,20,21,22,25
920,6,11,12,16,17,20,21,22,25
921,6,11,12,16,17,20,21,22,25
922,6,11,12,16,17,20,21,22,25
923,6,11,12,16,17,20,21,22,25
924,6,11,12,16,17,20,21,22,25
925,6,11,12,16,17,20,21,22,25
926,6,11,12,16,17,20,21,22,25
927,11,12,16,17,21,22,25
928,11,12,16,17,21,22,25
929,7,11,12,16,17,21,22
930,7,11,12,16,17,21,22
931,6,7,11,12,16,17,21,22
932,6,7,11,12,16,17,21,22
933,6,7,11,12,16,17,21,22
934,6,7,11,12,16,17,21,22
935,6,7,11,12,16,17,21,22
936,6,7,11,12,16,17,21,22
937,6,7,11,12,16,17,21,22
938,6,7,11,12,16,17,21,22
939,6,7,11,12,16,17,21,22
940,6,7,11,12,16,17,21,22
941,6,7,11,12,16,17,21,22
942,6,7,11,12,16,17,21,22
943,6,7,11,12,16,17,21,22
944,6,7,11,12,16,17,21,22
945,6,7,11,12,16,17,21,22
946,6,7,11,12,16,17,21,22
947,6,7,11,12,16,17,21,22
948,6,7,11,12,16,17,21,22
949,6,7,11,12,16,17,21,22
950,6,7,11,12,16,17,21,22
951,6,7,11,12,16,17,21,22
952,6,7,11,12,16,17,21,22
953,6,7,11,12,16,17,21,22
954,6,7,11,12,16,17,21,22
955,6,7,11,12,16,17,21,22
956,6,7,11,12,16,17,21,22
957,6,7,11,12,16,17,21,22
958,6,7,11,12,16,17,21,22
959,6,7,11,12,16,17,21,22
960,6,7,11,12,16,17,21,22
961,6,7,11,12,16,17,21,22
962,6,7,11,12,16,17,21,22
963,6,7,11,12,15,16,17,20,21,22
964,6,7,11,12,15,16,17,20,21,22
965,6,7,11,12,15,16,17,20,21,22
966,6,7,11,12,15,16,17,20,21,22
967,6,7,11,12,15,16,17,20,21,22
968,6,7,11,12,15,16,17,20,21,22
969,6,7,11,12,15,16,17,20,21,22
970,6,7,11,12,15,16,17,20,21,22
971,6,7,11,12,15,16,17,20,21,22
972,6,7,11,12,15,16,17,20,21,22
973,6,7,11,12,15,16,17,20,21,22
974,6,7,11,12,15,16,17,20,21,22
975,6,7,11,12,15,16,17,20,21,22
976,6,7,11,12,15,16,17,20,21,22
977,6,7,11,12,15,16,17,20,21,22
978,6,7,11,12,15,16,17,20,21,22
979,6,7,11,12,15,16,17,20,21,22
980,6,7,11,12,15,16,17,20,21,22
981,6,7,11,12,15,16,17,20,21,22
982,6,7,11,12,15,16,17,20,21,22
983,6,7,11,12,15,16,17,20,21,22
984,6,7,11,12,15,16,17,20,21,22
985,6,7,11,12,15,16,17,20,21,22
986,6,7,11,12,15,16,17,20,21,22
987,6,7,11,12,15,16,17,20,21,22
988,6,7,11,12,15,16,17,20,21,22
989,6,7,11,12,15,16,17,20,21,22
990,6,7,11,12,15,16,17,20,21,22
991,6,7,11,12,15,16,17,20,21,22
992,6,7,11,12,15,16,17,20,21,22
993,6,7,11,12,15,16,17,20,21,22
994,6,7,11,12,15,16,17,20,21,22
995,6,7,11,12,15,16,17,20,21,22
996,6,7,11,12,15,16,17,20,21,22
997,6,7,11,12,15,16,17,20,21,22
998,6,7,11,12,15,16,17,20,21,22
999,6,7,11,12,15,16,17,20,21,22
1000,6,7,11,12,15,16,17,20,21,22
1001,6,7,11,12,15,16,17,20,21,22
1002,6,7,11,12,15,16,17,20,21,22
1003,6,7,11,12,15,16,17,20,21
1004,6,7,11,12,15,16,17,20,21
1005,6,7,11,12,15,16,17,20,21,22
1006,6,7,11,12,15,16,17,20,21,22
1007,6,7,11,12,15,16,17,20,21
1008,6,7,11,12,15,16,17,20,21
1009,6,7,11,12,15,16,17,20,21
1010,6,7,11,12,15,16,17,20,21
1011,6,7,11,12,15,16,17,20,21
1012,6,7,11,12,15,16,17,20,21
1013,6,7,11,12,15,16,17,20,21
1014,6,7,11,12,15,16,17,20,21
1015,6,7,11,12,15,16,17,20,21
1016,6,7,11,12,15,16,17,20,21
1017,6,7,11,12,15,16,17,20,21
1018,6,7,11,12,15,16,17,20,21
1019,6,7,11,12,15,16,17,20,21
1020,6,7,11,12,15,16,17,20,21
1021,6,7,11,12,15,16,17,20,21
1022,6,7,11,12,15,16,17,20,21
1023,6,7,11,12,15,16,17,20,21,22
1024,6,7,11,12,15,16,17,20,21,22
1025,6,7,11,12,15,16,17,20,21,22
1026,6,7,11,12,15,16,17,20,21,22
1027,6,7,11,12,16,17,21,22
1028,6,7,11,12,16,17,21,22
1029,6,7,11,12,16,17,21,22
1030,6,7,11,12,16,17,21,22
1031,6,7,11,12,16,17,21,22
1032,6,7,11,12,16,17,21,22
1033,6,7,11,12,16,17,21,22
1034,6,7,11,12,16,17,21,22
1035,6,7,11,12,16,17,21,22
1036,6,7,11,12,16,17,21,22
1037,6,7,11,12,16,17,21,22
1038,6,7,11,12,16,17,21,22
1039,6,7,11,12,16,17,21,22
1040,6,7,11,12,16,17,21,22
1041,6,7,11,12,16,17,21,22
1042,6,7,11,12,16,17,21,22
1043,6,7,11,12,16,17,21,22
1044,6,7,11,12,16,17,21,22
1045,6,7,11,12,16,17,21,22
1046,6,7,11,12,16,17,21,22
1047,6,7,11,12,16,17,21,22
1048,6,7,11,12,16,17,21,22
1049,6,7,11,12,16,17,21,22
1050,6,7,11,12,16,17,21,22
1051,6,7,11,12,16,17,21,22
1052,6,7,11,12,16,17,21,22
1053,6,7,11,12,16,17,21,22
1054,6,7,11,12,16,17,21,22
1055,6,7,11,12,16,17,21,22
1056,6,7,11,12,16,17,21,22
1057,6,7,11,12,16,17,21,22
1058,6,7,11,12,16,17,21,22
1059,6,7,11,12,16,17,21,22
1060,6,7,11,12,16,17,21,22
1061,6,7,11,12,16,17,21,22
1062,6,7,11,12,16,17,21,22
1063,6,7,11,12,16,17,21,22
1064,6,7,11,12,16,17,21,22
1065,6,7,11,12,16,17,21,22
1066,6,7,11,12,16,17,21,22
1067,6,7,11,12,16,17,21,22
1068,6,7,11,12,16,17,21,22
1069,6,7,11,12,16,17,21,22
1070,6,7,11,12,16,17,21,22
1071,6,7,11,12,16,17,21,22
1072,6,7,11,12,16,17,21,22
1073,6,7,11,12,16,17,21,22
1074,6,7,11,12,16,17,21,22
1075,6,7,11,12,16,17,21,22
1076,6,7,11,12,16,17,21,22
1077,6,7,11,12,16,17,21,22
1078,6,7,11,12,16,17,21,22
1079,6,7,11,12,16,17,21,22
1080,6,7,11,12,16,17,21,22
1081,7,11,12,16,17,21,22
1082,7,11,12,16,17,21,22
1083,7,11,12,16,17,21,22
1084,7,11,12,16,17,21,22
1085,7,11,12,16,17,21,22
1086,7,11,12,16,17,21,22
1087,7,11,12,16,17,21,22
1088,7,11,12,16,17,21,22
1089,7,11,12,16,17,21,22
1090,7,11,12,16,17,21,22
1091,7,11,12,16,17,21,22
1092,7,11,12,16,17,21,22
1093,7,11,12,16,17,21,22
1094,7,11,12,16,17,21,22
1095,7,11,12,16,17,18,21,22,23
1096,7,11,12,16,17,18,21,22,23
1097,7,11,12,16,17,18,21,22,23
1098,7,11,12,16,17,18,21,22,23
1099,7,11,12,16,17,18,21,22,23
1100,7,11,12,16,17,18,21,22,23
1101,7,11,12,16,17,18,21,22,23
1102,7,11,12,16,17,18,21,22,23
1103,7,11,12,16,17,18,21,22,23
1104,7,11,12,16,17,18,21,22,23
1105,7,11,12,16,17,21,22
1106,7,11,12,16,17,21,22
1107,7,11,12,16,17,21,22
1108,7,11,12,16,17,21,22
1109,7,11,12,16,17,21,22
1110,7,11,12,16,17,21,22
1111,7,11,12,16,17,21,22
1112,7,11,12,16,17,21,22
1113,7,11,12,16,17,21,22
1114,7,11,12,16,17,21,22
1115,7,11,12,16,17,21,22
1116,7,11,12,16,17,21,22
1117,7,11,12,16,17,21,22
1118,7,11,12,16,17,21,22
1119,7,11,12,16,17,21,22
1120,7,11,12,16,17,21,22
1121,7,11,12,16,17,21,22
1122,7,11,12,16,17,21,22
1123,7,11,12,16,17,21,22
1124,7,11,12,16,17,21,22
1125,7,11,12,16,17,21,22
1126,7,11,12,16,17,21,22
1127,7,11,12,16,17,21,22
1128,7,11,12,16,17,21,22
1129,7,11,12,16,17,21,22
1130,7,11,12,16,17,21,22
1131,7,11,12,16,17,21,22
1132,7,11,12,16,17,21,22
1133,7,11,12,16,17,21,22
1134,7,11,12,16,17,21,22
1135,7,11,12,16,17,21,22
1136,7,11,12,16,17,21,22
1137,7,11,12,16,17,21,22
1138,7,11,12,16,17,21,22
1139,7,11,12,16,17,21,22
1140,7,11,12,16,17,21,22
1141,7,11,12,16,17,18,21,22
1142,7,11,12,16,17,18,21,22
1143,7,11,12,16,17,18,21,22
1144,7,11,12,16,17,18,21,22
1145,7,11,12,16,17,18,21,22,23
1146,7,11,12,16,17,18,21,22,23
1147,7,11,12,16,17,18,21,22,23
1148,7,11,12,16,17,18,21,22,23
1149,7,11,12,16,17,18,21,22,23
1150,7,11,12,16,17,18,21,22,23
1151,7,11,12,16,17,18,21,22,23
1152,7,11,12,16,17,18,21,22,23
1153,7,11,12,16,17,18,21,22,23
1154,7,11,12,16,17,18,21,22,23
1155,7,11,12,16,17,18,21,22,23
1156,7,11,12,16,17,18,21,22,23
1157,7,11,12,16,17,18,21,22,23
1158,7,11,12,16,17,18,21,22,23
1159,7,11,12,16,17,18,21,22,23
1160,7,11,12,16,17,18,21,22,23
1161,11,12,16,17,18,21,22,23
1162,11,12,16,17,18,21,22,23
1163,11,12,16,17,18,21,22,23
1164,11,12,16,17,18,21,22,23
1165,11,12,16,17,18,21,22,23
1166,11,12,16,17,18,21,22,23
1167,11,12,16,17,18,21,22,23,24,25
1168,11,12,16,17,18,21,22,23,24,25
1169,11,12,16,17,18,21,22,23,24,25
1170,11,12,16,17,18,21,22,23,24,25
1171,11,12,16,17,18,21,22,23,24,25
1172,11,12,16,17,18,21,22,23,24,25
1173,11,12,16,17,18,21,22,23,24,25
1174,11,12,16,17,18,21,22,23,24,25
1175,11,12,16,17,18,21,22,23,24,25
1176,11,12,16,17,18,21,22,23,24,25
1177,11,12,16,17,18,21,22,23,24,25
1178,11,12,16,17,18,21,22,23,24,25
1179,11,12,16,17,18,21,22,23,24,25
1180,11,12,16,17,18,21,22,23,24,25
1181,11,12,16,17,18,21,22,23,24,25
1182,11,12,16,17,18,21,22,23,24,25
1183,11,12,16,17,21,22,23,24,25
1184,11,12,16,17,21,22,23,24,25
1185,11,12,16,17,21,22,23,25
1186,11,12,16,17,21,22,23,25
1187,11,12,16,17,21,22,23,25
1188,11,12,16,17,21,22,23,25
1189,11,12,16,17,21,22,23
1190,11,12,16,17,21,22,23
1191,11,12,16,17,21,22,23
1192,11,12,16,17,21,22,23
1193,11,12,16,17,21,22,23
1194,11,12,16,17,21,22,23
1195,11,12,16,17,21,22,23
1196,11,12,16,17,21,22,23
1197,11,12,16,17,21,22
1198,11,12,16,17,21,22
1199,7,11,12,16,17,21,22
1200,7,11,12,16,17,21,22
1201,7,11,12,16,17,21,22
1202,7,11,12,16,17,21,22
1203,7,11,12,16,17,21,22
1204,7,11,12,16,17,21,22
1205,7,11,12,16,17,21,22
1206,7,11,12,16,17,21,22
1207,7,11,12,16,17,21,22
1208,7,11,12,16,17,21,22
1209,7,11,12,16,17,21,22
1210,7,11,12,16,17,21,22
1211,7,11,12,16,17,21,22
1212,7,11,12,16,17,21,22
1213,7,11,12,16,17,21,22
1214,7,11,12,16,17,21,22
1215,7,11,12,16,17,21,22
1216,7,11,12,16,17,21,22
1217,7,11,12,16,17,21,22
1218,7,11,12,16,17,21,22
1219,6,7,11,12,16,17,21,22
1220,6,7,11,12,16,17,21,22
1221,6,7,11,12,16,17,21,22
1222,6,7,11,12,16,17,21,22
1223,6,7,11,12,16,17,21,22
1224,6,7,11,12,16,17,21,22
1225,6,7,11,12,16,17,21,22
1226,6,7,11,12,16,17,21,22
1227,6,7,11,12,16,17,21,22
1228,6,7,11,12,16,17,21,22
1229,6,7,11,12,16,17,21,22
1230,6,7,11,12,16,17,21,22
1231,6,7,11,12,16,17,21,22
1232,6,7,11,12,16,17,21,22
1233,6,7,11,12,16,17,21,22
1234,6,7,11,12,16,17,21,22
1235,6,7,11,12,16,17,21,22
1236,6,7,11,12,16,17,21,22
1237,6,7,11,12,16,17,21,22
1238,6,7,11,12,16,17,21,22
1239,6,7,11,12,16,17,21,22
1240,6,7,11,12,16,17,21,22
1241,6,7,11,12,16,17,21,22
1242,6,7,11,12,16,17,21,22
1243,6,7,11,12,16,17,21,22
1244,6,7,11,12,16,17,21,22
1245,6,7,11,12,16,17,21,22
1246,6,7,11,12,16,17,21,22
1247,6,7,11,12,16,17,21,22
1248,6,7,11,12,16,17,21,22
1249,6,7,11,12,16,17,21,22
1250,6,7,11,12,16,17,21,22
1251,6,7,11,12,16,17,21,22
1252,6,7,11,12,16,17,21,22
1253,6,7,11,12,16,17,21,22
1254,6,7,11,12,16,17,21,22
1255,6,7,11,12,16,17,21,22
1256,6,7,11,12,16,17,21,22
1257,6,7,11,12,16,17,21,22
1258,6,7,11,12,16,17,21,22
1259,6,7,11,12,16,17,21,22
1260,6,7,11,12,16,17,21,22
1261,6,7,11,12,16,17,21,22
1262,6,7,11,12,16,17,21,22
1263,6,7,11,12,16,17,21,22
1264,6,7,11,12,16,17,21,22
1265,6,7,11,12,16,17,21,22
1266,6,7,11,12,16,17,21,22
1267,6,7,11,12,16,17,21,22
1268,6,7,11,12,16,17,21,22
1269,6,7,11,12,16,17,21,22
1270,6,7,11,12,16,17,21,22
1271,6,7,11,12,16,17,21,22
1272,6,7,11,12,16,17,21,22
1273,6,7,11,12,16,17,21,22
1274,6,7,11,12,16,17,21,22
1275,6,7,11,12,16,17,21,22
1276,6,7,11,12,16,17,21,22
1277,6,7,11,12,16,17,21,22
1278,6,7,11,12,16,17,21,22
1279,6,7,11,12,16,17,21,22
1280,6,7,11,12,16,17,21,22
1281,6,7,11,12,16,17,21,22
1282,6,7,11,12,16,17,21,22
1283,6,7,11,12,16,17,21,22
1284,6,7,11,12,16,17,21,22
1285,6,7,11,12,16,17,21,22
1286,6,7,11,12,16,17,21,22
1287,1,2,6,7,11,12,16,17
1288,1,2,6,7,11,12,16,17
1289,1,2,6,7,8,11,12,13,16,17
1290,1,2,6,7,8,11,12,13,16,17
1291,1,2,3,6,7,8,11,12,13,17
1292,1,2,3,6,7,8,11,12,13,17
1293,1,2,3,6,7,8,11,12,13,17
1294,1,2,3,6,7,8,11,12,13,17
1295,1,2,3,6,7,8,11,12,13,17
1296,1,2,3,6,7,8,11,12,13,17
1297,1,2,3,6,7,8,11,12,13,17
1298,1,2,3,6,7,8,11,12,13,17
1299,1,2,3,6,7,8,11,12,13
1300,1,2,3,6,7,8,11,12,13
1301,1,2,3,4,5,6,7,8,11,12,13
1302,1,2,3,4,5,6,7,8,11,12,13
1303,1,2,3,4,5,6,7,8,11,12,13
1304,1,2,3,4,5,6,7,8,11,12,13
1305,1,2,3,4,5,6,7,8,11,12,13
1306,1,2,3,4,5,6,7,8,11,12,13
1307,1,2,3,4,5,6,7,8,11,12,13
1308,1,2,3,4,5,6,7,8,11,12,13
1309,1,2,3,4,5,6,7,8,11,12,13
1310,1,2,3,4,5,6,7,8,11,12,13
1311,1,2,3,4,5,6,7,8,11,12,13
1312,1,2,3,4,5,6,7,8,11,12,13
1313,1,2,3,4,5,6,7,8,11,12,13
1314,1,2,3,4,5,6,7,8,11,12,13
1315,1,2,3,4,5,6,7,8,11,12,13
1316,1,2,3,4,5,6,7,8,11,12,13
1317,1,2,3,4,5,6,7,8,11,12,13
1318,1,2,3,4,5,6,7,8,11,12,13
1319,1,2,3,4,5,6,7,8,11,12,13
1320,1,2,3,4,5,6,7,8,11,12,13
1321,1,2,3,4,5,6,7,8,11,12
1322,1,2,3,4,5,6,7,8,11,12
1323,1,2,3,4,5,6,7,8,11,12
1324,1,2,3,4,5,6,7,8,11,12
1325,1,2,3,4,5,6,7,8,11,12
1326,1,2,3,4,5,6,7,8,11,12
1327,1,2,3,4,5,6,7,8,11,12
1328,1,2,3,4,5,6,7,8,11,12
1329,1,2,3,4,5,6,7,8,11,12
1330,1,2,3,4,5,6,7,8,11,12
1331,1,2,3,4,5,6,7,8,11,12
1332,1,2,3,4,5,6,7,8,11,12
1333,1,2,3,4,5,6,7,8,11,12
1334,1,2,3,4,5,6,7,8,11,12
1335,1,2,3,4,5,6,7,8,11,12
1336,1,2,3,4,5,6,7,8,11,12
1337,1,2,3,4,5,6,7,8,11,12
1338,1,2,3,4,5,6,7,8,11,12
1339,1,2,3,4,5,6,7,8,11,12
1340,1,2,3,4,5,6,7,8,11,12
1341,1,2,3,4,5,6,7,8,11,12
1342,1,2,3,4,5,6,7,8,11,12
1343,1,2,3,4,5,6,7,8,11,12
1344,1,2,3,4,5,6,7,8,11,12
1345,1,2,3,4,5,6,7,8,10,11,12
1346,1,2,3,4,5,6,7,8,10,11,12
1347,1,2,3,4,5,6,7,8,10,11,12
1348,1,2,3,4,5,6,7,8,10,11,12
1349,1,2,3,4,5,6,7,8,10,11,12
1350,1,2,3,4,5,6,7,8,10,11,12
1351,1,2,3,4,5,6,7,8,10,11,12
1352,1,2,3,4,5,6,7,8,10,11,12
1353,1,2,3,4,5,6,7,8,10,11,12
1354,1,2,3,4,5,6,7,8,10,11,12
1355,1,2,3,4,5,6,7,8,10,11,12
1356,1,2,3,4,5,6,7,8,10,11,12
1357,1,2,3,4,5,6,7,8,10,11,12
1358,1,2,3,4,5,6,7,8,10,11,12
1359,1,2,3,4,5,6,7,8,10,11,12
1360,1,2,3,4,5,6,7,8,10,11,12
1361,1,2,3,4,5,6,7,8,10,11,12
1362,1,2,3,4,5,6,7,8,10,11,12
1363,1,2,3,4,5,6,7,8,10,11,12
1364,1,2,3,4,5,6,7,8,10,11,12
1365,1,2,3,4,5,6,7,8,10,11,12
1366,1,2,3,4,5,6,7,8,10,11,12
1367,1,2,3,4,5,6,7,8,10,11,12
1368,1,2,3,4,5,6,7,8,10,11,12
1369,1,2,3,4,5,6,7,8,10,11,12
1370,1,2,3,4,5,6,7,8,10,11,12
1371,1,2,3,4,5,6,7,8,10,11,12
1372,1,2,3,4,5,6,7,8,10,11,12
1373,1,2,3,4,5,6,7,8,10,11,12
1374,1,2,3,4,5,6,7,8,10,11,12
1375,1,2,3,4,5,6,7,8,10,11,12
1376,1,2,3,4,5,6,7,8,10,11,12
1377,1,2,3,4,5,6,7,8,10,11,12
1378,1,2,3,4,5,6,7,8,10,11,12
1379,1,2,3,4,5,6,7,8,10,11,12
1380,1,2,3,4,5,6,7,8,10,11,12
1381,1,2,3,4,5,6,7,8,10,11,12
1382,1,2,3,4,5,6,7,8,10,11,12
1383,1,2,3,4,5,6,7,8,10,11,12
1384,1,2,3,4,5,6,7,8,10,11,12
1385,1,2,3,4,5,6,7,8,10,11,12
1386,1,2,3,4,5,6,7,8,10,11,12
1387,1,2,3,4,5,6,7,8,10,11,12
1388,1,2,3,4,5,6,7,8,10,11,12
1389,1,2,3,4,5,6,7,8,10,11,12
1390,1,2,3,4,5,6,7,8,10,11,12
1391,1,2,3,4,5,6,7,8,10,11,12
1392,1,2,3,4,5,6,7,8,10,11,12
1393,1,2,3,4,5,6,7,8,10,11,12
1394,1,2,3,4,5,6,7,8,10,11,12
1395,1,2,3,4,5,6,7,8,10,11,12
1396,1,2,3,4,5,6,7,8,10,11,12
1397,1,2,3,4,5,6,7,8,10,11,12
1398,1,2,3,4,5,6,7,8,10,11,12
1399,1,2,3,4,5,6,7,8,10,11,12
1400,1,2,3,4,5,6,7,8,10,11,12
1401,1,2,3,4,5,6,7,8,10,11,12
1402,1,2,3,4,5,6,7,8,10,11,12
1403,1,2,3,4,5,6,7,8,10,11,12
1404,1,2,3,4,5,6,7,8,10,11,12
1405,1,2,3,4,5,6,7,8,10,11,12
1406,1,2,3,4,5,6,7,8,10,11,12
1407,1,2,3,4,5,6,7,8,10,11,12
1408,1,2,3,4,5,6,7,8,10,11,12
1409,1,2,3,4,5,6,7,8,10,11,12
1410,1,2,3,4,5,6,7,8,10,11,12
1411,1,2,3,4,5,6,7,8,10,11,12
1412,1,2,3,4,5,6,7,8,10,11,12
1413,1,2,3,4,5,6,7,8,10,11,12
1414,1,2,3,4,5,6,7,8,10,11,12
1415,1,2,3,4,5,6,7,8,10,11,12
1416,1,2,3,4,5,6,7,8,10,11,12
1417,1,2,3,4,5,6,7,8,10,11,12
1418,1,2,3,4,5,6,7,8,10,11,12
1419,1,2,3,4,5,6,7,8,10,11,12
1420,1,2,3,4,5,6,7,8,10,11,12
1421,1,2,3,4,5,6,7,8,10,11,12
1422,1,2,3,4,5,6,7,8,10,11,12
1423,1,2,3,4,5,6,7,8,10,11,12
1424,1,2,3,4,5,6,7,8,10,11,12
1425,1,2,3,4,5,6,7,8,10,11,12
1426,1,2,3,4,5,6,7,8,10,11,12
1427,1,2,3,4,5,6,7,8,11,12
1428,1,2,3,4,5,6,7,8,11,12
1429,1,2,3,4,5,6,7,8,11,12
1430,1,2,3,4,5,6,7,8,11,12
1431,1,2,3,4,5,6,7,8,11,12
1432,1,2,3,4,5,6,7,8,11,12
1433,1,2,3,4,5,6,7,8,11,12
1434,1,2,3,4,5,6,7,8,11,12
1435,1,2,3,4,5,6,7,8,11,12
1436,1,2,3,4,5,6,7,8,11,12
1437,1,2,3,4,5,6,7,8,11,12
1438,1,2,3,4,5,6,7,8,11,12
1439,1,2,3,4,5,6,7,8,11,12
1440,1,2,3,4,5,6,7,8,11,12
1441,1,2,3,4,5,6,7,8,11,12
1442,1,2,3,4,5,6,7,8,11,12
1443,1,2,3,4,5,6,7,8,11,12
1444,1,2,3,4,5,6,7,8,11,12
1445,1,2,3,4,5,6,7,8,11,12
1446,1,2,3,4,5,6,7,8,11,12
1447,1,2,3,4,5,6,7,8,11,12
1448,1,2,3,4,5,6,7,8,11,12
1449,1,2,3,4,5,6,7,8,11,12
1450,1,2,3,4,5,6,7,8,11,12
1451,1,2,3,4,5,6,7,8,11,12
1452,1,2,3,4,5,6,7,8,11,12
1453,1,2,3,4,5,6,7,8,11,12
1454,1,2,3,4,5,6,7,8,11,12
1455,1,2,3,4,5,6,7,8,11,12
1456,1,2,3,4,5,6,7,8,11,12
1457,1,2,3,4,5,6,7,8,11,12
1458,1,2,3,4,5,6,7,8,11,12
1459,1,2,3,4,5,6,7,8,11,12
1460,1,2,3,4,5,6,7,8,11,12
1461,1,2,3,4,5,6,7,8,11,12
1462,1,2,3,4,5,6,7,8,11,12
1463,1,2,3,4,5,6,7,8,11,12
1464,1,2,3,4,5,6,7,8,11,12
1465,1,2,3,4,5,6,7,8,11,12
1466,1,2,3,4,5,6,7,8,11,12
1467,1,2,3,4,5,6,7,8,11,12
1468,1,2,3,4,5,6,7,8,11,12
1469,1,2,3,4,5,6,7,8,11,12
1470,1,2,3,4,5,6,7,8,11,12
1471,1,2,3,4,5,6,7,8,11,12
1472,1,2,3,4,5,6,7,8,11,12
1473,1,2,3,4,5,6,7,8,11,12
1474,1,2,3,4,5,6,7,8,11,12
1475,1,2,3,4,5,6,7,8,11,12
1476,1,2,3,4,5,6,7,8,11,12
1477,1,2,3,4,5,6,7,8,11,12
1478,1,2,3,4,5,6,7,8,11,12
1479,1,2,3,4,5,6,7,8,11,12
1480,1,2,3,4,5,6,7,8,11,12
1481,1,2,3,4,5,6,7,8,11,12
1482,1,2,3,4,5,6,7,8,11,12
1483,1,2,3,4,5,6,7,8,11,12
1484,1,2,3,4,5,6,7,8,11,12
1485,1,2,3,4,5,6,7,8,11,12
1486,1,2,3,4,5,6,7,8,11,12
1487,1,2,3,4,5,6,7,8,11,12
1488,1,2,3,4,5,6,7,8,11,12
1489,1,2,3,4,5,6,7,8,11,12
1490,1,2,3,4,5,6,7,8,11,12
1491,1,2,3,4,5,6,7,8,11,12
1492,1,2,3,4,5,6,7,8,11,12
1493,1,2,3,4,5,6,7,8,11,12
1494,1,2,3,4,5,6,7,8,11,12
1495,1,2,3,4,5,6,7,8,11,12
1496,1,2,3,4,5,6,7,8,11,12
1497,1,2,3,4,5,6,7,8,11,12
1498,1,2,3,4,5,6,7,8,11,12
1499,1,2,3,4,5,6,7,8,11,12
1500,1,2,3,4,5,6,7,8,11,12
1501,1,2,3,4,5,6,7,8,11,12
1502,1,2,3,4,5,6,7,8,11,12
1503,1,2,3,4,5,6,7,8,11,12
1504,1,2,3,4,5,6,7,8,11,12
1505,1,2,3,4,5,6,7,8,11,12
1506,1,2,3,4,5,6,7,8,11,12
1507,1,2,3,4,5,6,7,8,11,12
1508,1,2,3,4,5,6,7,8,11,12
1509,1,2,3,4,5,6,7,8,11,12
1510,1,2,3,4,5,6,7,8,11,12
1511,1,2,3,4,5,6,7,8,11,12
1512,1,2,3,4,5,6,7,8,11,12
1513,1,2,3,4,5,6,7,8,11,12
1514,1,2,3,4,5,6,7,8,11,12
1515,1,2,3,4,5,6,7,8,11,12
1516,1,2,3,4,5,6,7,8,11,12
1517,1,2,3,4,5,6,7,8,11,12
1518,1,2,3,4,5,6,7,8,11,12
1519,1,2,3,4,5,6,7,8,11,12
1520,1,2,3,4,5,6,7,8,11,12
1521,1,2,3,4,5,6,7,8,11,12
1522,1,2,3,4,5,6,7,8,11,12
1523,1,2,3,4,5,6,7,8,11,12
1524,1,2,3,4,5,6,7,8,11,12
1525,1,2,3,4,5,6,7,8,11,12
1526,1,2,3,4,5,6,7,8,11,12
1527,1,2,3,4,5,6,7,8,11,12
1528,1,2,3,4,5,6,7,8,11,12
1529,1,2,3,4,5,6,7,8,11,12
1530,1,2,3,4,5,6,7,8,11,12
1531,1,2,3,4,5,6,7,8,11,12
1532,1,2,3,4,5,6,7,8,11,12
1533,1,2,3,4,5,6,7,8,11,12
1534,1,2,3,4,5,6,7,8,11,12
1535,1,2,3,4,5,6,7,8,11,12
1536,1,2,3,4,5,6,7,8,11,12
1537,1,2,3,4,5,6,7,8,11,12
1538,1,2,3,4,5,6,7,8,11,12
1539,1,2,3,4,5,6,7,8,11,12
1540,1,2,3,4,5,6,7,8,11,12
1541,1,2,3,4,5,6,7,8,10,11,12
1542,1,2,3,4,5,6,7,8,10,11,12
1543,1,2,3,4,5,6,7,8,10,11,12
1544,1,2,3,4,5,6,7,8,10,11,12
1545,1,2,3,4,5,6,7,8,10,11,12
1546,1,2,3,4,5,6,7,8,10,11,12
1547,1,2,3,4,5,6,7,8,10,11,12
1548,1,2,3,4,5,6,7,8,10,11,12
1549,1,2,3,4,5,6,7,8,10,11,12
1550,1,2,3,4,5,6,7,8,10,11,12
1551,1,2,3,4,5,6,7,8,10,11,12
1552,1,2,3,4,5,6,7,8,10,11,12
1553,1,2,3,4,5,6,7,8,10,11,12
1554,1,2,3,4,5,6,7,8,10,11,12
1555,1,2,3,4,5,6,7,8,11,12
1556,1,2,3,4,5,6,7,8,11,12
1557,1,2,3,4,5,6,7,8,11,12
1558,1,2,3,4,5,6,7,8,11,12
1559,1,2,3,4,5,6,7,8,11,12
1560,1,2,3,4,5,6,7,8,11,12
1561,1,2,3,4,5,6,7,8,11,12
1562,1,2,3,4,5,6,7,8,11,12
1563,1,2,3,4,5,6,7,8,11,12
1564,1,2,3,4,5,6,7,8,11,12
1565,1,2,3,4,5,6,7,8,11,12
1566,1,2,3,4,5,6,7,8,11,12
1567,1,2,3,4,5,6,7,8,11,12
1568,1,2,3,4,5,6,7,8,11,12
1569,1,2,3,4,5,6,7,8,11,12
1570,1,2,3,4,5,6,7,8,11,12
1571,1,2,3,4,5,6,7,8,11,12
1572,1,2,3,4,5,6,7,8,11,12
1573,1,2,3,4,5,6,7,8,11,12
1574,1,2,3,4,5,6,7,8,11,12
1575,1,2,3,4,5,6,7,8,11,12
1576,1,2,3,4,5,6,7,8,11,12
1577,1,2,3,4,5,6,7,8,11,12
1578,1,2,3,4,5,6,7,8,11,12
1579,1,2,3,4,5,6,7,8,11,12
1580,1,2,3,4,5,6,7,8,11,12
1581,1,2,3,4,5,6,7,8,11,12
1582,1,2,3,4,5,6,7,8,11,12
1583,1,2,3,4,5,6,7,8,11,12
1584,1,2,3,4,5,6,7,8,11,12
1585,1,2,3,4,5,6,7,8,11,12
1586,1,2,3,4,5,6,7,8,11,12
1587,1,2,3,4,5,6,7,8,11,12
1588,1,2,3,4,5,6,7,8,11,12
1589,1,2,3,4,5,6,7,8,11,12
1590,1,2,3,4,5,6,7,8,11,12
1591,1,2,3,4,5,6,7,8,11,12
1592,1,2,3,4,5,6,7,8,11,12
1593,1,2,3,4,5,6,7,8,11,12
1594,1,2,3,4,5,6,7,8,11,12
1595,1,2,3,5,6,7,8,11,12
1596,1,2,3,5,6,7,8,11,12
1597,1,2,3,6,7,8,11,12
1598,1,2,3,6,7,8,11,12
1599,1,2,3,6,7,8,11,12
1600,1,2,3,6,7,8,11,12
1601,1,2,3,5,6,7,8,11,12
1602,1,2,3,5,6,7,8,11,12
1603,1,2,3,5,6,7,8,11,12
1604,1,2,3,5,6,7,8,11,12
1605,1,2,3,5,6,7,8,11,12
1606,1,2,3,5,6,7,8,11,12
1607,1,2,3,4,5,6,7,8,11,12
1608,1,2,3,4,5,6,7,8,11,12
1609,1,2,3,4,5,6,7,8,11,12
1610,1,2,3,4,5,6,7,8,11,12
1611,1,2,3,4,5,6,7,8,11,12
1612,1,2,3,4,5,6,7,8,11,12
1613,1,2,3,4,5,6,7,8,11,12
1614,1,2,3,4,5,6,7,8,11,12
1615,1,2,3,4,5,6,7,8,11,12
1616,1,2,3,4,5,6,7,8,11,12
1617,1,2,3,4,5,6,7,8,11,12
1618,1,2,3,4,5,6,7,8,11,12
1619,1,2,3,4,5,6,7,8,11,12
1620,1,2,3,4,5,6,7,8,11,12
1621,1,2,3,4,5,6,7,8,11,12
1622,1,2,3,4,5,6,7,8,11,12
1623,1,2,3,4,5,6,7,8,11,12
1624,1,2,3,4,5,6,7,8,11,12
1625,1,2,3,4,5,6,7,8,11,12
1626,1,2,3,4,5,6,7,8,11,12
1627,1,2,3,6,7,8,11,12
1628,1,2,3,6,7,8,11,12
1629,1,2,3,6,7,8,11,12
1630,1,2,3,6,7,8,11,12
1631,1,2,3,6,7,8,11,12
1632,1,2,3,6,7,8,11,12
1633,1,2,3,6,7,8,11,12
1634,1,2,3,6,7,8,11,12
1635,1,2,3,6,7,8,11,12
1636,1,2,3,6,7,8,11,12
1637,1,2,3,6,7,8,11,12
1638,1,2,3,6,7,8,11,12
1639,1,2,3,6,7,8,11,12
1640,1,2,3,6,7,8,11,12
1641,1,2,3,6,7,8,11,12,17
1642,1,2,3,6,7,8,11,12,17
1643,1,2,3,6,7,8,11,12,17
1644,1,2,3,6,7,8,11,12,17
1645,1,2,3,6,7,8,11,12,17
1646,1,2,3,6,7,8,11,12,17
1647,1,2,3,6,7,8,11,12,17
1648,1,2,3,6,7,8,11,12,17
1649,1,2,3,6,7,8,11,12,17
1650,1,2,3,6,7,8,11,12,17
1651,1,2,3,6,7,8,11,12,17
1652,1,2,3,6,7,8,11,12,17
1653,1,2,3,6,7,8,11,12,17
1654,1,2,3,6,7,8,11,12,17
1655,1,2,3,6,7,8,11,12,17
1656,1,2,3,6,7,8,11,12,17
1657,1,2,3,6,7,8,11,12,17
1658,1,2,3,6,7,8,11,12,17
1659,1,2,3,6,7,8,11,12,17
1660,1,2,3,6,7,8,11,12,17
1661,1,2,3,6,7,8,11,12,17
1662,1,2,3,6,7,8,11,12,17
1663,1,2,3,6,7,8,11,12,17
1664,1,2,3,6,7,8,11,12,17
1665,1,2,3,6,7,8,11,12,17
1666,1,2,3,6,7,8,11,12,17
1667,1,2,3,6,7,8,11,12,16,17
1668,1,2,3,6,7,8,11,12,16,17
1669,1,2,6,7,8,11,12,16,17
1670,1,2,6,7,8,11,12,16,17
1671,1,2,6,7,11,12,16,17
1672,1,2,6,7,11,12,16,17
1673,1,2,6,7,11,12,16,17
1674,1,2,6,7,11,12,16,17
1675,1,2,6,7,11,12,16,17
1676,1,2,6,7,11,12,16,17
1677,1,2,6,7,11,12,16,17
1678,1,2,6,7,11,12,16,17
1679,1,2,6,7,11,12,16,17
1680,1,2,6,7,11,12,16,17
1681,1,2,6,7,11,12,16,17
1682,1,2,6,7,11,12,16,17
1683,1,2,6,7,11,12,16,17
1684,1,2,6,7,11,12,16,17
1685,1,2,6,7,11,12,16,17
1686,1,2,6,7,11,12,16,17
1687,1,2,6,7,11,12,16,17
1688,1,2,6,7,11,12,16,17
1689,1,2,6,7,8,11,12,16,17
1690,1,2,6,7,8,11,12,16,17
1691,1,2,3,6,7,8,11,12,13,16,17
1692,1,2,3,6,7,8,11,12,13,16,17
1693,1,2,3,6,7,8,11,12,13,16,17
1694,1,2,3,6,7,8,11,12,13,16,17
1695,1,2,3,6,7,8,11,12,13,17
1696,1,2,3,6,7,8,11,12,13,17
1697,1,2,3,6,7,8,11,12,13,17
1698,1,2,3,6,7,8,11,12,13,17
1699,1,2,3,6,7,8,11,12,13,17
1700,1,2,3,6,7,8,11,12,13,17
1701,1,2,3,6,7,8,11,12,13,17
1702,1,2,3,6,7,8,11,12,13,17
1703,1,2,3,6,7,8,11,12,13,17
1704,1,2,3,6,7,8,11,12,13,17
1705,1,2,3,6,7,8,11,12,13,17
1706,1,2,3,6,7,8,11,12,13,17
1707,1,2,3,6,7,8,11,12,13,17
1708,1,2,3,6,7,8,11,12,13,17
1709,1,2,3,6,7,8,11,12,13,17
1710,1,2,3,6,7,8,11,12,13,17
1711,1,2,3,6,7,8,11,12,13,17
1712,1,2,3,6,7,8,11,12,13,17
1713,1,2,3,6,7,8,11,12,13,17
1714,1,2,3,6,7,8,11,12,13,17
1715,1,2,3,6,7,8,11,12,13,17,18
1716,1,2,3,6,7,8,11,12,13,17,18
1717,1,2,3,6,7,8,11,12,13,17,18
1718,1,2,3,6,7,8,11,12,13,17,18
1719,1,2,3,6,7,8,11,12,13,17,18
1720,1,2,3,6,7,8,11,12,13,17,18
1721,1,2,3,6,7,8,11,12,13,17,18
1722,1,2,3,6,7,8,11,12,13,17,18
1723,1,2,3,6,7,8,11,12,13,17,18
1724,1,2,3,6,7,8,11,12,13,17,18
1725,1,2,3,6,7,8,11,12,13,17,18
1726,1,2,3,6,7,8,11,12,13,17,18
1727,1,2,3,6,7,8,11,12,13,17,18
1728,1,2,3,6,7,8,11,12,13,17,18
1729,2,3,6,7,8,11,12,13,17,18
1730,2,3,6,7,8,11,12,13,17,18
1731,2,3,6,7,8,11,12,13,17,18
1732,2,3,6,7,8,11,12,13,17,18
1733,2,3,6,7,8,11,12,13,17,18
1734,2,3,6,7,8,11,12,13,17,18
1735,2,3,7,8,12,13,17,18
1736,2,3,7,8,12,13,17,18
1737,2,3,7,8,12,13,17,18
1738,2,3,7,8,12,13,17,18
1739,2,3,7,8,12,13,17,18
1740,2,3,7,8,12,13,17,18
1741,2,3,7,8,12,13,17,18
1742,2,3,7,8,12,13,17,18
1743,2,3,7,8,12,13,17,18
1744,2,3,7,8,12,13,17,18
1745,2,3,7,8,12,13,17,18
1746,2,3,7,8,12,13,17,18
1747,2,3,7,8,12,13,17,18
1748,2,3,7,8,12,13,17,18
1749,3,7,8,12,13,17,18
1750,3,7,8,12,13,17,18
1751,7,8,12,13,17,18
1752,7,8,12,13,17,18
1753,7,8,12,13,17,18,22,23
1754,7,8,12,13,17,18,22,23
1755,7,8,12,13,17,18,22,23
1756,7,8,12,13,17,18,22,23
1757,7,8,12,13,17,18,22,23
1758,7,8,12,13,17,18,22,23
1759,7,8,12,13,17,18,22,23
1760,7,8,12,13,17,18,22,23
1761,7,8,12,13,17,18,22,23
1762,7,8,12,13,17,18,22,23
1763,7,8,12,13,17,18,22,23
1764,7,8,12,13,17,18,22,23
1765,7,8,12,13,17,18,22,23
1766,7,8,12,13,17,18,22,23
1767,7,8,12,13,17,18,22,23
1768,7,8,12,13,17,18,22,23
1769,7,8,12,13,17,18,22,23
1770,7,8,12,13,17,18,22,23
1771,7,8,12,13,17,18,22,23
1772,7,8,12,13,17,18,22,23
1773,8,12,13,17,18,22,23
1774,8,12,13,17,18,22,23
1775,8,12,13,17,18,22,23
1776,8,12,13,17,18,22,23
1777,8,12,13,17,18,22,23
1778,8,12,13,17,18,22,23
1779,8,12,13,17,18,22,23
1780,8,12,13,17,18,22,23
1781,12,13,17,18,22,23,24
1782,12,13,17,18,22,23,24
1783,12,13,17,18,19,21,22,23,24
1784,12,13,17,18,19,21,22,23,24
1785,12,13,17,18,19,21,22,23,24,25
1786,12,13,17,18,19,21,22,23,24,25
1787,12,13,17,18,19,21,22,23,24,25
1788,12,13,17,18,19,21,22,23,24,25
1789,12,13,17,18,19,21,22,23,24,25
1790,12,13,17,18,19,21,22,23,24,25
1791,12,13,17,18,19,21,22,23,24,25
1792,12,13,17,18,19,21,22,23,24,25
1793,12,13,17,18,19,21,22,23,24,25
1794,12,13,17,18,19,21,22,23,24,25
1795,12,13,17,18,19,21,22,23,24,25
1796,12,13,17,18,19,21,22,23,24,25
1797,12,13,16,17,18,19,21,22,23,24,25
1798,12,13,16,17,18,19,21,22,23,24,25
1799,12,13,16,17,18,19,21,22,23,24,25
1800,12,13,16,17,18,19,21,22,23,24,25
