1,7,8,9,12,13,14,17,18,19
2,7,8,9,12,13,14,17,18,19
3,7,8,9,12,13,14,17,18,19
4,7,8,9,12,13,14,17,18,19
5,7,8,9,12,13,14,17,18,19
6,7,8,9,12,13,14,17,18,19
7,7,8,9,12,13,14,17,18,19
8,7,8,9,12,13,14,17,18,19
9,7,8,9,12,13,14,17,18,19
10,7,8,9,12,13,14,17,18,19
11,7,8,9,12,13,14,17,18,19
12,7,8,9,12,13,14,17,18,19
13,8,9,12,13,14,17,18,19,23
14,8,9,12,13,14,17,18,19,23
15,8,9,12,13,14,18,19,23
16,8,9,12,13,14,18,19,23
17,8,9,13,14,18,19,23
18,8,9,13,14,18,19,23
19,8,9,13,14,18,19,23,24
20,8,9,13,14,18,19,23,24
21,8,9,13,14,18,19,23,24
22,8,9,13,14,18,19,23,24
23,8,9,13,14,18,19,23,24
24,8,9,13,14,18,19,23,24
25,8,9,13,14,18,19,23,24
26,8,9,13,14,18,19,23,24
27,8,9,13,14,18,19,23,24
28,8,9,13,14,18,19,23,24
29,8,9,13,14,18,19,23,24
30,8,9,13,14,18,19,23,24
31,8,9,13,14,17,18,19,23,24
32,8,9,13,14,17,18,19,23,24
33,8,9,12,13,14,17,18,19,22,23,24
34,8,9,12,13,14,17,18,19,22,23,24
35,8,12,13,14,17,18,19,22,23,24
36,8,12,13,14,17,18,19,22,23,24
37,8,12,13,14,17,18,19,22,23,24
38,8,12,13,14,17,18,19,22,23,24
39,8,12,13,14,17,18,19,22,23,24
40,8,12,13,14,17,18,19,22,23,24
41,8,12,13,14,17,18,19,22,23,24
42,8,12,13,14,17,18,19,22,23,24
43,8,12,13,14,17,18,19,22,23,24
44,8,12,13,14,17,18,19,22,23,24
45,8,12,13,14,17,18,19,22,23,24
46,8,12,13,14,17,18,19,22,23,24
47,12,13,14,17,18,19,22,23,24
48,12,13,14,17,18,19,22,23,24
49,12,13,14,17,18,19,22,23,24
50,12,13,14,17,18,19,22,23,24
51,12,13,14,17,18,19,22,23,24
52,12,13,14,17,18,19,22,23,24
53,12,13,14,17,18,19,22,23,24
54,12,13,14,17,18,19,22,23,24
55,12,13,14,17,18,19,22,23,24
56,12,13,14,17,18,19,22,23,24
57,12,13,14,17,18,19,22,23,24
58,12,13,14,17,18,19,22,23,24
59,12,13,14,17,18,19,22,23,24
60,12,13,14,17,18,19,22,23,24
61,12,13,14,17,18,19,22,23,24
62,12,13,14,17,18,19,22,23,24
63,8,12,13,14,17,18,19,22,23,24
64,8,12,13,14,17,18,19,22,23,24
65,8,12,13,14,17,18,19,22,23,24
66,8,12,13,14,17,18,19,22,23,24
67,8,12,13,14,17,18,19,22,23,24
68,8,12,13,14,17,18,19,22,23,24
69,7,8,12,13,14,17,18,19,22,23
70,7,8,12,13,14,17,18,19,22,23
71,7,8,12,13,14,17,18,19,23
72,7,8,12,13,14,17,18,19,23
73,7,8,12,13,14,17,18
74,7,8,12,13,14,17,18
75,3,7,8,9,12,13,14,17,18
76,3,7,8,9,12,13,14,17,18
77,3,7,8,9,12,13,14,17,18
78,3,7,8,9,12,13,14,17,18
79,3,7,8,9,12,13,14,17,18
80,3,7,8,9,12,13,14,17,18
81,3,7,8,9,12,13,14,17,18
82,3,7,8,9,12,13,14,17,18
83,3,7,8,9,12,13,14,17,18
84,3,7,8,9,12,13,14,17,18
85,2,3,7,8,9,12,13,14,17,18
86,2,3,7,8,9,12,13,14,17,18
87,2,3,7,8,9,12,13,14,17,18
88,2,3,7,8,9,12,13,14,17,18
89,2,3,7,8,9,12,13,14,17,18
90,2,3,7,8,9,12,13,14,17,18
91,2,3,4,7,8,9,12,13,14,17,18
92,2,3,4,7,8,9,12,13,14,17,18
93,2,3,4,7,8,9,12,13,14,18
94,2,3,4,7,8,9,12,13,14,18
95,2,3,4,7,8,9,12,13,14,18
96,2,3,4,7,8,9,12,13,14,18
97,2,3,4,7,8,9,12,13,14,18
98,2,3,4,7,8,9,12,13,14,18
99,2,3,4,7,8,9,12,13,14,18
100,2,3,4,7,8,9,12,13,14,18
101,2,3,4,7,8,9,12,13,14,17,18
102,2,3,4,7,8,9,12,13,14,17,18
103,2,3,7,8,9,12,13,17,18
104,2,3,7,8,9,12,13,17,18
105,2,3,7,8,12,13,17,18
106,2,3,7,8,12,13,17,18
107,2,3,7,8,12,13,17,18
108,2,3,7,8,12,13,17,18
109,2,3,7,8,12,13,17,18
110,2,3,7,8,12,13,17,18
111,2,3,7,8,12,13,17,18
112,2,3,7,8,12,13,17,18
113,6,7,8,11,12,13,16,17,18
114,6,7,8,11,12,13,16,17,18
115,6,7,8,11,12,13,16,17,18
116,6,7,8,11,12,13,16,17,18
117,6,7,8,11,12,13,16,17,18,22
118,6,7,8,11,12,13,16,17,18,22
119,6,7,8,11,12,13,16,17,18,22
120,6,7,8,11,12,13,16,17,18,22
121,6,7,11,12,13,16,17,18,22
122,6,7,11,12,13,16,17,18,22
123,6,7,11,12,13,16,17,18,21,22
124,6,7,11,12,13,16,17,18,21,22
125,6,7,11,12,13,16,17,18,21,22
126,6,7,11,12,13,16,17,18,21,22
127,6,7,11,12,13,16,17,18,21,22
128,6,7,11,12,13,16,17,18,21,22
129,7,11,12,13,16,17,18,21,22
130,7,11,12,13,16,17,18,21,22
131,7,11,12,13,16,17,18,21,22
132,7,11,12,13,16,17,18,21,22
133,7,11,12,16,17,21,22
134,7,11,12,16,17,21,22
135,6,7,11,12,16,17,21,22
136,6,7,11,12,16,17,21,22
137,6,7,11,12,16,17,21,22
138,6,7,11,12,16,17,21,22
139,6,7,11,12,16,17,21,22
140,6,7,11,12,16,17,21,22
141,6,7,11,12,16,17,21,22
142,6,7,11,12,16,17,21,22
143,6,7,11,12,16,17,21,22
144,6,7,11,12,16,17,21,22
145,6,7,11,12,16,17,21,22
146,6,7,11,12,16,17,21,22
147,6,7,11,12,16,17,21,22
148,6,7,11,12,16,17,21,22
149,6,7,11,12,16,17,21,22
150,6,7,11,12,16,17,21,22
151,6,7,11,12,16,17,21,22
152,6,7,11,12,16,17,21,22
153,6,7,11,12,16,17,21,22
154,6,7,11,12,16,17,21,22
155,6,7,11,12,16,17,21,22
156,6,7,11,12,16,17,21,22
157,6,7,11,12,16,17,21,22
158,6,7,11,12,16,17,21,22
159,6,7,11,12,16,17,21,22
160,6,7,11,12,16,17,21,22
161,6,7,11,12,16,17,21,22
162,6,7,11,12,16,17,21,22
163,6,7,11,12,16,17,21,22
164,6,7,11,12,16,17,21,22
165,6,7,11,12,16,17,21,22
166,6,7,11,12,16,17,21,22
167,6,7,11,12,16,17,21,22
168,6,7,11,12,16,17,21,22
169,6,7,11,12,16,17,21,22
170,6,7,11,12,16,17,21,22
171,6,7,11,12,16,17,21,22
172,6,7,11,12,16,17,21,22
173,6,7,11,12,16,17,21,22
174,6,7,11,12,16,17,21,22
175,6,7,11,12,16,17,21,22
176,6,7,11,12,16,17,21,22
177,6,7,11,12,16,17,21,22
178,6,7,11,12,16,17,21,22
179,6,7,11,12,16,17,21,22
180,6,7,11,12,16,17,21,22
181,6,7,11,12,15,16,17,20,21,22
182,6,7,11,12,15,16,17,20,21,22
183,6,7,11,12,15,16,17,20,21,22
184,6,7,11,12,15,16,17,20,21,22
185,6,7,11,12,15,16,17,20,21,22
186,6,7,11,12,15,16,17,20,21,22
187,6,7,11,12,15,16,17,20,21,22
188,6,7,11,12,15,16,17,20,21,22
189,6,7,11,12,15,16,17,20,21,22,25
190,6,7,11,12,15,16,17,20,21,22,25
191,6,7,11,12,15,16,17,20,21,22,25
192,6,7,11,12,15,16,17,20,21,22,25
193,6,7,11,12,15,16,17,20,21,22,25
194,6,7,11,12,15,16,17,20,21,22,25
195,6,11,12,15,16,17,20,21,22,25
196,6,11,12,15,16,17,20,21,22,25
197,6,11,12,15,16,17,20,21,22,25
198,6,11,12,15,16,17,20,21,22,25
199,6,11,12,15,16,17,20,21,22,25
200,6,11,12,15,16,17,20,21,22,25
201,6,11,12,15,16,17,20,21,22,25
202,6,11,12,15,16,17,20,21,22,25
203,6,11,12,15,16,17,20,21,22,25
204,6,11,12,15,16,17,20,21,22,25
205,6,11,12,15,16,17,20,21,22,25
206,6,11,12,15,16,17,20,21,22,25
207,6,11,12,15,16,17,20,21,22,25
208,6,11,12,15,16,17,20,21,22,25
209,6,11,12,15,16,17,20,21,22,25
210,6,11,12,15,16,17,20,21,22,25
211,6,11,12,15,16,17,20,21,22,25
212,6,11,12,15,16,17,20,21,22,25
213,6,11,12,15,16,17,20,21,22,25
214,6,11,12,15,16,17,20,21,22,25
215,6,11,12,15,16,17,20,21,22,25
216,6,11,12,15,16,17,20,21,22,25
217,6,11,12,15,16,17,20,21,22,25
218,6,11,12,15,16,17,20,21,22,25
219,6,11,12,15,16,17,20,21,22,25
220,6,11,12,15,16,17,20,21,22,25
221,6,11,12,15,16,17,20,21,22,25
222,6,11,12,15,16,17,20,21,22,25
223,6,11,12,15,16,17,20,21,22,25
224,6,11,12,15,16,17,20,21,22,25
225,6,11,12,15,16,17,20,21,22,25
226,6,11,12,15,16,17,20,21,22,25
227,6,11,12,15,16,17,20,21,22,25
228,6,11,12,15,16,17,20,21,22,25
229,6,11,12,15,16,17,20,21,22,25
230,6,11,12,15,16,17,20,21,22,25
231,6,11,12,15,16,17,20,21,22,25
232,6,11,12,15,16,17,20,21,22,25
233,6,11,12,15,16,17,20,21,22,25
234,6,11,12,15,16,17,20,21,22,25
235,6,11,12,15,16,17,20,21,22,25
236,6,11,12,15,16,17,20,21,22,25
237,6,11,12,15,16,17,20,21,22,25
238,6,11,12,15,16,17,20,21,22,25
239,6,11,12,15,16,17,20,21,22,25
240,6,11,12,15,16,17,20,21,22,25
241,6,11,12,15,16,17,20,21,22,25
242,6,11,12,15,16,17,20,21,22,25
243,6,11,12,15,16,17,20,21,22,25
244,6,11,12,15,16,17,20,21,22,25
245,6,11,12,15,16,17,20,21,22,25
246,6,11,12,15,16,17,20,21,22,25
247,6,11,12,15,16,17,20,21,22,25
248,6,11,12,15,16,17,20,21,22,25
249,6,11,12,15,16,17,20,21,22,25
250,6,11,12,15,16,17,20,21,22,25
251,6,11,12,15,16,17,20,21,22,25
252,6,11,12,15,16,17,20,21,22,25
253,6,11,12,15,16,17,20,21,22,25
254,6,11,12,15,16,17,20,21,22,25
255,6,11,12,15,16,17,20,21,22,25
256,6,11,12,15,16,17,20,21,22,25
257,6,11,12,15,16,17,20,21,22,25
258,6,11,12,15,16,17,20,21,22,25
259,6,11,12,15,16,17,20,21,22,25
260,6,11,12,15,16,17,20,21,22,25
261,6,11,12,15,16,17,20,21,22,25
262,6,11,12,15,16,17,20,21,22,25
263,6,11,12,15,16,17,20,21,22,25
264,6,11,12,15,16,17,20,21,22,25
265,6,11,12,15,16,17,20,21,22,25
266,6,11,12,15,16,17,20,21,22,25
267,6,11,12,15,16,17,20,21,22,25
268,6,11,12,15,16,17,20,21,22,25
269,6,11,12,15,16,17,20,21,22,25
270,6,11,12,15,16,17,20,21,22,25
271,6,11,12,15,16,17,20,21,22,25
272,6,11,12,15,16,17,20,21,22,25
273,6,11,12,15,16,17,20,21,22,25
274,6,11,12,15,16,17,20,21,22,25
275,6,11,12,15,16,17,20,21,22,25
276,6,11,12,15,16,17,20,21,22,25
277,6,11,12,15,16,17,20,21,22,25
278,6,11,12,15,16,17,20,21,22,25
279,6,11,12,15,16,17,20,21,22,25
280,6,11,12,15,16,17,20,21,22,25
281,11,12,15,16,17,20,21,22,25
282,11,12,15,16,17,20,21,22,25
283,11,12,15,16,17,20,21,22,25
284,11,12,15,16,17,20,21,22,25
285,6,11,12,15,16,17,20,21,22,25
286,6,11,12,15,16,17,20,21,22,25
287,6,11,12,15,16,17,20,21,22,25
288,6,11,12,15,16,17,20,21,22,25
289,6,11,12,15,16,17,20,21,22,25
290,6,11,12,15,16,17,20,21,22,25
291,6,11,12,15,16,17,20,21,22,25
292,6,11,12,15,16,17,20,21,22,25
293,6,11,12,15,16,17,20,21,22,25
294,6,11,12,15,16,17,20,21,22,25
295,6,11,12,15,16,17,20,21,22,25
296,6,11,12,15,16,17,20,21,22,25
297,6,11,12,15,16,17,20,21,22,25
298,6,11,12,15,16,17,20,21,22,25
299,6,11,12,15,16,17,20,21,22,25
300,6,11,12,15,16,17,20,21,22,25
301,6,7,10,11,12,15,16,17,20,21
302,6,7,10,11,12,15,16,17,20,21
303,6,7,10,11,12,15,16,17,20,21
304,6,7,10,11,12,15,16,17,20,21
305,6,7,10,11,12,15,16,17,20,21
306,6,7,10,11,12,15,16,17,20,21
307,6,7,10,11,12,15,16,17,20,21
308,6,7,10,11,12,15,16,17,20,21
309,6,7,10,11,12,15,16,17,20,21
310,6,7,10,11,12,15,16,17,20,21
311,6,7,10,11,12,15,16,17,20,21
312,6,7,10,11,12,15,16,17,20,21
313,6,7,10,11,12,15,16,17,20
314,6,7,10,11,12,15,16,17,20
315,1,6,7,10,11,12,15,16,17,20
316,1,6,7,10,11,12,15,16,17,20
317,1,6,7,10,11,12,15,16,17,20
318,1,6,7,10,11,12,15,16,17,20
319,1,6,7,10,11,12,15,16,17,20
320,1,6,7,10,11,12,15,16,17,20
321,1,2,6,7,10,11,12,15,16,17
322,1,2,6,7,10,11,12,15,16,17
323,1,2,6,7,10,11,12,15,16,17
324,1,2,6,7,10,11,12,15,16,17
325,1,2,6,7,10,11,12,15,16,17
326,1,2,6,7,10,11,12,15,16,17
327,1,2,6,7,10,11,12,15,16,17
328,1,2,6,7,10,11,12,15,16,17
329,1,2,6,7,10,11,12,15,16,17
330,1,2,6,7,10,11,12,15,16,17
331,1,2,6,7,10,11,12,15,16,17
332,1,2,6,7,10,11,12,15,16,17
333,1,2,6,7,10,11,12,15,16,17
334,1,2,6,7,10,11,12,15,16,17
335,1,2,6,7,10,11,12,15,16,17
336,1,2,6,7,10,11,12,15,16,17
337,1,2,6,7,10,11,12,15,16,17
338,1,2,6,7,10,11,12,15,16,17
339,1,2,6,7,10,11,12,15,16,17
340,1,2,6,7,10,11,12,15,16,17
341,1,2,6,7,11,12,16,17
342,1,2,6,7,11,12,16,17
343,1,2,6,7,11,12,16,17
344,1,2,6,7,11,12,16,17
345,1,2,6,7,11,12,16,17
346,1,2,6,7,11,12,16,17
347,1,2,6,7,11,12,16,17
348,1,2,6,7,11,12,16,17
349,1,2,6,7,11,12,16,17
350,1,2,6,7,11,12,16,17
351,1,2,6,7,11,12,16,17
352,1,2,6,7,11,12,16,17
353,1,2,6,7,11,12,16,17
354,1,2,6,7,11,12,16,17
355,1,2,6,7,11,12,16,17
356,1,2,6,7,11,12,16,17
357,2,6,7,8,11,12,13,16,17
358,2,6,7,8,11,12,13,16,17
359,2,6,7,8,11,12,13,16,17
360,2,6,7,8,11,12,13,16,17
361,2,6,7,8,11,12,13,16,17
362,2,6,7,8,11,12,13,16,17
363,2,3,6,7,8,11,12,13,16,17,18
364,2,3,6,7,8,11,12,13,16,17,18
365,2,3,6,7,8,11,12,13,17,18
366,2,3,6,7,8,11,12,13,17,18
367,2,3,7,8,12,13,17,18
368,2,3,7,8,12,13,17,18
369,2,3,7,8,12,13,17,18
370,2,3,7,8,12,13,17,18
371,2,3,7,8,12,13,17,18
372,2,3,7,8,12,13,17,18
373,2,3,7,8,12,13,17,18
374,2,3,7,8,12,13,17,18
375,2,3,7,8,12,13,17,18
376,2,3,7,8,12,13,17,18
377,2,3,7,8,12,13,17,18
378,2,3,7,8,12,13,17,18
379,2,3,7,8,12,13,17,18
380,2,3,7,8,12,13,17,18
381,2,3,7,8,12,13,17,18
382,2,3,7,8,12,13,17,18
383,2,3,7,8,12,13,17,18
384,2,3,7,8,12,13,17,18
385,2,3,7,8,12,13,17,18
386,2,3,7,8,12,13,17,18
387,3,7,8,9,12,13,14,17,18
388,3,7,8,9,12,13,14,17,18
389,3,7,8,9,12,13,14,17,18
390,3,7,8,9,12,13,14,17,18
391,2,3,4,7,8,9,12,13,14,18
392,2,3,4,7,8,9,12,13,14,18
393,2,3,4,7,8,9,12,13,14,18
394,2,3,4,7,8,9,12,13,14,18
395,2,3,4,7,8,9,12,13,14,18
396,2,3,4,7,8,9,12,13,14,18
397,2,3,4,7,8,9,12,13,14,18
398,2,3,4,7,8,9,12,13,14,18
399,2,3,4,7,8,9,12,13,14,18
400,2,3,4,7,8,9,12,13,14,18
401,2,3,4,7,8,9,12,13,14,18,19
402,2,3,4,7,8,9,12,13,14,18,19
403,2,3,4,7,8,9,12,13,14,18,19
404,2,3,4,7,8,9,12,13,14,18,19
405,3,4,7,8,9,12,13,14,18,19
406,3,4,7,8,9,12,13,14,18,19
407,3,4,7,8,9,12,13,14,18,19
408,3,4,7,8,9,12,13,14,18,19
409,3,4,7,8,9,12,13,14,18,19
410,3,4,7,8,9,12,13,14,18,19
411,3,4,8,9,13,14,18,19
412,3,4,8,9,13,14,18,19
413,3,4,8,9,13,14,18,19
414,3,4,8,9,13,14,18,19
415,3,4,8,9,13,14,18,19
416,3,4,8,9,13,14,18,19
417,3,4,8,9,13,14,18,19
418,3,4,8,9,13,14,18,19
419,3,4,8,9,13,14,18,19
420,3,4,8,9,13,14,18,19
421,3,4,8,9,13,14,18,19
422,3,4,8,9,13,14,18,19
423,3,4,8,9,13,14,18,19
424,3,4,8,9,13,14,18,19
425,3,4,8,9,13,14,18,19
426,3,4,8,9,13,14,18,19
427,3,4,8,9,13,14,18,19
428,3,4,8,9,13,14,18,19
429,3,4,8,9,13,14,18,19
430,3,4,8,9,13,14,18,19
431,3,4,8,9,13,14,18,19
432,3,4,8,9,13,14,18,19
433,3,4,8,9,13,14,18,19
434,3,4,8,9,13,14,18,19
435,3,4,8,9,13,14,18,19
436,3,4,8,9,13,14,18,19
437,3,4,8,9,13,14,18,19
438,3,4,8,9,13,14,18,19
439,4,8,9,13,14,18,19
440,4,8,9,13,14,18,19
441,8,9,13,14,18,19
442,8,9,13,14,18,19
443,8,9,13,14,18,19
444,8,9,13,14,18,19
445,8,9,13,14,18,19
446,8,9,13,14,18,19
447,8,9,13,14,18,19
448,8,9,13,14,18,19
449,8,9,13,14,18,19
450,8,9,13,14,18,19
451,8,9,13,14,18,19
452,8,9,13,14,18,19
453,8,9,13,14,18,19
454,8,9,13,14,18,19
455,8,9,13,14,18,19
456,8,9,13,14,18,19
457,8,9,13,14,18,19
458,8,9,13,14,18,19
459,8,9,13,14,18,19
460,8,9,13,14,18,19
461,8,9,13,14,18,19
462,8,9,13,14,18,19
463,8,9,13,14,18,19
464,8,9,13,14,18,19
465,8,9,13,14,18,19
466,8,9,13,14,18,19
467,8,9,13,14,18,19
468,8,9,13,14,18,19
469,8,9,13,14,18,19
470,8,9,13,14,18,19
471,8,9,13,14,18,19
472,8,9,13,14,18,19
473,8,9,13,14,18,19
474,8,9,13,14,18,19
475,8,9,13,14,18,19
476,8,9,13,14,18,19
477,8,9,13,14,18,19
478,8,9,13,14,18,19
479,8,9,13,14,18,19,23,24
480,8,9,13,14,18,19,23,24
481,8,9,13,14,18,19,23,24
482,8,9,13,14,18,19,23,24
483,8,9,13,14,18,19,23,24
484,8,9,13,14,18,19,23,24
485,8,9,13,14,18,19,23,24
486,8,9,13,14,18,19,23,24
487,8,9,13,14,18,19,23,24
488,8,9,13,14,18,19,23,24
489,9,13,14,18,19,23,24
490,9,13,14,18,19,23,24
491,9,13,14,18,19,23,24
492,9,13,14,18,19,23,24
493,9,13,14,18,19,20,23,24
494,9,13,14,18,19,20,23,24
495,9,13,14,18,19,20,23,24,25
496,9,13,14,18,19,20,23,24,25
497,9,13,14,18,19,20,23,24,25
498,9,13,14,18,19,20,23,24,25
499,9,13,14,18,19,20,23,24,25
500,9,13,14,18,19,20,23,24,25
501,9,13,14,18,19,20,23,24,25
502,9,13,14,18,19,20,23,24,25
503,9,13,14,18,19,20,23,24,25
504,9,13,14,18,19,20,23,24,25
505,9,13,14,18,19,20,23,24,25
506,9,13,14,18,19,20,23,24,25
507,9,13,14,18,19,20,23,24,25
508,9,13,14,18,19,20,23,24,25
509,13,14,18,19,20,23,24,25
510,13,14,18,19,20,23,24,25
511,13,14,18,19,20,23,24,25
512,13,14,18,19,20,23,24,25
513,13,14,18,19,20,23,24,25
514,13,14,18,19,20,23,24,25
515,13,14,18,19,20,23,24,25
516,13,14,18,19,20,23,24,25
517,13,14,18,19,20,23,24,25
518,13,14,18,19,20,23,24,25
519,13,14,18,19,20,23,24,25
520,13,14,18,19,20,23,24,25
521,13,14,18,19,20,23,24,25
522,13,14,18,19,20,23,24,25
523,13,14,18,19,20,23,24,25
524,13,14,18,19,20,23,24,25
525,13,14,18,19,20,23,24,25
526,13,14,18,19,20,23,24,25
527,13,14,18,19,20,23,24,25
528,13,14,18,19,20,23,24,25
529,13,14,18,19,20,21,22,23,24,25
530,13,14,18,19,20,21,22,23,24,25
531,13,14,18,19,20,21,22,23,24,25
532,13,14,18,19,20,21,22,23,24,25
533,13,14,18,19,20,21,22,23,24,25
534,13,14,18,19,20,21,22,23,24,25
535,13,14,18,19,20,21,22,23,24,25
536,13,14,18,19,20,21,22,23,24,25
537,13,14,18,19,20,21,22,23,24,25
538,13,14,18,19,20,21,22,23,24,25
539,13,14,18,19,20,21,22,23,24,25
540,13,14,18,19,20,21,22,23,24,25
541,13,14,18,19,20,21,22,23,24,25
542,13,14,18,19,20,21,22,23,24,25
543,13,14,18,19,20,21,22,23,24,25
544,13,14,18,19,20,21,22,23,24,25
545,13,14,18,19,20,21,22,23,24,25
546,13,14,18,19,20,21,22,23,24,25
547,13,14,18,19,20,21,22,23,24,25
548,13,14,18,19,20,21,22,23,24,25
549,13,14,18,19,20,21,22,23,24,25
550,13,14,18,19,20,21,22,23,24,25
551,13,14,18,19,20,21,22,23,24,25
552,13,14,18,19,20,21,22,23,24,25
553,13,14,18,19,20,21,22,23,24,25
554,13,14,18,19,20,21,22,23,24,25
555,13,14,18,19,20,21,22,23,24,25
556,13,14,18,19,20,21,22,23,24,25
557,13,14,17,18,19,20,21,22,23,24,25
558,13,14,17,18,19,20,21,22,23,24,25
559,13,14,17,18,19,20,21,22,23,24,25
560,13,14,17,18,19,20,21,22,23,24,25
561,13,14,17,18,19,20,21,22,23,24,25
562,13,14,17,18,19,20,21,22,23,24,25
563,13,14,17,18,19,20,21,22,23,24,25
564,13,14,17,18,19,20,21,22,23,24,25
565,14,17,18,19,20,21,22,23,24,25
566,14,17,18,19,20,21,22,23,24,25
567,14,17,18,19,20,21,22,23,24,25
568,14,17,18,19,20,21,22,23,24,25
569,14,17,18,19,20,21,22,23,24,25
570,14,17,18,19,20,21,22,23,24,25
571,14,17,18,19,20,21,22,23,24,25
572,14,17,18,19,20,21,22,23,24,25
573,14,17,18,19,20,21,22,23,24,25
574,14,17,18,19,20,21,22,23,24,25
575,14,17,18,19,20,21,22,23,24,25
576,14,17,18,19,20,21,22,23,24,25
577,14,17,18,19,20,21,22,23,24,25
578,14,17,18,19,20,21,22,23,24,25
579,14,17,18,19,20,21,22,23,24,25
580,14,17,18,19,20,21,22,23,24,25
581,14,17,18,19,20,21,22,23,24,25
582,14,17,18,19,20,21,22,23,24,25
583,14,17,18,19,20,21,22,23,24,25
584,14,17,18,19,20,21,22,23,24,25
585,14,17,18,19,20,21,22,23,24,25
586,14,17,18,19,20,21,22,23,24,25
587,14,17,18,19,20,21,22,23,24,25
588,14,17,18,19,20,21,22,23,24,25
589,14,17,18,19,20,21,22,23,24,25
590,14,17,18,19,20,21,22,23,24,25
591,14,17,18,19,20,21,22,23,24,25
592,14,17,18,19,20,21,22,23,24,25
593,14,17,18,19,20,21,22,23,24,25
594,14,17,18,19,20,21,22,23,24,25
595,14,17,18,19,20,21,22,23,24,25
596,14,17,18,19,20,21,22,23,24,25
597,14,17,18,19,20,21,22,23,24,25
598,14,17,18,19,20,21,22,23,24,25
599,14,17,18,19,20,21,22,23,24,25
600,14,17,18,19,20,21,22,23,24,25
601,14,17,18,19,20,21,22,23,24,25
602,14,17,18,19,20,21,22,23,24,25
603,14,17,18,19,20,21,22,23,24,25
604,14,17,18,19,20,21,22,23,24,25
605,14,17,18,19,20,21,22,23,24,25
606,14,17,18,19,20,21,22,23,24,25
607,14,17,18,19,20,21,22,23,24,25
608,14,17,18,19,20,21,22,23,24,25
609,14,17,18,19,20,21,22,23,24,25
610,14,17,18,19,20,21,22,23,24,25
611,14,17,18,19,20,21,22,23,24,25
612,14,17,18,19,20,21,22,23,24,25
613,14,17,18,19,20,21,22,23,24,25
614,14,17,18,19,20,21,22,23,24,25
615,14,17,18,19,20,21,22,23,24,25
616,14,17,18,19,20,21,22,23,24,25
617,14,17,18,19,20,21,22,23,24,25
618,14,17,18,19,20,21,22,23,24,25
619,14,17,18,19,20,21,22,23,24,25
620,14,17,18,19,20,21,22,23,24,25
621,14,17,18,19,20,21,22,23,24,25
622,14,17,18,19,20,21,22,23,24,25
623,13,14,17,18,19,20,21,22,23,24,25
624,13,14,17,18,19,20,21,22,23,24,25
625,13,14,18,19,20,21,22,23,24,25
626,13,14,18,19,20,21,22,23,24,25
627,13,14,18,19,20,21,22,23,24,25
628,13,14,18,19,20,21,22,23,24,25
629,13,14,18,19,20,21,22,23,24,25
630,13,14,18,19,20,21,22,23,24,25
631,13,14,18,19,20,21,22,23,24,25
632,13,14,18,19,20,21,22,23,24,25
633,13,14,18,19,20,21,22,23,24,25
634,13,14,18,19,20,21,22,23,24,25
635,9,13,14,18,19,20,23,24,25
636,9,13,14,18,19,20,23,24,25
637,9,13,14,15,18,19,20,23,24,25
638,9,13,14,15,18,19,20,23,24,25
639,9,13,14,18,19,23,24
640,9,13,14,18,19,23,24
641,8,9,13,14,18,19,23,24
642,8,9,13,14,18,19,23,24
643,8,9,13,14,18,19,23,24
644,8,9,13,14,18,19,23,24
645,8,9,13,14,18,19
646,8,9,13,14,18,19
647,4,8,9,13,14,18,19
648,4,8,9,13,14,18,19
649,4,8,9,13,14,18,19
650,4,8,9,13,14,18,19
651,3,4,8,9,13,14,18,19
652,3,4,8,9,13,14,18,19
653,3,4,8,9,13,14,18,19
654,3,4,8,9,13,14,18,19
655,3,4,8,9,13,14,18,19
656,3,4,8,9,13,14,18,19
657,3,4,8,9,13,14,18,19
658,3,4,8,9,13,14,18,19
659,3,4,8,9,13,14,18,19
660,3,4,8,9,13,14,18,19
661,3,4,5,8,9,10,13,14,18,19
662,3,4,5,8,9,10,13,14,18,19
663,3,4,5,8,9,10,13,14,19
664,3,4,5,8,9,10,13,14,19
665,3,4,5,8,9,10,13,14
666,3,4,5,8,9,10,13,14
667,3,4,5,8,9,10,13,14
668,3,4,5,8,9,10,13,14
669,3,4,5,8,9,10,13,14
670,3,4,5,8,9,10,13,14
671,1,2,3,4,5,8,9,10,13,14
672,1,2,3,4,5,8,9,10,13,14
673,1,2,3,4,5,8,9,10,13,14
674,1,2,3,4,5,8,9,10,13,14
675,1,2,3,4,5,8,9,10,13,14
676,1,2,3,4,5,8,9,10,13,14
677,1,2,3,4,5,8,9,10,13,14
678,1,2,3,4,5,8,9,10,13,14
679,1,2,3,4,5,8,9,10,13,14
680,1,2,3,4,5,8,9,10,13,14
681,1,2,3,4,5,8,9,10,13,14
682,1,2,3,4,5,8,9,10,13,14
683,1,2,3,4,5,8,9,10,13,14
684,1,2,3,4,5,8,9,10,13,14
685,1,2,3,4,5,8,9,10,13,14
686,1,2,3,4,5,8,9,10,13,14
687,1,2,3,4,5,8,9,10,13,14
688,1,2,3,4,5,8,9,10,13,14
689,1,2,3,4,5,8,9,10,13,14
690,1,2,3,4,5,8,9,10,13,14
691,1,2,3,4,5,8,9,10,13,14
692,1,2,3,4,5,8,9,10,13,14
693,3,4,5,8,9,10,13,14
694,3,4,5,8,9,10,13,14
695,3,4,5,8,9,13,14
696,3,4,5,8,9,13,14
697,3,4,5,8,9,13,14
698,3,4,5,8,9,13,14
699,3,4,5,8,9,13,14
700,3,4,5,8,9,13,14
701,3,4,5,8,9,13,14
702,3,4,5,8,9,13,14
703,3,4,5,8,9,13,14
704,3,4,5,8,9,13,14
705,3,4,5,8,9,13,14
706,3,4,5,8,9,13,14
707,3,4,5,8,9,13,14
708,3,4,5,8,9,13,14
709,3,4,5,8,9,13,14
710,3,4,5,8,9,13,14
711,3,4,5,8,9,13,14
712,3,4,5,8,9,13,14
713,3,4,5,8,9,13,14
714,3,4,5,8,9,13,14
715,3,4,5,8,9,13,14
716,3,4,5,8,9,13,14
717,3,4,5,8,9,13,14
718,3,4,5,8,9,13,14
719,3,4,5,8,9,13,14
720,3,4,5,8,9,13,14
721,3,4,5,8,9,13,14
722,3,4,5,8,9,13,14
723,3,4,5,8,9,13,14
724,3,4,5,8,9,13,14
725,3,4,5,8,9,13,14
726,3,4,5,8,9,13,14
727,3,4,5,8,9,13,14
728,3,4,5,8,9,13,14
729,3,4,5,8,9,13,14
730,3,4,5,8,9,13,14
731,3,4,5,8,9,13,14
732,3,4,5,8,9,13,14
733,3,4,5,8,9,13,14
734,3,4,5,8,9,13,14
735,3,4,5,8,9,13,14
736,3,4,5,8,9,13,14
737,3,4,5,8,9,13,14
738,3,4,5,8,9,13,14
739,3,4,5,8,9,13,14
740,3,4,5,8,9,13,14
741,3,4,5,8,9,13,14,19
742,3,4,5,8,9,13,14,19
743,3,4,5,8,9,10,13,14,19
744,3,4,5,8,9,10,13,14,19
745,3,4,5,8,9,10,13,14,19
746,3,4,5,8,9,10,13,14,19
747,3,4,8,9,13,14,18,19
748,3,4,8,9,13,14,18,19
749,3,4,8,9,13,14,18,19
750,3,4,8,9,13,14,18,19
751,3,4,8,9,13,14,18,19
752,3,4,8,9,13,14,18,19
753,3,4,8,9,13,14,18,19
754,3,4,8,9,13,14,18,19
755,3,4,8,9,13,14,18,19
756,3,4,8,9,13,14,18,19
757,3,4,8,9,13,14,18,19
758,3,4,8,9,13,14,18,19
759,3,4,8,9,13,14,18,19
760,3,4,8,9,13,14,18,19
761,3,4,8,9,13,14,18,19
762,3,4,8,9,13,14,18,19
763,3,4,8,9,13,14,18,19
764,3,4,8,9,13,14,18,19
765,3,4,8,9,13,14,18,19
766,3,4,8,9,13,14,18,19
767,3,4,8,9,13,14,18,19
768,3,4,8,9,13,14,18,19
769,3,4,8,9,13,14,18,19
770,3,4,8,9,13,14,18,19
771,3,4,8,9,13,14,18,19
772,3,4,8,9,13,14,18,19
773,3,4,8,9,13,14,18,19
774,3,4,8,9,13,14,18,19
775,3,4,8,9,13,14,18,19
776,3,4,8,9,13,14,18,19
777,3,4,8,9,13,14,18,19
778,3,4,8,9,13,14,18,19
779,3,4,8,9,13,14,18,19
780,3,4,8,9,13,14,18,19
781,3,4,8,9,13,14,18,19
782,3,4,8,9,13,14,18,19
783,3,4,8,9,13,14,18,19
784,3,4,8,9,13,14,18,19
785,3,4,8,9,13,14,18,19
786,3,4,8,9,13,14,18,19
787,3,4,8,9,13,14,18,19
788,3,4,8,9,13,14,18,19
789,3,4,8,9,13,14,18,19
790,3,4,8,9,13,14,18,19
791,3,4,5,8,9,13,14,19
792,3,4,5,8,9,13,14,19
793,3,4,5,8,9,13,14,19
794,3,4,5,8,9,13,14,19
795,3,4,5,8,9,13,14
796,3,4,5,8,9,13,14
797,3,4,5,8,9,13,14
798,3,4,5,8,9,13,14
799,1,2,3,4,5,8,9,13,14
800,1,2,3,4,5,8,9,13,14
801,1,2,3,4,5,8,9,13,14
802,1,2,3,4,5,8,9,13,14
803,1,2,3,4,5,8,9,13,14
804,1,2,3,4,5,8,9,13,14
805,1,2,3,4,5,8,9,13,14
806,1,2,3,4,5,8,9,13,14
807,1,2,3,4,5,8,9,13,14
808,1,2,3,4,5,8,9,13,14
809,1,2,3,4,5,8,9,13,14
810,1,2,3,4,5,8,9,13,14
811,1,2,3,4,5,8,9,13,14
812,1,2,3,4,5,8,9,13,14
813,1,2,3,4,5,8,9,13,14
814,1,2,3,4,5,8,9,13,14
815,3,4,8,9,13,14
816,3,4,8,9,13,14
817,3,4,8,9,13,14,18,19
818,3,4,8,9,13,14,18,19
819,3,4,8,9,13,14,18,19
820,3,4,8,9,13,14,18,19
821,3,4,8,9,13,14,18,19
822,3,4,8,9,13,14,18,19
823,3,4,8,9,13,14,18,19
824,3,4,8,9,13,14,18,19
825,8,9,13,14,18,19
826,8,9,13,14,18,19
827,8,9,13,14,18,19,23,24
828,8,9,13,14,18,19,23,24
829,8,9,13,14,18,19,23,24
830,8,9,13,14,18,19,23,24
831,8,9,13,14,18,19,23,24
832,8,9,13,14,18,19,23,24
833,9,13,14,18,19,23,24
834,9,13,14,18,19,23,24
835,9,13,14,18,19,20,23,24,25
836,9,13,14,18,19,20,23,24,25
837,13,14,18,19,20,23,24,25
838,13,14,18,19,20,23,24,25
839,13,14,18,19,20,23,24,25
840,13,14,18,19,20,23,24,25
841,13,14,18,19,20,21,22,23,24,25
842,13,14,18,19,20,21,22,23,24,25
843,13,14,18,19,20,21,22,23,24,25
844,13,14,18,19,20,21,22,23,24,25
845,13,14,18,19,20,21,22,23,24,25
846,13,14,18,19,20,21,22,23,24,25
847,13,14,18,19,20,21,22,23,24,25
848,13,14,18,19,20,21,22,23,24,25
849,13,14,18,19,20,21,22,23,24,25
850,13,14,18,19,20,21,22,23,24,25
851,13,14,18,19,20,21,22,23,24,25
852,13,14,18,19,20,21,22,23,24,25
853,13,14,18,19,20,21,22,23,24,25
854,13,14,18,19,20,21,22,23,24,25
855,13,14,18,19,20,21,22,23,24,25
856,13,14,18,19,20,21,22,23,24,25
857,13,14,18,19,20,21,22,23,24,25
858,13,14,18,19,20,21,22,23,24,25
859,13,14,18,19,20,21,22,23,24,25
860,13,14,18,19,20,21,22,23,24,25
861,13,14,18,19,20,21,22,23,24,25
862,13,14,18,19,20,21,22,23,24,25
863,13,14,18,19,20,21,22,23,24,25
864,13,14,18,19,20,21,22,23,24,25
865,13,14,18,19,20,21,22,23,24,25
866,13,14,18,19,20,21,22,23,24,25
867,13,14,18,19,20,21,22,23,24,25
868,13,14,18,19,20,21,22,23,24,25
869,13,14,18,19,20,21,22,23,24,25
870,13,14,18,19,20,21,22,23,24,25
871,13,14,18,19,20,21,22,23,24,25
872,13,14,18,19,20,21,22,23,24,25
873,13,14,18,19,20,21,22,23,24,25
874,13,14,18,19,20,21,22,23,24,25
875,13,14,18,19,20,21,22,23,24,25
876,13,14,18,19,20,21,22,23,24,25
877,13,14,15,18,19,20,21,22,23,24,25
878,13,14,15,18,19,20,21,22,23,24,25
879,13,14,15,18,19,20,21,22,23,24,25
880,13,14,15,18,19,20,21,22,23,24,25
881,13,14,15,18,19,20,21,22,23,24,25
882,13,14,15,18,19,20,21,22,23,24,25
883,13,14,15,18,19,20,21,22,23,24,25
884,13,14,15,18,19,20,21,22,23,24,25
885,13,14,15,18,19,20,21,22,23,24,25
886,13,14,15,18,19,20,21,22,23,24,25
887,13,14,15,18,19,20,21,22,23,24,25
888,13,14,15,18,19,20,21,22,23,24,25
889,13,14,15,18,19,20,21,22,23,24,25
890,13,14,15,18,19,20,21,22,23,24,25
891,13,14,15,18,19,20,21,22,23,24,25
892,13,14,15,18,19,20,21,22,23,24,25
893,14,15,18,19,20,21,22,23,24,25
894,14,15,18,19,20,21,22,23,24,25
895,14,18,19,20,21,22,23,24,25
896,14,18,19,20,21,22,23,24,25
897,14,18,19,20,21,22,23,24,25
898,14,18,19,20,21,22,23,24,25
899,14,18,19,20,21,22,23,24,25
900,14,18,19,20,21,22,23,24,25
901,14,18,19,20,21,22,23,24,25
902,14,18,19,20,21,22,23,24,25
903,14,18,19,20,21,22,23,24,25
904,14,18,19,20,21,22,23,24,25
905,14,18,19,20,21,22,23,24,25
906,14,18,19,20,21,22,23,24,25
907,14,18,19,20,21,22,23,24,25
908,14,18,19,20,21,22,23,24,25
909,14,18,19,20,21,22,23,24,25
910,14,18,19,20,21,22,23,24,25
911,14,18,19,20,21,22,23,24,25
912,14,18,19,20,21,22,23,24,25
913,14,18,19,20,21,22,23,24,25
914,14,18,19,20,21,22,23,24,25
915,14,18,19,20,21,22,23,24,25
916,14,18,19,20,21,22,23,24,25
917,14,17,18,19,20,21,22,23,24,25
918,14,17,18,19,20,21,22,23,24,25
919,14,17,18,19,20,21,22,23,24,25
920,14,17,18,19,20,21,22,23,24,25
921,14,17,18,19,20,21,22,23,24,25
922,14,17,18,19,20,21,22,23,24,25
923,13,14,17,18,19,20,21,22,23,24,25
924,13,14,17,18,19,20,21,22,23,24,25
925,13,14,17,18,19,20,21,22,23,24,25
926,13,14,17,18,19,20,21,22,23,24,25
927,13,14,17,18,19,20,21,22,23,24,25
928,13,14,17,18,19,20,21,22,23,24,25
929,13,14,17,18,19,20,21,22,23,24,25
930,13,14,17,18,19,20,21,22,23,24,25
931,13,14,17,18,19,20,21,22,23,24,25
932,13,14,17,18,19,20,21,22,23,24,25
933,13,14,17,18,19,20,21,22,23,24,25
934,13,14,17,18,19,20,21,22,23,24,25
935,13,14,17,18,19,20,21,22,23,24,25
936,13,14,17,18,19,20,21,22,23,24,25
937,13,14,17,18,19,21,22,23,24,25
938,13,14,17,18,19,21,22,23,24,25
939,13,14,17,18,19,21,22,23,24,25
940,13,14,17,18,19,21,22,23,24,25
941,13,14,17,18,19,21,22,23,24,25
942,13,14,17,18,19,21,22,23,24,25
943,13,14,17,18,19,21,22,23,24,25
944,13,14,17,18,19,21,22,23,24,25
945,12,13,14,17,18,19,21,22,23,24,25
946,12,13,14,17,18,19,21,22,23,24,25
947,12,13,14,17,18,19,21,22,23,24,25
948,12,13,14,17,18,19,21,22,23,24,25
949,12,13,14,17,18,19,21,22,23,24,25
950,12,13,14,17,18,19,21,22,23,24,25
951,12,13,14,17,18,19,21,22,23,24,25
952,12,13,14,17,18,19,21,22,23,24,25
953,12,13,14,17,18,19,21,22,23,24,25
954,12,13,14,17,18,19,21,22,23,24,25
955,12,13,14,17,18,19,21,22,23,24,25
956,12,13,14,17,18,19,21,22,23,24,25
957,12,13,14,17,18,19,21,22,23,24,25
958,12,13,14,17,18,19,21,22,23,24,25
959,12,13,14,17,18,19,21,22,23,24,25
960,12,13,14,17,18,19,21,22,23,24,25
961,12,13,14,17,18,19,21,22,23,24,25
962,12,13,14,17,18,19,21,22,23,24,25
963,12,13,14,17,18,19,21,22,23,24,25
964,12,13,14,17,18,19,21,22,23,24,25
965,12,13,14,17,18,19,21,22,23,24,25
966,12,13,14,17,18,19,21,22,23,24,25
967,12,13,14,17,18,19,21,22,23,24,25
968,12,13,14,17,18,19,21,22,23,24,25
969,12,13,14,17,18,19,21,22,23,24,25
970,12,13,14,17,18,19,21,22,23,24,25
971,12,13,14,17,18,19,21,22,23,24,25
972,12,13,14,17,18,19,21,22,23,24,25
973,12,13,14,17,18,19,21,22,23,24,25
974,12,13,14,17,18,19,21,22,23,24,25
975,12,13,14,17,18,19,21,22,23,24,25
976,12,13,14,17,18,19,21,22,23,24,25
977,13,14,17,18,19,21,22,23,24,25
978,13,14,17,18,19,21,22,23,24,25
979,13,14,17,18,19,21,22,23,24,25
980,13,14,17,18,19,21,22,23,24,25
981,13,14,17,18,19,21,22,23,24,25
982,13,14,17,18,19,21,22,23,24,25
983,13,14,17,18,19,21,22,23,24,25
984,13,14,17,18,19,21,22,23,24,25
985,13,14,17,18,19,21,22,23,24,25
986,13,14,17,18,19,21,22,23,24,25
987,13,14,17,18,19,21,22,23,24,25
988,13,14,17,18,19,21,22,23,24,25
989,13,14,17,18,19,21,22,23,24,25
990,13,14,17,18,19,21,22,23,24,25
991,13,14,17,18,19,21,22,23,24,25
992,13,14,17,18,19,21,22,23,24,25
993,13,14,17,18,19,21,22,23,24,25
994,13,14,17,18,19,21,22,23,24,25
995,13,14,17,18,19,21,22,23,24,25
996,13,14,17,18,19,21,22,23,24,25
997,13,14,17,18,19,21,22,23,24,25
998,13,14,17,18,19,21,22,23,24,25
999,13,14,17,18,19,21,22,23,24,25
1000,13,14,17,18,19,21,22,23,24,25
1001,13,14,17,18,19,21,22,23,24,25
1002,13,14,17,18,19,21,22,23,24,25
1003,13,14,17,18,19,21,22,23,24,25
1004,13,14,17,18,19,21,22,23,24,25
1005,13,14,17,18,19,21,22,23,24,25
1006,13,14,17,18,19,21,22,23,24,25
1007,13,14,17,18,19,21,22,23,24,25
1008,13,14,17,18,19,21,22,23,24,25
1009,13,14,17,18,19,21,22,23,24,25
1010,13,14,17,18,19,21,22,23,24,25
1011,13,14,17,18,19,21,22,23,24,25
1012,13,14,17,18,19,21,22,23,24,25
1013,13,14,17,18,19,21,22,23,24,25
1014,13,14,17,18,19,21,22,23,24,25
1015,13,14,17,18,19,21,22,23,24,25
1016,13,14,17,18,19,21,22,23,24,25
1017,13,14,17,18,19,21,22,23,24,25
1018,13,14,17,18,19,21,22,23,24,25
1019,13,14,17,18,19,21,22,23,24,25
1020,13,14,17,18,19,21,22,23,24,25
1021,13,14,17,18,19,21,22,23,24,25
1022,13,14,17,18,19,21,22,23,24,25
1023,13,14,17,18,19,21,22,23,24,25
1024,13,14,17,18,19,21,22,23,24,25
1025,13,14,17,18,19,21,22,23,24,25
1026,13,14,17,18,19,21,22,23,24,25
1027,13,14,17,18,19,21,22,23,24,25
1028,13,14,17,18,19,21,22,23,24,25
1029,13,14,17,18,19,20,21,22,23,24,25
1030,13,14,17,18,19,20,21,22,23,24,25
1031,13,14,17,18,19,20,21,22,23,24,25
1032,13,14,17,18,19,20,21,22,23,24,25
1033,13,14,17,18,19,20,21,22,23,24,25
1034,13,14,17,18,19,20,21,22,23,24,25
1035,13,14,17,18,19,20,21,22,23,24,25
1036,13,14,17,18,19,20,21,22,23,24,25
1037,13,14,17,18,19,20,21,22,23,24,25
1038,13,14,17,18,19,20,21,22,23,24,25
1039,13,14,17,18,19,20,21,22,23,24,25
1040,13,14,17,18,19,20,21,22,23,24,25
1041,13,14,17,18,19,20,21,22,23,24,25
1042,13,14,17,18,19,20,21,22,23,24,25
1043,13,14,17,18,19,20,21,22,23,24,25
1044,13,14,17,18,19,20,21,22,23,24,25
1045,13,14,17,18,19,20,21,22,23,24,25
1046,13,14,17,18,19,20,21,22,23,24,25
1047,13,14,17,18,19,20,21,22,23,24,25
1048,13,14,17,18,19,20,21,22,23,24,25
1049,13,14,18,19,20,21,22,23,24,25
1050,13,14,18,19,20,21,22,23,24,25
1051,13,14,18,19,20,21,22,23,24,25
1052,13,14,18,19,20,21,22,23,24,25
1053,13,14,18,19,20,21,22,23,24,25
1054,13,14,18,19,20,21,22,23,24,25
1055,13,14,18,19,20,21,22,23,24,25
1056,13,14,18,19,20,21,22,23,24,25
1057,13,14,18,19,20,21,22,23,24,25
1058,13,14,18,19,20,21,22,23,24,25
1059,14,18,19,20,21,22,23,24,25
1060,14,18,19,20,21,22,23,24,25
1061,14,18,19,20,21,22,23,24,25
1062,14,18,19,20,21,22,23,24,25
1063,14,18,19,20,21,22,23,24,25
1064,14,18,19,20,21,22,23,24,25
1065,14,18,19,20,21,22,23,24,25
1066,14,18,19,20,21,22,23,24,25
1067,14,15,18,19,20,21,22,23,24,25
1068,14,15,18,19,20,21,22,23,24,25
1069,13,14,15,18,19,20,21,22,23,24,25
1070,13,14,15,18,19,20,21,22,23,24,25
1071,13,14,15,18,19,20,21,22,23,24,25
1072,13,14,15,18,19,20,21,22,23,24,25
1073,13,14,15,18,19,20,21,22,23,24,25
1074,13,14,15,18,19,20,21,22,23,24,25
1075,13,14,15,18,19,20,21,22,23,24,25
1076,13,14,15,18,19,20,21,22,23,24,25
1077,14,15,18,19,20,21,22,23,24,25
1078,14,15,18,19,20,21,22,23,24,25
1079,14,15,18,19,20,21,22,23,24,25
1080,14,15,18,19,20,21,22,23,24,25
1081,14,15,18,19,20,21,22,23,24,25
1082,14,15,18,19,20,21,22,23,24,25
1083,14,15,18,19,20,21,22,23,24,25
1084,14,15,18,19,20,21,22,23,24,25
1085,14,15,18,19,20,21,22,23,24,25
1086,14,15,18,19,20,21,22,23,24,25
1087,14,15,18,19,20,21,22,23,24,25
1088,14,15,18,19,20,21,22,23,24,25
1089,14,15,18,19,20,21,22,23,24,25
1090,14,15,18,19,20,21,22,23,24,25
1091,14,15,18,19,20,21,22,23,24,25
1092,14,15,18,19,20,21,22,23,24,25
1093,14,15,18,19,20,21,22,23,24,25
1094,14,15,18,19,20,21,22,23,24,25
1095,14,18,19,20,21,22,23,24,25
1096,14,18,19,20,21,22,23,24,25
1097,14,16,18,19,20,21,22,23,24,25
1098,14,16,18,19,20,21,22,23,24,25
1099,14,16,18,19,20,21,22,23,24,25
1100,14,16,18,19,20,21,22,23,24,25
1101,14,15,16,18,19,20,21,22,23,24,25
1102,14,15,16,18,19,20,21,22,23,24,25
1103,14,15,16,18,19,20,21,22,23,24,25
1104,14,15,16,18,19,20,21,22,23,24,25
1105,14,16,18,19,20,21,22,23,24,25
1106,14,16,18,19,20,21,22,23,24,25
1107,14,16,18,19,20,21,22,23,24,25
1108,14,16,18,19,20,21,22,23,24,25
1109,14,16,18,19,20,21,22,23,24,25
1110,14,16,18,19,20,21,22,23,24,25
1111,14,16,18,19,20,21,22,23,24,25
1112,14,16,18,19,20,21,22,23,24,25
1113,14,16,18,19,20,21,22,23,24,25
1114,14,16,18,19,20,21,22,23,24,25
1115,14,16,18,19,20,21,22,23,24,25
1116,14,16,18,19,20,21,22,23,24,25
1117,14,16,18,19,20,21,22,23,24,25
1118,14,16,18,19,20,21,22,23,24,25
1119,16,17,18,19,20,21,22,23,24,25
1120,16,17,18,19,20,21,22,23,24,25
1121,14,16,18,19,20,21,22,23,24,25
1122,14,16,18,19,20,21,22,23,24,25
1123,14,16,18,19,20,21,22,23,24,25
1124,14,16,18,19,20,21,22,23,24,25
1125,14,16,18,19,20,21,22,23,24,25
1126,14,16,18,19,20,21,22,23,24,25
1127,14,16,18,19,20,21,22,23,24,25
1128,14,16,18,19,20,21,22,23,24,25
1129,14,16,18,19,20,21,22,23,24,25
1130,14,16,18,19,20,21,22,23,24,25
1131,14,16,18,19,20,21,22,23,24,25
1132,14,16,18,19,20,21,22,23,24,25
1133,14,16,18,19,20,21,22,23,24,25
1134,14,16,18,19,20,21,22,23,24,25
1135,14,16,18,19,20,21,22,23,24,25
1136,14,16,18,19,20,21,22,23,24,25
1137,14,16,18,19,20,21,22,23,24,25
1138,14,16,18,19,20,21,22,23,24,25
1139,14,16,18,19,20,21,22,23,24,25
1140,14,16,18,19,20,21,22,23,24,25
1141,14,16,18,19,20,21,22,23,24,25
1142,14,16,18,19,20,21,22,23,24,25
1143,14,15,16,18,19,20,21,22,23,24,25
1144,14,15,16,18,19,20,21,22,23,24,25
1145,14,15,16,18,19,20,21,22,23,24,25
1146,14,15,16,18,19,20,21,22,23,24,25
1147,14,15,16,18,19,20,21,22,23,24,25
1148,14,15,16,18,19,20,21,22,23,24,25
1149,14,15,16,18,19,20,21,22,23,24,25
1150,14,15,16,18,19,20,21,22,23,24,25
1151,14,15,16,18,19,20,21,22,23,24,25
1152,14,15,16,18,19,20,21,22,23,24,25
1153,14,15,16,18,19,20,21,22,23,24,25
1154,14,15,16,18,19,20,21,22,23,24,25
1155,14,15,16,18,19,20,21,22,23,24,25
1156,14,15,16,18,19,20,21,22,23,24,25
1157,14,15,16,18,19,20,21,22,23,24,25
1158,14,15,16,18,19,20,21,22,23,24,25
1159,14,15,16,18,19,20,21,22,23,24,25
1160,14,15,16,18,19,20,21,22,23,24,25
1161,14,15,16,18,19,20,21,22,23,24,25
1162,14,15,16,18,19,20,21,22,23,24,25
1163,14,15,16,18,19,20,21,22,23,24,25
1164,14,15,16,18,19,20,21,22,23,24,25
1165,14,15,16,18,19,20,21,22,23,24,25
1166,14,15,16,18,19,20,21,22,23,24,25
1167,14,15,16,19,20,21,22,23,24,25
1168,14,15,16,19,20,21,22,23,24,25
1169,14,15,16,19,20,21,22,23,24,25
1170,14,15,16,19,20,21,22,23,24,25
1171,14,15,16,19,20,21,22,23,24,25
1172,14,15,16,19,20,21,22,23,24,25
1173,14,15,16,19,20,21,22,23,24,25
1174,14,15,16,19,20,21,22,23,24,25
1175,14,15,16,19,20,21,22,23,24,25
1176,14,15,16,19,20,21,22,23,24,25
1177,14,15,16,19,20,21,22,23,24,25
1178,14,15,16,19,20,21,22,23,24,25
1179,14,15,16,19,20,21,22,23,24,25
1180,14,15,16,19,20,21,22,23,24,25
1181,14,15,16,19,20,21,22,23,24,25
1182,14,15,16,19,20,21,22,23,24,25
1183,11,14,15,16,19,20,21,22,23,24,25
1184,11,14,15,16,19,20,21,22,23,24,25
1185,11,14,15,16,19,20,21,22,23,24,25
1186,11,14,15,16,19,20,21,22,23,24,25
1187,11,14,15,16,19,20,21,22,23,24,25
1188,11,14,15,16,19,20,21,22,23,24,25
1189,11,14,15,16,19,20,21,22,23,24,25
1190,11,14,15,16,19,20,21,22,23,24,25
1191,11,14,15,16,19,20,21,22,23,24,25
1192,11,14,15,16,19,20,21,22,23,24,25
1193,11,14,15,16,19,20,21,22,23,24,25
1194,11,14,15,16,19,20,21,22,23,24,25
1195,11,14,15,16,19,20,21,22,23,24,25
1196,11,14,15,16,19,20,21,22,23,24,25
1197,11,14,15,16,19,20,21,22,23,24,25
1198,11,14,15,16,19,20,21,22,23,24,25
1199,11,14,15,16,19,20,21,22,23,24,25
1200,11,14,15,16,19,20,21,22,23,24,25
1201,11,14,15,16,19,20,21,22,23,24,25
1202,11,14,15,16,19,20,21,22,23,24,25
1203,11,14,15,16,19,20,21,22,23,24,25
1204,11,14,15,16,19,20,21,22,23,24,25
1205,11,14,15,16,19,20,21,22,23,24,25
1206,11,14,15,16,19,20,21,22,23,24,25
1207,11,14,15,16,19,20,21,24,25
1208,11,14,15,16,19,20,21,24,25
1209,11,14,15,16,19,20,21,24,25
1210,11,14,15,16,19,20,21,24,25
1211,11,14,15,16,19,20,21,24,25
1212,11,14,15,16,19,20,21,24,25
1213,11,14,15,16,19,20,21,24,25
1214,11,14,15,16,19,20,21,24,25
1215,11,14,15,16,19,20,21,24,25
1216,11,14,15,16,19,20,21,24,25
1217,10,11,15,16,19,20,21,24,25
1218,10,11,15,16,19,20,21,24,25
1219,10,11,15,16,19,20,21,24,25
1220,10,11,15,16,19,20,21,24,25
1221,10,11,15,16,19,20,21,24,25
1222,10,11,15,16,19,20,21,24,25
1223,10,11,15,16,19,20,21,24,25
1224,10,11,15,16,19,20,21,24,25
1225,10,11,15,16,19,20,21,24,25
1226,10,11,15,16,19,20,21,24,25
1227,10,11,15,16,19,20,21,24,25
1228,10,11,15,16,19,20,21,24,25
1229,10,11,15,16,19,20,21,24,25
1230,10,11,15,16,19,20,21,24,25
1231,10,11,15,16,19,20,21,24,25
1232,10,11,15,16,19,20,21,24,25
1233,10,11,15,16,19,20,21,24,25
1234,10,11,15,16,19,20,21,24,25
1235,10,11,15,16,19,20,21,24,25
1236,10,11,15,16,19,20,21,24,25
1237,10,11,15,16,19,20,21,24,25
1238,10,11,15,16,19,20,21,24,25
1239,10,11,14,15,16,19,20,21,24,25
1240,10,11,14,15,16,19,20,21,24,25
1241,10,11,14,15,16,19,20,21,24,25
1242,10,11,14,15,16,19,20,21,24,25
1243,10,11,14,15,16,19,20,21,24,25
1244,10,11,14,15,16,19,20,21,24,25
1245,10,11,14,15,16,19,20,21,24,25
1246,10,11,14,15,16,19,20,21,24,25
1247,10,14,15,16,19,20,21,24,25
1248,10,14,15,16,19,20,21,24,25
1249,14,15,19,20,24,25
1250,14,15,19,20,24,25
1251,10,14,15,19,20,24,25
1252,10,14,15,19,20,24,25
1253,9,14,15,18,19,20,23,24,25
1254,9,14,15,18,19,20,23,24,25
1255,9,13,14,15,18,19,20,23,24,25
1256,9,13,14,15,18,19,20,23,24,25
1257,9,13,14,15,18,19,20,23,24,25
1258,9,13,14,15,18,19,20,23,24,25
1259,9,13,14,15,18,19,20,23,24,25
1260,9,13,14,15,18,19,20,23,24,25
1261,9,13,14,15,18,19,20,23,24,25
1262,9,13,14,15,18,19,20,23,24,25
1263,9,13,14,15,18,19,20,23,24,25
1264,9,13,14,15,18,19,20,23,24,25
1265,9,13,14,15,18,19,20,23,24,25
1266,9,13,14,15,18,19,20,23,24,25
1267,9,13,14,18,19,20,23,24,25
1268,9,13,14,18,19,20,23,24,25
1269,9,13,14,18,19,23,24
1270,9,13,14,18,19,23,24
1271,9,13,14,18,19,23,24
1272,9,13,14,18,19,23,24
1273,9,13,14,18,19,23,24
1274,9,13,14,18,19,23,24
1275,8,9,13,14,18,19,23,24
1276,8,9,13,14,18,19,23,24
1277,8,9,13,14,18,19,23,24
1278,8,9,13,14,18,19,23,24
1279,8,9,13,14,18,19,23,24
1280,8,9,13,14,18,19,23,24
1281,8,9,13,14,18,19,23,24
1282,8,9,13,14,18,19,23,24
1283,8,9,13,14,18,19,23,24
1284,8,9,13,14,18,19,23,24
1285,8,9,13,14,18,19,23,24
1286,8,9,13,14,18,19,23,24
1287,8,9,13,14,18,19,23,24
1288,8,9,13,14,18,19,23,24
1289,8,9,13,14,18,19,23,24
1290,8,9,13,14,18,19,23,24
1291,8,9,13,14,18,19,23,24
1292,8,9,13,14,18,19,23,24
1293,8,9,13,14,18,19,23,24
1294,8,9,13,14,18,19,23,24
1295,8,9,13,14,18,19,23,24
1296,8,9,13,14,18,19,23,24
1297,8,9,13,14,18,19,23,24
1298,8,9,13,14,18,19,23,24
1299,8,9,13,14,18,19,23,24
1300,8,9,13,14,18,19,23,24
1301,8,9,13,14,18,19,23,24
1302,8,9,13,14,18,19,23,24
1303,8,9,13,14,18,19,23,24
1304,8,9,13,14,18,19,23,24
1305,8,9,13,14,18,19,23,24
1306,8,9,13,14,18,19,23,24
1307,8,9,13,14,18,19,23,24
1308,8,9,13,14,18,19,23,24
1309,8,9,13,14,18,19,23,24
1310,8,9,13,14,18,19,23,24
1311,8,9,13,14,18,19,23,24
1312,8,9,13,14,18,19,23,24
1313,8,9,13,14,18,19,23,24
1314,8,9,13,14,18,19,23,24
1315,8,9,13,14,18,19,23,24
1316,8,9,13,14,18,19,23,24
1317,8,9,13,14,18,19,23,24
1318,8,9,13,14,18,19,23,24
1319,8,9,13,14,18,19,23,24
1320,8,9,13,14,18,19,23,24
1321,8,9,13,14,18,19,23,24
1322,8,9,13,14,18,19,23,24
1323,8,9,13,14,18,19,23,24
1324,8,9,13,14,18,19,23,24
1325,8,9,13,14,18,19,23,24
1326,8,9,13,14,18,19,23,24
1327,8,9,13,14,18,19,23,24
1328,8,9,13,14,18,19,23,24
1329,8,9,13,14,18,19,24
1330,8,9,13,14,18,19,24
1331,8,9,13,14,15,18,19,24
1332,8,9,13,14,15,18,19,24
1333,8,9,13,14,15,18,19,20,24
1334,8,9,13,14,15,18,19,20,24
1335,8,9,10,13,14,15,18,19,20,24
1336,8,9,10,13,14,15,18,19,20,24
1337,8,9,10,13,14,15,18,19,20,24
1338,8,9,10,13,14,15,18,19,20,24
1339,8,9,10,13,14,15,18,19,20,24
1340,8,9,10,13,14,15,18,19,20,24
1341,8,9,10,13,14,15,18,19,20,24
1342,8,9,10,13,14,15,18,19,20,24
1343,8,9,10,13,14,15,18,19,20,24
1344,8,9,10,13,14,15,18,19,20,24
1345,9,10,14,15,19,20,24
1346,9,10,14,15,19,20,24
1347,9,10,14,15,19,20,24,25
1348,9,10,14,15,19,20,24,25
1349,9,10,14,15,19,20,24,25
1350,9,10,14,15,19,20,24,25
1351,9,10,14,15,19,20,24,25
1352,9,10,14,15,19,20,24,25
1353,9,10,14,15,19,20,24,25
1354,9,10,14,15,19,20,24,25
1355,9,10,14,15,19,20,24,25
1356,9,10,14,15,19,20,24,25
1357,9,10,11,14,15,16,19,20,24,25
1358,9,10,11,14,15,16,19,20,24,25
1359,9,10,11,14,15,16,19,20,24,25
1360,9,10,11,14,15,16,19,20,24,25
1361,9,10,11,14,15,16,19,20,21,24,25
1362,9,10,11,14,15,16,19,20,21,24,25
1363,6,10,11,14,15,16,19,20,21,24,25
1364,6,10,11,14,15,16,19,20,21,24,25
1365,10,11,14,15,16,19,20,21,24,25
1366,10,11,14,15,16,19,20,21,24,25
1367,10,11,14,15,16,19,20,21,25
1368,10,11,14,15,16,19,20,21,25
1369,10,11,14,15,16,19,20,21,25
1370,10,11,14,15,16,19,20,21,25
1371,10,11,14,15,16,19,20,21,25
1372,10,11,14,15,16,19,20,21,25
1373,10,11,15,16,20,21,25
1374,10,11,15,16,20,21,25
1375,10,11,15,16,20,21,25
1376,10,11,15,16,20,21,25
1377,10,11,15,16,20,21,25
1378,10,11,15,16,20,21,25
1379,10,11,15,16,20,21,25
1380,10,11,15,16,20,21,25
1381,10,11,15,16,20,21,25
1382,10,11,15,16,20,21,25
1383,10,11,15,16,20,21,25
1384,10,11,15,16,20,21,25
1385,10,11,15,16,20,21,25
1386,10,11,15,16,20,21,25
1387,10,11,15,16,20,21,25
1388,10,11,15,16,20,21,25
1389,10,11,15,16,20,21,25
1390,10,11,15,16,20,21,25
1391,6,10,11,15,16,20,21,25
1392,6,10,11,15,16,20,21,25
1393,6,10,11,15,16,20,21,25
1394,6,10,11,15,16,20,21,25
1395,10,11,15,16,20,21,25
1396,10,11,15,16,20,21,25
1397,6,10,11,15,16,20,21,25
1398,6,10,11,15,16,20,21,25
1399,6,10,11,15,16,20,21,25
1400,6,10,11,15,16,20,21,25
1401,1,5,6,7,10,11,12,15,16,20
1402,1,5,6,7,10,11,12,15,16,20
1403,1,5,6,7,10,11,12,15,16,20
1404,1,5,6,7,10,11,12,15,16,20
1405,1,5,6,7,10,11,12,15,16,20
1406,1,5,6,7,10,11,12,15,16,20
1407,1,5,6,7,10,11,12,15,16,20
1408,1,5,6,7,10,11,12,15,16,20
1409,1,5,6,7,10,11,12,15,16,20
1410,1,5,6,7,10,11,12,15,16,20
1411,1,5,6,7,10,11,12,15,16,20
1412,1,5,6,7,10,11,12,15,16,20
1413,1,6,7,10,11,12,15,16,20
1414,1,6,7,10,11,12,15,16,20
1415,1,6,7,10,11,12,15,16,20
1416,1,6,7,10,11,12,15,16,20
1417,1,6,7,10,11,12,15,16,20
1418,1,6,7,10,11,12,15,16,20
1419,1,6,7,10,11,12,15,16,20
1420,1,6,7,10,11,12,15,16,20
1421,1,6,7,10,11,12,15,16,20
1422,1,6,7,10,11,12,15,16,20
1423,1,6,7,10,11,12,15,16,20
1424,1,6,7,10,11,12,15,16,20
1425,1,6,7,10,11,12,15,16,20
1426,1,6,7,10,11,12,15,16,20
1427,1,6,7,10,11,12,15,16,20
1428,1,6,7,10,11,12,15,16,20
1429,1,6,7,10,11,12,15,16,20
1430,1,6,7,10,11,12,15,16,20
1431,1,6,7,10,11,12,15,16,20
1432,1,6,7,10,11,12,15,16,20
1433,1,6,7,10,11,12,15,16,17,20
1434,1,6,7,10,11,12,15,16,17,20
1435,1,6,7,10,11,12,15,16,17,20
1436,1,6,7,10,11,12,15,16,17,20
1437,1,6,7,10,11,12,15,16,17,20
1438,1,6,7,10,11,12,15,16,17,20
1439,1,6,7,10,11,12,15,16,17,20
1440,1,6,7,10,11,12,15,16,17,20
1441,1,6,7,10,11,12,15,16,20
1442,1,6,7,10,11,12,15,16,20
1443,1,6,7,10,11,12,15,16,20
1444,1,6,7,10,11,12,15,16,20
1445,1,6,7,10,11,12,15,16,17,20
1446,1,6,7,10,11,12,15,16,17,20
1447,1,6,7,10,11,12,15,16,17,20
1448,1,6,7,10,11,12,15,16,17,20
1449,1,6,7,10,11,12,15,16,17,20
1450,1,6,7,10,11,12,15,16,17,20
1451,1,6,7,10,11,12,15,16,17,20
1452,1,6,7,10,11,12,15,16,17,20
1453,1,6,7,10,11,12,15,16,20
1454,1,6,7,10,11,12,15,16,20
1455,1,6,7,10,11,12,15,16,20
1456,1,6,7,10,11,12,15,16,20
1457,1,6,7,10,11,12,15,16,20
1458,1,6,7,10,11,12,15,16,20
1459,1,6,7,10,11,12,15,16,20
1460,1,6,7,10,11,12,15,16,20
1461,1,6,7,10,11,12,15,16,20
1462,1,6,7,10,11,12,15,16,20
1463,1,6,7,10,11,12,15,16,20
1464,1,6,7,10,11,12,15,16,20
1465,1,6,10,11,12,15,16,20
1466,1,6,10,11,12,15,16,20
1467,1,6,10,11,12,15,16,20
1468,1,6,10,11,12,15,16,20
1469,1,6,10,11,12,15,16,20
1470,1,6,10,11,12,15,16,20
1471,1,6,10,11,12,15,16,20
1472,1,6,10,11,12,15,16,20
1473,1,6,10,11,15,16,20
1474,1,6,10,11,15,16,20
1475,6,10,11,15,16,20,21,25
1476,6,10,11,15,16,20,21,25
1477,6,10,11,15,16,20,21,25
1478,6,10,11,15,16,20,21,25
1479,6,10,11,15,16,20,21,25
1480,6,10,11,15,16,20,21,25
1481,6,10,11,15,16,20,21,25
1482,6,10,11,15,16,20,21,25
1483,6,10,11,15,16,20,21,25
1484,6,10,11,15,16,20,21,25
1485,6,10,11,15,16,20,21,25
1486,6,10,11,15,16,20,21,25
1487,6,10,11,15,16,20,21,25
1488,6,10,11,15,16,20,21,25
1489,6,10,11,15,16,20,21,25
1490,6,10,11,15,16,20,21,25
1491,6,10,11,15,16,20,25
1492,6,10,11,15,16,20,25
1493,6,10,11,15,16,20
1494,6,10,11,15,16,20
1495,6,10,11,15,16,20
1496,6,10,11,15,16,20
1497,5,6,10,11,15,16,20
1498,5,6,10,11,15,16,20
1499,5,6,10,11,15,16,20
1500,5,6,10,11,15,16,20
1501,5,6,10,11,15,16,20
1502,5,6,10,11,15,16,20
1503,5,6,10,11,15,16,20
1504,5,6,10,11,15,16,20
1505,5,6,10,11,15,16,20
1506,5,6,10,11,15,16,20
1507,5,6,10,11,15,16,20
1508,5,6,10,11,15,16,20
1509,5,6,10,11,15,16,20
1510,5,6,10,11,15,16,20
1511,5,6,10,11,15,16,20
1512,5,6,10,11,15,16,20
1513,5,6,10,11,15,16,20
1514,5,6,10,11,15,16,20
1515,5,6,10,11,15,16,20
1516,5,6,10,11,15,16,20
1517,1,5,6,10,11,15,16,20
1518,1,5,6,10,11,15,16,20
1519,1,5,6,10,11,15,16,20
1520,1,5,6,10,11,15,16,20
1521,1,5,6,10,11,15,16,20
1522,1,5,6,10,11,15,16,20
1523,1,5,6,10,11,15,16,20
1524,1,5,6,10,11,15,16,20
1525,1,5,6,10,11,15,16,20
1526,1,5,6,10,11,15,16,20
1527,1,5,6,10,11,15,16,20
1528,1,5,6,10,11,15,16,20
1529,1,5,6,10,11,15,16,20
1530,1,5,6,10,11,15,16,20
1531,1,5,6,10,11,15,16,20
1532,1,5,6,10,11,15,16,20
1533,1,5,6,10,11,15,16,20
1534,1,5,6,10,11,15,16,20
1535,1,5,6,10,11,15,16,20
1536,1,5,6,10,11,15,16,20
1537,1,5,6,10,11,15,16,20
1538,1,5,6,10,11,15,16,20
1539,1,5,6,10,11,15,16,20
1540,1,5,6,10,11,15,16,20
1541,1,5,6,10,11,15,16,20
1542,1,5,6,10,11,15,16,20
1543,1,5,6,10,11,15,16,20
1544,1,5,6,10,11,15,16,20
1545,1,5,6,10,11,15,16,20
1546,1,5,6,10,11,15,16,20
1547,1,5,6,10,11,15,16,20
1548,1,5,6,10,11,15,16,20
1549,1,5,6,10,11,15,16,20
1550,1,5,6,10,11,15,16,20
1551,1,5,6,10,11,15,16,20
1552,1,5,6,10,11,15,16,20
1553,1,5,6,10,11,15,16,20
1554,1,5,6,10,11,15,16,20
1555,1,5,6,10,11,15,16,20
1556,1,5,6,10,11,15,16,20
1557,1,5,6,10,11,15,16,20
1558,1,5,6,10,11,15,16,20
1559,1,5,6,10,11,15,16,20
1560,1,5,6,10,11,15,16,20
1561,1,5,6,10,11,15,16,20
1562,1,5,6,10,11,15,16,20
1563,6,10,11,15,16,20
1564,6,10,11,15,16,20
1565,6,10,11,15,16,20,21,25
1566,6,10,11,15,16,20,21,25
1567,6,10,11,15,16,20,21,25
1568,6,10,11,15,16,20,21,25
1569,6,10,11,15,16,20,21,25
1570,6,10,11,15,16,20,21,25
1571,6,10,11,15,16,20,21,25
1572,6,10,11,15,16,20,21,25
1573,6,10,11,15,16,20,21,25
1574,6,10,11,15,16,20,21,25
1575,6,10,11,15,16,20,21,25
1576,6,10,11,15,16,20,21,25
1577,6,10,11,15,16,20,21,25
1578,6,10,11,15,16,20,21,25
1579,6,10,11,15,16,20,21,25
1580,6,10,11,15,16,20,21,25
1581,6,10,11,15,16,20,21,25
1582,6,10,11,15,16,20,21,25
1583,6,10,11,15,16,20,21,25
1584,6,10,11,15,16,20,21,25
1585,6,10,11,15,16,20,21,25
1586,6,10,11,15,16,20,21,25
1587,10,11,15,16,20,21,25
1588,10,11,15,16,20,21,25
1589,10,11,15,16,20,21,25
1590,10,11,15,16,20,21,25
1591,10,11,15,16,20,21,25
1592,10,11,15,16,20,21,25
1593,10,11,15,16,20,21,25
1594,10,11,15,16,20,21,25
1595,10,11,15,16,20,21,25
1596,10,11,15,16,20,21,25
1597,10,11,15,16,20,21,25
1598,10,11,15,16,20,21,25
1599,10,11,15,16,20,21,25
1600,10,11,15,16,20,21,25
1601,10,11,15,16,20,21,25
1602,10,11,15,16,20,21,25
1603,10,11,15,16,20,21,25
1604,10,11,15,16,20,21,25
1605,10,11,15,16,20,21,25
1606,10,11,15,16,20,21,25
1607,10,11,15,16,20,21,25
1608,10,11,15,16,20,21,25
1609,10,11,15,16,20,21,25
1610,10,11,15,16,20,21,25
1611,10,11,15,16,20,21,25
1612,10,11,15,16,20,21,25
1613,10,11,15,16,20,21,25
1614,10,11,15,16,20,21,25
1615,10,11,15,16,20,21,25
1616,10,11,15,16,20,21,25
1617,10,11,15,16,20,21,25
1618,10,11,15,16,20,21,25
1619,10,11,15,16,20,21,25
1620,10,11,15,16,20,21,25
1621,10,11,15,16,20,21,25
1622,10,11,15,16,20,21,25
1623,10,11,15,16,20,21,25
1624,10,11,15,16,20,21,25
1625,10,11,15,16,20,21,25
1626,10,11,15,16,20,21,25
1627,10,11,15,16,20,21,25
1628,10,11,15,16,20,21,25
1629,10,11,15,16,20,21,25
1630,10,11,15,16,20,21,25
1631,10,11,15,16,20,21,25
1632,10,11,15,16,20,21,25
1633,10,11,15,16,20,21,25
1634,10,11,15,16,20,21,25
1635,10,11,15,16,20,21,25
1636,10,11,15,16,20,21,25
1637,10,11,15,16,20,21,25
1638,10,11,15,16,20,21,25
1639,10,11,15,16,20,21,25
1640,10,11,15,16,20,21,25
1641,10,11,15,16,20,21,25
1642,10,11,15,16,20,21,25
1643,10,11,15,16,20,21,25
1644,10,11,15,16,20,21,25
1645,10,11,15,16,20,21,25
1646,10,11,15,16,20,21,25
1647,10,11,15,16,20,21,25
1648,10,11,15,16,20,21,25
1649,10,11,15,16,20,21,25
1650,10,11,15,16,20,21,25
1651,10,11,15,16,20,21,25
1652,10,11,15,16,20,21,25
1653,10,11,14,15,16,19,20,21,25
1654,10,11,14,15,16,19,20,21,25
1655,10,11,14,15,16,19,20,21,25
1656,10,11,14,15,16,19,20,21,25
1657,10,11,14,15,16,19,20,21,24,25
1658,10,11,14,15,16,19,20,21,24,25
1659,10,11,14,15,16,19,20,21,24,25
1660,10,11,14,15,16,19,20,21,24,25
1661,10,11,14,15,16,19,20,21,24,25
1662,10,11,14,15,16,19,20,21,24,25
1663,10,11,14,15,16,19,20,21,24,25
1664,10,11,14,15,16,19,20,21,24,25
1665,10,11,14,15,16,19,20,21,24,25
1666,10,11,14,15,16,19,20,21,24,25
1667,10,11,14,15,16,19,20,21,24,25
1668,10,11,14,15,16,19,20,21,24,25
1669,10,11,14,15,16,19,20,21,24,25
1670,10,11,14,15,16,19,20,21,24,25
1671,10,11,14,15,16,19,20,21,24,25
1672,10,11,14,15,16,19,20,21,24,25
1673,10,11,14,15,16,19,20,21,24,25
1674,10,11,14,15,16,19,20,21,24,25
1675,10,11,14,15,16,19,20,21,24,25
1676,10,11,14,15,16,19,20,21,24,25
1677,10,11,14,15,16,19,20,21,24,25
1678,10,11,14,15,16,19,20,21,24,25
1679,10,11,14,15,16,19,20,21,24,25
1680,10,11,14,15,16,19,20,21,24,25
1681,10,11,14,15,16,19,20,21,24,25
1682,10,11,14,15,16,19,20,21,24,25
1683,10,11,14,15,16,19,20,21,24,25
1684,10,11,14,15,16,19,20,21,24,25
1685,10,11,14,15,16,19,20,21,24,25
1686,10,11,14,15,16,19,20,21,24,25
1687,10,11,14,15,16,19,20,21,24,25
1688,10,11,14,15,16,19,20,21,24,25
1689,10,11,14,15,16,19,20,21,24,25
1690,10,11,14,15,16,19,20,21,24,25
1691,10,11,14,15,16,19,20,21,24,25
1692,10,11,14,15,16,19,20,21,24,25
1693,10,11,14,15,16,19,20,21,24,25
1694,10,11,14,15,16,19,20,21,24,25
1695,10,11,14,15,16,19,20,21,24,25
1696,10,11,14,15,16,19,20,21,24,25
1697,10,11,14,15,16,19,20,21,24,25
1698,10,11,14,15,16,19,20,21,24,25
1699,10,11,14,15,16,19,20,21,24,25
1700,10,11,14,15,16,19,20,21,24,25
1701,10,11,14,15,16,19,20,21,24,25
1702,10,11,14,15,16,19,20,21,24,25
1703,10,11,14,15,16,19,20,21,24,25
1704,10,11,14,15,16,19,20,21,24,25
1705,10,11,14,15,16,19,20,21,24,25
1706,10,11,14,15,16,19,20,21,24,25
1707,10,11,14,15,16,19,20,21,24,25
1708,10,11,14,15,16,19,20,21,24,25
1709,10,11,14,15,16,19,20,21,24,25
1710,10,11,14,15,16,19,20,21,24,25
1711,10,11,14,15,16,19,20,21,24,25
1712,10,11,14,15,16,19,20,21,24,25
1713,10,11,14,15,16,19,20,21,24,25
1714,10,11,14,15,16,19,20,21,24,25
1715,10,11,14,15,16,19,20,21,24,25
1716,10,11,14,15,16,19,20,21,24,25
1717,10,11,14,15,16,19,20,21,24,25
1718,10,11,14,15,16,19,20,21,24,25
1719,10,11,14,15,16,19,20,21,24,25
1720,10,11,14,15,16,19,20,21,24,25
1721,10,11,14,15,16,19,20,21,24,25
1722,10,11,14,15,16,19,20,21,24,25
1723,11,14,15,16,19,20,21,24,25
1724,11,14,15,16,19,20,21,24,25
1725,11,14,15,16,19,20,21,24,25
1726,11,14,15,16,19,20,21,24,25
1727,11,14,15,16,19,20,21,22,23,24,25
1728,11,14,15,16,19,20,21,22,23,24,25
1729,11,14,15,16,19,20,21,22,23,24,25
1730,11,14,15,16,19,20,21,22,23,24,25
1731,11,14,15,16,19,20,21,22,23,24,25
1732,11,14,15,16,19,20,21,22,23,24,25
1733,11,14,15,16,19,20,21,22,23,24,25
1734,11,14,15,16,19,20,21,22,23,24,25
1735,11,14,15,16,19,20,21,22,23,24,25
1736,11,14,15,16,19,20,21,22,23,24,25
1737,11,14,15,16,19,20,21,22,23,24,25
1738,11,14,15,16,19,20,21,22,23,24,25
1739,11,14,15,16,19,20,21,22,23,24,25
1740,11,14,15,16,19,20,21,22,23,24,25
1741,11,14,15,16,19,20,21,22,23,24,25
1742,11,14,15,16,19,20,21,22,23,24,25
1743,11,14,15,16,19,20,21,22,23,24,25
1744,11,14,15,16,19,20,21,22,23,24,25
1745,11,14,15,16,19,20,21,22,23,24,25
1746,11,14,15,16,19,20,21,22,23,24,25
1747,11,14,15,16,19,20,21,22,23,24,25
1748,11,14,15,16,19,20,21,22,23,24,25
1749,11,14,15,16,19,20,21,22,23,24,25
1750,11,14,15,16,19,20,21,22,23,24,25
1751,11,14,15,16,19,20,21,22,23,24,25
1752,11,14,15,16,19,20,21,22,23,24,25
1753,11,14,15,16,19,20,21,22,23,24,25
1754,11,14,15,16,19,20,21,22,23,24,25
1755,11,14,15,16,19,20,21,22,23,24,25
1756,11,14,15,16,19,20,21,22,23,24,25
1757,11,14,15,16,19,20,21,22,23,24,25
1758,11,14,15,16,19,20,21,22,23,24,25
1759,11,14,15,16,19,20,21,22,23,24,25
1760,11,14,15,16,19,20,21,22,23,24,25
1761,11,14,15,16,19,20,21,22,23,24,25
1762,11,14,15,16,19,20,21,22,23,24,25
1763,11,14,15,16,19,20,21,22,23,24,25
1764,11,14,15,16,19,20,21,22,23,24,25
1765,11,14,15,16,19,20,21,22,23,24,25
1766,11,14,15,16,19,20,21,22,23,24,25
1767,11,14,15,16,19,20,21,22,23,24,25
1768,11,14,15,16,19,20,21,22,23,24,25
1769,11,14,15,16,19,20,21,22,23,24,25
1770,11,14,15,16,19,20,21,22,23,24,25
1771,11,14,15,16,19,20,21,22,23,24,25
1772,11,14,15,16,19,20,21,22,23,24,25
1773,11,14,15,16,19,20,21,22,23,24,25
1774,11,14,15,16,19,20,21,22,23,24,25
1775,11,14,15,16,19,20,21,22,23,24,25
1776,11,14,15,16,19,20,21,22,23,24,25
1777,11,14,15,16,19,20,21,22,23,24,25
1778,11,14,15,16,19,20,21,22,23,24,25
1779,11,14,15,16,19,20,21,22,23,24,25
1780,11,14,15,16,19,20,21,22,23,24,25
1781,11,14,15,16,19,20,21,22,23,24,25
1782,11,14,15,16,19,20,21,22,23,24,25
1783,11,14,15,16,19,20,21,24,25
1784,11,14,15,16,19,20,21,24,25
1785,11,14,15,16,19,20,21,24,25
1786,11,14,15,16,19,20,21,24,25
1787,11,14,15,16,19,20,21,24,25
1788,11,14,15,16,19,20,21,24,25
1789,11,14,15,16,19,20,21,24,25
1790,11,14,15,16,19,20,21,24,25
1791,11,14,15,16,19,20,21,24,25
1792,11,14,15,16,19,20,21,24,25
1793,10,11,14,15,16,19,20,21,24,25
1794,10,11,14,15,16,19,20,21,24,25
1795,10,11,14,15,16,19,20,21,24,25
1796,10,11,14,15,16,19,20,21,24,25
1797,10,11,14,15,16,19,20,21,24,25
1798,10,11,14,15,16,19,20,21,24,25
1799,10,11,14,15,16,19,20,21,24,25
1800,10,11,14,15,16,19,20,21,24,25
