1,14,15,16,17,24,25,26,27,34,35,36,37
2,14,15,16,17,24,25,26,27,34,35,36,37
3,14,15,16,17,24,25,26,27,34,35,36,37
4,14,15,16,17,24,25,26,27,34,35,36,37
5,14,15,16,17,24,25,26,27,34,35,36,37
6,14,15,16,17,24,25,26,27,34,35,36,37
7,14,15,16,17,24,25,26,27,34,35,36,37
8,14,15,16,17,24,25,26,27,34,35,36,37
9,14,15,16,17,24,25,26,27,34,35,36,37
10,14,15,16,17,24,25,26,27,34,35,36,37
11,14,15,16,17,24,25,26,27,34,35,36,37
12,14,15,16,17,24,25,26,27,34,35,36,37
13,14,15,16,17,24,25,26,27,34,35,36,37
14,14,15,16,17,24,25,26,27,34,35,36,37
15,14,15,16,17,24,25,26,27,34,35,36,37
16,14,15,16,17,24,25,26,27,34,35,36,37
17,14,15,16,17,24,25,26,27,34,35,36,37
18,14,15,16,17,24,25,26,27,34,35,36,37
19,14,15,16,17,24,25,26,27,34,35,36,37
20,14,15,16,17,24,25,26,27,34,35,36,37
21,14,15,16,17,24,25,26,27,34,35,36,37
22,14,15,16,17,24,25,26,27,34,35,36,37
23,14,15,16,17,24,25,26,27,34,35,36,37,45,46
24,14,15,16,17,24,25,26,27,34,35,36,37,45,46
25,14,15,16,17,24,25,26,27,34,35,36,37,45,46
26,14,15,16,17,24,25,26,27,34,35,36,37,45,46
27,14,15,16,17,24,25,26,27,34,35,36,37,45,46
28,14,15,16,17,24,25,26,27,34,35,36,37,45,46
29,14,15,16,17,24,25,26,27,34,35,36,37,45,46
30,14,15,16,17,24,25,26,27,34,35,36,37,45,46
31,14,15,16,24,25,26,27,34,35,36,37,45,46
32,14,15,16,24,25,26,27,34,35,36,37,45,46
33,14,15,16,24,25,26,34,35,36,44,45,46
34,14,15,16,24,25,26,34,35,36,44,45,46
35,14,15,16,23,24,25,26,33,34,35,36,44,45,46
36,14,15,16,23,24,25,26,33,34,35,36,44,45,46
37,14,15,16,23,24,25,26,33,34,35,36,44,45
38,14,15,16,23,24,25,26,33,34,35,36,44,45
39,13,14,15,16,23,24,25,26,33,34,35,36,44,45
40,13,14,15,16,23,24,25,26,33,34,35,36,44,45
41,13,14,15,23,24,25,26,33,34,35,36,43,44,45
42,13,14,15,23,24,25,26,33,34,35,36,43,44,45
43,13,14,15,23,24,25,26,33,34,35,36,43,44,45
44,13,14,15,23,24,25,26,33,34,35,36,43,44,45
45,13,14,15,23,24,25,26,33,34,35,43,44,45
46,13,14,15,23,24,25,26,33,34,35,43,44,45
47,13,14,15,23,24,25,33,34,35,43,44,45
48,13,14,15,23,24,25,33,34,35,43,44,45
49,13,14,15,23,24,25,33,34,35,43,44,45
50,13,14,15,23,24,25,33,34,35,43,44,45
51,13,14,15,23,24,25,33,34,35,43,44,45
52,13,14,15,23,24,25,33,34,35,43,44,45
53,13,14,15,22,23,24,25,32,33,34,35,43,44,45
54,13,14,15,22,23,24,25,32,33,34,35,43,44,45
55,13,14,15,22,23,24,25,32,33,34,35,43,44,45
56,13,14,15,22,23,24,25,32,33,34,35,43,44,45
57,13,14,15,22,23,24,25,32,33,34,35,43,44,45
58,13,14,15,22,23,24,25,32,33,34,35,43,44,45
59,13,14,15,22,23,24,25,32,33,34,35,43,44,45
60,13,14,15,22,23,24,25,32,33,34,35,43,44,45
61,13,14,15,22,23,24,25,32,33,34,35,43,44,45
62,13,14,15,22,23,24,25,32,33,34,35,43,44,45
63,13,14,15,22,23,24,25,32,33,34,35,43,44,45
64,13,14,15,22,23,24,25,32,33,34,35,43,44,45
65,13,14,15,22,23,24,25,32,33,34,35,43,44,45
66,13,14,15,22,23,24,25,32,33,34,35,43,44,45
67,13,14,15,22,23,24,25,32,33,34,35,43,44,45
68,13,14,15,22,23,24,25,32,33,34,35,43,44,45
69,13,14,15,22,23,24,25,32,33,34,35,43,44,45
70,13,14,15,22,23,24,25,32,33,34,35,43,44,45
71,13,14,15,22,23,24,25,32,33,34,35,43,44,45
72,13,14,15,22,23,24,25,32,33,34,35,43,44,45
73,13,14,15,22,23,24,25,32,33,34,35,43,44,45
74,13,14,15,22,23,24,25,32,33,34,35,43,44,45
75,13,14,15,23,24,25,33,34,35,43,44,45
76,13,14,15,23,24,25,33,34,35,43,44,45
77,13,14,15,23,24,25,26,33,34,35,36,43,44,45
78,13,14,15,23,24,25,26,33,34,35,36,43,44,45
79,13,14,15,23,24,25,26,33,34,35,36,44,45
80,13,14,15,23,24,25,26,33,34,35,36,44,45
81,14,15,16,23,24,25,26,33,34,35,36,44,45,46
82,14,15,16,23,24,25,26,33,34,35,36,44,45,46
83,14,15,16,24,25,26,34,35,36,44,45,46
84,14,15,16,24,25,26,34,35,36,44,45,46
85,14,15,16,24,25,26,27,34,35,36,37,44,45,46
86,14,15,16,24,25,26,27,34,35,36,37,44,45,46
87,14,15,16,24,25,26,27,34,35,36,37,44,45,46
88,14,15,16,24,25,26,27,34,35,36,37,44,45,46
89,15,16,17,24,25,26,27,34,35,36,37,45,46,47
90,15,16,17,24,25,26,27,34,35,36,37,45,46,47
91,15,16,17,24,25,26,27,34,35,36,37,45,46,47
92,15,16,17,24,25,26,27,34,35,36,37,45,46,47
93,15,16,17,24,25,26,27,34,35,36,37,45,46,47
94,15,16,17,24,25,26,27,34,35,36,37,45,46,47
95,15,16,17,25,26,27,35,36,37,45,46,47
96,15,16,17,25,26,27,35,36,37,45,46,47
97,15,16,17,25,26,27,28,35,36,37,38,45,46,47
98,15,16,17,25,26,27,28,35,36,37,38,45,46,47
99,15,16,17,18,25,26,27,28,35,36,37,38,46,47
100,15,16,17,18,25,26,27,28,35,36,37,38,46,47
101,16,17,18,25,26,27,28,35,36,37,38,46,47
102,16,17,18,25,26,27,28,35,36,37,38,46,47
103,16,17,18,25,26,27,28,35,36,37,38,46,47,48
104,16,17,18,25,26,27,28,35,36,37,38,46,47,48
105,16,17,18,26,27,28,36,37,38,46,47,48
106,16,17,18,26,27,28,36,37,38,46,47,48
107,16,17,18,26,27,28,36,37,38,46,47,48
108,16,17,18,26,27,28,36,37,38,46,47,48
109,16,17,18,26,27,28,29,36,37,38,39,46,47,48
110,16,17,18,26,27,28,29,36,37,38,39,46,47,48
111,16,17,18,26,27,28,29,36,37,38,39,47,48
112,16,17,18,26,27,28,29,36,37,38,39,47,48
113,16,17,18,19,26,27,28,29,36,37,38,39,47,48
114,16,17,18,19,26,27,28,29,36,37,38,39,47,48
115,16,17,18,19,26,27,28,29,36,37,38,39,47,48
116,16,17,18,19,26,27,28,29,36,37,38,39,47,48
117,16,17,18,19,26,27,28,29,36,37,38,39,47,48
118,16,17,18,19,26,27,28,29,36,37,38,39,47,48
119,16,17,18,19,26,27,28,29,36,37,38,39,47,48
120,16,17,18,19,26,27,28,29,36,37,38,39,47,48
121,17,18,19,26,27,28,29,36,37,38,39
122,17,18,19,26,27,28,29,36,37,38,39
123,17,18,19,26,27,28,29,37,38,39
124,17,18,19,26,27,28,29,37,38,39
125,8,17,18,19,27,28,29,37,38,39
126,8,17,18,19,27,28,29,37,38,39
127,8,17,18,19,27,28,29,37,38,39
128,8,17,18,19,27,28,29,37,38,39
129,8,17,18,19,27,28,29,37,38,39
130,8,17,18,19,27,28,29,37,38,39
131,8,9,17,18,19,27,28,29,37,38,39
132,8,9,17,18,19,27,28,29,37,38,39
133,8,9,17,18,19,27,28,29,37,38,39
134,8,9,17,18,19,27,28,29,37,38,39
135,8,9,17,18,19,27,28,29,30,37,38,39
136,8,9,17,18,19,27,28,29,30,37,38,39
137,8,9,17,18,19,20,27,28,29,30,37,38,39
138,8,9,17,18,19,20,27,28,29,30,37,38,39
139,8,9,17,18,19,20,27,28,29,30,37,38,39
140,8,9,17,18,19,20,27,28,29,30,37,38,39
141,8,9,17,18,19,20,27,28,29,30,37,38,39
142,8,9,17,18,19,20,27,28,29,30,37,38,39
143,8,9,17,18,19,20,27,28,29,30,37,38,39
144,8,9,17,18,19,20,27,28,29,30,37,38,39
145,8,9,17,18,19,20,27,28,29,30,37,38,39
146,8,9,17,18,19,20,27,28,29,30,37,38,39
147,8,9,17,18,19,20,27,28,29,30,37,38,39
148,8,9,17,18,19,20,27,28,29,30,37,38,39
149,8,9,17,18,19,20,27,28,29,30,37,38,39
150,8,9,17,18,19,20,27,28,29,30,37,38,39
151,8,9,17,18,19,20,27,28,29,30,37,38,39
152,8,9,17,18,19,20,27,28,29,30,37,38,39
153,8,9,17,18,19,20,27,28,29,30,37,38,39
154,8,9,17,18,19,20,27,28,29,30,37,38,39
155,8,9,17,18,19,20,27,28,29,30,37,38,39
156,8,9,17,18,19,20,27,28,29,30,37,38,39
157,8,9,17,18,19,20,27,28,29,30,37,38,39
158,8,9,17,18,19,20,27,28,29,30,37,38,39
159,8,9,17,18,19,20,27,28,29,30,37,38,39
160,8,9,17,18,19,20,27,28,29,30,37,38,39
161,8,9,17,18,19,20,27,28,29,30,37,38,39
162,8,9,17,18,19,20,27,28,29,30,37,38,39
163,8,9,17,18,19,20,27,28,29,30,37,38,39
164,8,9,17,18,19,20,27,28,29,30,37,38,39
165,8,9,17,18,19,20,27,28,29,30,37,38,39
166,8,9,17,18,19,20,27,28,29,30,37,38,39
167,8,9,17,18,19,20,27,28,29,30,37,38,39
168,8,9,17,18,19,20,27,28,29,30,37,38,39
169,8,9,17,18,19,20,27,28,29,30,37,38,39
170,8,9,17,18,19,20,27,28,29,30,37,38,39
171,8,9,17,18,19,20,27,28,29,30,37,38,39
172,8,9,17,18,19,20,27,28,29,30,37,38,39
173,8,9,17,18,19,20,27,28,29,30,37,38,39
174,8,9,17,18,19,20,27,28,29,30,37,38,39
175,8,9,17,18,19,20,27,28,29,30,37,38,39
176,8,9,17,18,19,20,27,28,29,30,37,38,39
177,8,9,17,18,19,20,27,28,29,30,37,38,39
178,8,9,17,18,19,20,27,28,29,30,37,38,39
179,8,9,17,18,19,20,27,28,29,30,37,38,39
180,8,9,17,18,19,20,27,28,29,30,37,38,39
181,8,9,17,18,19,20,27,28,29,30,37,38,39
182,8,9,17,18,19,20,27,28,29,30,37,38,39
183,8,9,17,18,19,20,27,28,29,30,37,38,39
184,8,9,17,18,19,20,27,28,29,30,37,38,39
185,8,9,17,18,19,20,27,28,29,30,37,38,39
186,8,9,17,18,19,20,27,28,29,30,37,38,39
187,8,9,17,18,19,20,27,28,29,30,37,38,39
188,8,9,17,18,19,20,27,28,29,30,37,38,39
189,8,9,17,18,19,20,27,28,29,30,37,38,39
190,8,9,17,18,19,20,27,28,29,30,37,38,39
191,8,9,17,18,19,20,27,28,29,30,37,38,39
192,8,9,17,18,19,20,27,28,29,30,37,38,39
193,8,9,17,18,19,20,27,28,29,30,37,38,39
194,8,9,17,18,19,20,27,28,29,30,37,38,39
195,8,9,17,18,19,20,27,28,29,30,37,38,39
196,8,9,17,18,19,20,27,28,29,30,37,38,39
197,8,9,17,18,19,20,27,28,29,30,37,38,39
198,8,9,17,18,19,20,27,28,29,30,37,38,39
199,8,9,17,18,19,27,28,29,37,38,39
200,8,9,17,18,19,27,28,29,37,38,39
201,8,9,17,18,19,27,28,29,37,38,39
202,8,9,17,18,19,27,28,29,37,38,39
203,8,9,17,18,19,27,28,29,37,38,39
204,8,9,17,18,19,27,28,29,37,38,39
205,8,9,17,18,19,27,28,29,37,38,39
206,8,9,17,18,19,27,28,29,37,38,39
207,8,9,17,18,19,27,28,29,37,38,39
208,8,9,17,18,19,27,28,29,37,38,39
209,8,9,17,18,19,27,28,29,37,38,39
210,8,9,17,18,19,27,28,29,37,38,39
211,8,9,17,18,19,27,28,29,37,38,39
212,8,9,17,18,19,27,28,29,37,38,39
213,8,9,17,18,19,27,28,29,37,38,39
214,8,9,17,18,19,27,28,29,37,38,39
215,8,9,17,18,19,27,28,29,37,38,39
216,8,9,17,18,19,27,28,29,37,38,39
217,8,9,17,18,19,27,28,29,37,38,39
218,8,9,17,18,19,27,28,29,37,38,39
219,8,9,17,18,19,27,28,29,37,38,39
220,8,9,17,18,19,27,28,29,37,38,39
221,8,9,17,18,19,27,28,29,37,38,39
222,8,9,17,18,19,27,28,29,37,38,39
223,8,9,17,18,19,27,28,29,37,38,39
224,8,9,17,18,19,27,28,29,37,38,39
225,8,9,17,18,19,27,28,29,37,38,39
226,8,9,17,18,19,27,28,29,37,38,39
227,8,9,17,18,19,27,28,29,37,38,39
228,8,9,17,18,19,27,28,29,37,38,39
229,8,9,17,18,19,27,28,29,30,37,38,39
230,8,9,17,18,19,27,28,29,30,37,38,39
231,8,9,17,18,19,20,27,28,29,30,37,38,39
232,8,9,17,18,19,20,27,28,29,30,37,38,39
233,8,9,17,18,19,20,27,28,29,30,37,38,39
234,8,9,17,18,19,20,27,28,29,30,37,38,39
235,8,9,17,18,19,20,27,28,29,30,37,38,39
236,8,9,17,18,19,20,27,28,29,30,37,38,39
237,8,9,17,18,19,20,27,28,29,30,37,38,39
238,8,9,17,18,19,20,27,28,29,30,37,38,39
239,8,9,17,18,19,20,27,28,29,30,37,38,39
240,8,9,17,18,19,20,27,28,29,30,37,38,39
241,8,9,17,18,19,20,27,28,29,30,37,38,39
242,8,9,17,18,19,20,27,28,29,30,37,38,39
243,8,9,17,18,19,20,27,28,29,30,37,38,39
244,8,9,17,18,19,20,27,28,29,30,37,38,39
245,8,9,17,18,19,20,27,28,29,30,37,38,39
246,8,9,17,18,19,20,27,28,29,30,37,38,39
247,8,9,17,18,19,20,27,28,29,30,37,38,39
248,8,9,17,18,19,20,27,28,29,30,37,38,39
249,8,9,17,18,19,20,27,28,29,30,37,38,39
250,8,9,17,18,19,20,27,28,29,30,37,38,39
251,8,9,17,18,19,20,27,28,29,30,37,38,39
252,8,9,17,18,19,20,27,28,29,30,37,38,39
253,8,9,17,18,19,20,27,28,29,30,37,38,39
254,8,9,17,18,19,20,27,28,29,30,37,38,39
255,8,9,17,18,19,20,27,28,29,30,37,38,39
256,8,9,17,18,19,20,27,28,29,30,37,38,39
257,8,9,17,18,19,27,28,29,37,38,39
258,8,9,17,18,19,27,28,29,37,38,39
259,8,9,17,18,19,27,28,29,37,38,39
260,8,9,17,18,19,27,28,29,37,38,39
261,7,8,9,17,18,19,27,28,29,37,38,39
262,7,8,9,17,18,19,27,28,29,37,38,39
263,7,8,9,16,17,18,19,26,27,28,29,37,38,39
264,7,8,9,16,17,18,19,26,27,28,29,37,38,39
265,7,8,9,16,17,18,19,26,27,28,29,37,38,39
266,7,8,9,16,17,18,19,26,27,28,29,37,38,39
267,7,8,9,16,17,18,19,26,27,28,29,37,38,39
268,7,8,9,16,17,18,19,26,27,28,29,37,38,39
269,7,8,9,16,17,18,19,26,27,28,29,37,38,39
270,7,8,9,16,17,18,19,26,27,28,29,37,38,39
271,7,8,9,16,17,18,19,26,27,28,29,37,38,39
272,7,8,9,16,17,18,19,26,27,28,29,37,38,39
273,7,8,16,17,18,19,26,27,28,29,36,37,38
274,7,8,16,17,18,19,26,27,28,29,36,37,38
275,7,8,16,17,18,19,26,27,28,29,36,37,38
276,7,8,16,17,18,19,26,27,28,29,36,37,38
277,7,8,16,17,18,19,26,27,28,29,36,37,38
278,7,8,16,17,18,19,26,27,28,29,36,37,38
279,6,7,8,16,17,18,26,27,28,36,37,38
280,6,7,8,16,17,18,26,27,28,36,37,38
281,6,7,8,15,16,17,18,25,26,27,28,36,37,38
282,6,7,8,15,16,17,18,25,26,27,28,36,37,38
283,6,7,8,15,16,17,18,25,26,27,28,36,37,38
284,6,7,8,15,16,17,18,25,26,27,28,36,37,38
285,6,7,8,15,16,17,18,25,26,27,28,36,37,38
286,6,7,8,15,16,17,18,25,26,27,28,36,37,38
287,6,7,15,16,17,18,25,26,27,28,35,36,37
288,6,7,15,16,17,18,25,26,27,28,35,36,37
289,6,7,15,16,17,18,25,26,27,28,35,36,37
290,6,7,15,16,17,18,25,26,27,28,35,36,37
291,6,7,15,16,17,25,26,27,35,36,37
292,6,7,15,16,17,25,26,27,35,36,37
293,5,6,14,15,16,17,24,25,26,27,35,36,37
294,5,6,14,15,16,17,24,25,26,27,35,36,37
295,5,6,14,15,16,17,24,25,26,27,34,35,36,37
296,5,6,14,15,16,17,24,25,26,27,34,35,36,37
297,5,14,15,16,24,25,26,34,35,36
298,5,14,15,16,24,25,26,34,35,36
299,5,13,14,15,16,23,24,25,26,33,34,35,36
300,5,13,14,15,16,23,24,25,26,33,34,35,36
301,5,13,14,15,16,23,24,25,26,33,34,35,36
302,5,13,14,15,16,23,24,25,26,33,34,35,36
303,13,14,15,16,23,24,25,26,33,34,35,36
304,13,14,15,16,23,24,25,26,33,34,35,36
305,13,14,15,23,24,25,33,34,35
306,13,14,15,23,24,25,33,34,35
307,13,14,15,22,23,24,25,33,34,35
308,13,14,15,22,23,24,25,33,34,35
309,12,13,14,15,22,23,24,25,32,33,34,35
310,12,13,14,15,22,23,24,25,32,33,34,35
311,12,13,14,15,22,23,24,25,32,33,34,35
312,12,13,14,15,22,23,24,25,32,33,34,35
313,12,13,14,15,22,23,24,25,32,33,34,35
314,12,13,14,15,22,23,24,25,32,33,34,35
315,12,13,14,15,22,23,24,25,32,33,34,35
316,12,13,14,15,22,23,24,25,32,33,34,35
317,12,13,14,22,23,24,25,32,33,34
318,12,13,14,22,23,24,25,32,33,34
319,3,12,13,14,22,23,24,32,33,34
320,3,12,13,14,22,23,24,32,33,34
321,3,12,13,14,22,23,24,32,33,34
322,3,12,13,14,22,23,24,32,33,34
323,3,12,13,14,21,22,23,24,32,33,34
324,3,12,13,14,21,22,23,24,32,33,34
325,3,11,12,13,14,21,22,23,24,32,33,34
326,3,11,12,13,14,21,22,23,24,32,33,34
327,3,11,12,13,14,21,22,23,24,32,33,34
328,3,11,12,13,14,21,22,23,24,32,33,34
329,3,11,12,13,14,21,22,23,24,31,32,33,34
330,3,11,12,13,14,21,22,23,24,31,32,33,34
331,3,11,12,13,14,21,22,23,24,31,32,33,34
332,3,11,12,13,14,21,22,23,24,31,32,33,34
333,3,11,12,13,14,21,22,23,24,31,32,33,34
334,3,11,12,13,14,21,22,23,24,31,32,33,34
335,3,11,12,13,14,21,22,23,24,31,32,33,34
336,3,11,12,13,14,21,22,23,24,31,32,33,34
337,3,11,12,13,14,21,22,23,24,31,32,33,34
338,3,11,12,13,14,21,22,23,24,31,32,33,34
339,3,11,12,13,14,21,22,23,24,31,32,33,34
340,3,11,12,13,14,21,22,23,24,31,32,33,34
341,3,11,12,13,14,21,22,23,24,31,32,33,34
342,3,11,12,13,14,21,22,23,24,31,32,33,34
343,3,11,12,13,14,21,22,23,24,31,32,33,34
344,3,11,12,13,14,21,22,23,24,31,32,33,34
345,2,3,11,12,13,14,21,22,23,24,31,32,33,34
346,2,3,11,12,13,14,21,22,23,24,31,32,33,34
347,2,3,11,12,13,14,21,22,23,24,31,32,33,34
348,2,3,11,12,13,14,21,22,23,24,31,32,33,34
349,2,3,11,12,13,14,21,22,23,24,31,32,33,34
350,2,3,11,12,13,14,21,22,23,24,31,32,33,34
351,2,3,11,12,13,14,21,22,23,24,31,32,33,34
352,2,3,11,12,13,14,21,22,23,24,31,32,33,34
353,2,3,11,12,13,14,21,22,23,24,31,32,33,34
354,2,3,11,12,13,14,21,22,23,24,31,32,33,34
355,2,3,11,12,13,14,21,22,23,24,31,32,33,34
356,2,3,11,12,13,14,21,22,23,24,31,32,33,34
357,2,3,11,12,13,14,21,22,23,24,31,32,33,34
358,2,3,11,12,13,14,21,22,23,24,31,32,33,34
359,2,3,11,12,13,14,21,22,23,24,31,32,33,34
360,2,3,11,12,13,14,21,22,23,24,31,32,33,34
361,2,3,11,12,13,14,21,22,23,24,31,32,33,34
362,2,3,11,12,13,14,21,22,23,24,31,32,33,34
363,2,3,11,12,13,14,21,22,23,24,31,32,33,34
364,2,3,11,12,13,14,21,22,23,24,31,32,33,34
365,2,3,11,12,13,14,21,22,23,24,31,32,33,34
366,2,3,11,12,13,14,21,22,23,24,31,32,33,34
367,2,3,11,12,13,14,21,22,23,24,31,32,33,34
368,2,3,11,12,13,14,21,22,23,24,31,32,33,34
369,2,3,11,12,13,14,21,22,23,24,31,32,33,34
370,2,3,11,12,13,14,21,22,23,24,31,32,33,34
371,2,3,11,12,13,14,21,22,23,24,31,32,33,34
372,2,3,11,12,13,14,21,22,23,24,31,32,33,34
373,2,3,11,12,13,14,21,22,23,24,31,32,33,34
374,2,3,11,12,13,14,21,22,23,24,31,32,33,34
375,2,3,11,12,13,14,21,22,23,24,31,32,33,34
376,2,3,11,12,13,14,21,22,23,24,31,32,33,34
377,2,3,11,12,13,14,21,22,23,24,31,32,33,34
378,2,3,11,12,13,14,21,22,23,24,31,32,33,34
379,2,3,11,12,13,14,21,22,23,24,31,32,33,34
380,2,3,11,12,13,14,21,22,23,24,31,32,33,34
381,2,3,11,12,13,14,21,22,23,24,31,32,33,34
382,2,3,11,12,13,14,21,22,23,24,31,32,33,34
383,2,3,11,12,13,14,21,22,23,24,31,32,33,34
384,2,3,11,12,13,14,21,22,23,24,31,32,33,34
385,2,3,11,12,13,14,21,22,23,24,31,32,33,34
386,2,3,11,12,13,14,21,22,23,24,31,32,33,34
387,2,3,11,12,13,14,21,22,23,24,31,32,33,34
388,2,3,11,12,13,14,21,22,23,24,31,32,33,34
389,2,3,11,12,13,14,21,22,23,24,31,32,33,34
390,2,3,11,12,13,14,21,22,23,24,31,32,33,34
391,2,3,11,12,13,14,21,22,23,24,32,33,34
392,2,3,11,12,13,14,21,22,23,24,32,33,34
393,2,3,11,12,13,14,21,22,23,24,32,33,34
394,2,3,11,12,13,14,21,22,23,24,32,33,34
395,2,3,11,12,13,14,21,22,23,24,32,33,34
396,2,3,11,12,13,14,21,22,23,24,32,33,34
397,2,3,11,12,13,14,21,22,23,24,31,32,33,34
398,2,3,11,12,13,14,21,22,23,24,31,32,33,34
399,2,3,11,12,13,14,21,22,23,24,31,32,33,34
400,2,3,11,12,13,14,21,22,23,24,31,32,33,34
401,2,3,11,12,13,14,21,22,23,24,31,32,33,34
402,2,3,11,12,13,14,21,22,23,24,31,32,33,34
403,2,3,11,12,13,14,21,22,23,24,31,32,33,34
404,2,3,11,12,13,14,21,22,23,24,31,32,33,34
405,2,3,11,12,13,14,21,22,23,24,31,32,33,34
406,2,3,11,12,13,14,21,22,23,24,31,32,33,34
407,2,3,11,12,13,14,21,22,23,24,31,32,33
408,2,3,11,12,13,14,21,22,23,24,31,32,33
409,2,3,11,12,13,14,21,22,23,24,31,32,33
410,2,3,11,12,13,14,21,22,23,24,31,32,33
411,2,3,11,12,13,14,21,22,23,24,31,32,33
412,2,3,11,12,13,14,21,22,23,24,31,32,33
413,2,3,11,12,13,14,21,22,23,24,31,32,33
414,2,3,11,12,13,14,21,22,23,24,31,32,33
415,2,3,11,12,13,14,21,22,23,24,31,32,33,34
416,2,3,11,12,13,14,21,22,23,24,31,32,33,34
417,2,3,11,12,13,14,21,22,23,24,31,32,33,34
418,2,3,11,12,13,14,21,22,23,24,31,32,33,34
419,2,3,11,12,13,14,21,22,23,24,31,32,33,34
420,2,3,11,12,13,14,21,22,23,24,31,32,33,34
421,2,3,11,12,13,14,21,22,23,24,31,32,33,34
422,2,3,11,12,13,14,21,22,23,24,31,32,33,34
423,2,3,11,12,13,14,21,22,23,24,31,32,33,34
424,2,3,11,12,13,14,21,22,23,24,31,32,33,34
425,2,3,11,12,13,14,21,22,23,24,31,32,33,34
426,2,3,11,12,13,14,21,22,23,24,31,32,33,34
427,2,3,11,12,13,14,21,22,23,24,31,32,33
428,2,3,11,12,13,14,21,22,23,24,31,32,33
429,2,3,11,12,13,14,21,22,23,24,31,32,33
430,2,3,11,12,13,14,21,22,23,24,31,32,33
431,2,3,11,12,13,14,21,22,23,24,31,32,33
432,2,3,11,12,13,14,21,22,23,24,31,32,33
433,2,3,11,12,13,21,22,23,31,32,33
434,2,3,11,12,13,21,22,23,31,32,33
435,2,3,11,12,13,21,22,23,31,32,33
436,2,3,11,12,13,21,22,23,31,32,33
437,2,11,12,13,21,22,23,31,32,33
438,2,11,12,13,21,22,23,31,32,33
439,2,11,12,13,21,22,23,31,32,33
440,2,11,12,13,21,22,23,31,32,33
441,2,11,12,13,21,22,23,31,32,33
442,2,11,12,13,21,22,23,31,32,33
443,2,11,12,13,21,22,23,31,32,33
444,2,11,12,13,21,22,23,31,32,33
445,2,11,12,13,21,22,23,30,31,32,33
446,2,11,12,13,21,22,23,30,31,32,33
447,2,11,12,13,21,22,23,30,31,32,33
448,2,11,12,13,21,22,23,30,31,32,33
449,2,11,12,13,21,22,23,30,31,32,33
450,2,11,12,13,21,22,23,30,31,32,33
451,2,11,12,13,20,21,22,23,30,31,32,33
452,2,11,12,13,20,21,22,23,30,31,32,33
453,2,11,12,13,20,21,22,23,30,31,32,33
454,2,11,12,13,20,21,22,23,30,31,32,33
455,2,11,12,13,20,21,22,23,30,31,32,33
456,2,11,12,13,20,21,22,23,30,31,32,33
457,2,11,12,13,20,21,22,23,30,31,32,33
458,2,11,12,13,20,21,22,23,30,31,32,33
459,2,11,12,13,21,22,23,30,31,32,33
460,2,11,12,13,21,22,23,30,31,32,33
461,2,11,12,13,21,22,23,30,31,32,33
462,2,11,12,13,21,22,23,30,31,32,33
463,2,11,12,13,21,22,23,30,31,32,33
464,2,11,12,13,21,22,23,30,31,32,33
465,2,11,12,13,21,22,23,30,31,32,33
466,2,11,12,13,21,22,23,30,31,32,33
467,2,3,11,12,13,21,22,23,31,32,33
468,2,3,11,12,13,21,22,23,31,32,33
469,2,3,11,12,13,21,22,23,31,32,33
470,2,3,11,12,13,21,22,23,31,32,33
471,2,3,11,12,13,21,22,23,31,32,33
472,2,3,11,12,13,21,22,23,31,32,33
473,2,3,11,12,13,21,22,23,31,32,33
474,2,3,11,12,13,21,22,23,31,32,33
475,2,3,11,12,13,21,22,23,31,32,33
476,2,3,11,12,13,21,22,23,31,32,33
477,2,3,11,12,13,21,22,23,31,32,33
478,2,3,11,12,13,21,22,23,31,32,33
479,2,3,11,12,13,21,22,23,31,32,33
480,2,3,11,12,13,21,22,23,31,32,33
481,2,3,11,12,13,21,22,23,24,31,32,33
482,2,3,11,12,13,21,22,23,24,31,32,33
483,2,3,11,12,13,21,22,23,24,31,32,33
484,2,3,11,12,13,21,22,23,24,31,32,33
485,2,3,11,12,13,14,21,22,23,24,31,32,33
486,2,3,11,12,13,14,21,22,23,24,31,32,33
487,2,3,11,12,13,14,21,22,23,24,31,32,33
488,2,3,11,12,13,14,21,22,23,24,31,32,33
489,2,3,11,12,13,14,21,22,23,24,31,32,33
490,2,3,11,12,13,14,21,22,23,24,31,32,33
491,2,3,11,12,13,14,21,22,23,24,31,32,33
492,2,3,11,12,13,14,21,22,23,24,31,32,33
493,2,3,11,12,13,14,21,22,23,24,31,32,33
494,2,3,11,12,13,14,21,22,23,24,31,32,33
495,2,3,11,12,13,14,21,22,23,24,31,32,33
496,2,3,11,12,13,14,21,22,23,24,31,32,33
497,2,3,11,12,13,14,21,22,23,24,31,32,33
498,2,3,11,12,13,14,21,22,23,24,31,32,33
499,2,3,11,12,13,14,21,22,23,24,31,32,33,34
500,2,3,11,12,13,14,21,22,23,24,31,32,33,34
501,2,3,11,12,13,14,21,22,23,24,31,32,33,34
502,2,3,11,12,13,14,21,22,23,24,31,32,33,34
503,2,3,11,12,13,14,21,22,23,24,31,32,33,34
504,2,3,11,12,13,14,21,22,23,24,31,32,33,34
505,2,3,11,12,13,14,21,22,23,24,31,32,33,34
506,2,3,11,12,13,14,21,22,23,24,31,32,33,34
507,3,11,12,13,14,21,22,23,24,31,32,33,34
508,3,11,12,13,14,21,22,23,24,31,32,33,34
509,3,11,12,13,14,21,22,23,24,31,32,33,34
510,3,11,12,13,14,21,22,23,24,31,32,33,34
511,3,11,12,13,14,21,22,23,24,31,32,33,34
512,3,11,12,13,14,21,22,23,24,31,32,33,34
513,3,11,12,13,14,21,22,23,24,31,32,33,34
514,3,11,12,13,14,21,22,23,24,31,32,33,34
515,3,11,12,13,14,21,22,23,24,31,32,33,34
516,3,11,12,13,14,21,22,23,24,31,32,33,34
517,3,11,12,13,14,21,22,23,24,31,32,33,34
518,3,11,12,13,14,21,22,23,24,31,32,33,34
519,3,11,12,13,14,21,22,23,24,31,32,33,34
520,3,11,12,13,14,21,22,23,24,31,32,33,34
521,3,11,12,13,14,21,22,23,24,31,32,33,34
522,3,11,12,13,14,21,22,23,24,31,32,33,34
523,3,11,12,13,14,21,22,23,24,31,32,33,34
524,3,11,12,13,14,21,22,23,24,31,32,33,34
525,3,11,12,13,14,21,22,23,24,31,32,33,34
526,3,11,12,13,14,21,22,23,24,31,32,33,34
527,3,11,12,13,14,21,22,23,24,32,33,34
528,3,11,12,13,14,21,22,23,24,32,33,34
529,3,11,12,13,14,21,22,23,24,32,33,34
530,3,11,12,13,14,21,22,23,24,32,33,34
531,3,11,12,13,14,21,22,23,24,32,33,34
532,3,11,12,13,14,21,22,23,24,32,33,34
533,3,11,12,13,14,21,22,23,24,32,33,34
534,3,11,12,13,14,21,22,23,24,32,33,34
535,3,12,13,14,21,22,23,24,32,33,34
536,3,12,13,14,21,22,23,24,32,33,34
537,3,12,13,14,22,23,24,32,33,34
538,3,12,13,14,22,23,24,32,33,34
539,3,12,13,14,22,23,24,32,33,34
540,3,12,13,14,22,23,24,32,33,34
541,3,12,13,14,22,23,24,32,33,34
542,3,12,13,14,22,23,24,32,33,34
543,3,12,13,14,22,23,24,32,33,34
544,3,12,13,14,22,23,24,32,33,34
545,3,4,12,13,14,22,23,24,32,33,34
546,3,4,12,13,14,22,23,24,32,33,34
547,3,4,12,13,14,22,23,24,25,32,33,34
548,3,4,12,13,14,22,23,24,25,32,33,34
549,3,4,12,13,14,15,22,23,24,25,32,33,34
550,3,4,12,13,14,15,22,23,24,25,32,33,34
551,3,4,12,13,14,15,22,23,24,25,32,33,34
552,3,4,12,13,14,15,22,23,24,25,32,33,34
553,3,4,12,13,14,15,22,23,24,25,32,33,34
554,3,4,12,13,14,15,22,23,24,25,32,33,34
555,3,4,12,13,14,15,22,23,24,25,32,33,34,35
556,3,4,12,13,14,15,22,23,24,25,32,33,34,35
557,3,4,12,13,14,15,22,23,24,25,32,33,34,35
558,3,4,12,13,14,15,22,23,24,25,32,33,34,35
559,3,4,12,13,14,15,22,23,24,25,32,33,34,35
560,3,4,12,13,14,15,22,23,24,25,32,33,34,35
561,3,4,12,13,14,15,22,23,24,25,32,33,34,35
562,3,4,12,13,14,15,22,23,24,25,32,33,34,35
563,4,12,13,14,15,22,23,24,25,32,33,34,35
564,4,12,13,14,15,22,23,24,25,32,33,34,35
565,4,12,13,14,15,22,23,24,25,32,33,34,35
566,4,12,13,14,15,22,23,24,25,32,33,34,35
567,4,12,13,14,15,22,23,24,25,32,33,34,35
568,4,12,13,14,15,22,23,24,25,32,33,34,35
569,4,12,13,14,15,22,23,24,25,32,33,34,35
570,4,12,13,14,15,22,23,24,25,32,33,34,35
571,4,12,13,14,15,22,23,24,25,32,33,34,35
572,4,12,13,14,15,22,23,24,25,32,33,34,35
573,4,12,13,14,15,22,23,24,25,32,33,34,35
574,4,12,13,14,15,22,23,24,25,32,33,34,35
575,4,12,13,14,15,22,23,24,25,33,34,35
576,4,12,13,14,15,22,23,24,25,33,34,35
577,4,12,13,14,15,22,23,24,25,33,34,35
578,4,12,13,14,15,22,23,24,25,33,34,35
579,4,12,13,14,15,22,23,24,25,33,34,35
580,4,12,13,14,15,22,23,24,25,33,34,35
581,4,13,14,15,22,23,24,25,33,34,35
582,4,13,14,15,22,23,24,25,33,34,35
583,4,13,14,15,22,23,24,25,33,34,35
584,4,13,14,15,22,23,24,25,33,34,35
585,4,13,14,15,23,24,25,33,34,35
586,4,13,14,15,23,24,25,33,34,35
587,4,13,14,15,23,24,25,33,34,35
588,4,13,14,15,23,24,25,33,34,35
589,13,14,15,23,24,25,33,34,35
590,13,14,15,23,24,25,33,34,35
591,13,14,15,23,24,25,33,34,35
592,13,14,15,23,24,25,33,34,35
593,13,14,15,23,24,25,33,34,35
594,13,14,15,23,24,25,33,34,35
595,13,14,15,23,24,25,26,33,34,35
596,13,14,15,23,24,25,26,33,34,35
597,13,14,15,23,24,25,26,33,34,35
598,13,14,15,23,24,25,26,33,34,35
599,13,14,15,16,23,24,25,26,33,34,35
600,13,14,15,16,23,24,25,26,33,34,35
601,13,14,15,16,23,24,25,26,33,34,35,36
602,13,14,15,16,23,24,25,26,33,34,35,36
603,13,14,15,16,23,24,25,26,33,34,35,36
604,13,14,15,16,23,24,25,26,33,34,35,36
605,13,14,15,16,23,24,25,26,33,34,35,36
606,13,14,15,16,23,24,25,26,33,34,35,36
607,13,14,15,16,23,24,25,26,33,34,35,36
608,13,14,15,16,23,24,25,26,33,34,35,36
609,13,14,15,16,23,24,25,26,33,34,35,36
610,13,14,15,16,23,24,25,26,33,34,35,36
611,13,14,15,16,23,24,25,26,33,34,35,36
612,13,14,15,16,23,24,25,26,33,34,35,36
613,13,14,15,16,23,24,25,26,33,34,35,36
614,13,14,15,16,23,24,25,26,33,34,35,36
615,13,14,15,16,23,24,25,26,33,34,35,36
616,13,14,15,16,23,24,25,26,33,34,35,36
617,5,13,14,15,16,23,24,25,26,33,34,35,36
618,5,13,14,15,16,23,24,25,26,33,34,35,36
619,5,13,14,15,16,23,24,25,26,33,34,35,36
620,5,13,14,15,16,23,24,25,26,33,34,35,36
621,13,14,15,16,23,24,25,26,33,34,35,36
622,13,14,15,16,23,24,25,26,33,34,35,36
623,13,14,15,16,23,24,25,26,33,34,35,36
624,13,14,15,16,23,24,25,26,33,34,35,36
625,13,14,15,16,23,24,25,26,33,34,35,36
626,13,14,15,16,23,24,25,26,33,34,35,36
627,13,14,15,16,23,24,25,26,33,34,35,36
628,13,14,15,16,23,24,25,26,33,34,35,36
629,13,14,15,16,23,24,25,26,33,34,35,36
630,13,14,15,16,23,24,25,26,33,34,35,36
631,13,14,15,16,23,24,25,26,34,35,36
632,13,14,15,16,23,24,25,26,34,35,36
633,5,13,14,15,16,23,24,25,26,34,35,36
634,5,13,14,15,16,23,24,25,26,34,35,36
635,5,13,14,15,16,23,24,25,26,34,35,36
636,5,13,14,15,16,23,24,25,26,34,35,36
637,5,14,15,16,23,24,25,26,34,35,36
638,5,14,15,16,23,24,25,26,34,35,36
639,5,14,15,16,23,24,25,26,34,35,36
640,5,14,15,16,23,24,25,26,34,35,36
641,5,14,15,16,23,24,25,26,34,35,36
642,5,14,15,16,23,24,25,26,34,35,36
643,5,14,15,16,23,24,25,26,34,35,36
644,5,14,15,16,23,24,25,26,34,35,36
645,5,14,15,16,23,24,25,26,34,35,36
646,5,14,15,16,23,24,25,26,34,35,36
647,5,13,14,15,16,23,24,25,26,34,35,36
648,5,13,14,15,16,23,24,25,26,34,35,36
649,5,13,14,15,16,23,24,25,26,34,35,36
650,5,13,14,15,16,23,24,25,26,34,35,36
651,5,13,14,15,16,23,24,25,26,34,35,36
652,5,13,14,15,16,23,24,25,26,34,35,36
653,5,13,14,15,16,23,24,25,26,34,35,36
654,5,13,14,15,16,23,24,25,26,34,35,36
655,5,13,14,15,16,23,24,25,26,34,35,36
656,5,13,14,15,16,23,24,25,26,34,35,36
657,5,13,14,15,16,23,24,25,26,34,35,36
658,5,13,14,15,16,23,24,25,26,34,35,36
659,5,13,14,15,16,23,24,25,26,34,35,36
660,5,13,14,15,16,23,24,25,26,34,35,36
661,5,13,14,15,16,23,24,25,26,34,35,36
662,5,13,14,15,16,23,24,25,26,34,35,36
663,5,13,14,15,16,23,24,25,26,34,35,36
664,5,13,14,15,16,23,24,25,26,34,35,36
665,5,13,14,15,16,23,24,25,26,34,35,36
666,5,13,14,15,16,23,24,25,26,34,35,36
667,5,13,14,15,16,23,24,25,26,33,34,35,36
668,5,13,14,15,16,23,24,25,26,33,34,35,36
669,5,13,14,15,16,23,24,25,26,33,34,35,36
670,5,13,14,15,16,23,24,25,26,33,34,35,36
671,5,13,14,15,16,23,24,25,26,33,34,35,36
672,5,13,14,15,16,23,24,25,26,33,34,35,36
673,5,13,14,15,16,23,24,25,26,34,35,36
674,5,13,14,15,16,23,24,25,26,34,35,36
675,5,13,14,15,16,23,24,25,26,34,35,36
676,5,13,14,15,16,23,24,25,26,34,35,36
677,5,13,14,15,16,23,24,25,26,34,35,36
678,5,13,14,15,16,23,24,25,26,34,35,36
679,4,5,6,13,14,15,16,23,24,25,26,34,35,36
680,4,5,6,13,14,15,16,23,24,25,26,34,35,36
681,4,5,6,13,14,15,16,23,24,25,26,34,35,36
682,4,5,6,13,14,15,16,23,24,25,26,34,35,36
683,4,5,6,13,14,15,16,23,24,25,26,34,35,36
684,4,5,6,13,14,15,16,23,24,25,26,34,35,36
685,4,5,6,13,14,15,16,23,24,25,26,34,35,36
686,4,5,6,13,14,15,16,23,24,25,26,34,35,36
687,4,5,6,13,14,15,16,23,24,25,26,34,35,36
688,4,5,6,13,14,15,16,23,24,25,26,34,35,36
689,4,5,6,13,14,15,16,23,24,25,26,34,35,36
690,4,5,6,13,14,15,16,23,24,25,26,34,35,36
691,4,5,6,13,14,15,16,23,24,25,26,34,35,36
692,4,5,6,13,14,15,16,23,24,25,26,34,35,36
693,4,5,6,13,14,15,16,23,24,25,26,34,35,36
694,4,5,6,13,14,15,16,23,24,25,26,34,35,36
695,4,5,6,13,14,15,16,23,24,25,26,34,35,36
696,4,5,6,13,14,15,16,23,24,25,26,34,35,36
697,4,5,6,13,14,15,16,23,24,25,26,34,35,36
698,4,5,6,13,14,15,16,23,24,25,26,34,35,36
699,4,5,6,13,14,15,16,23,24,25,26,34,35,36
700,4,5,6,13,14,15,16,23,24,25,26,34,35,36
701,4,5,6,13,14,15,16,23,24,25,26,34,35,36
702,4,5,6,13,14,15,16,23,24,25,26,34,35,36
703,4,5,6,13,14,15,16,23,24,25,26,34,35,36
704,4,5,6,13,14,15,16,23,24,25,26,34,35,36
705,4,5,6,13,14,15,16,23,24,25,26,34,35,36
706,4,5,6,13,14,15,16,23,24,25,26,34,35,36
707,4,5,6,13,14,15,16,23,24,25,26,34,35,36
708,4,5,6,13,14,15,16,23,24,25,26,34,35,36
709,4,5,6,13,14,15,16,23,24,25,26,34,35,36
710,4,5,6,13,14,15,16,23,24,25,26,34,35,36
711,4,5,6,13,14,15,16,23,24,25,26,34,35,36
712,4,5,6,13,14,15,16,23,24,25,26,34,35,36
713,4,5,6,13,14,15,16,23,24,25,26,34,35,36
714,4,5,6,13,14,15,16,23,24,25,26,34,35,36
715,4,5,6,13,14,15,16,23,24,25,26,34,35,36
716,4,5,6,13,14,15,16,23,24,25,26,34,35,36
717,4,5,6,13,14,15,16,23,24,25,26,34,35,36
718,4,5,6,13,14,15,16,23,24,25,26,34,35,36
719,3,4,5,6,13,14,15,16,23,24,25,26,34,35,36
720,3,4,5,6,13,14,15,16,23,24,25,26,34,35,36
721,3,4,5,6,13,14,15,16,23,24,25,26,34,35,36
722,3,4,5,6,13,14,15,16,23,24,25,26,34,35,36
723,3,4,5,6,13,14,15,16,23,24,25,26,34,35,36
724,3,4,5,6,13,14,15,16,23,24,25,26,34,35,36
725,3,4,5,6,13,14,15,16,23,24,25,26,34,35,36
726,3,4,5,6,13,14,15,16,23,24,25,26,34,35,36
727,3,4,5,6,13,14,15,16,23,24,25,26,34,35,36
728,3,4,5,6,13,14,15,16,23,24,25,26,34,35,36
729,3,4,5,6,13,14,15,16,23,24,25,26,34,35,36
730,3,4,5,6,13,14,15,16,23,24,25,26,34,35,36
731,3,4,5,6,13,14,15,16,23,24,25,26,34,35,36
732,3,4,5,6,13,14,15,16,23,24,25,26,34,35,36
733,3,4,5,6,13,14,15,16,23,24,25,26,34,35,36
734,3,4,5,6,13,14,15,16,23,24,25,26,34,35,36
735,3,4,5,6,13,14,15,16,23,24,25,26,34,35,36
736,3,4,5,6,13,14,15,16,23,24,25,26,34,35,36
737,3,4,5,6,13,14,15,16,23,24,25,26,34,35,36
738,3,4,5,6,13,14,15,16,23,24,25,26,34,35,36
739,3,4,5,6,13,14,15,16,23,24,25,26,34,35,36
740,3,4,5,6,13,14,15,16,23,24,25,26,34,35,36
741,3,4,5,6,13,14,15,16,23,24,25,26,34,35,36
742,3,4,5,6,13,14,15,16,23,24,25,26,34,35,36
743,3,4,5,6,13,14,15,16,23,24,25,26,34,35,36
744,3,4,5,6,13,14,15,16,23,24,25,26,34,35,36
745,3,4,5,6,13,14,15,16,23,24,25,26,34,35,36
746,3,4,5,6,13,14,15,16,23,24,25,26,34,35,36
747,3,4,5,6,13,14,15,16,23,24,25,26,34,35,36
748,3,4,5,6,13,14,15,16,23,24,25,26,34,35,36
749,3,4,5,6,13,14,15,16,23,24,25,26,34,35,36
750,3,4,5,6,13,14,15,16,23,24,25,26,34,35,36
751,3,4,5,6,13,14,15,16,23,24,25,26,34,35,36
752,3,4,5,6,13,14,15,16,23,24,25,26,34,35,36
753,3,4,5,6,13,14,15,16,23,24,25,26,34,35,36
754,3,4,5,6,13,14,15,16,23,24,25,26,34,35,36
755,3,4,5,6,13,14,15,16,23,24,25,26,34,35,36
756,3,4,5,6,13,14,15,16,23,24,25,26,34,35,36
757,3,4,5,6,13,14,15,16,23,24,25,26,34,35,36
758,3,4,5,6,13,14,15,16,23,24,25,26,34,35,36
759,3,4,5,6,13,14,15,16,23,24,25,26,34,35,36
760,3,4,5,6,13,14,15,16,23,24,25,26,34,35,36
761,3,4,5,6,13,14,15,16,23,24,25,26,34,35,36
762,3,4,5,6,13,14,15,16,23,24,25,26,34,35,36
763,3,4,5,6,13,14,15,16,23,24,25,26,34,35,36
764,3,4,5,6,13,14,15,16,23,24,25,26,34,35,36
765,3,4,5,6,13,14,15,16,23,24,25,26,34,35,36
766,3,4,5,6,13,14,15,16,23,24,25,26,34,35,36
767,3,4,5,6,13,14,15,16,23,24,25,26,34,35,36
768,3,4,5,6,13,14,15,16,23,24,25,26,34,35,36
769,3,4,5,6,13,14,15,16,23,24,25,26,34,35,36
770,3,4,5,6,13,14,15,16,23,24,25,26,34,35,36
771,4,5,6,13,14,15,16,23,24,25,26,34,35,36
772,4,5,6,13,14,15,16,23,24,25,26,34,35,36
773,4,5,6,13,14,15,16,23,24,25,26,34,35,36
774,4,5,6,13,14,15,16,23,24,25,26,34,35,36
775,4,5,6,13,14,15,16,23,24,25,26,34,35,36
776,4,5,6,13,14,15,16,23,24,25,26,34,35,36
777,4,5,6,13,14,15,16,23,24,25,26,34,35,36
778,4,5,6,13,14,15,16,23,24,25,26,34,35,36
779,4,5,6,13,14,15,16,23,24,25,26,34,35,36
780,4,5,6,13,14,15,16,23,24,25,26,34,35,36
781,4,5,6,13,14,15,16,23,24,25,26,34,35,36
782,4,5,6,13,14,15,16,23,24,25,26,34,35,36
783,3,4,5,6,13,14,15,16,23,24,25,26,34,35,36
784,3,4,5,6,13,14,15,16,23,24,25,26,34,35,36
785,3,4,5,6,13,14,15,16,23,24,25,26,34,35,36
786,3,4,5,6,13,14,15,16,23,24,25,26,34,35,36
787,3,4,5,6,13,14,15,16,23,24,25,26,34,35,36
788,3,4,5,6,13,14,15,16,23,24,25,26,34,35,36
789,3,4,5,6,13,14,15,16,23,24,25,26,34,35
790,3,4,5,6,13,14,15,16,23,24,25,26,34,35
791,3,4,5,6,13,14,15,16,23,24,25,26,34,35
792,3,4,5,6,13,14,15,16,23,24,25,26,34,35
793,3,4,5,6,13,14,15,16,23,24,25,26,34,35
794,3,4,5,6,13,14,15,16,23,24,25,26,34,35
795,3,4,5,6,13,14,15,16,23,24,25,26,34,35
796,3,4,5,6,13,14,15,16,23,24,25,26,34,35
797,3,4,5,6,13,14,15,16,23,24,25,26,34,35
798,3,4,5,6,13,14,15,16,23,24,25,26,34,35
799,3,4,5,6,13,14,15,16,23,24,25,26,34,35
800,3,4,5,6,13,14,15,16,23,24,25,26,34,35
801,3,4,5,6,13,14,15,16,23,24,25,26,34,35
802,3,4,5,6,13,14,15,16,23,24,25,26,34,35
803,3,4,5,6,13,14,15,16,23,24,25,26,34,35
804,3,4,5,6,13,14,15,16,23,24,25,26,34,35
805,3,4,5,6,13,14,15,16,23,24,25,26,34,35
806,3,4,5,6,13,14,15,16,23,24,25,26,34,35
807,3,4,5,6,13,14,15,16,23,24,25,26,33,34,35
808,3,4,5,6,13,14,15,16,23,24,25,26,33,34,35
809,3,4,5,6,13,14,15,16,23,24,25,26,33,34,35
810,3,4,5,6,13,14,15,16,23,24,25,26,33,34,35
811,3,4,5,6,13,14,15,16,23,24,25,26,33,34,35
812,3,4,5,6,13,14,15,16,23,24,25,26,33,34,35
813,3,4,5,6,13,14,15,16,23,24,25,26,33,34,35
814,3,4,5,6,13,14,15,16,23,24,25,26,33,34,35
815,3,4,5,13,14,15,16,23,24,25,26,33,34,35
816,3,4,5,13,14,15,16,23,24,25,26,33,34,35
817,3,4,5,13,14,15,16,23,24,25,26,33,34,35
818,3,4,5,13,14,15,16,23,24,25,26,33,34,35
819,3,4,5,13,14,15,16,23,24,25,26,33,34,35
820,3,4,5,13,14,15,16,23,24,25,26,33,34,35
821,3,4,5,13,14,15,16,23,24,25,26,33,34,35
822,3,4,5,13,14,15,16,23,24,25,26,33,34,35
823,3,4,5,13,14,15,16,23,24,25,26,33,34,35
824,3,4,5,13,14,15,16,23,24,25,26,33,34,35
825,3,4,5,12,13,14,15,23,24,25,33,34,35
826,3,4,5,12,13,14,15,23,24,25,33,34,35
827,3,4,5,12,13,14,15,22,23,24,25,33,34,35
828,3,4,5,12,13,14,15,22,23,24,25,33,34,35
829,3,4,5,12,13,14,15,22,23,24,25,33,34,35
830,3,4,5,12,13,14,15,22,23,24,25,33,34,35
831,3,4,5,12,13,14,15,22,23,24,25,33,34,35
832,3,4,5,12,13,14,15,22,23,24,25,33,34,35
833,3,4,5,12,13,14,15,22,23,24,25,33,34,35
834,3,4,5,12,13,14,15,22,23,24,25,33,34,35
835,2,3,4,5,12,13,14,15,22,23,24,25,33,34,35
836,2,3,4,5,12,13,14,15,22,23,24,25,33,34,35
837,2,3,4,5,12,13,14,15,22,23,24,25,33,34,35
838,2,3,4,5,12,13,14,15,22,23,24,25,33,34,35
839,2,3,4,5,12,13,14,15,22,23,24,25,33,34,35
840,2,3,4,5,12,13,14,15,22,23,24,25,33,34,35
841,2,3,4,5,12,13,14,15,22,23,24,25,33,34
842,2,3,4,5,12,13,14,15,22,23,24,25,33,34
843,2,3,4,5,12,13,14,15,22,23,24,25,33,34
844,2,3,4,5,12,13,14,15,22,23,24,25,33,34
845,2,3,4,5,12,13,14,15,22,23,24,25,33,34
846,2,3,4,5,12,13,14,15,22,23,24,25,33,34
847,2,3,4,5,12,13,14,15,22,23,24,25,33,34
848,2,3,4,5,12,13,14,15,22,23,24,25,33,34
849,2,3,4,5,12,13,14,15,22,23,24,25,33,34
850,2,3,4,5,12,13,14,15,22,23,24,25,33,34
851,2,3,4,5,12,13,14,15,22,23,24,25,33,34
852,2,3,4,5,12,13,14,15,22,23,24,25,33,34
853,2,3,4,5,12,13,14,15,22,23,24,25,33,34
854,2,3,4,5,12,13,14,15,22,23,24,25,33,34
855,2,3,4,5,12,13,14,15,22,23,24,25,33,34
856,2,3,4,5,12,13,14,15,22,23,24,25,33,34
857,2,3,4,5,12,13,14,15,22,23,24,25,33,34
858,2,3,4,5,12,13,14,15,22,23,24,25,33,34
859,2,3,4,5,12,13,14,15,22,23,24,25,33,34
860,2,3,4,5,12,13,14,15,22,23,24,25,33,34
861,2,3,4,5,12,13,14,15,22,23,24,25,33,34
862,2,3,4,5,12,13,14,15,22,23,24,25,33,34
863,2,3,4,5,12,13,14,15,22,23,24,25,33,34
864,2,3,4,5,12,13,14,15,22,23,24,25,33,34
865,2,3,4,5,12,13,14,15,22,23,24,25,33,34
866,2,3,4,5,12,13,14,15,22,23,24,25,33,34
867,2,3,4,5,12,13,14,15,22,23,24,25,33,34
868,2,3,4,5,12,13,14,15,22,23,24,25,33,34
869,2,3,4,5,12,13,14,15,22,23,24,25,33,34
870,2,3,4,5,12,13,14,15,22,23,24,25,33,34
871,2,3,4,5,12,13,14,15,22,23,24,25,33,34
872,2,3,4,5,12,13,14,15,22,23,24,25,33,34
873,2,3,4,5,12,13,14,15,22,23,24,25,33,34
874,2,3,4,5,12,13,14,15,22,23,24,25,33,34
875,2,3,4,5,12,13,14,15,22,23,24,25,33,34
876,2,3,4,5,12,13,14,15,22,23,24,25,33,34
877,2,3,4,5,12,13,14,15,22,23,24,25,33,34
878,2,3,4,5,12,13,14,15,22,23,24,25,33,34
879,2,3,4,5,12,13,14,15,22,23,24,25,33,34
880,2,3,4,5,12,13,14,15,22,23,24,25,33,34
881,2,3,4,5,12,13,14,15,22,23,24,25,33,34
882,2,3,4,5,12,13,14,15,22,23,24,25,33,34
883,2,3,4,5,12,13,14,15,22,23,24,25,33,34
884,2,3,4,5,12,13,14,15,22,23,24,25,33,34
885,2,3,4,5,12,13,14,15,22,23,24,25,33,34
886,2,3,4,5,12,13,14,15,22,23,24,25,33,34
887,2,3,4,5,12,13,14,15,22,23,24,25,33,34
888,2,3,4,5,12,13,14,15,22,23,24,25,33,34
889,2,3,4,5,12,13,14,15,22,23,24,25,33,34
890,2,3,4,5,12,13,14,15,22,23,24,25,33,34
891,2,3,4,5,12,13,14,15,22,23,24,25,33,34
892,2,3,4,5,12,13,14,15,22,23,24,25,33,34
893,2,3,4,5,12,13,14,15,22,23,24,25,33,34
894,2,3,4,5,12,13,14,15,22,23,24,25,33,34
895,2,3,4,5,12,13,14,15,22,23,24,25,33,34
896,2,3,4,5,12,13,14,15,22,23,24,25,33,34
897,2,3,4,5,12,13,14,15,22,23,24,25,33,34
898,2,3,4,5,12,13,14,15,22,23,24,25,33,34
899,2,3,4,5,12,13,14,15,22,23,24,25,33,34
900,2,3,4,5,12,13,14,15,22,23,24,25,33,34
901,2,3,4,5,12,13,14,15,22,23,24,25,33,34
902,2,3,4,5,12,13,14,15,22,23,24,25,33,34
903,2,3,4,5,11,12,13,14,15,22,23,24,25,33,34
904,2,3,4,5,11,12,13,14,15,22,23,24,25,33,34
905,1,2,3,4,5,11,12,13,14,15,22,23,24,25,33,34
906,1,2,3,4,5,11,12,13,14,15,22,23,24,25,33,34
907,1,2,3,4,5,11,12,13,14,15,22,23,24,33
908,1,2,3,4,5,11,12,13,14,15,22,23,24,33
909,1,2,3,4,5,11,12,13,14,15,21,22,23,24,33
910,1,2,3,4,5,11,12,13,14,15,21,22,23,24,33
911,1,2,3,4,5,11,12,13,14,15,21,22,23,24,33
912,1,2,3,4,5,11,12,13,14,15,21,22,23,24,33
913,1,2,3,4,5,11,12,13,14,15,21,22,23,24,33
914,1,2,3,4,5,11,12,13,14,15,21,22,23,24,33
915,1,2,3,4,5,11,12,13,14,15,21,22,23,24,32,33
916,1,2,3,4,5,11,12,13,14,15,21,22,23,24,32,33
917,1,2,3,4,11,12,13,14,15,21,22,23,24,32,33
918,1,2,3,4,11,12,13,14,15,21,22,23,24,32,33
919,1,2,3,4,11,12,13,14,21,22,23,24,32,33
920,1,2,3,4,11,12,13,14,21,22,23,24,32,33
921,1,2,3,4,11,12,13,14,21,22,23,24,32,33
922,1,2,3,4,11,12,13,14,21,22,23,24,32,33
923,1,2,3,4,11,12,13,14,21,22,23,24,32,33
924,1,2,3,4,11,12,13,14,21,22,23,24,32,33
925,1,2,3,4,11,12,13,14,21,22,23,24,32,33
926,1,2,3,4,11,12,13,14,21,22,23,24,32,33
927,1,2,3,4,11,12,13,14,21,22,23,24,32,33
928,1,2,3,4,11,12,13,14,21,22,23,24,32,33
929,1,2,3,4,11,12,13,14,21,22,23,24,32,33
930,1,2,3,4,11,12,13,14,21,22,23,24,32,33
931,1,2,3,4,11,12,13,14,21,22,23,24,32,33
932,1,2,3,4,11,12,13,14,21,22,23,24,32,33
933,1,2,3,4,11,12,13,14,21,22,23,24,32,33
934,1,2,3,4,11,12,13,14,21,22,23,24,32,33
935,1,2,3,4,11,12,13,14,21,22,23,24,32,33
936,1,2,3,4,11,12,13,14,21,22,23,24,32,33
937,1,2,3,4,11,12,13,14,21,22,23,24,32,33
938,1,2,3,4,11,12,13,14,21,22,23,24,32,33
939,1,2,3,4,11,12,13,14,21,22,23,24,32,33
940,1,2,3,4,11,12,13,14,21,22,23,24,32,33
941,1,2,3,4,11,12,13,14,21,22,23,24,32,33
942,1,2,3,4,11,12,13,14,21,22,23,24,32,33
943,1,2,3,4,11,12,13,14,21,22,23,24,32,33
944,1,2,3,4,11,12,13,14,21,22,23,24,32,33
945,1,2,3,4,11,12,13,14,21,22,23,24,32,33
946,1,2,3,4,11,12,13,14,21,22,23,24,32,33
947,1,2,3,4,11,12,13,14,21,22,23,24,32,33
948,1,2,3,4,11,12,13,14,21,22,23,24,32,33
949,1,2,3,4,11,12,13,14,21,22,23,24,32,33
950,1,2,3,4,11,12,13,14,21,22,23,24,32,33
951,1,2,3,4,11,12,13,14,21,22,23,24,32,33
952,1,2,3,4,11,12,13,14,21,22,23,24,32,33
953,1,2,3,4,11,12,13,14,21,22,23,24,32,33
954,1,2,3,4,11,12,13,14,21,22,23,24,32,33
955,1,2,3,4,11,12,13,14,21,22,23,24,32,33
956,1,2,3,4,11,12,13,14,21,22,23,24,32,33
957,1,2,3,4,11,12,13,14,21,22,23,24,32,33
958,1,2,3,4,11,12,13,14,21,22,23,24,32,33
959,1,2,3,4,11,12,13,14,21,22,23,24,32,33
960,1,2,3,4,11,12,13,14,21,22,23,24,32,33
961,1,2,3,4,11,12,13,14,21,22,23,24,32,33
962,1,2,3,4,11,12,13,14,21,22,23,24,32,33
963,1,2,3,4,11,12,13,14,21,22,23,24,32,33
964,1,2,3,4,11,12,13,14,21,22,23,24,32,33
965,1,2,3,4,11,12,13,14,21,22,23,24,32,33
966,1,2,3,4,11,12,13,14,21,22,23,24,32,33
967,1,2,3,4,11,12,13,14,21,22,23,24,32,33
968,1,2,3,4,11,12,13,14,21,22,23,24,32,33
969,1,2,3,4,11,12,13,14,21,22,23,24,32,33
970,1,2,3,4,11,12,13,14,21,22,23,24,32,33
971,1,2,3,4,11,12,13,14,21,22,23,24,32,33
972,1,2,3,4,11,12,13,14,21,22,23,24,32,33
973,1,2,3,4,11,12,13,14,21,22,23,24,32,33
974,1,2,3,4,11,12,13,14,21,22,23,24,32,33
975,1,2,3,4,11,12,13,14,21,22,23,24,32,33
976,1,2,3,4,11,12,13,14,21,22,23,24,32,33
977,1,2,3,4,11,12,13,14,21,22,23,24,32,33
978,1,2,3,4,11,12,13,14,21,22,23,24,32,33
979,1,2,3,4,11,12,13,14,21,22,23,24,32,33
980,1,2,3,4,11,12,13,14,21,22,23,24,32,33
981,1,2,3,4,11,12,13,14,20,21,22,23,24,32,33
982,1,2,3,4,11,12,13,14,20,21,22,23,24,32,33
983,1,2,3,4,10,11,12,13,14,20,21,22,23,24,32,33
984,1,2,3,4,10,11,12,13,14,20,21,22,23,24,32,33
985,1,2,3,4,10,11,12,13,14,20,21,22,23,30,31,32,33
986,1,2,3,4,10,11,12,13,14,20,21,22,23,30,31,32,33
987,1,2,3,10,11,12,13,14,20,21,22,23,30,31,32
988,1,2,3,10,11,12,13,14,20,21,22,23,30,31,32
989,1,2,3,10,11,12,13,20,21,22,23,30,31,32
990,1,2,3,10,11,12,13,20,21,22,23,30,31,32
991,1,2,3,10,11,12,13,20,21,22,23,30,31,32
992,1,2,3,10,11,12,13,20,21,22,23,30,31,32
993,1,2,3,10,11,12,13,14,20,21,22,23,30,31,32
994,1,2,3,10,11,12,13,14,20,21,22,23,30,31,32
995,1,2,3,10,11,12,13,14,20,21,22,23,30,31,32
996,1,2,3,10,11,12,13,14,20,21,22,23,30,31,32
997,1,2,3,10,11,12,13,14,20,21,22,23,30,31,32
998,1,2,3,10,11,12,13,14,20,21,22,23,30,31,32
999,1,2,3,10,11,12,13,14,20,21,22,23,30,31,32
1000,1,2,3,10,11,12,13,14,20,21,22,23,30,31,32
1001,1,2,3,10,11,12,13,14,20,21,22,23,30,31,32
1002,1,2,3,10,11,12,13,14,20,21,22,23,30,31,32
1003,1,2,3,10,11,12,13,14,20,21,22,23,30,31,32
1004,1,2,3,10,11,12,13,14,20,21,22,23,30,31,32
1005,1,2,3,10,11,12,13,14,20,21,22,23,30,31,32
1006,1,2,3,10,11,12,13,14,20,21,22,23,30,31,32
1007,1,2,3,10,11,12,13,14,20,21,22,23,30,31,32
1008,1,2,3,10,11,12,13,14,20,21,22,23,30,31,32
1009,1,2,3,10,11,12,13,14,20,21,22,23,30,31,32
1010,1,2,3,10,11,12,13,14,20,21,22,23,30,31,32
1011,1,2,3,4,10,11,12,13,14,20,21,22,23,30,31,32
1012,1,2,3,4,10,11,12,13,14,20,21,22,23,30,31,32
1013,1,2,3,4,10,11,12,13,14,20,21,22,23,30,31,32
1014,1,2,3,4,10,11,12,13,14,20,21,22,23,30,31,32
1015,1,2,3,4,10,11,12,13,14,20,21,22,23,30,31,32
1016,1,2,3,4,10,11,12,13,14,20,21,22,23,30,31,32
1017,1,2,3,4,10,11,12,13,14,20,21,22,23,30,31,32
1018,1,2,3,4,10,11,12,13,14,20,21,22,23,30,31,32
1019,1,2,3,10,11,12,13,14,20,21,22,23,30,31,32
1020,1,2,3,10,11,12,13,14,20,21,22,23,30,31,32
1021,1,2,3,10,11,12,13,20,21,22,23,30,31,32
1022,1,2,3,10,11,12,13,20,21,22,23,30,31,32
1023,1,2,3,10,11,12,13,20,21,22,23,30,31,32
1024,1,2,3,10,11,12,13,20,21,22,23,30,31,32
1025,1,2,3,10,11,12,13,20,21,22,23,30,31,32
1026,1,2,3,10,11,12,13,20,21,22,23,30,31,32
1027,1,2,3,10,11,12,13,20,21,22,23,30,31,32
1028,1,2,3,10,11,12,13,20,21,22,23,30,31,32
1029,1,2,3,10,11,12,13,20,21,22,23,30,31,32
1030,1,2,3,10,11,12,13,20,21,22,23,30,31,32
1031,1,2,3,10,11,12,13,20,21,22,23,30,31,32
1032,1,2,3,10,11,12,13,20,21,22,23,30,31,32
1033,1,2,3,10,11,12,13,20,21,22,23,30,31,32
1034,1,2,3,10,11,12,13,20,21,22,23,30,31,32
1035,1,2,3,10,11,12,13,20,21,22,23,30,31,32
1036,1,2,3,10,11,12,13,20,21,22,23,30,31,32
1037,1,2,3,10,11,12,13,20,21,22,23,30,31,32
1038,1,2,3,10,11,12,13,20,21,22,23,30,31,32
1039,1,2,3,10,11,12,13,20,21,22,23,30,31,32
1040,1,2,3,10,11,12,13,20,21,22,23,30,31,32
1041,1,2,3,10,11,12,13,20,21,22,23,30,31,32
1042,1,2,3,10,11,12,13,20,21,22,23,30,31,32
1043,1,2,3,10,11,12,13,20,21,22,23,30,31,32
1044,1,2,3,10,11,12,13,20,21,22,23,30,31,32
1045,1,2,3,10,11,12,13,20,21,22,23,30,31,32
1046,1,2,3,10,11,12,13,20,21,22,23,30,31,32
1047,1,2,3,10,11,12,13,20,21,22,23,30,31,32
1048,1,2,3,10,11,12,13,20,21,22,23,30,31,32
1049,1,2,3,10,11,12,13,20,21,22,23,30,31,32
1050,1,2,3,10,11,12,13,20,21,22,23,30,31,32
1051,1,2,3,10,11,12,13,20,21,22,23,30,31,32
1052,1,2,3,10,11,12,13,20,21,22,23,30,31,32
1053,1,2,3,10,11,12,13,20,21,22,23,30,31,32
1054,1,2,3,10,11,12,13,20,21,22,23,30,31,32
1055,1,2,3,10,11,12,13,14,20,21,22,23,30,31,32
1056,1,2,3,10,11,12,13,14,20,21,22,23,30,31,32
1057,1,2,3,4,11,12,13,14,21,22,23,24,32,33
1058,1,2,3,4,11,12,13,14,21,22,23,24,32,33
1059,1,2,3,4,11,12,13,14,21,22,23,24,32,33
1060,1,2,3,4,11,12,13,14,21,22,23,24,32,33
1061,1,2,3,4,11,12,13,14,21,22,23,24,32,33
1062,1,2,3,4,11,12,13,14,21,22,23,24,32,33
1063,1,2,3,4,11,12,13,14,21,22,23,24,32,33
1064,1,2,3,4,11,12,13,14,21,22,23,24,32,33
1065,1,2,3,4,11,12,13,14,21,22,23,24,32,33
1066,1,2,3,4,11,12,13,14,21,22,23,24,32,33
1067,2,3,4,11,12,13,14,21,22,23,24,32,33,34
1068,2,3,4,11,12,13,14,21,22,23,24,32,33,34
1069,2,3,4,12,13,14,15,22,23,24,25,32,33,34
1070,2,3,4,12,13,14,15,22,23,24,25,32,33,34
1071,3,4,5,12,13,14,15,22,23,24,25,32,33,34
1072,3,4,5,12,13,14,15,22,23,24,25,32,33,34
1073,3,4,5,12,13,14,15,22,23,24,25,33,34
1074,3,4,5,12,13,14,15,22,23,24,25,33,34
1075,3,4,5,12,13,14,15,22,23,24,25,33,34,35
1076,3,4,5,12,13,14,15,22,23,24,25,33,34,35
1077,3,4,5,12,13,14,15,22,23,24,25,33,34,35
1078,3,4,5,12,13,14,15,22,23,24,25,33,34,35
1079,3,4,5,12,13,14,15,22,23,24,25,33,34,35
1080,3,4,5,12,13,14,15,22,23,24,25,33,34,35
1081,3,4,5,12,13,14,15,22,23,24,25,33,34,35
1082,3,4,5,12,13,14,15,22,23,24,25,33,34,35
1083,3,4,5,13,14,15,23,24,25,33,34,35
1084,3,4,5,13,14,15,23,24,25,33,34,35
1085,4,5,13,14,15,23,24,25,33,34,35
1086,4,5,13,14,15,23,24,25,33,34,35
1087,4,5,13,14,15,16,23,24,25,26,33,34,35
1088,4,5,13,14,15,16,23,24,25,26,33,34,35
1089,4,5,13,14,15,16,23,24,25,26,33,34,35
1090,4,5,13,14,15,16,23,24,25,26,33,34,35
1091,4,5,13,14,15,16,23,24,25,26,33,34,35
1092,4,5,13,14,15,16,23,24,25,26,33,34,35
1093,4,5,13,14,15,16,23,24,25,26,33,34,35
1094,4,5,13,14,15,16,23,24,25,26,33,34,35
1095,4,5,13,14,15,16,23,24,25,26,33,34,35
1096,4,5,13,14,15,16,23,24,25,26,33,34,35
1097,4,5,13,14,15,16,23,24,25,26,33,34,35
1098,4,5,13,14,15,16,23,24,25,26,33,34,35
1099,4,5,13,14,15,16,23,24,25,26,33,34,35
1100,4,5,13,14,15,16,23,24,25,26,33,34,35
1101,4,5,6,13,14,15,16,23,24,25,26,33,34,35
1102,4,5,6,13,14,15,16,23,24,25,26,33,34,35
1103,4,5,6,13,14,15,16,23,24,25,26,33,34,35
1104,4,5,6,13,14,15,16,23,24,25,26,33,34,35
1105,4,5,6,13,14,15,16,23,24,25,26,34,35
1106,4,5,6,13,14,15,16,23,24,25,26,34,35
1107,4,5,6,13,14,15,16,23,24,25,26,34,35
1108,4,5,6,13,14,15,16,23,24,25,26,34,35
1109,4,5,6,13,14,15,16,23,24,25,26,34,35
1110,4,5,6,13,14,15,16,23,24,25,26,34,35
1111,4,5,6,13,14,15,16,23,24,25,26,34,35,36
1112,4,5,6,13,14,15,16,23,24,25,26,34,35,36
1113,4,5,6,13,14,15,16,23,24,25,26,34,35,36
1114,4,5,6,13,14,15,16,23,24,25,26,34,35,36
1115,4,5,6,13,14,15,16,23,24,25,26,34,35,36
1116,4,5,6,13,14,15,16,23,24,25,26,34,35,36
1117,4,5,6,13,14,15,16,23,24,25,26,34,35,36
1118,4,5,6,13,14,15,16,23,24,25,26,34,35,36
1119,4,5,6,13,14,15,16,23,24,25,26,34,35,36
1120,4,5,6,13,14,15,16,23,24,25,26,34,35,36
1121,4,5,6,13,14,15,16,23,24,25,26,34,35,36
1122,4,5,6,13,14,15,16,23,24,25,26,34,35,36
1123,4,5,6,13,14,15,16,23,24,25,26,34,35,36
1124,4,5,6,13,14,15,16,23,24,25,26,34,35,36
1125,4,5,6,13,14,15,16,23,24,25,26,34,35,36
1126,4,5,6,13,14,15,16,23,24,25,26,34,35,36
1127,4,5,6,13,14,15,16,23,24,25,26,34,35,36
1128,4,5,6,13,14,15,16,23,24,25,26,34,35,36
1129,4,5,6,13,14,15,16,23,24,25,26,34,35,36
1130,4,5,6,13,14,15,16,23,24,25,26,34,35,36
1131,4,5,6,13,14,15,16,24,25,26,34,35,36
1132,4,5,6,13,14,15,16,24,25,26,34,35,36
1133,4,5,6,14,15,16,24,25,26,34,35,36
1134,4,5,6,14,15,16,24,25,26,34,35,36
1135,4,5,6,14,15,16,17,24,25,26,27,34,35,36
1136,4,5,6,14,15,16,17,24,25,26,27,34,35,36
1137,4,5,6,14,15,16,17,24,25,26,27,34,35,36
1138,4,5,6,14,15,16,17,24,25,26,27,34,35,36
1139,4,5,6,14,15,16,17,24,25,26,27,34,35,36
1140,4,5,6,14,15,16,17,24,25,26,27,34,35,36
1141,4,5,6,14,15,16,17,24,25,26,27,34,35,36
1142,4,5,6,14,15,16,17,24,25,26,27,34,35,36
1143,4,5,6,7,14,15,16,17,24,25,26,27,34,35,36
1144,4,5,6,7,14,15,16,17,24,25,26,27,34,35,36
1145,4,5,6,7,14,15,16,17,24,25,26,27,34,35,36
1146,4,5,6,7,14,15,16,17,24,25,26,27,34,35,36
1147,4,5,6,7,14,15,16,17,24,25,26,27,34,35,36
1148,4,5,6,7,14,15,16,17,24,25,26,27,34,35,36
1149,4,5,6,7,14,15,16,17,24,25,26,27,35,36
1150,4,5,6,7,14,15,16,17,24,25,26,27,35,36
1151,4,5,6,7,14,15,16,17,24,25,26,27,35,36
1152,4,5,6,7,14,15,16,17,24,25,26,27,35,36
1153,4,5,6,7,14,15,16,17,24,25,26,27,35,36
1154,4,5,6,7,14,15,16,17,24,25,26,27,35,36
1155,4,5,6,7,14,15,16,17,24,25,26,27,35,36
1156,4,5,6,7,14,15,16,17,24,25,26,27,35,36
1157,4,5,6,7,14,15,16,17,24,25,26,27,35,36
1158,4,5,6,7,14,15,16,17,24,25,26,27,35,36
1159,4,5,6,7,14,15,16,17,24,25,26,27,35,36
1160,4,5,6,7,14,15,16,17,24,25,26,27,35,36
1161,4,5,6,7,14,15,16,17,24,25,26,27,35,36
1162,4,5,6,7,14,15,16,17,24,25,26,27,35,36
1163,4,5,6,7,14,15,16,17,24,25,26,27,35,36
1164,4,5,6,7,14,15,16,17,24,25,26,27,35,36
1165,4,5,6,7,14,15,16,17,24,25,26,27,35,36
1166,4,5,6,7,14,15,16,17,24,25,26,27,35,36
1167,4,5,6,7,14,15,16,17,24,25,26,27,35,36
1168,4,5,6,7,14,15,16,17,24,25,26,27,35,36
1169,4,5,6,7,14,15,16,17,24,25,26,27,35,36
1170,4,5,6,7,14,15,16,17,24,25,26,27,35,36
1171,4,5,6,7,14,15,16,17,24,25,26,27,35,36,37
1172,4,5,6,7,14,15,16,17,24,25,26,27,35,36,37
1173,4,5,6,7,14,15,16,17,24,25,26,27,35,36,37
1174,4,5,6,7,14,15,16,17,24,25,26,27,35,36,37
1175,4,5,6,7,14,15,16,17,24,25,26,27,35,36,37
1176,4,5,6,7,14,15,16,17,24,25,26,27,35,36,37
1177,4,5,6,7,14,15,16,17,18,24,25,26,27,35,36,37
1178,4,5,6,7,14,15,16,17,18,24,25,26,27,35,36,37
1179,4,5,6,7,8,14,15,16,17,18,24,25,26,27,35,36,37
1180,4,5,6,7,8,14,15,16,17,18,24,25,26,27,35,36,37
1181,4,5,6,7,8,14,15,16,17,18,25,26,27,36,37
1182,4,5,6,7,8,14,15,16,17,18,25,26,27,36,37
1183,4,5,6,7,8,14,15,16,17,18,25,26,27,28,36
1184,4,5,6,7,8,14,15,16,17,18,25,26,27,28,36
1185,4,5,6,7,8,14,15,16,17,18,25,26,27,28,36
1186,4,5,6,7,8,14,15,16,17,18,25,26,27,28,36
1187,4,5,6,7,8,14,15,16,17,18,25,26,27,28,36
1188,4,5,6,7,8,14,15,16,17,18,25,26,27,28,36
1189,4,5,6,7,8,14,15,16,17,18,25,26,27,28,36
1190,4,5,6,7,8,14,15,16,17,18,25,26,27,28,36
1191,4,5,6,7,8,14,15,16,17,18,25,26,27,28,36
1192,4,5,6,7,8,14,15,16,17,18,25,26,27,28,36
1193,4,5,6,7,8,14,15,16,17,18,25,26,27,28
1194,4,5,6,7,8,14,15,16,17,18,25,26,27,28
1195,4,5,6,7,8,14,15,16,17,18,25,26,27,28
1196,4,5,6,7,8,14,15,16,17,18,25,26,27,28
1197,4,5,6,7,8,14,15,16,17,18,25,26,27,28
1198,4,5,6,7,8,14,15,16,17,18,25,26,27,28
1199,4,5,6,7,8,14,15,16,17,18,25,26,27,28
1200,4,5,6,7,8,14,15,16,17,18,25,26,27,28
1201,4,5,6,7,8,14,15,16,17,18,25,26,27,28
1202,4,5,6,7,8,14,15,16,17,18,25,26,27,28
1203,4,5,6,7,8,14,15,16,17,18,25,26,27,28,36
1204,4,5,6,7,8,14,15,16,17,18,25,26,27,28,36
1205,4,5,6,7,8,14,15,16,17,18,25,26,27,28,36
1206,4,5,6,7,8,14,15,16,17,18,25,26,27,28,36
1207,4,5,6,7,8,14,15,16,17,18,25,26,27,28,36
1208,4,5,6,7,8,14,15,16,17,18,25,26,27,28,36
1209,4,5,6,7,8,14,15,16,17,18,25,26,27,28,36
1210,4,5,6,7,8,14,15,16,17,18,25,26,27,28,36
1211,4,5,6,7,8,14,15,16,17,18,25,26,27,28,36
1212,4,5,6,7,8,14,15,16,17,18,25,26,27,28,36
1213,4,5,6,7,8,14,15,16,17,18,25,26,27,28,36
1214,4,5,6,7,8,14,15,16,17,18,25,26,27,28,36
1215,4,5,6,7,8,14,15,16,17,18,25,26,27,28,36,37
1216,4,5,6,7,8,14,15,16,17,18,25,26,27,28,36,37
1217,5,6,7,8,15,16,17,18,25,26,27,28,36,37
1218,5,6,7,8,15,16,17,18,25,26,27,28,36,37
1219,5,6,7,8,15,16,17,18,25,26,27,28,36,37
1220,5,6,7,8,15,16,17,18,25,26,27,28,36,37
1221,5,6,7,8,15,16,17,18,25,26,27,28,36,37
1222,5,6,7,8,15,16,17,18,25,26,27,28,36,37
1223,5,6,7,8,15,16,17,18,25,26,27,28,36,37
1224,5,6,7,8,15,16,17,18,25,26,27,28,36,37
1225,5,6,7,8,15,16,17,18,25,26,27,28,36,37
1226,5,6,7,8,15,16,17,18,25,26,27,28,36,37
1227,5,6,7,8,15,16,17,18,25,26,27,28,36,37
1228,5,6,7,8,15,16,17,18,25,26,27,28,36,37
1229,5,6,7,8,15,16,17,18,25,26,27,28,36,37
1230,5,6,7,8,15,16,17,18,25,26,27,28,36,37
1231,5,6,7,8,15,16,17,18,25,26,27,28,36,37
1232,5,6,7,8,15,16,17,18,25,26,27,28,36,37
1233,5,6,7,8,15,16,17,18,25,26,27,28,36,37
1234,5,6,7,8,15,16,17,18,25,26,27,28,36,37
1235,5,6,7,8,15,16,17,18,25,26,27,28,36,37
1236,5,6,7,8,15,16,17,18,25,26,27,28,36,37
1237,5,6,7,8,15,16,17,18,25,26,27,28,36,37
1238,5,6,7,8,15,16,17,18,25,26,27,28,36,37
1239,5,6,7,8,15,16,17,18,25,26,27,28,36,37
1240,5,6,7,8,15,16,17,18,25,26,27,28,36,37
1241,5,6,7,8,15,16,17,18,25,26,27,28,36,37
1242,5,6,7,8,15,16,17,18,25,26,27,28,36,37
1243,5,6,7,8,15,16,17,18,25,26,27,28,36,37
1244,5,6,7,8,15,16,17,18,25,26,27,28,36,37
1245,5,6,7,8,15,16,17,18,25,26,27,28,36,37
1246,5,6,7,8,15,16,17,18,25,26,27,28,36,37
1247,5,6,7,8,15,16,17,18,25,26,27,28,36,37
1248,5,6,7,8,15,16,17,18,25,26,27,28,36,37
1249,5,6,7,8,15,16,17,18,25,26,27,28,36,37
1250,5,6,7,8,15,16,17,18,25,26,27,28,36,37
1251,5,6,7,8,15,16,17,18,25,26,27,28,36,37,38
1252,5,6,7,8,15,16,17,18,25,26,27,28,36,37,38
1253,5,6,7,8,15,16,17,18,25,26,27,28,36,37,38
1254,5,6,7,8,15,16,17,18,25,26,27,28,36,37,38
1255,6,7,8,15,16,17,18,25,26,27,28,36,37,38
1256,6,7,8,15,16,17,18,25,26,27,28,36,37,38
1257,6,7,8,15,16,17,18,25,26,27,28,36,37,38
1258,6,7,8,15,16,17,18,25,26,27,28,36,37,38
1259,6,7,8,15,16,17,18,25,26,27,28,36,37,38
1260,6,7,8,15,16,17,18,25,26,27,28,36,37,38
1261,6,7,8,15,16,17,18,25,26,27,28,36,37,38
1262,6,7,8,15,16,17,18,25,26,27,28,36,37,38
1263,6,7,8,15,16,17,18,25,26,27,28,36,37,38
1264,6,7,8,15,16,17,18,25,26,27,28,36,37,38
1265,6,7,8,15,16,17,18,25,26,27,28,36,37,38
1266,6,7,8,15,16,17,18,25,26,27,28,36,37,38
1267,6,7,8,15,16,17,18,25,26,27,28,36,37,38
1268,6,7,8,15,16,17,18,25,26,27,28,36,37,38
1269,6,7,8,15,16,17,18,25,26,27,28,36,37,38
1270,6,7,8,15,16,17,18,25,26,27,28,36,37,38
1271,6,7,8,15,16,17,18,25,26,27,28,36,37,38
1272,6,7,8,15,16,17,18,25,26,27,28,36,37,38
1273,6,7,8,15,16,17,18,25,26,27,28,36,37,38
1274,6,7,8,15,16,17,18,25,26,27,28,36,37,38
1275,6,7,8,15,16,17,18,25,26,27,28,36,37,38
1276,6,7,8,15,16,17,18,25,26,27,28,36,37,38
1277,6,7,8,15,16,17,18,25,26,27,28,36,37,38
1278,6,7,8,15,16,17,18,25,26,27,28,36,37,38
1279,6,7,8,15,16,17,18,25,26,27,28,36,37,38
1280,6,7,8,15,16,17,18,25,26,27,28,36,37,38
1281,6,7,8,15,16,17,18,25,26,27,28,36,37,38
1282,6,7,8,15,16,17,18,25,26,27,28,36,37,38
1283,6,7,8,15,16,17,18,25,26,27,28,36,37,38
1284,6,7,8,15,16,17,18,25,26,27,28,36,37,38
1285,6,7,8,15,16,17,18,25,26,27,28,36,37,38
1286,6,7,8,15,16,17,18,25,26,27,28,36,37,38
1287,6,7,8,15,16,17,18,25,26,27,28,36,37,38
1288,6,7,8,15,16,17,18,25,26,27,28,36,37,38
1289,6,7,8,15,16,17,18,25,26,27,28,36,37,38
1290,6,7,8,15,16,17,18,25,26,27,28,36,37,38
1291,6,7,8,15,16,17,18,25,26,27,28,36,37,38
1292,6,7,8,15,16,17,18,25,26,27,28,36,37,38
1293,6,7,8,15,16,17,18,25,26,27,28,36,37,38
1294,6,7,8,15,16,17,18,25,26,27,28,36,37,38
1295,6,7,8,15,16,17,18,25,26,27,28,36,37,38
1296,6,7,8,15,16,17,18,25,26,27,28,36,37,38
1297,6,7,8,15,16,17,18,25,26,27,28,36,37,38
1298,6,7,8,15,16,17,18,25,26,27,28,36,37,38
1299,6,7,8,15,16,17,18,25,26,27,28,36,37,38
1300,6,7,8,15,16,17,18,25,26,27,28,36,37,38
1301,6,7,8,15,16,17,18,25,26,27,28,36,37,38
1302,6,7,8,15,16,17,18,25,26,27,28,36,37,38
1303,6,7,8,15,16,17,18,25,26,27,28,36,37,38
1304,6,7,8,15,16,17,18,25,26,27,28,36,37,38
1305,6,7,8,15,16,17,18,25,26,27,28,36,37,38
1306,6,7,8,15,16,17,18,25,26,27,28,36,37,38
1307,6,7,8,15,16,17,18,25,26,27,28,36,37,38
1308,6,7,8,15,16,17,18,25,26,27,28,36,37,38
1309,6,7,8,15,16,17,18,25,26,27,28,36,37,38
1310,6,7,8,15,16,17,18,25,26,27,28,36,37,38
1311,6,7,8,15,16,17,18,25,26,27,28,36,37,38
1312,6,7,8,15,16,17,18,25,26,27,28,36,37,38
1313,6,7,8,15,16,17,18,25,26,27,28,36,37,38
1314,6,7,8,15,16,17,18,25,26,27,28,36,37,38
1315,6,7,8,15,16,17,18,25,26,27,28,36,37,38
1316,6,7,8,15,16,17,18,25,26,27,28,36,37,38
1317,6,7,8,15,16,17,18,25,26,27,28,36,37,38
1318,6,7,8,15,16,17,18,25,26,27,28,36,37,38
1319,6,7,8,15,16,17,18,25,26,27,28,36,37,38
1320,6,7,8,15,16,17,18,25,26,27,28,36,37,38
1321,6,7,8,15,16,17,18,25,26,27,28,36,37,38
1322,6,7,8,15,16,17,18,25,26,27,28,36,37,38
1323,6,7,8,15,16,17,18,25,26,27,28,36,37,38
1324,6,7,8,15,16,17,18,25,26,27,28,36,37,38
1325,6,7,8,15,16,17,18,25,26,27,28,36,37,38
1326,6,7,8,15,16,17,18,25,26,27,28,36,37,38
1327,6,7,8,15,16,17,18,25,26,27,28,36,37,38
1328,6,7,8,15,16,17,18,25,26,27,28,36,37,38
1329,6,7,8,15,16,17,18,25,26,27,28,36,37,38
1330,6,7,8,15,16,17,18,25,26,27,28,36,37,38
1331,6,7,8,15,16,17,18,25,26,27,28,36,37,38
1332,6,7,8,15,16,17,18,25,26,27,28,36,37,38
1333,6,7,8,15,16,17,18,25,26,27,28,36,37,38
1334,6,7,8,15,16,17,18,25,26,27,28,36,37,38
1335,6,7,8,15,16,17,18,25,26,27,28,36,37,38
1336,6,7,8,15,16,17,18,25,26,27,28,36,37,38
1337,6,7,8,15,16,17,18,25,26,27,28,36,37,38
1338,6,7,8,15,16,17,18,25,26,27,28,36,37,38
1339,6,7,8,15,16,17,18,25,26,27,28,36,37,38
1340,6,7,8,15,16,17,18,25,26,27,28,36,37,38
1341,6,7,8,15,16,17,18,25,26,27,28,36,37,38
1342,6,7,8,15,16,17,18,25,26,27,28,36,37,38
1343,6,7,8,15,16,17,18,25,26,27,28,36,37,38
1344,6,7,8,15,16,17,18,25,26,27,28,36,37,38
1345,6,7,8,15,16,17,18,25,26,27,28,36,37,38
1346,6,7,8,15,16,17,18,25,26,27,28,36,37,38
1347,6,7,8,15,16,17,18,25,26,27,28,36,37,38
1348,6,7,8,15,16,17,18,25,26,27,28,36,37,38
1349,6,7,8,15,16,17,18,25,26,27,28,36,37,38
1350,6,7,8,15,16,17,18,25,26,27,28,36,37,38
1351,6,7,8,15,16,17,18,25,26,27,28,36,37,38
1352,6,7,8,15,16,17,18,25,26,27,28,36,37,38
1353,6,7,8,15,16,17,18,25,26,27,28,36,37,38
1354,6,7,8,15,16,17,18,25,26,27,28,36,37,38
1355,6,7,8,15,16,17,18,25,26,27,28,36,37,38
1356,6,7,8,15,16,17,18,25,26,27,28,36,37,38
1357,6,7,8,15,16,17,18,26,27,28,36,37,38
1358,6,7,8,15,16,17,18,26,27,28,36,37,38
1359,6,7,8,16,17,18,19,26,27,28,36,37,38
1360,6,7,8,16,17,18,19,26,27,28,36,37,38
1361,6,7,8,16,17,18,19,26,27,28,29,36,37,38
1362,6,7,8,16,17,18,19,26,27,28,29,36,37,38
1363,6,7,8,16,17,18,19,26,27,28,29,36,37,38
1364,6,7,8,16,17,18,19,26,27,28,29,36,37,38
1365,6,7,8,16,17,18,19,26,27,28,29,36,37,38
1366,6,7,8,16,17,18,19,26,27,28,29,36,37,38
1367,6,7,8,16,17,18,19,26,27,28,29,36,37,38
1368,6,7,8,16,17,18,19,26,27,28,29,36,37,38
1369,6,7,8,16,17,18,19,26,27,28,29,36,37,38
1370,6,7,8,16,17,18,19,26,27,28,29,36,37,38
1371,6,7,8,16,17,18,19,26,27,28,29,36,37,38
1372,6,7,8,16,17,18,19,26,27,28,29,36,37,38
1373,6,7,8,16,17,18,19,26,27,28,29,36,37,38
1374,6,7,8,16,17,18,19,26,27,28,29,36,37,38
1375,6,7,8,16,17,18,19,26,27,28,29,36,37,38
1376,6,7,8,16,17,18,19,26,27,28,29,36,37,38
1377,6,7,8,16,17,18,19,26,27,28,29,36,37,38
1378,6,7,8,16,17,18,19,26,27,28,29,36,37,38
1379,6,7,8,16,17,18,19,26,27,28,29,36,37,38
1380,6,7,8,16,17,18,19,26,27,28,29,36,37,38
1381,6,7,8,16,17,18,19,26,27,28,29,36,37,38
1382,6,7,8,16,17,18,19,26,27,28,29,36,37,38
1383,6,7,8,16,17,18,19,26,27,28,29,36,37,38
1384,6,7,8,16,17,18,19,26,27,28,29,36,37,38
1385,6,7,8,16,17,18,19,26,27,28,29,36,37,38
1386,6,7,8,16,17,18,19,26,27,28,29,36,37,38
1387,6,7,8,16,17,18,19,26,27,28,29,36,37,38
1388,6,7,8,16,17,18,19,26,27,28,29,36,37,38
1389,6,7,8,16,17,18,19,26,27,28,29,36,37,38
1390,6,7,8,16,17,18,19,26,27,28,29,36,37,38
1391,6,7,8,16,17,18,19,26,27,28,29,36,37,38
1392,6,7,8,16,17,18,19,26,27,28,29,36,37,38
1393,6,7,8,16,17,18,19,26,27,28,29,36,37,38
1394,6,7,8,16,17,18,19,26,27,28,29,36,37,38
1395,6,7,8,16,17,18,19,26,27,28,29,36,37,38
1396,6,7,8,16,17,18,19,26,27,28,29,36,37,38
1397,6,7,8,16,17,18,19,26,27,28,29,36,37,38
1398,6,7,8,16,17,18,19,26,27,28,29,36,37,38
1399,6,7,8,16,17,18,19,26,27,28,29,36,37,38
1400,6,7,8,16,17,18,19,26,27,28,29,36,37,38
1401,6,7,8,16,17,18,19,26,27,28,29,36,37,38
1402,6,7,8,16,17,18,19,26,27,28,29,36,37,38
1403,6,7,8,16,17,18,19,26,27,28,29,36,37,38
1404,6,7,8,16,17,18,19,26,27,28,29,36,37,38
1405,6,7,8,16,17,18,19,26,27,28,29,36,37,38
1406,6,7,8,16,17,18,19,26,27,28,29,36,37,38
1407,6,7,8,16,17,18,19,26,27,28,29,36,37,38
1408,6,7,8,16,17,18,19,26,27,28,29,36,37,38
1409,6,7,8,16,17,18,19,26,27,28,29,36,37,38
1410,6,7,8,16,17,18,19,26,27,28,29,36,37,38
1411,6,7,8,16,17,18,19,26,27,28,29,36,37,38
1412,6,7,8,16,17,18,19,26,27,28,29,36,37,38
1413,6,7,8,16,17,18,19,26,27,28,29,36,37,38
1414,6,7,8,16,17,18,19,26,27,28,29,36,37,38
1415,6,7,8,16,17,18,19,26,27,28,29,36,37,38
1416,6,7,8,16,17,18,19,26,27,28,29,36,37,38
1417,6,7,8,16,17,18,19,26,27,28,29,36,37,38
1418,6,7,8,16,17,18,19,26,27,28,29,36,37,38
1419,6,7,8,16,17,18,19,26,27,28,29,36,37,38
1420,6,7,8,16,17,18,19,26,27,28,29,36,37,38
1421,6,7,8,16,17,18,19,26,27,28,29,36,37,38
1422,6,7,8,16,17,18,19,26,27,28,29,36,37,38
1423,6,7,8,16,17,18,19,26,27,28,29,36,37,38
1424,6,7,8,16,17,18,19,26,27,28,29,36,37,38
1425,6,7,8,16,17,18,19,26,27,28,29,36,37,38
1426,6,7,8,16,17,18,19,26,27,28,29,36,37,38
1427,6,7,8,16,17,18,19,26,27,28,29,36,37,38
1428,6,7,8,16,17,18,19,26,27,28,29,36,37,38
1429,6,7,8,16,17,18,19,26,27,28,29,36,37,38
1430,6,7,8,16,17,18,19,26,27,28,29,36,37,38
1431,6,7,8,16,17,18,19,26,27,28,29,36,37,38
1432,6,7,8,16,17,18,19,26,27,28,29,36,37,38
1433,6,7,8,16,17,18,19,26,27,28,29,36,37,38
1434,6,7,8,16,17,18,19,26,27,28,29,36,37,38
1435,6,7,8,16,17,18,19,26,27,28,29,36,37,38
1436,6,7,8,16,17,18,19,26,27,28,29,36,37,38
1437,6,7,8,16,17,18,19,26,27,28,29,36,37,38
1438,6,7,8,16,17,18,19,26,27,28,29,36,37,38
1439,6,7,8,16,17,18,19,26,27,28,29,36,37,38
1440,6,7,8,16,17,18,19,26,27,28,29,36,37,38
1441,6,7,8,16,17,18,19,26,27,28,29,36,37,38
1442,6,7,8,16,17,18,19,26,27,28,29,36,37,38
1443,6,7,8,16,17,18,19,26,27,28,29,36,37,38
1444,6,7,8,16,17,18,19,26,27,28,29,36,37,38
1445,6,7,8,16,17,18,19,26,27,28,29,36,37,38
1446,6,7,8,16,17,18,19,26,27,28,29,36,37,38
1447,6,7,8,16,17,18,19,26,27,28,29,36,37,38
1448,6,7,8,16,17,18,19,26,27,28,29,36,37,38
1449,6,7,8,16,17,18,19,26,27,28,29,36,37,38
1450,6,7,8,16,17,18,19,26,27,28,29,36,37,38
1451,6,7,8,16,17,18,19,26,27,28,29,36,37,38
1452,6,7,8,16,17,18,19,26,27,28,29,36,37,38
1453,6,7,8,16,17,18,19,26,27,28,29,36,37,38
1454,6,7,8,16,17,18,19,26,27,28,29,36,37,38
1455,6,7,8,16,17,18,19,26,27,28,29,36,37,38
1456,6,7,8,16,17,18,19,26,27,28,29,36,37,38
1457,6,7,8,16,17,18,19,26,27,28,29,36,37,38
1458,6,7,8,16,17,18,19,26,27,28,29,36,37,38
1459,6,7,8,16,17,18,19,26,27,28,29,36,37,38
1460,6,7,8,16,17,18,19,26,27,28,29,36,37,38
1461,6,7,8,16,17,18,19,26,27,28,29,36,37,38
1462,6,7,8,16,17,18,19,26,27,28,29,36,37,38
1463,6,7,8,16,17,18,19,26,27,28,29,36,37,38
1464,6,7,8,16,17,18,19,26,27,28,29,36,37,38
1465,6,7,8,16,17,18,19,26,27,28,29,36,37,38
1466,6,7,8,16,17,18,19,26,27,28,29,36,37,38
1467,6,7,8,16,17,18,19,26,27,28,29,36,37,38
1468,6,7,8,16,17,18,19,26,27,28,29,36,37,38
1469,6,7,8,16,17,18,19,26,27,28,29,36,37,38
1470,6,7,8,16,17,18,19,26,27,28,29,36,37,38
1471,6,7,8,16,17,18,19,26,27,28,29,36,37,38
1472,6,7,8,16,17,18,19,26,27,28,29,36,37,38
1473,6,7,8,16,17,18,19,26,27,28,29,36,37,38
1474,6,7,8,16,17,18,19,26,27,28,29,36,37,38
1475,6,7,8,16,17,18,19,26,27,28,29,36,37,38
1476,6,7,8,16,17,18,19,26,27,28,29,36,37,38
1477,6,7,8,16,17,18,19,26,27,28,29,36,37,38
1478,6,7,8,16,17,18,19,26,27,28,29,36,37,38
1479,6,7,8,16,17,18,19,26,27,28,29,36,37,38
1480,6,7,8,16,17,18,19,26,27,28,29,36,37,38
1481,6,7,8,16,17,18,19,26,27,28,29,36,37,38
1482,6,7,8,16,17,18,19,26,27,28,29,36,37,38
1483,6,7,8,16,17,18,19,26,27,28,29,36,37,38
1484,6,7,8,16,17,18,19,26,27,28,29,36,37,38
1485,6,7,8,16,17,18,19,26,27,28,29,36,37,38
1486,6,7,8,16,17,18,19,26,27,28,29,36,37,38
1487,6,7,8,16,17,18,19,26,27,28,29,36,37,38
1488,6,7,8,16,17,18,19,26,27,28,29,36,37,38
1489,6,7,8,16,17,18,19,26,27,28,29,36,37,38
1490,6,7,8,16,17,18,19,26,27,28,29,36,37,38
1491,6,7,8,16,17,18,19,26,27,28,29,36,37,38
1492,6,7,8,16,17,18,19,26,27,28,29,36,37,38
1493,6,7,8,16,17,18,26,27,28,36,37,38
1494,6,7,8,16,17,18,26,27,28,36,37,38
1495,6,7,8,15,16,17,18,25,26,27,28,36,37,38
1496,6,7,8,15,16,17,18,25,26,27,28,36,37,38
1497,6,7,8,15,16,17,18,25,26,27,28,36,37,38
1498,6,7,8,15,16,17,18,25,26,27,28,36,37,38
1499,6,7,8,15,16,17,18,25,26,27,28,36,37,38
1500,6,7,8,15,16,17,18,25,26,27,28,36,37,38
1501,6,7,8,15,16,17,18,25,26,27,28,36,37,38
1502,6,7,8,15,16,17,18,25,26,27,28,36,37,38
1503,6,7,15,16,17,18,25,26,27,28,35,36,37
1504,6,7,15,16,17,18,25,26,27,28,35,36,37
1505,6,7,15,16,17,18,25,26,27,28,35,36,37
1506,6,7,15,16,17,18,25,26,27,28,35,36,37
1507,6,7,15,16,17,18,25,26,27,28,35,36,37
1508,6,7,15,16,17,18,25,26,27,28,35,36,37
1509,6,7,15,16,17,18,25,26,27,28,35,36,37
1510,6,7,15,16,17,18,25,26,27,28,35,36,37
1511,6,7,15,16,17,18,25,26,27,28,35,36,37
1512,6,7,15,16,17,18,25,26,27,28,35,36,37
1513,6,7,15,16,17,18,25,26,27,28,35,36,37
1514,6,7,15,16,17,18,25,26,27,28,35,36,37
1515,6,7,15,16,17,18,25,26,27,28,35,36,37
1516,6,7,15,16,17,18,25,26,27,28,35,36,37
1517,6,7,15,16,17,18,25,26,27,28,35,36,37
1518,6,7,15,16,17,18,25,26,27,28,35,36,37
1519,6,7,15,16,17,18,25,26,27,28,35,36,37
1520,6,7,15,16,17,18,25,26,27,28,35,36,37
1521,6,7,15,16,17,18,25,26,27,28,35,36,37
1522,6,7,15,16,17,18,25,26,27,28,35,36,37
1523,6,7,15,16,17,25,26,27,28,35,36,37
1524,6,7,15,16,17,25,26,27,28,35,36,37
1525,6,7,15,16,17,25,26,27,35,36,37
1526,6,7,15,16,17,25,26,27,35,36,37
1527,6,7,15,16,17,25,26,27,35,36,37
1528,6,7,15,16,17,25,26,27,35,36,37
1529,6,7,15,16,17,25,26,27,35,36,37
1530,6,7,15,16,17,25,26,27,35,36,37
1531,6,7,15,16,17,25,26,27,35,36,37
1532,6,7,15,16,17,25,26,27,35,36,37
1533,6,7,15,16,17,25,26,27,35,36,37
1534,6,7,15,16,17,25,26,27,35,36,37
1535,6,7,15,16,17,25,26,27,35,36,37
1536,6,7,15,16,17,25,26,27,35,36,37
1537,6,7,15,16,17,25,26,27,35,36,37
1538,6,7,15,16,17,25,26,27,35,36,37
1539,6,7,15,16,17,25,26,27,35,36,37
1540,6,7,15,16,17,25,26,27,35,36,37
1541,6,7,15,16,17,25,26,27,35,36,37
1542,6,7,15,16,17,25,26,27,35,36,37
1543,6,7,15,16,17,25,26,27,35,36,37
1544,6,7,15,16,17,25,26,27,35,36,37
1545,6,7,15,16,17,25,26,27,35,36,37
1546,6,7,15,16,17,25,26,27,35,36,37
1547,6,7,15,16,17,25,26,27,35,36,37
1548,6,7,15,16,17,25,26,27,35,36,37
1549,6,7,15,16,17,25,26,27,35,36,37
1550,6,7,15,16,17,25,26,27,35,36,37
1551,6,7,15,16,17,25,26,27,35,36,37
1552,6,7,15,16,17,25,26,27,35,36,37
1553,6,7,15,16,17,25,26,27,35,36,37
1554,6,7,15,16,17,25,26,27,35,36,37
1555,6,7,15,16,17,25,26,27,35,36,37
1556,6,7,15,16,17,25,26,27,35,36,37
1557,6,7,15,16,17,25,26,27,35,36,37
1558,6,7,15,16,17,25,26,27,35,36,37
1559,6,7,15,16,17,25,26,27,35,36,37
1560,6,7,15,16,17,25,26,27,35,36,37
1561,6,7,15,16,17,25,26,27,35,36,37
1562,6,7,15,16,17,25,26,27,35,36,37
1563,5,6,7,14,15,16,17,24,25,26,27,35,36,37
1564,5,6,7,14,15,16,17,24,25,26,27,35,36,37
1565,5,6,7,14,15,16,17,24,25,26,27,35,36,37
1566,5,6,7,14,15,16,17,24,25,26,27,35,36,37
1567,5,6,7,14,15,16,17,24,25,26,27,35,36,37
1568,5,6,7,14,15,16,17,24,25,26,27,35,36,37
1569,5,6,7,14,15,16,17,24,25,26,27,35,36,37
1570,5,6,7,14,15,16,17,24,25,26,27,35,36,37
1571,5,6,7,14,15,16,17,24,25,26,27,35,36,37
1572,5,6,7,14,15,16,17,24,25,26,27,35,36,37
1573,5,6,7,14,15,16,17,24,25,26,27,35,36,37
1574,5,6,7,14,15,16,17,24,25,26,27,35,36,37
1575,5,6,7,14,15,16,17,24,25,26,27,35,36,37
1576,5,6,7,14,15,16,17,24,25,26,27,35,36,37
1577,5,6,14,15,16,17,24,25,26,27,34,35,36,37
1578,5,6,14,15,16,17,24,25,26,27,34,35,36,37
1579,5,6,14,15,16,17,24,25,26,27,34,35,36,37
1580,5,6,14,15,16,17,24,25,26,27,34,35,36,37
1581,5,6,14,15,16,17,24,25,26,27,34,35,36
1582,5,6,14,15,16,17,24,25,26,27,34,35,36
1583,5,6,14,15,16,17,24,25,26,27,34,35,36
1584,5,6,14,15,16,17,24,25,26,27,34,35,36
1585,5,6,14,15,16,17,24,25,26,27,34,35,36
1586,5,6,14,15,16,17,24,25,26,27,34,35,36
1587,5,6,14,15,16,17,24,25,26,27,34,35,36
1588,5,6,14,15,16,17,24,25,26,27,34,35,36
1589,5,6,14,15,16,17,24,25,26,27,34,35,36
1590,5,6,14,15,16,17,24,25,26,27,34,35,36
1591,5,6,14,15,16,17,24,25,26,27,34,35,36
1592,5,6,14,15,16,17,24,25,26,27,34,35,36
1593,5,6,14,15,16,17,24,25,26,27,34,35,36
1594,5,6,14,15,16,17,24,25,26,27,34,35,36
1595,5,6,14,15,16,17,24,25,26,27,34,35,36
1596,5,6,14,15,16,17,24,25,26,27,34,35,36
1597,5,6,14,15,16,17,24,25,26,27,34,35,36
1598,5,6,14,15,16,17,24,25,26,27,34,35,36
1599,5,6,14,15,16,17,24,25,26,27,34,35,36
1600,5,6,14,15,16,17,24,25,26,27,34,35,36
1601,5,6,14,15,16,17,24,25,26,27,34,35,36
1602,5,6,14,15,16,17,24,25,26,27,34,35,36
1603,5,6,14,15,16,17,24,25,26,27,34,35,36
1604,5,6,14,15,16,17,24,25,26,27,34,35,36
1605,5,6,14,15,16,17,24,25,26,27,34,35,36
1606,5,6,14,15,16,17,24,25,26,27,34,35,36
1607,5,6,14,15,16,17,24,25,26,27,34,35,36
1608,5,6,14,15,16,17,24,25,26,27,34,35,36
1609,5,6,14,15,16,17,24,25,26,27,34,35,36
1610,5,6,14,15,16,17,24,25,26,27,34,35,36
1611,5,6,14,15,16,17,24,25,26,27,34,35,36
1612,5,6,14,15,16,17,24,25,26,27,34,35,36
1613,5,6,14,15,16,17,24,25,26,27,34,35,36
1614,5,6,14,15,16,17,24,25,26,27,34,35,36
1615,5,6,14,15,16,17,24,25,26,27,34,35,36
1616,5,6,14,15,16,17,24,25,26,27,34,35,36
1617,5,6,14,15,16,24,25,26,34,35,36
1618,5,6,14,15,16,24,25,26,34,35,36
1619,5,6,14,15,16,24,25,26,34,35,36
1620,5,6,14,15,16,24,25,26,34,35,36
1621,5,6,14,15,16,24,25,26,34,35,36
1622,5,6,14,15,16,24,25,26,34,35,36
1623,4,5,6,14,15,16,24,25,26,34,35,36
1624,4,5,6,14,15,16,24,25,26,34,35,36
1625,4,5,6,14,15,16,24,25,26,34,35,36
1626,4,5,6,14,15,16,24,25,26,34,35,36
1627,4,5,6,13,14,15,16,23,24,25,26,34,35,36
1628,4,5,6,13,14,15,16,23,24,25,26,34,35,36
1629,4,5,6,13,14,15,16,23,24,25,26,34,35,36
1630,4,5,6,13,14,15,16,23,24,25,26,34,35,36
1631,4,5,6,13,14,15,16,23,24,25,26,34,35,36
1632,4,5,6,13,14,15,16,23,24,25,26,34,35,36
1633,4,5,6,13,14,15,16,23,24,25,26,34,35,36
1634,4,5,6,13,14,15,16,23,24,25,26,34,35,36
1635,4,5,6,13,14,15,16,23,24,25,26,34,35,36
1636,4,5,6,13,14,15,16,23,24,25,26,34,35,36
1637,4,5,6,13,14,15,16,23,24,25,26,34,35,36
1638,4,5,6,13,14,15,16,23,24,25,26,34,35,36
1639,4,5,6,13,14,15,16,23,24,25,26,34,35,36
1640,4,5,6,13,14,15,16,23,24,25,26,34,35,36
1641,4,5,6,13,14,15,16,23,24,25,26,34,35,36
1642,4,5,6,13,14,15,16,23,24,25,26,34,35,36
1643,4,5,6,13,14,15,16,23,24,25,26,34,35,36
1644,4,5,6,13,14,15,16,23,24,25,26,34,35,36
1645,4,5,6,13,14,15,16,23,24,25,26,34,35,36
1646,4,5,6,13,14,15,16,23,24,25,26,34,35,36
1647,4,5,6,13,14,15,16,23,24,25,26,34,35,36
1648,4,5,6,13,14,15,16,23,24,25,26,34,35,36
1649,4,5,6,13,14,15,16,23,24,25,26,34,35,36
1650,4,5,6,13,14,15,16,23,24,25,26,34,35,36
1651,4,5,6,13,14,15,16,23,24,25,26,34,35,36
1652,4,5,6,13,14,15,16,23,24,25,26,34,35,36
1653,4,5,6,13,14,15,16,23,24,25,26,34,35,36
1654,4,5,6,13,14,15,16,23,24,25,26,34,35,36
1655,4,5,6,13,14,15,16,23,24,25,26,34,35,36
1656,4,5,6,13,14,15,16,23,24,25,26,34,35,36
1657,4,5,6,13,14,15,16,23,24,25,26,34,35,36
1658,4,5,6,13,14,15,16,23,24,25,26,34,35,36
1659,4,5,6,13,14,15,16,23,24,25,26,34,35,36
1660,4,5,6,13,14,15,16,23,24,25,26,34,35,36
1661,4,5,6,13,14,15,16,23,24,25,26,34,35,36
1662,4,5,6,13,14,15,16,23,24,25,26,34,35,36
1663,4,5,6,13,14,15,16,23,24,25,26,34,35,36
1664,4,5,6,13,14,15,16,23,24,25,26,34,35,36
1665,4,5,6,13,14,15,16,23,24,25,26,34,35,36
1666,4,5,6,13,14,15,16,23,24,25,26,34,35,36
1667,4,5,6,13,14,15,16,23,24,25,26,34,35,36
1668,4,5,6,13,14,15,16,23,24,25,26,34,35,36
1669,4,5,6,13,14,15,16,23,24,25,26,34,35,36
1670,4,5,6,13,14,15,16,23,24,25,26,34,35,36
1671,4,5,6,13,14,15,16,23,24,25,26,34,35,36
1672,4,5,6,13,14,15,16,23,24,25,26,34,35,36
1673,4,5,6,13,14,15,16,23,24,25,26,34,35,36
1674,4,5,6,13,14,15,16,23,24,25,26,34,35,36
1675,4,5,6,13,14,15,16,23,24,25,26,34,35,36
1676,4,5,6,13,14,15,16,23,24,25,26,34,35,36
1677,4,5,6,13,14,15,16,23,24,25,26,34,35,36
1678,4,5,6,13,14,15,16,23,24,25,26,34,35,36
1679,4,5,6,13,14,15,16,23,24,25,26,34,35,36
1680,4,5,6,13,14,15,16,23,24,25,26,34,35,36
1681,4,5,6,13,14,15,16,23,24,25,26,34,35,36
1682,4,5,6,13,14,15,16,23,24,25,26,34,35,36
1683,4,5,6,13,14,15,16,23,24,25,26,34,35,36
1684,4,5,6,13,14,15,16,23,24,25,26,34,35,36
1685,4,5,6,13,14,15,16,23,24,25,26,34,35,36
1686,4,5,6,13,14,15,16,23,24,25,26,34,35,36
1687,4,5,6,13,14,15,16,23,24,25,26,34,35,36
1688,4,5,6,13,14,15,16,23,24,25,26,34,35,36
1689,4,5,13,14,15,16,23,24,25,26,33,34,35
1690,4,5,13,14,15,16,23,24,25,26,33,34,35
1691,4,5,13,14,15,16,23,24,25,26,33,34,35
1692,4,5,13,14,15,16,23,24,25,26,33,34,35
1693,4,5,13,14,15,16,23,24,25,26,33,34,35
1694,4,5,13,14,15,16,23,24,25,26,33,34,35
1695,4,5,13,14,15,16,23,24,25,26,33,34,35
1696,4,5,13,14,15,16,23,24,25,26,33,34,35
1697,4,5,13,14,15,16,23,24,25,26,33,34,35
1698,4,5,13,14,15,16,23,24,25,26,33,34,35
1699,4,5,13,14,15,16,23,24,25,26,33,34,35
1700,4,5,13,14,15,16,23,24,25,26,33,34,35
1701,4,5,6,13,14,15,16,23,24,25,26,33,34,35
1702,4,5,6,13,14,15,16,23,24,25,26,33,34,35
1703,4,5,6,13,14,15,16,23,24,25,26,33,34,35
1704,4,5,6,13,14,15,16,23,24,25,26,33,34,35
1705,4,5,6,13,14,15,16,23,24,25,26,33,34,35
1706,4,5,6,13,14,15,16,23,24,25,26,33,34,35
1707,4,5,6,13,14,15,16,23,24,25,26,33,34,35
1708,4,5,6,13,14,15,16,23,24,25,26,33,34,35
1709,4,5,6,13,14,15,16,23,24,25,26,33,34,35
1710,4,5,6,13,14,15,16,23,24,25,26,33,34,35
1711,4,5,6,13,14,15,16,23,24,25,26,33,34,35
1712,4,5,6,13,14,15,16,23,24,25,26,33,34,35
1713,4,5,6,13,14,15,16,23,24,25,26,33,34,35
1714,4,5,6,13,14,15,16,23,24,25,26,33,34,35
1715,4,5,6,13,14,15,16,23,24,25,26,33,34,35
1716,4,5,6,13,14,15,16,23,24,25,26,33,34,35
1717,4,5,6,13,14,15,16,23,24,25,26,33,34,35
1718,4,5,6,13,14,15,16,23,24,25,26,33,34,35
1719,4,5,6,13,14,15,16,23,24,25,26,33,34,35
1720,4,5,6,13,14,15,16,23,24,25,26,33,34,35
1721,4,5,6,13,14,15,16,23,24,25,26,33,34,35
1722,4,5,6,13,14,15,16,23,24,25,26,33,34,35
1723,4,5,6,13,14,15,16,23,24,25,26,33,34,35
1724,4,5,6,13,14,15,16,23,24,25,26,33,34,35
1725,4,5,6,13,14,15,16,23,24,25,26,33,34,35
1726,4,5,6,13,14,15,16,23,24,25,26,33,34,35
1727,4,5,6,13,14,15,16,23,24,25,26,33,34,35
1728,4,5,6,13,14,15,16,23,24,25,26,33,34,35
1729,4,5,6,13,14,15,16,23,24,25,26,33,34,35
1730,4,5,6,13,14,15,16,23,24,25,26,33,34,35
1731,4,5,6,13,14,15,16,23,24,25,26,33,34,35
1732,4,5,6,13,14,15,16,23,24,25,26,33,34,35
1733,4,5,6,13,14,15,16,23,24,25,26,33,34,35
1734,4,5,6,13,14,15,16,23,24,25,26,33,34,35
1735,4,5,6,13,14,15,16,23,24,25,26,33,34,35
1736,4,5,6,13,14,15,16,23,24,25,26,33,34,35
1737,4,5,6,13,14,15,16,23,24,25,26,33,34,35
1738,4,5,6,13,14,15,16,23,24,25,26,33,34,35
1739,4,5,6,13,14,15,16,23,24,25,26,33,34,35
1740,4,5,6,13,14,15,16,23,24,25,26,33,34,35
1741,4,5,6,13,14,15,16,23,24,25,26,33,34,35
1742,4,5,6,13,14,15,16,23,24,25,26,33,34,35
1743,4,5,6,13,14,15,16,23,24,25,26,34,35
1744,4,5,6,13,14,15,16,23,24,25,26,34,35
1745,4,5,6,13,14,15,16,23,24,25,26,33,34,35
1746,4,5,6,13,14,15,16,23,24,25,26,33,34,35
1747,4,5,6,13,14,15,16,23,24,25,26,33,34,35
1748,4,5,6,13,14,15,16,23,24,25,26,33,34,35
1749,4,5,6,13,14,15,16,23,24,25,26,33,34,35
1750,4,5,6,13,14,15,16,23,24,25,26,33,34,35
1751,4,5,6,13,14,15,16,23,24,25,26,33,34,35
1752,4,5,6,13,14,15,16,23,24,25,26,33,34,35
1753,4,5,6,13,14,15,16,23,24,25,26,33,34,35
1754,4,5,6,13,14,15,16,23,24,25,26,33,34,35
1755,4,5,6,13,14,15,16,23,24,25,26,33,34,35
1756,4,5,6,13,14,15,16,23,24,25,26,33,34,35
1757,4,5,6,13,14,15,16,23,24,25,26,33,34,35
1758,4,5,6,13,14,15,16,23,24,25,26,33,34,35
1759,4,5,6,13,14,15,16,23,24,25,26,33,34,35
1760,4,5,6,13,14,15,16,23,24,25,26,33,34,35
1761,4,5,6,13,14,15,16,23,24,25,26,33,34,35
1762,4,5,6,13,14,15,16,23,24,25,26,33,34,35
1763,4,5,6,13,14,15,16,23,24,25,26,33,34,35
1764,4,5,6,13,14,15,16,23,24,25,26,33,34,35
1765,4,5,6,13,14,15,16,23,24,25,26,33,34,35
1766,4,5,6,13,14,15,16,23,24,25,26,33,34,35
1767,4,5,6,13,14,15,16,23,24,25,26,33,34,35
1768,4,5,6,13,14,15,16,23,24,25,26,33,34,35
1769,4,5,6,13,14,15,16,23,24,25,26,33,34,35
1770,4,5,6,13,14,15,16,23,24,25,26,33,34,35
1771,4,5,13,14,15,16,23,24,25,26,33,34,35
1772,4,5,13,14,15,16,23,24,25,26,33,34,35
1773,4,5,13,14,15,16,23,24,25,26,33,34,35
1774,4,5,13,14,15,16,23,24,25,26,33,34,35
1775,4,5,13,14,15,16,23,24,25,26,33,34,35
1776,4,5,13,14,15,16,23,24,25,26,33,34,35
1777,4,5,13,14,15,16,23,24,25,26,33,34,35
1778,4,5,13,14,15,16,23,24,25,26,33,34,35
1779,4,5,13,14,15,16,23,24,25,26,33,34,35
1780,4,5,13,14,15,16,23,24,25,26,33,34,35
1781,4,5,13,14,15,16,23,24,25,26,33,34,35
1782,4,5,13,14,15,16,23,24,25,26,33,34,35
1783,4,5,13,14,15,16,23,24,25,26,33,34,35
1784,4,5,13,14,15,16,23,24,25,26,33,34,35
1785,4,5,13,14,15,16,23,24,25,26,33,34,35
1786,4,5,13,14,15,16,23,24,25,26,33,34,35
1787,4,5,13,14,15,16,23,24,25,26,33,34,35
1788,4,5,13,14,15,16,23,24,25,26,33,34,35
1789,4,5,13,14,15,16,23,24,25,26,33,34,35
1790,4,5,13,14,15,16,23,24,25,26,33,34,35
1791,3,4,5,13,14,15,16,23,24,25,26,33,34,35
1792,3,4,5,13,14,15,16,23,24,25,26,33,34,35
1793,3,4,5,13,14,15,23,24,25,33,34,35
1794,3,4,5,13,14,15,23,24,25,33,34,35
1795,3,4,5,12,13,14,15,22,23,24,25,33,34,35
1796,3,4,5,12,13,14,15,22,23,24,25,33,34,35
1797,3,4,5,12,13,14,15,22,23,24,25,33,34,35
1798,3,4,5,12,13,14,15,22,23,24,25,33,34,35
1799,3,4,5,12,13,14,15,22,23,24,25,33,34,35
1800,3,4,5,12,13,14,15,22,23,24,25,33,34,35
