1,14,15,16,17,24,25,26,27,34,35,36,37,45,46
2,14,15,16,17,24,25,26,27,34,35,36,37,45,46
3,14,15,16,17,24,25,26,27,34,35,36,37,45,46
4,14,15,16,17,24,25,26,27,34,35,36,37,45,46
5,14,15,16,17,24,25,26,27,34,35,36,37,45,46
6,14,15,16,17,24,25,26,27,34,35,36,37,45,46
7,14,15,16,17,24,25,26,27,34,35,36,37,45,46
8,14,15,16,17,24,25,26,27,34,35,36,37,45,46
9,14,15,16,17,24,25,26,27,34,35,36,37,45,46
10,14,15,16,17,24,25,26,27,34,35,36,37,45,46
11,14,15,16,17,24,25,26,27,34,35,36,37,45,46
12,14,15,16,17,24,25,26,27,34,35,36,37,45,46
13,14,15,16,17,24,25,26,27,34,35,36,37,45,46
14,14,15,16,17,24,25,26,27,34,35,36,37,45,46
15,15,16,17,24,25,26,27,34,35,36,37,45,46,47
16,15,16,17,24,25,26,27,34,35,36,37,45,46,47
17,15,16,17,24,25,26,27,34,35,36,37,45,46,47
18,15,16,17,24,25,26,27,34,35,36,37,45,46,47
19,15,16,17,24,25,26,27,34,35,36,37,45,46,47
20,15,16,17,24,25,26,27,34,35,36,37,45,46,47
21,16,17,25,26,27,35,36,37,45,46,47
22,16,17,25,26,27,35,36,37,45,46,47
23,16,17,25,26,27,35,36,37,38,45,46,47
24,16,17,25,26,27,35,36,37,38,45,46,47
25,16,17,25,26,27,28,34,35,36,37,38,45,46,47
26,16,17,25,26,27,28,34,35,36,37,38,45,46,47
27,16,17,25,26,27,34,35,36,37,38,44,45,46,47,48
28,16,17,25,26,27,34,35,36,37,38,44,45,46,47,48
29,16,24,25,26,27,34,35,36,37,38,44,45,46,47,48
30,16,24,25,26,27,34,35,36,37,38,44,45,46,47,48
31,16,24,25,26,27,34,35,36,37,44,45,46,47
32,16,24,25,26,27,34,35,36,37,44,45,46,47
33,16,24,25,26,27,34,35,36,37,44,45,46,47
34,16,24,25,26,27,34,35,36,37,44,45,46,47
35,24,25,26,27,33,34,35,36,37,43,44,45,46,47
36,24,25,26,27,33,34,35,36,37,43,44,45,46,47
37,23,24,25,26,33,34,35,36,37,43,44,45,46,47
38,23,24,25,26,33,34,35,36,37,43,44,45,46,47
39,23,24,25,26,33,34,35,36,37,43,44,45,46,47
40,23,24,25,26,33,34,35,36,37,43,44,45,46,47
41,23,24,25,26,33,34,35,36,43,44,45,46
42,23,24,25,26,33,34,35,36,43,44,45,46
43,23,24,25,26,33,34,35,36,42,43,44,45,46
44,23,24,25,26,33,34,35,36,42,43,44,45,46
45,14,23,24,25,26,32,33,34,35,36,42,43,44,45,46
46,14,23,24,25,26,32,33,34,35,36,42,43,44,45,46
47,14,23,24,25,32,33,34,35,36,42,43,44,45,46
48,14,23,24,25,32,33,34,35,36,42,43,44,45,46
49,14,22,23,24,25,32,33,34,35,36,42,43,44,45,46
50,14,22,23,24,25,32,33,34,35,36,42,43,44,45,46
51,14,22,23,24,25,32,33,34,35,42,43,44,45
52,14,22,23,24,25,32,33,34,35,42,43,44,45
53,14,22,23,24,25,32,33,34,35,42,43,44,45
54,14,22,23,24,25,32,33,34,35,42,43,44,45
55,13,14,22,23,24,25,32,33,34,35,42,43,44,45
56,13,14,22,23,24,25,32,33,34,35,42,43,44,45
57,13,14,22,23,24,25,32,33,34,35,42,43,44,45
58,13,14,22,23,24,25,32,33,34,35,42,43,44,45
59,13,14,22,23,24,25,32,33,34,35,42,43,44,45
60,13,14,22,23,24,25,32,33,34,35,42,43,44,45
61,13,14,22,23,24,25,32,33,34,35,42,43,44,45
62,13,14,22,23,24,25,32,33,34,35,42,43,44,45
63,13,14,22,23,24,25,32,33,34,35,42,43,44,45
64,13,14,22,23,24,25,32,33,34,35,42,43,44,45
65,22,23,24,25,32,33,34,35,41,42,43,44,45
66,22,23,24,25,32,33,34,35,41,42,43,44,45
67,22,23,24,25,31,32,33,34,35,41,42,43,44,45,46,47,48,49,50
68,22,23,24,25,31,32,33,34,35,41,42,43,44,45,46,47,48,49,50
69,22,23,24,25,31,32,33,34,35,36,41,42,43,44,45,46,47,48,49,50
70,22,23,24,25,31,32,33,34,35,36,41,42,43,44,45,46,47,48,49,50
71,22,23,24,25,31,32,33,34,35,36,41,42,43,44,45,46,47,48,49,50
72,22,23,24,25,31,32,33,34,35,36,41,42,43,44,45,46,47,48,49,50
73,23,24,25,31,32,33,34,35,36,41,42,43,44,45,46,47,48,49,50
74,23,24,25,31,32,33,34,35,36,41,42,43,44,45,46,47,48,49,50
75,23,24,25,31,32,33,34,35,36,41,42,43,44,45,46,47,48,49,50
76,23,24,25,31,32,33,34,35,36,41,42,43,44,45,46,47,48,49,50
77,23,24,25,31,32,33,34,35,36,41,42,43,44,45,46,47,48,49,50
78,23,24,25,31,32,33,34,35,36,41,42,43,44,45,46,47,48,49,50
79,23,24,25,31,32,33,34,35,36,37,41,42,43,44,45,46,47,48,49,50
80,23,24,25,31,32,33,34,35,36,37,41,42,43,44,45,46,47,48,49,50
81,24,25,31,32,33,34,35,36,37,41,42,43,44,45,46,47,48,49,50
82,24,25,31,32,33,34,35,36,37,41,42,43,44,45,46,47,48,49,50
83,24,25,31,32,33,34,35,36,37,41,42,43,44,45,46,47,48,49,50
84,24,25,31,32,33,34,35,36,37,41,42,43,44,45,46,47,48,49,50
85,24,25,32,33,34,35,36,37,41,42,43,44,45,46,47,48,49,50
86,24,25,32,33,34,35,36,37,41,42,43,44,45,46,47,48,49,50
87,24,25,32,33,34,35,36,37,41,42,43,44,45,46,47,48,49,50
88,24,25,32,33,34,35,36,37,41,42,43,44,45,46,47,48,49,50
89,23,24,25,26,32,33,34,35,36,37,41,42,43,44,45,46,47,48,49,50
90,23,24,25,26,32,33,34,35,36,37,41,42,43,44,45,46,47,48,49,50
91,23,24,25,26,32,33,34,35,36,37,41,42,43,44,45,46,47,48,49,50
92,23,24,25,26,32,33,34,35,36,37,41,42,43,44,45,46,47,48,49,50
93,24,25,26,33,34,35,36,37,41,42,43,44,45,46,47,48,49,50
94,24,25,26,33,34,35,36,37,41,42,43,44,45,46,47,48,49,50
95,24,25,26,27,33,34,35,36,37,41,42,43,44,45,46,47,48,49,50
96,24,25,26,27,33,34,35,36,37,41,42,43,44,45,46,47,48,49,50
97,24,25,26,27,33,34,35,36,37,41,42,43,44,45,46,47,48,49,50
98,24,25,26,27,33,34,35,36,37,41,42,43,44,45,46,47,48,49,50
99,24,25,26,27,34,35,36,37,38,41,42,43,44,45,46,47,48,49,50
100,24,25,26,27,34,35,36,37,38,41,42,43,44,45,46,47,48,49,50
101,25,26,27,34,35,36,37,38,44,45,46,47,48
102,25,26,27,34,35,36,37,38,44,45,46,47,48
103,16,17,25,26,27,28,35,36,37,38,45,46,47,48
104,16,17,25,26,27,28,35,36,37,38,45,46,47,48
105,16,17,25,26,27,28,35,36,37,38,45,46,47,48
106,16,17,25,26,27,28,35,36,37,38,45,46,47,48
107,17,18,25,26,27,28,35,36,37,38,45,46,47,48
108,17,18,25,26,27,28,35,36,37,38,45,46,47,48
109,17,18,26,27,28,35,36,37,38,46,47,48
110,17,18,26,27,28,35,36,37,38,46,47,48
111,17,18,26,27,28,29,36,37,38,39,46,47,48
112,17,18,26,27,28,29,36,37,38,39,46,47,48
113,16,17,18,26,27,28,29,36,37,38,39,46,47,48
114,16,17,18,26,27,28,29,36,37,38,39,46,47,48
115,16,17,18,26,27,28,29,36,37,38,39,46,47,48
116,16,17,18,26,27,28,29,36,37,38,39,46,47,48
117,16,17,18,26,27,28,29,36,37,38,39,46,47,48
118,16,17,18,26,27,28,29,36,37,38,39,46,47,48
119,16,17,18,19,26,27,28,29,36,37,38,39,47,48
120,16,17,18,19,26,27,28,29,36,37,38,39,47,48
121,16,17,18,19,26,27,28,29,36,37,38,39,47,48
122,16,17,18,19,26,27,28,29,36,37,38,39,47,48
123,16,17,18,19,26,27,28,29,36,37,38,39,47,48
124,16,17,18,19,26,27,28,29,36,37,38,39,47,48
125,16,17,18,19,26,27,28,29,36,37,38,39,47,48
126,16,17,18,19,26,27,28,29,36,37,38,39,47,48
127,16,17,18,19,26,27,28,29,36,37,38,39,48
128,16,17,18,19,26,27,28,29,36,37,38,39,48
129,16,17,18,19,26,27,28,29,36,37,38,39
130,16,17,18,19,26,27,28,29,36,37,38,39
131,8,16,17,18,19,26,27,28,29,36,37,38,39
132,8,16,17,18,19,26,27,28,29,36,37,38,39
133,8,16,17,18,19,26,27,28,29,36,37,38,39
134,8,16,17,18,19,26,27,28,29,36,37,38,39
135,8,16,17,18,19,26,27,28,29,36,37,38,39
136,8,16,17,18,19,26,27,28,29,36,37,38,39
137,8,16,17,18,19,26,27,28,29,36,37,38,39
138,8,16,17,18,19,26,27,28,29,36,37,38,39
139,16,17,18,19,26,27,28,29,36,37,38,39
140,16,17,18,19,26,27,28,29,36,37,38,39
141,16,17,18,19,26,27,28,29,36,37,38,39
142,16,17,18,19,26,27,28,29,36,37,38,39
143,8,16,17,18,19,26,27,28,29,36,37,38,39
144,8,16,17,18,19,26,27,28,29,36,37,38,39
145,8,16,17,18,19,26,27,28,29,36,37,38,39
146,8,16,17,18,19,26,27,28,29,36,37,38,39
147,8,16,17,18,19,26,27,28,29,36,37,38,39
148,8,16,17,18,19,26,27,28,29,36,37,38,39
149,7,8,16,17,18,19,26,27,28,29,36,37,38,39
150,7,8,16,17,18,19,26,27,28,29,36,37,38,39
151,7,8,16,17,18,19,26,27,28,29,36,37,38,39
152,7,8,16,17,18,19,26,27,28,29,36,37,38,39
153,7,8,16,17,18,19,26,27,28,29,36,37,38,39
154,7,8,16,17,18,19,26,27,28,29,36,37,38,39
155,8,16,17,18,19,26,27,28,29,36,37,38,39
156,8,16,17,18,19,26,27,28,29,36,37,38,39
157,8,16,17,18,19,26,27,28,29,37,38,39
158,8,16,17,18,19,26,27,28,29,37,38,39
159,8,16,17,18,19,26,27,28,29,37,38,39
160,8,16,17,18,19,26,27,28,29,37,38,39
161,8,16,17,18,19,26,27,28,29,37,38,39
162,8,16,17,18,19,26,27,28,29,37,38,39
163,8,16,17,18,19,26,27,28,29,37,38,39
164,8,16,17,18,19,26,27,28,29,37,38,39
165,8,16,17,18,19,26,27,28,29,37,38,39
166,8,16,17,18,19,26,27,28,29,37,38,39
167,8,16,17,18,19,26,27,28,29,37,38,39
168,8,16,17,18,19,26,27,28,29,37,38,39
169,8,16,17,18,19,26,27,28,29,37,38,39
170,8,16,17,18,19,26,27,28,29,37,38,39
171,8,17,18,19,26,27,28,29,37,38,39
172,8,17,18,19,26,27,28,29,37,38,39
173,8,17,18,19,27,28,29,37,38,39
174,8,17,18,19,27,28,29,37,38,39
175,8,17,18,19,27,28,29,37,38,39
176,8,17,18,19,27,28,29,37,38,39
177,8,17,18,19,27,28,29,37,38,39
178,8,17,18,19,27,28,29,37,38,39
179,8,9,17,18,19,27,28,29,37,38,39
180,8,9,17,18,19,27,28,29,37,38,39
181,8,9,17,18,19,27,28,29,37,38,39
182,8,9,17,18,19,27,28,29,37,38,39
183,8,9,17,18,19,27,28,29,37,38,39
184,8,9,17,18,19,27,28,29,37,38,39
185,8,9,17,18,19,27,28,29,37,38,39
186,8,9,17,18,19,27,28,29,37,38,39
187,8,9,17,18,19,27,28,29,30,37,38,39
188,8,9,17,18,19,27,28,29,30,37,38,39
189,8,9,17,18,19,20,27,28,29,30,37,38,39
190,8,9,17,18,19,20,27,28,29,30,37,38,39
191,8,9,17,18,19,20,27,28,29,30,37,38,39
192,8,9,17,18,19,20,27,28,29,30,37,38,39
193,8,9,17,18,19,20,27,28,29,30,37,38,39
194,8,9,17,18,19,20,27,28,29,30,37,38,39
195,8,9,17,18,19,20,27,28,29,30,37,38,39
196,8,9,17,18,19,20,27,28,29,30,37,38,39
197,8,9,17,18,19,20,27,28,29,30,37,38,39
198,8,9,17,18,19,20,27,28,29,30,37,38,39
199,8,9,17,18,19,20,27,28,29,30,37,38,39
200,8,9,17,18,19,20,27,28,29,30,37,38,39
201,8,9,17,18,19,20,27,28,29,30,37,38,39
202,8,9,17,18,19,20,27,28,29,30,37,38,39
203,8,9,17,18,19,20,27,28,29,30,37,38,39
204,8,9,17,18,19,20,27,28,29,30,37,38,39
205,8,9,17,18,19,20,27,28,29,30,38,39,40
206,8,9,17,18,19,20,27,28,29,30,38,39,40
207,8,9,10,17,18,19,20,27,28,29,30,38,39,40
208,8,9,10,17,18,19,20,27,28,29,30,38,39,40
209,8,9,10,17,18,19,20,27,28,29,30,38,39,40
210,8,9,10,17,18,19,20,27,28,29,30,38,39,40
211,9,10,17,18,19,20,27,28,29,30,38,39,40
212,9,10,17,18,19,20,27,28,29,30,38,39,40
213,9,10,18,19,20,28,29,30,38,39,40
214,9,10,18,19,20,28,29,30,38,39,40
215,9,10,18,19,20,28,29,30,38,39,40
216,9,10,18,19,20,28,29,30,38,39,40
217,9,10,11,18,19,20,21,28,29,30,38,39,40
218,9,10,11,18,19,20,21,28,29,30,38,39,40
219,9,10,11,18,19,20,21,28,29,30,38,39,40
220,9,10,11,18,19,20,21,28,29,30,38,39,40
221,9,10,11,18,19,20,21,28,29,30,38,39,40
222,9,10,11,18,19,20,21,28,29,30,38,39,40
223,9,10,11,18,19,20,21,28,29,30,38,39,40
224,9,10,11,18,19,20,21,28,29,30,38,39,40
225,9,10,11,18,19,20,21,28,29,30,38,39,40
226,9,10,11,18,19,20,21,28,29,30,38,39,40
227,9,10,11,18,19,20,21,28,29,30,31,38,39,40
228,9,10,11,18,19,20,21,28,29,30,31,38,39,40
229,9,10,11,18,19,20,21,28,29,30,31,38,39,40
230,9,10,11,18,19,20,21,28,29,30,31,38,39,40
231,9,10,11,18,19,20,21,28,29,30,31,38,39,40
232,9,10,11,18,19,20,21,28,29,30,31,38,39,40
233,9,10,11,18,19,20,21,28,29,30,31,38,39,40
234,9,10,11,18,19,20,21,28,29,30,31,38,39,40
235,9,10,11,18,19,20,21,28,29,30,31,38,39,40
236,9,10,11,18,19,20,21,28,29,30,31,38,39,40
237,9,10,11,18,19,20,21,28,29,30,31,38,39,40
238,9,10,11,18,19,20,21,28,29,30,31,38,39,40
239,9,10,11,18,19,20,21,28,29,30,31,38,39,40
240,9,10,11,18,19,20,21,28,29,30,31,38,39,40
241,9,10,11,18,19,20,21,28,29,30,31,38,39,40
242,9,10,11,18,19,20,21,28,29,30,31,38,39,40
243,9,10,11,18,19,20,21,28,29,30,38,39,40
244,9,10,11,18,19,20,21,28,29,30,38,39,40
245,9,18,19,20,28,29,30,38,39,40
246,9,18,19,20,28,29,30,38,39,40
247,9,17,18,19,20,27,28,29,30,38,39,40
248,9,17,18,19,20,27,28,29,30,38,39,40
249,9,17,18,19,20,27,28,29,30,37,38,39,40
250,9,17,18,19,20,27,28,29,30,37,38,39,40
251,9,17,18,19,20,27,28,29,30,37,38,39,40
252,9,17,18,19,20,27,28,29,30,37,38,39,40
253,9,17,18,19,20,27,28,29,30,37,38,39,40
254,9,17,18,19,20,27,28,29,30,37,38,39,40
255,8,9,17,18,19,20,27,28,29,30,37,38,39,40
256,8,9,17,18,19,20,27,28,29,30,37,38,39,40
257,8,9,17,18,19,20,27,28,29,30,37,38,39,40
258,8,9,17,18,19,20,27,28,29,30,37,38,39,40
259,8,9,17,18,19,20,27,28,29,30,37,38,39
260,8,9,17,18,19,20,27,28,29,30,37,38,39
261,8,9,17,18,19,20,27,28,29,30,37,38,39
262,8,9,17,18,19,20,27,28,29,30,37,38,39
263,8,9,17,18,19,20,27,28,29,30,37,38,39
264,8,9,17,18,19,20,27,28,29,30,37,38,39
265,8,9,17,18,19,20,27,28,29,30,37,38,39
266,8,9,17,18,19,20,27,28,29,30,37,38,39
267,8,9,17,18,19,20,27,28,29,30,37,38,39
268,8,9,17,18,19,20,27,28,29,30,37,38,39
269,8,9,17,18,19,20,27,28,29,30,37,38,39
270,8,9,17,18,19,20,27,28,29,30,37,38,39
271,8,9,17,18,19,20,27,28,29,30,37,38,39
272,8,9,17,18,19,20,27,28,29,30,37,38,39
273,8,9,17,18,19,20,27,28,29,30,37,38,39
274,8,9,17,18,19,20,27,28,29,30,37,38,39
275,8,9,17,18,19,20,27,28,29,30,37,38,39
276,8,9,17,18,19,20,27,28,29,30,37,38,39
277,8,9,17,18,19,27,28,29,37,38,39
278,8,9,17,18,19,27,28,29,37,38,39
279,8,9,17,18,19,27,28,29,37,38,39
280,8,9,17,18,19,27,28,29,37,38,39
281,8,9,16,17,18,19,26,27,28,29,37,38,39
282,8,9,16,17,18,19,26,27,28,29,37,38,39
283,7,8,16,17,18,19,26,27,28,29,37,38,39
284,7,8,16,17,18,19,26,27,28,29,37,38,39
285,7,8,16,17,18,19,26,27,28,29,36,37,38,39
286,7,8,16,17,18,19,26,27,28,29,36,37,38,39
287,7,8,16,17,18,19,26,27,28,29,36,37,38,39
288,7,8,16,17,18,19,26,27,28,29,36,37,38,39
289,7,8,16,17,18,19,26,27,28,29,36,37,38
290,7,8,16,17,18,19,26,27,28,29,36,37,38
291,7,8,16,17,18,19,26,27,28,29,36,37,38
292,7,8,16,17,18,19,26,27,28,29,36,37,38
293,7,8,16,17,18,19,26,27,28,29,36,37,38
294,7,8,16,17,18,19,26,27,28,29,36,37,38
295,7,8,16,17,18,26,27,28,36,37,38
296,7,8,16,17,18,26,27,28,36,37,38
297,7,8,15,16,17,18,25,26,27,28,36,37,38
298,7,8,15,16,17,18,25,26,27,28,36,37,38
299,6,7,8,15,16,17,18,25,26,27,28,36,37,38
300,6,7,8,15,16,17,18,25,26,27,28,36,37,38
301,6,7,8,15,16,17,18,25,26,27,28,36,37,38
302,6,7,8,15,16,17,18,25,26,27,28,36,37,38
303,6,7,8,15,16,17,18,25,26,27,28,35,36,37
304,6,7,8,15,16,17,18,25,26,27,28,35,36,37
305,6,7,8,15,16,17,18,25,26,27,28,35,36,37
306,6,7,8,15,16,17,18,25,26,27,28,35,36,37
307,6,7,15,16,17,18,25,26,27,28,35,36,37
308,6,7,15,16,17,18,25,26,27,28,35,36,37
309,6,7,15,16,17,18,25,26,27,28,35,36,37
310,6,7,15,16,17,18,25,26,27,28,35,36,37
311,6,7,15,16,17,18,25,26,27,28,35,36,37
312,6,7,15,16,17,18,25,26,27,28,35,36,37
313,6,7,15,16,17,18,25,26,27,28,35,36,37
314,6,7,15,16,17,18,25,26,27,28,35,36,37
315,6,7,15,16,17,18,25,26,27,28,35,36,37
316,6,7,15,16,17,18,25,26,27,28,35,36,37
317,6,7,15,16,17,18,25,26,27,28,35,36,37
318,6,7,15,16,17,18,25,26,27,28,35,36,37
319,6,7,15,16,17,18,25,26,27,28,35,36,37
320,6,7,15,16,17,18,25,26,27,28,35,36,37
321,6,7,15,16,17,18,25,26,27,28,35,36,37
322,6,7,15,16,17,18,25,26,27,28,35,36,37
323,6,7,15,16,17,18,25,26,27,28,35,36,37
324,6,7,15,16,17,18,25,26,27,28,35,36,37
325,6,7,8,15,16,17,18,25,26,27,28,35,36,37
326,6,7,8,15,16,17,18,25,26,27,28,35,36,37
327,6,7,8,15,16,17,18,25,26,27,28,36,37,38
328,6,7,8,15,16,17,18,25,26,27,28,36,37,38
329,6,7,8,15,16,17,18,25,26,27,28,36,37,38
330,6,7,8,15,16,17,18,25,26,27,28,36,37,38
331,6,7,8,15,16,17,18,25,26,27,28,36,37,38
332,6,7,8,15,16,17,18,25,26,27,28,36,37,38
333,6,7,8,15,16,17,18,25,26,27,28,36,37,38
334,6,7,8,15,16,17,18,25,26,27,28,36,37,38
335,7,8,15,16,17,18,25,26,27,28,36,37,38
336,7,8,15,16,17,18,25,26,27,28,36,37,38
337,7,15,16,17,18,25,26,27,28,36,37,38
338,7,15,16,17,18,25,26,27,28,36,37,38
339,16,17,18,25,26,27,28,35,36,37,38,46,47
340,16,17,18,25,26,27,28,35,36,37,38,46,47
341,16,17,18,25,26,27,28,35,36,37,38,46,47,48
342,16,17,18,25,26,27,28,35,36,37,38,46,47,48
343,16,17,18,25,26,27,28,35,36,37,38,45,46,47,48
344,16,17,18,25,26,27,28,35,36,37,38,45,46,47,48
345,16,17,25,26,27,28,35,36,37,38,45,46,47,48
346,16,17,25,26,27,28,35,36,37,38,45,46,47,48
347,16,17,25,26,27,28,35,36,37,38,45,46,47,48
348,16,17,25,26,27,28,35,36,37,38,45,46,47,48
349,16,17,25,26,27,28,35,36,37,38,45,46,47,48
350,16,17,25,26,27,28,35,36,37,38,45,46,47,48
351,16,17,25,26,27,28,35,36,37,38,45,46,47,48
352,16,17,25,26,27,28,35,36,37,38,45,46,47,48
353,16,17,25,26,27,28,35,36,37,38,45,46,47,48
354,16,17,25,26,27,28,35,36,37,38,45,46,47,48
355,16,17,25,26,27,28,35,36,37,38,45,46,47,48
356,16,17,25,26,27,28,35,36,37,38,45,46,47,48
357,16,17,25,26,27,28,35,36,37,38,45,46,47,48
358,16,17,25,26,27,28,35,36,37,38,45,46,47,48
359,16,17,25,26,27,28,35,36,37,38,45,46,47,48
360,16,17,25,26,27,28,35,36,37,38,45,46,47,48
361,16,17,25,26,27,28,35,36,37,38,45,46,47,48
362,16,17,25,26,27,28,35,36,37,38,45,46,47,48
363,16,17,25,26,27,28,35,36,37,38,45,46,47,48
364,16,17,25,26,27,28,35,36,37,38,45,46,47,48
365,16,17,25,26,27,28,35,36,37,38,45,46,47,48
366,16,17,25,26,27,28,35,36,37,38,45,46,47,48
367,16,17,25,26,27,28,35,36,37,38,45,46,47,48
368,16,17,25,26,27,28,35,36,37,38,45,46,47,48
369,16,17,25,26,27,28,35,36,37,38,45,46,47,48
370,16,17,25,26,27,28,35,36,37,38,45,46,47,48
371,16,17,25,26,27,28,34,35,36,37,38,44,45,46,47,48
372,16,17,25,26,27,28,34,35,36,37,38,44,45,46,47,48
373,25,26,27,28,34,35,36,37,38,44,45,46,47,48
374,25,26,27,28,34,35,36,37,38,44,45,46,47,48
375,25,26,27,28,34,35,36,37,38,41,42,43,44,45,46,47,48,49,50
376,25,26,27,28,34,35,36,37,38,41,42,43,44,45,46,47,48,49,50
377,25,26,27,28,34,35,36,37,38,41,42,43,44,45,46,47,48,49,50
378,25,26,27,28,34,35,36,37,38,41,42,43,44,45,46,47,48,49,50
379,25,26,27,28,34,35,36,37,38,41,42,43,44,45,46,47,48,49,50
380,25,26,27,28,34,35,36,37,38,41,42,43,44,45,46,47,48,49,50
381,25,26,27,28,34,35,36,37,38,39,41,42,43,44,45,46,47,48,49,50
382,25,26,27,28,34,35,36,37,38,39,41,42,43,44,45,46,47,48,49,50
383,25,26,27,28,34,35,36,37,38,39,41,42,43,44,45,46,47,48,49,50
384,25,26,27,28,34,35,36,37,38,39,41,42,43,44,45,46,47,48,49,50
385,25,26,27,28,34,35,36,37,38,39,41,42,43,44,45,46,47,48,49,50
386,25,26,27,28,34,35,36,37,38,39,41,42,43,44,45,46,47,48,49,50
387,26,27,28,34,35,36,37,38,39,41,42,43,44,45,46,47,48,49,50
388,26,27,28,34,35,36,37,38,39,41,42,43,44,45,46,47,48,49,50
389,26,27,28,34,35,36,37,38,39,41,42,43,44,45,46,47,48,49,50
390,26,27,28,34,35,36,37,38,39,41,42,43,44,45,46,47,48,49,50
391,26,27,28,35,36,37,38,39,40,41,42,43,44,45,46,47,48,49,50
392,26,27,28,35,36,37,38,39,40,41,42,43,44,45,46,47,48,49,50
393,27,28,35,36,37,38,39,40,41,42,43,44,45,46,47,48,49,50
394,27,28,35,36,37,38,39,40,41,42,43,44,45,46,47,48,49,50
395,27,28,35,36,37,38,39,40,41,42,43,44,45,46,47,48,49,50
396,27,28,35,36,37,38,39,40,41,42,43,44,45,46,47,48,49,50
397,27,28,29,35,36,37,38,39,40,41,42,43,44,45,46,47,48,49,50
398,27,28,29,35,36,37,38,39,40,41,42,43,44,45,46,47,48,49,50
399,27,28,29,35,36,37,38,39,40,41,42,43,44,45,46,47,48,49,50
400,27,28,29,35,36,37,38,39,40,41,42,43,44,45,46,47,48,49,50
401,27,28,29,36,37,38,39,40,41,42,43,44,45,46,47,48,49,50
402,27,28,29,36,37,38,39,40,41,42,43,44,45,46,47,48,49,50
403,27,28,29,30,36,37,38,39,40,41,42,43,44,45,46,47,48,49,50
404,27,28,29,30,36,37,38,39,40,41,42,43,44,45,46,47,48,49,50
405,27,28,29,30,31,36,37,38,39,40,41,42,43,44,45,46,47,48,49,50
406,27,28,29,30,31,36,37,38,39,40,41,42,43,44,45,46,47,48,49,50
407,27,28,29,30,31,36,37,38,39,40,41,42,43,44,45,46,47,48,49,50
408,27,28,29,30,31,36,37,38,39,40,41,42,43,44,45,46,47,48,49,50
409,27,28,29,30,36,37,38,39,40,41,42,43,44,45,46,47,48,49,50
410,27,28,29,30,36,37,38,39,40,41,42,43,44,45,46,47,48,49,50
411,27,28,29,30,36,37,38,39,40,41,42,43,44,45,46,47,48,49,50
412,27,28,29,30,36,37,38,39,40,41,42,43,44,45,46,47,48,49,50
413,27,28,29,30,36,37,38,39,40,46,47,48,49,50
414,27,28,29,30,36,37,38,39,40,46,47,48,49,50
415,26,27,28,29,36,37,38,39,40,46,47,48,49,50
416,26,27,28,29,36,37,38,39,40,46,47,48,49,50
417,17,18,26,27,28,29,36,37,38,39,46,47,48,49
418,17,18,26,27,28,29,36,37,38,39,46,47,48,49
419,17,25,26,27,28,35,36,37,38,45,46,47,48
420,17,25,26,27,28,35,36,37,38,45,46,47,48
421,16,17,25,26,27,28,35,36,37,38,45,46,47,48
422,16,17,25,26,27,28,35,36,37,38,45,46,47,48
423,16,24,25,26,27,34,35,36,37,44,45,46,47
424,16,24,25,26,27,34,35,36,37,44,45,46,47
425,15,16,24,25,26,27,34,35,36,37,44,45,46,47
426,15,16,24,25,26,27,34,35,36,37,44,45,46,47
427,15,16,23,24,25,26,33,34,35,36,44,45,46
428,15,16,23,24,25,26,33,34,35,36,44,45,46
429,14,15,23,24,25,26,33,34,35,36,43,44,45,46
430,14,15,23,24,25,26,33,34,35,36,43,44,45,46
431,14,15,23,24,25,26,33,34,35,36,43,44,45
432,14,15,23,24,25,26,33,34,35,36,43,44,45
433,13,14,15,22,23,24,25,32,33,34,35,43,44,45
434,13,14,15,22,23,24,25,32,33,34,35,43,44,45
435,13,14,15,22,23,24,25,32,33,34,35,43,44,45
436,13,14,15,22,23,24,25,32,33,34,35,43,44,45
437,12,13,14,22,23,24,25,32,33,34,35,42,43,44,45
438,12,13,14,22,23,24,25,32,33,34,35,42,43,44,45
439,12,13,14,22,23,24,25,32,33,34,35,42,43,44
440,12,13,14,22,23,24,25,32,33,34,35,42,43,44
441,12,13,14,22,23,24,25,32,33,34,35,42,43,44
442,12,13,14,22,23,24,25,32,33,34,35,42,43,44
443,12,13,14,22,23,24,32,33,34,42,43,44
444,12,13,14,22,23,24,32,33,34,42,43,44
445,12,13,14,22,23,24,32,33,34,42,43,44
446,12,13,14,22,23,24,32,33,34,42,43,44
447,12,13,14,21,22,23,24,31,32,33,34,42,43,44
448,12,13,14,21,22,23,24,31,32,33,34,42,43,44
449,12,13,14,21,22,23,24,31,32,33,34,42,43,44
450,12,13,14,21,22,23,24,31,32,33,34,42,43,44
451,12,13,14,21,22,23,24,31,32,33,34,42,43,44
452,12,13,14,21,22,23,24,31,32,33,34,42,43,44
453,12,13,14,21,22,23,24,31,32,33,34,42,43,44
454,12,13,14,21,22,23,24,31,32,33,34,42,43,44
455,12,13,14,21,22,23,24,31,32,33,34,42,43,44
456,12,13,14,21,22,23,24,31,32,33,34,42,43,44
457,12,13,14,21,22,23,24,31,32,33,34,42,43,44
458,12,13,14,21,22,23,24,31,32,33,34,42,43,44
459,12,13,14,22,23,24,32,33,34,42,43,44
460,12,13,14,22,23,24,32,33,34,42,43,44
461,12,13,14,22,23,24,25,32,33,34,35,42,43,44
462,12,13,14,22,23,24,25,32,33,34,35,42,43,44
463,12,13,14,22,23,24,25,32,33,34,35,43,44
464,12,13,14,22,23,24,25,32,33,34,35,43,44
465,12,13,14,15,22,23,24,25,32,33,34,35,43,44
466,12,13,14,15,22,23,24,25,32,33,34,35,43,44
467,13,14,15,22,23,24,25,32,33,34,35,43,44
468,13,14,15,22,23,24,25,32,33,34,35,43,44
469,13,14,15,22,23,24,25,32,33,34,35,43,44,45
470,13,14,15,22,23,24,25,32,33,34,35,43,44,45
471,13,14,15,23,24,25,33,34,35,43,44,45
472,13,14,15,23,24,25,33,34,35,43,44,45
473,13,14,15,23,24,25,26,33,34,35,36,43,44,45
474,13,14,15,23,24,25,26,33,34,35,36,43,44,45
475,14,15,16,23,24,25,26,33,34,35,36,44,45,46
476,14,15,16,23,24,25,26,33,34,35,36,44,45,46
477,14,15,16,24,25,26,34,35,36,44,45,46
478,14,15,16,24,25,26,34,35,36,44,45,46
479,14,15,16,24,25,26,27,34,35,36,37,45,46
480,14,15,16,24,25,26,27,34,35,36,37,45,46
481,15,16,17,24,25,26,27,34,35,36,37,45,46,47
482,15,16,17,24,25,26,27,34,35,36,37,45,46,47
483,15,16,17,25,26,27,28,35,36,37,38,45,46,47
484,15,16,17,25,26,27,28,35,36,37,38,45,46,47
485,15,16,17,18,25,26,27,28,35,36,37,38,46,47
486,15,16,17,18,25,26,27,28,35,36,37,38,46,47
487,16,17,18,25,26,27,28,35,36,37,38,46,47
488,16,17,18,25,26,27,28,35,36,37,38,46,47
489,16,17,18,26,27,28,36,37,38,46,47,48
490,16,17,18,26,27,28,36,37,38,46,47,48
491,16,17,18,26,27,28,29,36,37,38,47,48
492,16,17,18,26,27,28,29,36,37,38,47,48
493,16,17,18,26,27,28,29,36,37,38,39,47,48
494,16,17,18,26,27,28,29,36,37,38,39,47,48
495,16,17,18,19,26,27,28,29,36,37,38,39,47,48
496,16,17,18,19,26,27,28,29,36,37,38,39,47,48
497,16,17,18,19,26,27,28,29,36,37,38,39,47,48
498,16,17,18,19,26,27,28,29,36,37,38,39,47,48
499,16,17,18,19,26,27,28,29,36,37,38,39,47,48
500,16,17,18,19,26,27,28,29,36,37,38,39,47,48
501,17,18,19,26,27,28,29,36,37,38,39,48
502,17,18,19,26,27,28,29,36,37,38,39,48
503,17,18,19,27,28,29,37,38,39
504,17,18,19,27,28,29,37,38,39
505,17,18,19,27,28,29,37,38,39
506,17,18,19,27,28,29,37,38,39
507,17,18,19,27,28,29,30,37,38,39
508,17,18,19,27,28,29,30,37,38,39
509,17,18,19,20,27,28,29,30,37,38,39,40
510,17,18,19,20,27,28,29,30,37,38,39,40
511,17,18,19,20,27,28,29,30,37,38,39,40
512,17,18,19,20,27,28,29,30,37,38,39,40
513,9,18,19,20,28,29,30,38,39,40
514,9,18,19,20,28,29,30,38,39,40
515,18,19,20,21,28,29,30,38,39,40
516,18,19,20,21,28,29,30,38,39,40
517,11,18,19,20,21,28,29,30,31,38,39,40
518,11,18,19,20,21,28,29,30,31,38,39,40
519,11,18,19,20,21,28,29,30,31,38,39,40
520,11,18,19,20,21,28,29,30,31,38,39,40
521,11,18,19,20,21,28,29,30,31,38,39,40
522,11,18,19,20,21,28,29,30,31,38,39,40
523,11,19,20,21,28,29,30,31,39,40
524,11,19,20,21,28,29,30,31,39,40
525,10,11,19,20,21,29,30,31,39,40
526,10,11,19,20,21,29,30,31,39,40
527,10,11,12,19,20,21,22,29,30,31,39,40
528,10,11,12,19,20,21,22,29,30,31,39,40
529,10,11,12,19,20,21,22,29,30,31,32,39,40
530,10,11,12,19,20,21,22,29,30,31,32,39,40
531,1,10,11,12,19,20,21,22,29,30,31,32,39,40
532,1,10,11,12,19,20,21,22,29,30,31,32,39,40
533,1,10,11,12,19,20,21,22,29,30,31,32,39,40
534,1,10,11,12,19,20,21,22,29,30,31,32,39,40
535,11,12,19,20,21,22,29,30,31,32,39,40,41,50
536,11,12,19,20,21,22,29,30,31,32,39,40,41,50
537,11,12,20,21,22,29,30,31,32,39,40,41,50
538,11,12,20,21,22,29,30,31,32,39,40,41,50
539,11,12,20,21,22,29,30,31,32,39,40,41,50
540,11,12,20,21,22,29,30,31,32,39,40,41,50
541,11,12,20,21,22,29,30,31,32,39,40,41,50
542,11,12,20,21,22,29,30,31,32,39,40,41,50
543,11,12,20,21,22,29,30,31,32,39,40,41,50
544,11,12,20,21,22,29,30,31,32,39,40,41,50
545,11,12,20,21,22,29,30,31,32,39,40,41,50
546,11,12,20,21,22,29,30,31,32,39,40,41,50
547,11,12,20,21,22,29,30,31,32,39,40,41,50
548,11,12,20,21,22,29,30,31,32,39,40,41,50
549,11,12,19,20,21,22,29,30,31,32,39,40,41,50
550,11,12,19,20,21,22,29,30,31,32,39,40,41,50
551,1,10,11,12,19,20,21,22,29,30,31,32,39,40
552,1,10,11,12,19,20,21,22,29,30,31,32,39,40
553,10,11,12,19,20,21,22,29,30,31,32,39,40
554,10,11,12,19,20,21,22,29,30,31,32,39,40
555,10,11,12,19,20,21,22,29,30,31,39,40
556,10,11,12,19,20,21,22,29,30,31,39,40
557,10,11,19,20,21,28,29,30,31,39,40
558,10,11,19,20,21,28,29,30,31,39,40
559,10,11,18,19,20,21,28,29,30,31,38,39,40
560,10,11,18,19,20,21,28,29,30,31,38,39,40
561,10,11,18,19,20,21,28,29,30,31,38,39,40
562,10,11,18,19,20,21,28,29,30,31,38,39,40
563,9,10,11,18,19,20,21,28,29,30,38,39,40
564,9,10,11,18,19,20,21,28,29,30,38,39,40
565,9,10,18,19,20,21,28,29,30,38,39,40
566,9,10,18,19,20,21,28,29,30,38,39,40
567,9,18,19,20,28,29,30,38,39,40
568,9,18,19,20,28,29,30,38,39,40
569,9,18,19,20,28,29,30,38,39,40
570,9,18,19,20,28,29,30,38,39,40
571,9,17,18,19,20,27,28,29,30,38,39,40
572,9,17,18,19,20,27,28,29,30,38,39,40
573,9,17,18,19,20,27,28,29,30,38,39,40
574,9,17,18,19,20,27,28,29,30,38,39,40
575,9,17,18,19,20,27,28,29,30,37,38,39,40
576,9,17,18,19,20,27,28,29,30,37,38,39,40
577,8,9,17,18,19,20,27,28,29,30,37,38,39,40
578,8,9,17,18,19,20,27,28,29,30,37,38,39,40
579,8,9,17,18,19,20,27,28,29,30,37,38,39,40
580,8,9,17,18,19,20,27,28,29,30,37,38,39,40
581,8,9,17,18,19,20,27,28,29,30,37,38,39
582,8,9,17,18,19,20,27,28,29,30,37,38,39
583,8,9,17,18,19,27,28,29,37,38,39
584,8,9,17,18,19,27,28,29,37,38,39
585,8,9,17,18,19,27,28,29,37,38,39
586,8,9,17,18,19,27,28,29,37,38,39
587,8,17,18,19,27,28,29,37,38,39
588,8,17,18,19,27,28,29,37,38,39
589,8,17,18,19,26,27,28,29,37,38,39
590,8,17,18,19,26,27,28,29,37,38,39
591,8,17,18,19,26,27,28,29,37,38,39
592,8,17,18,19,26,27,28,29,37,38,39
593,8,16,17,18,19,26,27,28,29,37,38,39
594,8,16,17,18,19,26,27,28,29,37,38,39
595,8,16,17,18,19,26,27,28,29,37,38,39
596,8,16,17,18,19,26,27,28,29,37,38,39
597,8,16,17,18,19,26,27,28,29,37,38,39
598,8,16,17,18,19,26,27,28,29,37,38,39
599,8,16,17,18,19,26,27,28,29,37,38,39
600,8,16,17,18,19,26,27,28,29,37,38,39
601,8,16,17,18,19,26,27,28,29,36,37,38,39
602,8,16,17,18,19,26,27,28,29,36,37,38,39
603,8,16,17,18,19,26,27,28,29,36,37,38,39
604,8,16,17,18,19,26,27,28,29,36,37,38,39
605,8,16,17,18,19,26,27,28,29,36,37,38,39
606,8,16,17,18,19,26,27,28,29,36,37,38,39
607,7,8,16,17,18,19,26,27,28,29,36,37,38,39
608,7,8,16,17,18,19,26,27,28,29,36,37,38,39
609,7,8,16,17,18,19,26,27,28,29,36,37,38,39
610,7,8,16,17,18,19,26,27,28,29,36,37,38,39
611,7,8,16,17,18,19,26,27,28,29,36,37,38,39
612,7,8,16,17,18,19,26,27,28,29,36,37,38,39
613,7,8,16,17,18,19,26,27,28,29,36,37,38,39
614,7,8,16,17,18,19,26,27,28,29,36,37,38,39
615,7,8,16,17,18,19,26,27,28,29,36,37,38
616,7,8,16,17,18,19,26,27,28,29,36,37,38
617,7,8,16,17,18,19,26,27,28,29,36,37,38
618,7,8,16,17,18,19,26,27,28,29,36,37,38
619,7,8,16,17,18,19,26,27,28,29,36,37,38
620,7,8,16,17,18,19,26,27,28,29,36,37,38
621,7,8,16,17,18,26,27,28,29,36,37,38
622,7,8,16,17,18,26,27,28,29,36,37,38
623,7,8,16,17,18,26,27,28,36,37,38
624,7,8,16,17,18,26,27,28,36,37,38
625,7,8,16,17,18,26,27,28,36,37,38
626,7,8,16,17,18,26,27,28,36,37,38
627,7,16,17,18,26,27,28,36,37,38
628,7,16,17,18,26,27,28,36,37,38
629,7,16,17,18,26,27,28,36,37,38
630,7,16,17,18,26,27,28,36,37,38
631,7,16,17,18,26,27,28,36,37,38
632,7,16,17,18,26,27,28,36,37,38
633,7,16,17,18,26,27,28,36,37,38
634,7,16,17,18,26,27,28,36,37,38
635,7,16,17,18,26,27,28,36,37,38
636,7,16,17,18,26,27,28,36,37,38
637,7,16,17,18,26,27,28,36,37,38
638,7,16,17,18,26,27,28,36,37,38
639,7,16,17,18,26,27,28,36,37,38
640,7,16,17,18,26,27,28,36,37,38
641,7,16,17,18,26,27,28,36,37,38
642,7,16,17,18,26,27,28,36,37,38
643,7,16,17,18,26,27,28,36,37,38
644,7,16,17,18,26,27,28,36,37,38
645,7,8,16,17,18,26,27,28,36,37,38
646,7,8,16,17,18,26,27,28,36,37,38
647,7,8,16,17,18,26,27,28,36,37,38
648,7,8,16,17,18,26,27,28,36,37,38
649,7,8,16,17,18,19,26,27,28,29,36,37,38
650,7,8,16,17,18,19,26,27,28,29,36,37,38
651,7,8,16,17,18,19,26,27,28,29,36,37,38
652,7,8,16,17,18,19,26,27,28,29,36,37,38
653,7,8,16,17,18,19,26,27,28,29,36,37,38,39
654,7,8,16,17,18,19,26,27,28,29,36,37,38,39
655,7,8,16,17,18,19,26,27,28,29,36,37,38,39
656,7,8,16,17,18,19,26,27,28,29,36,37,38,39
657,7,8,16,17,18,19,26,27,28,29,36,37,38,39
658,7,8,16,17,18,19,26,27,28,29,36,37,38,39
659,7,8,16,17,18,19,26,27,28,29,36,37,38,39
660,7,8,16,17,18,19,26,27,28,29,36,37,38,39
661,7,8,16,17,18,19,26,27,28,29,36,37,38,39
662,7,8,16,17,18,19,26,27,28,29,36,37,38,39
663,7,8,16,17,18,19,26,27,28,29,36,37,38,39
664,7,8,16,17,18,19,26,27,28,29,36,37,38,39
665,7,8,16,17,18,19,26,27,28,29,36,37,38,39
666,7,8,16,17,18,19,26,27,28,29,36,37,38,39
667,7,8,16,17,18,19,26,27,28,29,36,37,38,39
668,7,8,16,17,18,19,26,27,28,29,36,37,38,39
669,8,16,17,18,19,26,27,28,29,37,38,39
670,8,16,17,18,19,26,27,28,29,37,38,39
671,8,9,16,17,18,19,26,27,28,29,37,38,39
672,8,9,16,17,18,19,26,27,28,29,37,38,39
673,8,9,17,18,19,27,28,29,37,38,39
674,8,9,17,18,19,27,28,29,37,38,39
675,8,9,17,18,19,27,28,29,37,38,39
676,8,9,17,18,19,27,28,29,37,38,39
677,8,9,17,18,19,20,27,28,29,30,37,38,39
678,8,9,17,18,19,20,27,28,29,30,37,38,39
679,8,9,17,18,19,20,27,28,29,30,37,38,39
680,8,9,17,18,19,20,27,28,29,30,37,38,39
681,8,9,17,18,19,20,27,28,29,30,37,38,39,40
682,8,9,17,18,19,20,27,28,29,30,37,38,39,40
683,8,9,17,18,19,20,27,28,29,30,37,38,39,40
684,8,9,17,18,19,20,27,28,29,30,37,38,39,40
685,8,9,17,18,19,20,27,28,29,30,37,38,39,40
686,8,9,17,18,19,20,27,28,29,30,37,38,39,40
687,8,9,17,18,19,20,27,28,29,30,37,38,39,40
688,8,9,17,18,19,20,27,28,29,30,37,38,39,40
689,8,9,17,18,19,20,27,28,29,30,37,38,39,40
690,8,9,17,18,19,20,27,28,29,30,37,38,39,40
691,8,9,17,18,19,20,27,28,29,30,37,38,39,40
692,8,9,17,18,19,20,27,28,29,30,37,38,39,40
693,8,9,17,18,19,20,27,28,29,30,37,38,39,40
694,8,9,17,18,19,20,27,28,29,30,37,38,39,40
695,8,9,17,18,19,20,27,28,29,30,37,38,39,40
696,8,9,17,18,19,20,27,28,29,30,37,38,39,40
697,8,9,17,18,19,20,27,28,29,30,37,38,39,40
698,8,9,17,18,19,20,27,28,29,30,37,38,39,40
699,9,17,18,19,20,27,28,29,30,37,38,39,40
700,9,17,18,19,20,27,28,29,30,37,38,39,40
701,9,17,18,19,20,27,28,29,30,38,39,40
702,9,17,18,19,20,27,28,29,30,38,39,40
703,9,17,18,19,20,27,28,29,30,38,39,40
704,9,17,18,19,20,27,28,29,30,38,39,40
705,9,17,18,19,20,27,28,29,30,38,39,40
706,9,17,18,19,20,27,28,29,30,38,39,40
707,9,18,19,20,27,28,29,30,38,39,40
708,9,18,19,20,27,28,29,30,38,39,40
709,9,18,19,20,28,29,30,38,39,40
710,9,18,19,20,28,29,30,38,39,40
711,9,18,19,20,28,29,30,38,39,40
712,9,18,19,20,28,29,30,38,39,40
713,9,10,18,19,20,28,29,30,38,39,40
714,9,10,18,19,20,28,29,30,38,39,40
715,9,10,18,19,20,28,29,30,38,39,40
716,9,10,18,19,20,28,29,30,38,39,40
717,9,10,18,19,20,21,28,29,30,38,39,40
718,9,10,18,19,20,21,28,29,30,38,39,40
719,9,10,18,19,20,21,28,29,30,38,39,40
720,9,10,18,19,20,21,28,29,30,38,39,40
721,9,10,18,19,20,28,29,30,38,39,40
722,9,10,18,19,20,28,29,30,38,39,40
723,9,18,19,20,28,29,30,38,39,40
724,9,18,19,20,28,29,30,38,39,40
725,9,17,18,19,20,27,28,29,30,38,39,40
726,9,17,18,19,20,27,28,29,30,38,39,40
727,9,17,18,19,20,27,28,29,30,37,38,39,40
728,9,17,18,19,20,27,28,29,30,37,38,39,40
729,9,17,18,19,20,27,28,29,30,37,38,39,40
730,9,17,18,19,20,27,28,29,30,37,38,39,40
731,8,9,17,18,19,20,27,28,29,30,37,38,39,40
732,8,9,17,18,19,20,27,28,29,30,37,38,39,40
733,8,9,17,18,19,20,27,28,29,30,37,38,39
734,8,9,17,18,19,20,27,28,29,30,37,38,39
735,8,9,17,18,19,20,27,28,29,30,37,38,39
736,8,9,17,18,19,20,27,28,29,30,37,38,39
737,8,9,17,18,19,27,28,29,37,38,39
738,8,9,17,18,19,27,28,29,37,38,39
739,8,9,17,18,19,27,28,29,37,38,39
740,8,9,17,18,19,27,28,29,37,38,39
741,8,9,17,18,19,27,28,29,37,38,39
742,8,9,17,18,19,27,28,29,37,38,39
743,8,17,18,19,26,27,28,29,37,38,39
744,8,17,18,19,26,27,28,29,37,38,39
745,8,16,17,18,19,26,27,28,29,37,38,39
746,8,16,17,18,19,26,27,28,29,37,38,39
747,8,16,17,18,19,26,27,28,29,37,38,39
748,8,16,17,18,19,26,27,28,29,37,38,39
749,8,16,17,18,19,26,27,28,29,36,37,38,39
750,8,16,17,18,19,26,27,28,29,36,37,38,39
751,7,8,16,17,18,19,26,27,28,29,36,37,38,39
752,7,8,16,17,18,19,26,27,28,29,36,37,38,39
753,7,8,16,17,18,19,26,27,28,29,36,37,38,39
754,7,8,16,17,18,19,26,27,28,29,36,37,38,39
755,7,8,16,17,18,19,26,27,28,29,36,37,38,39
756,7,8,16,17,18,19,26,27,28,29,36,37,38,39
757,7,8,16,17,18,19,26,27,28,29,36,37,38
758,7,8,16,17,18,19,26,27,28,29,36,37,38
759,7,8,16,17,18,26,27,28,29,36,37,38
760,7,8,16,17,18,26,27,28,29,36,37,38
761,7,8,16,17,18,26,27,28,29,36,37,38
762,7,8,16,17,18,26,27,28,29,36,37,38
763,7,8,16,17,18,26,27,28,36,37,38
764,7,8,16,17,18,26,27,28,36,37,38
765,7,8,16,17,18,26,27,28,36,37,38
766,7,8,16,17,18,26,27,28,36,37,38
767,7,8,16,17,18,26,27,28,36,37,38
768,7,8,16,17,18,26,27,28,36,37,38
769,7,8,16,17,18,26,27,28,36,37,38
770,7,8,16,17,18,26,27,28,36,37,38
771,7,8,16,17,18,26,27,28,36,37,38
772,7,8,16,17,18,26,27,28,36,37,38
773,7,16,17,18,26,27,28,36,37,38
774,7,16,17,18,26,27,28,36,37,38
775,7,16,17,18,26,27,28,36,37,38
776,7,16,17,18,26,27,28,36,37,38
777,7,16,17,18,26,27,28,36,37,38
778,7,16,17,18,26,27,28,36,37,38
779,7,16,17,18,26,27,28,36,37,38
780,7,16,17,18,26,27,28,36,37,38
781,7,16,17,18,25,26,27,28,36,37,38
782,7,16,17,18,25,26,27,28,36,37,38
783,7,16,17,18,25,26,27,28,36,37,38
784,7,16,17,18,25,26,27,28,36,37,38
785,7,8,16,17,18,25,26,27,28,36,37,38
786,7,8,16,17,18,25,26,27,28,36,37,38
787,7,8,15,16,17,18,25,26,27,28,36,37,38
788,7,8,15,16,17,18,25,26,27,28,36,37,38
789,7,8,15,16,17,18,25,26,27,28,36,37,38
790,7,8,15,16,17,18,25,26,27,28,36,37,38
791,7,8,15,16,17,18,25,26,27,28,36,37,38
792,7,8,15,16,17,18,25,26,27,28,36,37,38
793,7,8,15,16,17,18,25,26,27,28,36,37,38
794,7,8,15,16,17,18,25,26,27,28,36,37,38
795,7,8,15,16,17,18,25,26,27,28,36,37,38
796,7,8,15,16,17,18,25,26,27,28,36,37,38
797,7,15,16,17,18,25,26,27,28,36,37,38
798,7,15,16,17,18,25,26,27,28,36,37,38
799,7,15,16,17,18,25,26,27,28,36,37,38
800,7,15,16,17,18,25,26,27,28,36,37,38
801,7,15,16,17,18,25,26,27,28,35,36,37,38
802,7,15,16,17,18,25,26,27,28,35,36,37,38
803,7,15,16,17,18,25,26,27,28,35,36,37,38
804,7,15,16,17,18,25,26,27,28,35,36,37,38
805,7,15,16,17,18,25,26,27,28,35,36,37,38
806,7,15,16,17,18,25,26,27,28,35,36,37,38
807,7,15,16,17,18,25,26,27,28,35,36,37,38
808,7,15,16,17,18,25,26,27,28,35,36,37,38
809,7,15,16,17,18,25,26,27,28,35,36,37,38
810,7,15,16,17,18,25,26,27,28,35,36,37,38
811,7,15,16,17,18,25,26,27,28,35,36,37,38
812,7,15,16,17,18,25,26,27,28,35,36,37,38
813,7,15,16,17,18,25,26,27,28,35,36,37,38
814,7,15,16,17,18,25,26,27,28,35,36,37,38
815,7,15,16,17,18,25,26,27,28,36,37,38
816,7,15,16,17,18,25,26,27,28,36,37,38
817,7,16,17,18,26,27,28,36,37,38
818,7,16,17,18,26,27,28,36,37,38
819,7,8,16,17,18,26,27,28,29,36,37,38
820,7,8,16,17,18,26,27,28,29,36,37,38
821,7,8,16,17,18,19,26,27,28,29,36,37,38,39
822,7,8,16,17,18,19,26,27,28,29,36,37,38,39
823,8,16,17,18,19,26,27,28,29,36,37,38,39
824,8,16,17,18,19,26,27,28,29,36,37,38,39
825,8,16,17,18,19,26,27,28,29,36,37,38,39
826,8,16,17,18,19,26,27,28,29,36,37,38,39
827,8,16,17,18,19,26,27,28,29,36,37,38,39
828,8,16,17,18,19,26,27,28,29,36,37,38,39
829,8,16,17,18,19,26,27,28,29,36,37,38,39
830,8,16,17,18,19,26,27,28,29,36,37,38,39
831,8,16,17,18,19,26,27,28,29,37,38,39
832,8,16,17,18,19,26,27,28,29,37,38,39
833,8,16,17,18,19,26,27,28,29,37,38,39
834,8,16,17,18,19,26,27,28,29,37,38,39
835,8,17,18,19,26,27,28,29,37,38,39
836,8,17,18,19,26,27,28,29,37,38,39
837,8,17,18,19,26,27,28,29,37,38,39
838,8,17,18,19,26,27,28,29,37,38,39
839,8,17,18,19,26,27,28,29,37,38,39
840,8,17,18,19,26,27,28,29,37,38,39
841,8,17,18,19,27,28,29,37,38,39
842,8,17,18,19,27,28,29,37,38,39
843,8,17,18,19,27,28,29,37,38,39
844,8,17,18,19,27,28,29,37,38,39
845,8,17,18,19,27,28,29,37,38,39
846,8,17,18,19,27,28,29,37,38,39
847,8,17,18,19,27,28,29,37,38,39
848,8,17,18,19,27,28,29,37,38,39
849,8,17,18,19,27,28,29,37,38,39
850,8,17,18,19,27,28,29,37,38,39
851,8,17,18,19,27,28,29,37,38,39
852,8,17,18,19,27,28,29,37,38,39
853,8,9,17,18,19,27,28,29,37,38,39
854,8,9,17,18,19,27,28,29,37,38,39
855,8,9,17,18,19,27,28,29,30,37,38,39
856,8,9,17,18,19,27,28,29,30,37,38,39
857,8,9,17,18,19,20,27,28,29,30,37,38,39
858,8,9,17,18,19,20,27,28,29,30,37,38,39
859,8,9,17,18,19,20,27,28,29,30,37,38,39,40
860,8,9,17,18,19,20,27,28,29,30,37,38,39,40
861,8,9,17,18,19,20,27,28,29,30,37,38,39,40
862,8,9,17,18,19,20,27,28,29,30,37,38,39,40
863,8,9,17,18,19,20,27,28,29,30,37,38,39,40
864,8,9,17,18,19,20,27,28,29,30,37,38,39,40
865,8,9,17,18,19,20,27,28,29,30,37,38,39,40
866,8,9,17,18,19,20,27,28,29,30,37,38,39,40
867,8,9,17,18,19,20,27,28,29,30,37,38,39,40
868,8,9,17,18,19,20,27,28,29,30,37,38,39,40
869,9,17,18,19,20,27,28,29,30,37,38,39,40
870,9,17,18,19,20,27,28,29,30,37,38,39,40
871,9,17,18,19,20,27,28,29,30,37,38,39,40
872,9,17,18,19,20,27,28,29,30,37,38,39,40
873,9,17,18,19,20,27,28,29,30,37,38,39,40
874,9,17,18,19,20,27,28,29,30,37,38,39,40
875,9,17,18,19,20,27,28,29,30,37,38,39,40
876,9,17,18,19,20,27,28,29,30,37,38,39,40
877,9,17,18,19,20,27,28,29,30,37,38,39,40
878,9,17,18,19,20,27,28,29,30,37,38,39,40
879,8,9,17,18,19,20,27,28,29,30,37,38,39,40
880,8,9,17,18,19,20,27,28,29,30,37,38,39,40
881,8,9,17,18,19,20,27,28,29,30,37,38,39,40
882,8,9,17,18,19,20,27,28,29,30,37,38,39,40
883,8,9,17,18,19,20,27,28,29,30,37,38,39,40
884,8,9,17,18,19,20,27,28,29,30,37,38,39,40
885,8,9,17,18,19,20,27,28,29,30,37,38,39,40
886,8,9,17,18,19,20,27,28,29,30,37,38,39,40
887,8,9,17,18,19,20,27,28,29,30,37,38,39,40
888,8,9,17,18,19,20,27,28,29,30,37,38,39,40
889,8,9,17,18,19,20,27,28,29,30,37,38,39,40
890,8,9,17,18,19,20,27,28,29,30,37,38,39,40
891,8,9,17,18,19,20,27,28,29,30,37,38,39,40
892,8,9,17,18,19,20,27,28,29,30,37,38,39,40
893,8,9,17,18,19,20,27,28,29,30,37,38,39,40
894,8,9,17,18,19,20,27,28,29,30,37,38,39,40
895,8,9,17,18,19,20,27,28,29,30,37,38,39,40
896,8,9,17,18,19,20,27,28,29,30,37,38,39,40
897,8,9,17,18,19,20,27,28,29,30,37,38,39
898,8,9,17,18,19,20,27,28,29,30,37,38,39
899,8,9,17,18,19,20,27,28,29,30,37,38,39
900,8,9,17,18,19,20,27,28,29,30,37,38,39
901,8,9,17,18,19,20,27,28,29,30,37,38,39
902,8,9,17,18,19,20,27,28,29,30,37,38,39
903,8,9,17,18,19,20,27,28,29,30,37,38,39
904,8,9,17,18,19,20,27,28,29,30,37,38,39
905,8,9,17,18,19,27,28,29,30,37,38,39
906,8,9,17,18,19,27,28,29,30,37,38,39
907,8,9,17,18,19,27,28,29,37,38,39
908,8,9,17,18,19,27,28,29,37,38,39
909,8,9,17,18,19,27,28,29,37,38,39
910,8,9,17,18,19,27,28,29,37,38,39
911,8,9,17,18,19,27,28,29,37,38,39
912,8,9,17,18,19,27,28,29,37,38,39
913,8,9,16,17,18,19,26,27,28,29,37,38,39
914,8,9,16,17,18,19,26,27,28,29,37,38,39
915,8,9,16,17,18,19,26,27,28,29,37,38,39
916,8,9,16,17,18,19,26,27,28,29,37,38,39
917,8,9,16,17,18,19,26,27,28,29,37,38,39
918,8,9,16,17,18,19,26,27,28,29,37,38,39
919,8,16,17,18,19,26,27,28,29,37,38,39
920,8,16,17,18,19,26,27,28,29,37,38,39
921,8,16,17,18,19,26,27,28,29,37,38,39
922,8,16,17,18,19,26,27,28,29,37,38,39
923,8,16,17,18,19,26,27,28,29,37,38,39
924,8,16,17,18,19,26,27,28,29,37,38,39
925,8,16,17,18,19,26,27,28,29,37,38,39
926,8,16,17,18,19,26,27,28,29,37,38,39
927,8,16,17,18,19,26,27,28,29,36,37,38,39
928,8,16,17,18,19,26,27,28,29,36,37,38,39
929,8,16,17,18,19,26,27,28,29,36,37,38,39
930,8,16,17,18,19,26,27,28,29,36,37,38,39
931,8,16,17,18,19,26,27,28,29,36,37,38,39
932,8,16,17,18,19,26,27,28,29,36,37,38,39
933,8,16,17,18,19,26,27,28,29,36,37,38,39
934,8,16,17,18,19,26,27,28,29,36,37,38,39
935,8,16,17,18,19,26,27,28,29,36,37,38,39
936,8,16,17,18,19,26,27,28,29,36,37,38,39
937,8,16,17,18,19,26,27,28,29,36,37,38,39
938,8,16,17,18,19,26,27,28,29,36,37,38,39
939,8,16,17,18,19,26,27,28,29,36,37,38,39
940,8,16,17,18,19,26,27,28,29,36,37,38,39
941,8,16,17,18,19,26,27,28,29,36,37,38,39
942,8,16,17,18,19,26,27,28,29,36,37,38,39
943,8,16,17,18,19,26,27,28,29,36,37,38,39
944,8,16,17,18,19,26,27,28,29,36,37,38,39
945,8,16,17,18,19,26,27,28,29,36,37,38,39
946,8,16,17,18,19,26,27,28,29,36,37,38,39
947,8,16,17,18,19,26,27,28,29,36,37,38,39
948,8,16,17,18,19,26,27,28,29,36,37,38,39
949,8,16,17,18,19,26,27,28,29,36,37,38,39
950,8,16,17,18,19,26,27,28,29,36,37,38,39
951,8,16,17,18,19,26,27,28,29,36,37,38,39
952,8,16,17,18,19,26,27,28,29,36,37,38,39
953,8,16,17,18,19,26,27,28,29,37,38,39
954,8,16,17,18,19,26,27,28,29,37,38,39
955,8,16,17,18,19,26,27,28,29,37,38,39
956,8,16,17,18,19,26,27,28,29,37,38,39
957,8,16,17,18,19,26,27,28,29,37,38,39
958,8,16,17,18,19,26,27,28,29,37,38,39
959,8,16,17,18,19,26,27,28,29,37,38,39
960,8,16,17,18,19,26,27,28,29,37,38,39
961,8,16,17,18,19,26,27,28,29,37,38,39
962,8,16,17,18,19,26,27,28,29,37,38,39
963,8,16,17,18,19,26,27,28,29,37,38,39
964,8,16,17,18,19,26,27,28,29,37,38,39
965,8,16,17,18,19,26,27,28,29,37,38,39
966,8,16,17,18,19,26,27,28,29,37,38,39
967,8,16,17,18,19,26,27,28,29,37,38,39
968,8,16,17,18,19,26,27,28,29,37,38,39
969,8,16,17,18,19,26,27,28,29,37,38,39
970,8,16,17,18,19,26,27,28,29,37,38,39
971,8,16,17,18,19,26,27,28,29,37,38,39
972,8,16,17,18,19,26,27,28,29,37,38,39
973,8,16,17,18,19,26,27,28,29,37,38,39
974,8,16,17,18,19,26,27,28,29,37,38,39
975,8,17,18,19,26,27,28,29,37,38,39
976,8,17,18,19,26,27,28,29,37,38,39
977,8,17,18,19,27,28,29,37,38,39
978,8,17,18,19,27,28,29,37,38,39
979,8,17,18,19,27,28,29,37,38,39
980,8,17,18,19,27,28,29,37,38,39
981,8,17,18,19,27,28,29,37,38,39
982,8,17,18,19,27,28,29,37,38,39
983,8,17,18,19,27,28,29,37,38,39
984,8,17,18,19,27,28,29,37,38,39
985,8,17,18,19,27,28,29,37,38,39
986,8,17,18,19,27,28,29,37,38,39
987,8,17,18,19,27,28,29,37,38,39
988,8,17,18,19,27,28,29,37,38,39
989,8,17,18,19,27,28,29,37,38,39
990,8,17,18,19,27,28,29,37,38,39
991,8,17,18,19,27,28,29,37,38,39
992,8,17,18,19,27,28,29,37,38,39
993,8,17,18,19,27,28,29,37,38,39
994,8,17,18,19,27,28,29,37,38,39
995,8,17,18,19,27,28,29,37,38,39
996,8,17,18,19,27,28,29,37,38,39
997,8,17,18,19,27,28,29,37,38,39
998,8,17,18,19,27,28,29,37,38,39
999,8,17,18,19,27,28,29,37,38,39
1000,8,17,18,19,27,28,29,37,38,39
1001,8,17,18,19,27,28,29,37,38,39
1002,8,17,18,19,27,28,29,37,38,39
1003,8,17,18,19,27,28,29,37,38,39
1004,8,17,18,19,27,28,29,37,38,39
1005,8,17,18,19,27,28,29,37,38,39
1006,8,17,18,19,27,28,29,37,38,39
1007,8,17,18,19,27,28,29,37,38,39
1008,8,17,18,19,27,28,29,37,38,39
1009,8,17,18,19,27,28,29,37,38,39
1010,8,17,18,19,27,28,29,37,38,39
1011,8,17,18,19,27,28,29,37,38,39
1012,8,17,18,19,27,28,29,37,38,39
1013,8,9,17,18,19,27,28,29,37,38,39
1014,8,9,17,18,19,27,28,29,37,38,39
1015,8,9,17,18,19,27,28,29,37,38,39
1016,8,9,17,18,19,27,28,29,37,38,39
1017,8,9,17,18,19,27,28,29,37,38,39
1018,8,9,17,18,19,27,28,29,37,38,39
1019,8,9,17,18,19,27,28,29,37,38,39
1020,8,9,17,18,19,27,28,29,37,38,39
1021,8,9,17,18,19,27,28,29,37,38,39
1022,8,9,17,18,19,27,28,29,37,38,39
1023,8,9,17,18,19,27,28,29,37,38,39
1024,8,9,17,18,19,27,28,29,37,38,39
1025,8,9,17,18,19,27,28,29,37,38,39
1026,8,9,17,18,19,27,28,29,37,38,39
1027,8,9,17,18,19,27,28,29,37,38,39
1028,8,9,17,18,19,27,28,29,37,38,39
1029,8,9,17,18,19,27,28,29,37,38,39
1030,8,9,17,18,19,27,28,29,37,38,39
1031,8,9,17,18,19,27,28,29,37,38,39
1032,8,9,17,18,19,27,28,29,37,38,39
1033,8,9,17,18,19,27,28,29,37,38,39
1034,8,9,17,18,19,27,28,29,37,38,39
1035,8,9,17,18,19,27,28,29,37,38,39
1036,8,9,17,18,19,27,28,29,37,38,39
1037,8,9,17,18,19,27,28,29,37,38,39
1038,8,9,17,18,19,27,28,29,37,38,39
1039,8,9,17,18,19,27,28,29,37,38,39
1040,8,9,17,18,19,27,28,29,37,38,39
1041,8,9,17,18,19,27,28,29,37,38,39
1042,8,9,17,18,19,27,28,29,37,38,39
1043,8,9,17,18,19,27,28,29,37,38,39
1044,8,9,17,18,19,27,28,29,37,38,39
1045,8,9,17,18,19,27,28,29,37,38,39
1046,8,9,17,18,19,27,28,29,37,38,39
1047,8,9,17,18,19,27,28,29,37,38,39
1048,8,9,17,18,19,27,28,29,37,38,39
1049,8,9,17,18,19,27,28,29,37,38,39
1050,8,9,17,18,19,27,28,29,37,38,39
1051,8,9,17,18,19,27,28,29,37,38,39
1052,8,9,17,18,19,27,28,29,37,38,39
1053,8,9,17,18,19,27,28,29,37,38,39
1054,8,9,17,18,19,27,28,29,37,38,39
1055,8,9,17,18,19,27,28,29,37,38,39
1056,8,9,17,18,19,27,28,29,37,38,39
1057,8,9,17,18,19,27,28,29,37,38,39
1058,8,9,17,18,19,27,28,29,37,38,39
1059,8,9,17,18,19,27,28,29,37,38,39
1060,8,9,17,18,19,27,28,29,37,38,39
1061,8,9,17,18,19,27,28,29,37,38,39
1062,8,9,17,18,19,27,28,29,37,38,39
1063,8,9,17,18,19,27,28,29,37,38,39
1064,8,9,17,18,19,27,28,29,37,38,39
1065,8,9,17,18,19,27,28,29,37,38,39
1066,8,9,17,18,19,27,28,29,37,38,39
1067,8,9,17,18,19,27,28,29,37,38,39
1068,8,9,17,18,19,27,28,29,37,38,39
1069,8,9,17,18,19,27,28,29,37,38,39
1070,8,9,17,18,19,27,28,29,37,38,39
1071,8,9,17,18,19,27,28,29,30,37,38,39
1072,8,9,17,18,19,27,28,29,30,37,38,39
1073,8,9,17,18,19,27,28,29,30,37,38,39
1074,8,9,17,18,19,27,28,29,30,37,38,39
1075,8,9,17,18,19,27,28,29,30,37,38,39
1076,8,9,17,18,19,27,28,29,30,37,38,39
1077,8,9,17,18,19,27,28,29,30,37,38,39
1078,8,9,17,18,19,27,28,29,30,37,38,39
1079,8,9,17,18,19,27,28,29,30,37,38,39
1080,8,9,17,18,19,27,28,29,30,37,38,39
1081,8,9,17,18,19,27,28,29,30,37,38,39
1082,8,9,17,18,19,27,28,29,30,37,38,39
1083,8,9,17,18,19,27,28,29,30,37,38,39
1084,8,9,17,18,19,27,28,29,30,37,38,39
1085,8,9,17,18,19,27,28,29,30,37,38,39
1086,8,9,17,18,19,27,28,29,30,37,38,39
1087,8,9,17,18,19,27,28,29,30,37,38,39
1088,8,9,17,18,19,27,28,29,30,37,38,39
1089,8,9,17,18,19,27,28,29,30,37,38,39
1090,8,9,17,18,19,27,28,29,30,37,38,39
1091,8,9,17,18,19,27,28,29,30,37,38,39
1092,8,9,17,18,19,27,28,29,30,37,38,39
1093,8,9,17,18,19,27,28,29,30,37,38,39
1094,8,9,17,18,19,27,28,29,30,37,38,39
1095,8,9,17,18,19,20,27,28,29,30,37,38,39
1096,8,9,17,18,19,20,27,28,29,30,37,38,39
1097,8,9,17,18,19,20,27,28,29,30,37,38,39
1098,8,9,17,18,19,20,27,28,29,30,37,38,39
1099,8,9,17,18,19,20,27,28,29,30,37,38,39
1100,8,9,17,18,19,20,27,28,29,30,37,38,39
1101,8,9,17,18,19,27,28,29,30,37,38,39
1102,8,9,17,18,19,27,28,29,30,37,38,39
1103,8,9,17,18,19,27,28,29,30,37,38,39
1104,8,9,17,18,19,27,28,29,30,37,38,39
1105,8,9,17,18,19,27,28,29,30,37,38,39
1106,8,9,17,18,19,27,28,29,30,37,38,39
1107,8,9,17,18,19,27,28,29,30,37,38,39
1108,8,9,17,18,19,27,28,29,30,37,38,39
1109,8,9,17,18,19,27,28,29,30,37,38,39
1110,8,9,17,18,19,27,28,29,30,37,38,39
1111,8,9,17,18,19,27,28,29,30,37,38,39
1112,8,9,17,18,19,27,28,29,30,37,38,39
1113,8,9,17,18,19,27,28,29,37,38,39
1114,8,9,17,18,19,27,28,29,37,38,39
1115,8,9,17,18,19,27,28,29,37,38,39
1116,8,9,17,18,19,27,28,29,37,38,39
1117,8,9,17,18,19,27,28,29,37,38,39
1118,8,9,17,18,19,27,28,29,37,38,39
1119,8,9,17,18,19,27,28,29,30,37,38,39
1120,8,9,17,18,19,27,28,29,30,37,38,39
1121,8,9,17,18,19,27,28,29,30,37,38,39
1122,8,9,17,18,19,27,28,29,30,37,38,39
1123,8,9,17,18,19,27,28,29,30,37,38,39
1124,8,9,17,18,19,27,28,29,30,37,38,39
1125,8,9,17,18,19,27,28,29,30,37,38,39
1126,8,9,17,18,19,27,28,29,30,37,38,39
1127,8,9,17,18,19,27,28,29,30,37,38,39
1128,8,9,17,18,19,27,28,29,30,37,38,39
1129,8,9,17,18,19,27,28,29,30,37,38,39
1130,8,9,17,18,19,27,28,29,30,37,38,39
1131,8,9,17,18,19,27,28,29,30,37,38,39
1132,8,9,17,18,19,27,28,29,30,37,38,39
1133,8,9,17,18,19,27,28,29,30,37,38,39
1134,8,9,17,18,19,27,28,29,30,37,38,39
1135,8,9,17,18,19,27,28,29,30,37,38,39
1136,8,9,17,18,19,27,28,29,30,37,38,39
1137,8,9,17,18,19,27,28,29,30,37,38,39
1138,8,9,17,18,19,27,28,29,30,37,38,39
1139,8,9,17,18,19,20,27,28,29,30,37,38,39
1140,8,9,17,18,19,20,27,28,29,30,37,38,39
1141,8,9,17,18,19,20,27,28,29,30,37,38,39
1142,8,9,17,18,19,20,27,28,29,30,37,38,39
1143,8,9,17,18,19,20,27,28,29,30,37,38,39
1144,8,9,17,18,19,20,27,28,29,30,37,38,39
1145,8,9,17,18,19,20,27,28,29,30,37,38,39,40
1146,8,9,17,18,19,20,27,28,29,30,37,38,39,40
1147,8,9,17,18,19,20,27,28,29,30,37,38,39,40
1148,8,9,17,18,19,20,27,28,29,30,37,38,39,40
1149,8,9,17,18,19,20,27,28,29,30,37,38,39,40
1150,8,9,17,18,19,20,27,28,29,30,37,38,39,40
1151,8,9,17,18,19,20,27,28,29,30,37,38,39,40
1152,8,9,17,18,19,20,27,28,29,30,37,38,39,40
1153,8,9,17,18,19,20,27,28,29,30,37,38,39,40
1154,8,9,17,18,19,20,27,28,29,30,37,38,39,40
1155,9,17,18,19,20,27,28,29,30,38,39,40
1156,9,17,18,19,20,27,28,29,30,38,39,40
1157,9,17,18,19,20,27,28,29,30,38,39,40
1158,9,17,18,19,20,27,28,29,30,38,39,40
1159,9,17,18,19,20,27,28,29,30,38,39,40
1160,9,17,18,19,20,27,28,29,30,38,39,40
1161,9,17,18,19,20,27,28,29,30,38,39,40
1162,9,17,18,19,20,27,28,29,30,38,39,40
1163,9,17,18,19,20,27,28,29,30,38,39,40
1164,9,17,18,19,20,27,28,29,30,38,39,40
1165,9,17,18,19,20,27,28,29,30,38,39,40
1166,9,17,18,19,20,27,28,29,30,38,39,40
1167,9,17,18,19,20,27,28,29,30,38,39,40
1168,9,17,18,19,20,27,28,29,30,38,39,40
1169,9,17,18,19,20,27,28,29,30,38,39,40
1170,9,17,18,19,20,27,28,29,30,38,39,40
1171,9,17,18,19,20,27,28,29,30,38,39,40
1172,9,17,18,19,20,27,28,29,30,38,39,40
1173,9,17,18,19,20,27,28,29,30,38,39,40
1174,9,17,18,19,20,27,28,29,30,38,39,40
1175,9,17,18,19,20,27,28,29,30,38,39,40
1176,9,17,18,19,20,27,28,29,30,38,39,40
1177,9,17,18,19,20,27,28,29,30,38,39,40
1178,9,17,18,19,20,27,28,29,30,38,39,40
1179,9,17,18,19,20,27,28,29,30,37,38,39,40
1180,9,17,18,19,20,27,28,29,30,37,38,39,40
1181,8,9,17,18,19,20,27,28,29,30,37,38,39,40
1182,8,9,17,18,19,20,27,28,29,30,37,38,39,40
1183,8,9,17,18,19,20,27,28,29,30,37,38,39,40
1184,8,9,17,18,19,20,27,28,29,30,37,38,39,40
1185,8,9,17,18,19,20,27,28,29,30,37,38,39,40
1186,8,9,17,18,19,20,27,28,29,30,37,38,39,40
1187,8,9,17,18,19,20,27,28,29,30,37,38,39
1188,8,9,17,18,19,20,27,28,29,30,37,38,39
1189,8,9,17,18,19,20,27,28,29,30,37,38,39
1190,8,9,17,18,19,20,27,28,29,30,37,38,39
1191,8,9,17,18,19,27,28,29,37,38,39
1192,8,9,17,18,19,27,28,29,37,38,39
1193,8,9,17,18,19,27,28,29,37,38,39
1194,8,9,17,18,19,27,28,29,37,38,39
1195,8,9,17,18,19,27,28,29,37,38,39
1196,8,9,17,18,19,27,28,29,37,38,39
1197,8,9,17,18,19,27,28,29,37,38,39
1198,8,9,17,18,19,27,28,29,37,38,39
1199,8,9,16,17,18,19,26,27,28,29,37,38,39
1200,8,9,16,17,18,19,26,27,28,29,37,38,39
1201,8,9,16,17,18,19,26,27,28,29,37,38,39
1202,8,9,16,17,18,19,26,27,28,29,37,38,39
1203,8,9,16,17,18,19,26,27,28,29,37,38,39
1204,8,9,16,17,18,19,26,27,28,29,37,38,39
1205,7,8,9,16,17,18,19,26,27,28,29,37,38,39
1206,7,8,9,16,17,18,19,26,27,28,29,37,38,39
1207,7,8,9,16,17,18,19,26,27,28,29,37,38,39
1208,7,8,9,16,17,18,19,26,27,28,29,37,38,39
1209,7,8,16,17,18,19,26,27,28,29,37,38,39
1210,7,8,16,17,18,19,26,27,28,29,37,38,39
1211,7,8,16,17,18,19,26,27,28,29,37,38,39
1212,7,8,16,17,18,19,26,27,28,29,37,38,39
1213,7,8,16,17,18,19,26,27,28,29,36,37,38,39
1214,7,8,16,17,18,19,26,27,28,29,36,37,38,39
1215,7,8,16,17,18,19,26,27,28,29,36,37,38,39
1216,7,8,16,17,18,19,26,27,28,29,36,37,38,39
1217,7,8,16,17,18,19,26,27,28,29,36,37,38
1218,7,8,16,17,18,19,26,27,28,29,36,37,38
1219,7,8,16,17,18,19,26,27,28,29,36,37,38
1220,7,8,16,17,18,19,26,27,28,29,36,37,38
1221,7,8,16,17,18,19,26,27,28,29,36,37,38
1222,7,8,16,17,18,19,26,27,28,29,36,37,38
1223,7,8,16,17,18,19,26,27,28,29,36,37,38
1224,7,8,16,17,18,19,26,27,28,29,36,37,38
1225,7,8,16,17,18,26,27,28,29,36,37,38
1226,7,8,16,17,18,26,27,28,29,36,37,38
1227,7,8,16,17,18,26,27,28,36,37,38
1228,7,8,16,17,18,26,27,28,36,37,38
1229,7,8,16,17,18,26,27,28,36,37,38
1230,7,8,16,17,18,26,27,28,36,37,38
1231,7,8,16,17,18,26,27,28,36,37,38
1232,7,8,16,17,18,26,27,28,36,37,38
1233,7,8,16,17,18,26,27,28,29,36,37,38
1234,7,8,16,17,18,26,27,28,29,36,37,38
1235,7,8,16,17,18,19,26,27,28,29,36,37,38
1236,7,8,16,17,18,19,26,27,28,29,36,37,38
1237,7,8,16,17,18,19,26,27,28,29,36,37,38
1238,7,8,16,17,18,19,26,27,28,29,36,37,38
1239,7,8,16,17,18,19,26,27,28,29,36,37,38
1240,7,8,16,17,18,19,26,27,28,29,36,37,38
1241,7,8,16,17,18,19,26,27,28,29,36,37,38
1242,7,8,16,17,18,19,26,27,28,29,36,37,38
1243,7,8,16,17,18,19,26,27,28,29,36,37,38
1244,7,8,16,17,18,19,26,27,28,29,36,37,38
1245,7,8,16,17,18,19,26,27,28,29,36,37,38
1246,7,8,16,17,18,19,26,27,28,29,36,37,38
1247,7,8,16,17,18,19,26,27,28,29,36,37,38
1248,7,8,16,17,18,19,26,27,28,29,36,37,38
1249,7,8,16,17,18,19,26,27,28,29,36,37,38
1250,7,8,16,17,18,19,26,27,28,29,36,37,38
1251,7,8,16,17,18,19,26,27,28,29,36,37,38,39
1252,7,8,16,17,18,19,26,27,28,29,36,37,38,39
1253,7,8,16,17,18,19,26,27,28,29,37,38,39
1254,7,8,16,17,18,19,26,27,28,29,37,38,39
1255,7,8,9,16,17,18,19,26,27,28,29,37,38,39
1256,7,8,9,16,17,18,19,26,27,28,29,37,38,39
1257,7,8,9,16,17,18,19,26,27,28,29,37,38,39
1258,7,8,9,16,17,18,19,26,27,28,29,37,38,39
1259,7,8,9,16,17,18,19,26,27,28,29,37,38,39
1260,7,8,9,16,17,18,19,26,27,28,29,37,38,39
1261,8,9,16,17,18,19,26,27,28,29,37,38,39
1262,8,9,16,17,18,19,26,27,28,29,37,38,39
1263,8,9,16,17,18,19,26,27,28,29,37,38,39
1264,8,9,16,17,18,19,26,27,28,29,37,38,39
1265,8,9,16,17,18,19,26,27,28,29,37,38,39
1266,8,9,16,17,18,19,26,27,28,29,37,38,39
1267,8,9,16,17,18,19,26,27,28,29,37,38,39
1268,8,9,16,17,18,19,26,27,28,29,37,38,39
1269,8,9,16,17,18,19,26,27,28,29,37,38,39
1270,8,9,16,17,18,19,26,27,28,29,37,38,39
1271,8,9,16,17,18,19,26,27,28,29,37,38,39
1272,8,9,16,17,18,19,26,27,28,29,37,38,39
1273,8,9,16,17,18,19,26,27,28,29,37,38,39
1274,8,9,16,17,18,19,26,27,28,29,37,38,39
1275,8,9,17,18,19,26,27,28,29,37,38,39
1276,8,9,17,18,19,26,27,28,29,37,38,39
1277,8,9,17,18,19,27,28,29,37,38,39
1278,8,9,17,18,19,27,28,29,37,38,39
1279,8,9,17,18,19,27,28,29,37,38,39
1280,8,9,17,18,19,27,28,29,37,38,39
1281,8,9,17,18,19,27,28,29,37,38,39
1282,8,9,17,18,19,27,28,29,37,38,39
1283,8,9,17,18,19,27,28,29,37,38,39
1284,8,9,17,18,19,27,28,29,37,38,39
1285,8,9,17,18,19,27,28,29,37,38,39
1286,8,9,17,18,19,27,28,29,37,38,39
1287,8,9,17,18,19,27,28,29,37,38,39
1288,8,9,17,18,19,27,28,29,37,38,39
1289,8,9,17,18,19,20,27,28,29,30,37,38,39
1290,8,9,17,18,19,20,27,28,29,30,37,38,39
1291,8,9,17,18,19,20,27,28,29,30,37,38,39
1292,8,9,17,18,19,20,27,28,29,30,37,38,39
1293,8,9,17,18,19,20,27,28,29,30,37,38,39
1294,8,9,17,18,19,20,27,28,29,30,37,38,39
1295,8,9,17,18,19,20,27,28,29,30,37,38,39
1296,8,9,17,18,19,20,27,28,29,30,37,38,39
1297,8,9,17,18,19,20,27,28,29,30,37,38,39
1298,8,9,17,18,19,20,27,28,29,30,37,38,39
1299,8,9,17,18,19,20,27,28,29,30,37,38,39
1300,8,9,17,18,19,20,27,28,29,30,37,38,39
1301,8,9,17,18,19,20,27,28,29,30,37,38,39
1302,8,9,17,18,19,20,27,28,29,30,37,38,39
1303,8,9,17,18,19,20,27,28,29,30,37,38,39
1304,8,9,17,18,19,20,27,28,29,30,37,38,39
1305,8,9,17,18,19,20,27,28,29,30,37,38,39
1306,8,9,17,18,19,20,27,28,29,30,37,38,39
1307,8,9,17,18,19,20,27,28,29,30,37,38,39
1308,8,9,17,18,19,20,27,28,29,30,37,38,39
1309,8,9,17,18,19,20,27,28,29,30,37,38,39
1310,8,9,17,18,19,20,27,28,29,30,37,38,39
1311,8,9,17,18,19,20,27,28,29,30,37,38,39
1312,8,9,17,18,19,20,27,28,29,30,37,38,39
1313,8,9,17,18,19,20,27,28,29,30,37,38,39
1314,8,9,17,18,19,20,27,28,29,30,37,38,39
1315,8,9,17,18,19,20,27,28,29,30,37,38,39
1316,8,9,17,18,19,20,27,28,29,30,37,38,39
1317,8,9,17,18,19,20,27,28,29,30,37,38,39
1318,8,9,17,18,19,20,27,28,29,30,37,38,39
1319,8,9,17,18,19,20,27,28,29,30,37,38,39
1320,8,9,17,18,19,20,27,28,29,30,37,38,39
1321,8,9,17,18,19,20,27,28,29,30,37,38,39
1322,8,9,17,18,19,20,27,28,29,30,37,38,39
1323,8,9,17,18,19,20,27,28,29,30,37,38,39
1324,8,9,17,18,19,20,27,28,29,30,37,38,39
1325,8,9,17,18,19,20,27,28,29,30,37,38,39
1326,8,9,17,18,19,20,27,28,29,30,37,38,39
1327,8,9,17,18,19,20,27,28,29,30,37,38,39
1328,8,9,17,18,19,20,27,28,29,30,37,38,39
1329,8,9,17,18,19,20,27,28,29,30,37,38,39
1330,8,9,17,18,19,20,27,28,29,30,37,38,39
1331,8,9,17,18,19,20,27,28,29,30,37,38,39
1332,8,9,17,18,19,20,27,28,29,30,37,38,39
1333,8,9,17,18,19,20,27,28,29,30,37,38,39
1334,8,9,17,18,19,20,27,28,29,30,37,38,39
1335,8,9,17,18,19,20,27,28,29,30,37,38,39
1336,8,9,17,18,19,20,27,28,29,30,37,38,39
1337,8,9,17,18,19,20,27,28,29,30,37,38,39
1338,8,9,17,18,19,20,27,28,29,30,37,38,39
1339,8,9,17,18,19,20,27,28,29,30,37,38,39
1340,8,9,17,18,19,20,27,28,29,30,37,38,39
1341,8,9,17,18,19,20,27,28,29,30,37,38,39
1342,8,9,17,18,19,20,27,28,29,30,37,38,39
1343,8,9,17,18,19,20,27,28,29,30,37,38,39
1344,8,9,17,18,19,20,27,28,29,30,37,38,39
1345,8,9,17,18,19,20,27,28,29,30,37,38,39
1346,8,9,17,18,19,20,27,28,29,30,37,38,39
1347,8,9,17,18,19,20,27,28,29,30,37,38,39
1348,8,9,17,18,19,20,27,28,29,30,37,38,39
1349,8,9,17,18,19,20,27,28,29,30,37,38,39
1350,8,9,17,18,19,20,27,28,29,30,37,38,39
1351,8,9,17,18,19,20,27,28,29,30,37,38,39
1352,8,9,17,18,19,20,27,28,29,30,37,38,39
1353,8,9,17,18,19,20,27,28,29,30,37,38,39
1354,8,9,17,18,19,20,27,28,29,30,37,38,39
1355,8,9,17,18,19,20,27,28,29,30,37,38,39
1356,8,9,17,18,19,20,27,28,29,30,37,38,39
1357,8,9,17,18,19,20,27,28,29,30,37,38,39
1358,8,9,17,18,19,20,27,28,29,30,37,38,39
1359,8,9,17,18,19,20,27,28,29,30,37,38,39
1360,8,9,17,18,19,20,27,28,29,30,37,38,39
1361,8,9,17,18,19,20,27,28,29,30,37,38,39
1362,8,9,17,18,19,20,27,28,29,30,37,38,39
1363,8,9,17,18,19,20,27,28,29,30,37,38,39
1364,8,9,17,18,19,20,27,28,29,30,37,38,39
1365,8,9,17,18,19,20,27,28,29,30,37,38,39
1366,8,9,17,18,19,20,27,28,29,30,37,38,39
1367,8,9,17,18,19,20,27,28,29,30,37,38,39
1368,8,9,17,18,19,20,27,28,29,30,37,38,39
1369,8,9,17,18,19,20,27,28,29,30,37,38,39
1370,8,9,17,18,19,20,27,28,29,30,37,38,39
1371,8,9,17,18,19,20,27,28,29,30,37,38,39
1372,8,9,17,18,19,20,27,28,29,30,37,38,39
1373,8,9,10,17,18,19,20,27,28,29,30,38,39,40
1374,8,9,10,17,18,19,20,27,28,29,30,38,39,40
1375,8,9,10,17,18,19,20,27,28,29,30,38,39,40
1376,8,9,10,17,18,19,20,27,28,29,30,38,39,40
1377,8,9,10,17,18,19,20,27,28,29,30,38,39,40
1378,8,9,10,17,18,19,20,27,28,29,30,38,39,40
1379,8,9,10,17,18,19,20,27,28,29,30,38,39,40
1380,8,9,10,17,18,19,20,27,28,29,30,38,39,40
1381,8,9,10,17,18,19,20,27,28,29,30,38,39,40
1382,8,9,10,17,18,19,20,27,28,29,30,38,39,40
1383,8,9,10,17,18,19,20,27,28,29,30,38,39,40
1384,8,9,10,17,18,19,20,27,28,29,30,38,39,40
1385,9,10,18,19,20,28,29,30,38,39,40
1386,9,10,18,19,20,28,29,30,38,39,40
1387,9,10,18,19,20,28,29,30,38,39,40
1388,9,10,18,19,20,28,29,30,38,39,40
1389,9,10,18,19,20,28,29,30,38,39,40
1390,9,10,18,19,20,28,29,30,38,39,40
1391,9,10,18,19,20,28,29,30,38,39,40
1392,9,10,18,19,20,28,29,30,38,39,40
1393,9,10,18,19,20,28,29,30,38,39,40
1394,9,10,18,19,20,28,29,30,38,39,40
1395,9,10,18,19,20,28,29,30,38,39,40
1396,9,10,18,19,20,28,29,30,38,39,40
1397,9,10,18,19,20,28,29,30,38,39,40
1398,9,10,18,19,20,28,29,30,38,39,40
1399,9,10,18,19,20,28,29,30,38,39,40
1400,9,10,18,19,20,28,29,30,38,39,40
1401,9,10,18,19,20,28,29,30,38,39,40
1402,9,10,18,19,20,28,29,30,38,39,40
1403,9,10,18,19,20,28,29,30,38,39,40
1404,9,10,18,19,20,28,29,30,38,39,40
1405,9,10,18,19,20,28,29,30,38,39,40
1406,9,10,18,19,20,28,29,30,38,39,40
1407,9,10,18,19,20,28,29,30,38,39,40
1408,9,10,18,19,20,28,29,30,38,39,40
1409,9,10,18,19,20,28,29,30,38,39,40
1410,9,10,18,19,20,28,29,30,38,39,40
1411,9,10,18,19,20,28,29,30,38,39,40
1412,9,10,18,19,20,28,29,30,38,39,40
1413,9,10,18,19,20,28,29,30,38,39,40
1414,9,10,18,19,20,28,29,30,38,39,40
1415,9,10,18,19,20,28,29,30,38,39,40
1416,9,10,18,19,20,28,29,30,38,39,40
1417,9,10,17,18,19,20,27,28,29,30,38,39,40
1418,9,10,17,18,19,20,27,28,29,30,38,39,40
1419,9,10,17,18,19,20,27,28,29,30,38,39,40
1420,9,10,17,18,19,20,27,28,29,30,38,39,40
1421,9,10,17,18,19,20,27,28,29,30,38,39,40
1422,9,10,17,18,19,20,27,28,29,30,38,39,40
1423,9,10,17,18,19,20,27,28,29,30,38,39,40
1424,9,10,17,18,19,20,27,28,29,30,38,39,40
1425,9,10,17,18,19,20,27,28,29,30,38,39,40
1426,9,10,17,18,19,20,27,28,29,30,38,39,40
1427,9,10,17,18,19,20,27,28,29,30,38,39,40
1428,9,10,17,18,19,20,27,28,29,30,38,39,40
1429,9,10,17,18,19,20,27,28,29,30,38,39,40
1430,9,10,17,18,19,20,27,28,29,30,38,39,40
1431,9,10,17,18,19,20,27,28,29,30,38,39,40
1432,9,10,17,18,19,20,27,28,29,30,38,39,40
1433,9,10,17,18,19,20,27,28,29,30,38,39,40
1434,9,10,17,18,19,20,27,28,29,30,38,39,40
1435,9,10,18,19,20,27,28,29,30,38,39,40
1436,9,10,18,19,20,27,28,29,30,38,39,40
1437,9,10,18,19,20,27,28,29,30,38,39,40
1438,9,10,18,19,20,27,28,29,30,38,39,40
1439,9,10,18,19,20,27,28,29,30,38,39,40
1440,9,10,18,19,20,27,28,29,30,38,39,40
1441,9,10,18,19,20,27,28,29,30,38,39,40
1442,9,10,18,19,20,27,28,29,30,38,39,40
1443,9,10,18,19,20,27,28,29,30,38,39,40
1444,9,10,18,19,20,27,28,29,30,38,39,40
1445,9,10,18,19,20,27,28,29,30,38,39,40
1446,9,10,18,19,20,27,28,29,30,38,39,40
1447,9,10,18,19,20,27,28,29,30,38,39,40
1448,9,10,18,19,20,27,28,29,30,38,39,40
1449,9,10,17,18,19,20,27,28,29,30,38,39,40
1450,9,10,17,18,19,20,27,28,29,30,38,39,40
1451,9,10,17,18,19,20,27,28,29,30,38,39,40
1452,9,10,17,18,19,20,27,28,29,30,38,39,40
1453,9,10,17,18,19,20,27,28,29,30,38,39,40
1454,9,10,17,18,19,20,27,28,29,30,38,39,40
1455,9,10,17,18,19,20,27,28,29,30,38,39,40
1456,9,10,17,18,19,20,27,28,29,30,38,39,40
1457,8,9,10,17,18,19,20,27,28,29,30,38,39,40
1458,8,9,10,17,18,19,20,27,28,29,30,38,39,40
1459,8,9,10,17,18,19,20,27,28,29,30,38,39,40
1460,8,9,10,17,18,19,20,27,28,29,30,38,39,40
1461,8,9,10,17,18,19,20,27,28,29,30,38,39,40
1462,8,9,10,17,18,19,20,27,28,29,30,38,39,40
1463,8,9,10,17,18,19,20,27,28,29,30,38,39,40
1464,8,9,10,17,18,19,20,27,28,29,30,38,39,40
1465,8,9,10,17,18,19,20,27,28,29,30,38,39,40
1466,8,9,10,17,18,19,20,27,28,29,30,38,39,40
1467,8,9,10,17,18,19,20,27,28,29,30,38,39,40
1468,8,9,10,17,18,19,20,27,28,29,30,38,39,40
1469,8,9,10,17,18,19,20,27,28,29,30,38,39,40
1470,8,9,10,17,18,19,20,27,28,29,30,38,39,40
1471,8,9,10,17,18,19,20,27,28,29,30,38,39,40
1472,8,9,10,17,18,19,20,27,28,29,30,38,39,40
1473,8,9,10,17,18,19,20,27,28,29,30,38,39,40
1474,8,9,10,17,18,19,20,27,28,29,30,38,39,40
1475,8,9,10,17,18,19,20,27,28,29,30,38,39,40
1476,8,9,10,17,18,19,20,27,28,29,30,38,39,40
1477,8,9,10,17,18,19,20,27,28,29,30,38,39,40
1478,8,9,10,17,18,19,20,27,28,29,30,38,39,40
1479,8,9,10,17,18,19,20,27,28,29,30,38,39,40
1480,8,9,10,17,18,19,20,27,28,29,30,38,39,40
1481,8,9,10,17,18,19,20,27,28,29,30,38,39,40
1482,8,9,10,17,18,19,20,27,28,29,30,38,39,40
1483,8,9,10,17,18,19,20,27,28,29,30,38,39,40
1484,8,9,10,17,18,19,20,27,28,29,30,38,39,40
1485,8,9,10,17,18,19,20,27,28,29,30,38,39,40
1486,8,9,10,17,18,19,20,27,28,29,30,38,39,40
1487,8,9,10,17,18,19,20,27,28,29,30,38,39,40
1488,8,9,10,17,18,19,20,27,28,29,30,38,39,40
1489,8,9,10,17,18,19,20,27,28,29,30,38,39,40
1490,8,9,10,17,18,19,20,27,28,29,30,38,39,40
1491,8,9,10,17,18,19,20,27,28,29,30,38,39,40
1492,8,9,10,17,18,19,20,27,28,29,30,38,39,40
1493,8,9,10,17,18,19,20,27,28,29,30,38,39,40
1494,8,9,10,17,18,19,20,27,28,29,30,38,39,40
1495,8,9,10,17,18,19,20,27,28,29,30,38,39,40
1496,8,9,10,17,18,19,20,27,28,29,30,38,39,40
1497,8,9,10,17,18,19,20,27,28,29,30,38,39,40
1498,8,9,10,17,18,19,20,27,28,29,30,38,39,40
1499,8,9,17,18,19,20,27,28,29,30,38,39,40
1500,8,9,17,18,19,20,27,28,29,30,38,39,40
1501,8,9,17,18,19,20,27,28,29,30,38,39,40
1502,8,9,17,18,19,20,27,28,29,30,38,39,40
1503,8,9,17,18,19,20,27,28,29,30,38,39,40
1504,8,9,17,18,19,20,27,28,29,30,38,39,40
1505,8,9,17,18,19,20,27,28,29,30,38,39,40
1506,8,9,17,18,19,20,27,28,29,30,38,39,40
1507,8,9,17,18,19,20,27,28,29,30,38,39,40
1508,8,9,17,18,19,20,27,28,29,30,38,39,40
1509,8,9,17,18,19,20,27,28,29,30,38,39,40
1510,8,9,17,18,19,20,27,28,29,30,38,39,40
1511,8,9,17,18,19,20,27,28,29,30,38,39,40
1512,8,9,17,18,19,20,27,28,29,30,38,39,40
1513,8,9,17,18,19,20,27,28,29,30,38,39,40
1514,8,9,17,18,19,20,27,28,29,30,38,39,40
1515,8,9,17,18,19,20,27,28,29,30,38,39,40
1516,8,9,17,18,19,20,27,28,29,30,38,39,40
1517,8,9,17,18,19,20,27,28,29,30,38,39,40
1518,8,9,17,18,19,20,27,28,29,30,38,39,40
1519,8,9,17,18,19,20,27,28,29,30,38,39,40
1520,8,9,17,18,19,20,27,28,29,30,38,39,40
1521,8,9,17,18,19,20,27,28,29,30,38,39,40
1522,8,9,17,18,19,20,27,28,29,30,38,39,40
1523,8,9,10,17,18,19,20,27,28,29,30,38,39,40
1524,8,9,10,17,18,19,20,27,28,29,30,38,39,40
1525,8,9,10,17,18,19,20,27,28,29,30,38,39,40
1526,8,9,10,17,18,19,20,27,28,29,30,38,39,40
1527,8,9,10,17,18,19,20,27,28,29,30,38,39,40
1528,8,9,10,17,18,19,20,27,28,29,30,38,39,40
1529,8,9,10,17,18,19,20,27,28,29,30,38,39,40
1530,8,9,10,17,18,19,20,27,28,29,30,38,39,40
1531,8,9,10,17,18,19,20,27,28,29,30,38,39,40
1532,8,9,10,17,18,19,20,27,28,29,30,38,39,40
1533,8,9,10,17,18,19,20,27,28,29,30,38,39,40
1534,8,9,10,17,18,19,20,27,28,29,30,38,39,40
1535,8,9,10,17,18,19,20,27,28,29,30,38,39,40
1536,8,9,10,17,18,19,20,27,28,29,30,38,39,40
1537,8,9,10,17,18,19,20,27,28,29,30,38,39,40
1538,8,9,10,17,18,19,20,27,28,29,30,38,39,40
1539,8,9,17,18,19,20,27,28,29,30,37,38,39,40
1540,8,9,17,18,19,20,27,28,29,30,37,38,39,40
1541,8,9,17,18,19,20,27,28,29,30,37,38,39
1542,8,9,17,18,19,20,27,28,29,30,37,38,39
1543,8,9,17,18,19,20,27,28,29,30,37,38,39
1544,8,9,17,18,19,20,27,28,29,30,37,38,39
1545,8,9,17,18,19,20,27,28,29,30,37,38,39
1546,8,9,17,18,19,20,27,28,29,30,37,38,39
1547,8,9,17,18,19,20,27,28,29,30,37,38,39
1548,8,9,17,18,19,20,27,28,29,30,37,38,39
1549,8,9,17,18,19,20,27,28,29,30,37,38,39
1550,8,9,17,18,19,20,27,28,29,30,37,38,39
1551,8,9,17,18,19,20,27,28,29,30,37,38,39
1552,8,9,17,18,19,20,27,28,29,30,37,38,39
1553,8,9,17,18,19,20,27,28,29,30,37,38,39
1554,8,9,17,18,19,20,27,28,29,30,37,38,39
1555,8,9,17,18,19,20,27,28,29,30,37,38,39
1556,8,9,17,18,19,20,27,28,29,30,37,38,39
1557,8,9,17,18,19,20,27,28,29,30,37,38,39
1558,8,9,17,18,19,20,27,28,29,30,37,38,39
1559,8,9,17,18,19,20,27,28,29,30,37,38,39
1560,8,9,17,18,19,20,27,28,29,30,37,38,39
1561,8,9,17,18,19,20,27,28,29,30,37,38,39
1562,8,9,17,18,19,20,27,28,29,30,37,38,39
1563,8,9,17,18,19,20,27,28,29,30,37,38,39
1564,8,9,17,18,19,20,27,28,29,30,37,38,39
1565,8,9,17,18,19,20,27,28,29,30,37,38,39
1566,8,9,17,18,19,20,27,28,29,30,37,38,39
1567,8,9,17,18,19,20,27,28,29,30,37,38,39
1568,8,9,17,18,19,20,27,28,29,30,37,38,39
1569,8,9,17,18,19,20,27,28,29,30,37,38,39
1570,8,9,17,18,19,20,27,28,29,30,37,38,39
1571,8,9,17,18,19,20,27,28,29,30,37,38,39
1572,8,9,17,18,19,20,27,28,29,30,37,38,39
1573,8,9,17,18,19,20,27,28,29,30,37,38,39
1574,8,9,17,18,19,20,27,28,29,30,37,38,39
1575,8,9,17,18,19,20,27,28,29,30,37,38,39
1576,8,9,17,18,19,20,27,28,29,30,37,38,39
1577,8,9,17,18,19,20,27,28,29,30,37,38,39
1578,8,9,17,18,19,20,27,28,29,30,37,38,39
1579,8,9,17,18,19,20,27,28,29,30,37,38,39
1580,8,9,17,18,19,20,27,28,29,30,37,38,39
1581,8,9,17,18,19,20,27,28,29,30,37,38,39
1582,8,9,17,18,19,20,27,28,29,30,37,38,39
1583,8,9,17,18,19,20,27,28,29,30,37,38,39
1584,8,9,17,18,19,20,27,28,29,30,37,38,39
1585,8,9,17,18,19,20,27,28,29,30,37,38,39
1586,8,9,17,18,19,20,27,28,29,30,37,38,39
1587,8,9,17,18,19,20,27,28,29,30,37,38,39
1588,8,9,17,18,19,20,27,28,29,30,37,38,39
1589,8,9,17,18,19,20,27,28,29,30,37,38,39
1590,8,9,17,18,19,20,27,28,29,30,37,38,39
1591,8,9,17,18,19,20,27,28,29,30,37,38,39
1592,8,9,17,18,19,20,27,28,29,30,37,38,39
1593,8,9,17,18,19,20,27,28,29,30,37,38,39
1594,8,9,17,18,19,20,27,28,29,30,37,38,39
1595,8,9,17,18,19,20,27,28,29,30,37,38,39
1596,8,9,17,18,19,20,27,28,29,30,37,38,39
1597,8,9,17,18,19,20,27,28,29,30,37,38,39
1598,8,9,17,18,19,20,27,28,29,30,37,38,39
1599,8,9,17,18,19,20,27,28,29,30,37,38,39
1600,8,9,17,18,19,20,27,28,29,30,37,38,39
1601,8,9,17,18,19,20,27,28,29,30,37,38,39
1602,8,9,17,18,19,20,27,28,29,30,37,38,39
1603,8,9,17,18,19,20,27,28,29,30,37,38,39
1604,8,9,17,18,19,20,27,28,29,30,37,38,39
1605,8,9,17,18,19,20,27,28,29,30,37,38,39
1606,8,9,17,18,19,20,27,28,29,30,37,38,39
1607,8,9,17,18,19,20,27,28,29,30,37,38,39
1608,8,9,17,18,19,20,27,28,29,30,37,38,39
1609,8,9,17,18,19,20,27,28,29,30,37,38,39
1610,8,9,17,18,19,20,27,28,29,30,37,38,39
1611,8,9,17,18,19,20,27,28,29,30,37,38,39
1612,8,9,17,18,19,20,27,28,29,30,37,38,39
1613,8,9,17,18,19,20,27,28,29,30,37,38,39
1614,8,9,17,18,19,20,27,28,29,30,37,38,39
1615,8,9,17,18,19,20,27,28,29,30,37,38,39
1616,8,9,17,18,19,20,27,28,29,30,37,38,39
1617,8,9,17,18,19,20,27,28,29,30,37,38,39
1618,8,9,17,18,19,20,27,28,29,30,37,38,39
1619,8,9,17,18,19,20,27,28,29,30,37,38,39
1620,8,9,17,18,19,20,27,28,29,30,37,38,39
1621,8,9,17,18,19,20,27,28,29,30,37,38,39
1622,8,9,17,18,19,20,27,28,29,30,37,38,39
1623,8,9,17,18,19,20,27,28,29,30,37,38,39
1624,8,9,17,18,19,20,27,28,29,30,37,38,39
1625,8,9,17,18,19,20,27,28,29,30,37,38,39
1626,8,9,17,18,19,20,27,28,29,30,37,38,39
1627,8,9,17,18,19,20,27,28,29,30,37,38,39
1628,8,9,17,18,19,20,27,28,29,30,37,38,39
1629,8,9,17,18,19,27,28,29,37,38,39
1630,8,9,17,18,19,27,28,29,37,38,39
1631,8,9,17,18,19,27,28,29,37,38,39
1632,8,9,17,18,19,27,28,29,37,38,39
1633,8,9,17,18,19,27,28,29,37,38,39
1634,8,9,17,18,19,27,28,29,37,38,39
1635,8,9,17,18,19,27,28,29,37,38,39
1636,8,9,17,18,19,27,28,29,37,38,39
1637,7,8,9,17,18,19,27,28,29,37,38,39
1638,7,8,9,17,18,19,27,28,29,37,38,39
1639,7,8,9,17,18,19,27,28,29,37,38,39
1640,7,8,9,17,18,19,27,28,29,37,38,39
1641,7,8,9,17,18,19,27,28,29,37,38,39
1642,7,8,9,17,18,19,27,28,29,37,38,39
1643,7,8,9,17,18,19,27,28,29,37,38,39
1644,7,8,9,17,18,19,27,28,29,37,38,39
1645,7,8,9,17,18,19,27,28,29,37,38,39
1646,7,8,9,17,18,19,27,28,29,37,38,39
1647,7,8,9,17,18,19,27,28,29,37,38,39
1648,7,8,9,17,18,19,27,28,29,37,38,39
1649,7,8,9,17,18,19,27,28,29,37,38,39
1650,7,8,9,17,18,19,27,28,29,37,38,39
1651,7,8,9,17,18,19,27,28,29,37,38,39
1652,7,8,9,17,18,19,27,28,29,37,38,39
1653,7,8,9,17,18,19,27,28,29,37,38,39
1654,7,8,9,17,18,19,27,28,29,37,38,39
1655,7,8,9,17,18,19,27,28,29,37,38,39
1656,7,8,9,17,18,19,27,28,29,37,38,39
1657,7,8,9,17,18,19,27,28,29,37,38,39
1658,7,8,9,17,18,19,27,28,29,37,38,39
1659,7,8,9,17,18,19,27,28,29,37,38,39
1660,7,8,9,17,18,19,27,28,29,37,38,39
1661,7,8,9,16,17,18,19,26,27,28,29,37,38,39
1662,7,8,9,16,17,18,19,26,27,28,29,37,38,39
1663,7,8,9,16,17,18,19,26,27,28,29,37,38,39
1664,7,8,9,16,17,18,19,26,27,28,29,37,38,39
1665,7,8,9,16,17,18,19,26,27,28,29,37,38,39
1666,7,8,9,16,17,18,19,26,27,28,29,37,38,39
1667,7,8,9,16,17,18,19,26,27,28,29,37,38,39
1668,7,8,9,16,17,18,19,26,27,28,29,37,38,39
1669,7,8,9,16,17,18,19,26,27,28,29,37,38,39
1670,7,8,9,16,17,18,19,26,27,28,29,37,38,39
1671,7,8,9,16,17,18,19,26,27,28,29,37,38,39
1672,7,8,9,16,17,18,19,26,27,28,29,37,38,39
1673,7,8,9,16,17,18,19,26,27,28,29,37,38,39
1674,7,8,9,16,17,18,19,26,27,28,29,37,38,39
1675,7,8,9,16,17,18,19,26,27,28,29,37,38,39
1676,7,8,9,16,17,18,19,26,27,28,29,37,38,39
1677,7,8,9,16,17,18,19,26,27,28,29,37,38,39
1678,7,8,9,16,17,18,19,26,27,28,29,37,38,39
1679,7,8,16,17,18,19,26,27,28,29,36,37,38,39
1680,7,8,16,17,18,19,26,27,28,29,36,37,38,39
1681,7,8,16,17,18,19,26,27,28,29,36,37,38,39
1682,7,8,16,17,18,19,26,27,28,29,36,37,38,39
1683,7,8,16,17,18,19,26,27,28,29,36,37,38,39
1684,7,8,16,17,18,19,26,27,28,29,36,37,38,39
1685,7,8,16,17,18,19,26,27,28,29,36,37,38
1686,7,8,16,17,18,19,26,27,28,29,36,37,38
1687,7,8,16,17,18,19,26,27,28,29,36,37,38
1688,7,8,16,17,18,19,26,27,28,29,36,37,38
1689,7,8,16,17,18,19,26,27,28,29,36,37,38
1690,7,8,16,17,18,19,26,27,28,29,36,37,38
1691,7,8,16,17,18,19,26,27,28,29,36,37,38
1692,7,8,16,17,18,19,26,27,28,29,36,37,38
1693,7,8,16,17,18,19,26,27,28,29,36,37,38
1694,7,8,16,17,18,19,26,27,28,29,36,37,38
1695,7,8,16,17,18,19,26,27,28,29,36,37,38
1696,7,8,16,17,18,19,26,27,28,29,36,37,38
1697,7,8,16,17,18,19,26,27,28,29,36,37,38
1698,7,8,16,17,18,19,26,27,28,29,36,37,38
1699,7,8,16,17,18,26,27,28,36,37,38
1700,7,8,16,17,18,26,27,28,36,37,38
1701,7,8,15,16,17,18,25,26,27,28,36,37,38
1702,7,8,15,16,17,18,25,26,27,28,36,37,38
1703,6,7,8,15,16,17,18,25,26,27,28,36,37,38
1704,6,7,8,15,16,17,18,25,26,27,28,36,37,38
1705,6,7,15,16,17,18,25,26,27,28,35,36,37,38
1706,6,7,15,16,17,18,25,26,27,28,35,36,37,38
1707,6,7,15,16,17,18,25,26,27,28,35,36,37,38
1708,6,7,15,16,17,18,25,26,27,28,35,36,37,38
1709,6,7,15,16,17,18,25,26,27,28,35,36,37
1710,6,7,15,16,17,18,25,26,27,28,35,36,37
1711,6,7,15,16,17,18,25,26,27,28,35,36,37
1712,6,7,15,16,17,18,25,26,27,28,35,36,37
1713,6,7,15,16,17,18,25,26,27,28,35,36,37
1714,6,7,15,16,17,18,25,26,27,28,35,36,37
1715,6,7,15,16,17,18,25,26,27,28,35,36,37
1716,6,7,15,16,17,18,25,26,27,28,35,36,37
1717,6,7,15,16,17,18,25,26,27,28,35,36,37
1718,6,7,15,16,17,18,25,26,27,28,35,36,37
1719,6,7,15,16,17,18,25,26,27,28,35,36,37
1720,6,7,15,16,17,18,25,26,27,28,35,36,37
1721,6,7,15,16,17,18,25,26,27,28,35,36,37,38
1722,6,7,15,16,17,18,25,26,27,28,35,36,37,38
1723,6,7,15,16,17,18,25,26,27,28,35,36,37,38
1724,6,7,15,16,17,18,25,26,27,28,35,36,37,38
1725,6,7,15,16,17,18,25,26,27,28,35,36,37,38
1726,6,7,15,16,17,18,25,26,27,28,35,36,37,38
1727,7,15,16,17,18,25,26,27,28,36,37,38
1728,7,15,16,17,18,25,26,27,28,36,37,38
1729,7,15,16,17,18,25,26,27,28,36,37,38
1730,7,15,16,17,18,25,26,27,28,36,37,38
1731,7,16,17,18,25,26,27,28,36,37,38
1732,7,16,17,18,25,26,27,28,36,37,38
1733,7,8,16,17,18,26,27,28,36,37,38
1734,7,8,16,17,18,26,27,28,36,37,38
1735,7,8,16,17,18,19,26,27,28,29,36,37,38
1736,7,8,16,17,18,19,26,27,28,29,36,37,38
1737,7,8,16,17,18,19,26,27,28,29,36,37,38
1738,7,8,16,17,18,19,26,27,28,29,36,37,38
1739,7,8,16,17,18,19,26,27,28,29,36,37,38,39
1740,7,8,16,17,18,19,26,27,28,29,36,37,38,39
1741,7,8,16,17,18,19,26,27,28,29,36,37,38,39
1742,7,8,16,17,18,19,26,27,28,29,36,37,38,39
1743,8,16,17,18,19,26,27,28,29,37,38,39
1744,8,16,17,18,19,26,27,28,29,37,38,39
1745,8,16,17,18,19,26,27,28,29,37,38,39
1746,8,16,17,18,19,26,27,28,29,37,38,39
1747,8,9,17,18,19,27,28,29,37,38,39
1748,8,9,17,18,19,27,28,29,37,38,39
1749,8,9,17,18,19,27,28,29,37,38,39
1750,8,9,17,18,19,27,28,29,37,38,39
1751,8,9,17,18,19,27,28,29,37,38,39
1752,8,9,17,18,19,27,28,29,37,38,39
1753,8,9,17,18,19,20,27,28,29,30,37,38,39
1754,8,9,17,18,19,20,27,28,29,30,37,38,39
1755,8,9,17,18,19,20,27,28,29,30,37,38,39
1756,8,9,17,18,19,20,27,28,29,30,37,38,39
1757,8,9,17,18,19,20,27,28,29,30,37,38,39
1758,8,9,17,18,19,20,27,28,29,30,37,38,39
1759,8,9,17,18,19,20,27,28,29,30,37,38,39
1760,8,9,17,18,19,20,27,28,29,30,37,38,39
1761,8,9,17,18,19,20,27,28,29,30,37,38,39,40
1762,8,9,17,18,19,20,27,28,29,30,37,38,39,40
1763,8,9,17,18,19,20,27,28,29,30,37,38,39,40
1764,8,9,17,18,19,20,27,28,29,30,37,38,39,40
1765,8,9,17,18,19,20,27,28,29,30,37,38,39,40
1766,8,9,17,18,19,20,27,28,29,30,37,38,39,40
1767,8,9,17,18,19,20,27,28,29,30,37,38,39,40
1768,8,9,17,18,19,20,27,28,29,30,37,38,39,40
1769,8,9,17,18,19,20,27,28,29,30,37,38,39,40
1770,8,9,17,18,19,20,27,28,29,30,37,38,39,40
1771,8,9,17,18,19,20,27,28,29,30,37,38,39,40
1772,8,9,17,18,19,20,27,28,29,30,37,38,39,40
1773,8,9,17,18,19,20,27,28,29,30,37,38,39,40
1774,8,9,17,18,19,20,27,28,29,30,37,38,39,40
1775,8,9,17,18,19,20,27,28,29,30,37,38,39,40
1776,8,9,17,18,19,20,27,28,29,30,37,38,39,40
1777,8,9,17,18,19,20,27,28,29,30,37,38,39,40
1778,8,9,17,18,19,20,27,28,29,30,37,38,39,40
1779,8,9,17,18,19,20,27,28,29,30,37,38,39,40
1780,8,9,17,18,19,20,27,28,29,30,37,38,39,40
1781,8,9,17,18,19,20,27,28,29,30,37,38,39,40
1782,8,9,17,18,19,20,27,28,29,30,37,38,39,40
1783,8,9,17,18,19,20,27,28,29,30,37,38,39,40
1784,8,9,17,18,19,20,27,28,29,30,37,38,39,40
1785,8,9,17,18,19,20,27,28,29,30,37,38,39,40
1786,8,9,17,18,19,20,27,28,29,30,37,38,39,40
1787,8,9,17,18,19,20,27,28,29,30,37,38,39,40
1788,8,9,17,18,19,20,27,28,29,30,37,38,39,40
1789,8,9,17,18,19,20,27,28,29,30,37,38,39,40
1790,8,9,17,18,19,20,27,28,29,30,37,38,39,40
1791,8,9,17,18,19,20,27,28,29,30,37,38,39,40
1792,8,9,17,18,19,20,27,28,29,30,37,38,39,40
1793,8,9,17,18,19,20,27,28,29,30,37,38,39,40
1794,8,9,17,18,19,20,27,28,29,30,37,38,39,40
1795,8,9,17,18,19,20,27,28,29,30,37,38,39,40
1796,8,9,17,18,19,20,27,28,29,30,37,38,39,40
1797,8,9,17,18,19,20,27,28,29,30,37,38,39,40
1798,8,9,17,18,19,20,27,28,29,30,37,38,39,40
1799,8,9,17,18,19,20,27,28,29,30,37,38,39,40
1800,8,9,17,18,19,20,27,28,29,30,37,38,39,40
