1,7,8,9,12,13,14,17,18,19
2,7,8,9,12,13,14,17,18,19
3,7,8,9,12,13,14,17,18,19,23
4,7,8,9,12,13,14,17,18,19,23
5,7,8,9,12,13,14,17,18,19,23
6,7,8,9,12,13,14,17,18,19,23
7,7,8,9,12,13,14,17,18,19,23
8,7,8,9,12,13,14,17,18,19,23
9,7,8,9,12,13,14,17,18,19,23
10,7,8,9,12,13,14,17,18,19,23
11,7,8,9,12,13,14,17,18,19,23
12,7,8,9,12,13,14,17,18,19,23
13,7,8,9,12,13,14,17,18,19,23
14,7,8,9,12,13,14,17,18,19,23
15,7,8,9,12,13,14,17,18,19,23
16,7,8,9,12,13,14,17,18,19,23
17,7,8,9,12,13,14,17,18,19,23
18,7,8,9,12,13,14,17,18,19,23
19,7,8,9,12,13,14,17,18,19,23
20,7,8,9,12,13,14,17,18,19,23
21,7,8,9,12,13,14,17,18,19,23
22,7,8,9,12,13,14,17,18,19,23
23,7,8,9,12,13,14,17,18,19,23
24,7,8,9,12,13,14,17,18,19,23
25,7,8,9,12,13,14,17,18,19,23
26,7,8,9,12,13,14,17,18,19,23
27,8,9,12,13,14,17,18,19,23
28,8,9,12,13,14,17,18,19,23
29,8,9,12,13,14,17,18,19,23
30,8,9,12,13,14,17,18,19,23
31,8,9,12,13,14,18,19,23,24
32,8,9,12,13,14,18,19,23,24
33,8,9,13,14,18,19,23,24
34,8,9,13,14,18,19,23,24
35,8,9,13,14,18,19,23,24
36,8,9,13,14,18,19,23,24
37,8,9,13,14,18,19,23,24
38,8,9,13,14,18,19,23,24
39,8,9,13,14,18,19,23,24
40,8,9,13,14,18,19,23,24
41,8,9,13,14,18,19,23,24
42,8,9,13,14,18,19,23,24
43,8,9,13,14,18,19,23,24
44,8,9,13,14,18,19,23,24
45,8,9,13,14,18,19,23,24
46,8,9,13,14,18,19,23,24
47,8,9,13,14,18,19,23,24
48,8,9,13,14,18,19,23,24
49,8,9,13,14,15,18,19,20,24
50,8,9,13,14,15,18,19,20,24
51,8,9,13,14,15,18,19,20,24
52,8,9,13,14,15,18,19,20,24
53,8,9,10,13,14,15,18,19,20,24
54,8,9,10,13,14,15,18,19,20,24
55,8,9,10,13,14,15,18,19,20,24
56,8,9,10,13,14,15,18,19,20,24
57,8,9,10,13,14,15,18,19,20
58,8,9,10,13,14,15,18,19,20
59,8,9,10,13,14,15,18,19,20
60,8,9,10,13,14,15,18,19,20
61,9,10,13,14,15,18,19,20
62,9,10,13,14,15,18,19,20
63,9,10,13,14,15,19,20
64,9,10,13,14,15,19,20
65,4,9,10,14,15,19,20
66,4,9,10,14,15,19,20
67,4,9,10,14,15,19,20
68,4,9,10,14,15,19,20
69,4,9,10,14,15,19,20
70,4,9,10,14,15,19,20
71,4,9,10,14,15,19,20
72,4,9,10,14,15,19,20
73,9,10,14,15,19,20
74,9,10,14,15,19,20
75,9,10,14,15,19,20
76,9,10,14,15,19,20
77,9,10,14,15,19,20,24,25
78,9,10,14,15,19,20,24,25
79,9,10,14,15,19,20,24,25
80,9,10,14,15,19,20,24,25
81,9,10,14,15,19,20,24,25
82,9,10,14,15,19,20,24,25
83,9,10,14,15,19,20,24,25
84,9,10,14,15,19,20,24,25
85,9,10,14,15,19,20,24,25
86,9,10,14,15,19,20,24,25
87,9,10,14,15,19,20,24,25
88,9,10,14,15,19,20,24,25
89,9,10,14,15,19,20,24,25
90,9,10,14,15,19,20,24,25
91,9,10,14,15,19,20,24,25
92,9,10,14,15,19,20,24,25
93,9,10,14,15,19,20,24,25
94,9,10,14,15,19,20,24,25
95,9,10,14,15,19,20,24,25
96,9,10,14,15,19,20,24,25
97,9,10,14,15,19,20,24,25
98,9,10,14,15,19,20,24,25
99,9,14,15,18,19,20,23,24,25
100,9,14,15,18,19,20,23,24,25
101,14,15,18,19,20,23,24,25
102,14,15,18,19,20,23,24,25
103,14,15,18,19,20,23,24,25
104,14,15,18,19,20,23,24,25
105,14,15,18,19,20,21,22,23,24,25
106,14,15,18,19,20,21,22,23,24,25
107,14,15,18,19,20,21,22,23,24,25
108,14,15,18,19,20,21,22,23,24,25
109,14,15,18,19,20,21,22,23,24,25
110,14,15,18,19,20,21,22,23,24,25
111,14,15,18,19,20,21,22,23,24,25
112,14,15,18,19,20,21,22,23,24,25
113,14,15,18,19,20,21,22,23,24,25
114,14,15,18,19,20,21,22,23,24,25
115,13,14,15,18,19,20,21,22,23,24,25
116,13,14,15,18,19,20,21,22,23,24,25
117,13,14,15,18,19,20,21,22,23,24,25
118,13,14,15,18,19,20,21,22,23,24,25
119,13,14,15,18,19,20,21,22,23,24,25
120,13,14,15,18,19,20,21,22,23,24,25
121,13,14,15,18,19,20,21,22,23,24,25
122,13,14,15,18,19,20,21,22,23,24,25
123,13,14,15,18,19,20,21,22,23,24,25
124,13,14,15,18,19,20,21,22,23,24,25
125,13,14,15,18,19,20,21,22,23,24,25
126,13,14,15,18,19,20,21,22,23,24,25
127,13,14,18,19,20,21,22,23,24,25
128,13,14,18,19,20,21,22,23,24,25
129,13,14,18,19,20,21,22,23,24,25
130,13,14,18,19,20,21,22,23,24,25
131,13,14,18,19,20,21,22,23,24,25
132,13,14,18,19,20,21,22,23,24,25
133,13,14,17,18,19,20,21,22,23,24,25
134,13,14,17,18,19,20,21,22,23,24,25
135,13,14,17,18,19,20,21,22,23,24,25
136,13,14,17,18,19,20,21,22,23,24,25
137,13,14,17,18,19,20,21,22,23,24,25
138,13,14,17,18,19,20,21,22,23,24,25
139,13,14,17,18,19,21,22,23,24,25
140,13,14,17,18,19,21,22,23,24,25
141,12,13,14,17,18,19,21,22,23,24,25
142,12,13,14,17,18,19,21,22,23,24,25
143,12,13,14,17,18,19,21,22,23,24,25
144,12,13,14,17,18,19,21,22,23,24,25
145,12,13,14,17,18,19,21,22,23,24,25
146,12,13,14,17,18,19,21,22,23,24,25
147,12,13,17,18,19,21,22,23,24,25
148,12,13,17,18,19,21,22,23,24,25
149,12,13,17,18,19,21,22,23,24,25
150,12,13,17,18,19,21,22,23,24,25
151,12,13,17,18,21,22,23,24,25
152,12,13,17,18,21,22,23,24,25
153,12,13,16,17,18,21,22,23
154,12,13,16,17,18,21,22,23
155,12,13,16,17,18,21,22,23
156,12,13,16,17,18,21,22,23
157,7,11,12,13,16,17,18,21,22,23
158,7,11,12,13,16,17,18,21,22,23
159,7,11,12,13,16,17,18,21,22,23
160,7,11,12,13,16,17,18,21,22,23
161,7,11,12,13,16,17,18,21,22,23
162,7,11,12,13,16,17,18,21,22,23
163,7,11,12,13,16,17,18,21,22,23
164,7,11,12,13,16,17,18,21,22,23
165,7,11,12,13,16,17,18,21,22
166,7,11,12,13,16,17,18,21,22
167,7,11,12,16,17,21,22
168,7,11,12,16,17,21,22
169,7,11,12,16,17,21,22
170,7,11,12,16,17,21,22
171,7,11,12,16,17,21,22
172,7,11,12,16,17,21,22
173,7,11,12,16,17,21,22
174,7,11,12,16,17,21,22
175,6,7,11,12,16,17,21,22
176,6,7,11,12,16,17,21,22
177,6,7,11,12,16,17,21,22
178,6,7,11,12,16,17,21,22
179,6,7,11,12,16,17,21,22
180,6,7,11,12,16,17,21,22
181,6,7,11,12,16,17,21,22
182,6,7,11,12,16,17,21,22
183,6,7,11,12,16,17,21,22
184,6,7,11,12,16,17,21,22
185,6,7,11,12,16,17,21,22
186,6,7,11,12,16,17,21,22
187,6,7,11,12,16,17,21,22
188,6,7,11,12,16,17,21,22
189,6,7,11,12,16,17,21,22
190,6,7,11,12,16,17,21,22
191,6,7,11,12,16,17,21,22
192,6,7,11,12,16,17,21,22
193,6,7,11,12,15,16,17,20,21,22
194,6,7,11,12,15,16,17,20,21,22
195,6,7,11,12,15,16,17,20,21,22
196,6,7,11,12,15,16,17,20,21,22
197,6,7,11,12,15,16,17,20,21,22
198,6,7,11,12,15,16,17,20,21,22
199,6,7,11,12,15,16,17,20,21,22,25
200,6,7,11,12,15,16,17,20,21,22,25
201,6,11,12,15,16,17,20,21,22,25
202,6,11,12,15,16,17,20,21,22,25
203,6,10,11,12,15,16,17,20,21,25
204,6,10,11,12,15,16,17,20,21,25
205,6,10,11,12,15,16,17,20,21,25
206,6,10,11,12,15,16,17,20,21,25
207,6,10,11,12,15,16,17,20,21,25
208,6,10,11,12,15,16,17,20,21,25
209,6,10,11,12,15,16,17,20,21,22,25
210,6,10,11,12,15,16,17,20,21,22,25
211,6,7,11,12,15,16,17,20,21,22
212,6,7,11,12,15,16,17,20,21,22
213,6,7,11,12,15,16,17,20,21,22
214,6,7,11,12,15,16,17,20,21,22
215,6,7,11,12,16,17,21,22
216,6,7,11,12,16,17,21,22
217,6,7,11,12,16,17,21,22
218,6,7,11,12,16,17,21,22
219,6,7,11,12,16,17,21,22
220,6,7,11,12,16,17,21,22
221,6,7,11,12,16,17,21,22
222,6,7,11,12,16,17,21,22
223,6,7,11,12,16,17,21,22
224,6,7,11,12,16,17,21,22
225,6,7,11,12,13,16,17,22
226,6,7,11,12,13,16,17,22
227,6,7,11,12,13,16,17,18,22
228,6,7,11,12,13,16,17,18,22
229,6,7,8,11,12,13,16,17,18,22
230,6,7,8,11,12,13,16,17,18,22
231,6,7,8,11,12,13,16,17,18,22
232,6,7,8,11,12,13,16,17,18,22
233,6,7,8,11,12,13,16,17,18,22
234,6,7,8,11,12,13,16,17,18,22
235,6,7,8,11,12,13,16,17,18,22
236,6,7,8,11,12,13,16,17,18,22
237,6,7,8,11,12,13,16,17,18,22
238,6,7,8,11,12,13,16,17,18,22
239,6,7,8,11,12,13,16,17,18,22
240,6,7,8,11,12,13,16,17,18,22
241,6,7,8,11,12,13,16,17,18,22
242,6,7,8,11,12,13,16,17,18,22
243,6,7,8,11,12,13,16,17,18,22
244,6,7,8,11,12,13,16,17,18,22
245,7,8,11,12,13,16,17,18,22
246,7,8,11,12,13,16,17,18,22
247,7,8,11,12,13,17,18,22
248,7,8,11,12,13,17,18,22
249,7,8,12,13,17,18,22
250,7,8,12,13,17,18,22
251,7,8,12,13,17,18,22
252,7,8,12,13,17,18,22
253,7,8,12,13,17,18
254,7,8,12,13,17,18
255,7,8,12,13,17,18
256,7,8,12,13,17,18
257,3,7,8,12,13,17,18
258,3,7,8,12,13,17,18
259,3,7,8,12,13,14,17,18
260,3,7,8,12,13,14,17,18
261,3,7,8,9,12,13,14,17,18
262,3,7,8,9,12,13,14,17,18
263,3,7,8,9,12,13,14,17,18,19
264,3,7,8,9,12,13,14,17,18,19
265,3,7,8,9,12,13,14,17,18,19
266,3,7,8,9,12,13,14,17,18,19
267,3,4,7,8,9,12,13,14,18,19
268,3,4,7,8,9,12,13,14,18,19
269,3,4,8,9,13,14,18,19
270,3,4,8,9,13,14,18,19
271,3,4,8,9,13,14,18,19
272,3,4,8,9,13,14,18,19
273,3,4,8,9,13,14,18,19
274,3,4,8,9,13,14,18,19
275,3,4,8,9,13,14,18,19
276,3,4,8,9,13,14,18,19
277,3,4,8,9,13,14,18,19
278,3,4,8,9,13,14,18,19
279,4,8,9,13,14,18,19
280,4,8,9,13,14,18,19
281,4,8,9,13,14,15,18,19
282,4,8,9,13,14,15,18,19
283,4,8,9,10,13,14,15,18,19
284,4,8,9,10,13,14,15,18,19
285,4,8,9,10,13,14,15,18,19
286,4,8,9,10,13,14,15,18,19
287,4,8,9,10,13,14,15,18,19,20
288,4,8,9,10,13,14,15,18,19,20
289,4,5,8,9,10,13,14,15,19,20
290,4,5,8,9,10,13,14,15,19,20
291,4,5,8,9,10,13,14,15,19,20
292,4,5,8,9,10,13,14,15,19,20
293,4,5,8,9,10,13,14,15,19,20
294,4,5,8,9,10,13,14,15,19,20
295,4,5,8,9,10,13,14,15,19,20
296,4,5,8,9,10,13,14,15,19,20
297,4,5,9,10,14,15,19,20
298,4,5,9,10,14,15,19,20
299,4,5,9,10,14,15,19,20
300,4,5,9,10,14,15,19,20
301,4,5,9,10,14,15,19,20
302,4,5,9,10,14,15,19,20
303,4,5,9,10,14,15,19,20
304,4,5,9,10,14,15,19,20
305,4,5,9,10,14,15,19,20
306,4,5,9,10,14,15,19,20
307,4,5,9,10,14,15,19,20
308,4,5,9,10,14,15,19,20
309,4,5,9,10,14,15,19,20
310,4,5,9,10,14,15,19,20
311,4,5,9,10,14,15,19,20
312,4,5,9,10,14,15,19,20
313,4,5,9,10,14,15,19,20
314,4,5,9,10,14,15,19,20
315,4,5,9,10,13,14,15,19,20
316,4,5,9,10,13,14,15,19,20
317,4,5,8,9,10,13,14,15,19,20
318,4,5,8,9,10,13,14,15,19,20
319,4,5,8,9,10,13,14,15,19,20
320,4,5,8,9,10,13,14,15,19,20
321,4,5,8,9,10,13,14,15,19,20
322,4,5,8,9,10,13,14,15,19,20
323,4,5,8,9,10,13,14,15,19,20
324,4,5,8,9,10,13,14,15,19,20
325,4,5,8,9,10,13,14,15,19,20
326,4,5,8,9,10,13,14,15,19,20
327,4,5,8,9,10,13,14,15,19,20
328,4,5,8,9,10,13,14,15,19,20
329,4,5,8,9,10,13,14,15,19,20
330,4,5,8,9,10,13,14,15,19,20
331,4,8,9,10,13,14,15,19,20
332,4,8,9,10,13,14,15,19,20
333,4,8,9,10,13,14,15,19,20
334,4,8,9,10,13,14,15,19,20
335,4,8,9,10,13,14,15,19,20
336,4,8,9,10,13,14,15,19,20
337,8,9,10,13,14,15,19,20
338,8,9,10,13,14,15,19,20
339,8,9,10,13,14,15,18,19,20
340,8,9,10,13,14,15,18,19,20
341,8,9,10,13,14,15,18,19,20,24
342,8,9,10,13,14,15,18,19,20,24
343,8,9,10,13,14,15,18,19,20,24
344,8,9,10,13,14,15,18,19,20,24
345,9,10,13,14,15,18,19,20,24
346,9,10,13,14,15,18,19,20,24
347,8,9,10,13,14,15,18,19,20,24
348,8,9,10,13,14,15,18,19,20,24
349,8,9,10,13,14,15,18,19,20,24
350,8,9,10,13,14,15,18,19,20,24
351,8,9,10,13,14,15,18,19,20,24
352,8,9,10,13,14,15,18,19,20,24
353,8,9,13,14,15,18,19,20,23,24
354,8,9,13,14,15,18,19,20,23,24
355,8,9,13,14,15,18,19,20,23,24
356,8,9,13,14,15,18,19,20,23,24
357,8,9,13,14,15,18,19,20,23,24
358,8,9,13,14,15,18,19,20,23,24
359,8,9,13,14,15,18,19,20,23,24
360,8,9,13,14,15,18,19,20,23,24
361,8,9,13,14,15,18,19,20,23,24
362,8,9,13,14,15,18,19,20,23,24
363,8,9,13,14,15,18,19,20,23,24
364,8,9,13,14,15,18,19,20,23,24
365,8,9,13,14,15,18,19,20,23,24
366,8,9,13,14,15,18,19,20,23,24
367,8,9,13,14,15,18,19,20,23,24
368,8,9,13,14,15,18,19,20,23,24
369,8,9,13,14,15,18,19,20,23,24
370,8,9,13,14,15,18,19,20,23,24
371,8,9,10,13,14,15,18,19,20,24
372,8,9,10,13,14,15,18,19,20,24
373,9,10,13,14,15,18,19,20,24,25
374,9,10,13,14,15,18,19,20,24,25
375,9,10,13,14,15,18,19,20,24,25
376,9,10,13,14,15,18,19,20,24,25
377,9,10,13,14,15,18,19,20,24,25
378,9,10,13,14,15,18,19,20,24,25
379,9,10,14,15,19,20,24,25
380,9,10,14,15,19,20,24,25
381,9,10,14,15,19,20,24,25
382,9,10,14,15,19,20,24,25
383,9,10,14,15,19,20,24,25
384,9,10,14,15,19,20,24,25
385,9,10,14,15,19,20,24,25
386,9,10,14,15,19,20,24,25
387,9,10,14,15,19,20,24,25
388,9,10,14,15,19,20,24,25
389,9,10,14,15,19,20,24,25
390,9,10,14,15,19,20,24,25
391,9,10,14,15,19,20,24,25
392,9,10,14,15,19,20,24,25
393,9,10,14,15,19,20,24,25
394,9,10,14,15,19,20,24,25
395,9,10,14,15,19,20,24,25
396,9,10,14,15,19,20,24,25
397,9,10,14,15,19,20,24,25
398,9,10,14,15,19,20,24,25
399,9,10,14,15,19,20,24,25
400,9,10,14,15,19,20,24,25
401,9,10,14,15,19,20,24,25
402,9,10,14,15,19,20,24,25
403,9,10,14,15,19,20,24,25
404,9,10,14,15,19,20,24,25
405,9,10,14,15,19,20,24,25
406,9,10,14,15,19,20,24,25
407,9,10,14,15,19,20,24,25
408,9,10,14,15,19,20,24,25
409,9,10,13,14,15,18,19,20,24,25
410,9,10,13,14,15,18,19,20,24,25
411,9,10,13,14,15,18,19,20,24,25
412,9,10,13,14,15,18,19,20,24,25
413,9,10,13,14,15,18,19,20,24,25
414,9,10,13,14,15,18,19,20,24,25
415,8,9,13,14,15,18,19,20,23,24
416,8,9,13,14,15,18,19,20,23,24
417,8,9,13,14,15,18,19,20,23,24
418,8,9,13,14,15,18,19,20,23,24
419,8,9,13,14,18,19,23,24
420,8,9,13,14,18,19,23,24
421,8,9,13,14,18,19,23,24
422,8,9,13,14,18,19,23,24
423,8,9,13,14,18,19,23,24
424,8,9,13,14,18,19,23,24
425,8,9,12,13,14,17,18,19,23,24
426,8,9,12,13,14,17,18,19,23,24
427,8,9,12,13,14,17,18,19,22,23,24
428,8,9,12,13,14,17,18,19,22,23,24
429,7,8,12,13,14,17,18,19,22,23
430,7,8,12,13,14,17,18,19,22,23
431,7,8,12,13,14,17,18,19,22,23
432,7,8,12,13,14,17,18,19,22,23
433,7,8,12,13,17,18,22,23
434,7,8,12,13,17,18,22,23
435,7,8,12,13,17,18,22,23
436,7,8,12,13,17,18,22,23
437,7,8,12,13,17,18,22,23
438,7,8,12,13,17,18,22,23
439,7,8,12,13,17,18,22,23
440,7,8,12,13,17,18,22,23
441,7,8,11,12,13,16,17,18,22,23
442,7,8,11,12,13,16,17,18,22,23
443,7,8,11,12,13,16,17,18,22,23
444,7,8,11,12,13,16,17,18,22,23
445,6,7,8,11,12,13,16,17,18,22
446,6,7,8,11,12,13,16,17,18,22
447,6,7,11,12,13,16,17,18,21,22
448,6,7,11,12,13,16,17,18,21,22
449,6,7,11,12,16,17,21,22
450,6,7,11,12,16,17,21,22
451,6,7,11,12,16,17,21,22
452,6,7,11,12,16,17,21,22
453,6,7,11,12,16,17,21,22
454,6,7,11,12,16,17,21,22
455,6,7,11,12,16,17,21,22
456,6,7,11,12,16,17,21,22
457,6,7,11,12,16,17,21,22
458,6,7,11,12,16,17,21,22
459,6,7,11,12,16,17,21,22
460,6,7,11,12,16,17,21,22
461,6,7,11,12,16,17
462,6,7,11,12,16,17
463,6,7,11,12,16,17
464,6,7,11,12,16,17
465,6,7,11,12,16,17
466,6,7,11,12,16,17
467,6,7,11,12,15,16,17
468,6,7,11,12,15,16,17
469,6,7,10,11,12,15,16,17,20
470,6,7,10,11,12,15,16,17,20
471,1,6,7,10,11,12,15,16,17,20
472,1,6,7,10,11,12,15,16,17,20
473,1,6,7,10,11,12,15,16,17,20
474,1,6,7,10,11,12,15,16,17,20
475,1,6,7,10,11,12,15,16,17,20
476,1,6,7,10,11,12,15,16,17,20
477,1,6,7,10,11,12,15,16,17,20
478,1,6,7,10,11,12,15,16,17,20
479,1,6,7,10,11,12,15,16,17,20
480,1,6,7,10,11,12,15,16,17,20
481,1,6,7,10,11,12,15,16,17,20
482,1,6,7,10,11,12,15,16,17,20
483,1,6,7,10,11,12,15,16,17,20
484,1,6,7,10,11,12,15,16,17,20
485,1,6,7,10,11,12,15,16,17,20
486,1,6,7,10,11,12,15,16,17,20
487,1,6,7,10,11,12,15,16,17,20
488,1,6,7,10,11,12,15,16,17,20
489,1,6,7,10,11,12,15,16,17,20
490,1,6,7,10,11,12,15,16,17,20
491,1,6,7,10,11,12,15,16,17,20
492,1,6,7,10,11,12,15,16,17,20
493,1,6,7,10,11,12,15,16,17,20
494,1,6,7,10,11,12,15,16,17,20
495,1,6,7,10,11,12,15,16,17,20
496,1,6,7,10,11,12,15,16,17,20
497,1,6,7,10,11,12,15,16,17,20
498,1,6,7,10,11,12,15,16,17,20
499,1,6,7,10,11,12,15,16,17,20
500,1,6,7,10,11,12,15,16,17,20
501,1,6,7,10,11,12,15,16,17,20
502,1,6,7,10,11,12,15,16,17,20
503,1,6,7,10,11,12,15,16,17,20
504,1,6,7,10,11,12,15,16,17,20
505,1,6,7,10,11,12,15,16,17,20
506,1,6,7,10,11,12,15,16,17,20
507,1,6,7,10,11,12,15,16,17,20
508,1,6,7,10,11,12,15,16,17,20
509,1,6,7,10,11,12,15,16,17
510,1,6,7,10,11,12,15,16,17
511,1,6,7,10,11,12,15,16,17
512,1,6,7,10,11,12,15,16,17
513,1,6,7,10,11,12,15,16,17
514,1,6,7,10,11,12,15,16,17
515,1,6,7,10,11,12,15,16,17
516,1,6,7,10,11,12,15,16,17
517,1,6,7,10,11,12,15,16,17
518,1,6,7,10,11,12,15,16,17
519,1,6,7,10,11,12,15,16,17
520,1,6,7,10,11,12,15,16,17
521,1,6,7,10,11,12,15,16,17
522,1,6,7,10,11,12,15,16,17
523,1,6,7,10,11,12,15,16,17
524,1,6,7,10,11,12,15,16,17
525,1,6,7,10,11,12,15,16,17
526,1,6,7,10,11,12,15,16,17
527,1,6,7,10,11,12,15,16,17,20
528,1,6,7,10,11,12,15,16,17,20
529,1,6,7,10,11,12,15,16,17,20
530,1,6,7,10,11,12,15,16,17,20
531,1,6,7,10,11,12,15,16,17,20
532,1,6,7,10,11,12,15,16,17,20
533,1,6,7,10,11,12,15,16,17,20
534,1,6,7,10,11,12,15,16,17,20
535,1,6,7,10,11,12,15,16,17,20
536,1,6,7,10,11,12,15,16,17,20
537,1,6,7,10,11,12,15,16,17,20
538,1,6,7,10,11,12,15,16,17,20
539,1,6,7,10,11,12,15,16,17,20
540,1,6,7,10,11,12,15,16,17,20
541,1,6,7,10,11,12,15,16,17,20
542,1,6,7,10,11,12,15,16,17,20
543,1,6,7,10,11,12,15,16,17,20
544,1,6,7,10,11,12,15,16,17,20
545,1,6,7,10,11,12,15,16,17,20
546,1,6,7,10,11,12,15,16,17,20
547,1,6,7,10,11,12,15,16,17,20
548,1,6,7,10,11,12,15,16,17,20
549,1,6,7,10,11,12,15,16,17,20
550,1,6,7,10,11,12,15,16,17,20
551,1,6,7,10,11,12,15,16,17,20
552,1,6,7,10,11,12,15,16,17,20
553,1,6,7,10,11,12,15,16,17,20
554,1,6,7,10,11,12,15,16,17,20
555,1,6,7,10,11,12,15,16,17,20
556,1,6,7,10,11,12,15,16,17,20
557,1,6,7,10,11,12,15,16,17,20
558,1,6,7,10,11,12,15,16,17,20
559,1,6,7,10,11,12,15,16,17,20
560,1,6,7,10,11,12,15,16,17,20
561,1,6,7,10,11,12,15,16,17,20
562,1,6,7,10,11,12,15,16,17,20
563,1,6,7,10,11,12,15,16,17,20
564,1,6,7,10,11,12,15,16,17,20
565,1,6,7,10,11,12,15,16,17,20
566,1,6,7,10,11,12,15,16,17,20
567,1,6,7,10,11,12,15,16,17,20
568,1,6,7,10,11,12,15,16,17,20
569,1,6,7,10,11,12,15,16,17,20
570,1,6,7,10,11,12,15,16,17,20
571,1,6,7,10,11,12,15,16,17,20
572,1,6,7,10,11,12,15,16,17,20
573,1,6,7,10,11,12,15,16,17,20
574,1,6,7,10,11,12,15,16,17,20
575,1,6,7,10,11,12,15,16,17,20
576,1,6,7,10,11,12,15,16,17,20
577,1,6,7,10,11,12,15,16,17,20
578,1,6,7,10,11,12,15,16,17,20
579,1,6,7,10,11,12,15,16,17,20
580,1,6,7,10,11,12,15,16,17,20
581,6,7,10,11,12,15,16,17
582,6,7,10,11,12,15,16,17
583,6,7,11,12,16,17
584,6,7,11,12,16,17
585,6,7,11,12,16,17
586,6,7,11,12,16,17
587,6,7,11,12,16,17
588,6,7,11,12,16,17
589,6,7,11,12,16,17
590,6,7,11,12,16,17
591,6,7,11,12,16,17,22
592,6,7,11,12,16,17,22
593,6,7,11,12,16,17,22
594,6,7,11,12,16,17,22
595,6,7,11,12,13,16,17
596,6,7,11,12,13,16,17
597,6,7,8,11,12,13,16,17,18
598,6,7,8,11,12,13,16,17,18
599,6,7,8,11,12,13,16,17,18
600,6,7,8,11,12,13,16,17,18
601,6,7,8,11,12,13,16,17,18
602,6,7,8,11,12,13,16,17,18
603,6,7,8,11,12,13,16,17,18
604,6,7,8,11,12,13,16,17,18
605,7,8,11,12,13,17,18
606,7,8,11,12,13,17,18
607,7,8,12,13,17,18
608,7,8,12,13,17,18
609,7,8,12,13,17,18
610,7,8,12,13,17,18
611,7,8,12,13,17,18
612,7,8,12,13,17,18
613,7,8,12,13,17,18
614,7,8,12,13,17,18
615,7,8,12,13,17,18
616,7,8,12,13,17,18
617,7,8,12,13,17,18
618,7,8,12,13,17,18
619,3,7,8,12,13,17,18
620,3,7,8,12,13,17,18
621,3,7,8,12,13,17,18
622,3,7,8,12,13,17,18
623,7,8,12,13,14,17,18
624,7,8,12,13,14,17,18
625,7,8,9,12,13,14,17,18,19
626,7,8,9,12,13,14,17,18,19
627,3,7,8,9,12,13,14,17,18,19
628,3,7,8,9,12,13,14,17,18,19
629,3,7,8,9,12,13,14,17,18,19
630,3,7,8,9,12,13,14,17,18,19
631,3,7,8,9,12,13,14,18,19
632,3,7,8,9,12,13,14,18,19
633,3,8,9,13,14,18,19
634,3,8,9,13,14,18,19
635,3,8,9,13,14,18,19
636,3,8,9,13,14,18,19
637,4,8,9,13,14,18,19
638,4,8,9,13,14,18,19
639,4,8,9,13,14,18,19
640,4,8,9,13,14,18,19
641,4,8,9,13,14,18,19
642,4,8,9,13,14,18,19
643,4,8,9,13,14,18,19
644,4,8,9,13,14,18,19
645,4,8,9,13,14,18,19
646,4,8,9,13,14,18,19
647,4,8,9,13,14,18,19
648,4,8,9,13,14,18,19
649,4,8,9,13,14,18,19
650,4,8,9,13,14,18,19
651,4,8,9,13,14,18,19
652,4,8,9,13,14,18,19
653,4,8,9,13,14,15,18,19
654,4,8,9,13,14,15,18,19
655,4,8,9,10,13,14,15,18,19,20
656,4,8,9,10,13,14,15,18,19,20
657,4,8,9,10,13,14,15,18,19,20
658,4,8,9,10,13,14,15,18,19,20
659,4,8,9,10,13,14,15,18,19,20
660,4,8,9,10,13,14,15,18,19,20
661,4,8,9,10,13,14,15,18,19,20
662,4,8,9,10,13,14,15,18,19,20
663,4,8,9,10,13,14,15,18,19,20
664,4,8,9,10,13,14,15,18,19,20
665,4,8,9,10,13,14,15,19,20
666,4,8,9,10,13,14,15,19,20
667,4,5,8,9,10,13,14,15,19,20
668,4,5,8,9,10,13,14,15,19,20
669,4,5,9,10,14,15,19,20
670,4,5,9,10,14,15,19,20
671,4,5,9,10,14,15,19,20
672,4,5,9,10,14,15,19,20
673,4,5,9,10,14,15,19,20
674,4,5,9,10,14,15,19,20
675,4,5,9,10,14,15,19,20
676,4,5,9,10,14,15,19,20
677,4,5,9,10,14,15,19,20
678,4,5,9,10,14,15,19,20
679,4,5,9,10,14,15,19,20
680,4,5,9,10,14,15,19,20
681,4,5,9,10,14,15,19,20
682,4,5,9,10,14,15,19,20
683,4,5,9,10,14,15,19,20
684,4,5,9,10,14,15,19,20
685,4,5,9,10,14,15,19,20
686,4,5,9,10,14,15,19,20
687,4,5,9,10,14,15,19,20
688,4,5,9,10,14,15,19,20
689,4,5,9,10,14,15,19,20
690,4,5,9,10,14,15,19,20
691,4,5,9,10,14,15,19,20
692,4,5,9,10,14,15,19,20
693,4,5,9,10,14,15,19,20
694,4,5,9,10,14,15,19,20
695,4,5,9,10,14,15,19,20
696,4,5,9,10,14,15,19,20
697,4,5,9,10,14,15,19,20
698,4,5,9,10,14,15,19,20
699,4,5,9,10,14,15,19,20
700,4,5,9,10,14,15,19,20
701,4,5,9,10,14,15,19,20
702,4,5,9,10,14,15,19,20
703,4,5,9,10,14,15,19,20
704,4,5,9,10,14,15,19,20
705,4,5,9,10,14,15,19,20
706,4,5,9,10,14,15,19,20
707,4,5,8,9,10,13,14,15,19,20
708,4,5,8,9,10,13,14,15,19,20
709,4,5,8,9,10,13,14,15,19,20
710,4,5,8,9,10,13,14,15,19,20
711,4,8,9,10,13,14,15,19,20
712,4,8,9,10,13,14,15,19,20
713,4,8,9,10,13,14,15,18,19,20
714,4,8,9,10,13,14,15,18,19,20
715,4,8,9,10,13,14,15,18,19,20
716,4,8,9,10,13,14,15,18,19,20
717,4,8,9,10,13,14,15,18,19
718,4,8,9,10,13,14,15,18,19
719,4,8,9,10,13,14,15,18,19
720,4,8,9,10,13,14,15,18,19
721,4,8,9,10,13,14,15,18,19
722,4,8,9,10,13,14,15,18,19
723,4,8,9,10,13,14,15,18,19
724,4,8,9,10,13,14,15,18,19
725,4,8,9,13,14,18,19
726,4,8,9,13,14,18,19
727,4,8,9,13,14,18,19
728,4,8,9,13,14,18,19
729,4,8,9,13,14,18,19
730,4,8,9,13,14,18,19
731,3,4,8,9,13,14,18,19
732,3,4,8,9,13,14,18,19
733,3,4,8,9,13,14,18,19
734,3,4,8,9,13,14,18,19
735,3,4,8,9,13,14,18,19
736,3,4,8,9,13,14,18,19
737,3,4,8,9,13,14,18,19
738,3,4,8,9,13,14,18,19
739,3,4,8,9,13,14,18,19
740,3,4,8,9,13,14,18,19
741,3,4,8,9,13,14,18,19
742,3,4,8,9,13,14,18,19
743,3,4,8,9,13,14,18,19
744,3,4,8,9,13,14,18,19
745,3,4,8,9,13,14,18,19
746,3,4,8,9,13,14,18,19
747,3,4,8,9,13,14,18,19
748,3,4,8,9,13,14,18,19
749,3,4,8,9,13,14,18,19
750,3,4,8,9,13,14,18,19
751,3,4,8,9,13,14,18,19
752,3,4,8,9,13,14,18,19
753,3,4,8,9,13,14,18,19
754,3,4,8,9,13,14,18,19
755,3,4,8,9,13,14,18,19
756,3,4,8,9,13,14,18,19
757,3,4,8,9,13,14,18,19
758,3,4,8,9,13,14,18,19
759,3,4,8,9,13,14,18,19
760,3,4,8,9,13,14,18,19
761,3,4,8,9,13,14,18,19
762,3,4,8,9,13,14,18,19
763,3,4,8,9,13,14,18,19
764,3,4,8,9,13,14,18,19
765,3,4,8,9,13,14,18,19
766,3,4,8,9,13,14,18,19
767,3,4,8,9,13,14,18,19
768,3,4,8,9,13,14,18,19
769,3,4,8,9,13,14,18,19
770,3,4,8,9,13,14,18,19
771,3,4,8,9,13,14,18,19
772,3,4,8,9,13,14,18,19
773,3,4,8,9,13,14,18,19
774,3,4,8,9,13,14,18,19
775,3,4,8,9,13,14,18,19
776,3,4,8,9,13,14,18,19
777,3,4,8,9,13,14,18,19
778,3,4,8,9,13,14,18,19
779,3,4,8,9,13,14,18,19
780,3,4,8,9,13,14,18,19
781,3,4,8,9,13,14,18,19
782,3,4,8,9,13,14,18,19
783,3,4,8,9,13,14,18,19
784,3,4,8,9,13,14,18,19
785,4,8,9,13,14,18,19
786,4,8,9,13,14,18,19
787,4,8,9,13,14,18,19
788,4,8,9,13,14,18,19
789,4,8,9,10,13,14,15,18,19
790,4,8,9,10,13,14,15,18,19
791,4,8,9,10,13,14,15,18,19
792,4,8,9,10,13,14,15,18,19
793,4,8,9,10,13,14,15,19,20
794,4,8,9,10,13,14,15,19,20
795,4,5,8,9,10,13,14,15,19,20
796,4,5,8,9,10,13,14,15,19,20
797,4,5,9,10,14,15,19,20
798,4,5,9,10,14,15,19,20
799,4,5,9,10,14,15,19,20
800,4,5,9,10,14,15,19,20
801,4,5,9,10,14,15,19,20
802,4,5,9,10,14,15,19,20
803,4,5,9,10,14,15,19,20
804,4,5,9,10,14,15,19,20
805,4,5,9,10,14,15,19,20
806,4,5,9,10,14,15,19,20
807,4,5,9,10,14,15,19,20
808,4,5,9,10,14,15,19,20
809,4,5,9,10,14,15,19,20
810,4,5,9,10,14,15,19,20
811,4,5,9,10,14,15,19,20
812,4,5,9,10,14,15,19,20
813,4,5,6,9,10,14,15,19,20
814,4,5,6,9,10,14,15,19,20
815,4,5,6,9,10,11,14,15,19,20
816,4,5,6,9,10,11,14,15,19,20
817,4,5,6,9,10,11,14,15,19,20
818,4,5,6,9,10,11,14,15,19,20
819,5,6,9,10,11,14,15,19,20
820,5,6,9,10,11,14,15,19,20
821,5,6,9,10,11,14,15,19,20
822,5,6,9,10,11,14,15,19,20
823,5,6,9,10,11,14,15,19,20
824,5,6,9,10,11,14,15,19,20
825,4,5,6,9,10,11,14,15,19,20
826,4,5,6,9,10,11,14,15,19,20
827,4,5,6,9,10,11,14,15,19,20
828,4,5,6,9,10,11,14,15,19,20
829,4,5,6,9,10,11,14,15,20
830,4,5,6,9,10,11,14,15,20
831,4,5,6,9,10,11,14,15,16,20
832,4,5,6,9,10,11,14,15,16,20
833,5,6,9,10,11,14,15,16,20
834,5,6,9,10,11,14,15,16,20
835,5,6,9,10,11,14,15,16,20
836,5,6,9,10,11,14,15,16,20
837,5,6,9,10,11,14,15,16,20
838,5,6,9,10,11,14,15,16,20
839,5,6,9,10,11,14,15,16,20
840,5,6,9,10,11,14,15,16,20
841,1,5,6,10,11,15,16,20
842,1,5,6,10,11,15,16,20
843,1,5,6,10,11,15,16,20
844,1,5,6,10,11,15,16,20
845,1,5,6,10,11,15,16,20
846,1,5,6,10,11,15,16,20
847,1,5,6,10,11,15,16,20
848,1,5,6,10,11,15,16,20
849,6,10,11,15,16,20,21,25
850,6,10,11,15,16,20,21,25
851,6,10,11,15,16,20,21,25
852,6,10,11,15,16,20,21,25
853,6,10,11,15,16,20,21,25
854,6,10,11,15,16,20,21,25
855,6,10,11,15,16,20,21,25
856,6,10,11,15,16,20,21,25
857,6,10,11,15,16,20,21,25
858,6,10,11,15,16,20,21,25
859,6,10,11,15,16,20,21,25
860,6,10,11,15,16,20,21,25
861,6,10,11,15,16,20,21,25
862,6,10,11,15,16,20,21,25
863,1,5,6,10,11,15,16,20
864,1,5,6,10,11,15,16,20
865,5,6,10,11,15,16,20
866,5,6,10,11,15,16,20
867,5,6,9,10,11,14,15,16,20
868,5,6,9,10,11,14,15,16,20
869,5,6,9,10,11,14,15,16,19,20
870,5,6,9,10,11,14,15,16,19,20
871,5,6,9,10,11,14,15,19,20
872,5,6,9,10,11,14,15,19,20
873,5,6,9,10,11,14,15,19,20
874,5,6,9,10,11,14,15,19,20
875,5,9,10,14,15,19,20
876,5,9,10,14,15,19,20
877,4,5,9,10,14,15,19,20
878,4,5,9,10,14,15,19,20
879,4,5,9,10,14,15,19,20
880,4,5,9,10,14,15,19,20
881,4,5,9,10,14,15,19,20
882,4,5,9,10,14,15,19,20
883,4,5,9,10,14,15,19,20
884,4,5,9,10,14,15,19,20
885,4,5,9,10,14,15,19,20
886,4,5,9,10,14,15,19,20
887,4,5,9,10,14,15,19,20
888,4,5,9,10,14,15,19,20
889,4,5,9,10,14,15,19,20
890,4,5,9,10,14,15,19,20
891,4,5,9,10,14,15,19,20
892,4,5,9,10,14,15,19,20
893,4,5,8,9,10,13,14,15,19,20
894,4,5,8,9,10,13,14,15,19,20
895,4,5,8,9,10,13,14,15,19,20
896,4,5,8,9,10,13,14,15,19,20
897,4,5,8,9,10,13,14,15,19,20
898,4,5,8,9,10,13,14,15,19,20
899,4,5,8,9,10,13,14,15,19,20
900,4,5,8,9,10,13,14,15,19,20
901,4,5,8,9,10,13,14,15,19,20
902,4,5,8,9,10,13,14,15,19,20
903,4,5,8,9,10,13,14,15,19,20
904,4,5,8,9,10,13,14,15,19,20
905,4,5,8,9,10,13,14,15,19,20
906,4,5,8,9,10,13,14,15,19,20
907,4,5,8,9,10,13,14,15,19,20
908,4,5,8,9,10,13,14,15,19,20
909,4,5,8,9,10,13,14,15,19,20
910,4,5,8,9,10,13,14,15,19,20
911,4,8,9,10,13,14,15,19,20
912,4,8,9,10,13,14,15,19,20
913,4,8,9,10,13,14,15,18,19,20
914,4,8,9,10,13,14,15,18,19,20
915,4,8,9,10,13,14,15,18,19,20
916,4,8,9,10,13,14,15,18,19,20
917,4,8,9,10,13,14,15,18,19,20
918,4,8,9,10,13,14,15,18,19,20
919,4,8,9,10,13,14,15,18,19,20
920,4,8,9,10,13,14,15,18,19,20
921,4,8,9,10,13,14,15,18,19,20
922,4,8,9,10,13,14,15,18,19,20
923,4,8,9,10,13,14,15,18,19,20
924,4,8,9,10,13,14,15,18,19,20
925,4,8,9,10,13,14,15,18,19,20
926,4,8,9,10,13,14,15,18,19,20
927,4,8,9,10,13,14,15,18,19,20
928,4,8,9,10,13,14,15,18,19,20
929,4,8,9,10,13,14,15,18,19,20
930,4,8,9,10,13,14,15,18,19,20
931,4,8,9,10,13,14,15,19,20
932,4,8,9,10,13,14,15,19,20
933,4,8,9,10,13,14,15,19,20
934,4,8,9,10,13,14,15,19,20
935,4,5,8,9,10,13,14,15,19,20
936,4,5,8,9,10,13,14,15,19,20
937,4,5,8,9,10,13,14,15,19,20
938,4,5,8,9,10,13,14,15,19,20
939,4,5,8,9,10,13,14,15,19,20
940,4,5,8,9,10,13,14,15,19,20
941,4,5,8,9,10,13,14,15,19,20
942,4,5,8,9,10,13,14,15,19,20
943,4,5,8,9,10,13,14,15,19,20
944,4,5,8,9,10,13,14,15,19,20
945,4,5,8,9,10,13,14,15,19,20
946,4,5,8,9,10,13,14,15,19,20
947,4,5,8,9,10,13,14,15,19,20
948,4,5,8,9,10,13,14,15,19,20
949,4,5,8,9,10,13,14,15,19,20
950,4,5,8,9,10,13,14,15,19,20
951,4,5,8,9,10,13,14,15,19,20
952,4,5,8,9,10,13,14,15,19,20
953,4,5,8,9,10,13,14,15,19,20
954,4,5,8,9,10,13,14,15,19,20
955,4,5,8,9,10,13,14,15,19,20
956,4,5,8,9,10,13,14,15,19,20
957,4,5,8,9,10,13,14,15,19,20
958,4,5,8,9,10,13,14,15,19,20
959,4,5,8,9,10,13,14,15,19,20
960,4,5,8,9,10,13,14,15,19,20
961,4,5,8,9,10,13,14,15,19,20
962,4,5,8,9,10,13,14,15,19,20
963,4,5,8,9,10,13,14,15,19,20
964,4,5,8,9,10,13,14,15,19,20
965,4,5,8,9,10,13,14,15,19,20
966,4,5,8,9,10,13,14,15,19,20
967,4,5,8,9,10,13,14,15,19,20
968,4,5,8,9,10,13,14,15,19,20
969,4,5,9,10,14,15,19,20
970,4,5,9,10,14,15,19,20
971,4,5,9,10,14,15,19,20
972,4,5,9,10,14,15,19,20
973,4,5,9,10,14,15,19,20
974,4,5,9,10,14,15,19,20
975,4,5,9,10,14,15,19,20
976,4,5,9,10,14,15,19,20
977,4,5,9,10,14,15,19,20
978,4,5,9,10,14,15,19,20
979,4,5,9,10,14,15,19,20
980,4,5,9,10,14,15,19,20
981,4,5,9,10,14,15,19,20
982,4,5,9,10,14,15,19,20
983,4,5,9,10,14,15,19,20
984,4,5,9,10,14,15,19,20
985,4,5,9,10,14,15,19,20
986,4,5,9,10,14,15,19,20
987,4,5,9,10,14,15,19,20
988,4,5,9,10,14,15,19,20
989,4,5,9,10,14,15,19,20
990,4,5,9,10,14,15,19,20
991,4,5,9,10,14,15,19,20
992,4,5,9,10,14,15,19,20
993,4,5,9,10,14,15,19,20
994,4,5,9,10,14,15,19,20
995,4,5,9,10,14,15,19,20
996,4,5,9,10,14,15,19,20
997,4,5,9,10,14,15,19,20
998,4,5,9,10,14,15,19,20
999,4,5,9,10,14,15,19,20
1000,4,5,9,10,14,15,19,20
1001,4,5,9,10,14,15,19,20
1002,4,5,9,10,14,15,19,20
1003,4,5,9,10,14,15,19,20
1004,4,5,9,10,14,15,19,20
1005,4,5,9,10,14,15,19,20
1006,4,5,9,10,14,15,19,20
1007,4,5,9,10,14,15,19,20
1008,4,5,9,10,14,15,19,20
1009,4,5,9,10,14,15,19,20
1010,4,5,9,10,14,15,19,20
1011,4,5,9,10,14,15,19,20
1012,4,5,9,10,14,15,19,20
1013,4,5,9,10,14,15,19,20
1014,4,5,9,10,14,15,19,20
1015,4,5,9,10,14,15,19,20
1016,4,5,9,10,14,15,19,20
1017,4,5,9,10,14,15,19,20
1018,4,5,9,10,14,15,19,20
1019,4,5,9,10,14,15,19,20
1020,4,5,9,10,14,15,19,20
1021,4,5,9,10,14,15,19,20
1022,4,5,9,10,14,15,19,20
1023,4,5,9,10,14,15,19,20
1024,4,5,9,10,14,15,19,20
1025,4,5,9,10,14,15,19,20
1026,4,5,9,10,14,15,19,20
1027,4,5,9,10,14,15,19,20
1028,4,5,9,10,14,15,19,20
1029,4,5,9,10,14,15,19,20
1030,4,5,9,10,14,15,19,20
1031,4,5,9,10,14,15,19,20
1032,4,5,9,10,14,15,19,20
1033,4,5,9,10,14,15,19,20
1034,4,5,9,10,14,15,19,20
1035,4,5,9,10,14,15,19,20
1036,4,5,9,10,14,15,19,20
1037,4,5,9,10,14,15,19,20
1038,4,5,9,10,14,15,19,20
1039,4,5,9,10,14,15,19,20
1040,4,5,9,10,14,15,19,20
1041,4,5,9,10,14,15,19,20
1042,4,5,9,10,14,15,19,20
1043,4,5,9,10,14,15,19,20
1044,4,5,9,10,14,15,19,20
1045,4,5,9,10,14,15,19,20
1046,4,5,9,10,14,15,19,20
1047,4,5,9,10,14,15,19,20
1048,4,5,9,10,14,15,19,20
1049,4,5,9,10,14,15,19,20
1050,4,5,9,10,14,15,19,20
1051,4,5,9,10,14,15,19,20
1052,4,5,9,10,14,15,19,20
1053,4,5,9,10,14,15,19,20
1054,4,5,9,10,14,15,19,20
1055,4,5,9,10,14,15,19,20
1056,4,5,9,10,14,15,19,20
1057,4,5,9,10,14,15,19,20
1058,4,5,9,10,14,15,19,20
1059,4,5,9,10,14,15,19,20
1060,4,5,9,10,14,15,19,20
1061,4,5,9,10,14,15,19,20
1062,4,5,9,10,14,15,19,20
1063,4,5,9,10,14,15,19,20
1064,4,5,9,10,14,15,19,20
1065,4,5,9,10,14,15,19,20
1066,4,5,9,10,14,15,19,20
1067,4,5,9,10,14,15,19,20
1068,4,5,9,10,14,15,19,20
1069,4,5,9,10,14,15,19,20
1070,4,5,9,10,14,15,19,20
1071,4,5,9,10,14,15,19,20
1072,4,5,9,10,14,15,19,20
1073,4,5,9,10,14,15,19,20
1074,4,5,9,10,14,15,19,20
1075,4,5,9,10,14,15,19,20
1076,4,5,9,10,14,15,19,20
1077,4,5,9,10,14,15,19,20
1078,4,5,9,10,14,15,19,20
1079,4,5,9,10,14,15,19,20
1080,4,5,9,10,14,15,19,20
1081,4,5,9,10,14,15,19,20
1082,4,5,9,10,14,15,19,20
1083,4,5,9,10,14,15,19,20
1084,4,5,9,10,14,15,19,20
1085,4,5,9,10,14,15,19,20
1086,4,5,9,10,14,15,19,20
1087,4,5,9,10,14,15,19,20
1088,4,5,9,10,14,15,19,20
1089,4,5,9,10,14,15,19,20
1090,4,5,9,10,14,15,19,20
1091,4,5,9,10,14,15,19,20
1092,4,5,9,10,14,15,19,20
1093,4,5,9,10,14,15,19,20
1094,4,5,9,10,14,15,19,20
1095,4,5,9,10,14,15,19,20
1096,4,5,9,10,14,15,19,20
1097,4,5,9,10,14,15,19,20
1098,4,5,9,10,14,15,19,20
1099,4,5,9,10,14,15,19,20
1100,4,5,9,10,14,15,19,20
1101,4,5,9,10,14,15,19,20
1102,4,5,9,10,14,15,19,20
1103,4,5,9,10,14,15,19,20
1104,4,5,9,10,14,15,19,20
1105,4,5,9,10,14,15,19,20
1106,4,5,9,10,14,15,19,20
1107,4,5,9,10,14,15,19,20
1108,4,5,9,10,14,15,19,20
1109,4,5,9,10,14,15,19,20
1110,4,5,9,10,14,15,19,20
1111,4,5,9,10,14,15,19,20
1112,4,5,9,10,14,15,19,20
1113,4,5,9,10,14,15,19,20
1114,4,5,9,10,14,15,19,20
1115,4,5,9,10,14,15,19,20
1116,4,5,9,10,14,15,19,20
1117,4,5,9,10,14,15,19,20
1118,4,5,9,10,14,15,19,20
1119,4,5,9,10,14,15,19,20
1120,4,5,9,10,14,15,19,20
1121,4,5,9,10,14,15,19,20
1122,4,5,9,10,14,15,19,20
1123,4,5,9,10,14,15,19,20
1124,4,5,9,10,14,15,19,20
1125,4,5,9,10,14,15,19,20
1126,4,5,9,10,14,15,19,20
1127,4,5,9,10,14,15,19,20
1128,4,5,9,10,14,15,19,20
1129,4,5,9,10,14,15,19,20
1130,4,5,9,10,14,15,19,20
1131,4,5,9,10,14,15,19,20
1132,4,5,9,10,14,15,19,20
1133,5,9,10,14,15,19,20
1134,5,9,10,14,15,19,20
1135,5,9,10,14,15,19,20
1136,5,9,10,14,15,19,20
1137,5,9,10,14,15,19,20
1138,5,9,10,14,15,19,20
1139,5,9,10,14,15,19,20
1140,5,9,10,14,15,19,20
1141,5,9,10,14,15,19,20
1142,5,9,10,14,15,19,20
1143,5,9,10,14,15,19,20
1144,5,9,10,14,15,19,20
1145,5,6,9,10,11,14,15,19,20
1146,5,6,9,10,11,14,15,19,20
1147,5,6,9,10,11,14,15,19,20
1148,5,6,9,10,11,14,15,19,20
1149,5,6,9,10,11,14,15,16,19,20
1150,5,6,9,10,11,14,15,16,19,20
1151,5,6,9,10,11,14,15,16,19,20
1152,5,6,9,10,11,14,15,16,19,20
1153,5,6,9,10,11,14,15,16,20
1154,5,6,9,10,11,14,15,16,20
1155,5,6,9,10,11,14,15,16,20
1156,5,6,9,10,11,14,15,16,20
1157,5,6,9,10,11,14,15,16,20
1158,5,6,9,10,11,14,15,16,20
1159,5,6,10,11,15,16,20
1160,5,6,10,11,15,16,20
1161,5,6,10,11,15,16,20
1162,5,6,10,11,15,16,20
1163,1,5,6,10,11,15,16,20
1164,1,5,6,10,11,15,16,20
1165,1,5,6,10,11,15,16,20
1166,1,5,6,10,11,15,16,20
1167,1,5,6,10,11,15,16,20
1168,1,5,6,10,11,15,16,20
1169,1,5,6,10,11,15,16,20
1170,1,5,6,10,11,15,16,20
1171,1,5,6,10,11,15,16,20
1172,1,5,6,10,11,15,16,20
1173,1,5,6,10,11,15,16,20
1174,1,5,6,10,11,15,16,20
1175,1,5,6,10,11,15,16,20
1176,1,5,6,10,11,15,16,20
1177,1,5,6,10,11,15,16,20
1178,1,5,6,10,11,15,16,20
1179,1,5,6,10,11,15,16,20
1180,1,5,6,10,11,15,16,20
1181,1,5,6,10,11,15,16,20
1182,1,5,6,10,11,15,16,20
1183,1,5,6,10,11,15,16,20
1184,1,5,6,10,11,15,16,20
1185,5,6,10,11,15,16,20
1186,5,6,10,11,15,16,20
1187,5,6,9,10,11,14,15,16,20
1188,5,6,9,10,11,14,15,16,20
1189,5,6,9,10,11,14,15,16,20
1190,5,6,9,10,11,14,15,16,20
1191,5,6,9,10,11,14,15,16,19,20
1192,5,6,9,10,11,14,15,16,19,20
1193,5,6,9,10,11,14,15,19,20
1194,5,6,9,10,11,14,15,19,20
1195,5,6,9,10,11,14,15,19,20
1196,5,6,9,10,11,14,15,19,20
1197,5,9,10,14,15,19,20
1198,5,9,10,14,15,19,20
1199,5,9,10,14,15,19,20
1200,5,9,10,14,15,19,20
1201,5,9,10,14,15,19,20
1202,5,9,10,14,15,19,20
1203,4,5,9,10,14,15,19,20
1204,4,5,9,10,14,15,19,20
1205,4,5,9,10,14,15,19,20
1206,4,5,9,10,14,15,19,20
1207,4,5,9,10,14,15,19,20
1208,4,5,9,10,14,15,19,20
1209,4,5,9,10,14,15,19,20
1210,4,5,9,10,14,15,19,20
1211,4,5,9,10,14,15,19,20
1212,4,5,9,10,14,15,19,20
1213,4,5,9,10,14,15,19,20
1214,4,5,9,10,14,15,19,20
1215,4,5,9,10,14,15,19,20
1216,4,5,9,10,14,15,19,20
1217,4,5,8,9,10,13,14,15,19,20
1218,4,5,8,9,10,13,14,15,19,20
1219,4,8,9,10,13,14,15,19,20
1220,4,8,9,10,13,14,15,19,20
1221,4,8,9,10,13,14,15,18,19,20
1222,4,8,9,10,13,14,15,18,19,20
1223,4,8,9,10,13,14,15,18,19,20
1224,4,8,9,10,13,14,15,18,19,20
1225,4,8,9,10,13,14,15,18,19,20
1226,4,8,9,10,13,14,15,18,19,20
1227,4,8,9,10,13,14,15,18,19,20
1228,4,8,9,10,13,14,15,18,19,20
1229,4,8,9,10,13,14,15,18,19,20
1230,4,8,9,10,13,14,15,18,19,20
1231,4,8,9,10,13,14,15,18,19,20
1232,4,8,9,10,13,14,15,18,19,20
1233,4,8,9,10,13,14,15,18,19,20
1234,4,8,9,10,13,14,15,18,19,20
1235,4,8,9,10,13,14,15,18,19
1236,4,8,9,10,13,14,15,18,19
1237,4,8,9,10,13,14,15,18,19
1238,4,8,9,10,13,14,15,18,19
1239,4,8,9,13,14,15,18,19
1240,4,8,9,13,14,15,18,19
1241,4,8,9,13,14,18,19
1242,4,8,9,13,14,18,19
1243,4,8,9,13,14,18,19
1244,4,8,9,13,14,18,19
1245,4,8,9,13,14,18,19
1246,4,8,9,13,14,18,19
1247,4,8,9,13,14,18,19
1248,4,8,9,13,14,18,19
1249,4,8,9,13,14,18,19
1250,4,8,9,13,14,18,19
1251,4,8,9,13,14,18,19
1252,4,8,9,13,14,18,19
1253,4,8,9,13,14,18,19
1254,4,8,9,13,14,18,19
1255,3,4,8,9,13,14,18,19
1256,3,4,8,9,13,14,18,19
1257,3,4,8,9,13,14,18,19
1258,3,4,8,9,13,14,18,19
1259,3,4,8,9,13,14,18,19
1260,3,4,8,9,13,14,18,19
1261,3,4,8,9,13,14,18,19
1262,3,4,8,9,13,14,18,19
1263,3,4,8,9,13,14,18,19
1264,3,4,8,9,13,14,18,19
1265,3,4,8,9,13,14,18,19
1266,3,4,8,9,13,14,18,19
1267,3,4,8,9,13,14,18,19
1268,3,4,8,9,13,14,18,19
1269,3,4,8,9,13,14,18,19
1270,3,4,8,9,13,14,18,19
1271,3,4,8,9,13,14,18,19
1272,3,4,8,9,13,14,18,19
1273,3,4,8,9,13,14,18,19
1274,3,4,8,9,13,14,18,19
1275,3,7,8,9,12,13,14,18,19
1276,3,7,8,9,12,13,14,18,19
1277,3,7,8,9,12,13,14,18,19
1278,3,7,8,9,12,13,14,18,19
1279,3,7,8,9,12,13,14,17,18,19
1280,3,7,8,9,12,13,14,17,18,19
1281,3,7,8,9,12,13,14,17,18,19
1282,3,7,8,9,12,13,14,17,18,19
1283,3,7,8,9,12,13,14,17,18,19
1284,3,7,8,9,12,13,14,17,18,19
1285,3,7,8,9,12,13,14,17,18
1286,3,7,8,9,12,13,14,17,18
1287,3,7,8,12,13,14,17,18
1288,3,7,8,12,13,14,17,18
1289,3,7,8,12,13,17,18
1290,3,7,8,12,13,17,18
1291,3,7,8,12,13,17,18
1292,3,7,8,12,13,17,18
1293,3,7,8,12,13,17,18
1294,3,7,8,12,13,17,18
1295,2,3,7,8,12,13,17,18
1296,2,3,7,8,12,13,17,18
1297,2,3,7,8,12,13,17,18
1298,2,3,7,8,12,13,17,18
1299,2,3,7,8,12,13,17,18
1300,2,3,7,8,12,13,17,18
1301,2,7,8,12,13,17,18
1302,2,7,8,12,13,17,18
1303,2,7,8,12,13,17,18
1304,2,7,8,12,13,17,18
1305,2,7,8,11,12,13,17,18
1306,2,7,8,11,12,13,17,18
1307,6,7,8,11,12,13,16,17,18
1308,6,7,8,11,12,13,16,17,18
1309,2,6,7,8,11,12,13,16,17,18
1310,2,6,7,8,11,12,13,16,17,18
1311,2,6,7,8,11,12,13,16,17,18
1312,2,6,7,8,11,12,13,16,17,18
1313,2,6,7,8,11,12,13,16,17,18
1314,2,6,7,8,11,12,13,16,17,18
1315,2,6,7,8,11,12,13,16,17,18
1316,2,6,7,8,11,12,13,16,17,18
1317,2,6,7,8,11,12,13,16,17,18
1318,2,6,7,8,11,12,13,16,17,18
1319,6,7,8,11,12,13,16,17,18
1320,6,7,8,11,12,13,16,17,18
1321,6,7,8,11,12,13,16,17
1322,6,7,8,11,12,13,16,17
1323,6,7,11,12,13,16,17
1324,6,7,11,12,13,16,17
1325,6,7,11,12,13,16,17
1326,6,7,11,12,13,16,17
1327,6,7,11,12,16,17
1328,6,7,11,12,16,17
1329,6,7,11,12,16,17
1330,6,7,11,12,16,17
1331,6,7,11,12,16,17
1332,6,7,11,12,16,17
1333,6,7,11,12,16,17
1334,6,7,11,12,16,17
1335,6,7,11,12,16,17
1336,6,7,11,12,16,17
1337,6,7,11,12,16,17
1338,6,7,11,12,16,17
1339,6,7,11,12,16,17
1340,6,7,11,12,16,17
1341,6,7,11,12,13,16,17
1342,6,7,11,12,13,16,17
1343,6,7,8,11,12,13,16,17,18
1344,6,7,8,11,12,13,16,17,18
1345,2,6,7,8,11,12,13,16,17,18
1346,2,6,7,8,11,12,13,16,17,18
1347,2,6,7,8,11,12,13,16,17,18
1348,2,6,7,8,11,12,13,16,17,18
1349,2,6,7,8,11,12,13,16,17,18
1350,2,6,7,8,11,12,13,16,17,18
1351,2,7,8,12,13,17,18
1352,2,7,8,12,13,17,18
1353,2,7,8,12,13,17,18
1354,2,7,8,12,13,17,18
1355,2,3,7,8,12,13,17,18
1356,2,3,7,8,12,13,17,18
1357,2,3,7,8,12,13,17,18
1358,2,3,7,8,12,13,17,18
1359,3,7,8,12,13,17,18
1360,3,7,8,12,13,17,18
1361,3,7,8,12,13,17,18
1362,3,7,8,12,13,17,18
1363,3,7,8,12,13,17,18
1364,3,7,8,12,13,17,18
1365,3,7,8,12,13,17,18
1366,3,7,8,12,13,17,18
1367,3,7,8,12,13,17,18
1368,3,7,8,12,13,17,18
1369,3,7,8,9,12,13,14,17,18
1370,3,7,8,9,12,13,14,17,18
1371,3,7,8,9,12,13,14,17,18,19
1372,3,7,8,9,12,13,14,17,18,19
1373,3,7,8,9,12,13,14,17,18,19
1374,3,7,8,9,12,13,14,17,18,19
1375,3,7,8,9,12,13,14,17,18,19
1376,3,7,8,9,12,13,14,17,18,19
1377,3,7,8,9,12,13,14,17,18,19
1378,3,7,8,9,12,13,14,17,18,19
1379,3,7,8,9,12,13,14,18,19
1380,3,7,8,9,12,13,14,18,19
1381,3,7,8,9,12,13,14,18,19
1382,3,7,8,9,12,13,14,18,19
1383,3,8,9,13,14,18,19
1384,3,8,9,13,14,18,19
1385,3,4,8,9,13,14,18,19
1386,3,4,8,9,13,14,18,19
1387,3,4,8,9,13,14,18,19
1388,3,4,8,9,13,14,18,19
1389,3,4,8,9,13,14,18,19
1390,3,4,8,9,13,14,18,19
1391,3,4,8,9,13,14,18,19
1392,3,4,8,9,13,14,18,19
1393,3,4,8,9,13,14,18,19
1394,3,4,8,9,13,14,18,19
1395,3,4,8,9,13,14,18,19
1396,3,4,8,9,13,14,18,19
1397,3,4,8,9,13,14,18,19
1398,3,4,8,9,13,14,18,19
1399,4,8,9,13,14,18,19
1400,4,8,9,13,14,18,19
1401,4,8,9,13,14,18,19
1402,4,8,9,13,14,18,19
1403,4,8,9,13,14,18,19
1404,4,8,9,13,14,18,19
1405,4,8,9,10,13,14,15,18,19
1406,4,8,9,10,13,14,15,18,19
1407,4,8,9,10,13,14,15,18,19
1408,4,8,9,10,13,14,15,18,19
1409,4,8,9,10,13,14,15,18,19,20
1410,4,8,9,10,13,14,15,18,19,20
1411,4,8,9,10,13,14,15,18,19,20
1412,4,8,9,10,13,14,15,18,19,20
1413,4,8,9,10,13,14,15,18,19,20
1414,4,8,9,10,13,14,15,18,19,20
1415,4,8,9,10,13,14,15,19,20
1416,4,8,9,10,13,14,15,19,20
1417,4,5,8,9,10,13,14,15,19,20
1418,4,5,8,9,10,13,14,15,19,20
1419,4,5,9,10,13,14,15,19,20
1420,4,5,9,10,13,14,15,19,20
1421,4,5,9,10,14,15,19,20
1422,4,5,9,10,14,15,19,20
1423,4,5,9,10,14,15,19,20
1424,4,5,9,10,14,15,19,20
1425,4,5,9,10,14,15,19,20
1426,4,5,9,10,14,15,19,20
1427,4,5,9,10,14,15,19,20
1428,4,5,9,10,14,15,19,20
1429,4,5,9,10,14,15,19,20
1430,4,5,9,10,14,15,19,20
1431,4,5,9,10,14,15,19,20
1432,4,5,9,10,14,15,19,20
1433,4,5,9,10,14,15,19,20
1434,4,5,9,10,14,15,19,20
1435,4,5,9,10,14,15,19,20
1436,4,5,9,10,14,15,19,20
1437,4,5,9,10,14,15,19,20
1438,4,5,9,10,14,15,19,20
1439,4,5,9,10,14,15,19,20
1440,4,5,9,10,14,15,19,20
1441,4,5,9,10,14,15,19,20
1442,4,5,9,10,14,15,19,20
1443,3,4,5,8,9,10,14,15
1444,3,4,5,8,9,10,14,15
1445,1,2,3,4,5,8,9,10,14,15
1446,1,2,3,4,5,8,9,10,14,15
1447,1,2,3,4,5,8,9,10,14,15
1448,1,2,3,4,5,8,9,10,14,15
1449,1,2,3,4,5,8,9,10,14,15
1450,1,2,3,4,5,8,9,10,14,15
1451,1,2,3,4,5,8,9,10,14,15
1452,1,2,3,4,5,8,9,10,14,15
1453,1,2,3,4,5,8,9,10,14,15
1454,1,2,3,4,5,8,9,10,14,15
1455,1,2,3,4,5,8,9,10,14,15
1456,1,2,3,4,5,8,9,10,14,15
1457,1,2,3,4,5,8,9,10,14,15
1458,1,2,3,4,5,8,9,10,14,15
1459,1,2,3,4,5,8,9,10,14,15
1460,1,2,3,4,5,8,9,10,14,15
1461,1,2,3,4,5,8,9,10,14,15
1462,1,2,3,4,5,8,9,10,14,15
1463,1,2,3,4,5,8,9,10,14,15
1464,1,2,3,4,5,8,9,10,14,15
1465,1,2,3,4,5,8,9,10,14,15
1466,1,2,3,4,5,8,9,10,14,15
1467,3,4,5,8,9,10,14,15
1468,3,4,5,8,9,10,14,15
1469,3,4,5,8,9,10,14,15,19
1470,3,4,5,8,9,10,14,15,19
1471,4,5,9,10,14,15,19,20
1472,4,5,9,10,14,15,19,20
1473,4,5,9,10,14,15,19,20
1474,4,5,9,10,14,15,19,20
1475,4,5,9,10,14,15,19,20
1476,4,5,9,10,14,15,19,20
1477,4,5,9,10,14,15,19,20
1478,4,5,9,10,14,15,19,20
1479,4,5,9,10,14,15,19,20
1480,4,5,9,10,14,15,19,20
1481,4,5,9,10,14,15,19,20
1482,4,5,9,10,14,15,19,20
1483,4,5,9,10,14,15,19,20
1484,4,5,9,10,14,15,19,20
1485,4,5,9,10,14,15,19,20
1486,4,5,9,10,14,15,19,20
1487,4,5,9,10,14,15,19,20
1488,4,5,9,10,14,15,19,20
1489,4,5,9,10,14,15,19,20
1490,4,5,9,10,14,15,19,20
1491,4,5,9,10,14,15,19,20
1492,4,5,9,10,14,15,19,20
1493,4,5,9,10,14,15,19,20
1494,4,5,9,10,14,15,19,20
1495,4,5,9,10,14,15,19,20
1496,4,5,9,10,14,15,19,20
1497,4,5,9,10,14,15,19,20
1498,4,5,9,10,14,15,19,20
1499,4,5,9,10,14,15,19,20
1500,4,5,9,10,14,15,19,20
1501,4,5,9,10,14,15,19,20
1502,4,5,9,10,14,15,19,20
1503,4,5,9,10,14,15,19,20
1504,4,5,9,10,14,15,19,20
1505,4,5,9,10,14,15,19,20
1506,4,5,9,10,14,15,19,20
1507,4,5,9,10,14,15,19,20
1508,4,5,9,10,14,15,19,20
1509,4,5,9,10,14,15,19,20
1510,4,5,9,10,14,15,19,20
1511,4,5,9,10,14,15,19,20
1512,4,5,9,10,14,15,19,20
1513,4,5,9,10,14,15,19,20
1514,4,5,9,10,14,15,19,20
1515,5,9,10,14,15,19,20
1516,5,9,10,14,15,19,20
1517,5,9,10,14,15,19,20
1518,5,9,10,14,15,19,20
1519,5,6,9,10,11,14,15,19,20
1520,5,6,9,10,11,14,15,19,20
1521,5,6,9,10,11,14,15,19,20
1522,5,6,9,10,11,14,15,19,20
1523,5,6,9,10,11,14,15,19,20
1524,5,6,9,10,11,14,15,19,20
1525,5,6,9,10,11,14,15,19,20
1526,5,6,9,10,11,14,15,19,20
1527,5,6,9,10,11,14,15,16,19,20
1528,5,6,9,10,11,14,15,16,19,20
1529,5,6,9,10,11,14,15,16,20
1530,5,6,9,10,11,14,15,16,20
1531,5,6,9,10,11,14,15,16,20
1532,5,6,9,10,11,14,15,16,20
1533,5,6,9,10,11,14,15,16,20
1534,5,6,9,10,11,14,15,16,20
1535,5,6,9,10,11,14,15,16,20
1536,5,6,9,10,11,14,15,16,20
1537,5,6,9,10,11,14,15,16,20
1538,5,6,9,10,11,14,15,16,20
1539,5,6,9,10,11,14,15,16,20
1540,5,6,9,10,11,14,15,16,20
1541,5,6,9,10,11,14,15,16,20
1542,5,6,9,10,11,14,15,16,20
1543,5,6,9,10,11,14,15,16,20
1544,5,6,9,10,11,14,15,16,20
1545,5,6,9,10,11,14,15,16,20
1546,5,6,9,10,11,14,15,16,20
1547,5,6,9,10,11,14,15,19,20
1548,5,6,9,10,11,14,15,19,20
1549,5,6,9,10,11,14,15,19,20
1550,5,6,9,10,11,14,15,19,20
1551,5,6,9,10,11,14,15,19,20
1552,5,6,9,10,11,14,15,19,20
1553,5,6,9,10,11,14,15,19,20
1554,5,6,9,10,11,14,15,19,20
1555,5,9,10,14,15,19,20
1556,5,9,10,14,15,19,20
1557,5,9,10,14,15,19,20
1558,5,9,10,14,15,19,20
1559,5,9,10,14,15,19,20
1560,5,9,10,14,15,19,20
1561,5,9,10,14,15,19,20
1562,5,9,10,14,15,19,20
1563,5,9,10,14,15,19,20
1564,5,9,10,14,15,19,20
1565,5,9,10,14,15,19,20
1566,5,9,10,14,15,19,20
1567,4,5,9,10,14,15,19,20
1568,4,5,9,10,14,15,19,20
1569,4,5,9,10,14,15,19,20
1570,4,5,9,10,14,15,19,20
1571,4,5,9,10,14,15,19,20
1572,4,5,9,10,14,15,19,20
1573,4,5,9,10,14,15,19,20
1574,4,5,9,10,14,15,19,20
1575,4,5,9,10,14,15,19,20
1576,4,5,9,10,14,15,19,20
1577,4,5,9,10,14,15,19,20
1578,4,5,9,10,14,15,19,20
1579,4,5,9,10,14,15,19,20
1580,4,5,9,10,14,15,19,20
1581,4,5,9,10,14,15,19,20
1582,4,5,9,10,14,15,19,20
1583,4,5,9,10,14,15,19,20
1584,4,5,9,10,14,15,19,20
1585,4,5,9,10,14,15,19,20
1586,4,5,9,10,14,15,19,20
1587,4,5,9,10,14,15,19,20
1588,4,5,9,10,14,15,19,20
1589,4,5,9,10,14,15,19,20
1590,4,5,9,10,14,15,19,20
1591,4,5,9,10,14,15,19,20
1592,4,5,9,10,14,15,19,20
1593,4,9,10,14,15,19,20
1594,4,9,10,14,15,19,20
1595,4,8,9,10,13,14,15,19,20
1596,4,8,9,10,13,14,15,19,20
1597,4,8,9,10,13,14,15,18,19,20
1598,4,8,9,10,13,14,15,18,19,20
1599,8,9,10,13,14,15,18,19,20
1600,8,9,10,13,14,15,18,19,20
1601,8,9,10,13,14,15,18,19,20
1602,8,9,10,13,14,15,18,19,20
1603,8,9,10,13,14,15,18,19,20
1604,8,9,10,13,14,15,18,19,20
1605,8,9,13,14,15,18,19,20
1606,8,9,13,14,15,18,19,20
1607,8,9,13,14,15,18,19
1608,8,9,13,14,15,18,19
1609,8,9,13,14,18,19
1610,8,9,13,14,18,19
1611,8,9,13,14,18,19
1612,8,9,13,14,18,19
1613,8,9,13,14,18,19
1614,8,9,13,14,18,19
1615,8,9,13,14,18,19
1616,8,9,13,14,18,19
1617,8,9,13,14,18,19
1618,8,9,13,14,18,19
1619,8,9,13,14,18,19
1620,8,9,13,14,18,19
1621,8,9,13,14,18,19
1622,8,9,13,14,18,19
1623,4,8,9,13,14,18,19
1624,4,8,9,13,14,18,19
1625,4,8,9,13,14,18,19
1626,4,8,9,13,14,18,19
1627,4,8,9,13,14,18,19
1628,4,8,9,13,14,18,19
1629,3,4,8,9,13,14,18,19
1630,3,4,8,9,13,14,18,19
1631,3,8,9,13,14,18,19
1632,3,8,9,13,14,18,19
1633,3,8,9,13,14,18,19
1634,3,8,9,13,14,18,19
1635,3,8,9,12,13,14,18,19
1636,3,8,9,12,13,14,18,19
1637,3,7,8,9,12,13,14,17,18,19
1638,3,7,8,9,12,13,14,17,18,19
1639,3,7,8,9,12,13,14,17,18,19
1640,3,7,8,9,12,13,14,17,18,19
1641,3,7,8,9,12,13,14,17,18,19
1642,3,7,8,9,12,13,14,17,18,19
1643,3,7,8,9,12,13,14,17,18
1644,3,7,8,9,12,13,14,17,18
1645,3,7,8,12,13,14,17,18
1646,3,7,8,12,13,14,17,18
1647,3,7,8,12,13,17,18
1648,3,7,8,12,13,17,18
1649,3,7,8,12,13,17,18
1650,3,7,8,12,13,17,18
1651,2,3,7,8,12,13,17,18
1652,2,3,7,8,12,13,17,18
1653,2,3,7,8,12,13,17,18
1654,2,3,7,8,12,13,17,18
1655,2,3,7,8,12,13,17,18
1656,2,3,7,8,12,13,17,18
1657,2,7,8,12,13,17,18
1658,2,7,8,12,13,17,18
1659,2,7,8,11,12,13,17,18
1660,2,7,8,11,12,13,17,18
1661,2,6,7,8,11,12,13,16,17,18
1662,2,6,7,8,11,12,13,16,17,18
1663,2,6,7,8,11,12,13,16,17,18
1664,2,6,7,8,11,12,13,16,17,18
1665,2,6,7,8,11,12,13,16,17,18
1666,2,6,7,8,11,12,13,16,17,18
1667,2,6,7,8,11,12,13,16,17
1668,2,6,7,8,11,12,13,16,17
1669,2,6,7,11,12,16,17
1670,2,6,7,11,12,16,17
1671,2,6,7,11,12,16,17
1672,2,6,7,11,12,16,17
1673,2,6,7,11,12,16,17
1674,2,6,7,11,12,16,17
1675,2,6,7,11,12,16,17
1676,2,6,7,11,12,16,17
1677,2,6,7,11,12,16,17
1678,2,6,7,11,12,16,17
1679,2,6,7,11,12,16,17
1680,2,6,7,11,12,16,17
1681,2,6,7,11,12,16,17
1682,2,6,7,11,12,16,17
1683,2,6,7,11,12,16,17
1684,2,6,7,11,12,16,17
1685,2,6,7,11,12,13,16,17
1686,2,6,7,11,12,13,16,17
1687,2,6,7,8,11,12,13,16,17,18
1688,2,6,7,8,11,12,13,16,17,18
1689,2,6,7,8,11,12,13,16,17,18
1690,2,6,7,8,11,12,13,16,17,18
1691,2,6,7,8,11,12,13,16,17,18
1692,2,6,7,8,11,12,13,16,17,18
1693,2,6,7,8,11,12,13,17,18
1694,2,6,7,8,11,12,13,17,18
1695,2,7,8,12,13,17,18
1696,2,7,8,12,13,17,18
1697,2,3,7,8,12,13,17,18
1698,2,3,7,8,12,13,17,18
1699,2,3,7,8,12,13,17,18
1700,2,3,7,8,12,13,17,18
1701,3,7,8,12,13,17,18
1702,3,7,8,12,13,17,18
1703,3,7,8,12,13,17,18
1704,3,7,8,12,13,17,18
1705,3,7,8,12,13,17,18
1706,3,7,8,12,13,17,18
1707,3,7,8,9,12,13,14,17,18
1708,3,7,8,9,12,13,14,17,18
1709,3,7,8,9,12,13,14,17,18,19
1710,3,7,8,9,12,13,14,17,18,19
1711,3,7,8,9,12,13,14,17,18,19
1712,3,7,8,9,12,13,14,17,18,19
1713,3,7,8,9,12,13,14,18,19
1714,3,7,8,9,12,13,14,18,19
1715,3,8,9,12,13,14,18,19
1716,3,8,9,12,13,14,18,19
1717,3,4,8,9,13,14,18,19
1718,3,4,8,9,13,14,18,19
1719,3,4,8,9,13,14,18,19
1720,3,4,8,9,13,14,18,19
1721,3,4,8,9,13,14,18,19
1722,3,4,8,9,13,14,18,19
1723,3,4,8,9,13,14,18,19
1724,3,4,8,9,13,14,18,19
1725,4,8,9,13,14,18,19
1726,4,8,9,13,14,18,19
1727,4,8,9,13,14,18,19
1728,4,8,9,13,14,18,19
1729,4,8,9,13,14,18,19
1730,4,8,9,13,14,18,19
1731,4,8,9,13,14,18,19
1732,4,8,9,13,14,18,19
1733,4,8,9,10,13,14,15,18,19
1734,4,8,9,10,13,14,15,18,19
1735,4,8,9,10,13,14,15,18,19
1736,4,8,9,10,13,14,15,18,19
1737,4,8,9,10,13,14,15,18,19,20
1738,4,8,9,10,13,14,15,18,19,20
1739,4,8,9,10,13,14,15,18,19,20
1740,4,8,9,10,13,14,15,18,19,20
1741,4,8,9,10,13,14,15,19,20
1742,4,8,9,10,13,14,15,19,20
1743,4,8,9,10,13,14,15,19,20
1744,4,8,9,10,13,14,15,19,20
1745,4,8,9,10,13,14,15,19,20
1746,4,8,9,10,13,14,15,19,20
1747,4,8,9,10,13,14,15,19,20
1748,4,8,9,10,13,14,15,19,20
1749,4,8,9,10,13,14,15,19,20
1750,4,8,9,10,13,14,15,19,20
1751,4,9,10,13,14,15,19,20
1752,4,9,10,13,14,15,19,20
1753,4,9,10,14,15,19,20
1754,4,9,10,14,15,19,20
1755,4,9,10,14,15,19,20
1756,4,9,10,14,15,19,20
1757,4,9,10,14,15,19,20
1758,4,9,10,14,15,19,20
1759,4,9,10,14,15,19,20
1760,4,9,10,14,15,19,20
1761,4,5,9,10,14,15,19,20
1762,4,5,9,10,14,15,19,20
1763,4,5,9,10,14,15,19,20
1764,4,5,9,10,14,15,19,20
1765,4,5,9,10,14,15,19,20
1766,4,5,9,10,14,15,19,20
1767,4,5,9,10,14,15,19,20
1768,4,5,9,10,14,15,19,20
1769,4,5,9,10,14,15,19,20
1770,4,5,9,10,14,15,19,20
1771,4,5,9,10,14,15,19,20
1772,4,5,9,10,14,15,19,20
1773,4,5,9,10,14,15,19,20
1774,4,5,9,10,14,15,19,20
1775,4,5,9,10,14,15,19,20
1776,4,5,9,10,14,15,19,20
1777,5,9,10,14,15,19,20
1778,5,9,10,14,15,19,20
1779,5,9,10,14,15,19,20
1780,5,9,10,14,15,19,20
1781,5,9,10,14,15,19,20
1782,5,9,10,14,15,19,20
1783,5,9,10,14,15,19,20
1784,5,9,10,14,15,19,20
1785,5,9,10,11,14,15,19,20
1786,5,9,10,11,14,15,19,20
1787,5,6,9,10,11,14,15,19,20
1788,5,6,9,10,11,14,15,19,20
1789,5,6,9,10,11,14,15,19,20
1790,5,6,9,10,11,14,15,19,20
1791,5,6,9,10,11,14,15,16,19,20
1792,5,6,9,10,11,14,15,16,19,20
1793,5,6,9,10,11,14,15,16,19,20
1794,5,6,9,10,11,14,15,16,19,20
1795,5,6,9,10,11,14,15,16,19,20
1796,5,6,9,10,11,14,15,16,19,20
1797,5,6,9,10,11,14,15,16,20
1798,5,6,9,10,11,14,15,16,20
1799,5,6,9,10,11,14,15,16,20
1800,5,6,9,10,11,14,15,16,20
