1,7,8,9,12,13,14,17,18,19
2,7,8,9,12,13,14,17,18,19
3,7,8,9,12,13,14,17,18,19
4,7,8,9,12,13,14,17,18,19
5,7,8,9,12,13,14,17,18,19
6,7,8,9,12,13,14,17,18,19
7,7,8,9,12,13,14,17,18,19
8,7,8,9,12,13,14,17,18,19
9,7,8,9,12,13,14,17,18,19
10,7,8,9,12,13,14,17,18,19
11,7,8,9,12,13,14,17,18,19
12,7,8,9,12,13,14,17,18,19
13,3,7,8,9,12,13,14,17,18,19
14,3,7,8,9,12,13,14,17,18,19
15,7,8,9,12,13,14,17,18,19
16,7,8,9,12,13,14,17,18,19
17,7,8,9,12,13,14,17,18,19
18,7,8,9,12,13,14,17,18,19
19,7,8,9,12,13,14,18,19
20,7,8,9,12,13,14,18,19
21,8,9,13,14,18,19
22,8,9,13,14,18,19
23,8,9,13,14,18,19
24,8,9,13,14,18,19
25,8,9,13,14,18,19
26,8,9,13,14,18,19
27,8,9,13,14,18,19
28,8,9,13,14,18,19
29,8,9,13,14,18,19,23
30,8,9,13,14,18,19,23
31,8,9,13,14,18,19,23
32,8,9,13,14,18,19,23
33,8,9,13,14,18,19,23,24
34,8,9,13,14,18,19,23,24
35,8,9,13,14,18,19,23,24
36,8,9,13,14,18,19,23,24
37,8,9,12,13,14,17,18,19,23,24
38,8,9,12,13,14,17,18,19,23,24
39,8,9,12,13,14,17,18,19,23,24
40,8,9,12,13,14,17,18,19,23,24
41,8,9,12,13,14,17,18,19,23,24
42,8,9,12,13,14,17,18,19,23,24
43,8,9,12,13,14,17,18,19,23,24
44,8,9,12,13,14,17,18,19,23,24
45,8,9,12,13,14,17,18,19,23,24
46,8,9,12,13,14,17,18,19,23,24
47,8,9,12,13,14,17,18,19,23,24
48,8,9,12,13,14,17,18,19,23,24
49,8,9,12,13,14,17,18,19,22,23,24
50,8,9,12,13,14,17,18,19,22,23,24
51,8,9,12,13,14,17,18,19,22,23,24
52,8,9,12,13,14,17,18,19,22,23,24
53,8,12,13,14,17,18,19,22,23,24
54,8,12,13,14,17,18,19,22,23,24
55,8,12,13,14,17,18,19,22,23,24
56,8,12,13,14,17,18,19,22,23,24
57,8,12,13,14,17,18,19,22,23,24
58,8,12,13,14,17,18,19,22,23,24
59,8,12,13,14,17,18,19,22,23,24
60,8,12,13,14,17,18,19,22,23,24
61,8,12,13,14,17,18,19,22,23,24
62,8,12,13,14,17,18,19,22,23,24
63,8,12,13,14,17,18,19,22,23,24
64,8,12,13,14,17,18,19,22,23,24
65,8,12,13,14,17,18,19,22,23,24
66,8,12,13,14,17,18,19,22,23,24
67,8,12,13,17,18,22,23
68,8,12,13,17,18,22,23
69,7,8,12,13,17,18,22,23
70,7,8,12,13,17,18,22,23
71,7,8,12,13,17,18,22,23
72,7,8,12,13,17,18,22,23
73,7,8,12,13,17,18,22,23
74,7,8,12,13,17,18,22,23
75,7,8,12,13,17,18,22,23
76,7,8,12,13,17,18,22,23
77,7,8,12,13,17,18,22,23
78,7,8,12,13,17,18,22,23
79,7,8,11,12,13,16,17,18,22,23
80,7,8,11,12,13,16,17,18,22,23
81,7,8,11,12,13,16,17,18,22,23
82,7,8,11,12,13,16,17,18,22,23
83,7,8,11,12,13,16,17,18,21,22,23
84,7,8,11,12,13,16,17,18,21,22,23
85,7,11,12,13,16,17,18,21,22,23
86,7,11,12,13,16,17,18,21,22,23
87,7,11,12,13,16,17,18,21,22,23
88,7,11,12,13,16,17,18,21,22,23
89,7,11,12,13,16,17,18,21,22,23
90,7,11,12,13,16,17,18,21,22,23
91,7,11,12,13,16,17,18,21,22,23
92,7,11,12,13,16,17,18,21,22,23
93,7,11,12,13,16,17,18,21,22,23
94,7,11,12,13,16,17,18,21,22,23
95,7,11,12,13,16,17,18,21,22,23
96,7,11,12,13,16,17,18,21,22,23
97,7,11,12,13,16,17,18,21,22,23
98,7,11,12,13,16,17,18,21,22,23
99,7,11,12,13,16,17,18,21,22,23
100,7,11,12,13,16,17,18,21,22,23
101,7,11,12,13,16,17,18,21,22,23
102,7,11,12,13,16,17,18,21,22,23
103,7,11,12,13,16,17,18,21,22,23
104,7,11,12,13,16,17,18,21,22,23
105,7,11,12,13,16,17,18,21,22,23
106,7,11,12,13,16,17,18,21,22,23
107,7,11,12,13,16,17,18,21,22,23
108,7,11,12,13,16,17,18,21,22,23
109,6,7,11,12,13,16,17,18,21,22,23
110,6,7,11,12,13,16,17,18,21,22,23
111,6,7,11,12,13,16,17,18,21,22
112,6,7,11,12,13,16,17,18,21,22
113,6,7,11,12,16,17,21,22
114,6,7,11,12,16,17,21,22
115,6,7,11,12,16,17,21,22
116,6,7,11,12,16,17,21,22
117,6,7,11,12,16,17,21,22
118,6,7,11,12,16,17,21,22
119,6,7,11,12,16,17,21,22
120,6,7,11,12,16,17,21,22
121,6,7,11,12,16,17,21,22
122,6,7,11,12,16,17,21,22
123,6,7,11,12,16,17,21,22
124,6,7,11,12,16,17,21,22
125,6,7,11,12,16,17,21,22
126,6,7,11,12,16,17,21,22
127,6,7,11,12,16,17,21,22
128,6,7,11,12,16,17,21,22
129,7,11,12,16,17,21,22
130,7,11,12,16,17,21,22
131,7,11,12,16,17,21,22
132,7,11,12,16,17,21,22
133,7,11,12,16,17,18,21,22,23
134,7,11,12,16,17,18,21,22,23
135,7,11,12,13,16,17,18,21,22,23
136,7,11,12,13,16,17,18,21,22,23
137,11,12,13,16,17,18,21,22,23
138,11,12,13,16,17,18,21,22,23
139,11,12,13,16,17,18,21,22,23,24,25
140,11,12,13,16,17,18,21,22,23,24,25
141,11,12,13,16,17,18,21,22,23,24,25
142,11,12,13,16,17,18,21,22,23,24,25
143,11,12,13,16,17,18,21,22,23,24,25
144,11,12,13,16,17,18,21,22,23,24,25
145,11,12,13,16,17,18,21,22,23,24,25
146,11,12,13,16,17,18,21,22,23,24,25
147,11,12,13,16,17,18,21,22,23
148,11,12,13,16,17,18,21,22,23
149,7,11,12,13,16,17,18,21,22,23
150,7,11,12,13,16,17,18,21,22,23
151,7,8,12,13,17,18,22,23
152,7,8,12,13,17,18,22,23
153,8,12,13,17,18,22,23
154,8,12,13,17,18,22,23
155,8,12,13,14,17,18,19,22,23,24
156,8,12,13,14,17,18,19,22,23,24
157,8,12,13,14,17,18,19,22,23,24
158,8,12,13,14,17,18,19,22,23,24
159,8,9,12,13,14,17,18,19,22,23,24
160,8,9,12,13,14,17,18,19,22,23,24
161,8,9,13,14,18,19,23,24
162,8,9,13,14,18,19,23,24
163,8,9,13,14,18,19,23,24
164,8,9,13,14,18,19,23,24
165,8,9,13,14,18,19,23,24
166,8,9,13,14,18,19,23,24
167,9,13,14,18,19,23,24
168,9,13,14,18,19,23,24
169,9,13,14,18,19,23,24
170,9,13,14,18,19,23,24
171,9,13,14,18,19,20,23,24
172,9,13,14,18,19,20,23,24
173,9,13,14,15,18,19,20,23,24
174,9,13,14,15,18,19,20,23,24
175,9,13,14,15,18,19,20,23,24
176,9,13,14,15,18,19,20,23,24
177,9,13,14,15,18,19,20,23,24,25
178,9,13,14,15,18,19,20,23,24,25
179,8,9,13,14,15,18,19,20,23,24
180,8,9,13,14,15,18,19,20,23,24
181,8,9,10,13,14,15,18,19,20,24
182,8,9,10,13,14,15,18,19,20,24
183,8,9,10,13,14,15,18,19,20,24
184,8,9,10,13,14,15,18,19,20,24
185,8,9,10,13,14,15,18,19,20,24
186,8,9,10,13,14,15,18,19,20,24
187,8,9,10,13,14,15,18,19,20,24
188,8,9,10,13,14,15,18,19,20,24
189,8,9,10,13,14,15,18,19,20,24
190,8,9,10,13,14,15,18,19,20,24
191,8,9,10,13,14,15,18,19,20,24
192,8,9,10,13,14,15,18,19,20,24
193,8,9,10,13,14,15,18,19,20,24
194,8,9,10,13,14,15,18,19,20,24
195,8,9,10,13,14,15,18,19,20,24
196,8,9,10,13,14,15,18,19,20,24
197,8,9,10,13,14,15,18,19,20,24
198,8,9,10,13,14,15,18,19,20,24
199,8,9,10,13,14,15,18,19,20,24
200,8,9,10,13,14,15,18,19,20,24
201,8,9,10,13,14,15,18,19,20,24
202,8,9,10,13,14,15,18,19,20,24
203,8,9,10,13,14,15,18,19,20,24
204,8,9,10,13,14,15,18,19,20,24
205,8,9,10,13,14,15,18,19,20,24
206,8,9,10,13,14,15,18,19,20,24
207,8,9,10,13,14,15,18,19,20,24
208,8,9,10,13,14,15,18,19,20,24
209,8,9,10,13,14,15,18,19,20,24
210,8,9,10,13,14,15,18,19,20,24
211,8,9,10,13,14,15,18,19,20,24
212,8,9,10,13,14,15,18,19,20,24
213,8,9,10,13,14,15,18,19,20,24
214,8,9,10,13,14,15,18,19,20,24
215,9,10,13,14,15,18,19,20,24
216,9,10,13,14,15,18,19,20,24
217,9,10,13,14,15,18,19,20,24
218,9,10,13,14,15,18,19,20,24
219,9,10,14,15,19,20,24,25
220,9,10,14,15,19,20,24,25
221,9,10,14,15,19,20,24,25
222,9,10,14,15,19,20,24,25
223,9,10,14,15,19,20,24,25
224,9,10,14,15,19,20,24,25
225,9,10,14,15,19,20,24,25
226,9,10,14,15,19,20,24,25
227,9,10,14,15,19,20,24,25
228,9,10,14,15,19,20,24,25
229,9,10,14,15,19,20,24,25
230,9,10,14,15,19,20,24,25
231,9,10,14,15,19,20,24,25
232,9,10,14,15,19,20,24,25
233,9,10,14,15,19,20,24,25
234,9,10,14,15,19,20,24,25
235,9,10,14,15,19,20,24,25
236,9,10,14,15,19,20,24,25
237,9,10,14,15,19,20,24,25
238,9,10,14,15,19,20,24,25
239,9,10,14,15,19,20,24,25
240,9,10,14,15,19,20,24,25
241,9,10,14,15,19,20,24,25
242,9,10,14,15,19,20,24,25
243,9,10,14,15,19,20,24,25
244,9,10,14,15,19,20,24,25
245,9,10,14,15,19,20,24,25
246,9,10,14,15,19,20,24,25
247,9,10,14,15,19,20,24,25
248,9,10,14,15,19,20,24,25
249,9,10,14,15,19,20,24,25
250,9,10,14,15,19,20,24,25
251,9,10,13,14,15,18,19,20,24,25
252,9,10,13,14,15,18,19,20,24,25
253,9,10,13,14,15,18,19,20,24,25
254,9,10,13,14,15,18,19,20,24,25
255,9,10,13,14,15,18,19,20,24,25
256,9,10,13,14,15,18,19,20,24,25
257,9,10,13,14,15,18,19,20,24,25
258,9,10,13,14,15,18,19,20,24,25
259,9,10,13,14,15,18,19,20,24,25
260,9,10,13,14,15,18,19,20,24,25
261,9,10,13,14,15,18,19,20,24,25
262,9,10,13,14,15,18,19,20,24,25
263,9,10,13,14,15,18,19,20,24,25
264,9,10,13,14,15,18,19,20,24,25
265,9,10,13,14,15,18,19,20,24,25
266,9,10,13,14,15,18,19,20,24,25
267,9,10,13,14,15,19,20,24,25
268,9,10,13,14,15,19,20,24,25
269,9,10,14,15,19,20,24
270,9,10,14,15,19,20,24
271,9,10,14,15,19,20,24
272,9,10,14,15,19,20,24
273,9,10,14,15,19,20,24
274,9,10,14,15,19,20,24
275,9,10,14,15,19,20,24
276,9,10,14,15,19,20,24
277,9,10,14,15,19,20
278,9,10,14,15,19,20
279,9,10,14,15,19,20
280,9,10,14,15,19,20
281,9,10,14,15,19,20
282,9,10,14,15,19,20
283,9,10,14,15,19,20
284,9,10,14,15,19,20
285,9,10,14,15,19,20
286,9,10,14,15,19,20
287,9,10,14,15,19,20
288,9,10,14,15,19,20
289,9,10,14,15,19,20
290,9,10,14,15,19,20
291,9,10,14,15,19,20
292,9,10,14,15,19,20
293,9,10,14,15,19,20
294,9,10,14,15,19,20
295,9,10,14,15,19,20
296,9,10,14,15,19,20
297,9,10,14,15,19,20
298,9,10,14,15,19,20
299,9,10,14,15,19,20
300,9,10,14,15,19,20
301,9,10,14,15,19,20
302,9,10,14,15,19,20
303,9,10,13,14,15,19,20
304,9,10,13,14,15,19,20
305,9,10,13,14,15,19,20
306,9,10,13,14,15,19,20
307,9,10,13,14,15,19,20
308,9,10,13,14,15,19,20
309,9,10,13,14,15,19,20
310,9,10,13,14,15,19,20
311,9,10,13,14,15,19,20
312,9,10,13,14,15,19,20
313,9,10,13,14,15,19,20
314,9,10,13,14,15,19,20
315,4,9,10,13,14,15,19,20
316,4,9,10,13,14,15,19,20
317,9,10,13,14,15,19,20
318,9,10,13,14,15,19,20
319,9,10,13,14,15,19,20
320,9,10,13,14,15,19,20
321,9,10,13,14,15,19,20
322,9,10,13,14,15,19,20
323,9,10,13,14,15,19,20
324,9,10,13,14,15,19,20
325,9,10,13,14,15,19,20
326,9,10,13,14,15,19,20
327,9,10,13,14,15,19,20
328,9,10,13,14,15,19,20
329,9,10,13,14,15,19,20
330,9,10,13,14,15,19,20
331,9,10,13,14,15,19,20
332,9,10,13,14,15,19,20
333,9,10,13,14,15,19,20
334,9,10,13,14,15,19,20
335,9,10,13,14,15,19,20
336,9,10,13,14,15,19,20
337,9,10,13,14,15,19,20
338,9,10,13,14,15,19,20
339,9,10,13,14,15,19,20
340,9,10,13,14,15,19,20
341,9,10,13,14,15,19,20
342,9,10,13,14,15,19,20
343,9,10,13,14,15,19,20
344,9,10,13,14,15,19,20
345,9,10,13,14,15,19,20
346,9,10,13,14,15,19,20
347,9,10,13,14,15,19,20
348,9,10,13,14,15,19,20
349,9,10,13,14,15,19,20
350,9,10,13,14,15,19,20
351,9,10,13,14,15,19,20
352,9,10,13,14,15,19,20
353,9,10,13,14,15,19,20
354,9,10,13,14,15,19,20
355,9,10,13,14,15,19,20
356,9,10,13,14,15,19,20
357,9,10,13,14,15,19,20
358,9,10,13,14,15,19,20
359,9,10,13,14,15,19,20
360,9,10,13,14,15,19,20
361,9,10,13,14,15,19,20
362,9,10,13,14,15,19,20
363,9,10,13,14,15,19,20
364,9,10,13,14,15,19,20
365,9,10,13,14,15,19,20
366,9,10,13,14,15,19,20
367,9,10,13,14,15,19,20
368,9,10,13,14,15,19,20
369,9,10,13,14,15,19,20
370,9,10,13,14,15,19,20
371,9,10,13,14,15,19,20
372,9,10,13,14,15,19,20
373,9,10,13,14,15,19,20
374,9,10,13,14,15,19,20
375,9,10,13,14,15,19,20
376,9,10,13,14,15,19,20
377,9,10,13,14,15,19,20
378,9,10,13,14,15,19,20
379,9,10,13,14,15,19,20
380,9,10,13,14,15,19,20
381,9,10,13,14,15,19,20
382,9,10,13,14,15,19,20
383,9,10,13,14,15,19,20
384,9,10,13,14,15,19,20
385,9,10,13,14,15,19,20
386,9,10,13,14,15,19,20
387,9,10,13,14,15,19,20
388,9,10,13,14,15,19,20
389,9,10,13,14,15,19,20
390,9,10,13,14,15,19,20
391,9,10,13,14,15,19,20
392,9,10,13,14,15,19,20
393,9,10,13,14,15,19,20
394,9,10,13,14,15,19,20
395,9,10,13,14,15,19,20
396,9,10,13,14,15,19,20
397,9,10,13,14,15,19,20
398,9,10,13,14,15,19,20
399,9,10,13,14,15,19,20
400,9,10,13,14,15,19,20
401,9,10,13,14,15,19,20
402,9,10,13,14,15,19,20
403,9,10,13,14,15,19,20
404,9,10,13,14,15,19,20
405,9,10,13,14,15,19,20
406,9,10,13,14,15,19,20
407,9,10,13,14,15,19,20
408,9,10,13,14,15,19,20
409,9,10,13,14,15,19,20
410,9,10,13,14,15,19,20
411,9,10,13,14,15,19,20
412,9,10,13,14,15,19,20
413,9,10,13,14,15,19,20
414,9,10,13,14,15,19,20
415,9,10,13,14,15,19,20
416,9,10,13,14,15,19,20
417,9,10,13,14,15,19,20
418,9,10,13,14,15,19,20
419,9,10,13,14,15,19,20
420,9,10,13,14,15,19,20
421,9,10,13,14,15,19,20
422,9,10,13,14,15,19,20
423,9,10,13,14,15,19,20
424,9,10,13,14,15,19,20
425,9,10,13,14,15,19,20
426,9,10,13,14,15,19,20
427,9,10,13,14,15,19,20
428,9,10,13,14,15,19,20
429,9,10,13,14,15,19,20
430,9,10,13,14,15,19,20
431,9,10,13,14,15,19,20
432,9,10,13,14,15,19,20
433,9,10,13,14,15,19,20
434,9,10,13,14,15,19,20
435,9,10,13,14,15,19,20
436,9,10,13,14,15,19,20
437,9,10,13,14,15,19,20
438,9,10,13,14,15,19,20
439,9,10,13,14,15,19,20
440,9,10,13,14,15,19,20
441,9,10,13,14,15,19,20
442,9,10,13,14,15,19,20
443,9,10,13,14,15,19,20
444,9,10,13,14,15,19,20
445,9,10,13,14,15,19,20
446,9,10,13,14,15,19,20
447,9,10,13,14,15,19,20
448,9,10,13,14,15,19,20
449,9,10,13,14,15,19,20
450,9,10,13,14,15,19,20
451,9,10,13,14,15,19,20
452,9,10,13,14,15,19,20
453,9,10,13,14,15,19,20
454,9,10,13,14,15,19,20
455,9,10,13,14,15,19,20
456,9,10,13,14,15,19,20
457,9,10,13,14,15,19,20
458,9,10,13,14,15,19,20
459,9,10,13,14,15,19,20
460,9,10,13,14,15,19,20
461,9,10,13,14,15,19,20
462,9,10,13,14,15,19,20
463,9,10,13,14,15,19,20
464,9,10,13,14,15,19,20
465,9,10,13,14,15,19,20
466,9,10,13,14,15,19,20
467,9,10,13,14,15,19,20
468,9,10,13,14,15,19,20
469,9,10,13,14,15,19,20
470,9,10,13,14,15,19,20
471,8,9,10,13,14,15,19,20
472,8,9,10,13,14,15,19,20
473,8,9,10,13,14,15,18,19,20
474,8,9,10,13,14,15,18,19,20
475,4,8,9,10,13,14,15,18,19,20
476,4,8,9,10,13,14,15,18,19,20
477,4,8,9,10,13,14,15,18,19,20
478,4,8,9,10,13,14,15,18,19,20
479,4,8,9,10,13,14,15,18,19,20
480,4,8,9,10,13,14,15,18,19,20
481,4,8,9,10,13,14,15,18,19,20
482,4,8,9,10,13,14,15,18,19,20
483,4,8,9,10,13,14,15,18,19
484,4,8,9,10,13,14,15,18,19
485,4,8,9,10,13,14,15,18,19
486,4,8,9,10,13,14,15,18,19
487,4,8,9,13,14,18,19
488,4,8,9,13,14,18,19
489,4,8,9,13,14,18,19
490,4,8,9,13,14,18,19
491,4,8,9,13,14,18,19
492,4,8,9,13,14,18,19
493,4,8,9,13,14,18,19
494,4,8,9,13,14,18,19
495,4,8,9,13,14,18,19
496,4,8,9,13,14,18,19
497,4,8,9,13,14,18,19
498,4,8,9,13,14,18,19
499,4,8,9,13,14,18,19
500,4,8,9,13,14,18,19
501,4,8,9,13,14,18,19
502,4,8,9,13,14,18,19
503,8,9,13,14,18,19
504,8,9,13,14,18,19
505,8,9,13,14,18,19
506,8,9,13,14,18,19
507,8,9,13,14,18,19,24
508,8,9,13,14,18,19,24
509,8,9,13,14,18,19,23,24
510,8,9,13,14,18,19,23,24
511,8,9,13,14,18,19,23,24
512,8,9,13,14,18,19,23,24
513,8,9,13,14,18,19,23,24
514,8,9,13,14,18,19,23,24
515,8,9,13,14,18,19,23,24
516,8,9,13,14,18,19,23,24
517,8,9,13,14,18,19,23,24
518,8,9,13,14,18,19,23,24
519,8,9,13,14,18,19,23,24
520,8,9,13,14,18,19,23,24
521,8,9,13,14,18,19,23,24
522,8,9,13,14,18,19,23,24
523,8,9,13,14,18,19,23,24
524,8,9,13,14,18,19,23,24
525,8,9,13,14,18,19,23,24
526,8,9,13,14,18,19,23,24
527,8,9,13,14,18,19,23,24
528,8,9,13,14,18,19,23,24
529,8,9,13,14,18,19,23,24
530,8,9,13,14,18,19,23,24
531,8,9,13,14,18,19,23,24
532,8,9,13,14,18,19,23,24
533,8,9,13,14,18,19,23,24
534,8,9,13,14,18,19,23,24
535,8,9,13,14,18,19,23,24
536,8,9,13,14,18,19,23,24
537,8,9,12,13,14,17,18,19,23,24
538,8,9,12,13,14,17,18,19,23,24
539,8,9,12,13,14,17,18,19,23,24
540,8,9,12,13,14,17,18,19,23,24
541,8,9,12,13,14,17,18,19,23,24
542,8,9,12,13,14,17,18,19,23,24
543,8,9,12,13,14,17,18,19,23,24
544,8,9,12,13,14,17,18,19,23,24
545,8,9,12,13,14,17,18,19,23,24
546,8,9,12,13,14,17,18,19,23,24
547,8,9,12,13,14,17,18,19,23,24
548,8,9,12,13,14,17,18,19,23,24
549,8,9,12,13,14,17,18,19,23,24
550,8,9,12,13,14,17,18,19,23,24
551,8,9,12,13,14,17,18,19,23,24
552,8,9,12,13,14,17,18,19,23,24
553,8,9,12,13,14,17,18,19,23,24
554,8,9,12,13,14,17,18,19,23,24
555,8,9,13,14,18,19,23,24
556,8,9,13,14,18,19,23,24
557,8,9,13,14,18,19,23,24
558,8,9,13,14,18,19,23,24
559,8,9,13,14,18,19,23,24
560,8,9,13,14,18,19,23,24
561,8,9,13,14,18,19,23,24
562,8,9,13,14,18,19,23,24
563,8,9,13,14,18,19,23,24
564,8,9,13,14,18,19,23,24
565,8,9,13,14,18,19,23,24
566,8,9,13,14,18,19,23,24
567,8,9,13,14,18,19,23,24
568,8,9,13,14,18,19,23,24
569,8,9,13,14,18,19,23,24
570,8,9,13,14,18,19,23,24
571,8,9,13,14,18,19,23,24
572,8,9,13,14,18,19,23,24
573,8,9,13,14,18,19,23,24
574,8,9,13,14,18,19,23,24
575,8,9,13,14,18,19,23,24
576,8,9,13,14,18,19,23,24
577,8,9,13,14,18,19,23,24
578,8,9,13,14,18,19,23,24
579,8,9,13,14,18,19,23,24
580,8,9,13,14,18,19,23,24
581,9,13,14,18,19,23,24
582,9,13,14,18,19,23,24
583,9,13,14,15,18,19,20,23,24
584,9,13,14,15,18,19,20,23,24
585,9,13,14,15,18,19,20,23,24,25
586,9,13,14,15,18,19,20,23,24,25
587,9,13,14,15,18,19,20,23,24,25
588,9,13,14,15,18,19,20,23,24,25
589,9,10,13,14,15,18,19,20,23,24,25
590,9,10,13,14,15,18,19,20,23,24,25
591,9,10,13,14,15,18,19,20,24,25
592,9,10,13,14,15,18,19,20,24,25
593,9,10,13,14,15,18,19,20,24,25
594,9,10,13,14,15,18,19,20,24,25
595,9,10,14,15,19,20,24,25
596,9,10,14,15,19,20,24,25
597,9,10,14,15,19,20,24,25
598,9,10,14,15,19,20,24,25
599,9,10,14,15,19,20,24,25
600,9,10,14,15,19,20,24,25
601,9,10,14,15,19,20,24,25
602,9,10,14,15,19,20,24,25
603,9,10,14,15,19,20,24,25
604,9,10,14,15,19,20,24,25
605,9,10,14,15,19,20,24,25
606,9,10,14,15,19,20,24,25
607,9,10,14,15,19,20,24,25
608,9,10,14,15,19,20,24,25
609,9,10,14,15,19,20,24,25
610,9,10,14,15,19,20,24,25
611,9,10,14,15,19,20,24,25
612,9,10,14,15,19,20,24,25
613,9,10,14,15,19,20,24,25
614,9,10,14,15,19,20,24,25
615,9,10,14,15,19,20,24,25
616,9,10,14,15,19,20,24,25
617,9,10,14,15,19,20,24,25
618,9,10,14,15,19,20,24,25
619,9,10,14,15,19,20,24,25
620,9,10,14,15,19,20,24,25
621,9,10,11,14,15,16,19,20,24,25
622,9,10,11,14,15,16,19,20,24,25
623,10,11,14,15,16,19,20,24,25
624,10,11,14,15,16,19,20,24,25
625,10,11,14,15,16,19,20,21,24,25
626,10,11,14,15,16,19,20,21,24,25
627,10,11,14,15,16,19,20,21,24,25
628,10,11,14,15,16,19,20,21,24,25
629,10,11,14,15,16,19,20,21,24,25
630,10,11,14,15,16,19,20,21,24,25
631,10,11,14,15,16,19,20,21,25
632,10,11,14,15,16,19,20,21,25
633,10,11,14,15,16,19,20,21,25
634,10,11,14,15,16,19,20,21,25
635,10,11,14,15,16,19,20,21,25
636,10,11,14,15,16,19,20,21,25
637,10,11,14,15,16,19,20,21,25
638,10,11,14,15,16,19,20,21,25
639,10,11,14,15,16,19,20,21,25
640,10,11,14,15,16,19,20,21,25
641,10,11,14,15,16,19,20,21,25
642,10,11,14,15,16,19,20,21,25
643,10,11,14,15,16,19,20,21,25
644,10,11,14,15,16,19,20,21,25
645,10,11,14,15,16,19,20,21,25
646,10,11,14,15,16,19,20,21,25
647,10,11,14,15,16,19,20,21,25
648,10,11,14,15,16,19,20,21,25
649,10,11,14,15,16,19,20,21,25
650,10,11,14,15,16,19,20,21,25
651,10,11,14,15,16,19,20,21,25
652,10,11,14,15,16,19,20,21,25
653,10,11,14,15,16,19,20,21,25
654,10,11,14,15,16,19,20,21,25
655,10,11,14,15,16,19,20,21,25
656,10,11,14,15,16,19,20,21,25
657,10,11,14,15,16,19,20,21,25
658,10,11,14,15,16,19,20,21,25
659,10,11,14,15,16,19,20,21,25
660,10,11,14,15,16,19,20,21,25
661,10,11,14,15,16,19,20,21,25
662,10,11,14,15,16,19,20,21,25
663,10,11,14,15,16,19,20,21,25
664,10,11,14,15,16,19,20,21,25
665,10,11,14,15,16,19,20,21,25
666,10,11,14,15,16,19,20,21,25
667,10,11,14,15,16,19,20,21,25
668,10,11,14,15,16,19,20,21,25
669,10,11,14,15,16,19,20,21,25
670,10,11,14,15,16,19,20,21,25
671,10,11,14,15,16,19,20,21,25
672,10,11,14,15,16,19,20,21,25
673,10,11,14,15,16,19,20,21,25
674,10,11,14,15,16,19,20,21,25
675,10,11,14,15,16,19,20,21,25
676,10,11,14,15,16,19,20,21,25
677,10,11,14,15,16,19,20,21,25
678,10,11,14,15,16,19,20,21,25
679,10,11,14,15,16,19,20,21,25
680,10,11,14,15,16,19,20,21,25
681,10,11,14,15,16,19,20,21,25
682,10,11,14,15,16,19,20,21,25
683,10,11,14,15,16,19,20,21,24,25
684,10,11,14,15,16,19,20,21,24,25
685,6,10,11,14,15,16,19,20,21,24,25
686,6,10,11,14,15,16,19,20,21,24,25
687,9,10,11,14,15,16,19,20,24,25
688,9,10,11,14,15,16,19,20,24,25
689,9,10,14,15,19,20,24,25
690,9,10,14,15,19,20,24,25
691,9,10,14,15,19,20,24,25
692,9,10,14,15,19,20,24,25
693,9,10,14,15,19,20,24,25
694,9,10,14,15,19,20,24,25
695,9,10,14,15,19,20
696,9,10,14,15,19,20
697,9,10,14,15,19,20
698,9,10,14,15,19,20
699,4,9,10,14,15,19,20
700,4,9,10,14,15,19,20
701,4,9,10,14,15,19,20
702,4,9,10,14,15,19,20
703,4,9,10,14,15,19,20
704,4,9,10,14,15,19,20
705,4,9,10,14,15,19,20
706,4,9,10,14,15,19,20
707,4,9,10,14,15,19,20
708,4,9,10,14,15,19,20
709,4,9,10,14,15,19,20
710,4,9,10,14,15,19,20
711,4,9,10,14,15,19,20
712,4,9,10,14,15,19,20
713,4,9,10,13,14,15,19,20
714,4,9,10,13,14,15,19,20
715,4,8,9,10,13,14,15,19,20
716,4,8,9,10,13,14,15,19,20
717,4,8,9,10,13,14,15,19,20
718,4,8,9,10,13,14,15,19,20
719,4,8,9,10,13,14,15,18,19,20
720,4,8,9,10,13,14,15,18,19,20
721,4,8,9,10,13,14,15,18,19,20
722,4,8,9,10,13,14,15,18,19,20
723,4,8,9,10,13,14,15,18,19,20
724,4,8,9,10,13,14,15,18,19,20
725,4,8,9,10,13,14,15,18,19,20
726,4,8,9,10,13,14,15,18,19,20
727,4,8,9,10,13,14,15,18,19,20
728,4,8,9,10,13,14,15,18,19,20
729,4,8,9,10,13,14,15,18,19,20
730,4,8,9,10,13,14,15,18,19,20
731,4,8,9,10,13,14,15,18,19,20
732,4,8,9,10,13,14,15,18,19,20
733,4,8,9,10,13,14,15,18,19,20
734,4,8,9,10,13,14,15,18,19,20
735,4,8,9,10,13,14,15,18,19,20
736,4,8,9,10,13,14,15,18,19,20
737,4,8,9,10,13,14,15,18,19,20
738,4,8,9,10,13,14,15,18,19,20
739,4,8,9,10,13,14,15,18,19,20
740,4,8,9,10,13,14,15,18,19,20
741,4,8,9,10,13,14,15,18,19,20
742,4,8,9,10,13,14,15,18,19,20
743,4,8,9,10,13,14,15,18,19,20
744,4,8,9,10,13,14,15,18,19,20
745,4,8,9,10,13,14,15,18,19,20
746,4,8,9,10,13,14,15,18,19,20
747,4,8,9,10,13,14,15,18,19,20
748,4,8,9,10,13,14,15,18,19,20
749,4,8,9,10,13,14,15,18,19,20
750,4,8,9,10,13,14,15,18,19,20
751,4,8,9,10,13,14,15,18,19,20
752,4,8,9,10,13,14,15,18,19,20
753,4,8,9,10,13,14,15,18,19,20
754,4,8,9,10,13,14,15,18,19,20
755,4,8,9,10,13,14,15,18,19,20
756,4,8,9,10,13,14,15,18,19,20
757,4,8,9,10,13,14,15,18,19,20
758,4,8,9,10,13,14,15,18,19,20
759,4,8,9,10,13,14,15,18,19,20
760,4,8,9,10,13,14,15,18,19,20
761,4,8,9,10,13,14,15,18,19,20
762,4,8,9,10,13,14,15,18,19,20
763,4,8,9,10,13,14,15,18,19,20
764,4,8,9,10,13,14,15,18,19,20
765,4,8,9,10,13,14,15,18,19,20
766,4,8,9,10,13,14,15,18,19,20
767,4,8,9,10,13,14,15,18,19,20
768,4,8,9,10,13,14,15,18,19,20
769,4,8,9,10,13,14,15,18,19,20
770,4,8,9,10,13,14,15,18,19,20
771,4,8,9,10,13,14,15,18,19,20
772,4,8,9,10,13,14,15,18,19,20
773,4,8,9,10,13,14,15,18,19,20
774,4,8,9,10,13,14,15,18,19,20
775,4,8,9,10,13,14,15,18,19,20
776,4,8,9,10,13,14,15,18,19,20
777,4,8,9,10,13,14,15,18,19,20
778,4,8,9,10,13,14,15,18,19,20
779,4,8,9,10,13,14,15,18,19,20
780,4,8,9,10,13,14,15,18,19,20
781,4,8,9,10,13,14,15,18,19,20
782,4,8,9,10,13,14,15,18,19,20
783,4,8,9,10,13,14,15,18,19,20
784,4,8,9,10,13,14,15,18,19,20
785,4,8,9,10,13,14,15,18,19,20
786,4,8,9,10,13,14,15,18,19,20
787,4,8,9,10,13,14,15,18,19,20
788,4,8,9,10,13,14,15,18,19,20
789,4,8,9,10,13,14,15,18,19,20
790,4,8,9,10,13,14,15,18,19,20
791,4,8,9,10,13,14,15,18,19,20
792,4,8,9,10,13,14,15,18,19,20
793,4,8,9,10,13,14,15,18,19,20
794,4,8,9,10,13,14,15,18,19,20
795,4,8,9,10,13,14,15,18,19,20
796,4,8,9,10,13,14,15,18,19,20
797,4,8,9,10,13,14,15,18,19,20
798,4,8,9,10,13,14,15,18,19,20
799,4,8,9,10,13,14,15,18,19,20
800,4,8,9,10,13,14,15,18,19,20
801,4,8,9,10,13,14,15,18,19,20
802,4,8,9,10,13,14,15,18,19,20
803,4,8,9,10,13,14,15,18,19,20
804,4,8,9,10,13,14,15,18,19,20
805,4,8,9,10,13,14,15,18,19,20
806,4,8,9,10,13,14,15,18,19,20
807,4,8,9,10,13,14,15,18,19,20
808,4,8,9,10,13,14,15,18,19,20
809,4,8,9,10,13,14,15,18,19,20
810,4,8,9,10,13,14,15,18,19,20
811,4,8,9,10,13,14,15,18,19,20
812,4,8,9,10,13,14,15,18,19,20
813,4,8,9,10,13,14,15,18,19,20
814,4,8,9,10,13,14,15,18,19,20
815,4,8,9,10,13,14,15,18,19,20
816,4,8,9,10,13,14,15,18,19,20
817,4,8,9,10,13,14,15,18,19,20
818,4,8,9,10,13,14,15,18,19,20
819,4,8,9,10,13,14,15,18,19,20
820,4,8,9,10,13,14,15,18,19,20
821,4,8,9,10,13,14,15,18,19,20
822,4,8,9,10,13,14,15,18,19,20
823,4,8,9,10,13,14,15,18,19,20
824,4,8,9,10,13,14,15,18,19,20
825,4,8,9,10,13,14,15,18,19,20
826,4,8,9,10,13,14,15,18,19,20
827,4,8,9,10,13,14,15,18,19,20
828,4,8,9,10,13,14,15,18,19,20
829,4,8,9,10,13,14,15,18,19,20
830,4,8,9,10,13,14,15,18,19,20
831,4,8,9,10,13,14,15,18,19,20
832,4,8,9,10,13,14,15,18,19,20
833,4,8,9,10,13,14,15,18,19,20
834,4,8,9,10,13,14,15,18,19,20
835,4,8,9,10,13,14,15,18,19,20
836,4,8,9,10,13,14,15,18,19,20
837,4,8,9,10,13,14,15,18,19,20
838,4,8,9,10,13,14,15,18,19,20
839,4,8,9,10,13,14,15,18,19,20
840,4,8,9,10,13,14,15,18,19,20
841,4,8,9,10,13,14,15,18,19,20
842,4,8,9,10,13,14,15,18,19,20
843,4,8,9,10,13,14,15,18,19,20
844,4,8,9,10,13,14,15,18,19,20
845,4,8,9,10,13,14,15,18,19,20
846,4,8,9,10,13,14,15,18,19,20
847,4,8,9,10,13,14,15,18,19,20
848,4,8,9,10,13,14,15,18,19,20
849,4,8,9,10,13,14,15,18,19,20
850,4,8,9,10,13,14,15,18,19,20
851,4,8,9,10,13,14,15,18,19,20
852,4,8,9,10,13,14,15,18,19,20
853,4,8,9,10,13,14,15,18,19,20
854,4,8,9,10,13,14,15,18,19,20
855,4,8,9,10,13,14,15,18,19,20
856,4,8,9,10,13,14,15,18,19,20
857,4,8,9,10,13,14,15,18,19,20
858,4,8,9,10,13,14,15,18,19,20
859,4,8,9,10,13,14,15,18,19,20
860,4,8,9,10,13,14,15,18,19,20
861,4,8,9,10,13,14,15,18,19,20
862,4,8,9,10,13,14,15,18,19,20
863,4,8,9,10,13,14,15,18,19,20
864,4,8,9,10,13,14,15,18,19,20
865,4,8,9,10,13,14,15,18,19,20
866,4,8,9,10,13,14,15,18,19,20
867,4,8,9,10,13,14,15,18,19,20
868,4,8,9,10,13,14,15,18,19,20
869,4,8,9,10,13,14,15,18,19,20
870,4,8,9,10,13,14,15,18,19,20
871,4,8,9,10,13,14,15,18,19,20
872,4,8,9,10,13,14,15,18,19,20
873,4,8,9,10,13,14,15,18,19,20
874,4,8,9,10,13,14,15,18,19,20
875,4,8,9,10,13,14,15,18,19,20
876,4,8,9,10,13,14,15,18,19,20
877,4,8,9,10,13,14,15,18,19,20
878,4,8,9,10,13,14,15,18,19,20
879,4,8,9,10,13,14,15,18,19,20
880,4,8,9,10,13,14,15,18,19,20
881,4,8,9,10,13,14,15,18,19,20
882,4,8,9,10,13,14,15,18,19,20
883,4,8,9,10,13,14,15,18,19,20
884,4,8,9,10,13,14,15,18,19,20
885,4,8,9,10,13,14,15,19,20
886,4,8,9,10,13,14,15,19,20
887,4,8,9,10,13,14,15,19,20
888,4,8,9,10,13,14,15,19,20
889,4,8,9,10,13,14,15,19,20
890,4,8,9,10,13,14,15,19,20
891,4,8,9,10,13,14,15,19,20
892,4,8,9,10,13,14,15,19,20
893,4,8,9,10,13,14,15,19,20
894,4,8,9,10,13,14,15,19,20
895,4,8,9,10,13,14,15,19,20
896,4,8,9,10,13,14,15,19,20
897,4,8,9,10,13,14,15,19,20
898,4,8,9,10,13,14,15,19,20
899,4,8,9,10,13,14,15,19,20
900,4,8,9,10,13,14,15,19,20
901,4,8,9,10,13,14,15,19,20
902,4,8,9,10,13,14,15,19,20
903,4,8,9,10,13,14,15,19,20
904,4,8,9,10,13,14,15,19,20
905,4,8,9,10,13,14,15,19,20
906,4,8,9,10,13,14,15,19,20
907,4,8,9,10,13,14,15,19,20
908,4,8,9,10,13,14,15,19,20
909,4,5,8,9,10,13,14,15,19,20
910,4,5,8,9,10,13,14,15,19,20
911,4,5,8,9,10,13,14,15,19,20
912,4,5,8,9,10,13,14,15,19,20
913,4,5,8,9,10,13,14,15,19,20
914,4,5,8,9,10,13,14,15,19,20
915,4,5,9,10,14,15,19,20
916,4,5,9,10,14,15,19,20
917,4,5,9,10,14,15,19,20
918,4,5,9,10,14,15,19,20
919,4,5,9,10,14,15,19,20
920,4,5,9,10,14,15,19,20
921,4,5,9,10,14,15,19,20
922,4,5,9,10,14,15,19,20
923,4,5,9,10,14,15,19,20
924,4,5,9,10,14,15,19,20
925,4,5,9,10,14,15,19,20
926,4,5,9,10,14,15,19,20
927,4,5,9,10,14,15,19,20
928,4,5,9,10,14,15,19,20
929,4,5,9,10,14,15,19,20
930,4,5,9,10,14,15,19,20
931,4,5,9,10,14,15,19,20
932,4,5,9,10,14,15,19,20
933,4,5,9,10,14,15,19,20
934,4,5,9,10,14,15,19,20
935,4,5,9,10,14,15,19,20
936,4,5,9,10,14,15,19,20
937,4,5,9,10,14,15,19,20
938,4,5,9,10,14,15,19,20
939,4,5,9,10,14,15,19,20
940,4,5,9,10,14,15,19,20
941,4,5,9,10,14,15,19,20
942,4,5,9,10,14,15,19,20
943,4,5,9,10,14,15,19,20
944,4,5,9,10,14,15,19,20
945,4,5,9,10,14,15,19,20
946,4,5,9,10,14,15,19,20
947,4,5,9,10,14,15,19,20
948,4,5,9,10,14,15,19,20
949,4,5,9,10,14,15,19,20
950,4,5,9,10,14,15,19,20
951,4,5,9,10,14,15,19,20
952,4,5,9,10,14,15,19,20
953,4,5,9,10,14,15,19,20
954,4,5,9,10,14,15,19,20
955,4,5,9,10,14,15,19,20
956,4,5,9,10,14,15,19,20
957,4,5,9,10,14,15,19,20
958,4,5,9,10,14,15,19,20
959,4,5,9,10,14,15,19,20
960,4,5,9,10,14,15,19,20
961,4,5,9,10,14,15,19,20
962,4,5,9,10,14,15,19,20
963,4,5,9,10,14,15,19,20
964,4,5,9,10,14,15,19,20
965,4,5,9,10,14,15,19,20
966,4,5,9,10,14,15,19,20
967,4,5,9,10,14,15,19,20
968,4,5,9,10,14,15,19,20
969,4,9,10,14,15,19,20
970,4,9,10,14,15,19,20
971,4,9,10,14,15,19,20
972,4,9,10,14,15,19,20
973,4,5,9,10,14,15,19,20
974,4,5,9,10,14,15,19,20
975,4,5,9,10,14,15,19,20
976,4,5,9,10,14,15,19,20
977,4,5,9,10,14,15,19,20
978,4,5,9,10,14,15,19,20
979,4,5,9,10,14,15,19,20
980,4,5,9,10,14,15,19,20
981,4,5,9,10,14,15,19,20
982,4,5,9,10,14,15,19,20
983,4,5,9,10,14,15,19,20
984,4,5,9,10,14,15,19,20
985,4,5,9,10,14,15,19,20
986,4,5,9,10,14,15,19,20
987,4,5,9,10,14,15,19,20
988,4,5,9,10,14,15,19,20
989,4,5,9,10,14,15,19,20
990,4,5,9,10,14,15,19,20
991,4,5,9,10,14,15,19,20
992,4,5,9,10,14,15,19,20
993,4,5,9,10,14,15,19,20
994,4,5,9,10,14,15,19,20
995,4,5,9,10,14,15,19,20
996,4,5,9,10,14,15,19,20
997,4,5,9,10,14,15,19,20
998,4,5,9,10,14,15,19,20
999,4,5,9,10,14,15,19,20
1000,4,5,9,10,14,15,19,20
1001,4,5,9,10,14,15,19,20
1002,4,5,9,10,14,15,19,20
1003,4,5,9,10,14,15,19,20
1004,4,5,9,10,14,15,19,20
1005,4,5,9,10,14,15,19,20
1006,4,5,9,10,14,15,19,20
1007,4,5,9,10,14,15,19,20
1008,4,5,9,10,14,15,19,20
1009,4,5,9,10,14,15,19,20
1010,4,5,9,10,14,15,19,20
1011,4,5,9,10,14,15,19,20
1012,4,5,9,10,14,15,19,20
1013,4,5,9,10,14,15,19,20
1014,4,5,9,10,14,15,19,20
1015,4,5,9,10,14,15,19,20
1016,4,5,9,10,14,15,19,20
1017,4,5,9,10,14,15,19,20
1018,4,5,9,10,14,15,19,20
1019,4,5,9,10,14,15,19,20
1020,4,5,9,10,14,15,19,20
1021,4,5,9,10,14,15,19,20
1022,4,5,9,10,14,15,19,20
1023,4,5,9,10,14,15,19,20
1024,4,5,9,10,14,15,19,20
1025,4,5,9,10,14,15,19,20
1026,4,5,9,10,14,15,19,20
1027,4,5,9,10,14,15,19,20
1028,4,5,9,10,14,15,19,20
1029,4,5,9,10,14,15,19,20
1030,4,5,9,10,14,15,19,20
1031,4,5,9,10,14,15,19,20
1032,4,5,9,10,14,15,19,20
1033,4,5,9,10,14,15,19,20
1034,4,5,9,10,14,15,19,20
1035,4,5,9,10,14,15,19,20
1036,4,5,9,10,14,15,19,20
1037,4,5,9,10,14,15,19,20
1038,4,5,9,10,14,15,19,20
1039,4,5,9,10,14,15,19,20
1040,4,5,9,10,14,15,19,20
1041,4,5,9,10,14,15,19,20
1042,4,5,9,10,14,15,19,20
1043,4,5,9,10,14,15,19,20
1044,4,5,9,10,14,15,19,20
1045,4,5,9,10,14,15,19,20
1046,4,5,9,10,14,15,19,20
1047,4,5,9,10,14,15,19,20
1048,4,5,9,10,14,15,19,20
1049,4,5,9,10,14,15,19,20
1050,4,5,9,10,14,15,19,20
1051,4,5,9,10,14,15,19,20
1052,4,5,9,10,14,15,19,20
1053,4,5,9,10,14,15,19,20
1054,4,5,9,10,14,15,19,20
1055,4,5,9,10,14,15,19,20
1056,4,5,9,10,14,15,19,20
1057,4,5,9,10,14,15,19,20
1058,4,5,9,10,14,15,19,20
1059,4,5,9,10,14,15,19,20
1060,4,5,9,10,14,15,19,20
1061,4,5,9,10,14,15,19,20
1062,4,5,9,10,14,15,19,20
1063,4,5,9,10,14,15,19,20
1064,4,5,9,10,14,15,19,20
1065,4,5,9,10,14,15,19,20
1066,4,5,9,10,14,15,19,20
1067,4,5,9,10,14,15,19,20
1068,4,5,9,10,14,15,19,20
1069,4,5,9,10,14,15,19,20
1070,4,5,9,10,14,15,19,20
1071,4,5,9,10,14,15,19,20
1072,4,5,9,10,14,15,19,20
1073,4,5,9,10,14,15,19,20
1074,4,5,9,10,14,15,19,20
1075,4,5,9,10,14,15,19,20
1076,4,5,9,10,14,15,19,20
1077,4,5,9,10,14,15,19,20
1078,4,5,9,10,14,15,19,20
1079,4,5,9,10,14,15,19,20
1080,4,5,9,10,14,15,19,20
1081,4,5,9,10,14,15,19,20
1082,4,5,9,10,14,15,19,20
1083,4,5,9,10,14,15,19,20
1084,4,5,9,10,14,15,19,20
1085,4,5,9,10,14,15,19,20
1086,4,5,9,10,14,15,19,20
1087,4,5,9,10,14,15,19,20
1088,4,5,9,10,14,15,19,20
1089,4,5,9,10,14,15,19,20
1090,4,5,9,10,14,15,19,20
1091,4,5,9,10,14,15,19,20
1092,4,5,9,10,14,15,19,20
1093,4,5,9,10,14,15,19,20
1094,4,5,9,10,14,15,19,20
1095,4,5,9,10,14,15,19,20
1096,4,5,9,10,14,15,19,20
1097,4,5,9,10,14,15,19,20
1098,4,5,9,10,14,15,19,20
1099,4,5,9,10,14,15,19,20
1100,4,5,9,10,14,15,19,20
1101,4,5,9,10,14,15,19,20
1102,4,5,9,10,14,15,19,20
1103,4,5,9,10,14,15,19,20
1104,4,5,9,10,14,15,19,20
1105,4,5,9,10,14,15,19,20
1106,4,5,9,10,14,15,19,20
1107,4,5,9,10,14,15,19,20
1108,4,5,9,10,14,15,19,20
1109,4,5,9,10,14,15,19,20
1110,4,5,9,10,14,15,19,20
1111,4,5,9,10,14,15,19,20
1112,4,5,9,10,14,15,19,20
1113,4,5,9,10,14,15,19,20
1114,4,5,9,10,14,15,19,20
1115,4,5,9,10,14,15,19,20
1116,4,5,9,10,14,15,19,20
1117,4,5,9,10,14,15,19,20
1118,4,5,9,10,14,15,19,20
1119,4,5,9,10,14,15,19,20
1120,4,5,9,10,14,15,19,20
1121,4,5,9,10,14,15,19,20
1122,4,5,9,10,14,15,19,20
1123,4,5,9,10,14,15,19,20
1124,4,5,9,10,14,15,19,20
1125,4,5,9,10,14,15,19,20
1126,4,5,9,10,14,15,19,20
1127,4,5,9,10,14,15,19,20
1128,4,5,9,10,14,15,19,20
1129,4,5,9,10,14,15,19,20
1130,4,5,9,10,14,15,19,20
1131,4,5,9,10,14,15,19,20
1132,4,5,9,10,14,15,19,20
1133,4,5,9,10,14,15,19,20
1134,4,5,9,10,14,15,19,20
1135,4,5,9,10,14,15,19,20
1136,4,5,9,10,14,15,19,20
1137,4,5,9,10,14,15,19,20
1138,4,5,9,10,14,15,19,20
1139,4,5,9,10,14,15,19,20
1140,4,5,9,10,14,15,19,20
1141,4,5,9,10,14,15,19,20
1142,4,5,9,10,14,15,19,20
1143,4,5,9,10,14,15,19,20
1144,4,5,9,10,14,15,19,20
1145,4,5,9,10,14,15,19,20
1146,4,5,9,10,14,15,19,20
1147,4,5,9,10,14,15,19,20
1148,4,5,9,10,14,15,19,20
1149,4,5,9,10,14,15,19,20
1150,4,5,9,10,14,15,19,20
1151,4,5,9,10,14,15,19,20
1152,4,5,9,10,14,15,19,20
1153,4,5,9,10,14,15,19,20
1154,4,5,9,10,14,15,19,20
1155,4,5,9,10,14,15,19,20
1156,4,5,9,10,14,15,19,20
1157,4,5,9,10,14,15,19,20
1158,4,5,9,10,14,15,19,20
1159,4,5,9,10,14,15,19,20
1160,4,5,9,10,14,15,19,20
1161,4,5,9,10,14,15,19,20
1162,4,5,9,10,14,15,19,20
1163,4,5,9,10,14,15,19,20
1164,4,5,9,10,14,15,19,20
1165,4,5,9,10,14,15,19,20
1166,4,5,9,10,14,15,19,20
1167,4,5,9,10,14,15,19,20
1168,4,5,9,10,14,15,19,20
1169,4,5,9,10,14,15,19,20
1170,4,5,9,10,14,15,19,20
1171,4,5,9,10,14,15,19,20
1172,4,5,9,10,14,15,19,20
1173,4,5,9,10,14,15,19,20
1174,4,5,9,10,14,15,19,20
1175,4,5,9,10,14,15,19,20
1176,4,5,9,10,14,15,19,20
1177,4,5,9,10,14,15,19,20
1178,4,5,9,10,14,15,19,20
1179,4,5,9,10,14,15,19,20
1180,4,5,9,10,14,15,19,20
1181,4,5,9,10,14,15,19,20
1182,4,5,9,10,14,15,19,20
1183,4,5,9,10,14,15,19,20
1184,4,5,9,10,14,15,19,20
1185,4,5,9,10,14,15,19,20
1186,4,5,9,10,14,15,19,20
1187,4,5,9,10,14,15,19,20
1188,4,5,9,10,14,15,19,20
1189,4,5,9,10,14,15,19,20
1190,4,5,9,10,14,15,19,20
1191,4,5,9,10,14,15,19,20
1192,4,5,9,10,14,15,19,20
1193,4,5,9,10,14,15,19,20
1194,4,5,9,10,14,15,19,20
1195,4,5,9,10,14,15,19,20
1196,4,5,9,10,14,15,19,20
1197,4,5,9,10,14,15,19,20
1198,4,5,9,10,14,15,19,20
1199,4,5,9,10,14,15,19,20
1200,4,5,9,10,14,15,19,20
1201,4,5,9,10,14,15,19,20
1202,4,5,9,10,14,15,19,20
1203,4,5,9,10,14,15,19,20
1204,4,5,9,10,14,15,19,20
1205,4,5,9,10,14,15,19,20
1206,4,5,9,10,14,15,19,20
1207,4,5,9,10,14,15,19,20
1208,4,5,9,10,14,15,19,20
1209,4,5,9,10,14,15,19,20
1210,4,5,9,10,14,15,19,20
1211,4,5,9,10,14,15,19,20
1212,4,5,9,10,14,15,19,20
1213,4,5,9,10,14,15,19,20
1214,4,5,9,10,14,15,19,20
1215,4,5,9,10,14,15,19,20
1216,4,5,9,10,14,15,19,20
1217,4,5,9,10,14,15,19,20
1218,4,5,9,10,14,15,19,20
1219,4,5,9,10,14,15,19,20
1220,4,5,9,10,14,15,19,20
1221,4,5,9,10,14,15,19,20
1222,4,5,9,10,14,15,19,20
1223,4,5,9,10,14,15,19,20
1224,4,5,9,10,14,15,19,20
1225,4,5,9,10,14,15,19,20
1226,4,5,9,10,14,15,19,20
1227,4,5,9,10,14,15,19,20
1228,4,5,9,10,14,15,19,20
1229,4,5,9,10,14,15,19,20
1230,4,5,9,10,14,15,19,20
1231,4,5,9,10,14,15,19,20
1232,4,5,9,10,14,15,19,20
1233,4,5,9,10,14,15,19,20
1234,4,5,9,10,14,15,19,20
1235,4,5,9,10,14,15,19,20
1236,4,5,9,10,14,15,19,20
1237,4,5,9,10,14,15,19,20
1238,4,5,9,10,14,15,19,20
1239,4,5,9,10,14,15,19,20
1240,4,5,9,10,14,15,19,20
1241,4,5,9,10,14,15,19,20
1242,4,5,9,10,14,15,19,20
1243,4,5,9,10,14,15,19,20
1244,4,5,9,10,14,15,19,20
1245,4,5,9,10,14,15,19,20
1246,4,5,9,10,14,15,19,20
1247,4,5,9,10,14,15,19,20
1248,4,5,9,10,14,15,19,20
1249,4,5,9,10,14,15,19,20
1250,4,5,9,10,14,15,19,20
1251,4,5,9,10,14,15,19,20
1252,4,5,9,10,14,15,19,20
1253,4,5,9,10,14,15,19,20
1254,4,5,9,10,14,15,19,20
1255,4,5,9,10,14,15,19,20
1256,4,5,9,10,14,15,19,20
1257,4,5,9,10,14,15,19,20
1258,4,5,9,10,14,15,19,20
1259,4,5,9,10,14,15,19,20
1260,4,5,9,10,14,15,19,20
1261,4,5,9,10,14,15,19,20
1262,4,5,9,10,14,15,19,20
1263,4,5,9,10,14,15,19,20
1264,4,5,9,10,14,15,19,20
1265,4,5,9,10,14,15,19,20
1266,4,5,9,10,14,15,19,20
1267,4,5,9,10,14,15,19,20
1268,4,5,9,10,14,15,19,20
1269,4,5,9,10,14,15,19,20
1270,4,5,9,10,14,15,19,20
1271,4,5,9,10,14,15,19,20
1272,4,5,9,10,14,15,19,20
1273,4,5,9,10,14,15,19,20
1274,4,5,9,10,14,15,19,20
1275,4,5,9,10,14,15,19,20
1276,4,5,9,10,14,15,19,20
1277,4,5,9,10,14,15,19,20
1278,4,5,9,10,14,15,19,20
1279,4,5,9,10,14,15,19,20
1280,4,5,9,10,14,15,19,20
1281,4,5,9,10,14,15,19,20
1282,4,5,9,10,14,15,19,20
1283,4,5,9,10,14,15,19,20
1284,4,5,9,10,14,15,19,20
1285,4,5,9,10,14,15,19,20
1286,4,5,9,10,14,15,19,20
1287,4,5,9,10,14,15,19,20
1288,4,5,9,10,14,15,19,20
1289,4,5,9,10,14,15,19,20
1290,4,5,9,10,14,15,19,20
1291,4,5,9,10,14,15,19,20
1292,4,5,9,10,14,15,19,20
1293,4,5,9,10,14,15,19,20
1294,4,5,9,10,14,15,19,20
1295,4,5,9,10,14,15,19,20
1296,4,5,9,10,14,15,19,20
1297,4,5,9,10,14,15,19,20
1298,4,5,9,10,14,15,19,20
1299,4,5,9,10,14,15,19,20
1300,4,5,9,10,14,15,19,20
1301,4,5,9,10,14,15,19,20
1302,4,5,9,10,14,15,19,20
1303,4,5,9,10,14,15,19,20
1304,4,5,9,10,14,15,19,20
1305,4,5,9,10,14,15,19,20
1306,4,5,9,10,14,15,19,20
1307,4,5,9,10,14,15,19,20
1308,4,5,9,10,14,15,19,20
1309,4,5,9,10,14,15,19,20
1310,4,5,9,10,14,15,19,20
1311,4,5,9,10,14,15,19,20
1312,4,5,9,10,14,15,19,20
1313,4,5,9,10,14,15,19,20
1314,4,5,9,10,14,15,19,20
1315,4,5,9,10,14,15,19,20
1316,4,5,9,10,14,15,19,20
1317,4,5,9,10,14,15,19,20
1318,4,5,9,10,14,15,19,20
1319,4,5,9,10,14,15,19,20
1320,4,5,9,10,14,15,19,20
1321,4,5,9,10,14,15,19,20
1322,4,5,9,10,14,15,19,20
1323,4,9,10,14,15,19,20
1324,4,9,10,14,15,19,20
1325,4,9,10,13,14,15,19,20
1326,4,9,10,13,14,15,19,20
1327,4,8,9,10,13,14,15,19,20
1328,4,8,9,10,13,14,15,19,20
1329,4,8,9,10,13,14,15,18,19,20
1330,4,8,9,10,13,14,15,18,19,20
1331,4,8,9,10,13,14,15,18,19,20
1332,4,8,9,10,13,14,15,18,19,20
1333,4,8,9,10,13,14,15,18,19
1334,4,8,9,10,13,14,15,18,19
1335,4,8,9,13,14,18,19
1336,4,8,9,13,14,18,19
1337,8,9,13,14,18,19
1338,8,9,13,14,18,19
1339,8,9,13,14,18,19
1340,8,9,13,14,18,19
1341,8,9,13,14,18,19
1342,8,9,13,14,18,19
1343,8,9,13,14,18,19,23
1344,8,9,13,14,18,19,23
1345,8,9,13,14,18,19,23
1346,8,9,13,14,18,19,23
1347,8,9,12,13,14,18,19,23
1348,8,9,12,13,14,18,19,23
1349,7,8,9,12,13,14,17,18,19,23
1350,7,8,9,12,13,14,17,18,19,23
1351,7,8,9,12,13,14,17,18,19,23
1352,7,8,9,12,13,14,17,18,19,23
1353,7,8,12,13,17,18,22,23
1354,7,8,12,13,17,18,22,23
1355,7,8,12,13,17,18,22,23
1356,7,8,12,13,17,18,22,23
1357,7,8,12,13,17,18,22,23
1358,7,8,12,13,17,18,22,23
1359,7,8,12,13,17,18,22,23
1360,7,8,12,13,17,18,22,23
1361,7,8,12,13,17,18,22,23
1362,7,8,12,13,17,18,22,23
1363,7,8,12,13,17,18,22,23
1364,7,8,12,13,17,18,22,23
1365,7,8,12,13,17,18,22,23
1366,7,8,12,13,17,18,22,23
1367,7,8,12,13,17,18,22,23
1368,7,8,12,13,17,18,22,23
1369,7,8,12,13,17,18,22,23
1370,7,8,12,13,17,18,22,23
1371,7,8,12,13,17,18,22,23
1372,7,8,12,13,17,18,22,23
1373,7,8,12,13,17,18,22,23
1374,7,8,12,13,17,18,22,23
1375,7,8,11,12,13,16,17,18,22,23
1376,7,8,11,12,13,16,17,18,22,23
1377,7,8,11,12,13,16,17,18,22,23
1378,7,8,11,12,13,16,17,18,22,23
1379,7,8,11,12,13,16,17,18,22,23
1380,7,8,11,12,13,16,17,18,22,23
1381,7,8,11,12,13,16,17,18,22,23
1382,7,8,11,12,13,16,17,18,22,23
1383,7,8,11,12,13,16,17,18,22,23
1384,7,8,11,12,13,16,17,18,22,23
1385,7,8,11,12,13,16,17,18,22,23
1386,7,8,11,12,13,16,17,18,22,23
1387,7,8,11,12,13,16,17,18,22,23
1388,7,8,11,12,13,16,17,18,22,23
1389,7,8,11,12,13,16,17,18,22,23
1390,7,8,11,12,13,16,17,18,22,23
1391,7,8,11,12,13,16,17,18,22,23
1392,7,8,11,12,13,16,17,18,22,23
1393,7,8,11,12,13,16,17,18,22,23
1394,7,8,11,12,13,16,17,18,22,23
1395,7,8,11,12,13,16,17,18,22,23
1396,7,8,11,12,13,16,17,18,22,23
1397,7,8,11,12,13,16,17,18,22,23
1398,7,8,11,12,13,16,17,18,22,23
1399,7,8,11,12,13,16,17,18,22,23
1400,7,8,11,12,13,16,17,18,22,23
1401,7,8,11,12,13,16,17,18,22,23
1402,7,8,11,12,13,16,17,18,22,23
1403,7,8,11,12,13,16,17,18,22,23
1404,7,8,11,12,13,16,17,18,22,23
1405,7,8,11,12,13,16,17,18,22,23
1406,7,8,11,12,13,16,17,18,22,23
1407,7,8,11,12,13,16,17,18,22,23
1408,7,8,11,12,13,16,17,18,22,23
1409,7,8,11,12,13,16,17,18,22,23
1410,7,8,11,12,13,16,17,18,22,23
1411,7,8,11,12,13,16,17,18,22,23
1412,7,8,11,12,13,16,17,18,22,23
1413,7,8,12,13,17,18,22,23
1414,7,8,12,13,17,18,22,23
1415,7,8,12,13,17,18,22,23
1416,7,8,12,13,17,18,22,23
1417,7,8,12,13,17,18,22,23
1418,7,8,12,13,17,18,22,23
1419,7,8,12,13,17,18,22,23
1420,7,8,12,13,17,18,22,23
1421,7,8,12,13,17,18,22,23
1422,7,8,12,13,17,18,22,23
1423,7,8,12,13,17,18,22,23
1424,7,8,12,13,17,18,22,23
1425,7,8,12,13,17,18,22,23
1426,7,8,12,13,17,18,22,23
1427,7,8,12,13,17,18,22,23
1428,7,8,12,13,17,18,22,23
1429,7,8,12,13,17,18,22,23
1430,7,8,12,13,17,18,22,23
1431,7,8,12,13,17,18,22,23
1432,7,8,12,13,17,18,22,23
1433,7,8,12,13,17,18,22,23
1434,7,8,12,13,17,18,22,23
1435,7,8,12,13,17,18,22,23
1436,7,8,12,13,17,18,22,23
1437,7,8,12,13,17,18,22,23
1438,7,8,12,13,17,18,22,23
1439,7,8,12,13,14,17,18,19,22,23
1440,7,8,12,13,14,17,18,19,22,23
1441,7,8,12,13,14,17,18,19,22,23
1442,7,8,12,13,14,17,18,19,22,23
1443,7,8,12,13,14,17,18,19,22,23
1444,7,8,12,13,14,17,18,19,22,23
1445,7,8,12,13,14,17,18,19,22,23
1446,7,8,12,13,14,17,18,19,22,23
1447,7,8,12,13,14,17,18,19,22,23
1448,7,8,12,13,14,17,18,19,22,23
1449,7,8,12,13,14,17,18,19,22,23,24
1450,7,8,12,13,14,17,18,19,22,23,24
1451,8,12,13,14,17,18,19,22,23,24
1452,8,12,13,14,17,18,19,22,23,24
1453,8,12,13,14,17,18,19,22,23,24
1454,8,12,13,14,17,18,19,22,23,24
1455,8,9,12,13,14,17,18,19,23,24
1456,8,9,12,13,14,17,18,19,23,24
1457,8,9,12,13,14,17,18,19,23,24
1458,8,9,12,13,14,17,18,19,23,24
1459,8,9,12,13,14,17,18,19,23,24
1460,8,9,12,13,14,17,18,19,23,24
1461,8,9,12,13,14,17,18,19,23,24
1462,8,9,12,13,14,17,18,19,23,24
1463,8,9,12,13,14,17,18,19,23,24
1464,8,9,12,13,14,17,18,19,23,24
1465,8,9,13,14,18,19,23,24
1466,8,9,13,14,18,19,23,24
1467,8,9,13,14,18,19,23,24
1468,8,9,13,14,18,19,23,24
1469,8,9,13,14,18,19,23,24
1470,8,9,13,14,18,19,23,24
1471,8,9,13,14,18,19,23,24
1472,8,9,13,14,18,19,23,24
1473,8,9,13,14,18,19,23,24
1474,8,9,13,14,18,19,23,24
1475,8,9,13,14,18,19,24
1476,8,9,13,14,18,19,24
1477,8,9,13,14,18,19,24
1478,8,9,13,14,18,19,24
1479,8,9,13,14,18,19,24
1480,8,9,13,14,18,19,24
1481,8,9,13,14,18,19,24
1482,8,9,13,14,18,19,24
1483,8,9,13,14,15,18,19,24
1484,8,9,13,14,15,18,19,24
1485,8,9,13,14,15,18,19,20,24
1486,8,9,13,14,15,18,19,20,24
1487,8,9,10,13,14,15,18,19,20
1488,8,9,10,13,14,15,18,19,20
1489,8,9,10,13,14,15,18,19,20
1490,8,9,10,13,14,15,18,19,20
1491,8,9,10,13,14,15,18,19,20
1492,8,9,10,13,14,15,18,19,20
1493,8,9,10,13,14,15,18,19,20
1494,8,9,10,13,14,15,18,19,20
1495,8,9,10,13,14,15,18,19,20
1496,8,9,10,13,14,15,18,19,20
1497,8,9,10,13,14,15,19,20
1498,8,9,10,13,14,15,19,20
1499,9,10,13,14,15,19,20
1500,9,10,13,14,15,19,20
1501,9,10,13,14,15,19,20
1502,9,10,13,14,15,19,20
1503,9,10,13,14,15,19,20
1504,9,10,13,14,15,19,20
1505,9,10,13,14,15,19,20
1506,9,10,13,14,15,19,20
1507,9,10,13,14,15,19,20
1508,9,10,13,14,15,19,20
1509,4,9,10,13,14,15,19,20
1510,4,9,10,13,14,15,19,20
1511,4,9,10,13,14,15,19,20
1512,4,9,10,13,14,15,19,20
1513,4,8,9,10,13,14,15,19,20
1514,4,8,9,10,13,14,15,19,20
1515,4,8,9,10,13,14,15,19,20
1516,4,8,9,10,13,14,15,19,20
1517,9,10,13,14,15,19,20
1518,9,10,13,14,15,19,20
1519,4,8,9,10,13,14,15,19,20
1520,4,8,9,10,13,14,15,19,20
1521,4,8,9,10,13,14,15,19,20
1522,4,8,9,10,13,14,15,19,20
1523,4,9,10,13,14,15,19,20
1524,4,9,10,13,14,15,19,20
1525,4,9,10,13,14,15,19,20
1526,4,9,10,13,14,15,19,20
1527,4,8,9,10,13,14,15,19,20
1528,4,8,9,10,13,14,15,19,20
1529,4,8,9,10,13,14,15,19,20
1530,4,8,9,10,13,14,15,19,20
1531,4,8,9,10,13,14,15,19,20
1532,4,8,9,10,13,14,15,19,20
1533,4,8,9,10,13,14,15,19,20
1534,4,8,9,10,13,14,15,19,20
1535,4,8,9,10,13,14,15,19,20
1536,4,8,9,10,13,14,15,19,20
1537,4,9,10,14,15,19,20
1538,4,9,10,14,15,19,20
1539,4,5,9,10,14,15,19,20
1540,4,5,9,10,14,15,19,20
1541,4,5,9,10,14,15,19,20
1542,4,5,9,10,14,15,19,20
1543,4,5,9,10,14,15,19,20
1544,4,5,9,10,14,15,19,20
1545,4,5,9,10,14,15,19,20
1546,4,5,9,10,14,15,19,20
1547,4,5,9,10,14,15,19,20
1548,4,5,9,10,14,15,19,20
1549,4,5,9,10,14,15,19,20
1550,4,5,9,10,14,15,19,20
1551,4,5,9,10,14,15,19,20
1552,4,5,9,10,14,15,19,20
1553,4,5,9,10,14,15,19,20
1554,4,5,9,10,14,15,19,20
1555,4,5,9,10,14,15,19,20
1556,4,5,9,10,14,15,19,20
1557,4,5,9,10,14,15,19,20
1558,4,5,9,10,14,15,19,20
1559,4,5,9,10,14,15,19,20
1560,4,5,9,10,14,15,19,20
1561,4,5,9,10,14,15,19,20
1562,4,5,9,10,14,15,19,20
1563,4,5,9,10,14,15,19,20
1564,4,5,9,10,14,15,19,20
1565,4,5,9,10,14,15,19,20
1566,4,5,9,10,14,15,19,20
1567,4,5,9,10,14,15,19,20
1568,4,5,9,10,14,15,19,20
1569,4,5,9,10,14,15,19,20
1570,4,5,9,10,14,15,19,20
1571,4,5,9,10,14,15,19,20
1572,4,5,9,10,14,15,19,20
1573,4,5,9,10,14,15,19,20
1574,4,5,9,10,14,15,19,20
1575,4,5,9,10,14,15,19,20
1576,4,5,9,10,14,15,19,20
1577,4,5,9,10,14,15,19,20
1578,4,5,9,10,14,15,19,20
1579,4,5,9,10,14,15,19,20
1580,4,5,9,10,14,15,19,20
1581,4,5,9,10,14,15,19,20
1582,4,5,9,10,14,15,19,20
1583,4,5,9,10,14,15,19,20
1584,4,5,9,10,14,15,19,20
1585,4,5,9,10,14,15,19,20
1586,4,5,9,10,14,15,19,20
1587,4,5,9,10,14,15,19,20
1588,4,5,9,10,14,15,19,20
1589,4,5,9,10,14,15,19,20
1590,4,5,9,10,14,15,19,20
1591,4,5,9,10,14,15,19,20
1592,4,5,9,10,14,15,19,20
1593,4,5,9,10,14,15,19,20
1594,4,5,9,10,14,15,19,20
1595,4,5,9,10,14,15,19,20
1596,4,5,9,10,14,15,19,20
1597,4,5,9,10,14,15,19,20
1598,4,5,9,10,14,15,19,20
1599,4,5,9,10,14,15,19,20
1600,4,5,9,10,14,15,19,20
1601,4,5,9,10,14,15,19,20
1602,4,5,9,10,14,15,19,20
1603,4,5,8,9,10,13,14,15,19,20
1604,4,5,8,9,10,13,14,15,19,20
1605,4,5,8,9,10,13,14,15,19,20
1606,4,5,8,9,10,13,14,15,19,20
1607,4,5,8,9,10,13,14,15,19,20
1608,4,5,8,9,10,13,14,15,19,20
1609,4,5,8,9,10,13,14,15,19,20
1610,4,5,8,9,10,13,14,15,19,20
1611,4,5,8,9,10,13,14,15,19,20
1612,4,5,8,9,10,13,14,15,19,20
1613,4,5,8,9,10,13,14,15,19,20
1614,4,5,8,9,10,13,14,15,19,20
1615,4,5,8,9,10,13,14,15,19,20
1616,4,5,8,9,10,13,14,15,19,20
1617,4,5,8,9,10,13,14,15,19,20
1618,4,5,8,9,10,13,14,15,19,20
1619,4,5,8,9,10,13,14,15,19,20
1620,4,5,8,9,10,13,14,15,19,20
1621,4,5,8,9,10,13,14,15,19,20
1622,4,5,8,9,10,13,14,15,19,20
1623,4,5,8,9,10,13,14,15,19,20
1624,4,5,8,9,10,13,14,15,19,20
1625,4,5,8,9,10,13,14,15,19,20
1626,4,5,8,9,10,13,14,15,19,20
1627,4,5,8,9,10,13,14,15,19,20
1628,4,5,8,9,10,13,14,15,19,20
1629,4,5,8,9,10,13,14,15,19,20
1630,4,5,8,9,10,13,14,15,19,20
1631,4,5,8,9,10,13,14,15,19,20
1632,4,5,8,9,10,13,14,15,19,20
1633,4,5,8,9,10,13,14,15,19,20
1634,4,5,8,9,10,13,14,15,19,20
1635,4,5,8,9,10,13,14,15,19,20
1636,4,5,8,9,10,13,14,15,19,20
1637,4,5,8,9,10,13,14,15,19,20
1638,4,5,8,9,10,13,14,15,19,20
1639,4,5,8,9,10,13,14,15,19,20
1640,4,5,8,9,10,13,14,15,19,20
1641,4,5,8,9,10,13,14,15,19,20
1642,4,5,8,9,10,13,14,15,19,20
1643,4,5,8,9,10,13,14,15,19,20
1644,4,5,8,9,10,13,14,15,19,20
1645,4,5,8,9,10,13,14,15,19,20
1646,4,5,8,9,10,13,14,15,19,20
1647,4,5,8,9,10,13,14,15,19,20
1648,4,5,8,9,10,13,14,15,19,20
1649,4,5,8,9,10,13,14,15,19,20
1650,4,5,8,9,10,13,14,15,19,20
1651,4,5,8,9,10,13,14,15,19,20
1652,4,5,8,9,10,13,14,15,19,20
1653,4,5,8,9,10,13,14,15,19,20
1654,4,5,8,9,10,13,14,15,19,20
1655,4,5,8,9,10,13,14,15,19,20
1656,4,5,8,9,10,13,14,15,19,20
1657,4,5,8,9,10,13,14,15,19,20
1658,4,5,8,9,10,13,14,15,19,20
1659,4,5,8,9,10,13,14,15,19,20
1660,4,5,8,9,10,13,14,15,19,20
1661,4,5,8,9,10,13,14,15,19,20
1662,4,5,8,9,10,13,14,15,19,20
1663,4,5,8,9,10,13,14,15,19,20
1664,4,5,8,9,10,13,14,15,19,20
1665,4,5,8,9,10,13,14,15,19,20
1666,4,5,8,9,10,13,14,15,19,20
1667,4,5,8,9,10,13,14,15,19,20
1668,4,5,8,9,10,13,14,15,19,20
1669,4,5,8,9,10,13,14,15,19,20
1670,4,5,8,9,10,13,14,15,19,20
1671,4,5,8,9,10,13,14,15,19,20
1672,4,5,8,9,10,13,14,15,19,20
1673,4,5,8,9,10,13,14,15,19,20
1674,4,5,8,9,10,13,14,15,19,20
1675,4,5,8,9,10,13,14,15,19,20
1676,4,5,8,9,10,13,14,15,19,20
1677,4,5,8,9,10,13,14,15,19,20
1678,4,5,8,9,10,13,14,15,19,20
1679,4,5,8,9,10,13,14,15,19,20
1680,4,5,8,9,10,13,14,15,19,20
1681,4,5,8,9,10,13,14,15,19,20
1682,4,5,8,9,10,13,14,15,19,20
1683,4,5,8,9,10,13,14,15,19,20
1684,4,5,8,9,10,13,14,15,19,20
1685,4,5,8,9,10,13,14,15,19,20
1686,4,5,8,9,10,13,14,15,19,20
1687,4,5,8,9,10,13,14,15,19,20
1688,4,5,8,9,10,13,14,15,19,20
1689,4,5,8,9,10,13,14,15,19,20
1690,4,5,8,9,10,13,14,15,19,20
1691,4,5,8,9,10,13,14,15,19,20
1692,4,5,8,9,10,13,14,15,19,20
1693,4,5,8,9,10,13,14,15,19,20
1694,4,5,8,9,10,13,14,15,19,20
1695,4,5,8,9,10,13,14,15,19,20
1696,4,5,8,9,10,13,14,15,19,20
1697,4,5,8,9,10,13,14,15,19,20
1698,4,5,8,9,10,13,14,15,19,20
1699,4,5,8,9,10,13,14,15,19,20
1700,4,5,8,9,10,13,14,15,19,20
1701,4,5,8,9,10,13,14,15,19,20
1702,4,5,8,9,10,13,14,15,19,20
1703,4,5,8,9,10,13,14,15,19,20
1704,4,5,8,9,10,13,14,15,19,20
1705,4,5,8,9,10,13,14,15,19,20
1706,4,5,8,9,10,13,14,15,19,20
1707,4,5,8,9,10,13,14,15,19,20
1708,4,5,8,9,10,13,14,15,19,20
1709,4,5,8,9,10,13,14,15,19,20
1710,4,5,8,9,10,13,14,15,19,20
1711,4,5,8,9,10,13,14,15,19,20
1712,4,5,8,9,10,13,14,15,19,20
1713,4,5,8,9,10,13,14,15,19,20
1714,4,5,8,9,10,13,14,15,19,20
1715,4,5,8,9,10,13,14,15,19,20
1716,4,5,8,9,10,13,14,15,19,20
1717,4,5,8,9,10,13,14,15,19,20
1718,4,5,8,9,10,13,14,15,19,20
1719,4,5,8,9,10,13,14,15,19,20
1720,4,5,8,9,10,13,14,15,19,20
1721,4,5,8,9,10,13,14,15,19,20
1722,4,5,8,9,10,13,14,15,19,20
1723,4,5,8,9,10,13,14,15,19,20
1724,4,5,8,9,10,13,14,15,19,20
1725,4,5,8,9,10,13,14,15,19,20
1726,4,5,8,9,10,13,14,15,19,20
1727,4,5,8,9,10,13,14,15,19,20
1728,4,5,8,9,10,13,14,15,19,20
1729,4,5,8,9,10,13,14,15,19,20
1730,4,5,8,9,10,13,14,15,19,20
1731,4,5,8,9,10,13,14,15,19,20
1732,4,5,8,9,10,13,14,15,19,20
1733,4,5,8,9,10,13,14,15,19,20
1734,4,5,8,9,10,13,14,15,19,20
1735,4,5,8,9,10,13,14,15,19,20
1736,4,5,8,9,10,13,14,15,19,20
1737,4,5,8,9,10,13,14,15,19,20
1738,4,5,8,9,10,13,14,15,19,20
1739,4,5,8,9,10,13,14,15,19,20
1740,4,5,8,9,10,13,14,15,19,20
1741,4,5,8,9,10,13,14,15,19,20
1742,4,5,8,9,10,13,14,15,19,20
1743,4,5,8,9,10,13,14,15,19,20
1744,4,5,8,9,10,13,14,15,19,20
1745,4,5,8,9,10,13,14,15,19,20
1746,4,5,8,9,10,13,14,15,19,20
1747,4,5,8,9,10,13,14,15,19,20
1748,4,5,8,9,10,13,14,15,19,20
1749,4,5,8,9,10,13,14,15,19,20
1750,4,5,8,9,10,13,14,15,19,20
1751,4,5,8,9,10,13,14,15,19,20
1752,4,5,8,9,10,13,14,15,19,20
1753,4,5,8,9,10,13,14,15,19,20
1754,4,5,8,9,10,13,14,15,19,20
1755,4,5,8,9,10,13,14,15,19,20
1756,4,5,8,9,10,13,14,15,19,20
1757,4,5,8,9,10,13,14,15,19,20
1758,4,5,8,9,10,13,14,15,19,20
1759,4,5,8,9,10,13,14,15,19,20
1760,4,5,8,9,10,13,14,15,19,20
1761,4,5,8,9,10,13,14,15,19,20
1762,4,5,8,9,10,13,14,15,19,20
1763,4,5,8,9,10,13,14,15,19,20
1764,4,5,8,9,10,13,14,15,19,20
1765,4,5,8,9,10,13,14,15,19,20
1766,4,5,8,9,10,13,14,15,19,20
1767,4,5,8,9,10,13,14,15,19,20
1768,4,5,8,9,10,13,14,15,19,20
1769,4,5,8,9,10,13,14,15,19,20
1770,4,5,8,9,10,13,14,15,19,20
1771,4,5,8,9,10,13,14,15,19,20
1772,4,5,8,9,10,13,14,15,19,20
1773,4,5,8,9,10,13,14,15,19,20
1774,4,5,8,9,10,13,14,15,19,20
1775,4,5,8,9,10,13,14,15,19,20
1776,4,5,8,9,10,13,14,15,19,20
1777,4,5,8,9,10,13,14,15,19,20
1778,4,5,8,9,10,13,14,15,19,20
1779,4,5,8,9,10,13,14,15,19,20
1780,4,5,8,9,10,13,14,15,19,20
1781,4,5,8,9,10,13,14,15,19,20
1782,4,5,8,9,10,13,14,15,19,20
1783,4,5,8,9,10,13,14,15,19,20
1784,4,5,8,9,10,13,14,15,19,20
1785,4,5,8,9,10,13,14,15,19,20
1786,4,5,8,9,10,13,14,15,19,20
1787,4,5,8,9,10,13,14,15,19,20
1788,4,5,8,9,10,13,14,15,19,20
1789,4,5,8,9,10,13,14,15,19,20
1790,4,5,8,9,10,13,14,15,19,20
1791,4,5,8,9,10,13,14,15,19,20
1792,4,5,8,9,10,13,14,15,19,20
1793,4,5,8,9,10,13,14,15,19,20
1794,4,5,8,9,10,13,14,15,19,20
1795,4,5,8,9,10,13,14,15,19,20
1796,4,5,8,9,10,13,14,15,19,20
1797,4,5,8,9,10,13,14,15,19,20
1798,4,5,8,9,10,13,14,15,19,20
1799,4,5,8,9,10,13,14,15,19,20
1800,4,5,8,9,10,13,14,15,19,20
