1,7,8,12,13,17,18,22,23
2,7,8,12,13,17,18,22,23
3,7,8,12,13,17,18,22,23
4,7,8,12,13,17,18,22,23
5,7,8,12,13,17,18,22,23
6,7,8,12,13,17,18,22,23
7,7,8,12,13,17,18,22,23
8,7,8,12,13,17,18,22,23
9,7,8,12,13,17,18,22,23
10,7,8,12,13,17,18,22,23
11,7,8,12,13,17,18,22,23
12,7,8,12,13,17,18,22,23
13,7,8,12,13,17,18,22,23
14,7,8,12,13,17,18,22,23
15,7,8,12,13,17,18,22,23
16,7,8,12,13,17,18,22,23
17,7,8,12,13,17,18,22,23
18,7,8,12,13,17,18,22,23
19,7,8,12,13,17,18,22,23
20,7,8,12,13,17,18,22,23
21,7,8,11,12,13,16,17,18,22,23
22,7,8,11,12,13,16,17,18,22,23
23,7,8,11,12,13,16,17,18,22,23
24,7,8,11,12,13,16,17,18,22,23
25,7,8,11,12,13,16,17,18,22,23
26,7,8,11,12,13,16,17,18,22,23
27,7,8,11,12,13,16,17,18,22
28,7,8,11,12,13,16,17,18,22
29,6,7,8,11,12,13,16,17,18,22
30,6,7,8,11,12,13,16,17,18,22
31,6,7,8,11,12,13,16,17,18,22
32,6,7,8,11,12,13,16,17,18,22
33,6,7,8,11,12,13,16,17,18,22
34,6,7,8,11,12,13,16,17,18,22
35,6,7,8,11,12,13,16,17,18,22
36,6,7,8,11,12,13,16,17,18,22
37,6,7,8,11,12,13,16,17,18,22
38,6,7,8,11,12,13,16,17,18,22
39,6,7,11,12,13,16,17,18,22
40,6,7,11,12,13,16,17,18,22
41,6,7,11,12,13,16,17,18,22
42,6,7,11,12,13,16,17,18,22
43,6,7,11,12,13,16,17,18,22
44,6,7,11,12,13,16,17,18,22
45,6,7,11,12,13,16,17,18,22
46,6,7,11,12,13,16,17,18,22
47,6,7,11,12,13,16,17,18,22
48,6,7,11,12,13,16,17,18,22
49,6,7,11,12,13,16,17,18,22
50,6,7,11,12,13,16,17,18,22
51,6,7,11,12,13,16,17,18,22
52,6,7,11,12,13,16,17,18,22
53,6,7,11,12,13,16,17,18,22
54,6,7,11,12,13,16,17,18,22
55,6,7,11,12,13,16,17,18,22
56,6,7,11,12,13,16,17,18,22
57,6,7,11,12,13,16,17,18,22
58,6,7,11,12,13,16,17,18,22
59,6,7,11,12,13,16,17,18,21,22
60,6,7,11,12,13,16,17,18,21,22
61,6,7,11,12,13,16,17,18,21,22
62,6,7,11,12,13,16,17,18,21,22
63,6,7,11,12,13,16,17,18,21,22
64,6,7,11,12,13,16,17,18,21,22
65,6,7,11,12,13,16,17,18,21,22
66,6,7,11,12,13,16,17,18,21,22
67,6,7,11,12,13,16,17,18,21,22
68,6,7,11,12,13,16,17,18,21,22
69,6,7,11,12,13,16,17,18,21,22
70,6,7,11,12,13,16,17,18,21,22
71,6,7,11,12,13,16,17,18,21,22
72,6,7,11,12,13,16,17,18,21,22
73,7,11,12,13,16,17,18,21,22
74,7,11,12,13,16,17,18,21,22
75,7,11,12,13,16,17,18,21,22,23
76,7,11,12,13,16,17,18,21,22,23
77,7,11,12,13,16,17,18,21,22,23
78,7,11,12,13,16,17,18,21,22,23
79,7,11,12,13,16,17,18,21,22,23
80,7,11,12,13,16,17,18,21,22,23
81,7,11,12,13,16,17,18,21,22,23
82,7,11,12,13,16,17,18,21,22,23
83,7,11,12,13,16,17,18,21,22,23
84,7,11,12,13,16,17,18,21,22,23
85,7,11,12,13,16,17,18,21,22,23
86,7,11,12,13,16,17,18,21,22,23
87,7,11,12,13,16,17,18,21,22,23
88,7,11,12,13,16,17,18,21,22,23
89,7,11,12,13,16,17,18,21,22,23
90,7,11,12,13,16,17,18,21,22,23
91,11,12,13,16,17,18,21,22,23
92,11,12,13,16,17,18,21,22,23
93,11,12,13,16,17,18,21,22,23
94,11,12,13,16,17,18,21,22,23
95,11,12,13,16,17,18,21,22,23
96,11,12,13,16,17,18,21,22,23
97,11,12,13,16,17,18,21,22,23,24,25
98,11,12,13,16,17,18,21,22,23,24,25
99,11,12,13,16,17,18,21,22,23,24,25
100,11,12,13,16,17,18,21,22,23,24,25
101,11,12,13,16,17,18,21,22,23,24,25
102,11,12,13,16,17,18,21,22,23,24,25
103,11,12,13,16,17,18,21,22,23,24,25
104,11,12,13,16,17,18,21,22,23,24,25
105,11,12,13,16,17,18,21,22,23,24,25
106,11,12,13,16,17,18,21,22,23,24,25
107,11,12,13,16,17,18,21,22,23,24,25
108,11,12,13,16,17,18,21,22,23,24,25
109,11,12,13,16,17,18,21,22,23,24,25
110,11,12,13,16,17,18,21,22,23,24,25
111,11,12,13,16,17,18,21,22,23,24,25
112,11,12,13,16,17,18,21,22,23,24,25
113,11,12,13,16,17,18,21,22,23,24,25
114,11,12,13,16,17,18,21,22,23,24,25
115,11,12,13,16,17,18,21,22,23,24,25
116,11,12,13,16,17,18,21,22,23,24,25
117,12,13,16,17,18,21,22,23,24,25
118,12,13,16,17,18,21,22,23,24,25
119,12,13,16,17,18,21,22,23,24,25
120,12,13,16,17,18,21,22,23,24,25
121,12,13,16,17,18,21,22,23,24,25
122,12,13,16,17,18,21,22,23,24,25
123,12,13,17,18,21,22,23,24,25
124,12,13,17,18,21,22,23,24,25
125,12,13,17,18,21,22,23,24,25
126,12,13,17,18,21,22,23,24,25
127,12,13,17,18,19,21,22,23,24,25
128,12,13,17,18,19,21,22,23,24,25
129,12,13,17,18,19,21,22,23,24,25
130,12,13,17,18,19,21,22,23,24,25
131,12,13,17,18,19,21,22,23,24,25
132,12,13,17,18,19,21,22,23,24,25
133,12,13,17,18,19,21,22,23,24,25
134,12,13,17,18,19,21,22,23,24,25
135,12,13,14,17,18,19,21,22,23,24,25
136,12,13,14,17,18,19,21,22,23,24,25
137,12,13,14,17,18,19,21,22,23,24,25
138,12,13,14,17,18,19,21,22,23,24,25
139,12,13,14,17,18,19,21,22,23,24,25
140,12,13,14,17,18,19,21,22,23,24,25
141,12,13,14,17,18,19,21,22,23,24,25
142,12,13,14,17,18,19,21,22,23,24,25
143,12,13,14,17,18,19,21,22,23,24,25
144,12,13,14,17,18,19,21,22,23,24,25
145,12,13,14,17,18,19,21,22,23,24,25
146,12,13,14,17,18,19,21,22,23,24,25
147,12,13,14,17,18,19,21,22,23,24,25
148,12,13,14,17,18,19,21,22,23,24,25
149,12,13,14,17,18,19,21,22,23,24,25
150,12,13,14,17,18,19,21,22,23,24,25
151,12,13,14,17,18,19,21,22,23,24,25
152,12,13,14,17,18,19,21,22,23,24,25
153,12,13,14,17,18,19,21,22,23,24,25
154,12,13,14,17,18,19,21,22,23,24,25
155,12,13,14,17,18,19,21,22,23,24,25
156,12,13,14,17,18,19,21,22,23,24,25
157,12,13,14,17,18,19,22,23,24
158,12,13,14,17,18,19,22,23,24
159,12,13,14,17,18,19,22,23,24
160,12,13,14,17,18,19,22,23,24
161,12,13,14,17,18,19,22,23,24
162,12,13,14,17,18,19,22,23,24
163,8,12,13,14,17,18,19,22,23,24
164,8,12,13,14,17,18,19,22,23,24
165,8,12,13,14,17,18,19,22,23,24
166,8,12,13,14,17,18,19,22,23,24
167,8,12,13,14,17,18,19,22,23,24
168,8,12,13,14,17,18,19,22,23,24
169,8,12,13,14,17,18,19,22,23,24
170,8,12,13,14,17,18,19,22,23,24
171,8,12,13,14,17,18,19,22,23,24
172,8,12,13,14,17,18,19,22,23,24
173,8,12,13,14,17,18,19,22,23,24
174,8,12,13,14,17,18,19,22,23,24
175,8,12,13,14,17,18,19,22,23,24
176,8,12,13,14,17,18,19,22,23,24
177,8,12,13,14,17,18,19,22,23,24
178,8,12,13,14,17,18,19,22,23,24
179,8,12,13,14,17,18,19,22,23,24
180,8,12,13,14,17,18,19,22,23,24
181,8,12,13,14,17,18,19,22,23,24
182,8,12,13,14,17,18,19,22,23,24
183,8,12,13,14,17,18,19,22,23,24
184,8,12,13,14,17,18,19,22,23,24
185,8,12,13,14,17,18,19,22,23,24
186,8,12,13,14,17,18,19,22,23,24
187,8,12,13,14,17,18,19,22,23,24
188,8,12,13,14,17,18,19,22,23,24
189,8,12,13,14,17,18,19,22,23,24
190,8,12,13,14,17,18,19,22,23,24
191,8,12,13,14,17,18,19,22,23,24
192,8,12,13,14,17,18,19,22,23,24
193,8,12,13,14,17,18,19,22,23,24
194,8,12,13,14,17,18,19,22,23,24
195,8,12,13,14,17,18,19,22,23,24
196,8,12,13,14,17,18,19,22,23,24
197,8,12,13,14,17,18,19,22,23,24
198,8,12,13,14,17,18,19,22,23,24
199,8,12,13,14,17,18,19,22,23
200,8,12,13,14,17,18,19,22,23
201,8,12,13,14,17,18,19,22,23
202,8,12,13,14,17,18,19,22,23
203,8,12,13,17,18,22,23
204,8,12,13,17,18,22,23
205,7,8,12,13,17,18,22,23
206,7,8,12,13,17,18,22,23
207,7,8,12,13,17,18,22,23
208,7,8,12,13,17,18,22,23
209,7,8,12,13,17,18,22,23
210,7,8,12,13,17,18,22,23
211,7,8,12,13,17,18,22,23
212,7,8,12,13,17,18,22,23
213,7,8,11,12,13,16,17,18,22,23
214,7,8,11,12,13,16,17,18,22,23
215,7,8,11,12,13,16,17,18,22,23
216,7,8,11,12,13,16,17,18,22,23
217,6,7,11,12,13,16,17,18,21,22
218,6,7,11,12,13,16,17,18,21,22
219,6,7,11,12,13,16,17,18,21,22
220,6,7,11,12,13,16,17,18,21,22
221,6,7,11,12,16,17,21,22
222,6,7,11,12,16,17,21,22
223,6,7,11,12,16,17,21,22
224,6,7,11,12,16,17,21,22
225,6,7,11,12,16,17,21,22
226,6,7,11,12,16,17,21,22
227,6,7,11,12,16,17,21,22
228,6,7,11,12,16,17,21,22
229,6,7,11,12,16,17,21,22
230,6,7,11,12,16,17,21,22
231,6,7,11,12,15,16,17,20,21
232,6,7,11,12,15,16,17,20,21
233,6,7,10,11,12,15,16,17,20,21
234,6,7,10,11,12,15,16,17,20,21
235,6,10,11,12,15,16,17,20,21
236,6,10,11,12,15,16,17,20,21
237,6,10,11,12,15,16,17,20,21
238,6,10,11,12,15,16,17,20,21
239,6,10,11,15,16,20,21,25
240,6,10,11,15,16,20,21,25
241,6,10,11,15,16,20,21,25
242,6,10,11,15,16,20,21,25
243,6,10,11,15,16,20,21,25
244,6,10,11,15,16,20,21,25
245,6,10,11,15,16,20,21,25
246,6,10,11,15,16,20,21,25
247,6,10,11,15,16,20,21,25
248,6,10,11,15,16,20,21,25
249,6,10,11,15,16,20,21,25
250,6,10,11,15,16,20,21,25
251,6,10,11,15,16,20,21,25
252,6,10,11,15,16,20,21,25
253,6,10,11,15,16,20
254,6,10,11,15,16,20
255,6,10,11,15,16,20
256,6,10,11,15,16,20
257,6,10,11,15,16,20
258,6,10,11,15,16,20
259,1,6,10,11,15,16,20
260,1,6,10,11,15,16,20
261,1,5,6,10,11,15,16,20
262,1,5,6,10,11,15,16,20
263,1,5,6,10,11,15,16,20
264,1,5,6,10,11,15,16,20
265,1,5,6,10,11,15,16,20
266,1,5,6,10,11,15,16,20
267,1,5,6,10,11,15,16,20
268,1,5,6,10,11,15,16,20
269,1,5,6,10,11,15,16,20
270,1,5,6,10,11,15,16,20
271,1,5,6,10,11,15,16,20
272,1,5,6,10,11,15,16,20
273,1,5,6,10,11,15,16,20
274,1,5,6,10,11,15,16,20
275,1,5,6,10,11,15,16,20
276,1,5,6,10,11,15,16,20
277,1,5,6,10,11,15,16,20
278,1,5,6,10,11,15,16,20
279,1,5,6,10,11,15,16,20
280,1,5,6,10,11,15,16,20
281,1,5,6,10,11,15,16,20
282,1,5,6,10,11,15,16,20
283,1,5,6,10,11,15,16,20
284,1,5,6,10,11,15,16,20
285,1,5,6,10,11,15,16,20
286,1,5,6,10,11,15,16,20
287,1,5,6,10,11,15,16,20
288,1,5,6,10,11,15,16,20
289,1,5,6,10,11,15,16,20
290,1,5,6,10,11,15,16,20
291,1,5,6,10,11,15,16,20
292,1,5,6,10,11,15,16,20
293,1,5,6,10,11,15,16,20
294,1,5,6,10,11,15,16,20
295,1,5,6,10,11,15,16,20
296,1,5,6,10,11,15,16,20
297,1,5,6,10,11,15,16,20
298,1,5,6,10,11,15,16,20
299,1,5,6,10,11,15,16,20
300,1,5,6,10,11,15,16,20
301,1,5,6,10,11,15,16,20
302,1,5,6,10,11,15,16,20
303,1,5,6,10,11,15,16,20
304,1,5,6,10,11,15,16,20
305,1,5,6,10,11,15,16,20
306,1,5,6,10,11,15,16,20
307,1,5,6,10,11,15,16,20
308,1,5,6,10,11,15,16,20
309,1,5,6,10,11,15,16,20
310,1,5,6,10,11,15,16,20
311,1,5,6,10,11,15,16,20
312,1,5,6,10,11,15,16,20
313,1,5,6,10,11,15,16,20
314,1,5,6,10,11,15,16,20
315,1,5,6,10,11,15,16,20
316,1,5,6,10,11,15,16,20
317,1,5,6,10,11,15,16,20
318,1,5,6,10,11,15,16,20
319,1,5,6,10,11,15,16,20
320,1,5,6,10,11,15,16,20
321,1,5,6,10,11,15,16,20
322,1,5,6,10,11,15,16,20
323,1,5,6,10,11,15,16,20
324,1,5,6,10,11,15,16,20
325,1,5,6,10,11,15,16,20
326,1,5,6,10,11,15,16,20
327,1,5,6,10,11,12,15,16,20
328,1,5,6,10,11,12,15,16,20
329,1,5,6,7,10,11,12,15,16,20
330,1,5,6,7,10,11,12,15,16,20
331,1,5,6,7,10,11,12,15,16,20
332,1,5,6,7,10,11,12,15,16,20
333,1,5,6,7,10,11,12,15,16,20
334,1,5,6,7,10,11,12,15,16,20
335,1,5,6,7,10,11,12,15,16,20
336,1,5,6,7,10,11,12,15,16,20
337,1,5,6,7,10,11,12,15,16,20
338,1,5,6,7,10,11,12,15,16,20
339,1,5,6,10,11,15,16,20
340,1,5,6,10,11,15,16,20
341,1,5,6,10,11,15,16,20
342,1,5,6,10,11,15,16,20
343,1,5,6,10,11,15,16,20
344,1,5,6,10,11,15,16,20
345,1,5,6,10,11,15,16,20
346,1,5,6,10,11,15,16,20
347,1,5,6,10,11,15,16,20
348,1,5,6,10,11,15,16,20
349,1,5,6,10,11,15,16,20
350,1,5,6,10,11,15,16,20
351,1,5,6,10,11,15,16,20
352,1,5,6,10,11,15,16,20
353,1,5,6,10,11,15,16,20
354,1,5,6,10,11,15,16,20
355,1,5,6,10,11,15,16,20
356,1,5,6,10,11,15,16,20
357,1,5,6,10,11,15,16,20
358,1,5,6,10,11,15,16,20
359,1,5,6,10,11,15,16,20
360,1,5,6,10,11,15,16,20
361,1,5,6,10,11,15,16,20
362,1,5,6,10,11,15,16,20
363,1,5,6,10,11,15,16,20
364,1,5,6,10,11,15,16,20
365,1,5,6,10,11,15,16,20
366,1,5,6,10,11,15,16,20
367,1,5,6,10,11,15,16,20
368,1,5,6,10,11,15,16,20
369,1,5,6,10,11,15,16,20
370,1,5,6,10,11,15,16,20
371,1,5,6,10,11,15,16,20
372,1,5,6,10,11,15,16,20
373,1,5,6,10,11,15,16,20
374,1,5,6,10,11,15,16,20
375,1,5,6,10,11,15,16,20
376,1,5,6,10,11,15,16,20
377,1,5,6,10,11,15,16,20
378,1,5,6,10,11,15,16,20
379,1,5,6,10,11,15,16,20
380,1,5,6,10,11,15,16,20
381,1,5,6,9,10,11,15,16,20
382,1,5,6,9,10,11,15,16,20
383,1,5,6,9,10,11,14,15,16,20
384,1,5,6,9,10,11,14,15,16,20
385,1,5,6,9,10,11,14,15,16,20
386,1,5,6,9,10,11,14,15,16,20
387,1,5,6,9,10,11,14,15,16,20
388,1,5,6,9,10,11,14,15,16,20
389,1,5,6,9,10,11,14,15,16,20
390,1,5,6,9,10,11,14,15,16,20
391,1,5,6,9,10,11,14,15,16,20
392,1,5,6,9,10,11,14,15,16,20
393,1,5,6,9,10,11,14,15,16,20
394,1,5,6,9,10,11,14,15,16,20
395,1,5,6,9,10,11,15,16,20
396,1,5,6,9,10,11,15,16,20
397,1,5,6,9,10,11,15,16,20
398,1,5,6,9,10,11,15,16,20
399,1,5,6,9,10,11,15,16,20
400,1,5,6,9,10,11,15,16,20
401,1,5,6,9,10,11,15,16,20
402,1,5,6,9,10,11,15,16,20
403,1,5,6,9,10,11,15,16,20
404,1,5,6,9,10,11,15,16,20
405,1,5,6,9,10,11,15,16,20
406,1,5,6,9,10,11,15,16,20
407,1,5,6,10,11,15,16,20
408,1,5,6,10,11,15,16,20
409,1,5,6,10,11,15,16,20
410,1,5,6,10,11,15,16,20
411,1,5,6,10,11,15,16,20
412,1,5,6,10,11,15,16,20
413,1,5,6,9,10,11,14,15,16,20
414,1,5,6,9,10,11,14,15,16,20
415,5,6,9,10,11,14,15,16,20
416,5,6,9,10,11,14,15,16,20
417,5,6,9,10,11,14,15,16,20
418,5,6,9,10,11,14,15,16,20
419,5,6,9,10,11,14,15,16,19,20
420,5,6,9,10,11,14,15,16,19,20
421,6,9,10,11,14,15,16,19,20,25
422,6,9,10,11,14,15,16,19,20,25
423,9,10,14,15,19,20,25
424,9,10,14,15,19,20,25
425,9,10,14,15,19,20,24,25
426,9,10,14,15,19,20,24,25
427,9,10,14,15,19,20,24,25
428,9,10,14,15,19,20,24,25
429,9,10,14,15,19,20,24,25
430,9,10,14,15,19,20,24,25
431,9,10,14,15,19,20,24,25
432,9,10,14,15,19,20,24,25
433,9,10,14,15,19,20,24,25
434,9,10,14,15,19,20,24,25
435,9,10,14,15,19,20,24,25
436,9,10,14,15,19,20,24,25
437,9,10,14,15,19,20,24,25
438,9,10,14,15,19,20,24,25
439,9,10,13,14,15,18,19,20,24
440,9,10,13,14,15,18,19,20,24
441,9,10,13,14,15,18,19,20,24
442,9,10,13,14,15,18,19,20,24
443,8,9,10,13,14,15,18,19,20,24
444,8,9,10,13,14,15,18,19,20,24
445,8,9,10,13,14,15,18,19,20,24
446,8,9,10,13,14,15,18,19,20,24
447,8,9,10,13,14,15,18,19,20,24
448,8,9,10,13,14,15,18,19,20,24
449,8,9,10,13,14,15,18,19,20,24
450,8,9,10,13,14,15,18,19,20,24
451,8,9,10,13,14,15,18,19,20
452,8,9,10,13,14,15,18,19,20
453,8,9,10,13,14,15,18,19,20
454,8,9,10,13,14,15,18,19,20
455,8,9,10,13,14,15,18,19,20
456,8,9,10,13,14,15,18,19,20
457,8,9,10,13,14,15,18,19,20
458,8,9,10,13,14,15,18,19,20
459,8,9,10,13,14,15,18,19,20
460,8,9,10,13,14,15,18,19,20
461,8,9,10,13,14,15,18,19,20
462,8,9,10,13,14,15,18,19,20
463,8,9,10,13,14,15,18,19,20
464,8,9,10,13,14,15,18,19,20
465,8,9,10,13,14,15,18,19,20
466,8,9,10,13,14,15,18,19,20
467,8,9,10,13,14,15,18,19,20
468,8,9,10,13,14,15,18,19,20
469,8,9,10,13,14,15,18,19,20
470,8,9,10,13,14,15,18,19,20
471,8,9,10,13,14,15,18,19,20
472,8,9,10,13,14,15,18,19,20
473,8,9,10,13,14,15,18,19,20
474,8,9,10,13,14,15,18,19,20
475,8,9,10,13,14,15,18,19,20
476,8,9,10,13,14,15,18,19,20
477,8,9,10,13,14,15,18,19,20
478,8,9,10,13,14,15,18,19,20
479,8,9,10,13,14,15,18,19,20
480,8,9,10,13,14,15,18,19,20
481,8,9,10,13,14,15,18,19,20
482,8,9,10,13,14,15,18,19,20
483,8,9,10,13,14,15,18,19,20
484,8,9,10,13,14,15,18,19,20
485,8,9,10,13,14,15,18,19,20
486,8,9,10,13,14,15,18,19,20
487,8,9,10,13,14,15,18,19,20
488,8,9,10,13,14,15,18,19,20
489,8,9,10,13,14,15,18,19,20
490,8,9,10,13,14,15,18,19,20
491,8,9,10,13,14,15,18,19,20
492,8,9,10,13,14,15,18,19,20
493,8,9,10,13,14,15,18,19,20
494,8,9,10,13,14,15,18,19,20
495,8,9,10,13,14,15,18,19,20
496,8,9,10,13,14,15,18,19,20
497,8,9,10,13,14,15,18,19,20
498,8,9,10,13,14,15,18,19,20
499,8,9,10,13,14,15,18,19,20
500,8,9,10,13,14,15,18,19,20
501,8,9,10,13,14,15,18,19,20
502,8,9,10,13,14,15,18,19,20
503,8,9,10,13,14,15,18,19,20,24
504,8,9,10,13,14,15,18,19,20,24
505,8,9,10,13,14,15,18,19,20,24
506,8,9,10,13,14,15,18,19,20,24
507,8,9,10,13,14,15,18,19,20,24
508,8,9,10,13,14,15,18,19,20,24
509,8,9,10,13,14,15,18,19,20,24
510,8,9,10,13,14,15,18,19,20,24
511,8,9,10,13,14,15,18,19,20,24
512,8,9,10,13,14,15,18,19,20,24
513,8,9,10,13,14,15,18,19,20,24
514,8,9,10,13,14,15,18,19,20,24
515,8,9,10,13,14,15,18,19,20,24
516,8,9,10,13,14,15,18,19,20,24
517,8,9,10,13,14,15,18,19,20,24
518,8,9,10,13,14,15,18,19,20,24
519,8,9,13,14,15,18,19,24
520,8,9,13,14,15,18,19,24
521,8,9,13,14,15,18,19,24
522,8,9,13,14,15,18,19,24
523,8,9,13,14,18,19,24
524,8,9,13,14,18,19,24
525,8,9,13,14,18,19,24
526,8,9,13,14,18,19,24
527,8,9,13,14,18,19,24
528,8,9,13,14,18,19,24
529,8,9,13,14,18,19,24
530,8,9,13,14,18,19,24
531,8,9,13,14,18,19,23,24
532,8,9,13,14,18,19,23,24
533,8,9,13,14,18,19,23,24
534,8,9,13,14,18,19,23,24
535,8,9,13,14,18,19,23,24
536,8,9,13,14,18,19,23,24
537,8,9,13,14,18,19,23,24
538,8,9,13,14,18,19,23,24
539,8,9,13,14,18,19,23,24
540,8,9,13,14,18,19,23,24
541,8,9,13,14,18,19,23,24
542,8,9,13,14,18,19,23,24
543,8,9,13,14,18,19,23,24
544,8,9,13,14,18,19,23,24
545,8,9,13,14,18,19,23,24
546,8,9,13,14,18,19,23,24
547,8,9,13,14,18,19,23,24
548,8,9,13,14,18,19,23,24
549,8,9,13,14,18,19,23,24
550,8,9,13,14,18,19,23,24
551,8,9,13,14,18,19,23,24
552,8,9,13,14,18,19,23,24
553,8,9,13,14,18,19,23,24
554,8,9,13,14,18,19,23,24
555,8,9,13,14,18,19,23,24
556,8,9,13,14,18,19,23,24
557,8,9,13,14,18,19,23,24
558,8,9,13,14,18,19,23,24
559,8,9,13,14,18,19,23,24
560,8,9,13,14,18,19,23,24
561,8,9,13,14,18,19,23,24
562,8,9,13,14,18,19,23,24
563,8,9,13,14,18,19,23,24
564,8,9,13,14,18,19,23,24
565,8,9,13,14,18,19,23
566,8,9,13,14,18,19,23
567,8,9,13,14,18,19,23
568,8,9,13,14,18,19,23
569,8,9,13,14,18,19,23
570,8,9,13,14,18,19,23
571,8,9,13,14,18,19,23
572,8,9,13,14,18,19,23
573,8,9,13,14,18,19,23
574,8,9,13,14,18,19,23
575,8,9,13,14,18,19,23
576,8,9,13,14,18,19,23
577,8,9,13,14,18,19
578,8,9,13,14,18,19
579,8,9,13,14,18,19
580,8,9,13,14,18,19
581,3,8,9,13,14,18,19
582,3,8,9,13,14,18,19
583,3,4,8,9,13,14,18,19
584,3,4,8,9,13,14,18,19
585,3,4,8,9,13,14,18,19
586,3,4,8,9,13,14,18,19
587,3,4,8,9,13,14,18,19
588,3,4,8,9,13,14,18,19
589,3,4,8,9,13,14,18,19
590,3,4,8,9,13,14,18,19
591,3,4,8,9,13,14,18,19
592,3,4,8,9,13,14,18,19
593,3,4,7,8,9,12,13,14,18,19
594,3,4,7,8,9,12,13,14,18,19
595,3,4,7,8,9,12,13,14,18,19
596,3,4,7,8,9,12,13,14,18,19
597,3,4,7,8,9,12,13,14,18,19
598,3,4,7,8,9,12,13,14,18,19
599,3,4,7,8,9,12,13,14,18,19
600,3,4,7,8,9,12,13,14,18,19
601,3,4,7,8,9,12,13,14,18,19
602,3,4,7,8,9,12,13,14,18,19
603,3,4,7,8,9,12,13,14,18,19
604,3,4,7,8,9,12,13,14,18,19
605,3,7,8,9,12,13,14,18,19
606,3,7,8,9,12,13,14,18,19
607,3,7,8,9,12,13,14,17,18,19
608,3,7,8,9,12,13,14,17,18,19
609,3,7,8,9,12,13,14,17,18,19
610,3,7,8,9,12,13,14,17,18,19
611,3,7,8,9,12,13,14,17,18,19
612,3,7,8,9,12,13,14,17,18,19
613,3,7,8,9,12,13,14,17,18,19
614,3,7,8,9,12,13,14,17,18,19
615,3,7,8,9,12,13,14,17,18,19
616,3,7,8,9,12,13,14,17,18,19
617,3,7,8,9,12,13,14,17,18,19
618,3,7,8,9,12,13,14,17,18,19
619,3,7,8,9,12,13,14,18,19
620,3,7,8,9,12,13,14,18,19
621,3,7,8,9,12,13,14,18,19
622,3,7,8,9,12,13,14,18,19
623,3,7,8,9,12,13,14,18,19
624,3,7,8,9,12,13,14,18,19
625,3,4,7,8,9,12,13,14,18,19
626,3,4,7,8,9,12,13,14,18,19
627,3,4,7,8,9,12,13,14,18,19
628,3,4,7,8,9,12,13,14,18,19
629,3,4,7,8,9,12,13,14,18,19
630,3,4,7,8,9,12,13,14,18,19
631,3,4,8,9,13,14,18,19
632,3,4,8,9,13,14,18,19
633,3,4,8,9,13,14,18,19
634,3,4,8,9,13,14,18,19
635,3,4,8,9,13,14,18,19
636,3,4,8,9,13,14,18,19
637,3,4,8,9,13,14,18,19
638,3,4,8,9,13,14,18,19
639,3,4,8,9,13,14,18,19
640,3,4,8,9,13,14,18,19
641,3,4,8,9,13,14,18,19
642,3,4,8,9,13,14,18,19
643,3,4,8,9,13,14,18,19
644,3,4,8,9,13,14,18,19
645,3,4,8,9,13,14,18,19
646,3,4,8,9,13,14,18,19
647,3,4,8,9,13,14,18,19
648,3,4,8,9,13,14,18,19
649,3,4,8,9,13,14,18,19
650,3,4,8,9,13,14,18,19
651,3,4,8,9,13,14,18,19
652,3,4,8,9,13,14,18,19
653,3,4,8,9,13,14,18,19
654,3,4,8,9,13,14,18,19
655,3,4,8,9,13,14,18,19
656,3,4,8,9,13,14,18,19
657,3,4,8,9,13,14,18,19
658,3,4,8,9,13,14,18,19
659,3,4,8,9,13,14,18,19
660,3,4,8,9,13,14,18,19
661,4,8,9,13,14,18,19
662,4,8,9,13,14,18,19
663,4,8,9,13,14,18,19
664,4,8,9,13,14,18,19
665,4,8,9,10,13,14,15,18,19
666,4,8,9,10,13,14,15,18,19
667,4,8,9,10,13,14,15,18,19
668,4,8,9,10,13,14,15,18,19
669,4,8,9,10,13,14,15,18,19
670,4,8,9,10,13,14,15,18,19
671,4,8,9,10,13,14,15,18,19
672,4,8,9,10,13,14,15,18,19
673,4,8,9,10,13,14,15,18,19
674,4,8,9,10,13,14,15,18,19
675,4,8,9,10,13,14,15,18,19
676,4,8,9,10,13,14,15,18,19
677,4,5,8,9,10,13,14,15,18,19
678,4,5,8,9,10,13,14,15,18,19
679,4,5,8,9,10,13,14,15,19
680,4,5,8,9,10,13,14,15,19
681,4,5,8,9,10,13,14,15,19,20
682,4,5,8,9,10,13,14,15,19,20
683,4,5,8,9,10,13,14,15,19,20
684,4,5,8,9,10,13,14,15,19,20
685,4,5,8,9,10,13,14,15,19,20
686,4,5,8,9,10,13,14,15,19,20
687,4,5,8,9,10,13,14,15,19,20
688,4,5,8,9,10,13,14,15,19,20
689,4,5,8,9,10,13,14,15,19,20
690,4,5,8,9,10,13,14,15,19,20
691,4,5,8,9,10,13,14,15,19,20
692,4,5,8,9,10,13,14,15,19,20
693,4,5,8,9,10,13,14,15,19,20
694,4,5,8,9,10,13,14,15,19,20
695,4,5,8,9,10,13,14,15,19,20
696,4,5,8,9,10,13,14,15,19,20
697,4,5,8,9,10,13,14,15,19,20
698,4,5,8,9,10,13,14,15,19,20
699,4,5,9,10,14,15,19,20
700,4,5,9,10,14,15,19,20
701,4,5,9,10,14,15,19,20
702,4,5,9,10,14,15,19,20
703,4,5,9,10,14,15,19,20
704,4,5,9,10,14,15,19,20
705,4,5,9,10,14,15,19,20
706,4,5,9,10,14,15,19,20
707,4,5,9,10,14,15,19,20
708,4,5,9,10,14,15,19,20
709,4,5,9,10,14,15,19,20
710,4,5,9,10,14,15,19,20
711,4,5,9,10,14,15,19,20
712,4,5,9,10,14,15,19,20
713,4,5,9,10,14,15,19,20
714,4,5,9,10,14,15,19,20
715,4,5,9,10,14,15,19,20
716,4,5,9,10,14,15,19,20
717,4,5,9,10,14,15,19,20
718,4,5,9,10,14,15,19,20
719,5,9,10,11,14,15,19,20
720,5,9,10,11,14,15,19,20
721,5,6,9,10,11,14,15,19,20
722,5,6,9,10,11,14,15,19,20
723,5,6,9,10,11,14,15,19,20
724,5,6,9,10,11,14,15,19,20
725,5,6,9,10,11,14,15,16,19,20
726,5,6,9,10,11,14,15,16,19,20
727,5,6,9,10,11,14,15,16,20
728,5,6,9,10,11,14,15,16,20
729,5,6,9,10,11,14,15,16,20
730,5,6,9,10,11,14,15,16,20
731,5,6,9,10,11,14,15,16,20
732,5,6,9,10,11,14,15,16,20
733,5,6,9,10,11,14,15,16,20
734,5,6,9,10,11,14,15,16,20
735,1,5,6,9,10,11,14,15,16,20
736,1,5,6,9,10,11,14,15,16,20
737,1,5,6,9,10,11,14,15,16,20
738,1,5,6,9,10,11,14,15,16,20
739,1,5,6,10,11,15,16,20
740,1,5,6,10,11,15,16,20
741,1,5,6,10,11,15,16,20
742,1,5,6,10,11,15,16,20
743,1,5,6,10,11,15,16,20
744,1,5,6,10,11,15,16,20
745,1,5,6,10,11,15,16,20
746,1,5,6,10,11,15,16,20
747,1,5,6,10,11,15,16,20
748,1,5,6,10,11,15,16,20
749,1,5,6,10,11,15,16,20
750,1,5,6,10,11,15,16,20
751,1,5,6,10,11,15,16,20
752,1,5,6,10,11,15,16,20
753,1,5,6,10,11,15,16,20
754,1,5,6,10,11,15,16,20
755,1,5,6,10,11,15,16,20
756,1,5,6,10,11,15,16,20
757,1,5,6,9,10,11,15,16,20
758,1,5,6,9,10,11,15,16,20
759,1,5,6,9,10,11,15,16,20
760,1,5,6,9,10,11,15,16,20
761,1,4,5,6,9,10,11,15,16,20
762,1,4,5,6,9,10,11,15,16,20
763,1,4,5,6,9,10,11,14,15,16,20
764,1,4,5,6,9,10,11,14,15,16,20
765,1,4,5,6,9,10,11,14,15,16,20
766,1,4,5,6,9,10,11,14,15,16,20
767,1,4,5,6,9,10,11,14,15,20
768,1,4,5,6,9,10,11,14,15,20
769,1,4,5,6,9,10,11,14,15,20
770,1,4,5,6,9,10,11,14,15,20
771,1,4,5,6,9,10,11,14,15,20
772,1,4,5,6,9,10,11,14,15,20
773,1,4,5,6,9,10,11,14,15,20
774,1,4,5,6,9,10,11,14,15,20
775,1,4,5,6,9,10,11,14,15,20
776,1,4,5,6,9,10,11,14,15,20
777,1,4,5,6,9,10,11,14,15,20
778,1,4,5,6,9,10,11,14,15,20
779,1,4,5,6,9,10,11,14,15,20
780,1,4,5,6,9,10,11,14,15,20
781,1,4,5,6,9,10,11,14,15,20
782,1,4,5,6,9,10,11,14,15,20
783,1,4,5,6,9,10,11,14,15,20
784,1,4,5,6,9,10,11,14,15,20
785,1,4,5,6,9,10,11,14,15,20
786,1,4,5,6,9,10,11,14,15,20
787,1,4,5,6,9,10,11,15,20
788,1,4,5,6,9,10,11,15,20
789,1,4,5,6,9,10,11,15,20
790,1,4,5,6,9,10,11,15,20
791,1,4,5,6,9,10,11,15,20
792,1,4,5,6,9,10,11,15,20
793,1,4,5,6,9,10,11,15,20
794,1,4,5,6,9,10,11,15,20
795,1,4,5,6,9,10,11,15,20
796,1,4,5,6,9,10,11,15,20
797,1,4,5,6,9,10,11,15,20
798,1,4,5,6,9,10,11,15,20
799,1,4,5,6,9,10,11,15,20
800,1,4,5,6,9,10,11,15,20
801,1,4,5,6,9,10,11,15,20
802,1,4,5,6,9,10,11,15,20
803,1,4,5,6,9,10,11,15,20
804,1,4,5,6,9,10,11,15,20
805,1,4,5,6,9,10,11,15,20
806,1,4,5,6,9,10,11,15,20
807,1,4,5,6,9,10,11,15,20
808,1,4,5,6,9,10,11,15,20
809,1,4,5,6,9,10,11,15,20
810,1,4,5,6,9,10,11,15,20
811,1,4,5,6,9,10,11,15,20
812,1,4,5,6,9,10,11,15,20
813,1,4,5,6,9,10,11,15,20
814,1,4,5,6,9,10,11,15,20
815,1,4,5,6,9,10,11,15,20
816,1,4,5,6,9,10,11,15,20
817,1,4,5,6,9,10,11,15,20
818,1,4,5,6,9,10,11,15,20
819,1,4,5,6,9,10,11,15,16,20
820,1,4,5,6,9,10,11,15,16,20
821,1,4,5,6,9,10,11,15,16,20
822,1,4,5,6,9,10,11,15,16,20
823,1,5,6,10,11,15,16,20
824,1,5,6,10,11,15,16,20
825,1,5,6,10,11,15,16,20
826,1,5,6,10,11,15,16,20
827,1,5,6,10,11,15,16,20
828,1,5,6,10,11,15,16,20
829,1,5,6,10,11,15,16,20
830,1,5,6,10,11,15,16,20
831,1,5,6,10,11,15,16,20
832,1,5,6,10,11,15,16,20
833,1,5,6,10,11,15,16,20
834,1,5,6,10,11,15,16,20
835,1,5,6,10,11,15,16,20
836,1,5,6,10,11,15,16,20
837,1,5,6,10,11,15,16,20
838,1,5,6,10,11,15,16,20
839,1,5,6,10,11,15,16,20
840,1,5,6,10,11,15,16,20
841,1,5,6,10,11,15,16,20
842,1,5,6,10,11,15,16,20
843,1,2,5,6,7,10,11,15,16,20
844,1,2,5,6,7,10,11,15,16,20
845,1,2,5,6,7,10,11,15,16
846,1,2,5,6,7,10,11,15,16
847,1,2,5,6,7,10,11,15,16
848,1,2,5,6,7,10,11,15,16
849,1,2,5,6,7,10,11,15,16
850,1,2,5,6,7,10,11,15,16
851,1,2,5,6,7,10,11,15,16
852,1,2,5,6,7,10,11,15,16
853,1,2,5,6,7,10,11,12,15,16
854,1,2,5,6,7,10,11,12,15,16
855,1,2,5,6,7,10,11,12,15,16
856,1,2,5,6,7,10,11,12,15,16
857,1,2,5,6,7,10,11,12,15,16
858,1,2,5,6,7,10,11,12,15,16
859,1,2,5,6,7,10,11,12,15,16
860,1,2,5,6,7,10,11,12,15,16
861,1,2,5,6,7,10,11,12,15,16
862,1,2,5,6,7,10,11,12,15,16
863,1,2,5,6,7,10,11,12,15,16
864,1,2,5,6,7,10,11,12,15,16
865,1,2,5,6,7,10,11,12,15,16
866,1,2,5,6,7,10,11,12,15,16
867,1,2,5,6,7,10,11,12,15,16
868,1,2,5,6,7,10,11,12,15,16
869,1,2,5,6,7,10,11,12,15,16
870,1,2,5,6,7,10,11,12,15,16
871,1,2,5,6,7,10,11,12,15,16
872,1,2,5,6,7,10,11,12,15,16
873,1,2,5,6,7,10,11,12,15,16
874,1,2,5,6,7,10,11,12,15,16
875,1,2,5,6,7,10,11,12,15,16
876,1,2,5,6,7,10,11,12,15,16
877,1,2,5,6,7,10,11,12,15,16
878,1,2,5,6,7,10,11,12,15,16
879,1,2,5,6,7,10,11,12,15,16
880,1,2,5,6,7,10,11,12,15,16
881,1,2,5,6,7,10,11,12,15,16
882,1,2,5,6,7,10,11,12,15,16
883,1,2,5,6,7,10,11,12,15,16
884,1,2,5,6,7,10,11,12,15,16
885,1,2,5,6,7,10,11,12,15,16
886,1,2,5,6,7,10,11,12,15,16
887,1,2,5,6,7,10,11,12,15,16
888,1,2,5,6,7,10,11,12,15,16
889,1,2,5,6,7,10,11,12,15,16
890,1,2,5,6,7,10,11,12,15,16
891,1,2,5,6,7,10,11,12,15,16
892,1,2,5,6,7,10,11,12,15,16
893,1,2,5,6,7,10,11,12,15,16
894,1,2,5,6,7,10,11,12,15,16
895,1,2,5,6,7,10,11,12,15,16
896,1,2,5,6,7,10,11,12,15,16
897,1,2,5,6,7,10,11,12,15,16
898,1,2,5,6,7,10,11,12,15,16
899,1,2,5,6,7,10,11,12,15,16
900,1,2,5,6,7,10,11,12,15,16
901,1,2,5,6,7,10,11,12,15,16
902,1,2,5,6,7,10,11,12,15,16
903,1,2,5,6,7,10,11,12,15,16
904,1,2,5,6,7,10,11,12,15,16
905,1,2,5,6,7,10,11,12,15,16
906,1,2,5,6,7,10,11,12,15,16
907,1,2,5,6,7,10,11,12,15,16
908,1,2,5,6,7,10,11,12,15,16
909,1,2,5,6,7,10,11,12,15,16
910,1,2,5,6,7,10,11,12,15,16
911,1,2,5,6,7,10,11,12,15,16
912,1,2,5,6,7,10,11,12,15,16
913,1,2,5,6,7,10,11,12,15,16
914,1,2,5,6,7,10,11,12,15,16
915,1,2,5,6,7,10,11,12,15,16
916,1,2,5,6,7,10,11,12,15,16
917,1,2,5,6,7,10,11,12,15,16
918,1,2,5,6,7,10,11,12,15,16
919,1,2,5,6,7,10,11,12,15,16
920,1,2,5,6,7,10,11,12,15,16
921,1,2,5,6,7,10,11,12,15,16
922,1,2,5,6,7,10,11,12,15,16
923,1,2,5,6,7,10,11,12,15,16
924,1,2,5,6,7,10,11,12,15,16
925,1,2,5,6,7,10,11,12,15,16
926,1,2,5,6,7,10,11,12,15,16
927,1,2,5,6,7,10,11,12,15,16
928,1,2,5,6,7,10,11,12,15,16
929,1,2,5,6,7,10,11,12,15,16
930,1,2,5,6,7,10,11,12,15,16
931,1,2,5,6,7,10,11,12,15,16
932,1,2,5,6,7,10,11,12,15,16
933,1,2,5,6,7,10,11,12,15,16
934,1,2,5,6,7,10,11,12,15,16
935,1,2,5,6,7,10,11,12,15,16
936,1,2,5,6,7,10,11,12,15,16
937,1,2,5,6,7,10,11,12,15,16
938,1,2,5,6,7,10,11,12,15,16
939,1,2,5,6,7,10,11,12,15,16
940,1,2,5,6,7,10,11,12,15,16
941,1,2,5,6,7,10,11,12,15,16
942,1,2,5,6,7,10,11,12,15,16
943,1,2,5,6,7,10,11,12,15,16
944,1,2,5,6,7,10,11,12,15,16
945,1,2,5,6,7,10,11,12,15,16
946,1,2,5,6,7,10,11,12,15,16
947,1,2,5,6,7,10,11,12,15,16
948,1,2,5,6,7,10,11,12,15,16
949,1,2,5,6,7,10,11,12,15,16
950,1,2,5,6,7,10,11,12,15,16
951,1,2,5,6,7,10,11,12,15,16
952,1,2,5,6,7,10,11,12,15,16
953,1,2,5,6,7,10,11,12,15,16
954,1,2,5,6,7,10,11,12,15,16
955,1,2,5,6,7,10,11,12,15,16
956,1,2,5,6,7,10,11,12,15,16
957,1,2,5,6,7,10,11,12,15,16
958,1,2,5,6,7,10,11,12,15,16
959,1,2,5,6,7,10,11,12,15,16
960,1,2,5,6,7,10,11,12,15,16
961,1,2,5,6,7,10,11,12,15,16
962,1,2,5,6,7,10,11,12,15,16
963,1,2,5,6,7,10,11,12,15,16
964,1,2,5,6,7,10,11,12,15,16
965,1,2,5,6,7,10,11,12,15,16
966,1,2,5,6,7,10,11,12,15,16
967,1,2,5,6,7,10,11,12,15,16
968,1,2,5,6,7,10,11,12,15,16
969,1,2,5,6,7,10,11,12,15,16
970,1,2,5,6,7,10,11,12,15,16
971,1,2,5,6,7,10,11,12,15,16
972,1,2,5,6,7,10,11,12,15,16
973,1,2,5,6,7,10,11,12,15,16
974,1,2,5,6,7,10,11,12,15,16
975,1,2,5,6,7,10,11,12,15,16
976,1,2,5,6,7,10,11,12,15,16
977,1,2,5,6,7,10,11,12,15,16
978,1,2,5,6,7,10,11,12,15,16
979,1,2,5,6,7,10,11,12,15,16
980,1,2,5,6,7,10,11,12,15,16
981,1,2,5,6,7,10,11,12,15,16
982,1,2,5,6,7,10,11,12,15,16
983,1,2,5,6,7,10,11,12,15,16
984,1,2,5,6,7,10,11,12,15,16
985,1,2,5,6,7,10,11,12,15,16
986,1,2,5,6,7,10,11,12,15,16
987,1,2,5,6,7,10,11,12,15,16
988,1,2,5,6,7,10,11,12,15,16
989,1,2,5,6,7,10,11,12,15,16
990,1,2,5,6,7,10,11,12,15,16
991,1,2,5,6,7,10,11,12,15,16
992,1,2,5,6,7,10,11,12,15,16
993,1,2,5,6,7,10,11,12,15,16
994,1,2,5,6,7,10,11,12,15,16
995,1,2,5,6,7,10,11,12,15,16
996,1,2,5,6,7,10,11,12,15,16
997,1,2,5,6,7,10,11,12,15,16
998,1,2,5,6,7,10,11,12,15,16
999,1,2,5,6,7,10,11,12,15,16
1000,1,2,5,6,7,10,11,12,15,16
1001,1,2,5,6,7,10,11,12,15,16
1002,1,2,5,6,7,10,11,12,15,16
1003,1,2,5,6,7,10,11,12,15,16
1004,1,2,5,6,7,10,11,12,15,16
1005,1,2,5,6,7,10,11,12,15,16
1006,1,2,5,6,7,10,11,12,15,16
1007,1,2,5,6,7,10,11,12,15,16
1008,1,2,5,6,7,10,11,12,15,16
1009,1,2,5,6,7,10,11,12,15,16
1010,1,2,5,6,7,10,11,12,15,16
1011,1,2,5,6,7,10,11,12,15,16
1012,1,2,5,6,7,10,11,12,15,16
1013,1,2,5,6,7,10,11,12,15,16
1014,1,2,5,6,7,10,11,12,15,16
1015,1,2,5,6,7,10,11,12,15,16
1016,1,2,5,6,7,10,11,12,15,16
1017,1,2,5,6,7,10,11,12,15,16
1018,1,2,5,6,7,10,11,12,15,16
1019,1,2,5,6,7,10,11,12,15,16
1020,1,2,5,6,7,10,11,12,15,16
1021,1,2,5,6,7,10,11,12,15,16
1022,1,2,5,6,7,10,11,12,15,16
1023,1,2,5,6,7,10,11,12,15,16
1024,1,2,5,6,7,10,11,12,15,16
1025,1,2,5,6,7,10,11,12,15,16
1026,1,2,5,6,7,10,11,12,15,16
1027,1,2,5,6,7,10,11,12,15,16,20
1028,1,2,5,6,7,10,11,12,15,16,20
1029,1,5,6,7,10,11,15,16,20
1030,1,5,6,7,10,11,15,16,20
1031,1,5,6,10,11,15,16,20
1032,1,5,6,10,11,15,16,20
1033,1,5,6,10,11,15,16,20
1034,1,5,6,10,11,15,16,20
1035,1,5,6,10,11,15,16,20
1036,1,5,6,10,11,15,16,20
1037,1,5,6,10,11,15,16,20
1038,1,5,6,10,11,15,16,20
1039,1,5,6,10,11,15,16,20
1040,1,5,6,10,11,15,16,20
1041,1,5,6,10,11,15,16,20
1042,1,5,6,10,11,15,16,20
1043,1,5,6,10,11,15,16,20
1044,1,5,6,10,11,15,16,20
1045,1,5,6,10,11,15,16,20
1046,1,5,6,10,11,15,16,20
1047,1,5,6,10,11,15,16,20
1048,1,5,6,10,11,15,16,20
1049,1,5,6,10,11,15,16,20
1050,1,5,6,10,11,15,16,20
1051,1,5,6,10,11,15,16,20
1052,1,5,6,10,11,15,16,20
1053,1,5,6,10,11,15,16,20
1054,1,5,6,10,11,15,16,20
1055,1,5,6,10,11,15,16,20
1056,1,5,6,10,11,15,16,20
1057,1,5,6,10,11,15,16,20
1058,1,5,6,10,11,15,16,20
1059,1,5,6,10,11,15,16,20
1060,1,5,6,10,11,15,16,20
1061,1,5,6,10,11,15,16,20
1062,1,5,6,10,11,15,16,20
1063,1,5,6,10,11,15,16,20
1064,1,5,6,10,11,15,16,20
1065,1,5,6,10,11,15,16,20
1066,1,5,6,10,11,15,16,20
1067,1,5,6,10,11,15,16,20
1068,1,5,6,10,11,15,16,20
1069,1,5,6,10,11,15,16,20
1070,1,5,6,10,11,15,16,20
1071,1,5,6,10,11,15,16,20
1072,1,5,6,10,11,15,16,20
1073,1,5,6,10,11,15,16,20
1074,1,5,6,10,11,15,16,20
1075,1,5,6,10,11,15,16,20
1076,1,5,6,10,11,15,16,20
1077,1,5,6,10,11,15,16,20
1078,1,5,6,10,11,15,16,20
1079,1,5,6,10,11,15,16,20
1080,1,5,6,10,11,15,16,20
1081,1,5,6,10,11,15,16,20
1082,1,5,6,10,11,15,16,20
1083,1,5,6,10,11,15,16,20
1084,1,5,6,10,11,15,16,20
1085,1,5,6,10,11,15,16,20
1086,1,5,6,10,11,15,16,20
1087,1,5,6,10,11,15,16,20
1088,1,5,6,10,11,15,16,20
1089,1,5,6,10,11,15,16,20
1090,1,5,6,10,11,15,16,20
1091,1,5,6,10,11,15,16,20
1092,1,5,6,10,11,15,16,20
1093,1,5,6,10,11,15,16,20
1094,1,5,6,10,11,15,16,20
1095,1,5,6,10,11,15,16,20
1096,1,5,6,10,11,15,16,20
1097,1,5,6,10,11,15,16,20
1098,1,5,6,10,11,15,16,20
1099,1,5,6,10,11,15,16,20
1100,1,5,6,10,11,15,16,20
1101,1,5,6,10,11,15,16,20
1102,1,5,6,10,11,15,16,20
1103,1,5,6,10,11,15,16,20
1104,1,5,6,10,11,15,16,20
1105,1,5,6,10,11,15,16,20
1106,1,5,6,10,11,15,16,20
1107,1,5,6,10,11,15,16,20
1108,1,5,6,10,11,15,16,20
1109,1,5,6,10,11,15,16,20
1110,1,5,6,10,11,15,16,20
1111,1,5,6,10,11,15,16,20
1112,1,5,6,10,11,15,16,20
1113,1,5,6,10,11,15,16,20
1114,1,5,6,10,11,15,16,20
1115,1,5,6,10,11,15,16,20
1116,1,5,6,10,11,15,16,20
1117,1,5,6,10,11,15,16,20
1118,1,5,6,10,11,15,16,20
1119,1,5,6,10,11,15,16,20
1120,1,5,6,10,11,15,16,20
1121,1,5,6,10,11,15,16,20
1122,1,5,6,10,11,15,16,20
1123,1,5,6,10,11,15,16,20
1124,1,5,6,10,11,15,16,20
1125,1,5,6,10,11,15,16,20
1126,1,5,6,10,11,15,16,20
1127,1,5,6,10,11,15,16,20
1128,1,5,6,10,11,15,16,20
1129,1,5,6,10,11,15,16,20
1130,1,5,6,10,11,15,16,20
1131,1,5,6,10,11,15,16,20
1132,1,5,6,10,11,15,16,20
1133,1,5,6,10,11,15,16,20
1134,1,5,6,10,11,15,16,20
1135,1,5,6,10,11,15,16,20
1136,1,5,6,10,11,15,16,20
1137,1,5,6,10,11,15,16,20
1138,1,5,6,10,11,15,16,20
1139,1,5,6,10,11,15,16,20
1140,1,5,6,10,11,15,16,20
1141,1,5,6,10,11,15,16,20
1142,1,5,6,10,11,15,16,20
1143,1,5,6,10,11,15,16,20
1144,1,5,6,10,11,15,16,20
1145,1,5,6,10,11,15,16,20
1146,1,5,6,10,11,15,16,20
1147,1,5,6,10,11,15,16,20
1148,1,5,6,10,11,15,16,20
1149,1,5,6,10,11,15,16,20
1150,1,5,6,10,11,15,16,20
1151,1,5,6,10,11,15,16,20
1152,1,5,6,10,11,15,16,20
1153,1,5,6,10,11,15,16,20
1154,1,5,6,10,11,15,16,20
1155,1,5,6,10,11,15,16,20
1156,1,5,6,10,11,15,16,20
1157,1,5,6,10,11,15,16,20
1158,1,5,6,10,11,15,16,20
1159,1,5,6,10,11,15,16,20
1160,1,5,6,10,11,15,16,20
1161,1,5,6,10,11,15,16,20
1162,1,5,6,10,11,15,16,20
1163,1,5,6,10,11,15,16,20
1164,1,5,6,10,11,15,16,20
1165,1,5,6,10,11,15,16,20
1166,1,5,6,10,11,15,16,20
1167,1,5,6,10,11,15,16,20
1168,1,5,6,10,11,15,16,20
1169,1,5,6,10,11,15,16,20
1170,1,5,6,10,11,15,16,20
1171,1,5,6,10,11,15,16,20
1172,1,5,6,10,11,15,16,20
1173,1,5,6,10,11,15,20
1174,1,5,6,10,11,15,20
1175,1,4,5,6,10,11,15,20
1176,1,4,5,6,10,11,15,20
1177,1,4,5,6,10,11,15,20
1178,1,4,5,6,10,11,15,20
1179,1,4,5,6,9,10,11,15
1180,1,4,5,6,9,10,11,15
1181,1,4,5,6,9,10,11,15
1182,1,4,5,6,9,10,11,15
1183,1,4,5,6,9,10,11,15
1184,1,4,5,6,9,10,11,15
1185,1,4,5,6,9,10,11,15
1186,1,4,5,6,9,10,11,15
1187,1,4,5,6,9,10,11,15
1188,1,4,5,6,9,10,11,15
1189,1,4,5,6,9,10,11,15,20
1190,1,4,5,6,9,10,11,15,20
1191,1,4,5,6,9,10,11,15,20
1192,1,4,5,6,9,10,11,15,20
1193,1,4,5,6,9,10,11,15,20
1194,1,4,5,6,9,10,11,15,20
1195,1,5,6,10,11,15,16,20
1196,1,5,6,10,11,15,16,20
1197,1,5,6,10,11,15,16,20
1198,1,5,6,10,11,15,16,20
1199,1,5,6,10,11,15,16,20
1200,1,5,6,10,11,15,16,20
1201,1,5,6,10,11,15,16,20
1202,1,5,6,10,11,15,16,20
1203,1,5,6,10,11,15,16,20
1204,1,5,6,10,11,15,16,20
1205,1,5,6,10,11,15,16,20
1206,1,5,6,10,11,15,16,20
1207,5,6,10,11,15,16,20
1208,5,6,10,11,15,16,20
1209,5,6,10,11,15,16,20
1210,5,6,10,11,15,16,20
1211,6,10,11,15,16,20
1212,6,10,11,15,16,20
1213,6,10,11,15,16,20,25
1214,6,10,11,15,16,20,25
1215,6,10,11,15,16,20,25
1216,6,10,11,15,16,20,25
1217,6,10,11,15,16,20,25
1218,6,10,11,15,16,20,25
1219,6,10,11,14,15,16,20,25
1220,6,10,11,14,15,16,20,25
1221,6,10,11,14,15,16,19,20,25
1222,6,10,11,14,15,16,19,20,25
1223,6,10,11,14,15,16,19,20,25
1224,6,10,11,14,15,16,19,20,25
1225,6,9,10,11,14,15,16,19,20,25
1226,6,9,10,11,14,15,16,19,20,25
1227,6,9,10,11,14,15,16,19,20,25
1228,6,9,10,11,14,15,16,19,20,25
1229,6,9,10,11,14,15,16,19,20,25
1230,6,9,10,11,14,15,16,19,20,25
1231,6,9,10,11,14,15,16,19,20,25
1232,6,9,10,11,14,15,16,19,20,25
1233,6,9,10,11,14,15,16,19,20,25
1234,6,9,10,11,14,15,16,19,20,25
1235,6,9,10,11,14,15,16,19,20
1236,6,9,10,11,14,15,16,19,20
1237,6,9,10,11,14,15,16,19,20
1238,6,9,10,11,14,15,16,19,20
1239,9,10,11,14,15,19,20
1240,9,10,11,14,15,19,20
1241,9,10,11,14,15,19,20
1242,9,10,11,14,15,19,20
1243,9,10,14,15,19,20
1244,9,10,14,15,19,20
1245,9,10,14,15,19,20
1246,9,10,14,15,19,20
1247,9,10,14,15,19,20
1248,9,10,14,15,19,20
1249,9,10,14,15,19,20
1250,9,10,14,15,19,20
1251,9,10,14,15,19,20
1252,9,10,14,15,19,20
1253,5,9,10,14,15,19,20
1254,5,9,10,14,15,19,20
1255,5,9,10,14,15,19,20
1256,5,9,10,14,15,19,20
1257,5,9,10,14,15,19,20
1258,5,9,10,14,15,19,20
1259,5,9,10,14,15,19,20
1260,5,9,10,14,15,19,20
1261,4,5,9,10,14,15,19,20
1262,4,5,9,10,14,15,19,20
1263,4,5,9,10,14,15,19,20
1264,4,5,9,10,14,15,19,20
1265,4,5,9,10,14,15,19,20
1266,4,5,9,10,14,15,19,20
1267,4,5,9,10,14,15,19,20
1268,4,5,9,10,14,15,19,20
1269,4,9,10,14,15,19,20
1270,4,9,10,14,15,19,20
1271,4,9,10,14,15,19,20
1272,4,9,10,14,15,19,20
1273,4,9,10,14,15,19,20
1274,4,9,10,14,15,19,20
1275,4,9,10,14,15,19,20
1276,4,9,10,14,15,19,20
1277,4,9,10,14,15,19,20
1278,4,9,10,14,15,19,20
1279,4,5,9,10,14,15,19,20
1280,4,5,9,10,14,15,19,20
1281,4,5,9,10,14,15,19,20
1282,4,5,9,10,14,15,19,20
1283,4,5,9,10,14,15,19,20
1284,4,5,9,10,14,15,19,20
1285,4,5,9,10,14,15,19,20
1286,4,5,9,10,14,15,19,20
1287,4,5,9,10,14,15,19,20
1288,4,5,9,10,14,15,19,20
1289,4,5,9,10,14,15,19,20
1290,4,5,9,10,14,15,19,20
1291,4,5,9,10,13,14,15,19,20
1292,4,5,9,10,13,14,15,19,20
1293,4,5,8,9,10,13,14,15,19,20
1294,4,5,8,9,10,13,14,15,19,20
1295,4,5,8,9,10,13,14,15,19,20
1296,4,5,8,9,10,13,14,15,19,20
1297,4,8,9,10,13,14,15,19,20
1298,4,8,9,10,13,14,15,19,20
1299,4,8,9,10,13,14,15,19,20
1300,4,8,9,10,13,14,15,19,20
1301,4,8,9,10,13,14,15,18,19,20
1302,4,8,9,10,13,14,15,18,19,20
1303,4,8,9,10,13,14,15,18,19,20
1304,4,8,9,10,13,14,15,18,19,20
1305,4,8,9,10,13,14,15,18,19,20
1306,4,8,9,10,13,14,15,18,19,20
1307,4,8,9,10,13,14,15,18,19
1308,4,8,9,10,13,14,15,18,19
1309,4,8,9,10,13,14,15,18,19
1310,4,8,9,10,13,14,15,18,19
1311,4,8,9,10,13,14,15,18,19
1312,4,8,9,10,13,14,15,18,19
1313,4,8,9,10,13,14,15,18,19
1314,4,8,9,10,13,14,15,18,19
1315,4,8,9,10,13,14,15,18,19
1316,4,8,9,10,13,14,15,18,19
1317,3,4,8,9,10,13,14,15,18,19
1318,3,4,8,9,10,13,14,15,18,19
1319,3,4,8,9,10,13,14,15,18,19
1320,3,4,8,9,10,13,14,15,18,19
1321,3,4,8,9,10,13,14,15,18,19
1322,3,4,8,9,10,13,14,15,18,19
1323,3,4,8,9,10,13,14,15,18,19
1324,3,4,8,9,10,13,14,15,18,19
1325,3,4,8,9,13,14,18,19
1326,3,4,8,9,13,14,18,19
1327,3,4,8,9,13,14,18,19
1328,3,4,8,9,13,14,18,19
1329,3,4,8,9,13,14,18,19
1330,3,4,8,9,13,14,18,19
1331,3,4,8,9,13,14,18,19
1332,3,4,8,9,13,14,18,19
1333,3,4,8,9,13,14,18,19
1334,3,4,8,9,13,14,18,19
1335,3,4,8,9,13,14,18,19
1336,3,4,8,9,13,14,18,19
1337,3,4,8,9,13,14,18,19
1338,3,4,8,9,13,14,18,19
1339,3,4,8,9,13,14,18,19
1340,3,4,8,9,13,14,18,19
1341,3,4,8,9,13,14,18,19
1342,3,4,8,9,13,14,18,19
1343,3,4,8,9,13,14,18,19
1344,3,4,8,9,13,14,18,19
1345,3,4,8,9,13,14,18,19
1346,3,4,8,9,13,14,18,19
1347,3,4,8,9,13,14,18,19
1348,3,4,8,9,13,14,18,19
1349,3,4,8,9,13,14,18,19
1350,3,4,8,9,13,14,18,19
1351,3,4,8,9,13,14,18,19
1352,3,4,8,9,13,14,18,19
1353,3,4,8,9,13,14,18,19
1354,3,4,8,9,13,14,18,19
1355,3,4,8,9,13,14,18,19
1356,3,4,8,9,13,14,18,19
1357,3,4,8,9,13,14,18,19
1358,3,4,8,9,13,14,18,19
1359,3,4,8,9,13,14,18,19
1360,3,4,8,9,13,14,18,19
1361,3,4,8,9,13,14,18,19
1362,3,4,8,9,13,14,18,19
1363,3,4,8,9,13,14,18,19
1364,3,4,8,9,13,14,18,19
1365,3,4,8,9,13,14,18,19
1366,3,4,8,9,13,14,18,19
1367,3,4,8,9,13,14,18,19
1368,3,4,8,9,13,14,18,19
1369,3,4,8,9,13,14,18,19
1370,3,4,8,9,13,14,18,19
1371,3,4,8,9,13,14,18,19
1372,3,4,8,9,13,14,18,19
1373,3,4,8,9,13,14,18,19
1374,3,4,8,9,13,14,18,19
1375,3,4,8,9,13,14,18,19
1376,3,4,8,9,13,14,18,19
1377,3,4,8,9,13,14,18,19
1378,3,4,8,9,13,14,18,19
1379,3,4,8,9,13,14,18,19
1380,3,4,8,9,13,14,18,19
1381,3,4,8,9,13,14,18,19
1382,3,4,8,9,13,14,18,19
1383,3,4,8,9,13,14,18,19
1384,3,4,8,9,13,14,18,19
1385,3,4,8,9,13,14,18,19
1386,3,4,8,9,13,14,18,19
1387,3,4,8,9,13,14,18,19
1388,3,4,8,9,13,14,18,19
1389,3,4,8,9,13,14,18,19
1390,3,4,8,9,13,14,18,19
1391,3,4,8,9,13,14,18,19
1392,3,4,8,9,13,14,18,19
1393,3,4,8,9,13,14,18,19
1394,3,4,8,9,13,14,18,19
1395,3,4,8,9,13,14,18,19
1396,3,4,8,9,13,14,18,19
1397,3,4,8,9,13,14,18,19
1398,3,4,8,9,13,14,18,19
1399,3,4,8,9,13,14,18,19
1400,3,4,8,9,13,14,18,19
1401,3,4,8,9,13,14,18,19
1402,3,4,8,9,13,14,18,19
1403,3,4,8,9,13,14,18,19
1404,3,4,8,9,13,14,18,19
1405,3,4,8,9,13,14,18,19
1406,3,4,8,9,13,14,18,19
1407,3,4,8,9,13,14,18,19
1408,3,4,8,9,13,14,18,19
1409,3,4,8,9,13,14,18,19
1410,3,4,8,9,13,14,18,19
1411,3,4,8,9,13,14,18,19
1412,3,4,8,9,13,14,18,19
1413,3,4,8,9,13,14,18,19
1414,3,4,8,9,13,14,18,19
1415,3,4,8,9,13,14,18,19
1416,3,4,8,9,13,14,18,19
1417,3,4,8,9,13,14,18,19
1418,3,4,8,9,13,14,18,19
1419,3,4,8,9,13,14,18,19
1420,3,4,8,9,13,14,18,19
1421,3,4,8,9,13,14,18,19
1422,3,4,8,9,13,14,18,19
1423,3,4,8,9,13,14,18,19
1424,3,4,8,9,13,14,18,19
1425,3,4,8,9,13,14,18,19
1426,3,4,8,9,13,14,18,19
1427,3,4,8,9,13,14,18,19
1428,3,4,8,9,13,14,18,19
1429,3,4,8,9,13,14,18,19
1430,3,4,8,9,13,14,18,19
1431,3,4,8,9,13,14,18,19
1432,3,4,8,9,13,14,18,19
1433,3,4,8,9,13,14,18,19
1434,3,4,8,9,13,14,18,19
1435,3,4,8,9,13,14,18,19
1436,3,4,8,9,13,14,18,19
1437,3,4,8,9,13,14,18,19
1438,3,4,8,9,13,14,18,19
1439,3,4,8,9,13,14,18,19
1440,3,4,8,9,13,14,18,19
1441,3,4,8,9,13,14,18,19
1442,3,4,8,9,13,14,18,19
1443,3,4,8,9,13,14,18,19
1444,3,4,8,9,13,14,18,19
1445,3,4,8,9,13,14,18,19
1446,3,4,8,9,13,14,18,19
1447,3,4,8,9,13,14,18,19
1448,3,4,8,9,13,14,18,19
1449,3,4,8,9,13,14,18,19
1450,3,4,8,9,13,14,18,19
1451,3,4,8,9,13,14,18,19
1452,3,4,8,9,13,14,18,19
1453,3,4,8,9,13,14,18,19
1454,3,4,8,9,13,14,18,19
1455,3,4,8,9,13,14,18,19
1456,3,4,8,9,13,14,18,19
1457,3,4,8,9,13,14,18,19
1458,3,4,8,9,13,14,18,19
1459,3,4,8,9,13,14,18,19
1460,3,4,8,9,13,14,18,19
1461,3,4,8,9,13,14,18,19
1462,3,4,8,9,13,14,18,19
1463,3,4,8,9,13,14,18,19
1464,3,4,8,9,13,14,18,19
1465,3,4,8,9,13,14,18,19
1466,3,4,8,9,13,14,18,19
1467,3,4,8,9,13,14,18,19
1468,3,4,8,9,13,14,18,19
1469,3,4,8,9,13,14,18,19
1470,3,4,8,9,13,14,18,19
1471,3,4,8,9,13,14,18,19
1472,3,4,8,9,13,14,18,19
1473,3,4,8,9,13,14,18,19
1474,3,4,8,9,13,14,18,19
1475,3,4,8,9,13,14,18,19
1476,3,4,8,9,13,14,18,19
1477,3,4,8,9,13,14,18,19
1478,3,4,8,9,13,14,18,19
1479,3,4,8,9,13,14,18,19
1480,3,4,8,9,13,14,18,19
1481,3,4,8,9,13,14,18,19
1482,3,4,8,9,13,14,18,19
1483,3,4,8,9,13,14,18,19
1484,3,4,8,9,13,14,18,19
1485,3,4,8,9,13,14,18,19
1486,3,4,8,9,13,14,18,19
1487,3,4,8,9,13,14,18,19
1488,3,4,8,9,13,14,18,19
1489,3,4,8,9,13,14,18,19
1490,3,4,8,9,13,14,18,19
1491,3,4,8,9,13,14,18,19
1492,3,4,8,9,13,14,18,19
1493,3,4,8,9,13,14,18,19
1494,3,4,8,9,13,14,18,19
1495,3,4,8,9,13,14,18,19
1496,3,4,8,9,13,14,18,19
1497,3,4,8,9,13,14,18,19
1498,3,4,8,9,13,14,18,19
1499,3,4,8,9,13,14,18,19
1500,3,4,8,9,13,14,18,19
1501,3,4,8,9,13,14,18,19
1502,3,4,8,9,13,14,18,19
1503,3,4,8,9,13,14,18,19
1504,3,4,8,9,13,14,18,19
1505,3,4,8,9,13,14,18,19
1506,3,4,8,9,13,14,18,19
1507,3,4,8,9,13,14,18,19
1508,3,4,8,9,13,14,18,19
1509,3,4,8,9,13,14,18,19
1510,3,4,8,9,13,14,18,19
1511,3,4,8,9,13,14,18,19
1512,3,4,8,9,13,14,18,19
1513,3,4,8,9,13,14,18,19
1514,3,4,8,9,13,14,18,19
1515,3,4,8,9,13,14,18,19
1516,3,4,8,9,13,14,18,19
1517,3,4,8,9,13,14,18,19
1518,3,4,8,9,13,14,18,19
1519,3,4,8,9,13,14,18,19
1520,3,4,8,9,13,14,18,19
1521,3,4,8,9,13,14,18,19
1522,3,4,8,9,13,14,18,19
1523,3,4,8,9,13,14,18,19
1524,3,4,8,9,13,14,18,19
1525,3,4,8,9,13,14,18,19
1526,3,4,8,9,13,14,18,19
1527,3,4,8,9,13,14,18,19
1528,3,4,8,9,13,14,18,19
1529,3,4,8,9,13,14,18,19
1530,3,4,8,9,13,14,18,19
1531,3,4,8,9,13,14,18,19
1532,3,4,8,9,13,14,18,19
1533,3,4,8,9,13,14,18,19
1534,3,4,8,9,13,14,18,19
1535,3,4,8,9,13,14,18,19
1536,3,4,8,9,13,14,18,19
1537,3,4,8,9,13,14,18,19
1538,3,4,8,9,13,14,18,19
1539,4,8,9,13,14,18,19
1540,4,8,9,13,14,18,19
1541,4,8,9,13,14,18,19
1542,4,8,9,13,14,18,19
1543,4,8,9,13,14,18,19
1544,4,8,9,13,14,18,19
1545,4,8,9,13,14,18,19
1546,4,8,9,13,14,18,19
1547,4,8,9,13,14,18,19
1548,4,8,9,13,14,18,19
1549,4,8,9,13,14,18,19
1550,4,8,9,13,14,18,19
1551,4,8,9,13,14,18,19
1552,4,8,9,13,14,18,19
1553,4,8,9,13,14,18,19
1554,4,8,9,13,14,18,19
1555,4,8,9,13,14,18,19
1556,4,8,9,13,14,18,19
1557,4,8,9,13,14,18,19
1558,4,8,9,13,14,18,19
1559,4,8,9,10,13,14,15,18,19
1560,4,8,9,10,13,14,15,18,19
1561,4,8,9,10,13,14,15,18,19
1562,4,8,9,10,13,14,15,18,19
1563,4,8,9,10,13,14,15,18,19
1564,4,8,9,10,13,14,15,18,19
1565,4,8,9,10,13,14,15,18,19,20
1566,4,8,9,10,13,14,15,18,19,20
1567,4,8,9,10,13,14,15,18,19,20
1568,4,8,9,10,13,14,15,18,19,20
1569,4,8,9,10,13,14,15,18,19,20
1570,4,8,9,10,13,14,15,18,19,20
1571,4,8,9,10,13,14,15,18,19,20
1572,4,8,9,10,13,14,15,18,19,20
1573,4,8,9,10,13,14,15,19,20
1574,4,8,9,10,13,14,15,19,20
1575,4,8,9,10,13,14,15,19,20
1576,4,8,9,10,13,14,15,19,20
1577,4,8,9,10,13,14,15,19,20
1578,4,8,9,10,13,14,15,19,20
1579,4,8,9,10,13,14,15,19,20
1580,4,8,9,10,13,14,15,19,20
1581,4,5,8,9,10,13,14,15,19,20
1582,4,5,8,9,10,13,14,15,19,20
1583,4,5,8,9,10,13,14,15,19,20
1584,4,5,8,9,10,13,14,15,19,20
1585,4,5,8,9,10,13,14,15,19,20
1586,4,5,8,9,10,13,14,15,19,20
1587,4,5,8,9,10,13,14,15,19,20
1588,4,5,8,9,10,13,14,15,19,20
1589,4,5,9,10,14,15,19,20
1590,4,5,9,10,14,15,19,20
1591,4,5,9,10,14,15,19,20
1592,4,5,9,10,14,15,19,20
1593,4,5,9,10,14,15,19,20
1594,4,5,9,10,14,15,19,20
1595,4,5,9,10,14,15,19,20
1596,4,5,9,10,14,15,19,20
1597,4,5,9,10,14,15,19,20
1598,4,5,9,10,14,15,19,20
1599,4,5,9,10,14,15,19,20
1600,4,5,9,10,14,15,19,20
1601,4,5,9,10,14,15,19,20
1602,4,5,9,10,14,15,19,20
1603,4,5,9,10,14,15,19,20
1604,4,5,9,10,14,15,19,20
1605,4,5,9,10,14,15,19,20
1606,4,5,9,10,14,15,19,20
1607,4,5,9,10,14,15,19,20
1608,4,5,9,10,14,15,19,20
1609,4,5,9,10,14,15,19,20
1610,4,5,9,10,14,15,19,20
1611,4,5,9,10,14,15,19,20
1612,4,5,9,10,14,15,19,20
1613,4,5,9,10,14,15,19,20
1614,4,5,9,10,14,15,19,20
1615,4,5,9,10,14,15,19,20
1616,4,5,9,10,14,15,19,20
1617,4,5,9,10,14,15,19,20
1618,4,5,9,10,14,15,19,20
1619,4,5,9,10,14,15,19,20
1620,4,5,9,10,14,15,19,20
1621,4,5,9,10,14,15,19,20
1622,4,5,9,10,14,15,19,20
1623,4,5,9,10,14,15,19,20
1624,4,5,9,10,14,15,19,20
1625,4,5,9,10,14,15,19,20
1626,4,5,9,10,14,15,19,20
1627,4,5,9,10,14,15,19,20
1628,4,5,9,10,14,15,19,20
1629,4,5,9,10,14,15,19,20
1630,4,5,9,10,14,15,19,20
1631,4,5,9,10,14,15,19,20
1632,4,5,9,10,14,15,19,20
1633,5,9,10,14,15,19,20
1634,5,9,10,14,15,19,20
1635,5,9,10,14,15,19,20
1636,5,9,10,14,15,19,20
1637,5,6,9,10,11,14,15,19,20
1638,5,6,9,10,11,14,15,19,20
1639,5,6,9,10,11,14,15,19,20
1640,5,6,9,10,11,14,15,19,20
1641,5,6,9,10,11,14,15,19,20
1642,5,6,9,10,11,14,15,19,20
1643,5,6,9,10,11,14,15,16,19,20
1644,5,6,9,10,11,14,15,16,19,20
1645,5,6,9,10,11,14,15,16,20
1646,5,6,9,10,11,14,15,16,20
1647,5,6,9,10,11,14,15,16,20
1648,5,6,9,10,11,14,15,16,20
1649,5,6,9,10,11,14,15,16,20
1650,5,6,9,10,11,14,15,16,20
1651,5,6,10,11,15,16,20
1652,5,6,10,11,15,16,20
1653,5,6,10,11,15,16,20
1654,5,6,10,11,15,16,20
1655,1,5,6,10,11,15,16,20
1656,1,5,6,10,11,15,16,20
1657,1,5,6,10,11,15,16,20
1658,1,5,6,10,11,15,16,20
1659,1,5,6,10,11,15,16,20
1660,1,5,6,10,11,15,16,20
1661,1,5,6,10,11,15,16,20
1662,1,5,6,10,11,15,16,20
1663,1,5,6,10,11,15,16,20
1664,1,5,6,10,11,15,16,20
1665,1,5,6,10,11,15,16,20
1666,1,5,6,10,11,15,16,20
1667,1,5,6,10,11,15,16,20
1668,1,5,6,10,11,15,16,20
1669,1,5,6,10,11,15,16,20
1670,1,5,6,10,11,15,16,20
1671,1,5,6,10,11,15,16,20
1672,1,5,6,10,11,15,16,20
1673,1,5,6,10,11,15,16,20
1674,1,5,6,10,11,15,16,20
1675,1,5,6,10,11,15,16,20
1676,1,5,6,10,11,15,16,20
1677,5,6,10,11,15,16,20
1678,5,6,10,11,15,16,20
1679,5,6,10,11,15,16,20
1680,5,6,10,11,15,16,20
1681,5,6,9,10,11,14,15,16,20
1682,5,6,9,10,11,14,15,16,20
1683,5,6,9,10,11,14,15,16,20
1684,5,6,9,10,11,14,15,16,20
1685,5,6,9,10,11,14,15,16,20
1686,5,6,9,10,11,14,15,16,20
1687,5,6,9,10,11,14,15,16,20
1688,5,6,9,10,11,14,15,16,20
1689,5,6,9,10,11,14,15,16,19,20
1690,5,6,9,10,11,14,15,16,19,20
1691,5,6,9,10,11,14,15,16,19,20
1692,5,6,9,10,11,14,15,16,19,20
1693,5,6,9,10,11,14,15,16,19,20
1694,5,6,9,10,11,14,15,16,19,20
1695,5,6,9,10,11,14,15,16,19,20
1696,5,6,9,10,11,14,15,16,19,20
1697,5,6,9,10,11,14,15,16,19,20
1698,5,6,9,10,11,14,15,16,19,20
1699,5,6,9,10,11,14,15,16,19,20
1700,5,6,9,10,11,14,15,16,19,20
1701,5,6,9,10,11,14,15,16,19,20
1702,5,6,9,10,11,14,15,16,19,20
1703,5,6,9,10,11,14,15,19,20
1704,5,6,9,10,11,14,15,19,20
1705,5,6,9,10,11,14,15,19,20
1706,5,6,9,10,11,14,15,19,20
1707,5,6,9,10,11,14,15,19,20
1708,5,6,9,10,11,14,15,19,20
1709,5,6,9,10,11,14,15,19,20
1710,5,6,9,10,11,14,15,19,20
1711,5,6,9,10,11,14,15,19,20
1712,5,6,9,10,11,14,15,19,20
1713,5,6,9,10,11,14,15,19,20
1714,5,6,9,10,11,14,15,19,20
1715,5,9,10,11,14,15,19,20
1716,5,9,10,11,14,15,19,20
1717,5,9,10,14,15,19,20
1718,5,9,10,14,15,19,20
1719,5,9,10,14,15,19,20
1720,5,9,10,14,15,19,20
1721,5,9,10,14,15,19,20
1722,5,9,10,14,15,19,20
1723,5,9,10,14,15,19,20
1724,5,9,10,14,15,19,20
1725,5,9,10,14,15,19,20
1726,5,9,10,14,15,19,20
1727,5,9,10,14,15,19,20
1728,5,9,10,14,15,19,20
1729,4,5,9,10,14,15,19,20
1730,4,5,9,10,14,15,19,20
1731,4,5,9,10,14,15,19,20
1732,4,5,9,10,14,15,19,20
1733,4,5,9,10,14,15,19,20
1734,4,5,9,10,14,15,19,20
1735,4,5,9,10,14,15,19,20
1736,4,5,9,10,14,15,19,20
1737,4,5,9,10,14,15,19,20
1738,4,5,9,10,14,15,19,20
1739,4,5,9,10,14,15,19,20
1740,4,5,9,10,14,15,19,20
1741,4,5,9,10,14,15,19,20
1742,4,5,9,10,14,15,19,20
1743,4,5,9,10,14,15,19,20
1744,4,5,9,10,14,15,19,20
1745,4,5,9,10,14,15,19,20
1746,4,5,9,10,14,15,19,20
1747,4,5,9,10,14,15,19,20
1748,4,5,9,10,14,15,19,20
1749,4,5,9,10,14,15,19,20
1750,4,5,9,10,14,15,19,20
1751,4,5,9,10,13,14,15,19,20
1752,4,5,9,10,13,14,15,19,20
1753,4,8,9,10,13,14,15,19,20
1754,4,8,9,10,13,14,15,19,20
1755,4,8,9,10,13,14,15,19,20
1756,4,8,9,10,13,14,15,19,20
1757,4,8,9,10,13,14,15,18,19,20
1758,4,8,9,10,13,14,15,18,19,20
1759,4,8,9,10,13,14,15,18,19,20
1760,4,8,9,10,13,14,15,18,19,20
1761,4,8,9,10,13,14,15,18,19,20
1762,4,8,9,10,13,14,15,18,19,20
1763,4,8,9,10,13,14,15,18,19,20
1764,4,8,9,10,13,14,15,18,19,20
1765,4,8,9,10,13,14,15,18,19
1766,4,8,9,10,13,14,15,18,19
1767,4,8,9,10,13,14,15,18,19
1768,4,8,9,10,13,14,15,18,19
1769,4,8,9,13,14,15,18,19
1770,4,8,9,13,14,15,18,19
1771,4,8,9,13,14,18,19
1772,4,8,9,13,14,18,19
1773,4,8,9,13,14,18,19
1774,4,8,9,13,14,18,19
1775,4,8,9,13,14,18,19
1776,4,8,9,13,14,18,19
1777,4,8,9,13,14,18,19
1778,4,8,9,13,14,18,19
1779,4,8,9,13,14,18,19
1780,4,8,9,13,14,18,19
1781,4,8,9,13,14,15,18,19
1782,4,8,9,13,14,15,18,19
1783,4,8,9,10,13,14,15,18,19
1784,4,8,9,10,13,14,15,18,19
1785,4,8,9,10,13,14,15,18,19
1786,4,8,9,10,13,14,15,18,19
1787,4,8,9,10,13,14,15,18,19
1788,4,8,9,10,13,14,15,18,19
1789,4,8,9,10,13,14,15,18,19
1790,4,8,9,10,13,14,15,18,19
1791,4,8,9,10,13,14,15,18,19,20
1792,4,8,9,10,13,14,15,18,19,20
1793,4,8,9,10,13,14,15,18,19,20
1794,4,8,9,10,13,14,15,18,19,20
1795,4,8,9,10,13,14,15,18,19,20
1796,4,8,9,10,13,14,15,18,19,20
1797,4,8,9,10,13,14,15,18,19,20
1798,4,8,9,10,13,14,15,18,19,20
1799,4,8,9,10,13,14,15,19,20
1800,4,8,9,10,13,14,15,19,20
