1,6,14,15,16,17,24,25,26,27,34,35,36,37
2,6,14,15,16,17,24,25,26,27,34,35,36,37
3,6,14,15,16,17,24,25,26,27,34,35,36,37
4,6,14,15,16,17,24,25,26,27,34,35,36,37
5,6,14,15,16,17,24,25,26,27,34,35,36,37
6,6,14,15,16,17,24,25,26,27,34,35,36,37
7,14,15,16,17,24,25,26,27,34,35,36,37
8,14,15,16,17,24,25,26,27,34,35,36,37
9,14,15,16,17,24,25,26,27,34,35,36,37
10,14,15,16,17,24,25,26,27,34,35,36,37
11,14,15,16,17,24,25,26,27,34,35,36,37
12,14,15,16,17,24,25,26,27,34,35,36,37
13,14,15,16,17,24,25,26,27,34,35,36,37
14,14,15,16,17,24,25,26,27,34,35,36,37
15,14,15,16,17,24,25,26,27,34,35,36,37
16,14,15,16,17,24,25,26,27,34,35,36,37
17,14,15,16,17,24,25,26,27,34,35,36,37,45,46
18,14,15,16,17,24,25,26,27,34,35,36,37,45,46
19,15,16,17,24,25,26,27,34,35,36,37,45,46
20,15,16,17,24,25,26,27,34,35,36,37,45,46
21,15,16,17,24,25,26,27,35,36,37,45,46,47
22,15,16,17,24,25,26,27,35,36,37,45,46,47
23,15,16,17,24,25,26,27,35,36,37,45,46,47
24,15,16,17,24,25,26,27,35,36,37,45,46,47
25,15,16,17,24,25,26,27,34,35,36,37,45,46,47
26,15,16,17,24,25,26,27,34,35,36,37,45,46,47
27,15,16,17,24,25,26,27,34,35,36,37,45,46,47
28,15,16,17,24,25,26,27,34,35,36,37,45,46,47
29,14,15,16,24,25,26,27,34,35,36,37,44,45,46
30,14,15,16,24,25,26,27,34,35,36,37,44,45,46
31,14,15,16,24,25,26,34,35,36,44,45,46
32,14,15,16,24,25,26,34,35,36,44,45,46
33,14,15,16,23,24,25,26,33,34,35,36,44,45,46
34,14,15,16,23,24,25,26,33,34,35,36,44,45,46
35,14,15,23,24,25,26,33,34,35,36,43,44,45,46
36,14,15,23,24,25,26,33,34,35,36,43,44,45,46
37,14,15,23,24,25,26,33,34,35,36,43,44,45
38,14,15,23,24,25,26,33,34,35,36,43,44,45
39,14,15,23,24,25,33,34,35,36,43,44,45
40,14,15,23,24,25,33,34,35,36,43,44,45
41,14,15,22,23,24,25,32,33,34,35,43,44,45
42,14,15,22,23,24,25,32,33,34,35,43,44,45
43,13,14,15,22,23,24,25,32,33,34,35,43,44,45
44,13,14,15,22,23,24,25,32,33,34,35,43,44,45
45,13,14,15,22,23,24,25,32,33,34,35,43,44,45
46,13,14,15,22,23,24,25,32,33,34,35,43,44,45
47,13,14,15,22,23,24,25,32,33,34,35,43,44,45
48,13,14,15,22,23,24,25,32,33,34,35,43,44,45
49,13,14,15,22,23,24,25,32,33,34,35,43,44,45
50,13,14,15,22,23,24,25,32,33,34,35,43,44,45
51,13,14,15,22,23,24,25,32,33,34,35,43,44,45
52,13,14,15,22,23,24,25,32,33,34,35,43,44,45
53,13,14,15,22,23,24,25,32,33,34,35,43,44,45
54,13,14,15,22,23,24,25,32,33,34,35,43,44,45
55,13,14,15,22,23,24,25,32,33,34,35,43,44,45
56,13,14,15,22,23,24,25,32,33,34,35,43,44,45
57,13,14,15,22,23,24,25,32,33,34,35,43,44,45
58,13,14,15,22,23,24,25,32,33,34,35,43,44,45
59,13,14,15,22,23,24,25,32,33,34,35,43,44,45
60,13,14,15,22,23,24,25,32,33,34,35,43,44,45
61,13,14,15,22,23,24,25,32,33,34,35,43,44,45
62,13,14,15,22,23,24,25,32,33,34,35,43,44,45
63,13,14,15,22,23,24,25,32,33,34,35,43,44,45
64,13,14,15,22,23,24,25,32,33,34,35,43,44,45
65,13,14,15,22,23,24,25,32,33,34,35,43,44,45
66,13,14,15,22,23,24,25,32,33,34,35,43,44,45
67,13,14,15,23,24,25,26,33,34,35,36,43,44,45
68,13,14,15,23,24,25,26,33,34,35,36,43,44,45
69,13,14,15,16,23,24,25,26,33,34,35,36,44,45
70,13,14,15,16,23,24,25,26,33,34,35,36,44,45
71,14,15,16,23,24,25,26,33,34,35,36,44,45
72,14,15,16,23,24,25,26,33,34,35,36,44,45
73,14,15,16,24,25,26,34,35,36,45
74,14,15,16,24,25,26,34,35,36,45
75,14,15,16,17,24,25,26,27,34,35,36,37
76,14,15,16,17,24,25,26,27,34,35,36,37
77,5,6,14,15,16,17,24,25,26,27,34,35,36,37
78,5,6,14,15,16,17,24,25,26,27,34,35,36,37
79,5,6,14,15,16,17,24,25,26,27,35,36,37
80,5,6,14,15,16,17,24,25,26,27,35,36,37
81,5,6,7,14,15,16,17,24,25,26,27,35,36,37
82,5,6,7,14,15,16,17,24,25,26,27,35,36,37
83,5,6,7,14,15,16,17,24,25,26,27,35,36,37
84,5,6,7,14,15,16,17,24,25,26,27,35,36,37
85,5,6,7,14,15,16,17,24,25,26,27,35,36,37
86,5,6,7,14,15,16,17,24,25,26,27,35,36,37
87,5,6,7,14,15,16,17,24,25,26,27,35,36,37
88,5,6,7,14,15,16,17,24,25,26,27,35,36,37
89,5,6,7,14,15,16,17,24,25,26,27,35,36,37
90,5,6,7,14,15,16,17,24,25,26,27,35,36,37
91,5,6,7,14,15,16,17,24,25,26,27,35,36,37
92,5,6,7,14,15,16,17,24,25,26,27,35,36,37
93,5,6,7,14,15,16,17,24,25,26,27,35,36,37
94,5,6,7,14,15,16,17,24,25,26,27,35,36,37
95,4,5,6,7,14,15,16,17,24,25,26,27,35,36,37
96,4,5,6,7,14,15,16,17,24,25,26,27,35,36,37
97,4,5,6,7,14,15,16,17,24,25,26,27,35,36,37
98,4,5,6,7,14,15,16,17,24,25,26,27,35,36,37
99,4,5,6,7,14,15,16,17,24,25,26,27,35,36
100,4,5,6,7,14,15,16,17,24,25,26,27,35,36
101,4,5,6,7,8,14,15,16,17,18,24,25,26,27,36
102,4,5,6,7,8,14,15,16,17,18,24,25,26,27,36
103,4,5,6,7,8,14,15,16,17,18,24,25,26,27
104,4,5,6,7,8,14,15,16,17,18,24,25,26,27
105,1,2,3,4,5,6,7,8,9,10,14,15,16,17,18,24,25,26,27
106,1,2,3,4,5,6,7,8,9,10,14,15,16,17,18,24,25,26,27
107,1,2,3,4,5,6,7,8,9,10,14,15,16,17,18,24,25,26,27
108,1,2,3,4,5,6,7,8,9,10,14,15,16,17,18,24,25,26,27
109,1,2,3,4,5,6,7,8,9,10,14,15,16,17,18,24,25,26,27
110,1,2,3,4,5,6,7,8,9,10,14,15,16,17,18,24,25,26,27
111,1,2,3,4,5,6,7,8,9,10,14,15,16,17,18,24,25,26,27
112,1,2,3,4,5,6,7,8,9,10,14,15,16,17,18,24,25,26,27
113,1,2,3,4,5,6,7,8,9,10,14,15,16,17,18,24,25,26,27
114,1,2,3,4,5,6,7,8,9,10,14,15,16,17,18,24,25,26,27
115,1,2,3,4,5,6,7,8,9,10,14,15,16,17,18,25,26,27
116,1,2,3,4,5,6,7,8,9,10,14,15,16,17,18,25,26,27
117,4,5,6,7,8,14,15,16,17,18,25,26,27,28
118,4,5,6,7,8,14,15,16,17,18,25,26,27,28
119,5,6,7,8,15,16,17,18,25,26,27,28,36,37
120,5,6,7,8,15,16,17,18,25,26,27,28,36,37
121,5,6,7,8,15,16,17,18,25,26,27,28,36,37
122,5,6,7,8,15,16,17,18,25,26,27,28,36,37
123,6,7,8,15,16,17,18,25,26,27,28,36,37,38
124,6,7,8,15,16,17,18,25,26,27,28,36,37,38
125,7,8,15,16,17,18,25,26,27,28,36,37,38
126,7,8,15,16,17,18,25,26,27,28,36,37,38
127,7,8,16,17,18,26,27,28,36,37,38
128,7,8,16,17,18,26,27,28,36,37,38
129,7,8,16,17,18,19,26,27,28,29,36,37,38
130,7,8,16,17,18,19,26,27,28,29,36,37,38
131,7,8,16,17,18,19,26,27,28,29,36,37,38,39
132,7,8,16,17,18,19,26,27,28,29,36,37,38,39
133,8,16,17,18,19,26,27,28,29,36,37,38,39
134,8,16,17,18,19,26,27,28,29,36,37,38,39
135,8,16,17,18,19,26,27,28,29,36,37,38,39
136,8,16,17,18,19,26,27,28,29,36,37,38,39
137,8,16,17,18,19,26,27,28,29,36,37,38,39
138,8,16,17,18,19,26,27,28,29,36,37,38,39
139,16,17,18,19,26,27,28,29,36,37,38,39
140,16,17,18,19,26,27,28,29,36,37,38,39
141,16,17,18,19,26,27,28,29,36,37,38,39
142,16,17,18,19,26,27,28,29,36,37,38,39
143,16,17,18,19,26,27,28,29,36,37,38,39
144,16,17,18,19,26,27,28,29,36,37,38,39
145,16,17,18,19,26,27,28,29,36,37,38,39,47,48
146,16,17,18,19,26,27,28,29,36,37,38,39,47,48
147,17,18,19,26,27,28,29,36,37,38,39,47,48,49
148,17,18,19,26,27,28,29,36,37,38,39,47,48,49
149,17,18,19,26,27,28,29,36,37,38,39,47,48,49
150,17,18,19,26,27,28,29,36,37,38,39,47,48,49
151,17,18,19,26,27,28,29,36,37,38,39,47,48,49
152,17,18,19,26,27,28,29,36,37,38,39,47,48,49
153,17,18,19,26,27,28,29,36,37,38,39,46,47,48,49
154,17,18,19,26,27,28,29,36,37,38,39,46,47,48,49
155,17,18,19,26,27,28,29,36,37,38,39,46,47,48,49
156,17,18,19,26,27,28,29,36,37,38,39,46,47,48,49
157,17,18,26,27,28,29,36,37,38,39,46,47,48,49
158,17,18,26,27,28,29,36,37,38,39,46,47,48,49
159,17,18,26,27,28,29,36,37,38,39,46,47,48,49
160,17,18,26,27,28,29,36,37,38,39,46,47,48,49
161,17,18,26,27,28,29,36,37,38,39,46,47,48,49
162,17,18,26,27,28,29,36,37,38,39,46,47,48,49
163,18,26,27,28,29,36,37,38,39,46,47,48,49
164,18,26,27,28,29,36,37,38,39,46,47,48,49
165,18,26,27,28,29,36,37,38,39,46,47,48,49
166,18,26,27,28,29,36,37,38,39,46,47,48,49
167,18,26,27,28,29,36,37,38,39,46,47,48,49
168,18,26,27,28,29,36,37,38,39,46,47,48,49
169,18,26,27,28,29,36,37,38,39,46,47,48,49
170,18,26,27,28,29,36,37,38,39,46,47,48,49
171,18,26,27,28,29,36,37,38,39,46,47,48,49
172,18,26,27,28,29,36,37,38,39,46,47,48,49
173,17,18,26,27,28,29,36,37,38,39,46,47,48,49
174,17,18,26,27,28,29,36,37,38,39,46,47,48,49
175,17,18,26,27,28,29,36,37,38,39,46,47,48,49
176,17,18,26,27,28,29,36,37,38,39,46,47,48,49
177,17,18,26,27,28,29,36,37,38,39,46,47,48,49
178,17,18,26,27,28,29,36,37,38,39,46,47,48,49
179,17,18,26,27,28,29,36,37,38,39,46,47,48,49
180,17,18,26,27,28,29,36,37,38,39,46,47,48,49
181,17,18,26,27,28,29,36,37,38,39,46,47,48,49
182,17,18,26,27,28,29,36,37,38,39,46,47,48,49
183,17,18,26,27,28,29,36,37,38,39,46,47,48,49
184,17,18,26,27,28,29,36,37,38,39,46,47,48,49
185,17,18,19,26,27,28,29,36,37,38,39,46,47,48,49
186,17,18,19,26,27,28,29,36,37,38,39,46,47,48,49
187,17,18,19,26,27,28,29,36,37,38,39,46,47,48,49
188,17,18,19,26,27,28,29,36,37,38,39,46,47,48,49
189,17,18,19,26,27,28,29,36,37,38,39,46,47,48,49
190,17,18,19,26,27,28,29,36,37,38,39,46,47,48,49
191,17,18,19,26,27,28,29,36,37,38,39,47,48,49
192,17,18,19,26,27,28,29,36,37,38,39,47,48,49
193,17,18,19,26,27,28,29,36,37,38,39,47,48
194,17,18,19,26,27,28,29,36,37,38,39,47,48
195,17,18,19,26,27,28,29,36,37,38,39,47,48
196,17,18,19,26,27,28,29,36,37,38,39,47,48
197,17,18,19,26,27,28,29,36,37,38,39,47,48
198,17,18,19,26,27,28,29,36,37,38,39,47,48
199,17,18,19,26,27,28,29,37,38,39,48
200,17,18,19,26,27,28,29,37,38,39,48
201,17,18,19,26,27,28,29,36,37,38,39,47,48
202,17,18,19,26,27,28,29,36,37,38,39,47,48
203,17,18,19,26,27,28,29,36,37,38,39,47,48,49
204,17,18,19,26,27,28,29,36,37,38,39,47,48,49
205,17,18,19,26,27,28,29,36,37,38,39,47,48,49
206,17,18,19,26,27,28,29,36,37,38,39,47,48,49
207,17,18,19,26,27,28,29,36,37,38,39,46,47,48,49
208,17,18,19,26,27,28,29,36,37,38,39,46,47,48,49
209,17,18,26,27,28,29,36,37,38,39,46,47,48,49
210,17,18,26,27,28,29,36,37,38,39,46,47,48,49
211,18,26,27,28,29,36,37,38,39,46,47,48,49
212,18,26,27,28,29,36,37,38,39,46,47,48,49
213,18,26,27,28,29,36,37,38,39,46,47,48,49
214,18,26,27,28,29,36,37,38,39,46,47,48,49
215,18,26,27,28,29,36,37,38,39,46,47,48,49
216,18,26,27,28,29,36,37,38,39,46,47,48,49
217,18,26,27,28,29,36,37,38,39,46,47,48,49
218,18,26,27,28,29,36,37,38,39,46,47,48,49
219,18,26,27,28,29,36,37,38,39,46,47,48,49
220,18,26,27,28,29,36,37,38,39,46,47,48,49
221,18,26,27,28,29,36,37,38,39,46,47,48,49
222,18,26,27,28,29,36,37,38,39,46,47,48,49
223,26,27,28,29,36,37,38,39,41,42,43,44,45,46,47,48,49,50
224,26,27,28,29,36,37,38,39,41,42,43,44,45,46,47,48,49,50
225,26,27,28,29,35,36,37,38,39,41,42,43,44,45,46,47,48,49,50
226,26,27,28,29,35,36,37,38,39,41,42,43,44,45,46,47,48,49,50
227,26,27,28,29,35,36,37,38,39,40,41,42,43,44,45,46,47,48,49,50
228,26,27,28,29,35,36,37,38,39,40,41,42,43,44,45,46,47,48,49,50
229,26,27,28,29,35,36,37,38,39,40,41,42,43,44,45,46,47,48,49,50
230,26,27,28,29,35,36,37,38,39,40,41,42,43,44,45,46,47,48,49,50
231,26,27,28,29,35,36,37,38,39,40,41,42,43,44,45,46,47,48,49,50
232,26,27,28,29,35,36,37,38,39,40,41,42,43,44,45,46,47,48,49,50
233,26,27,28,29,36,37,38,39,40,41,42,43,44,45,46,47,48,49,50
234,26,27,28,29,36,37,38,39,40,41,42,43,44,45,46,47,48,49,50
235,18,26,27,28,29,36,37,38,39,46,47,48,49
236,18,26,27,28,29,36,37,38,39,46,47,48,49
237,18,26,27,28,29,36,37,38,39,46,47,48,49
238,18,26,27,28,29,36,37,38,39,46,47,48,49
239,17,18,19,26,27,28,29,36,37,38,39,47,48,49
240,17,18,19,26,27,28,29,36,37,38,39,47,48,49
241,17,18,19,26,27,28,29,36,37,38,39,47,48,49
242,17,18,19,26,27,28,29,36,37,38,39,47,48,49
243,17,18,19,26,27,28,29,36,37,38,39,47,48
244,17,18,19,26,27,28,29,36,37,38,39,47,48
245,17,18,19,26,27,28,29,37,38,39,48
246,17,18,19,26,27,28,29,37,38,39,48
247,17,18,19,26,27,28,29,37,38,39
248,17,18,19,26,27,28,29,37,38,39
249,8,17,18,19,26,27,28,29,37,38,39
250,8,17,18,19,26,27,28,29,37,38,39
251,8,17,18,19,27,28,29,37,38,39
252,8,17,18,19,27,28,29,37,38,39
253,8,9,17,18,19,27,28,29,37,38,39
254,8,9,17,18,19,27,28,29,37,38,39
255,8,9,17,18,19,27,28,29,37,38,39
256,8,9,17,18,19,27,28,29,37,38,39
257,8,9,17,18,19,27,28,29,37,38,39
258,8,9,17,18,19,27,28,29,37,38,39
259,8,9,17,18,19,27,28,29,37,38,39
260,8,9,17,18,19,27,28,29,37,38,39
261,8,9,17,18,19,27,28,29,37,38,39
262,8,9,17,18,19,27,28,29,37,38,39
263,8,9,17,18,19,27,28,29,37,38,39
264,8,9,17,18,19,27,28,29,37,38,39
265,8,9,17,18,19,27,28,29,37,38,39
266,8,9,17,18,19,27,28,29,37,38,39
267,8,9,17,18,19,27,28,29,37,38,39
268,8,9,17,18,19,27,28,29,37,38,39
269,8,9,17,18,19,27,28,29,37,38,39
270,8,9,17,18,19,27,28,29,37,38,39
271,8,9,17,18,19,27,28,29,37,38,39
272,8,9,17,18,19,27,28,29,37,38,39
273,8,9,17,18,19,27,28,29,37,38,39
274,8,9,17,18,19,27,28,29,37,38,39
275,8,9,17,18,19,27,28,29,37,38,39
276,8,9,17,18,19,27,28,29,37,38,39
277,8,9,17,18,19,27,28,29,37,38,39
278,8,9,17,18,19,27,28,29,37,38,39
279,8,9,17,18,19,27,28,29,37,38,39
280,8,9,17,18,19,27,28,29,37,38,39
281,8,9,17,18,19,27,28,29,37,38,39
282,8,9,17,18,19,27,28,29,37,38,39
283,8,9,17,18,19,27,28,29,37,38,39
284,8,9,17,18,19,27,28,29,37,38,39
285,8,9,17,18,19,27,28,29,37,38,39
286,8,9,17,18,19,27,28,29,37,38,39
287,8,9,17,18,19,27,28,29,37,38,39
288,8,9,17,18,19,27,28,29,37,38,39
289,8,9,17,18,19,27,28,29,37,38,39
290,8,9,17,18,19,27,28,29,37,38,39
291,8,9,17,18,19,27,28,29,37,38,39
292,8,9,17,18,19,27,28,29,37,38,39
293,8,9,17,18,19,27,28,29,37,38,39
294,8,9,17,18,19,27,28,29,37,38,39
295,8,9,17,18,19,27,28,29,37,38,39
296,8,9,17,18,19,27,28,29,37,38,39
297,8,9,17,18,19,27,28,29,37,38,39
298,8,9,17,18,19,27,28,29,37,38,39
299,8,9,17,18,19,27,28,29,37,38,39
300,8,9,17,18,19,27,28,29,37,38,39
301,8,9,17,18,19,20,27,28,29,30,37,38,39
302,8,9,17,18,19,20,27,28,29,30,37,38,39
303,8,9,17,18,19,20,27,28,29,30,37,38,39
304,8,9,17,18,19,20,27,28,29,30,37,38,39
305,8,9,17,18,19,20,27,28,29,30,37,38,39
306,8,9,17,18,19,20,27,28,29,30,37,38,39
307,8,9,17,18,19,20,27,28,29,30,37,38,39
308,8,9,17,18,19,20,27,28,29,30,37,38,39
309,8,9,17,18,19,20,27,28,29,30,37,38,39
310,8,9,17,18,19,20,27,28,29,30,37,38,39
311,8,9,17,18,19,20,27,28,29,30,37,38,39
312,8,9,17,18,19,20,27,28,29,30,37,38,39
313,8,9,17,18,19,20,27,28,29,30,37,38,39
314,8,9,17,18,19,20,27,28,29,30,37,38,39
315,8,9,17,18,19,20,27,28,29,30,37,38,39
316,8,9,17,18,19,20,27,28,29,30,37,38,39
317,8,9,17,18,19,20,27,28,29,30,37,38,39
318,8,9,17,18,19,20,27,28,29,30,37,38,39
319,8,9,17,18,19,20,27,28,29,30,37,38,39
320,8,9,17,18,19,20,27,28,29,30,37,38,39
321,8,9,17,18,19,20,27,28,29,30,37,38,39
322,8,9,17,18,19,20,27,28,29,30,37,38,39
323,8,9,17,18,19,20,27,28,29,30,37,38,39,40
324,8,9,17,18,19,20,27,28,29,30,37,38,39,40
325,8,9,17,18,19,20,27,28,29,30,37,38,39,40
326,8,9,17,18,19,20,27,28,29,30,37,38,39,40
327,9,17,18,19,20,27,28,29,30,38,39,40
328,9,17,18,19,20,27,28,29,30,38,39,40
329,9,10,18,19,20,27,28,29,30,38,39,40
330,9,10,18,19,20,27,28,29,30,38,39,40
331,9,10,18,19,20,28,29,30,38,39,40
332,9,10,18,19,20,28,29,30,38,39,40
333,9,10,11,18,19,20,21,28,29,30,38,39,40
334,9,10,11,18,19,20,21,28,29,30,38,39,40
335,9,10,11,18,19,20,21,28,29,30,38,39,40
336,9,10,11,18,19,20,21,28,29,30,38,39,40
337,10,11,18,19,20,21,28,29,30,31,38,39,40
338,10,11,18,19,20,21,28,29,30,31,38,39,40
339,11,18,19,20,21,28,29,30,31,38,39,40
340,11,18,19,20,21,28,29,30,31,38,39,40
341,11,18,19,20,21,28,29,30,31,38,39,40
342,11,18,19,20,21,28,29,30,31,38,39,40
343,11,18,19,20,21,28,29,30,31,38,39,40
344,11,18,19,20,21,28,29,30,31,38,39,40
345,11,18,19,20,21,28,29,30,31,38,39,40
346,11,18,19,20,21,28,29,30,31,38,39,40
347,11,18,19,20,21,28,29,30,31,38,39,40
348,11,18,19,20,21,28,29,30,31,38,39,40
349,11,18,19,20,21,28,29,30,31,38,39,40
350,11,18,19,20,21,28,29,30,31,38,39,40
351,11,18,19,20,21,28,29,30,31,38,39,40
352,11,18,19,20,21,28,29,30,31,38,39,40
353,11,18,19,20,21,28,29,30,31,38,39,40
354,11,18,19,20,21,28,29,30,31,38,39,40
355,11,18,19,20,21,28,29,30,31,38,39,40
356,11,18,19,20,21,28,29,30,31,38,39,40
357,11,18,19,20,21,28,29,30,31,38,39,40
358,11,18,19,20,21,28,29,30,31,38,39,40
359,11,18,19,20,21,28,29,30,31,38,39,40
360,11,18,19,20,21,28,29,30,31,38,39,40
361,11,18,19,20,21,28,29,30,31,38,39,40
362,11,18,19,20,21,28,29,30,31,38,39,40
363,11,18,19,20,21,28,29,30,31,38,39,40
364,11,18,19,20,21,28,29,30,31,38,39,40
365,11,19,20,21,28,29,30,31,38,39,40,50
366,11,19,20,21,28,29,30,31,38,39,40,50
367,11,19,20,21,28,29,30,31,39,40,50
368,11,19,20,21,28,29,30,31,39,40,50
369,11,19,20,21,29,30,31,39,40,50
370,11,19,20,21,29,30,31,39,40,50
371,11,19,20,21,29,30,31,39,40,50
372,11,19,20,21,29,30,31,39,40,50
373,11,19,20,21,29,30,31,39,40,50
374,11,19,20,21,29,30,31,39,40,50
375,11,19,20,21,22,29,30,31,39,40,41,50
376,11,19,20,21,22,29,30,31,39,40,41,50
377,11,19,20,21,22,29,30,31,32,39,40,41,50
378,11,19,20,21,22,29,30,31,32,39,40,41,50
379,11,19,20,21,22,29,30,31,32,39,40,41,50
380,11,19,20,21,22,29,30,31,32,39,40,41,50
381,11,12,19,20,21,22,29,30,31,32,39,40,41,50
382,11,12,19,20,21,22,29,30,31,32,39,40,41,50
383,11,12,19,20,21,22,29,30,31,32,39,40,41,50
384,11,12,19,20,21,22,29,30,31,32,39,40,41,50
385,11,12,19,20,21,22,29,30,31,32,39,40,41,50
386,11,12,19,20,21,22,29,30,31,32,39,40,41,50
387,11,12,19,20,21,22,29,30,31,32,39,40,41,50
388,11,12,19,20,21,22,29,30,31,32,39,40,41,50
389,11,12,19,20,21,22,29,30,31,32,39,40,41,50
390,11,12,19,20,21,22,29,30,31,32,39,40,41,50
391,11,12,19,20,21,22,29,30,31,32,39,40,41,50
392,11,12,19,20,21,22,29,30,31,32,39,40,41,50
393,11,12,19,20,21,22,29,30,31,32,39,40,41,50
394,11,12,19,20,21,22,29,30,31,32,39,40,41,50
395,11,12,19,20,21,22,29,30,31,32,39,40,41,50
396,11,12,19,20,21,22,29,30,31,32,39,40,41,50
397,11,12,20,21,22,29,30,31,32,39,40,41,50
398,11,12,20,21,22,29,30,31,32,39,40,41,50
399,11,12,20,21,22,29,30,31,32,39,40,41,50
400,11,12,20,21,22,29,30,31,32,39,40,41,50
401,11,12,20,21,22,29,30,31,32,39,40,41,50
402,11,12,20,21,22,29,30,31,32,39,40,41,50
403,11,12,20,21,22,29,30,31,32,39,40,41,50
404,11,12,20,21,22,29,30,31,32,39,40,41,50
405,11,12,20,21,22,29,30,31,32,39,40,41,50
406,11,12,20,21,22,29,30,31,32,39,40,41,50
407,11,12,20,21,22,29,30,31,32,39,40,41,50
408,11,12,20,21,22,29,30,31,32,39,40,41,50
409,11,12,20,21,22,29,30,31,32,39,40,41,50
410,11,12,20,21,22,29,30,31,32,39,40,41,50
411,11,12,20,21,22,29,30,31,32,39,40,41,50
412,11,12,20,21,22,29,30,31,32,39,40,41,50
413,11,12,20,21,22,29,30,31,32,39,40,41,50
414,11,12,20,21,22,29,30,31,32,39,40,41,50
415,11,12,20,21,22,29,30,31,32,39,40,41,50
416,11,12,20,21,22,29,30,31,32,39,40,41,50
417,11,12,20,21,22,29,30,31,32,39,40,41,50
418,11,12,20,21,22,29,30,31,32,39,40,41,50
419,11,12,19,20,21,22,29,30,31,32,39,40,41,50
420,11,12,19,20,21,22,29,30,31,32,39,40,41,50
421,11,12,19,20,21,22,29,30,31,32,39,40,41,50
422,11,12,19,20,21,22,29,30,31,32,39,40,41,50
423,11,12,19,20,21,22,29,30,31,32,39,40,41,50
424,11,12,19,20,21,22,29,30,31,32,39,40,41,50
425,11,12,19,20,21,22,29,30,31,32,39,40,41,50
426,11,12,19,20,21,22,29,30,31,32,39,40,41,50
427,11,12,19,20,21,22,29,30,31,32,39,40,41,50
428,11,12,19,20,21,22,29,30,31,32,39,40,41,50
429,11,19,20,21,22,29,30,31,32,39,40,41,50
430,11,19,20,21,22,29,30,31,32,39,40,41,50
431,11,19,20,21,22,29,30,31,32,39,40,41,49,50
432,11,19,20,21,22,29,30,31,32,39,40,41,49,50
433,11,19,20,21,29,30,31,39,40,41,49,50
434,11,19,20,21,29,30,31,39,40,41,49,50
435,11,19,20,21,28,29,30,31,38,39,40,49,50
436,11,19,20,21,28,29,30,31,38,39,40,49,50
437,11,18,19,20,21,28,29,30,31,38,39,40,49,50
438,11,18,19,20,21,28,29,30,31,38,39,40,49,50
439,18,19,20,21,28,29,30,38,39,40,49,50
440,18,19,20,21,28,29,30,38,39,40,49,50
441,18,19,20,27,28,29,30,38,39,40,49
442,18,19,20,27,28,29,30,38,39,40,49
443,17,18,19,20,27,28,29,30,37,38,39,40
444,17,18,19,20,27,28,29,30,37,38,39,40
445,9,17,18,19,20,27,28,29,30,37,38,39,40
446,9,17,18,19,20,27,28,29,30,37,38,39,40
447,8,9,17,18,19,20,27,28,29,30,37,38,39
448,8,9,17,18,19,20,27,28,29,30,37,38,39
449,8,9,17,18,19,27,28,29,37,38,39
450,8,9,17,18,19,27,28,29,37,38,39
451,8,9,17,18,19,27,28,29,37,38,39
452,8,9,17,18,19,27,28,29,37,38,39
453,8,9,17,18,19,27,28,29,37,38,39
454,8,9,17,18,19,27,28,29,37,38,39
455,8,17,18,19,26,27,28,29,37,38,39
456,8,17,18,19,26,27,28,29,37,38,39
457,8,16,17,18,19,26,27,28,29,37,38,39
458,8,16,17,18,19,26,27,28,29,37,38,39
459,8,16,17,18,19,26,27,28,29,37,38,39
460,8,16,17,18,19,26,27,28,29,37,38,39
461,8,16,17,18,19,26,27,28,29,37,38,39
462,8,16,17,18,19,26,27,28,29,37,38,39
463,7,8,9,16,17,18,19,26,27,28,29,37,38,39
464,7,8,9,16,17,18,19,26,27,28,29,37,38,39
465,7,8,9,16,17,18,19,26,27,28,29,37,38,39
466,7,8,9,16,17,18,19,26,27,28,29,37,38,39
467,7,8,16,17,18,19,26,27,28,29,37,38,39
468,7,8,16,17,18,19,26,27,28,29,37,38,39
469,7,8,16,17,18,19,26,27,28,29,37,38,39
470,7,8,16,17,18,19,26,27,28,29,37,38,39
471,7,8,16,17,18,19,26,27,28,29,36,37,38,39
472,7,8,16,17,18,19,26,27,28,29,36,37,38,39
473,7,8,16,17,18,19,26,27,28,29,36,37,38,39
474,7,8,16,17,18,19,26,27,28,29,36,37,38,39
475,7,8,16,17,18,19,26,27,28,29,36,37,38,39
476,7,8,16,17,18,19,26,27,28,29,36,37,38,39
477,7,8,16,17,18,19,26,27,28,29,36,37,38,39
478,7,8,16,17,18,19,26,27,28,29,36,37,38,39
479,7,8,16,17,18,19,26,27,28,29,36,37,38,39
480,7,8,16,17,18,19,26,27,28,29,36,37,38,39
481,7,8,16,17,18,19,26,27,28,29,36,37,38,39
482,7,8,16,17,18,19,26,27,28,29,36,37,38,39
483,7,8,16,17,18,19,26,27,28,29,36,37,38,39
484,7,8,16,17,18,19,26,27,28,29,36,37,38,39
485,7,8,16,17,18,19,26,27,28,29,36,37,38,39
486,7,8,16,17,18,19,26,27,28,29,36,37,38,39
487,7,8,16,17,18,19,26,27,28,29,36,37,38,39
488,7,8,16,17,18,19,26,27,28,29,36,37,38,39
489,7,8,16,17,18,19,26,27,28,29,36,37,38
490,7,8,16,17,18,19,26,27,28,29,36,37,38
491,7,8,16,17,18,19,26,27,28,29,36,37,38
492,7,8,16,17,18,19,26,27,28,29,36,37,38
493,7,8,16,17,18,26,27,28,36,37,38
494,7,8,16,17,18,26,27,28,36,37,38
495,7,8,16,17,18,26,27,28,36,37,38
496,7,8,16,17,18,26,27,28,36,37,38
497,7,8,16,17,18,26,27,28,36,37,38
498,7,8,16,17,18,26,27,28,36,37,38
499,7,16,17,18,26,27,28,36,37,38
500,7,16,17,18,26,27,28,36,37,38
501,7,8,16,17,18,26,27,28,36,37,38
502,7,8,16,17,18,26,27,28,36,37,38
503,7,8,16,17,18,26,27,28,36,37,38
504,7,8,16,17,18,26,27,28,36,37,38
505,7,8,16,17,18,26,27,28,36,37,38
506,7,8,16,17,18,26,27,28,36,37,38
507,7,8,16,17,18,26,27,28,36,37,38
508,7,8,16,17,18,26,27,28,36,37,38
509,7,8,16,17,18,26,27,28,36,37,38
510,7,8,16,17,18,26,27,28,36,37,38
511,7,8,16,17,18,26,27,28,36,37,38
512,7,8,16,17,18,26,27,28,36,37,38
513,7,8,16,17,18,26,27,28,36,37,38
514,7,8,16,17,18,26,27,28,36,37,38
515,7,8,16,17,18,26,27,28,36,37,38
516,7,8,16,17,18,26,27,28,36,37,38
517,7,8,16,17,18,26,27,28,36,37,38
518,7,8,16,17,18,26,27,28,36,37,38
519,7,16,17,18,26,27,28,36,37,38
520,7,16,17,18,26,27,28,36,37,38
521,7,16,17,18,26,27,28,36,37,38
522,7,16,17,18,26,27,28,36,37,38
523,7,16,17,18,26,27,28,36,37,38
524,7,16,17,18,26,27,28,36,37,38
525,7,16,17,18,26,27,28,36,37,38
526,7,16,17,18,26,27,28,36,37,38
527,7,16,17,18,26,27,28,36,37,38
528,7,16,17,18,26,27,28,36,37,38
529,7,16,17,18,26,27,28,36,37,38
530,7,16,17,18,26,27,28,36,37,38
531,7,16,17,18,26,27,28,36,37,38
532,7,16,17,18,26,27,28,36,37,38
533,7,16,17,18,26,27,28,36,37,38
534,7,16,17,18,26,27,28,36,37,38
535,7,16,17,18,26,27,28,36,37,38
536,7,16,17,18,26,27,28,36,37,38
537,7,16,17,18,26,27,28,36,37,38
538,7,16,17,18,26,27,28,36,37,38
539,7,16,17,18,26,27,28,36,37,38
540,7,16,17,18,26,27,28,36,37,38
541,7,16,17,18,26,27,28,36,37,38
542,7,16,17,18,26,27,28,36,37,38
543,7,16,17,18,26,27,28,36,37,38
544,7,16,17,18,26,27,28,36,37,38
545,7,16,17,18,25,26,27,28,36,37,38
546,7,16,17,18,25,26,27,28,36,37,38
547,7,16,17,18,25,26,27,28,36,37,38
548,7,16,17,18,25,26,27,28,36,37,38
549,7,16,17,18,25,26,27,28,36,37,38
550,7,16,17,18,25,26,27,28,36,37,38
551,7,16,17,18,25,26,27,28,36,37,38
552,7,16,17,18,25,26,27,28,36,37,38
553,7,16,17,18,25,26,27,28,36,37,38
554,7,16,17,18,25,26,27,28,36,37,38
555,7,16,17,18,26,27,28,36,37,38
556,7,16,17,18,26,27,28,36,37,38
557,7,16,17,18,26,27,28,36,37,38
558,7,16,17,18,26,27,28,36,37,38
559,7,8,16,17,18,26,27,28,36,37,38
560,7,8,16,17,18,26,27,28,36,37,38
561,7,8,16,17,18,19,26,27,28,29,36,37,38
562,7,8,16,17,18,19,26,27,28,29,36,37,38
563,7,8,16,17,18,19,26,27,28,29,36,37,38
564,7,8,16,17,18,19,26,27,28,29,36,37,38
565,7,8,16,17,18,19,26,27,28,29,36,37,38,39
566,7,8,16,17,18,19,26,27,28,29,36,37,38,39
567,7,8,16,17,18,19,26,27,28,29,36,37,38,39
568,7,8,16,17,18,19,26,27,28,29,36,37,38,39
569,7,8,16,17,18,19,26,27,28,29,36,37,38,39
570,7,8,16,17,18,19,26,27,28,29,36,37,38,39
571,7,8,16,17,18,19,26,27,28,29,36,37,38,39
572,7,8,16,17,18,19,26,27,28,29,36,37,38,39
573,7,8,16,17,18,19,26,27,28,29,36,37,38,39
574,7,8,16,17,18,19,26,27,28,29,36,37,38,39
575,7,8,16,17,18,19,26,27,28,29,36,37,38,39
576,7,8,16,17,18,19,26,27,28,29,36,37,38,39
577,7,8,16,17,18,19,26,27,28,29,36,37,38,39
578,7,8,16,17,18,19,26,27,28,29,36,37,38,39
579,7,8,16,17,18,19,26,27,28,29,36,37,38,39
580,7,8,16,17,18,19,26,27,28,29,36,37,38,39
581,7,8,16,17,18,19,26,27,28,29,36,37,38,39
582,7,8,16,17,18,19,26,27,28,29,36,37,38,39
583,7,8,16,17,18,19,26,27,28,29,36,37,38,39
584,7,8,16,17,18,19,26,27,28,29,36,37,38,39
585,7,8,16,17,18,19,26,27,28,29,36,37,38,39
586,7,8,16,17,18,19,26,27,28,29,36,37,38,39
587,7,8,16,17,18,19,26,27,28,29,36,37,38,39
588,7,8,16,17,18,19,26,27,28,29,36,37,38,39
589,7,8,16,17,18,19,26,27,28,29,36,37,38,39
590,7,8,16,17,18,19,26,27,28,29,36,37,38,39
591,7,8,16,17,18,19,26,27,28,29,36,37,38,39
592,7,8,16,17,18,19,26,27,28,29,36,37,38,39
593,7,8,16,17,18,19,26,27,28,29,36,37,38,39
594,7,8,16,17,18,19,26,27,28,29,36,37,38,39
595,7,8,16,17,18,19,26,27,28,29,36,37,38,39
596,7,8,16,17,18,19,26,27,28,29,36,37,38,39
597,7,8,16,17,18,19,26,27,28,29,36,37,38,39
598,7,8,16,17,18,19,26,27,28,29,36,37,38,39
599,7,8,16,17,18,19,26,27,28,29,36,37,38,39
600,7,8,16,17,18,19,26,27,28,29,36,37,38,39
601,7,8,16,17,18,19,26,27,28,29,36,37,38,39
602,7,8,16,17,18,19,26,27,28,29,36,37,38,39
603,7,8,16,17,18,19,26,27,28,29,36,37,38,39
604,7,8,16,17,18,19,26,27,28,29,36,37,38,39
605,7,8,16,17,18,19,26,27,28,29,36,37,38,39
606,7,8,16,17,18,19,26,27,28,29,36,37,38,39
607,7,8,16,17,18,19,26,27,28,29,36,37,38,39
608,7,8,16,17,18,19,26,27,28,29,36,37,38,39
609,7,8,16,17,18,19,26,27,28,29,36,37,38,39
610,7,8,16,17,18,19,26,27,28,29,36,37,38,39
611,7,8,16,17,18,19,26,27,28,29,36,37,38,39
612,7,8,16,17,18,19,26,27,28,29,36,37,38,39
613,7,8,16,17,18,19,26,27,28,29,36,37,38,39
614,7,8,16,17,18,19,26,27,28,29,36,37,38,39
615,7,8,16,17,18,19,26,27,28,29,36,37,38
616,7,8,16,17,18,19,26,27,28,29,36,37,38
617,7,8,16,17,18,19,26,27,28,29,36,37,38
618,7,8,16,17,18,19,26,27,28,29,36,37,38
619,7,8,16,17,18,19,26,27,28,29,36,37,38
620,7,8,16,17,18,19,26,27,28,29,36,37,38
621,7,8,16,17,18,19,26,27,28,29,36,37,38
622,7,8,16,17,18,19,26,27,28,29,36,37,38
623,7,8,16,17,18,19,26,27,28,29,36,37,38
624,7,8,16,17,18,19,26,27,28,29,36,37,38
625,7,8,16,17,18,19,26,27,28,29,36,37,38
626,7,8,16,17,18,19,26,27,28,29,36,37,38
627,7,8,16,17,18,19,26,27,28,29,36,37,38,39
628,7,8,16,17,18,19,26,27,28,29,36,37,38,39
629,7,8,16,17,18,19,26,27,28,29,36,37,38,39
630,7,8,16,17,18,19,26,27,28,29,36,37,38,39
631,7,8,16,17,18,19,26,27,28,29,36,37,38,39
632,7,8,16,17,18,19,26,27,28,29,36,37,38,39
633,7,8,16,17,18,19,26,27,28,29,36,37,38,39
634,7,8,16,17,18,19,26,27,28,29,36,37,38,39
635,7,8,16,17,18,19,26,27,28,29,36,37,38,39
636,7,8,16,17,18,19,26,27,28,29,36,37,38,39
637,7,8,16,17,18,19,26,27,28,29,36,37,38,39
638,7,8,16,17,18,19,26,27,28,29,36,37,38,39
639,7,8,16,17,18,19,26,27,28,29,36,37,38,39
640,7,8,16,17,18,19,26,27,28,29,36,37,38,39
641,7,8,16,17,18,19,26,27,28,29,36,37,38,39
642,7,8,16,17,18,19,26,27,28,29,36,37,38,39
643,7,8,16,17,18,19,26,27,28,29,36,37,38,39
644,7,8,16,17,18,19,26,27,28,29,36,37,38,39
645,7,8,16,17,18,19,26,27,28,29,36,37,38,39
646,7,8,16,17,18,19,26,27,28,29,36,37,38,39
647,7,8,16,17,18,19,26,27,28,29,36,37,38,39
648,7,8,16,17,18,19,26,27,28,29,36,37,38,39
649,7,8,16,17,18,19,26,27,28,29,36,37,38,39
650,7,8,16,17,18,19,26,27,28,29,36,37,38,39
651,7,8,16,17,18,19,26,27,28,29,36,37,38,39
652,7,8,16,17,18,19,26,27,28,29,36,37,38,39
653,7,8,16,17,18,19,26,27,28,29,37,38,39
654,7,8,16,17,18,19,26,27,28,29,37,38,39
655,7,8,16,17,18,19,26,27,28,29,37,38,39
656,7,8,16,17,18,19,26,27,28,29,37,38,39
657,7,8,9,16,17,18,19,26,27,28,29,37,38,39
658,7,8,9,16,17,18,19,26,27,28,29,37,38,39
659,7,8,9,16,17,18,19,26,27,28,29,37,38,39
660,7,8,9,16,17,18,19,26,27,28,29,37,38,39
661,7,8,9,16,17,18,19,26,27,28,29,37,38,39
662,7,8,9,16,17,18,19,26,27,28,29,37,38,39
663,7,8,9,16,17,18,19,26,27,28,29,37,38,39
664,7,8,9,16,17,18,19,26,27,28,29,37,38,39
665,7,8,9,16,17,18,19,26,27,28,29,37,38,39
666,7,8,9,16,17,18,19,26,27,28,29,37,38,39
667,7,8,9,16,17,18,19,26,27,28,29,37,38,39
668,7,8,9,16,17,18,19,26,27,28,29,37,38,39
669,7,8,9,16,17,18,19,26,27,28,29,37,38,39
670,7,8,9,16,17,18,19,26,27,28,29,37,38,39
671,7,8,9,16,17,18,19,26,27,28,29,37,38,39
672,7,8,9,16,17,18,19,26,27,28,29,37,38,39
673,7,8,9,16,17,18,19,26,27,28,29,37,38,39
674,7,8,9,16,17,18,19,26,27,28,29,37,38,39
675,7,8,9,16,17,18,19,26,27,28,29,37,38,39
676,7,8,9,16,17,18,19,26,27,28,29,37,38,39
677,7,8,9,16,17,18,19,26,27,28,29,37,38,39
678,7,8,9,16,17,18,19,26,27,28,29,37,38,39
679,7,8,9,16,17,18,19,26,27,28,29,37,38,39
680,7,8,9,16,17,18,19,26,27,28,29,37,38,39
681,7,8,9,16,17,18,19,26,27,28,29,37,38,39
682,7,8,9,16,17,18,19,26,27,28,29,37,38,39
683,7,8,9,16,17,18,19,26,27,28,29,37,38,39
684,7,8,9,16,17,18,19,26,27,28,29,37,38,39
685,7,8,9,16,17,18,19,26,27,28,29,37,38,39
686,7,8,9,16,17,18,19,26,27,28,29,37,38,39
687,7,8,9,16,17,18,19,26,27,28,29,37,38,39
688,7,8,9,16,17,18,19,26,27,28,29,37,38,39
689,7,8,9,16,17,18,19,26,27,28,29,37,38,39
690,7,8,9,16,17,18,19,26,27,28,29,37,38,39
691,8,9,16,17,18,19,26,27,28,29,37,38,39
692,8,9,16,17,18,19,26,27,28,29,37,38,39
693,8,9,16,17,18,19,26,27,28,29,37,38,39
694,8,9,16,17,18,19,26,27,28,29,37,38,39
695,8,9,17,18,19,27,28,29,37,38,39
696,8,9,17,18,19,27,28,29,37,38,39
697,8,9,17,18,19,27,28,29,37,38,39
698,8,9,17,18,19,27,28,29,37,38,39
699,8,9,17,18,19,27,28,29,37,38,39
700,8,9,17,18,19,27,28,29,37,38,39
701,8,9,17,18,19,27,28,29,37,38,39
702,8,9,17,18,19,27,28,29,37,38,39
703,8,9,17,18,19,27,28,29,37,38,39
704,8,9,17,18,19,27,28,29,37,38,39
705,8,9,17,18,19,27,28,29,37,38,39
706,8,9,17,18,19,27,28,29,37,38,39
707,8,9,17,18,19,27,28,29,37,38,39
708,8,9,17,18,19,27,28,29,37,38,39
709,8,9,16,17,18,19,26,27,28,29,37,38,39
710,8,9,16,17,18,19,26,27,28,29,37,38,39
711,7,8,9,16,17,18,19,26,27,28,29,37,38,39
712,7,8,9,16,17,18,19,26,27,28,29,37,38,39
713,7,8,9,16,17,18,19,26,27,28,29,37,38,39
714,7,8,9,16,17,18,19,26,27,28,29,37,38,39
715,7,8,9,16,17,18,19,26,27,28,29,37,38,39
716,7,8,9,16,17,18,19,26,27,28,29,37,38,39
717,7,8,9,16,17,18,19,26,27,28,29,37,38,39
718,7,8,9,16,17,18,19,26,27,28,29,37,38,39
719,7,8,9,16,17,18,19,26,27,28,29,37,38,39
720,7,8,9,16,17,18,19,26,27,28,29,37,38,39
721,7,8,16,17,18,19,26,27,28,29,36,37,38
722,7,8,16,17,18,19,26,27,28,29,36,37,38
723,7,8,16,17,18,19,26,27,28,29,36,37,38
724,7,8,16,17,18,19,26,27,28,29,36,37,38
725,7,8,16,17,18,19,26,27,28,29,36,37,38
726,7,8,16,17,18,19,26,27,28,29,36,37,38
727,7,8,16,17,18,19,26,27,28,29,36,37,38
728,7,8,16,17,18,19,26,27,28,29,36,37,38
729,7,8,16,17,18,19,26,27,28,29,36,37,38
730,7,8,16,17,18,19,26,27,28,29,36,37,38
731,7,8,16,17,18,19,26,27,28,29,36,37,38
732,7,8,16,17,18,19,26,27,28,29,36,37,38
733,7,8,16,17,18,19,26,27,28,29,36,37,38
734,7,8,16,17,18,19,26,27,28,29,36,37,38
735,7,8,16,17,18,19,26,27,28,29,36,37,38
736,7,8,16,17,18,19,26,27,28,29,36,37,38
737,7,8,16,17,18,19,26,27,28,29,36,37,38
738,7,8,16,17,18,19,26,27,28,29,36,37,38
739,7,8,16,17,18,19,26,27,28,29,36,37,38
740,7,8,16,17,18,19,26,27,28,29,36,37,38
741,6,7,8,16,17,18,19,26,27,28,29,36,37,38
742,6,7,8,16,17,18,19,26,27,28,29,36,37,38
743,6,7,8,15,16,17,18,25,26,27,28,36,37,38
744,6,7,8,15,16,17,18,25,26,27,28,36,37,38
745,5,6,7,8,15,16,17,18,25,26,27,28,36,37,38
746,5,6,7,8,15,16,17,18,25,26,27,28,36,37,38
747,5,6,7,8,15,16,17,18,25,26,27,28,36,37
748,5,6,7,8,15,16,17,18,25,26,27,28,36,37
749,5,6,7,8,15,16,17,18,25,26,27,28,36,37
750,5,6,7,8,15,16,17,18,25,26,27,28,36,37
751,5,6,7,8,15,16,17,18,25,26,27,28,36,37
752,5,6,7,8,15,16,17,18,25,26,27,28,36,37
753,5,6,7,8,15,16,17,18,25,26,27,28,36,37
754,5,6,7,8,15,16,17,18,25,26,27,28,36,37
755,5,6,7,8,15,16,17,18,25,26,27,28,36,37
756,5,6,7,8,15,16,17,18,25,26,27,28,36,37
757,5,6,7,8,15,16,17,18,25,26,27,28,36,37
758,5,6,7,8,15,16,17,18,25,26,27,28,36,37
759,5,6,7,8,15,16,17,18,25,26,27,28,36,37
760,5,6,7,8,15,16,17,18,25,26,27,28,36,37
761,5,6,7,8,15,16,17,18,25,26,27,28,36,37
762,5,6,7,8,15,16,17,18,25,26,27,28,36,37
763,5,6,7,8,15,16,17,18,25,26,27,28,35,36,37
764,5,6,7,8,15,16,17,18,25,26,27,28,35,36,37
765,5,6,7,15,16,17,18,25,26,27,28,35,36,37
766,5,6,7,15,16,17,18,25,26,27,28,35,36,37
767,5,6,7,15,16,17,18,25,26,27,28,35,36,37
768,5,6,7,15,16,17,18,25,26,27,28,35,36,37
769,5,6,7,15,16,17,18,25,26,27,28,35,36,37
770,5,6,7,15,16,17,18,25,26,27,28,35,36,37
771,5,6,7,15,16,17,18,25,26,27,28,35,36,37
772,5,6,7,15,16,17,18,25,26,27,28,35,36,37
773,6,7,15,16,17,18,25,26,27,28,35,36,37
774,6,7,15,16,17,18,25,26,27,28,35,36,37
775,6,7,15,16,17,18,25,26,27,28,35,36,37
776,6,7,15,16,17,18,25,26,27,28,35,36,37
777,6,7,15,16,17,18,25,26,27,28,35,36,37
778,6,7,15,16,17,18,25,26,27,28,35,36,37
779,6,7,15,16,17,25,26,27,35,36,37
780,6,7,15,16,17,25,26,27,35,36,37
781,6,7,15,16,17,25,26,27,35,36,37
782,6,7,15,16,17,25,26,27,35,36,37
783,6,7,15,16,17,25,26,27,35,36,37
784,6,7,15,16,17,25,26,27,35,36,37
785,6,7,15,16,17,25,26,27,35,36,37
786,6,7,15,16,17,25,26,27,35,36,37
787,6,7,15,16,17,25,26,27,35,36,37
788,6,7,15,16,17,25,26,27,35,36,37
789,6,7,15,16,17,25,26,27,35,36,37
790,6,7,15,16,17,25,26,27,35,36,37
791,6,7,15,16,17,25,26,27,35,36,37
792,6,7,15,16,17,25,26,27,35,36,37
793,6,7,15,16,17,25,26,27,35,36,37
794,6,7,15,16,17,25,26,27,35,36,37
795,6,7,15,16,17,25,26,27,35,36,37
796,6,7,15,16,17,25,26,27,35,36,37
797,6,7,15,16,17,25,26,27,35,36,37
798,6,7,15,16,17,25,26,27,35,36,37
799,6,7,15,16,17,25,26,27,35,36,37
800,6,7,15,16,17,25,26,27,35,36,37
801,6,7,15,16,17,25,26,27,35,36,37
802,6,7,15,16,17,25,26,27,35,36,37
803,6,7,15,16,17,25,26,27,35,36,37
804,6,7,15,16,17,25,26,27,35,36,37
805,6,7,15,16,17,25,26,27,35,36,37
806,6,7,15,16,17,25,26,27,35,36,37
807,6,7,15,16,17,25,26,27,35,36,37
808,6,7,15,16,17,25,26,27,35,36,37
809,6,7,15,16,17,25,26,27,35,36,37
810,6,7,15,16,17,25,26,27,35,36,37
811,6,7,15,16,17,25,26,27,35,36,37
812,6,7,15,16,17,25,26,27,35,36,37
813,6,7,15,16,17,25,26,27,35,36,37
814,6,7,15,16,17,25,26,27,35,36,37
815,6,7,15,16,17,25,26,27,35,36,37
816,6,7,15,16,17,25,26,27,35,36,37
817,6,7,15,16,17,25,26,27,35,36,37
818,6,7,15,16,17,25,26,27,35,36,37
819,6,7,15,16,17,25,26,27,35,36,37
820,6,7,15,16,17,25,26,27,35,36,37
821,6,7,15,16,17,25,26,27,35,36,37
822,6,7,15,16,17,25,26,27,35,36,37
823,6,7,15,16,17,25,26,27,35,36,37
824,6,7,15,16,17,25,26,27,35,36,37
825,6,7,15,16,17,25,26,27,35,36,37
826,6,7,15,16,17,25,26,27,35,36,37
827,6,7,15,16,17,25,26,27,35,36,37
828,6,7,15,16,17,25,26,27,35,36,37
829,6,7,15,16,17,25,26,27,35,36,37
830,6,7,15,16,17,25,26,27,35,36,37
831,6,7,15,16,17,25,26,27,35,36,37
832,6,7,15,16,17,25,26,27,35,36,37
833,6,7,15,16,17,25,26,27,35,36,37
834,6,7,15,16,17,25,26,27,35,36,37
835,6,7,15,16,17,25,26,27,35,36,37
836,6,7,15,16,17,25,26,27,35,36,37
837,6,7,15,16,17,25,26,27,35,36,37
838,6,7,15,16,17,25,26,27,35,36,37
839,6,7,15,16,17,25,26,27,35,36,37
840,6,7,15,16,17,25,26,27,35,36,37
841,6,7,15,16,17,25,26,27,35,36,37
842,6,7,15,16,17,25,26,27,35,36,37
843,6,7,15,16,17,25,26,27,35,36,37
844,6,7,15,16,17,25,26,27,35,36,37
845,6,7,15,16,17,25,26,27,35,36,37
846,6,7,15,16,17,25,26,27,35,36,37
847,6,7,15,16,17,25,26,27,35,36,37
848,6,7,15,16,17,25,26,27,35,36,37
849,6,7,15,16,17,25,26,27,35,36,37
850,6,7,15,16,17,25,26,27,35,36,37
851,6,7,15,16,17,25,26,27,35,36,37
852,6,7,15,16,17,25,26,27,35,36,37
853,6,7,15,16,17,25,26,27,35,36,37
854,6,7,15,16,17,25,26,27,35,36,37
855,6,7,15,16,17,25,26,27,35,36,37
856,6,7,15,16,17,25,26,27,35,36,37
857,6,7,15,16,17,25,26,27,35,36,37
858,6,7,15,16,17,25,26,27,35,36,37
859,6,7,15,16,17,25,26,27,35,36,37
860,6,7,15,16,17,25,26,27,35,36,37
861,6,7,15,16,17,24,25,26,27,35,36,37
862,6,7,15,16,17,24,25,26,27,35,36,37
863,6,7,14,15,16,17,24,25,26,27,35,36,37
864,6,7,14,15,16,17,24,25,26,27,35,36,37
865,6,7,14,15,16,17,24,25,26,27,35,36,37
866,6,7,14,15,16,17,24,25,26,27,35,36,37
867,6,7,14,15,16,17,24,25,26,27,35,36,37
868,6,7,14,15,16,17,24,25,26,27,35,36,37
869,6,14,15,16,17,24,25,26,27,35,36,37
870,6,14,15,16,17,24,25,26,27,35,36,37
871,6,14,15,16,17,24,25,26,27,35,36,37
872,6,14,15,16,17,24,25,26,27,35,36,37
873,6,14,15,16,17,24,25,26,27,35,36,37
874,6,14,15,16,17,24,25,26,27,35,36,37
875,6,14,15,16,17,24,25,26,27,35,36,37
876,6,14,15,16,17,24,25,26,27,35,36,37
877,6,14,15,16,17,24,25,26,27,35,36,37
878,6,14,15,16,17,24,25,26,27,35,36,37
879,6,14,15,16,17,24,25,26,27,35,36,37
880,6,14,15,16,17,24,25,26,27,35,36,37
881,6,14,15,16,17,24,25,26,27,35,36,37
882,6,14,15,16,17,24,25,26,27,35,36,37
883,6,14,15,16,17,24,25,26,27,35,36,37
884,6,14,15,16,17,24,25,26,27,35,36,37
885,6,14,15,16,17,24,25,26,27,35,36,37
886,6,14,15,16,17,24,25,26,27,35,36,37
887,6,14,15,16,17,24,25,26,27,35,36,37
888,6,14,15,16,17,24,25,26,27,35,36,37
889,6,14,15,16,17,24,25,26,27,35,36,37
890,6,14,15,16,17,24,25,26,27,35,36,37
891,6,14,15,16,17,24,25,26,27,35,36,37
892,6,14,15,16,17,24,25,26,27,35,36,37
893,6,14,15,16,17,24,25,26,27,34,35,36,37
894,6,14,15,16,17,24,25,26,27,34,35,36,37
895,6,14,15,16,17,24,25,26,27,34,35,36,37
896,6,14,15,16,17,24,25,26,27,34,35,36,37
897,6,14,15,16,17,24,25,26,27,34,35,36,37
898,6,14,15,16,17,24,25,26,27,34,35,36,37
899,6,14,15,16,17,24,25,26,27,34,35,36,37
900,6,14,15,16,17,24,25,26,27,34,35,36,37
901,6,14,15,16,17,24,25,26,27,34,35,36,37
902,6,14,15,16,17,24,25,26,27,34,35,36,37
903,6,14,15,16,17,24,25,26,27,34,35,36,37
904,6,14,15,16,17,24,25,26,27,34,35,36,37
905,6,14,15,16,17,24,25,26,27,34,35,36,37
906,6,14,15,16,17,24,25,26,27,34,35,36,37
907,6,14,15,16,17,24,25,26,27,34,35,36,37
908,6,14,15,16,17,24,25,26,27,34,35,36,37
909,5,6,14,15,16,17,24,25,26,27,34,35,36,37
910,5,6,14,15,16,17,24,25,26,27,34,35,36,37
911,5,6,14,15,16,17,24,25,26,27,34,35,36,37
912,5,6,14,15,16,17,24,25,26,27,34,35,36,37
913,5,6,14,15,16,17,24,25,26,27,34,35,36,37
914,5,6,14,15,16,17,24,25,26,27,34,35,36,37
915,5,6,14,15,16,17,24,25,26,27,34,35,36,37
916,5,6,14,15,16,17,24,25,26,27,34,35,36,37
917,5,6,14,15,16,17,24,25,26,27,34,35,36,37
918,5,6,14,15,16,17,24,25,26,27,34,35,36,37
919,6,14,15,16,17,24,25,26,27,34,35,36,37
920,6,14,15,16,17,24,25,26,27,34,35,36,37
921,6,14,15,16,17,24,25,26,27,35,36,37
922,6,14,15,16,17,24,25,26,27,35,36,37
923,6,7,15,16,17,25,26,27,35,36,37
924,6,7,15,16,17,25,26,27,35,36,37
925,6,7,15,16,17,18,25,26,27,28,35,36,37,38
926,6,7,15,16,17,18,25,26,27,28,35,36,37,38
927,7,15,16,17,18,25,26,27,28,35,36,37,38
928,7,15,16,17,18,25,26,27,28,35,36,37,38
929,7,16,17,18,25,26,27,28,36,37,38
930,7,16,17,18,25,26,27,28,36,37,38
931,7,8,16,17,18,26,27,28,29,36,37,38
932,7,8,16,17,18,26,27,28,29,36,37,38
933,7,8,16,17,18,19,26,27,28,29,36,37,38,39
934,7,8,16,17,18,19,26,27,28,29,36,37,38,39
935,7,8,16,17,18,19,26,27,28,29,36,37,38,39
936,7,8,16,17,18,19,26,27,28,29,36,37,38,39
937,8,16,17,18,19,26,27,28,29,37,38,39
938,8,16,17,18,19,26,27,28,29,37,38,39
939,8,16,17,18,19,26,27,28,29,37,38,39
940,8,16,17,18,19,26,27,28,29,37,38,39
941,8,9,17,18,19,26,27,28,29,37,38,39
942,8,9,17,18,19,26,27,28,29,37,38,39
943,8,9,17,18,19,27,28,29,37,38,39
944,8,9,17,18,19,27,28,29,37,38,39
945,8,9,17,18,19,27,28,29,37,38,39
946,8,9,17,18,19,27,28,29,37,38,39
947,8,9,17,18,19,27,28,29,37,38,39
948,8,9,17,18,19,27,28,29,37,38,39
949,8,9,17,18,19,27,28,29,37,38,39
950,8,9,17,18,19,27,28,29,37,38,39
951,8,9,17,18,19,27,28,29,37,38,39
952,8,9,17,18,19,27,28,29,37,38,39
953,8,9,17,18,19,27,28,29,37,38,39
954,8,9,17,18,19,27,28,29,37,38,39
955,8,9,17,18,19,27,28,29,37,38,39
956,8,9,17,18,19,27,28,29,37,38,39
957,8,9,17,18,19,27,28,29,37,38,39
958,8,9,17,18,19,27,28,29,37,38,39
959,8,9,17,18,19,27,28,29,37,38,39
960,8,9,17,18,19,27,28,29,37,38,39
961,8,9,17,18,19,27,28,29,37,38,39
962,8,9,17,18,19,27,28,29,37,38,39
963,8,9,17,18,19,27,28,29,37,38,39
964,8,9,17,18,19,27,28,29,37,38,39
965,8,9,17,18,19,27,28,29,37,38,39
966,8,9,17,18,19,27,28,29,37,38,39
967,8,9,17,18,19,27,28,29,37,38,39
968,8,9,17,18,19,27,28,29,37,38,39
969,8,9,17,18,19,27,28,29,37,38,39
970,8,9,17,18,19,27,28,29,37,38,39
971,8,9,17,18,19,27,28,29,37,38,39
972,8,9,17,18,19,27,28,29,37,38,39
973,8,9,17,18,19,27,28,29,37,38,39
974,8,9,17,18,19,27,28,29,37,38,39
975,8,9,17,18,19,27,28,29,37,38,39
976,8,9,17,18,19,27,28,29,37,38,39
977,8,9,17,18,19,27,28,29,37,38,39
978,8,9,17,18,19,27,28,29,37,38,39
979,8,9,17,18,19,27,28,29,37,38,39
980,8,9,17,18,19,27,28,29,37,38,39
981,8,9,17,18,19,27,28,29,37,38,39
982,8,9,17,18,19,27,28,29,37,38,39
983,8,9,17,18,19,27,28,29,37,38,39
984,8,9,17,18,19,27,28,29,37,38,39
985,8,9,17,18,19,27,28,29,37,38,39
986,8,9,17,18,19,27,28,29,37,38,39
987,8,9,17,18,19,27,28,29,37,38,39
988,8,9,17,18,19,27,28,29,37,38,39
989,8,9,17,18,19,27,28,29,37,38,39
990,8,9,17,18,19,27,28,29,37,38,39
991,8,9,17,18,19,27,28,29,37,38,39
992,8,9,17,18,19,27,28,29,37,38,39
993,8,9,17,18,19,27,28,29,37,38,39
994,8,9,17,18,19,27,28,29,37,38,39
995,8,9,17,18,19,27,28,29,37,38,39
996,8,9,17,18,19,27,28,29,37,38,39
997,8,9,17,18,19,27,28,29,37,38,39
998,8,9,17,18,19,27,28,29,37,38,39
999,8,9,17,18,19,27,28,29,37,38,39
1000,8,9,17,18,19,27,28,29,37,38,39
1001,8,9,17,18,19,27,28,29,30,37,38,39
1002,8,9,17,18,19,27,28,29,30,37,38,39
1003,8,9,17,18,19,20,27,28,29,30,37,38,39
1004,8,9,17,18,19,20,27,28,29,30,37,38,39
1005,8,9,17,18,19,20,27,28,29,30,37,38,39
1006,8,9,17,18,19,20,27,28,29,30,37,38,39
1007,8,9,17,18,19,20,27,28,29,30,37,38,39
1008,8,9,17,18,19,20,27,28,29,30,37,38,39
1009,8,9,17,18,19,20,27,28,29,30,37,38,39
1010,8,9,17,18,19,20,27,28,29,30,37,38,39
1011,8,9,17,18,19,20,27,28,29,30,37,38,39
1012,8,9,17,18,19,20,27,28,29,30,37,38,39
1013,8,9,17,18,19,20,27,28,29,30,37,38,39
1014,8,9,17,18,19,20,27,28,29,30,37,38,39
1015,8,9,17,18,19,20,27,28,29,30,37,38,39
1016,8,9,17,18,19,20,27,28,29,30,37,38,39
1017,8,9,17,18,19,20,27,28,29,30,37,38,39
1018,8,9,17,18,19,20,27,28,29,30,37,38,39
1019,8,9,17,18,19,20,27,28,29,30,37,38,39
1020,8,9,17,18,19,20,27,28,29,30,37,38,39
1021,8,9,17,18,19,20,27,28,29,30,37,38,39,40
1022,8,9,17,18,19,20,27,28,29,30,37,38,39,40
1023,8,9,17,18,19,20,27,28,29,30,37,38,39,40
1024,8,9,17,18,19,20,27,28,29,30,37,38,39,40
1025,8,9,17,18,19,20,27,28,29,30,37,38,39,40
1026,8,9,17,18,19,20,27,28,29,30,37,38,39,40
1027,8,9,17,18,19,20,27,28,29,30,37,38,39,40
1028,8,9,17,18,19,20,27,28,29,30,37,38,39,40
1029,8,9,17,18,19,20,27,28,29,30,37,38,39,40
1030,8,9,17,18,19,20,27,28,29,30,37,38,39,40
1031,8,9,17,18,19,20,27,28,29,30,37,38,39,40
1032,8,9,17,18,19,20,27,28,29,30,37,38,39,40
1033,8,9,17,18,19,20,27,28,29,30,37,38,39,40
1034,8,9,17,18,19,20,27,28,29,30,37,38,39,40
1035,8,9,17,18,19,20,27,28,29,30,37,38,39,40
1036,8,9,17,18,19,20,27,28,29,30,37,38,39,40
1037,8,9,17,18,19,20,27,28,29,30,37,38,39,40
1038,8,9,17,18,19,20,27,28,29,30,37,38,39,40
1039,8,9,17,18,19,20,27,28,29,30,37,38,39,40
1040,8,9,17,18,19,20,27,28,29,30,37,38,39,40
1041,8,9,17,18,19,20,27,28,29,30,37,38,39
1042,8,9,17,18,19,20,27,28,29,30,37,38,39
1043,8,9,17,18,19,20,27,28,29,30,37,38,39
1044,8,9,17,18,19,20,27,28,29,30,37,38,39
1045,8,9,17,18,19,20,27,28,29,30,37,38,39
1046,8,9,17,18,19,20,27,28,29,30,37,38,39
1047,8,9,17,18,19,20,27,28,29,30,37,38,39
1048,8,9,17,18,19,20,27,28,29,30,37,38,39
1049,8,9,17,18,19,20,27,28,29,30,37,38,39
1050,8,9,17,18,19,20,27,28,29,30,37,38,39
1051,8,9,17,18,19,20,27,28,29,30,37,38,39
1052,8,9,17,18,19,20,27,28,29,30,37,38,39
1053,8,9,17,18,19,20,27,28,29,30,37,38,39
1054,8,9,17,18,19,20,27,28,29,30,37,38,39
1055,8,9,17,18,19,20,27,28,29,30,37,38,39
1056,8,9,17,18,19,20,27,28,29,30,37,38,39
1057,8,9,17,18,19,20,27,28,29,30,37,38,39
1058,8,9,17,18,19,20,27,28,29,30,37,38,39
1059,8,9,17,18,19,20,27,28,29,30,37,38,39
1060,8,9,17,18,19,20,27,28,29,30,37,38,39
1061,8,9,17,18,19,20,27,28,29,30,37,38,39
1062,8,9,17,18,19,20,27,28,29,30,37,38,39
1063,8,9,17,18,19,20,27,28,29,30,37,38,39
1064,8,9,17,18,19,20,27,28,29,30,37,38,39
1065,8,9,17,18,19,20,27,28,29,30,37,38,39
1066,8,9,17,18,19,20,27,28,29,30,37,38,39
1067,8,9,17,18,19,20,27,28,29,30,37,38,39
1068,8,9,17,18,19,20,27,28,29,30,37,38,39
1069,8,9,17,18,19,20,27,28,29,30,37,38,39
1070,8,9,17,18,19,20,27,28,29,30,37,38,39
1071,8,9,17,18,19,20,27,28,29,30,37,38,39
1072,8,9,17,18,19,20,27,28,29,30,37,38,39
1073,8,9,17,18,19,20,27,28,29,30,37,38,39
1074,8,9,17,18,19,20,27,28,29,30,37,38,39
1075,8,9,17,18,19,20,27,28,29,30,37,38,39
1076,8,9,17,18,19,20,27,28,29,30,37,38,39
1077,8,9,17,18,19,20,27,28,29,30,37,38,39
1078,8,9,17,18,19,20,27,28,29,30,37,38,39
1079,8,9,17,18,19,20,27,28,29,30,37,38,39
1080,8,9,17,18,19,20,27,28,29,30,37,38,39
1081,8,9,17,18,19,20,27,28,29,30,37,38,39
1082,8,9,17,18,19,20,27,28,29,30,37,38,39
1083,8,9,17,18,19,20,27,28,29,30,37,38,39
1084,8,9,17,18,19,20,27,28,29,30,37,38,39
1085,8,9,17,18,19,20,27,28,29,30,37,38,39
1086,8,9,17,18,19,20,27,28,29,30,37,38,39
1087,8,9,17,18,19,20,27,28,29,30,37,38,39
1088,8,9,17,18,19,20,27,28,29,30,37,38,39
1089,8,9,17,18,19,20,27,28,29,30,37,38,39
1090,8,9,17,18,19,20,27,28,29,30,37,38,39
1091,8,9,17,18,19,20,27,28,29,30,37,38,39
1092,8,9,17,18,19,20,27,28,29,30,37,38,39
1093,8,9,17,18,19,20,27,28,29,30,37,38,39
1094,8,9,17,18,19,20,27,28,29,30,37,38,39
1095,8,9,17,18,19,20,27,28,29,30,37,38,39
1096,8,9,17,18,19,20,27,28,29,30,37,38,39
1097,8,9,17,18,19,20,27,28,29,30,37,38,39
1098,8,9,17,18,19,20,27,28,29,30,37,38,39
1099,8,9,17,18,19,20,27,28,29,30,37,38,39,40
1100,8,9,17,18,19,20,27,28,29,30,37,38,39,40
1101,8,9,17,18,19,20,27,28,29,30,37,38,39,40
1102,8,9,17,18,19,20,27,28,29,30,37,38,39,40
1103,8,9,17,18,19,20,27,28,29,30,37,38,39,40
1104,8,9,17,18,19,20,27,28,29,30,37,38,39,40
1105,8,9,17,18,19,20,27,28,29,30,37,38,39,40
1106,8,9,17,18,19,20,27,28,29,30,37,38,39,40
1107,8,9,17,18,19,20,27,28,29,30,37,38,39,40
1108,8,9,17,18,19,20,27,28,29,30,37,38,39,40
1109,8,9,17,18,19,20,27,28,29,30,37,38,39,40
1110,8,9,17,18,19,20,27,28,29,30,37,38,39,40
1111,8,9,17,18,19,20,27,28,29,30,37,38,39,40
1112,8,9,17,18,19,20,27,28,29,30,37,38,39,40
1113,8,9,17,18,19,20,27,28,29,30,37,38,39,40
1114,8,9,17,18,19,20,27,28,29,30,37,38,39,40
1115,8,9,17,18,19,20,27,28,29,30,37,38,39,40
1116,8,9,17,18,19,20,27,28,29,30,37,38,39,40
1117,8,9,17,18,19,20,27,28,29,30,37,38,39,40
1118,8,9,17,18,19,20,27,28,29,30,37,38,39,40
1119,8,9,17,18,19,20,27,28,29,30,37,38,39,40
1120,8,9,17,18,19,20,27,28,29,30,37,38,39,40
1121,8,9,17,18,19,20,27,28,29,30,37,38,39,40
1122,8,9,17,18,19,20,27,28,29,30,37,38,39,40
1123,8,9,17,18,19,20,27,28,29,30,37,38,39,40
1124,8,9,17,18,19,20,27,28,29,30,37,38,39,40
1125,8,9,17,18,19,20,27,28,29,30,37,38,39,40
1126,8,9,17,18,19,20,27,28,29,30,37,38,39,40
1127,8,9,17,18,19,20,27,28,29,30,37,38,39,40
1128,8,9,17,18,19,20,27,28,29,30,37,38,39,40
1129,8,9,17,18,19,20,27,28,29,30,37,38,39,40
1130,8,9,17,18,19,20,27,28,29,30,37,38,39,40
1131,8,9,17,18,19,20,27,28,29,30,37,38,39,40
1132,8,9,17,18,19,20,27,28,29,30,37,38,39,40
1133,8,9,17,18,19,20,27,28,29,30,37,38,39,40
1134,8,9,17,18,19,20,27,28,29,30,37,38,39,40
1135,8,9,17,18,19,20,27,28,29,30,37,38,39,40
1136,8,9,17,18,19,20,27,28,29,30,37,38,39,40
1137,8,9,17,18,19,20,27,28,29,30,37,38,39,40
1138,8,9,17,18,19,20,27,28,29,30,37,38,39,40
1139,8,9,17,18,19,20,27,28,29,30,37,38,39,40
1140,8,9,17,18,19,20,27,28,29,30,37,38,39,40
1141,8,9,17,18,19,20,27,28,29,30,37,38,39,40
1142,8,9,17,18,19,20,27,28,29,30,37,38,39,40
1143,8,9,17,18,19,20,27,28,29,30,37,38,39,40
1144,8,9,17,18,19,20,27,28,29,30,37,38,39,40
1145,8,9,17,18,19,20,27,28,29,30,37,38,39,40
1146,8,9,17,18,19,20,27,28,29,30,37,38,39,40
1147,8,9,17,18,19,20,27,28,29,30,37,38,39,40
1148,8,9,17,18,19,20,27,28,29,30,37,38,39,40
1149,8,9,17,18,19,20,27,28,29,30,37,38,39,40
1150,8,9,17,18,19,20,27,28,29,30,37,38,39,40
1151,8,9,17,18,19,20,27,28,29,30,37,38,39,40
1152,8,9,17,18,19,20,27,28,29,30,37,38,39,40
1153,8,9,17,18,19,20,27,28,29,30,37,38,39,40
1154,8,9,17,18,19,20,27,28,29,30,37,38,39,40
1155,8,9,17,18,19,20,27,28,29,30,37,38,39,40
1156,8,9,17,18,19,20,27,28,29,30,37,38,39,40
1157,8,9,17,18,19,20,27,28,29,30,37,38,39,40
1158,8,9,17,18,19,20,27,28,29,30,37,38,39,40
1159,8,9,17,18,19,20,27,28,29,30,37,38,39,40
1160,8,9,17,18,19,20,27,28,29,30,37,38,39,40
1161,8,9,17,18,19,20,27,28,29,30,37,38,39,40
1162,8,9,17,18,19,20,27,28,29,30,37,38,39,40
1163,8,9,17,18,19,20,27,28,29,30,37,38,39,40
1164,8,9,17,18,19,20,27,28,29,30,37,38,39,40
1165,8,9,17,18,19,20,27,28,29,30,37,38,39,40
1166,8,9,17,18,19,20,27,28,29,30,37,38,39,40
1167,8,9,17,18,19,20,27,28,29,30,37,38,39,40
1168,8,9,17,18,19,20,27,28,29,30,37,38,39,40
1169,9,17,18,19,20,27,28,29,30,37,38,39,40
1170,9,17,18,19,20,27,28,29,30,37,38,39,40
1171,8,9,17,18,19,20,27,28,29,30,37,38,39,40
1172,8,9,17,18,19,20,27,28,29,30,37,38,39,40
1173,8,9,17,18,19,20,27,28,29,30,37,38,39,40
1174,8,9,17,18,19,20,27,28,29,30,37,38,39,40
1175,8,9,17,18,19,20,27,28,29,30,37,38,39,40
1176,8,9,17,18,19,20,27,28,29,30,37,38,39,40
1177,8,9,17,18,19,20,27,28,29,30,37,38,39,40
1178,8,9,17,18,19,20,27,28,29,30,37,38,39,40
1179,8,9,17,18,19,20,27,28,29,30,37,38,39
1180,8,9,17,18,19,20,27,28,29,30,37,38,39
1181,8,9,17,18,19,20,27,28,29,30,37,38,39
1182,8,9,17,18,19,20,27,28,29,30,37,38,39
1183,8,9,17,18,19,27,28,29,30,37,38,39
1184,8,9,17,18,19,27,28,29,30,37,38,39
1185,8,9,17,18,19,27,28,29,30,37,38,39
1186,8,9,17,18,19,27,28,29,30,37,38,39
1187,8,9,17,18,19,27,28,29,37,38,39
1188,8,9,17,18,19,27,28,29,37,38,39
1189,8,9,17,18,19,27,28,29,37,38,39
1190,8,9,17,18,19,27,28,29,37,38,39
1191,8,9,17,18,19,27,28,29,37,38,39
1192,8,9,17,18,19,27,28,29,37,38,39
1193,8,9,17,18,19,27,28,29,37,38,39
1194,8,9,17,18,19,27,28,29,37,38,39
1195,8,9,17,18,19,27,28,29,37,38,39
1196,8,9,17,18,19,27,28,29,37,38,39
1197,8,9,17,18,19,27,28,29,37,38,39
1198,8,9,17,18,19,27,28,29,37,38,39
1199,8,9,17,18,19,27,28,29,37,38,39
1200,8,9,17,18,19,27,28,29,37,38,39
1201,8,9,17,18,19,27,28,29,37,38,39
1202,8,9,17,18,19,27,28,29,37,38,39
1203,8,9,17,18,19,27,28,29,37,38,39
1204,8,9,17,18,19,27,28,29,37,38,39
1205,8,9,17,18,19,27,28,29,37,38,39
1206,8,9,17,18,19,27,28,29,37,38,39
1207,8,9,17,18,19,27,28,29,37,38,39
1208,8,9,17,18,19,27,28,29,37,38,39
1209,8,9,17,18,19,27,28,29,37,38,39
1210,8,9,17,18,19,27,28,29,37,38,39
1211,8,9,17,18,19,27,28,29,37,38,39
1212,8,9,17,18,19,27,28,29,37,38,39
1213,8,9,17,18,19,27,28,29,37,38,39
1214,8,9,17,18,19,27,28,29,37,38,39
1215,8,9,17,18,19,27,28,29,37,38,39
1216,8,9,17,18,19,27,28,29,37,38,39
1217,8,9,17,18,19,27,28,29,37,38,39
1218,8,9,17,18,19,27,28,29,37,38,39
1219,8,9,17,18,19,27,28,29,37,38,39
1220,8,9,17,18,19,27,28,29,37,38,39
1221,8,9,17,18,19,27,28,29,37,38,39
1222,8,9,17,18,19,27,28,29,37,38,39
1223,8,9,17,18,19,27,28,29,37,38,39
1224,8,9,17,18,19,27,28,29,37,38,39
1225,8,9,17,18,19,27,28,29,37,38,39
1226,8,9,17,18,19,27,28,29,37,38,39
1227,8,9,17,18,19,27,28,29,37,38,39
1228,8,9,17,18,19,27,28,29,37,38,39
1229,8,9,17,18,19,27,28,29,37,38,39
1230,8,9,17,18,19,27,28,29,37,38,39
1231,8,9,17,18,19,27,28,29,37,38,39
1232,8,9,17,18,19,27,28,29,37,38,39
1233,8,9,17,18,19,26,27,28,29,37,38,39
1234,8,9,17,18,19,26,27,28,29,37,38,39
1235,8,16,17,18,19,26,27,28,29,37,38,39
1236,8,16,17,18,19,26,27,28,29,37,38,39
1237,8,16,17,18,19,26,27,28,29,37,38,39
1238,8,16,17,18,19,26,27,28,29,37,38,39
1239,8,16,17,18,19,26,27,28,29,37,38,39
1240,8,16,17,18,19,26,27,28,29,37,38,39
1241,8,16,17,18,19,26,27,28,29,37,38,39
1242,8,16,17,18,19,26,27,28,29,37,38,39
1243,8,16,17,18,19,26,27,28,29,37,38,39
1244,8,16,17,18,19,26,27,28,29,37,38,39
1245,8,9,16,17,18,19,26,27,28,29,37,38,39
1246,8,9,16,17,18,19,26,27,28,29,37,38,39
1247,8,9,16,17,18,19,26,27,28,29,37,38,39
1248,8,9,16,17,18,19,26,27,28,29,37,38,39
1249,8,9,16,17,18,19,26,27,28,29,37,38,39
1250,8,9,16,17,18,19,26,27,28,29,37,38,39
1251,8,9,16,17,18,19,26,27,28,29,37,38,39
1252,8,9,16,17,18,19,26,27,28,29,37,38,39
1253,8,9,16,17,18,19,26,27,28,29,37,38,39
1254,8,9,16,17,18,19,26,27,28,29,37,38,39
1255,8,9,16,17,18,19,26,27,28,29,37,38,39
1256,8,9,16,17,18,19,26,27,28,29,37,38,39
1257,8,9,17,18,19,26,27,28,29,37,38,39
1258,8,9,17,18,19,26,27,28,29,37,38,39
1259,8,9,17,18,19,27,28,29,37,38,39
1260,8,9,17,18,19,27,28,29,37,38,39
1261,8,9,17,18,19,27,28,29,37,38,39
1262,8,9,17,18,19,27,28,29,37,38,39
1263,8,9,17,18,19,27,28,29,37,38,39
1264,8,9,17,18,19,27,28,29,37,38,39
1265,8,9,17,18,19,27,28,29,37,38,39
1266,8,9,17,18,19,27,28,29,37,38,39
1267,8,9,17,18,19,27,28,29,37,38,39
1268,8,9,17,18,19,27,28,29,37,38,39
1269,8,9,17,18,19,27,28,29,37,38,39
1270,8,9,17,18,19,27,28,29,37,38,39
1271,8,9,17,18,19,27,28,29,37,38,39
1272,8,9,17,18,19,27,28,29,37,38,39
1273,8,9,17,18,19,27,28,29,37,38,39
1274,8,9,17,18,19,27,28,29,37,38,39
1275,8,9,17,18,19,27,28,29,37,38,39
1276,8,9,17,18,19,27,28,29,37,38,39
1277,8,9,17,18,19,27,28,29,37,38,39
1278,8,9,17,18,19,27,28,29,37,38,39
1279,8,9,17,18,19,27,28,29,37,38,39
1280,8,9,17,18,19,27,28,29,37,38,39
1281,8,9,17,18,19,27,28,29,37,38,39
1282,8,9,17,18,19,27,28,29,37,38,39
1283,8,9,17,18,19,27,28,29,37,38,39
1284,8,9,17,18,19,27,28,29,37,38,39
1285,8,9,17,18,19,27,28,29,37,38,39
1286,8,9,17,18,19,27,28,29,37,38,39
1287,8,9,17,18,19,27,28,29,30,37,38,39
1288,8,9,17,18,19,27,28,29,30,37,38,39
1289,8,9,17,18,19,27,28,29,30,37,38,39
1290,8,9,17,18,19,27,28,29,30,37,38,39
1291,8,9,17,18,19,20,27,28,29,30,37,38,39
1292,8,9,17,18,19,20,27,28,29,30,37,38,39
1293,8,9,17,18,19,20,27,28,29,30,37,38,39
1294,8,9,17,18,19,20,27,28,29,30,37,38,39
1295,8,9,17,18,19,20,27,28,29,30,37,38,39
1296,8,9,17,18,19,20,27,28,29,30,37,38,39
1297,8,9,17,18,19,20,27,28,29,30,37,38,39
1298,8,9,17,18,19,20,27,28,29,30,37,38,39
1299,8,9,17,18,19,20,27,28,29,30,37,38,39
1300,8,9,17,18,19,20,27,28,29,30,37,38,39
1301,8,9,17,18,19,20,27,28,29,30,37,38,39
1302,8,9,17,18,19,20,27,28,29,30,37,38,39
1303,8,9,17,18,19,20,27,28,29,30,37,38,39
1304,8,9,17,18,19,20,27,28,29,30,37,38,39
1305,8,9,17,18,19,20,27,28,29,30,37,38,39
1306,8,9,17,18,19,20,27,28,29,30,37,38,39
1307,8,9,17,18,19,20,27,28,29,30,37,38,39
1308,8,9,17,18,19,20,27,28,29,30,37,38,39
1309,8,9,17,18,19,20,27,28,29,30,37,38,39
1310,8,9,17,18,19,20,27,28,29,30,37,38,39
1311,8,9,17,18,19,20,27,28,29,30,37,38,39
1312,8,9,17,18,19,20,27,28,29,30,37,38,39
1313,8,9,17,18,19,20,27,28,29,30,37,38,39
1314,8,9,17,18,19,20,27,28,29,30,37,38,39
1315,8,9,17,18,19,20,27,28,29,30,37,38,39
1316,8,9,17,18,19,20,27,28,29,30,37,38,39
1317,8,9,17,18,19,20,27,28,29,30,37,38,39
1318,8,9,17,18,19,20,27,28,29,30,37,38,39
1319,8,9,17,18,19,20,27,28,29,30,37,38,39
1320,8,9,17,18,19,20,27,28,29,30,37,38,39
1321,8,9,17,18,19,20,27,28,29,30,37,38,39
1322,8,9,17,18,19,20,27,28,29,30,37,38,39
1323,8,9,17,18,19,20,27,28,29,30,37,38,39
1324,8,9,17,18,19,20,27,28,29,30,37,38,39
1325,8,9,17,18,19,20,27,28,29,30,37,38,39
1326,8,9,17,18,19,20,27,28,29,30,37,38,39
1327,8,9,17,18,19,20,27,28,29,30,37,38,39
1328,8,9,17,18,19,20,27,28,29,30,37,38,39
1329,8,9,17,18,19,20,27,28,29,30,37,38,39
1330,8,9,17,18,19,20,27,28,29,30,37,38,39
1331,8,9,17,18,19,20,27,28,29,30,37,38,39
1332,8,9,17,18,19,20,27,28,29,30,37,38,39
1333,8,9,17,18,19,20,27,28,29,30,37,38,39
1334,8,9,17,18,19,20,27,28,29,30,37,38,39
1335,8,9,17,18,19,20,27,28,29,30,37,38,39
1336,8,9,17,18,19,20,27,28,29,30,37,38,39
1337,8,9,17,18,19,20,27,28,29,30,37,38,39
1338,8,9,17,18,19,20,27,28,29,30,37,38,39
1339,8,9,17,18,19,20,27,28,29,30,37,38,39
1340,8,9,17,18,19,20,27,28,29,30,37,38,39
1341,8,9,17,18,19,20,27,28,29,30,37,38,39
1342,8,9,17,18,19,20,27,28,29,30,37,38,39
1343,8,9,17,18,19,20,27,28,29,30,37,38,39
1344,8,9,17,18,19,20,27,28,29,30,37,38,39
1345,8,9,17,18,19,20,27,28,29,30,37,38,39
1346,8,9,17,18,19,20,27,28,29,30,37,38,39
1347,8,9,17,18,19,20,27,28,29,30,37,38,39
1348,8,9,17,18,19,20,27,28,29,30,37,38,39
1349,8,9,17,18,19,20,27,28,29,30,37,38,39
1350,8,9,17,18,19,20,27,28,29,30,37,38,39
1351,8,9,17,18,19,20,27,28,29,30,37,38,39
1352,8,9,17,18,19,20,27,28,29,30,37,38,39
1353,8,9,17,18,19,20,27,28,29,30,37,38,39
1354,8,9,17,18,19,20,27,28,29,30,37,38,39
1355,8,9,17,18,19,20,27,28,29,30,37,38,39
1356,8,9,17,18,19,20,27,28,29,30,37,38,39
1357,8,9,17,18,19,20,27,28,29,30,37,38,39
1358,8,9,17,18,19,20,27,28,29,30,37,38,39
1359,8,9,17,18,19,20,27,28,29,30,37,38,39
1360,8,9,17,18,19,20,27,28,29,30,37,38,39
1361,8,9,17,18,19,20,27,28,29,30,37,38,39
1362,8,9,17,18,19,20,27,28,29,30,37,38,39
1363,8,9,17,18,19,20,27,28,29,30,37,38,39
1364,8,9,17,18,19,20,27,28,29,30,37,38,39
1365,8,9,17,18,19,20,27,28,29,30,37,38,39
1366,8,9,17,18,19,20,27,28,29,30,37,38,39
1367,8,9,17,18,19,20,27,28,29,30,37,38,39
1368,8,9,17,18,19,20,27,28,29,30,37,38,39
1369,8,9,17,18,19,20,27,28,29,30,37,38,39
1370,8,9,17,18,19,20,27,28,29,30,37,38,39
1371,8,9,17,18,19,20,27,28,29,30,37,38,39
1372,8,9,17,18,19,20,27,28,29,30,37,38,39
1373,8,9,17,18,19,20,27,28,29,30,37,38,39
1374,8,9,17,18,19,20,27,28,29,30,37,38,39
1375,8,9,17,18,19,20,27,28,29,30,37,38,39,40
1376,8,9,17,18,19,20,27,28,29,30,37,38,39,40
1377,8,9,17,18,19,20,27,28,29,30,37,38,39,40
1378,8,9,17,18,19,20,27,28,29,30,37,38,39,40
1379,8,9,17,18,19,20,27,28,29,30,37,38,39,40
1380,8,9,17,18,19,20,27,28,29,30,37,38,39,40
1381,8,9,17,18,19,20,27,28,29,30,37,38,39,40
1382,8,9,17,18,19,20,27,28,29,30,37,38,39,40
1383,8,9,17,18,19,20,27,28,29,30,37,38,39,40
1384,8,9,17,18,19,20,27,28,29,30,37,38,39,40
1385,8,9,17,18,19,20,27,28,29,30,37,38,39,40
1386,8,9,17,18,19,20,27,28,29,30,37,38,39,40
1387,8,9,17,18,19,20,27,28,29,30,37,38,39,40
1388,8,9,17,18,19,20,27,28,29,30,37,38,39,40
1389,8,9,17,18,19,20,27,28,29,30,37,38,39,40
1390,8,9,17,18,19,20,27,28,29,30,37,38,39,40
1391,8,9,17,18,19,20,27,28,29,30,37,38,39,40
1392,8,9,17,18,19,20,27,28,29,30,37,38,39,40
1393,8,9,17,18,19,20,27,28,29,30,37,38,39,40
1394,8,9,17,18,19,20,27,28,29,30,37,38,39,40
1395,8,9,17,18,19,20,27,28,29,30,37,38,39,40
1396,8,9,17,18,19,20,27,28,29,30,37,38,39,40
1397,8,9,17,18,19,20,27,28,29,30,37,38,39,40
1398,8,9,17,18,19,20,27,28,29,30,37,38,39,40
1399,8,9,17,18,19,20,27,28,29,30,37,38,39,40
1400,8,9,17,18,19,20,27,28,29,30,37,38,39,40
1401,8,9,17,18,19,20,27,28,29,30,37,38,39,40
1402,8,9,17,18,19,20,27,28,29,30,37,38,39,40
1403,8,9,17,18,19,20,27,28,29,30,37,38,39,40
1404,8,9,17,18,19,20,27,28,29,30,37,38,39,40
1405,8,9,17,18,19,20,27,28,29,30,37,38,39,40
1406,8,9,17,18,19,20,27,28,29,30,37,38,39,40
1407,8,9,17,18,19,20,27,28,29,30,37,38,39,40
1408,8,9,17,18,19,20,27,28,29,30,37,38,39,40
1409,8,9,17,18,19,20,27,28,29,30,37,38,39,40
1410,8,9,17,18,19,20,27,28,29,30,37,38,39,40
1411,8,9,17,18,19,20,27,28,29,30,37,38,39,40
1412,8,9,17,18,19,20,27,28,29,30,37,38,39,40
1413,9,17,18,19,20,27,28,29,30,37,38,39,40
1414,9,17,18,19,20,27,28,29,30,37,38,39,40
1415,9,17,18,19,20,27,28,29,30,37,38,39,40
1416,9,17,18,19,20,27,28,29,30,37,38,39,40
1417,9,17,18,19,20,27,28,29,30,37,38,39,40
1418,9,17,18,19,20,27,28,29,30,37,38,39,40
1419,9,17,18,19,20,27,28,29,30,37,38,39,40
1420,9,17,18,19,20,27,28,29,30,37,38,39,40
1421,9,17,18,19,20,27,28,29,30,37,38,39,40
1422,9,17,18,19,20,27,28,29,30,37,38,39,40
1423,9,17,18,19,20,27,28,29,30,37,38,39,40
1424,9,17,18,19,20,27,28,29,30,37,38,39,40
1425,9,17,18,19,20,27,28,29,30,37,38,39,40
1426,9,17,18,19,20,27,28,29,30,37,38,39,40
1427,9,17,18,19,20,27,28,29,30,37,38,39,40
1428,9,17,18,19,20,27,28,29,30,37,38,39,40
1429,9,17,18,19,20,27,28,29,30,37,38,39,40
1430,9,17,18,19,20,27,28,29,30,37,38,39,40
1431,9,17,18,19,20,27,28,29,30,37,38,39,40
1432,9,17,18,19,20,27,28,29,30,37,38,39,40
1433,9,17,18,19,20,27,28,29,30,37,38,39,40
1434,9,17,18,19,20,27,28,29,30,37,38,39,40
1435,9,17,18,19,20,27,28,29,30,37,38,39,40
1436,9,17,18,19,20,27,28,29,30,37,38,39,40
1437,9,17,18,19,20,27,28,29,30,37,38,39,40
1438,9,17,18,19,20,27,28,29,30,37,38,39,40
1439,9,17,18,19,20,27,28,29,30,37,38,39,40
1440,9,17,18,19,20,27,28,29,30,37,38,39,40
1441,9,17,18,19,20,27,28,29,30,37,38,39,40
1442,9,17,18,19,20,27,28,29,30,37,38,39,40
1443,9,17,18,19,20,27,28,29,30,37,38,39,40
1444,9,17,18,19,20,27,28,29,30,37,38,39,40
1445,9,17,18,19,20,27,28,29,30,37,38,39,40
1446,9,17,18,19,20,27,28,29,30,37,38,39,40
1447,9,17,18,19,20,27,28,29,30,37,38,39,40
1448,9,17,18,19,20,27,28,29,30,37,38,39,40
1449,9,17,18,19,20,27,28,29,30,37,38,39,40
1450,9,17,18,19,20,27,28,29,30,37,38,39,40
1451,9,17,18,19,20,27,28,29,30,37,38,39,40
1452,9,17,18,19,20,27,28,29,30,37,38,39,40
1453,9,17,18,19,20,27,28,29,30,37,38,39,40
1454,9,17,18,19,20,27,28,29,30,37,38,39,40
1455,9,17,18,19,20,27,28,29,30,37,38,39,40
1456,9,17,18,19,20,27,28,29,30,37,38,39,40
1457,9,17,18,19,20,27,28,29,30,37,38,39,40
1458,9,17,18,19,20,27,28,29,30,37,38,39,40
1459,9,17,18,19,20,27,28,29,30,37,38,39,40
1460,9,17,18,19,20,27,28,29,30,37,38,39,40
1461,9,17,18,19,20,27,28,29,30,37,38,39,40
1462,9,17,18,19,20,27,28,29,30,37,38,39,40
1463,9,17,18,19,20,27,28,29,30,37,38,39,40
1464,9,17,18,19,20,27,28,29,30,37,38,39,40
1465,9,17,18,19,20,27,28,29,30,37,38,39,40
1466,9,17,18,19,20,27,28,29,30,37,38,39,40
1467,9,17,18,19,20,27,28,29,30,37,38,39,40
1468,9,17,18,19,20,27,28,29,30,37,38,39,40
1469,9,17,18,19,20,27,28,29,30,37,38,39,40
1470,9,17,18,19,20,27,28,29,30,37,38,39,40
1471,9,17,18,19,20,27,28,29,30,37,38,39,40
1472,9,17,18,19,20,27,28,29,30,37,38,39,40
1473,9,17,18,19,20,27,28,29,30,37,38,39,40
1474,9,17,18,19,20,27,28,29,30,37,38,39,40
1475,9,17,18,19,20,27,28,29,30,37,38,39,40
1476,9,17,18,19,20,27,28,29,30,37,38,39,40
1477,9,17,18,19,20,27,28,29,30,37,38,39,40
1478,9,17,18,19,20,27,28,29,30,37,38,39,40
1479,9,17,18,19,20,27,28,29,30,37,38,39,40
1480,9,17,18,19,20,27,28,29,30,37,38,39,40
1481,9,17,18,19,20,27,28,29,30,37,38,39,40
1482,9,17,18,19,20,27,28,29,30,37,38,39,40
1483,9,17,18,19,20,27,28,29,30,37,38,39,40
1484,9,17,18,19,20,27,28,29,30,37,38,39,40
1485,9,17,18,19,20,27,28,29,30,37,38,39,40
1486,9,17,18,19,20,27,28,29,30,37,38,39,40
1487,9,17,18,19,20,27,28,29,30,37,38,39,40
1488,9,17,18,19,20,27,28,29,30,37,38,39,40
1489,9,17,18,19,20,27,28,29,30,37,38,39,40
1490,9,17,18,19,20,27,28,29,30,37,38,39,40
1491,9,17,18,19,20,27,28,29,30,37,38,39,40
1492,9,17,18,19,20,27,28,29,30,37,38,39,40
1493,9,17,18,19,20,27,28,29,30,37,38,39,40
1494,9,17,18,19,20,27,28,29,30,37,38,39,40
1495,9,17,18,19,20,27,28,29,30,37,38,39,40
1496,9,17,18,19,20,27,28,29,30,37,38,39,40
1497,9,17,18,19,20,27,28,29,30,37,38,39,40
1498,9,17,18,19,20,27,28,29,30,37,38,39,40
1499,9,17,18,19,20,27,28,29,30,37,38,39,40
1500,9,17,18,19,20,27,28,29,30,37,38,39,40
1501,9,17,18,19,20,27,28,29,30,37,38,39,40
1502,9,17,18,19,20,27,28,29,30,37,38,39,40
1503,8,9,17,18,19,20,27,28,29,30,37,38,39,40
1504,8,9,17,18,19,20,27,28,29,30,37,38,39,40
1505,8,9,17,18,19,20,27,28,29,30,37,38,39
1506,8,9,17,18,19,20,27,28,29,30,37,38,39
1507,8,9,17,18,19,20,27,28,29,30,37,38,39
1508,8,9,17,18,19,20,27,28,29,30,37,38,39
1509,8,9,17,18,19,20,27,28,29,30,37,38,39
1510,8,9,17,18,19,20,27,28,29,30,37,38,39
1511,8,9,17,18,19,27,28,29,30,37,38,39
1512,8,9,17,18,19,27,28,29,30,37,38,39
1513,8,9,17,18,19,27,28,29,30,37,38,39
1514,8,9,17,18,19,27,28,29,30,37,38,39
1515,8,9,17,18,19,27,28,29,30,37,38,39
1516,8,9,17,18,19,27,28,29,30,37,38,39
1517,8,9,17,18,19,27,28,29,30,37,38,39
1518,8,9,17,18,19,27,28,29,30,37,38,39
1519,8,9,17,18,19,27,28,29,30,37,38,39
1520,8,9,17,18,19,27,28,29,30,37,38,39
1521,8,9,17,18,19,27,28,29,30,37,38,39
1522,8,9,17,18,19,27,28,29,30,37,38,39
1523,8,9,17,18,19,27,28,29,30,37,38,39
1524,8,9,17,18,19,27,28,29,30,37,38,39
1525,8,9,17,18,19,27,28,29,30,37,38,39
1526,8,9,17,18,19,27,28,29,30,37,38,39
1527,8,9,17,18,19,27,28,29,30,37,38,39
1528,8,9,17,18,19,27,28,29,30,37,38,39
1529,8,9,17,18,19,27,28,29,30,37,38,39
1530,8,9,17,18,19,27,28,29,30,37,38,39
1531,8,9,17,18,19,27,28,29,30,37,38,39
1532,8,9,17,18,19,27,28,29,30,37,38,39
1533,8,9,17,18,19,27,28,29,30,37,38,39
1534,8,9,17,18,19,27,28,29,30,37,38,39
1535,8,9,17,18,19,27,28,29,30,37,38,39
1536,8,9,17,18,19,27,28,29,30,37,38,39
1537,8,9,17,18,19,27,28,29,30,37,38,39
1538,8,9,17,18,19,27,28,29,30,37,38,39
1539,8,9,17,18,19,27,28,29,30,37,38,39
1540,8,9,17,18,19,27,28,29,30,37,38,39
1541,8,9,17,18,19,27,28,29,30,37,38,39
1542,8,9,17,18,19,27,28,29,30,37,38,39
1543,8,9,17,18,19,27,28,29,30,37,38,39
1544,8,9,17,18,19,27,28,29,30,37,38,39
1545,8,9,17,18,19,27,28,29,30,37,38,39
1546,8,9,17,18,19,27,28,29,30,37,38,39
1547,8,9,17,18,19,27,28,29,30,37,38,39
1548,8,9,17,18,19,27,28,29,30,37,38,39
1549,8,9,17,18,19,27,28,29,30,37,38,39
1550,8,9,17,18,19,27,28,29,30,37,38,39
1551,8,9,17,18,19,27,28,29,30,37,38,39
1552,8,9,17,18,19,27,28,29,30,37,38,39
1553,8,9,17,18,19,27,28,29,30,37,38,39
1554,8,9,17,18,19,27,28,29,30,37,38,39
1555,8,9,17,18,19,27,28,29,30,37,38,39
1556,8,9,17,18,19,27,28,29,30,37,38,39
1557,8,9,17,18,19,27,28,29,30,37,38,39
1558,8,9,17,18,19,27,28,29,30,37,38,39
1559,8,9,17,18,19,27,28,29,30,37,38,39
1560,8,9,17,18,19,27,28,29,30,37,38,39
1561,8,9,17,18,19,27,28,29,30,37,38,39
1562,8,9,17,18,19,27,28,29,30,37,38,39
1563,8,9,17,18,19,27,28,29,30,37,38,39
1564,8,9,17,18,19,27,28,29,30,37,38,39
1565,8,9,17,18,19,27,28,29,30,37,38,39
1566,8,9,17,18,19,27,28,29,30,37,38,39
1567,8,9,17,18,19,27,28,29,30,37,38,39
1568,8,9,17,18,19,27,28,29,30,37,38,39
1569,8,9,17,18,19,27,28,29,30,37,38,39
1570,8,9,17,18,19,27,28,29,30,37,38,39
1571,8,9,17,18,19,27,28,29,30,37,38,39
1572,8,9,17,18,19,27,28,29,30,37,38,39
1573,8,9,17,18,19,27,28,29,30,37,38,39
1574,8,9,17,18,19,27,28,29,30,37,38,39
1575,8,9,17,18,19,27,28,29,30,37,38,39
1576,8,9,17,18,19,27,28,29,30,37,38,39
1577,8,9,17,18,19,27,28,29,30,37,38,39
1578,8,9,17,18,19,27,28,29,30,37,38,39
1579,8,9,17,18,19,27,28,29,30,37,38,39
1580,8,9,17,18,19,27,28,29,30,37,38,39
1581,8,9,17,18,19,27,28,29,30,37,38,39
1582,8,9,17,18,19,27,28,29,30,37,38,39
1583,8,9,17,18,19,27,28,29,30,37,38,39
1584,8,9,17,18,19,27,28,29,30,37,38,39
1585,8,9,17,18,19,27,28,29,37,38,39
1586,8,9,17,18,19,27,28,29,37,38,39
1587,8,9,17,18,19,27,28,29,37,38,39
1588,8,9,17,18,19,27,28,29,37,38,39
1589,8,9,17,18,19,26,27,28,29,37,38,39
1590,8,9,17,18,19,26,27,28,29,37,38,39
1591,8,16,17,18,19,26,27,28,29,37,38,39
1592,8,16,17,18,19,26,27,28,29,37,38,39
1593,8,16,17,18,19,26,27,28,29,37,38,39
1594,8,16,17,18,19,26,27,28,29,37,38,39
1595,7,8,16,17,18,19,26,27,28,29,37,38,39
1596,7,8,16,17,18,19,26,27,28,29,37,38,39
1597,7,8,16,17,18,19,26,27,28,29,36,37,38,39
1598,7,8,16,17,18,19,26,27,28,29,36,37,38,39
1599,7,8,16,17,18,19,26,27,28,29,36,37,38,39
1600,7,8,16,17,18,19,26,27,28,29,36,37,38,39
1601,7,8,16,17,18,19,26,27,28,29,36,37,38,39
1602,7,8,16,17,18,19,26,27,28,29,36,37,38,39
1603,7,8,16,17,18,19,26,27,28,29,36,37,38,39
1604,7,8,16,17,18,19,26,27,28,29,36,37,38,39
1605,7,8,16,17,18,19,26,27,28,29,36,37,38,39
1606,7,8,16,17,18,19,26,27,28,29,36,37,38,39
1607,7,8,16,17,18,19,26,27,28,29,36,37,38,39
1608,7,8,16,17,18,19,26,27,28,29,36,37,38,39
1609,7,8,16,17,18,19,26,27,28,29,36,37,38
1610,7,8,16,17,18,19,26,27,28,29,36,37,38
1611,7,8,16,17,18,19,26,27,28,29,36,37,38
1612,7,8,16,17,18,19,26,27,28,29,36,37,38
1613,7,8,16,17,18,19,26,27,28,29,36,37,38
1614,7,8,16,17,18,19,26,27,28,29,36,37,38
1615,7,8,16,17,18,26,27,28,36,37,38
1616,7,8,16,17,18,26,27,28,36,37,38
1617,7,8,16,17,18,26,27,28,36,37,38
1618,7,8,16,17,18,26,27,28,36,37,38
1619,7,8,15,16,17,18,25,26,27,28,36,37,38
1620,7,8,15,16,17,18,25,26,27,28,36,37,38
1621,7,8,15,16,17,18,25,26,27,28,36,37,38
1622,7,8,15,16,17,18,25,26,27,28,36,37,38
1623,7,8,15,16,17,18,25,26,27,28,36,37,38
1624,7,8,15,16,17,18,25,26,27,28,36,37,38
1625,7,8,15,16,17,18,25,26,27,28,36,37,38
1626,7,8,15,16,17,18,25,26,27,28,36,37,38
1627,7,8,15,16,17,18,25,26,27,28,36,37,38
1628,7,8,15,16,17,18,25,26,27,28,36,37,38
1629,7,8,15,16,17,18,25,26,27,28,36,37,38
1630,7,8,15,16,17,18,25,26,27,28,36,37,38
1631,7,8,15,16,17,18,25,26,27,28,36,37,38
1632,7,8,15,16,17,18,25,26,27,28,36,37,38
1633,7,8,15,16,17,18,25,26,27,28,36,37,38
1634,7,8,15,16,17,18,25,26,27,28,36,37,38
1635,7,8,15,16,17,18,25,26,27,28,36,37,38
1636,7,8,15,16,17,18,25,26,27,28,36,37,38
1637,7,8,15,16,17,18,25,26,27,28,36,37,38
1638,7,8,15,16,17,18,25,26,27,28,36,37,38
1639,7,8,15,16,17,18,25,26,27,28,36,37,38
1640,7,8,15,16,17,18,25,26,27,28,36,37,38
1641,7,8,15,16,17,18,25,26,27,28,36,37,38
1642,7,8,15,16,17,18,25,26,27,28,36,37,38
1643,7,8,15,16,17,18,25,26,27,28,36,37,38
1644,7,8,15,16,17,18,25,26,27,28,36,37,38
1645,7,8,15,16,17,18,25,26,27,28,36,37,38
1646,7,8,15,16,17,18,25,26,27,28,36,37,38
1647,7,8,15,16,17,18,25,26,27,28,36,37,38
1648,7,8,15,16,17,18,25,26,27,28,36,37,38
1649,7,8,15,16,17,18,25,26,27,28,36,37,38
1650,7,8,15,16,17,18,25,26,27,28,36,37,38
1651,7,8,15,16,17,18,25,26,27,28,36,37,38
1652,7,8,15,16,17,18,25,26,27,28,36,37,38
1653,7,8,15,16,17,18,25,26,27,28,36,37,38
1654,7,8,15,16,17,18,25,26,27,28,36,37,38
1655,7,8,15,16,17,18,25,26,27,28,36,37,38
1656,7,8,15,16,17,18,25,26,27,28,36,37,38
1657,7,8,16,17,18,25,26,27,28,36,37,38
1658,7,8,16,17,18,25,26,27,28,36,37,38
1659,7,8,16,17,18,26,27,28,36,37,38
1660,7,8,16,17,18,26,27,28,36,37,38
1661,7,8,16,17,18,26,27,28,36,37,38
1662,7,8,16,17,18,26,27,28,36,37,38
1663,7,8,16,17,18,26,27,28,29,36,37,38
1664,7,8,16,17,18,26,27,28,29,36,37,38
1665,7,8,16,17,18,19,26,27,28,29,36,37,38
1666,7,8,16,17,18,19,26,27,28,29,36,37,38
1667,7,8,16,17,18,19,26,27,28,29,36,37,38,39
1668,7,8,16,17,18,19,26,27,28,29,36,37,38,39
1669,8,16,17,18,19,26,27,28,29,36,37,38,39
1670,8,16,17,18,19,26,27,28,29,36,37,38,39
1671,8,16,17,18,19,26,27,28,29,37,38,39
1672,8,16,17,18,19,26,27,28,29,37,38,39
1673,8,16,17,18,19,26,27,28,29,37,38,39
1674,8,16,17,18,19,26,27,28,29,37,38,39
1675,8,16,17,18,19,26,27,28,29,37,38,39
1676,8,16,17,18,19,26,27,28,29,37,38,39
1677,8,9,17,18,19,26,27,28,29,37,38,39
1678,8,9,17,18,19,26,27,28,29,37,38,39
1679,8,9,17,18,19,27,28,29,37,38,39
1680,8,9,17,18,19,27,28,29,37,38,39
1681,8,9,17,18,19,27,28,29,37,38,39
1682,8,9,17,18,19,27,28,29,37,38,39
1683,8,9,17,18,19,27,28,29,37,38,39
1684,8,9,17,18,19,27,28,29,37,38,39
1685,8,9,17,18,19,27,28,29,37,38,39
1686,8,9,17,18,19,27,28,29,37,38,39
1687,8,9,17,18,19,27,28,29,37,38,39
1688,8,9,17,18,19,27,28,29,37,38,39
1689,8,9,17,18,19,27,28,29,37,38,39
1690,8,9,17,18,19,27,28,29,37,38,39
1691,8,9,17,18,19,27,28,29,37,38,39
1692,8,9,17,18,19,27,28,29,37,38,39
1693,8,9,17,18,19,27,28,29,37,38,39
1694,8,9,17,18,19,27,28,29,37,38,39
1695,8,9,17,18,19,27,28,29,37,38,39
1696,8,9,17,18,19,27,28,29,37,38,39
1697,8,9,17,18,19,27,28,29,37,38,39
1698,8,9,17,18,19,27,28,29,37,38,39
1699,8,9,17,18,19,27,28,29,37,38,39
1700,8,9,17,18,19,27,28,29,37,38,39
1701,8,9,17,18,19,27,28,29,37,38,39
1702,8,9,17,18,19,27,28,29,37,38,39
1703,8,9,17,18,19,27,28,29,37,38,39
1704,8,9,17,18,19,27,28,29,37,38,39
1705,8,9,17,18,19,27,28,29,37,38,39
1706,8,9,17,18,19,27,28,29,37,38,39
1707,8,9,17,18,19,27,28,29,37,38,39
1708,8,9,17,18,19,27,28,29,37,38,39
1709,8,9,17,18,19,27,28,29,37,38,39
1710,8,9,17,18,19,27,28,29,37,38,39
1711,8,9,17,18,19,27,28,29,37,38,39
1712,8,9,17,18,19,27,28,29,37,38,39
1713,8,9,17,18,19,27,28,29,37,38,39
1714,8,9,17,18,19,27,28,29,37,38,39
1715,8,9,17,18,19,27,28,29,37,38,39
1716,8,9,17,18,19,27,28,29,37,38,39
1717,8,9,17,18,19,27,28,29,37,38,39
1718,8,9,17,18,19,27,28,29,37,38,39
1719,8,9,17,18,19,27,28,29,37,38,39
1720,8,9,17,18,19,27,28,29,37,38,39
1721,8,9,17,18,19,27,28,29,37,38,39
1722,8,9,17,18,19,27,28,29,37,38,39
1723,8,9,17,18,19,27,28,29,37,38,39
1724,8,9,17,18,19,27,28,29,37,38,39
1725,8,9,17,18,19,27,28,29,37,38,39
1726,8,9,17,18,19,27,28,29,37,38,39
1727,8,9,17,18,19,27,28,29,37,38,39
1728,8,9,17,18,19,27,28,29,37,38,39
1729,8,9,17,18,19,27,28,29,37,38,39
1730,8,9,17,18,19,27,28,29,37,38,39
1731,8,9,17,18,19,27,28,29,37,38,39
1732,8,9,17,18,19,27,28,29,37,38,39
1733,8,9,17,18,19,27,28,29,37,38,39
1734,8,9,17,18,19,27,28,29,37,38,39
1735,8,17,18,19,27,28,29,37,38,39
1736,8,17,18,19,27,28,29,37,38,39
1737,8,17,18,19,27,28,29,37,38,39
1738,8,17,18,19,27,28,29,37,38,39
1739,8,17,18,19,27,28,29,37,38,39
1740,8,17,18,19,27,28,29,37,38,39
1741,17,18,19,27,28,29,37,38,39
1742,17,18,19,27,28,29,37,38,39
1743,17,18,19,27,28,29,37,38,39
1744,17,18,19,27,28,29,37,38,39
1745,17,18,19,27,28,29,37,38,39
1746,17,18,19,27,28,29,37,38,39
1747,17,18,19,27,28,29,37,38,39
1748,17,18,19,27,28,29,37,38,39
1749,17,18,19,27,28,29,37,38,39
1750,17,18,19,27,28,29,37,38,39
1751,17,18,19,27,28,29,37,38,39
1752,17,18,19,27,28,29,37,38,39
1753,17,18,19,27,28,29,37,38,39
1754,17,18,19,27,28,29,37,38,39
1755,17,18,19,27,28,29,37,38,39
1756,17,18,19,27,28,29,37,38,39
1757,17,18,19,27,28,29,37,38,39
1758,17,18,19,27,28,29,37,38,39
1759,17,18,19,27,28,29,37,38,39
1760,17,18,19,27,28,29,37,38,39
1761,17,18,19,27,28,29,37,38,39
1762,17,18,19,27,28,29,37,38,39
1763,17,18,19,27,28,29,37,38,39
1764,17,18,19,27,28,29,37,38,39
1765,17,18,19,27,28,29,37,38,39
1766,17,18,19,27,28,29,37,38,39
1767,17,18,19,27,28,29,37,38,39
1768,17,18,19,27,28,29,37,38,39
1769,17,18,19,27,28,29,37,38,39
1770,17,18,19,27,28,29,37,38,39
1771,17,18,19,27,28,29,37,38,39
1772,17,18,19,27,28,29,37,38,39
1773,17,18,19,27,28,29,37,38,39
1774,17,18,19,27,28,29,37,38,39
1775,17,18,19,27,28,29,37,38,39
1776,17,18,19,27,28,29,37,38,39
1777,17,18,19,27,28,29,37,38,39
1778,17,18,19,27,28,29,37,38,39
1779,17,18,19,27,28,29,37,38,39
1780,17,18,19,27,28,29,37,38,39
1781,17,18,19,27,28,29,37,38,39
1782,17,18,19,27,28,29,37,38,39
1783,17,18,19,27,28,29,37,38,39
1784,17,18,19,27,28,29,37,38,39
1785,17,18,19,27,28,29,37,38,39
1786,17,18,19,27,28,29,37,38,39
1787,17,18,19,27,28,29,37,38,39
1788,17,18,19,27,28,29,37,38,39
1789,17,18,19,27,28,29,37,38,39
1790,17,18,19,27,28,29,37,38,39
1791,17,18,19,27,28,29,37,38,39
1792,17,18,19,27,28,29,37,38,39
1793,17,18,19,27,28,29,37,38,39
1794,17,18,19,27,28,29,37,38,39
1795,17,18,19,27,28,29,37,38,39
1796,17,18,19,27,28,29,37,38,39
1797,17,18,19,27,28,29,37,38,39
1798,17,18,19,27,28,29,37,38,39
1799,17,18,19,27,28,29,37,38,39
1800,17,18,19,27,28,29,37,38,39
