1,5,6,14,15,16,17,24,25,26,27,34,35,36
2,5,6,14,15,16,17,24,25,26,27,34,35,36
3,5,6,14,15,16,17,24,25,26,27,34,35,36
4,5,6,14,15,16,17,24,25,26,27,34,35,36
5,5,6,14,15,16,17,24,25,26,27,34,35,36
6,5,6,14,15,16,17,24,25,26,27,34,35,36
7,5,6,14,15,16,17,24,25,26,27,34,35,36
8,5,6,14,15,16,17,24,25,26,27,34,35,36
9,5,6,14,15,16,17,24,25,26,27,34,35,36
10,5,6,14,15,16,17,24,25,26,27,34,35,36
11,5,6,14,15,16,17,24,25,26,27,34,35,36
12,5,6,14,15,16,17,24,25,26,27,34,35,36
13,5,6,14,15,16,17,24,25,26,27,34,35,36
14,5,6,14,15,16,17,24,25,26,27,34,35,36
15,5,6,14,15,16,17,24,25,26,27,34,35,36,37
16,5,6,14,15,16,17,24,25,26,27,34,35,36,37
17,5,6,14,15,16,17,24,25,26,27,34,35,36,37
18,5,6,14,15,16,17,24,25,26,27,34,35,36,37
19,14,15,16,17,24,25,26,27,34,35,36,37
20,14,15,16,17,24,25,26,27,34,35,36,37
21,14,15,16,17,24,25,26,27,34,35,36,37,45,46
22,14,15,16,17,24,25,26,27,34,35,36,37,45,46
23,14,15,16,17,24,25,26,27,34,35,36,37,45,46
24,14,15,16,17,24,25,26,27,34,35,36,37,45,46
25,15,16,24,25,26,27,34,35,36,37,44,45,46,47
26,15,16,24,25,26,27,34,35,36,37,44,45,46,47
27,15,16,24,25,26,27,34,35,36,37,44,45,46,47
28,15,16,24,25,26,27,34,35,36,37,44,45,46,47
29,15,16,24,25,26,27,34,35,36,37,44,45,46,47
30,15,16,24,25,26,27,34,35,36,37,44,45,46,47
31,15,16,24,25,26,27,34,35,36,37,44,45,46,47
32,15,16,24,25,26,27,34,35,36,37,44,45,46,47
33,15,16,24,25,26,27,34,35,36,37,44,45,46,47
34,15,16,24,25,26,27,34,35,36,37,44,45,46,47
35,15,16,24,25,26,27,34,35,36,37,44,45,46,47
36,15,16,24,25,26,27,34,35,36,37,44,45,46,47
37,15,16,24,25,26,27,34,35,36,37,44,45,46,47
38,15,16,24,25,26,27,34,35,36,37,44,45,46,47
39,15,16,24,25,26,27,34,35,36,37,44,45,46,47
40,15,16,24,25,26,27,34,35,36,37,44,45,46,47
41,14,15,16,17,24,25,26,27,34,35,36,37,45,46
42,14,15,16,17,24,25,26,27,34,35,36,37,45,46
43,14,15,16,17,24,25,26,27,34,35,36,37,45,46
44,14,15,16,17,24,25,26,27,34,35,36,37,45,46
45,14,15,16,17,24,25,26,27,34,35,36,37
46,14,15,16,17,24,25,26,27,34,35,36,37
47,6,14,15,16,17,24,25,26,27,34,35,36,37
48,6,14,15,16,17,24,25,26,27,34,35,36,37
49,5,6,14,15,16,17,24,25,26,27,34,35,36,37
50,5,6,14,15,16,17,24,25,26,27,34,35,36,37
51,5,6,14,15,16,17,24,25,26,27,34,35,36,37
52,5,6,14,15,16,17,24,25,26,27,34,35,36,37
53,5,6,14,15,16,17,24,25,26,27,34,35,36,37
54,5,6,14,15,16,17,24,25,26,27,34,35,36,37
55,5,6,14,15,16,17,24,25,26,27,34,35,36,37
56,5,6,14,15,16,17,24,25,26,27,34,35,36,37
57,5,6,14,15,16,17,24,25,26,27,34,35,36
58,5,6,14,15,16,17,24,25,26,27,34,35,36
59,5,6,14,15,16,17,24,25,26,27,34,35,36
60,5,6,14,15,16,17,24,25,26,27,34,35,36
61,5,6,14,15,16,17,24,25,26,27,34,35,36
62,5,6,14,15,16,17,24,25,26,27,34,35,36
63,5,6,14,15,16,17,24,25,26,27,34,35,36
64,5,6,14,15,16,17,24,25,26,27,34,35,36
65,5,6,14,15,16,17,24,25,26,27,34,35,36
66,5,6,14,15,16,17,24,25,26,27,34,35,36
67,5,6,14,15,16,17,24,25,26,27,34,35,36
68,5,6,14,15,16,17,24,25,26,27,34,35,36
69,5,6,14,15,16,17,24,25,26,27,34,35,36
70,5,6,14,15,16,17,24,25,26,27,34,35,36
71,5,6,14,15,16,17,24,25,26,27,34,35,36
72,5,6,14,15,16,17,24,25,26,27,34,35,36
73,5,6,14,15,16,17,24,25,26,27,34,35,36
74,5,6,14,15,16,17,24,25,26,27,34,35,36
75,5,6,14,15,16,17,24,25,26,27,34,35,36
76,5,6,14,15,16,17,24,25,26,27,34,35,36
77,5,6,14,15,16,17,24,25,26,27,34,35,36
78,5,6,14,15,16,17,24,25,26,27,34,35,36
79,5,6,14,15,16,17,24,25,26,27,34,35,36
80,5,6,14,15,16,17,24,25,26,27,34,35,36
81,5,6,14,15,16,17,24,25,26,27,34,35,36,37
82,5,6,14,15,16,17,24,25,26,27,34,35,36,37
83,5,6,14,15,16,17,24,25,26,27,34,35,36,37
84,5,6,14,15,16,17,24,25,26,27,34,35,36,37
85,5,6,14,15,16,17,24,25,26,27,34,35,36,37
86,5,6,14,15,16,17,24,25,26,27,34,35,36,37
87,5,6,14,15,16,17,24,25,26,27,34,35,36,37
88,5,6,14,15,16,17,24,25,26,27,34,35,36,37
89,6,14,15,16,17,24,25,26,27,35,36,37
90,6,14,15,16,17,24,25,26,27,35,36,37
91,6,7,15,16,17,25,26,27,35,36,37
92,6,7,15,16,17,25,26,27,35,36,37
93,6,7,15,16,17,25,26,27,35,36,37
94,6,7,15,16,17,25,26,27,35,36,37
95,6,7,15,16,17,18,25,26,27,28,35,36,37
96,6,7,15,16,17,18,25,26,27,28,35,36,37
97,6,7,15,16,17,18,25,26,27,28,35,36,37,38
98,6,7,15,16,17,18,25,26,27,28,35,36,37,38
99,6,7,15,16,17,18,25,26,27,28,35,36,37,38
100,6,7,15,16,17,18,25,26,27,28,35,36,37,38
101,6,7,15,16,17,18,25,26,27,28,36,37,38
102,6,7,15,16,17,18,25,26,27,28,36,37,38
103,7,8,15,16,17,18,25,26,27,28,36,37,38
104,7,8,15,16,17,18,25,26,27,28,36,37,38
105,7,8,16,17,18,26,27,28,36,37,38
106,7,8,16,17,18,26,27,28,36,37,38
107,7,8,16,17,18,19,26,27,28,29,36,37,38
108,7,8,16,17,18,19,26,27,28,29,36,37,38
109,7,8,16,17,18,19,26,27,28,29,36,37,38
110,7,8,16,17,18,19,26,27,28,29,36,37,38
111,7,8,9,16,17,18,19,26,27,28,29,37,38,39
112,7,8,9,16,17,18,19,26,27,28,29,37,38,39
113,7,8,9,16,17,18,19,26,27,28,29,37,38,39
114,7,8,9,16,17,18,19,26,27,28,29,37,38,39
115,7,8,9,16,17,18,19,26,27,28,29,37,38,39
116,7,8,9,16,17,18,19,26,27,28,29,37,38,39
117,7,8,9,17,18,19,27,28,29,37,38,39
118,7,8,9,17,18,19,27,28,29,37,38,39
119,7,8,9,17,18,19,20,27,28,29,30,37,38,39
120,7,8,9,17,18,19,20,27,28,29,30,37,38,39
121,7,8,9,17,18,19,20,27,28,29,30,37,38,39
122,7,8,9,17,18,19,20,27,28,29,30,37,38,39
123,7,8,9,10,17,18,19,20,27,28,29,30,37,38,39
124,7,8,9,10,17,18,19,20,27,28,29,30,37,38,39
125,7,8,9,10,17,18,19,20,27,28,29,30,38,39
126,7,8,9,10,17,18,19,20,27,28,29,30,38,39
127,6,7,8,9,10,16,17,18,19,20,27,28,29,30,38,39
128,6,7,8,9,10,16,17,18,19,20,27,28,29,30,38,39
129,6,7,8,9,10,16,17,18,19,20,27,28,29,38
130,6,7,8,9,10,16,17,18,19,20,27,28,29,38
131,6,7,8,9,10,16,17,18,19,20,26,27,28,29,38
132,6,7,8,9,10,16,17,18,19,20,26,27,28,29,38
133,6,7,8,9,10,16,17,18,19,20,26,27,28,29,38
134,6,7,8,9,10,16,17,18,19,20,26,27,28,29,38
135,6,7,8,9,10,16,17,18,19,20,26,27,28,29,38
136,6,7,8,9,10,16,17,18,19,20,26,27,28,29,38
137,6,7,8,9,10,16,17,18,19,20,26,27,28,29,38
138,6,7,8,9,10,16,17,18,19,20,26,27,28,29,38
139,6,7,8,9,10,16,17,18,19,20,26,27,28,29,37,38
140,6,7,8,9,10,16,17,18,19,20,26,27,28,29,37,38
141,6,7,8,9,16,17,18,19,26,27,28,29,37,38
142,6,7,8,9,16,17,18,19,26,27,28,29,37,38
143,6,7,8,9,16,17,18,19,26,27,28,29,37,38
144,6,7,8,9,16,17,18,19,26,27,28,29,37,38
145,6,7,8,9,16,17,18,19,26,27,28,29,37,38
146,6,7,8,9,16,17,18,19,26,27,28,29,37,38
147,7,8,9,16,17,18,19,26,27,28,29,37,38
148,7,8,9,16,17,18,19,26,27,28,29,37,38
149,7,8,16,17,18,19,26,27,28,29,36,37,38
150,7,8,16,17,18,19,26,27,28,29,36,37,38
151,7,8,16,17,18,19,26,27,28,29,36,37,38
152,7,8,16,17,18,19,26,27,28,29,36,37,38
153,6,7,8,15,16,17,18,25,26,27,28,36,37,38
154,6,7,8,15,16,17,18,25,26,27,28,36,37,38
155,6,7,8,15,16,17,18,25,26,27,28,36,37,38
156,6,7,8,15,16,17,18,25,26,27,28,36,37,38
157,6,7,15,16,17,18,25,26,27,28,35,36,37,38
158,6,7,15,16,17,18,25,26,27,28,35,36,37,38
159,6,7,15,16,17,18,25,26,27,28,35,36,37
160,6,7,15,16,17,18,25,26,27,28,35,36,37
161,6,7,15,16,17,25,26,27,35,36,37
162,6,7,15,16,17,25,26,27,35,36,37
163,6,7,14,15,16,17,24,25,26,27,35,36,37
164,6,7,14,15,16,17,24,25,26,27,35,36,37
165,6,14,15,16,17,24,25,26,27,35,36,37
166,6,14,15,16,17,24,25,26,27,35,36,37
167,5,6,14,15,16,17,24,25,26,27,34,35,36,37
168,5,6,14,15,16,17,24,25,26,27,34,35,36,37
169,5,6,14,15,16,17,24,25,26,27,34,35,36,37
170,5,6,14,15,16,17,24,25,26,27,34,35,36,37
171,5,6,14,15,16,17,24,25,26,27,34,35,36,37
172,5,6,14,15,16,17,24,25,26,27,34,35,36,37
173,5,6,14,15,16,17,24,25,26,27,34,35,36,37
174,5,6,14,15,16,17,24,25,26,27,34,35,36,37
175,5,6,14,15,16,17,24,25,26,27,34,35,36,37
176,5,6,14,15,16,17,24,25,26,27,34,35,36,37
177,6,14,15,16,17,24,25,26,27,34,35,36,37
178,6,14,15,16,17,24,25,26,27,34,35,36,37
179,14,15,16,17,24,25,26,27,34,35,36,37
180,14,15,16,17,24,25,26,27,34,35,36,37
181,14,15,16,17,24,25,26,27,34,35,36,37,45,46
182,14,15,16,17,24,25,26,27,34,35,36,37,45,46
183,14,15,16,24,25,26,27,34,35,36,37,44,45,46
184,14,15,16,24,25,26,27,34,35,36,37,44,45,46
185,15,16,24,25,26,27,34,35,36,37,44,45,46,47
186,15,16,24,25,26,27,34,35,36,37,44,45,46,47
187,15,16,24,25,26,27,34,35,36,37,44,45,46,47
188,15,16,24,25,26,27,34,35,36,37,44,45,46,47
189,15,16,24,25,26,27,34,35,36,37,44,45,46,47
190,15,16,24,25,26,27,34,35,36,37,44,45,46,47
191,16,24,25,26,27,34,35,36,37,44,45,46,47
192,16,24,25,26,27,34,35,36,37,44,45,46,47
193,16,24,25,26,27,34,35,36,37,44,45,46,47
194,16,24,25,26,27,34,35,36,37,44,45,46,47
195,16,24,25,26,27,34,35,36,37,44,45,46,47
196,16,24,25,26,27,34,35,36,37,44,45,46,47
197,24,25,26,27,34,35,36,37,44,45,46,47
198,24,25,26,27,34,35,36,37,44,45,46,47
199,16,24,25,26,27,34,35,36,37,44,45,46,47
200,16,24,25,26,27,34,35,36,37,44,45,46,47
201,16,24,25,26,27,34,35,36,37,44,45,46,47
202,16,24,25,26,27,34,35,36,37,44,45,46,47
203,15,16,24,25,26,27,34,35,36,37,44,45,46,47
204,15,16,24,25,26,27,34,35,36,37,44,45,46,47
205,15,16,24,25,26,27,34,35,36,37,44,45,46,47
206,15,16,24,25,26,27,34,35,36,37,44,45,46,47
207,15,16,24,25,26,27,34,35,36,37,44,45,46
208,15,16,24,25,26,27,34,35,36,37,44,45,46
209,14,15,16,24,25,26,34,35,36,44,45,46
210,14,15,16,24,25,26,34,35,36,44,45,46
211,14,15,16,23,24,25,26,33,34,35,36,44,45,46
212,14,15,16,23,24,25,26,33,34,35,36,44,45,46
213,14,15,16,23,24,25,26,33,34,35,36,44,45
214,14,15,16,23,24,25,26,33,34,35,36,44,45
215,13,14,15,16,23,24,25,26,33,34,35,36,44,45
216,13,14,15,16,23,24,25,26,33,34,35,36,44,45
217,13,14,15,16,23,24,25,26,33,34,35,36
218,13,14,15,16,23,24,25,26,33,34,35,36
219,5,13,14,15,16,23,24,25,26,33,34,35,36
220,5,13,14,15,16,23,24,25,26,33,34,35,36
221,4,5,13,14,15,16,23,24,25,26,33,34,35,36
222,4,5,13,14,15,16,23,24,25,26,33,34,35,36
223,4,5,13,14,15,16,23,24,25,26,33,34,35,36
224,4,5,13,14,15,16,23,24,25,26,33,34,35,36
225,4,5,13,14,15,16,23,24,25,26,33,34,35,36
226,4,5,13,14,15,16,23,24,25,26,33,34,35,36
227,4,5,13,14,15,16,23,24,25,26,33,34,35,36
228,4,5,13,14,15,16,23,24,25,26,33,34,35,36
229,4,5,13,14,15,16,23,24,25,26,33,34,35,36
230,4,5,13,14,15,16,23,24,25,26,33,34,35,36
231,4,5,13,14,15,16,23,24,25,26,34,35,36
232,4,5,13,14,15,16,23,24,25,26,34,35,36
233,4,5,6,13,14,15,16,23,24,25,26,34,35,36
234,4,5,6,13,14,15,16,23,24,25,26,34,35,36
235,4,5,6,13,14,15,16,23,24,25,26,34,35,36
236,4,5,6,13,14,15,16,23,24,25,26,34,35,36
237,5,6,14,15,16,24,25,26,34,35,36
238,5,6,14,15,16,24,25,26,34,35,36
239,5,6,14,15,16,24,25,26,34,35,36
240,5,6,14,15,16,24,25,26,34,35,36
241,5,6,14,15,16,17,24,25,26,27,34,35,36
242,5,6,14,15,16,17,24,25,26,27,34,35,36
243,5,6,14,15,16,17,24,25,26,27,34,35,36
244,5,6,14,15,16,17,24,25,26,27,34,35,36
245,5,6,14,15,16,17,24,25,26,27,34,35,36
246,5,6,14,15,16,17,24,25,26,27,34,35,36
247,5,6,14,15,16,17,24,25,26,27,34,35,36
248,5,6,14,15,16,17,24,25,26,27,34,35,36
249,5,6,14,15,16,17,24,25,26,27,34,35,36
250,5,6,14,15,16,17,24,25,26,27,34,35,36
251,5,6,14,15,16,17,24,25,26,27,34,35,36
252,5,6,14,15,16,17,24,25,26,27,34,35,36
253,5,6,14,15,16,17,24,25,26,27,34,35,36
254,5,6,14,15,16,17,24,25,26,27,34,35,36
255,5,6,14,15,16,17,24,25,26,27,34,35,36
256,5,6,14,15,16,17,24,25,26,27,34,35,36
257,5,6,14,15,16,17,24,25,26,27,34,35,36
258,5,6,14,15,16,17,24,25,26,27,34,35,36
259,5,6,14,15,16,17,24,25,26,27,34,35,36
260,5,6,14,15,16,17,24,25,26,27,34,35,36
261,5,6,14,15,16,17,24,25,26,27,34,35,36
262,5,6,14,15,16,17,24,25,26,27,34,35,36
263,5,6,14,15,16,17,24,25,26,27,34,35,36
264,5,6,14,15,16,17,24,25,26,27,34,35,36
265,5,6,14,15,16,17,24,25,26,27,34,35,36,37
266,5,6,14,15,16,17,24,25,26,27,34,35,36,37
267,5,6,14,15,16,17,24,25,26,27,34,35,36,37
268,5,6,14,15,16,17,24,25,26,27,34,35,36,37
269,14,15,16,17,24,25,26,27,34,35,36,37
270,14,15,16,17,24,25,26,27,34,35,36,37
271,14,15,16,17,24,25,26,27,34,35,36,37
272,14,15,16,17,24,25,26,27,34,35,36,37
273,14,15,16,24,25,26,27,34,35,36
274,14,15,16,24,25,26,27,34,35,36
275,14,15,16,24,25,26,27,34,35,36
276,14,15,16,24,25,26,27,34,35,36
277,14,15,16,24,25,26,27,34,35,36,37,45
278,14,15,16,24,25,26,27,34,35,36,37,45
279,14,15,16,17,24,25,26,27,34,35,36,37,45
280,14,15,16,17,24,25,26,27,34,35,36,37,45
281,14,15,16,17,24,25,26,27,34,35,36,37,45,46
282,14,15,16,17,24,25,26,27,34,35,36,37,45,46
283,14,15,16,17,24,25,26,27,34,35,36,37,45,46
284,14,15,16,17,24,25,26,27,34,35,36,37,45,46
285,14,15,16,17,24,25,26,27,34,35,36,37,45,46
286,14,15,16,17,24,25,26,27,34,35,36,37,45,46
287,14,15,16,17,24,25,26,27,34,35,36,37,45,46
288,14,15,16,17,24,25,26,27,34,35,36,37,45,46
289,14,15,16,17,24,25,26,27,34,35,36,37,45,46
290,14,15,16,17,24,25,26,27,34,35,36,37,45,46
291,14,15,16,17,24,25,26,27,34,35,36,37,45,46
292,14,15,16,17,24,25,26,27,34,35,36,37,45,46
293,14,15,16,17,24,25,26,27,34,35,36,37,45,46
294,14,15,16,17,24,25,26,27,34,35,36,37,45,46
295,14,15,16,17,24,25,26,27,34,35,36,37,45,46
296,14,15,16,17,24,25,26,27,34,35,36,37,45,46
297,14,15,16,17,24,25,26,27,34,35,36,37,45,46
298,14,15,16,17,24,25,26,27,34,35,36,37,45,46
299,14,15,16,17,24,25,26,27,34,35,36,37,45,46
300,14,15,16,17,24,25,26,27,34,35,36,37,45,46
301,14,15,16,17,24,25,26,27,34,35,36,37,45,46
302,14,15,16,17,24,25,26,27,34,35,36,37,45,46
303,14,15,16,24,25,26,27,34,35,36,37,45,46
304,14,15,16,24,25,26,27,34,35,36,37,45,46
305,14,15,16,24,25,26,34,35,36,45,46
306,14,15,16,24,25,26,34,35,36,45,46
307,14,15,16,23,24,25,26,33,34,35,36,44,45
308,14,15,16,23,24,25,26,33,34,35,36,44,45
309,13,14,15,16,23,24,25,26,33,34,35,36,44,45
310,13,14,15,16,23,24,25,26,33,34,35,36,44,45
311,13,14,15,16,23,24,25,26,33,34,35,36
312,13,14,15,16,23,24,25,26,33,34,35,36
313,13,14,15,23,24,25,33,34,35
314,13,14,15,23,24,25,33,34,35
315,13,14,15,23,24,25,33,34,35
316,13,14,15,23,24,25,33,34,35
317,13,14,15,22,23,24,25,33,34,35
318,13,14,15,22,23,24,25,33,34,35
319,12,13,14,15,22,23,24,25,32,33,34,35
320,12,13,14,15,22,23,24,25,32,33,34,35
321,12,13,14,15,22,23,24,25,32,33,34,35
322,12,13,14,15,22,23,24,25,32,33,34,35
323,12,13,14,15,22,23,24,25,32,33,34,35
324,12,13,14,15,22,23,24,25,32,33,34,35
325,12,13,14,15,22,23,24,25,32,33,34,35
326,12,13,14,15,22,23,24,25,32,33,34,35
327,3,12,13,14,22,23,24,32,33,34
328,3,12,13,14,22,23,24,32,33,34
329,3,11,12,13,14,21,22,23,24,32,33,34
330,3,11,12,13,14,21,22,23,24,32,33,34
331,3,11,12,13,14,21,22,23,24,31,32,33,34
332,3,11,12,13,14,21,22,23,24,31,32,33,34
333,2,3,11,12,13,14,21,22,23,24,31,32,33,34
334,2,3,11,12,13,14,21,22,23,24,31,32,33,34
335,2,3,11,12,13,14,21,22,23,24,31,32,33,34
336,2,3,11,12,13,14,21,22,23,24,31,32,33,34
337,2,3,11,12,13,14,21,22,23,24,31,32,33,34
338,2,3,11,12,13,14,21,22,23,24,31,32,33,34
339,2,3,11,12,13,14,21,22,23,24,31,32,33,34
340,2,3,11,12,13,14,21,22,23,24,31,32,33,34
341,2,3,11,12,13,14,21,22,23,24,31,32,33
342,2,3,11,12,13,14,21,22,23,24,31,32,33
343,2,3,11,12,13,14,21,22,23,24,31,32,33
344,2,3,11,12,13,14,21,22,23,24,31,32,33
345,2,3,11,12,13,21,22,23,24,31,32,33
346,2,3,11,12,13,21,22,23,24,31,32,33
347,2,3,11,12,13,21,22,23,31,32,33
348,2,3,11,12,13,21,22,23,31,32,33
349,2,11,12,13,21,22,23,31,32,33
350,2,11,12,13,21,22,23,31,32,33
351,2,11,12,13,21,22,23,31,32,33
352,2,11,12,13,21,22,23,31,32,33
353,2,11,12,13,21,22,23,31,32,33
354,2,11,12,13,21,22,23,31,32,33
355,2,11,12,13,21,22,23,31,32,33
356,2,11,12,13,21,22,23,31,32,33
357,2,11,12,13,21,22,23,31,32,33
358,2,11,12,13,21,22,23,31,32,33
359,2,11,12,13,21,22,23,31,32,33
360,2,11,12,13,21,22,23,31,32,33
361,2,11,12,13,21,22,23,31,32,33
362,2,11,12,13,21,22,23,31,32,33
363,2,11,12,13,21,22,23,31,32,33
364,2,11,12,13,21,22,23,31,32,33
365,3,11,12,13,14,21,22,23,24,31,32,33,34
366,3,11,12,13,14,21,22,23,24,31,32,33,34
367,3,11,12,13,14,21,22,23,24,31,32,33,34
368,3,11,12,13,14,21,22,23,24,31,32,33,34
369,3,12,13,14,22,23,24,32,33,34
370,3,12,13,14,22,23,24,32,33,34
371,3,12,13,14,22,23,24,25,32,33,34
372,3,12,13,14,22,23,24,25,32,33,34
373,12,13,14,15,22,23,24,25,32,33,34,35
374,12,13,14,15,22,23,24,25,32,33,34,35
375,12,13,14,15,22,23,24,25,32,33,34,35
376,12,13,14,15,22,23,24,25,32,33,34,35
377,12,13,14,15,22,23,24,25,32,33,34,35
378,12,13,14,15,22,23,24,25,32,33,34,35
379,13,14,15,23,24,25,33,34,35,44
380,13,14,15,23,24,25,33,34,35,44
381,13,14,15,23,24,25,26,33,34,35,44,45
382,13,14,15,23,24,25,26,33,34,35,44,45
383,13,14,15,23,24,25,26,33,34,35,36,44,45
384,13,14,15,23,24,25,26,33,34,35,36,44,45
385,13,14,15,16,23,24,25,26,33,34,35,36,44,45
386,13,14,15,16,23,24,25,26,33,34,35,36,44,45
387,13,14,15,16,23,24,25,26,33,34,35,36,44,45
388,13,14,15,16,23,24,25,26,33,34,35,36,44,45
389,13,14,15,16,23,24,25,26,33,34,35,36,44,45
390,13,14,15,16,23,24,25,26,33,34,35,36,44,45
391,13,14,15,16,23,24,25,26,33,34,35,36,44,45
392,13,14,15,16,23,24,25,26,33,34,35,36,44,45
393,13,14,15,16,23,24,25,26,33,34,35,36,44,45
394,13,14,15,16,23,24,25,26,33,34,35,36,44,45
395,13,14,15,16,23,24,25,26,33,34,35,36,44,45
396,13,14,15,16,23,24,25,26,33,34,35,36,44,45
397,13,14,15,16,23,24,25,26,33,34,35,36,44,45
398,13,14,15,16,23,24,25,26,33,34,35,36,44,45
399,13,14,15,16,23,24,25,26,33,34,35,36,44,45
400,13,14,15,16,23,24,25,26,33,34,35,36,44,45
401,13,14,15,16,23,24,25,26,33,34,35,36,44,45
402,13,14,15,16,23,24,25,26,33,34,35,36,44,45
403,13,14,15,16,23,24,25,26,33,34,35,36,44,45
404,13,14,15,16,23,24,25,26,33,34,35,36,44,45
405,13,14,15,16,23,24,25,26,33,34,35,36
406,13,14,15,16,23,24,25,26,33,34,35,36
407,5,13,14,15,16,23,24,25,26,33,34,35,36
408,5,13,14,15,16,23,24,25,26,33,34,35,36
409,5,13,14,15,16,23,24,25,26,33,34,35,36
410,5,13,14,15,16,23,24,25,26,33,34,35,36
411,5,13,14,15,16,23,24,25,26,34,35,36
412,5,13,14,15,16,23,24,25,26,34,35,36
413,5,13,14,15,16,23,24,25,26,34,35,36
414,5,13,14,15,16,23,24,25,26,34,35,36
415,5,14,15,16,23,24,25,26,34,35,36
416,5,14,15,16,23,24,25,26,34,35,36
417,5,6,14,15,16,24,25,26,34,35,36
418,5,6,14,15,16,24,25,26,34,35,36
419,5,6,14,15,16,24,25,26,34,35,36
420,5,6,14,15,16,24,25,26,34,35,36
421,5,6,14,15,16,17,24,25,26,27,34,35,36
422,5,6,14,15,16,17,24,25,26,27,34,35,36
423,6,14,15,16,17,24,25,26,27,34,35,36,37
424,6,14,15,16,17,24,25,26,27,34,35,36,37
425,6,14,15,16,17,24,25,26,27,34,35,36,37
426,6,14,15,16,17,24,25,26,27,34,35,36,37
427,14,15,16,17,24,25,26,27,34,35,36,37
428,14,15,16,17,24,25,26,27,34,35,36,37
429,14,15,16,17,24,25,26,27,34,35,36,37
430,14,15,16,17,24,25,26,27,34,35,36,37
431,15,16,17,24,25,26,27,34,35,36,37,46
432,15,16,17,24,25,26,27,34,35,36,37,46
433,15,16,17,24,25,26,27,34,35,36,37,45,46
434,15,16,17,24,25,26,27,34,35,36,37,45,46
435,15,16,17,24,25,26,27,34,35,36,37,45,46,47
436,15,16,17,24,25,26,27,34,35,36,37,45,46,47
437,16,17,24,25,26,27,34,35,36,37,45,46,47
438,16,17,24,25,26,27,34,35,36,37,45,46,47
439,16,17,24,25,26,27,34,35,36,37,44,45,46,47
440,16,17,24,25,26,27,34,35,36,37,44,45,46,47
441,16,24,25,26,27,34,35,36,37,44,45,46,47
442,16,24,25,26,27,34,35,36,37,44,45,46,47
443,16,24,25,26,27,34,35,36,37,44,45,46,47
444,16,24,25,26,27,34,35,36,37,44,45,46,47
445,16,24,25,26,27,34,35,36,37,44,45,46,47
446,16,24,25,26,27,34,35,36,37,44,45,46,47
447,16,24,25,26,27,34,35,36,37,44,45,46,47
448,16,24,25,26,27,34,35,36,37,44,45,46,47
449,16,24,25,26,27,34,35,36,37,44,45,46,47
450,16,24,25,26,27,34,35,36,37,44,45,46,47
451,16,17,24,25,26,27,34,35,36,37,45,46,47
452,16,17,24,25,26,27,34,35,36,37,45,46,47
453,15,16,17,25,26,27,35,36,37,45,46,47
454,15,16,17,25,26,27,35,36,37,45,46,47
455,15,16,17,25,26,27,35,36,37,45,46,47
456,15,16,17,25,26,27,35,36,37,45,46,47
457,15,16,17,25,26,27,35,36,37,45,46,47
458,15,16,17,25,26,27,35,36,37,45,46,47
459,15,16,17,25,26,27,35,36,37,46,47
460,15,16,17,25,26,27,35,36,37,46,47
461,15,16,17,25,26,27,35,36,37,46
462,15,16,17,25,26,27,35,36,37,46
463,15,16,17,25,26,27,35,36,37,46
464,15,16,17,25,26,27,35,36,37,46
465,15,16,17,25,26,27,35,36,37,46
466,15,16,17,25,26,27,35,36,37,46
467,15,16,17,25,26,27,35,36,37,46
468,15,16,17,25,26,27,35,36,37,46
469,15,16,17,25,26,27,35,36,37,46
470,15,16,17,25,26,27,35,36,37,46
471,15,16,17,25,26,27,35,36,37,46
472,15,16,17,25,26,27,35,36,37,46
473,15,16,17,25,26,27,35,36,37,46
474,15,16,17,25,26,27,35,36,37,46
475,15,16,17,25,26,27,35,36,37,46
476,15,16,17,25,26,27,35,36,37,46
477,15,16,17,25,26,27,35,36,37,45,46
478,15,16,17,25,26,27,35,36,37,45,46
479,15,16,17,24,25,26,27,35,36,37,45,46
480,15,16,17,24,25,26,27,35,36,37,45,46
481,15,16,17,24,25,26,27,35,36,37,45,46
482,15,16,17,24,25,26,27,35,36,37,45,46
483,15,16,17,24,25,26,27,35,36,37,45,46
484,15,16,17,24,25,26,27,35,36,37,45,46
485,15,16,17,24,25,26,27,35,36,37,45,46
486,15,16,17,24,25,26,27,35,36,37,45,46
487,15,16,17,24,25,26,27,35,36,37,45,46
488,15,16,17,24,25,26,27,35,36,37,45,46
489,15,16,17,24,25,26,27,35,36,37,45,46
490,15,16,17,24,25,26,27,35,36,37,45,46
491,15,16,17,25,26,27,35,36,37,45,46
492,15,16,17,25,26,27,35,36,37,45,46
493,15,16,17,25,26,27,35,36,37,45,46
494,15,16,17,25,26,27,35,36,37,45,46
495,15,16,17,25,26,27,35,36,37,45,46,47
496,15,16,17,25,26,27,35,36,37,45,46,47
497,15,16,17,25,26,27,35,36,37,46,47
498,15,16,17,25,26,27,35,36,37,46,47
499,15,16,17,25,26,27,28,35,36,37,38,46,47
500,15,16,17,25,26,27,28,35,36,37,38,46,47
501,15,16,17,18,25,26,27,28,35,36,37,38,46,47
502,15,16,17,18,25,26,27,28,35,36,37,38,46,47
503,15,16,17,18,25,26,27,28,35,36,37,38,46,47
504,15,16,17,18,25,26,27,28,35,36,37,38,46,47
505,15,16,17,18,25,26,27,28,35,36,37,38,46,47
506,15,16,17,18,25,26,27,28,35,36,37,38,46,47
507,15,16,17,18,25,26,27,28,35,36,37,38,46,47
508,15,16,17,18,25,26,27,28,35,36,37,38,46,47
509,15,16,17,18,25,26,27,28,35,36,37,38,46,47
510,15,16,17,18,25,26,27,28,35,36,37,38,46,47
511,16,17,18,25,26,27,28,35,36,37,38,46,47
512,16,17,18,25,26,27,28,35,36,37,38,46,47
513,16,17,18,25,26,27,28,35,36,37,38,47
514,16,17,18,25,26,27,28,35,36,37,38,47
515,16,17,18,25,26,27,28,36,37,38
516,16,17,18,25,26,27,28,36,37,38
517,16,17,18,26,27,28,36,37,38
518,16,17,18,26,27,28,36,37,38
519,16,17,18,19,26,27,28,29,36,37,38
520,16,17,18,19,26,27,28,29,36,37,38
521,8,16,17,18,19,26,27,28,29,36,37,38,39
522,8,16,17,18,19,26,27,28,29,36,37,38,39
523,8,16,17,18,19,26,27,28,29,36,37,38,39
524,8,16,17,18,19,26,27,28,29,36,37,38,39
525,8,16,17,18,19,26,27,28,29,36,37,38,39
526,8,16,17,18,19,26,27,28,29,36,37,38,39
527,8,17,18,19,26,27,28,29,37,38,39
528,8,17,18,19,26,27,28,29,37,38,39
529,8,17,18,19,27,28,29,37,38,39
530,8,17,18,19,27,28,29,37,38,39
531,8,17,18,19,27,28,29,37,38,39
532,8,17,18,19,27,28,29,37,38,39
533,8,9,17,18,19,27,28,29,37,38,39
534,8,9,17,18,19,27,28,29,37,38,39
535,8,9,17,18,19,27,28,29,30,37,38,39
536,8,9,17,18,19,27,28,29,30,37,38,39
537,8,9,17,18,19,20,27,28,29,30,37,38,39
538,8,9,17,18,19,20,27,28,29,30,37,38,39
539,8,9,17,18,19,20,27,28,29,30,37,38,39
540,8,9,17,18,19,20,27,28,29,30,37,38,39
541,8,9,17,18,19,20,27,28,29,30,37,38,39,40
542,8,9,17,18,19,20,27,28,29,30,37,38,39,40
543,8,9,17,18,19,20,27,28,29,30,37,38,39,40
544,8,9,17,18,19,20,27,28,29,30,37,38,39,40
545,9,17,18,19,20,27,28,29,30,37,38,39,40
546,9,17,18,19,20,27,28,29,30,37,38,39,40
547,9,17,18,19,20,27,28,29,30,38,39,40
548,9,17,18,19,20,27,28,29,30,38,39,40
549,9,10,18,19,20,28,29,30,38,39,40
550,9,10,18,19,20,28,29,30,38,39,40
551,9,10,18,19,20,21,28,29,30,38,39,40
552,9,10,18,19,20,21,28,29,30,38,39,40
553,9,10,11,18,19,20,21,28,29,30,38,39,40
554,9,10,11,18,19,20,21,28,29,30,38,39,40
555,9,10,11,18,19,20,21,28,29,30,38,39,40
556,9,10,11,18,19,20,21,28,29,30,38,39,40
557,9,10,11,18,19,20,21,28,29,30,31,38,39,40
558,9,10,11,18,19,20,21,28,29,30,31,38,39,40
559,9,10,11,18,19,20,21,28,29,30,31,38,39,40
560,9,10,11,18,19,20,21,28,29,30,31,38,39,40
561,9,10,11,18,19,20,21,28,29,30,31,38,39,40
562,9,10,11,18,19,20,21,28,29,30,31,38,39,40
563,9,10,11,18,19,20,21,28,29,30,31,38,39,40
564,9,10,11,18,19,20,21,28,29,30,31,38,39,40
565,9,10,11,18,19,20,21,28,29,30,31,38,39,40
566,9,10,11,18,19,20,21,28,29,30,31,38,39,40
567,9,10,11,18,19,20,21,28,29,30,31,39,40
568,9,10,11,18,19,20,21,28,29,30,31,39,40
569,9,10,11,18,19,20,21,28,29,30,31,39,40
570,9,10,11,18,19,20,21,28,29,30,31,39,40
571,9,10,11,18,19,20,21,28,29,30,31,39,40
572,9,10,11,18,19,20,21,28,29,30,31,39,40
573,9,10,11,19,20,21,29,30,31,39,40
574,9,10,11,19,20,21,29,30,31,39,40
575,9,10,11,19,20,21,29,30,31,39,40
576,9,10,11,19,20,21,29,30,31,39,40
577,9,10,11,19,20,21,29,30,31,39,40
578,9,10,11,19,20,21,29,30,31,39,40
579,1,9,10,11,12,19,20,21,22,29,30,31,39,40
580,1,9,10,11,12,19,20,21,22,29,30,31,39,40
581,1,9,10,11,12,19,20,21,22,29,30,31,39,40
582,1,9,10,11,12,19,20,21,22,29,30,31,39,40
583,1,9,10,11,12,19,20,21,22,29,30,31,39,40
584,1,9,10,11,12,19,20,21,22,29,30,31,39,40
585,1,9,10,11,12,19,20,21,22,29,30,31,39,40
586,1,9,10,11,12,19,20,21,22,29,30,31,39,40
587,1,9,10,11,12,19,20,21,22,29,30,31,39,40
588,1,9,10,11,12,19,20,21,22,29,30,31,39,40
589,1,9,10,11,18,19,20,21,28,29,30,31,39,40
590,1,9,10,11,18,19,20,21,28,29,30,31,39,40
591,1,8,9,10,11,18,19,20,21,28,29,30,31,39,40
592,1,8,9,10,11,18,19,20,21,28,29,30,31,39,40
593,1,8,9,10,11,18,19,20,21,28,29,30,31,39,40
594,1,8,9,10,11,18,19,20,21,28,29,30,31,39,40
595,1,8,9,10,11,18,19,20,21,28,29,30,39,40
596,1,8,9,10,11,18,19,20,21,28,29,30,39,40
597,1,8,9,10,11,18,19,20,21,28,29,30,39,40
598,1,8,9,10,11,18,19,20,21,28,29,30,39,40
599,1,8,9,10,11,18,19,20,21,28,29,30,39,40
600,1,8,9,10,11,18,19,20,21,28,29,30,39,40
601,1,8,9,10,11,18,19,20,21,28,29,30,39,40
602,1,8,9,10,11,18,19,20,21,28,29,30,39,40
603,1,8,9,10,11,18,19,20,21,28,29,30,39,40
604,1,8,9,10,11,18,19,20,21,28,29,30,39,40
605,1,8,9,10,11,18,19,20,21,28,29,30,39,40
606,1,8,9,10,11,18,19,20,21,28,29,30,39,40
607,1,8,9,10,11,18,19,20,21,28,29,30,39,40
608,1,8,9,10,11,18,19,20,21,28,29,30,39,40
609,1,8,9,10,11,18,19,20,21,28,29,30,31,39,40
610,1,8,9,10,11,18,19,20,21,28,29,30,31,39,40
611,1,9,10,11,18,19,20,21,28,29,30,31,39,40
612,1,9,10,11,18,19,20,21,28,29,30,31,39,40
613,9,10,11,18,19,20,21,28,29,30,31,39,40
614,9,10,11,18,19,20,21,28,29,30,31,39,40
615,9,10,11,18,19,20,21,28,29,30,31,39,40
616,9,10,11,18,19,20,21,28,29,30,31,39,40
617,9,10,11,18,19,20,21,28,29,30,31,39,40
618,9,10,11,18,19,20,21,28,29,30,31,39,40
619,10,11,18,19,20,21,28,29,30,31,39,40
620,10,11,18,19,20,21,28,29,30,31,39,40
621,10,11,18,19,20,21,28,29,30,31,39,40
622,10,11,18,19,20,21,28,29,30,31,39,40
623,10,11,18,19,20,21,28,29,30,31,39,40
624,10,11,18,19,20,21,28,29,30,31,39,40
625,10,11,18,19,20,21,28,29,30,31,38,39,40
626,10,11,18,19,20,21,28,29,30,31,38,39,40
627,9,10,11,18,19,20,21,28,29,30,31,38,39,40
628,9,10,11,18,19,20,21,28,29,30,31,38,39,40
629,9,10,11,18,19,20,21,28,29,30,31,38,39,40
630,9,10,11,18,19,20,21,28,29,30,31,38,39,40
631,9,10,11,18,19,20,21,28,29,30,31,38,39,40
632,9,10,11,18,19,20,21,28,29,30,31,38,39,40
633,9,10,11,18,19,20,21,28,29,30,38,39,40
634,9,10,11,18,19,20,21,28,29,30,38,39,40
635,9,10,11,18,19,20,21,28,29,30,38,39,40
636,9,10,11,18,19,20,21,28,29,30,38,39,40
637,9,10,11,18,19,20,21,28,29,30,38,39,40
638,9,10,11,18,19,20,21,28,29,30,38,39,40
639,9,10,11,18,19,20,21,28,29,30,38,39,40
640,9,10,11,18,19,20,21,28,29,30,38,39,40
641,9,10,11,18,19,20,21,28,29,30,38,39,40
642,9,10,11,18,19,20,21,28,29,30,38,39,40
643,9,10,11,18,19,20,21,28,29,30,38,39,40
644,9,10,11,18,19,20,21,28,29,30,38,39,40
645,9,10,11,18,19,20,21,28,29,30,38,39,40
646,9,10,11,18,19,20,21,28,29,30,38,39,40
647,9,10,18,19,20,21,28,29,30,38,39,40
648,9,10,18,19,20,21,28,29,30,38,39,40
649,9,10,18,19,20,28,29,30,38,39,40
650,9,10,18,19,20,28,29,30,38,39,40
651,9,10,18,19,20,28,29,30,38,39,40
652,9,10,18,19,20,28,29,30,38,39,40
653,9,10,18,19,20,28,29,30,38,39,40
654,9,10,18,19,20,28,29,30,38,39,40
655,9,10,18,19,20,28,29,30,38,39,40
656,9,10,18,19,20,28,29,30,38,39,40
657,9,10,18,19,20,28,29,30,38,39,40
658,9,10,18,19,20,28,29,30,38,39,40
659,9,10,17,18,19,20,27,28,29,30,38,39,40
660,9,10,17,18,19,20,27,28,29,30,38,39,40
661,9,10,17,18,19,20,27,28,29,30,38,39,40
662,9,10,17,18,19,20,27,28,29,30,38,39,40
663,9,10,18,19,20,27,28,29,30,38,39,40
664,9,10,18,19,20,27,28,29,30,38,39,40
665,9,10,18,19,20,28,29,30,38,39,40
666,9,10,18,19,20,28,29,30,38,39,40
667,9,10,18,19,20,28,29,30,38,39,40
668,9,10,18,19,20,28,29,30,38,39,40
669,9,10,18,19,20,27,28,29,30,38,39,40
670,9,10,18,19,20,27,28,29,30,38,39,40
671,9,10,18,19,20,27,28,29,30,38,39,40
672,9,10,18,19,20,27,28,29,30,38,39,40
673,9,18,19,20,27,28,29,30,38,39,40
674,9,18,19,20,27,28,29,30,38,39,40
675,9,18,19,20,27,28,29,30,38,39,40
676,9,18,19,20,27,28,29,30,38,39,40
677,9,18,19,20,27,28,29,30,38,39,40
678,9,18,19,20,27,28,29,30,38,39,40
679,9,18,19,20,27,28,29,30,38,39,40
680,9,18,19,20,27,28,29,30,38,39,40
681,9,17,18,19,20,27,28,29,30,38,39,40
682,9,17,18,19,20,27,28,29,30,38,39,40
683,9,17,18,19,20,27,28,29,30,38,39,40
684,9,17,18,19,20,27,28,29,30,38,39,40
685,9,17,18,19,20,27,28,29,30,38,39,40
686,9,17,18,19,20,27,28,29,30,38,39,40
687,9,17,18,19,20,27,28,29,30,38,39,40
688,9,17,18,19,20,27,28,29,30,38,39,40
689,9,17,18,19,20,27,28,29,30,38,39,40
690,9,17,18,19,20,27,28,29,30,38,39,40
691,9,17,18,19,20,27,28,29,30,37,38,39,40
692,9,17,18,19,20,27,28,29,30,37,38,39,40
693,8,9,17,18,19,20,27,28,29,30,37,38,39,40
694,8,9,17,18,19,20,27,28,29,30,37,38,39,40
695,8,9,17,18,19,20,27,28,29,30,37,38,39,40
696,8,9,17,18,19,20,27,28,29,30,37,38,39,40
697,8,9,17,18,19,20,27,28,29,30,37,38,39
698,8,9,17,18,19,20,27,28,29,30,37,38,39
699,8,9,17,18,19,20,27,28,29,30,37,38,39
700,8,9,17,18,19,20,27,28,29,30,37,38,39
701,8,9,17,18,19,20,27,28,29,30,37,38,39
702,8,9,17,18,19,20,27,28,29,30,37,38,39
703,8,9,17,18,19,27,28,29,37,38,39
704,8,9,17,18,19,27,28,29,37,38,39
705,8,9,17,18,19,27,28,29,37,38,39
706,8,9,17,18,19,27,28,29,37,38,39
707,8,9,17,18,19,27,28,29,37,38,39
708,8,9,17,18,19,27,28,29,37,38,39
709,8,9,17,18,19,27,28,29,37,38,39
710,8,9,17,18,19,27,28,29,37,38,39
711,8,9,17,18,19,27,28,29,37,38,39
712,8,9,17,18,19,27,28,29,37,38,39
713,7,8,9,16,17,18,19,26,27,28,29,37,38,39
714,7,8,9,16,17,18,19,26,27,28,29,37,38,39
715,7,8,9,16,17,18,19,26,27,28,29,37,38,39
716,7,8,9,16,17,18,19,26,27,28,29,37,38,39
717,7,8,9,16,17,18,19,26,27,28,29,37,38,39
718,7,8,9,16,17,18,19,26,27,28,29,37,38,39
719,7,8,9,16,17,18,19,26,27,28,29,37,38,39
720,7,8,9,16,17,18,19,26,27,28,29,37,38,39
721,7,8,16,17,18,19,26,27,28,29,36,37,38,39
722,7,8,16,17,18,19,26,27,28,29,36,37,38,39
723,7,8,16,17,18,19,26,27,28,29,36,37,38,39
724,7,8,16,17,18,19,26,27,28,29,36,37,38,39
725,7,8,16,17,18,19,26,27,28,29,36,37,38
726,7,8,16,17,18,19,26,27,28,29,36,37,38
727,7,8,16,17,18,19,26,27,28,29,36,37,38
728,7,8,16,17,18,19,26,27,28,29,36,37,38
729,7,8,16,17,18,26,27,28,36,37,38
730,7,8,16,17,18,26,27,28,36,37,38
731,7,8,16,17,18,26,27,28,36,37,38
732,7,8,16,17,18,26,27,28,36,37,38
733,7,15,16,17,18,25,26,27,28,36,37,38
734,7,15,16,17,18,25,26,27,28,36,37,38
735,7,15,16,17,18,25,26,27,28,35,36,37,38
736,7,15,16,17,18,25,26,27,28,35,36,37,38
737,7,15,16,17,18,25,26,27,28,35,36,37,38
738,7,15,16,17,18,25,26,27,28,35,36,37,38
739,7,15,16,17,18,25,26,27,28,35,36,37,38
740,7,15,16,17,18,25,26,27,28,35,36,37,38
741,15,16,17,18,25,26,27,28,35,36,37
742,15,16,17,18,25,26,27,28,35,36,37
743,15,16,17,25,26,27,35,36,37
744,15,16,17,25,26,27,35,36,37
745,15,16,17,24,25,26,27,35,36,37
746,15,16,17,24,25,26,27,35,36,37
747,14,15,16,17,24,25,26,27,34,35,36,37
748,14,15,16,17,24,25,26,27,34,35,36,37
749,14,15,16,17,24,25,26,27,34,35,36,37
750,14,15,16,17,24,25,26,27,34,35,36,37
751,6,14,15,16,17,24,25,26,27,34,35,36,37
752,6,14,15,16,17,24,25,26,27,34,35,36,37
753,6,14,15,16,17,24,25,26,27,34,35,36,37
754,6,14,15,16,17,24,25,26,27,34,35,36,37
755,6,14,15,16,17,24,25,26,27,34,35,36,37
756,6,14,15,16,17,24,25,26,27,34,35,36,37
757,5,6,14,15,16,17,24,25,26,27,34,35,36,37
758,5,6,14,15,16,17,24,25,26,27,34,35,36,37
759,5,6,14,15,16,17,24,25,26,27,34,35,36,37
760,5,6,14,15,16,17,24,25,26,27,34,35,36,37
761,6,14,15,16,17,24,25,26,27,34,35,36,37
762,6,14,15,16,17,24,25,26,27,34,35,36,37
763,14,15,16,17,24,25,26,27,34,35,36,37
764,14,15,16,17,24,25,26,27,34,35,36,37
765,14,15,16,17,24,25,26,27,34,35,36,37
766,14,15,16,17,24,25,26,27,34,35,36,37
767,6,14,15,16,17,24,25,26,27,34,35,36,37
768,6,14,15,16,17,24,25,26,27,34,35,36,37
769,5,6,14,15,16,17,24,25,26,27,34,35,36,37
770,5,6,14,15,16,17,24,25,26,27,34,35,36,37
771,5,6,14,15,16,17,24,25,26,27,34,35,36
772,5,6,14,15,16,17,24,25,26,27,34,35,36
773,5,6,14,15,16,17,24,25,26,27,34,35,36
774,5,6,14,15,16,17,24,25,26,27,34,35,36
775,5,6,7,14,15,16,17,24,25,26,27,34,35,36
776,5,6,7,14,15,16,17,24,25,26,27,34,35,36
777,4,5,6,7,14,15,16,17,24,25,26,27,35,36
778,4,5,6,7,14,15,16,17,24,25,26,27,35,36
779,4,5,6,7,14,15,16,17,24,25,26,27,35,36
780,4,5,6,7,14,15,16,17,24,25,26,27,35,36
781,4,5,6,7,14,15,16,17,24,25,26,27,35,36
782,4,5,6,7,14,15,16,17,24,25,26,27,35,36
783,4,5,6,7,14,15,16,17,24,25,26,27,35,36
784,4,5,6,7,14,15,16,17,24,25,26,27,35,36
785,5,6,7,14,15,16,17,24,25,26,27,35,36
786,5,6,7,14,15,16,17,24,25,26,27,35,36
787,5,6,14,15,16,17,24,25,26,27,34,35,36
788,5,6,14,15,16,17,24,25,26,27,34,35,36
789,5,6,14,15,16,17,24,25,26,27,34,35,36,37
790,5,6,14,15,16,17,24,25,26,27,34,35,36,37
791,5,6,14,15,16,17,24,25,26,27,34,35,36,37
792,5,6,14,15,16,17,24,25,26,27,34,35,36,37
793,6,14,15,16,17,24,25,26,27,34,35,36,37
794,6,14,15,16,17,24,25,26,27,34,35,36,37
795,14,15,16,17,24,25,26,27,34,35,36,37,45,46
796,14,15,16,17,24,25,26,27,34,35,36,37,45,46
797,14,15,16,17,24,25,26,27,34,35,36,37,45,46
798,14,15,16,17,24,25,26,27,34,35,36,37,45,46
799,14,15,16,24,25,26,27,34,35,36,37,44,45,46,47
800,14,15,16,24,25,26,27,34,35,36,37,44,45,46,47
801,15,16,24,25,26,27,34,35,36,37,44,45,46,47
802,15,16,24,25,26,27,34,35,36,37,44,45,46,47
803,15,16,24,25,26,27,34,35,36,37,44,45,46,47
804,15,16,24,25,26,27,34,35,36,37,44,45,46,47
805,15,16,24,25,26,27,34,35,36,37,44,45,46,47
806,15,16,24,25,26,27,34,35,36,37,44,45,46,47
807,15,16,24,25,26,27,34,35,36,37,44,45,46,47
808,15,16,24,25,26,27,34,35,36,37,44,45,46,47
809,15,16,24,25,26,27,34,35,36,37,44,45,46,47
810,15,16,24,25,26,27,34,35,36,37,44,45,46,47
811,15,16,24,25,26,27,34,35,36,37,44,45,46,47
812,15,16,24,25,26,27,34,35,36,37,44,45,46,47
813,15,16,24,25,26,27,34,35,36,37,44,45,46,47
814,15,16,24,25,26,27,34,35,36,37,44,45,46,47
815,15,16,24,25,26,27,34,35,36,37,44,45,46
816,15,16,24,25,26,27,34,35,36,37,44,45,46
817,14,15,16,24,25,26,27,34,35,36,37,45,46
818,14,15,16,24,25,26,27,34,35,36,37,45,46
819,14,15,16,17,24,25,26,27,34,35,36,37,45,46
820,14,15,16,17,24,25,26,27,34,35,36,37,45,46
821,14,15,16,17,24,25,26,27,34,35,36,37
822,14,15,16,17,24,25,26,27,34,35,36,37
823,5,6,14,15,16,17,24,25,26,27,34,35,36,37
824,5,6,14,15,16,17,24,25,26,27,34,35,36,37
825,5,6,14,15,16,17,24,25,26,27,34,35,36,37
826,5,6,14,15,16,17,24,25,26,27,34,35,36,37
827,5,6,14,15,16,17,24,25,26,27,34,35,36
828,5,6,14,15,16,17,24,25,26,27,34,35,36
829,5,6,14,15,16,17,24,25,26,27,34,35,36
830,5,6,14,15,16,17,24,25,26,27,34,35,36
831,5,6,14,15,16,17,24,25,26,27,34,35,36
832,5,6,14,15,16,17,24,25,26,27,34,35,36
833,5,6,7,14,15,16,17,24,25,26,27,35,36
834,5,6,7,14,15,16,17,24,25,26,27,35,36
835,4,5,6,7,14,15,16,17,24,25,26,27,35,36
836,4,5,6,7,14,15,16,17,24,25,26,27,35,36
837,4,5,6,7,14,15,16,17,24,25,26,27,35,36
838,4,5,6,7,14,15,16,17,24,25,26,27,35,36
839,4,5,6,7,14,15,16,17,24,25,26,27,35,36
840,4,5,6,7,14,15,16,17,24,25,26,27,35,36
841,4,5,6,7,14,15,16,17,24,25,26,27,35,36
842,4,5,6,7,14,15,16,17,24,25,26,27,35,36
843,4,5,6,7,14,15,16,17,24,25,26,27,35,36
844,4,5,6,7,14,15,16,17,24,25,26,27,35,36
845,4,5,6,7,14,15,16,17,24,25,26,27,35,36
846,4,5,6,7,14,15,16,17,24,25,26,27,35,36
847,4,5,6,7,14,15,16,17,24,25,26,27,35,36
848,4,5,6,7,14,15,16,17,24,25,26,27,35,36
849,4,5,6,7,14,15,16,17,24,25,26,27,35,36
850,4,5,6,7,14,15,16,17,24,25,26,27,35,36
851,4,5,6,7,14,15,16,17,24,25,26,27,35,36
852,4,5,6,7,14,15,16,17,24,25,26,27,35,36
853,4,5,6,7,14,15,16,17,24,25,26,27,35,36
854,4,5,6,7,14,15,16,17,24,25,26,27,35,36
855,4,5,6,7,14,15,16,17,24,25,26,27,35,36
856,4,5,6,7,14,15,16,17,24,25,26,27,35,36
857,4,5,6,7,14,15,16,17,24,25,26,27,35,36
858,4,5,6,7,14,15,16,17,24,25,26,27,35,36
859,4,5,6,7,14,15,16,17,24,25,26,27,35,36
860,4,5,6,7,14,15,16,17,24,25,26,27,35,36
861,4,5,6,7,14,15,16,17,24,25,26,27,35,36
862,4,5,6,7,14,15,16,17,24,25,26,27,35,36
863,4,5,6,7,14,15,16,17,24,25,26,27,35,36
864,4,5,6,7,14,15,16,17,24,25,26,27,35,36
865,4,5,6,7,14,15,16,17,24,25,26,27,35,36
866,4,5,6,7,14,15,16,17,24,25,26,27,35,36
867,4,5,6,7,14,15,16,17,24,25,26,27,35,36
868,4,5,6,7,14,15,16,17,24,25,26,27,35,36
869,4,5,6,7,14,15,16,17,24,25,26,27,35,36
870,4,5,6,7,14,15,16,17,24,25,26,27,35,36
871,4,5,6,7,14,15,16,17,24,25,26,27,35
872,4,5,6,7,14,15,16,17,24,25,26,27,35
873,3,4,5,6,7,13,14,15,16,17,24,25,26,27
874,3,4,5,6,7,13,14,15,16,17,24,25,26,27
875,3,4,5,6,7,13,14,15,16,17,24,25,26,27
876,3,4,5,6,7,13,14,15,16,17,24,25,26,27
877,1,2,3,4,5,6,7,8,9,10,13,14,15,16,17,24,25,26,27
878,1,2,3,4,5,6,7,8,9,10,13,14,15,16,17,24,25,26,27
879,1,2,3,4,5,6,7,8,9,10,13,14,15,16,17,24,25,26,27
880,1,2,3,4,5,6,7,8,9,10,13,14,15,16,17,24,25,26,27
881,1,2,3,4,5,6,7,8,9,10,13,14,15,16,17,24,25,26
882,1,2,3,4,5,6,7,8,9,10,13,14,15,16,17,24,25,26
883,1,2,3,4,5,6,7,8,9,10,13,14,15,16,17,24,25,26
884,1,2,3,4,5,6,7,8,9,10,13,14,15,16,17,24,25,26
885,1,2,3,4,5,6,7,8,9,10,13,14,15,16,17,24,25,26
886,1,2,3,4,5,6,7,8,9,10,13,14,15,16,17,24,25,26
887,1,2,3,4,5,6,7,8,9,10,13,14,15,16,17,24,25,26
888,1,2,3,4,5,6,7,8,9,10,13,14,15,16,17,24,25,26
889,1,2,3,4,5,6,7,8,9,10,13,14,15,16,17,24,25,26
890,1,2,3,4,5,6,7,8,9,10,13,14,15,16,17,24,25,26
891,1,2,3,4,5,6,7,8,9,10,13,14,15,16,17,24,25,26
892,1,2,3,4,5,6,7,8,9,10,13,14,15,16,17,24,25,26
893,1,2,3,4,5,6,7,8,9,10,13,14,15,16,17,24,25,26
894,1,2,3,4,5,6,7,8,9,10,13,14,15,16,17,24,25,26
895,1,2,3,4,5,6,7,8,9,10,13,14,15,16,17,24,25,26
896,1,2,3,4,5,6,7,8,9,10,13,14,15,16,17,24,25,26
897,1,2,3,4,5,6,7,8,9,10,13,14,15,16,17,24,25,26
898,1,2,3,4,5,6,7,8,9,10,13,14,15,16,17,24,25,26
899,1,2,3,4,5,6,7,8,9,10,13,14,15,16,17,23,24,25,26
900,1,2,3,4,5,6,7,8,9,10,13,14,15,16,17,23,24,25,26
901,1,2,3,4,5,6,7,8,9,10,13,14,15,16,17,23,24,25,26
902,1,2,3,4,5,6,7,8,9,10,13,14,15,16,17,23,24,25,26
903,1,2,3,4,5,6,7,8,9,10,13,14,15,16,23,24,25,26
904,1,2,3,4,5,6,7,8,9,10,13,14,15,16,23,24,25,26
905,1,2,3,4,5,6,7,8,9,10,12,13,14,15,16,23,24,25,26
906,1,2,3,4,5,6,7,8,9,10,12,13,14,15,16,23,24,25,26
907,2,3,4,5,6,12,13,14,15,16,23,24,25,26,34
908,2,3,4,5,6,12,13,14,15,16,23,24,25,26,34
909,2,3,4,5,6,12,13,14,15,16,23,24,25,26,34
910,2,3,4,5,6,12,13,14,15,16,23,24,25,26,34
911,2,3,4,5,6,12,13,14,15,16,23,24,25,26,34,35
912,2,3,4,5,6,12,13,14,15,16,23,24,25,26,34,35
913,2,3,4,5,12,13,14,15,22,23,24,25,33,34,35
914,2,3,4,5,12,13,14,15,22,23,24,25,33,34,35
915,2,3,4,5,12,13,14,15,22,23,24,25,33,34
916,2,3,4,5,12,13,14,15,22,23,24,25,33,34
917,2,3,4,5,12,13,14,15,22,23,24,25,33,34
918,2,3,4,5,12,13,14,15,22,23,24,25,33,34
919,2,3,4,5,12,13,14,15,22,23,24,25,33,34,35
920,2,3,4,5,12,13,14,15,22,23,24,25,33,34,35
921,2,3,4,5,12,13,14,15,22,23,24,25,33,34,35
922,2,3,4,5,12,13,14,15,22,23,24,25,33,34,35
923,3,4,5,12,13,14,15,22,23,24,25,33,34,35
924,3,4,5,12,13,14,15,22,23,24,25,33,34,35
925,3,4,5,12,13,14,15,22,23,24,25,33,34,35
926,3,4,5,12,13,14,15,22,23,24,25,33,34,35
927,3,4,5,12,13,14,15,22,23,24,25,33,34,35
928,3,4,5,12,13,14,15,22,23,24,25,33,34,35
929,3,4,5,12,13,14,15,22,23,24,25,33,34,35
930,3,4,5,12,13,14,15,22,23,24,25,33,34,35
931,3,4,5,12,13,14,15,22,23,24,25,33,34,35
932,3,4,5,12,13,14,15,22,23,24,25,33,34,35
933,3,4,5,12,13,14,15,22,23,24,25,33,34,35
934,3,4,5,12,13,14,15,22,23,24,25,33,34,35
935,3,4,12,13,14,15,22,23,24,25,33,34,35
936,3,4,12,13,14,15,22,23,24,25,33,34,35
937,3,4,12,13,14,15,22,23,24,25,32,33,34,35
938,3,4,12,13,14,15,22,23,24,25,32,33,34,35
939,3,4,12,13,14,15,22,23,24,25,32,33,34
940,3,4,12,13,14,15,22,23,24,25,32,33,34
941,3,4,12,13,14,15,22,23,24,25,32,33,34
942,3,4,12,13,14,15,22,23,24,25,32,33,34
943,3,4,12,13,14,15,22,23,24,25,32,33,34
944,3,4,12,13,14,15,22,23,24,25,32,33,34
945,3,4,12,13,14,22,23,24,25,32,33,34
946,3,4,12,13,14,22,23,24,25,32,33,34
947,3,4,12,13,14,22,23,24,32,33,34
948,3,4,12,13,14,22,23,24,32,33,34
949,3,4,12,13,14,22,23,24,25,32,33,34
950,3,4,12,13,14,22,23,24,25,32,33,34
951,3,4,12,13,14,15,22,23,24,25,32,33,34
952,3,4,12,13,14,15,22,23,24,25,32,33,34
953,4,12,13,14,15,22,23,24,25,32,33,34,35
954,4,12,13,14,15,22,23,24,25,32,33,34,35
955,4,12,13,14,15,22,23,24,25,32,33,34,35
956,4,12,13,14,15,22,23,24,25,32,33,34,35
957,4,13,14,15,22,23,24,25,33,34,35
958,4,13,14,15,22,23,24,25,33,34,35
959,4,13,14,15,23,24,25,33,34,35
960,4,13,14,15,23,24,25,33,34,35
961,4,5,13,14,15,16,23,24,25,26,33,34,35
962,4,5,13,14,15,16,23,24,25,26,33,34,35
963,4,5,13,14,15,16,23,24,25,26,33,34,35,36
964,4,5,13,14,15,16,23,24,25,26,33,34,35,36
965,5,13,14,15,16,23,24,25,26,33,34,35,36
966,5,13,14,15,16,23,24,25,26,33,34,35,36
967,5,13,14,15,16,23,24,25,26,33,34,35,36
968,5,13,14,15,16,23,24,25,26,33,34,35,36
969,4,5,13,14,15,16,23,24,25,26,34,35,36
970,4,5,13,14,15,16,23,24,25,26,34,35,36
971,4,5,6,13,14,15,16,23,24,25,26,34,35,36
972,4,5,6,13,14,15,16,23,24,25,26,34,35,36
973,4,5,6,13,14,15,16,23,24,25,26,34,35,36
974,4,5,6,13,14,15,16,23,24,25,26,34,35,36
975,4,5,6,13,14,15,16,23,24,25,26,34,35,36
976,4,5,6,13,14,15,16,23,24,25,26,34,35,36
977,4,5,6,13,14,15,16,23,24,25,26,34,35,36
978,4,5,6,13,14,15,16,23,24,25,26,34,35,36
979,4,5,6,13,14,15,16,23,24,25,26,34,35,36
980,4,5,6,13,14,15,16,23,24,25,26,34,35,36
981,4,5,6,13,14,15,16,23,24,25,26,34,35,36
982,4,5,6,13,14,15,16,23,24,25,26,34,35,36
983,4,5,6,13,14,15,16,23,24,25,26,34,35,36
984,4,5,6,13,14,15,16,23,24,25,26,34,35,36
985,4,5,6,13,14,15,16,23,24,25,26,34,35,36
986,4,5,6,13,14,15,16,23,24,25,26,34,35,36
987,4,5,6,13,14,15,16,23,24,25,26,34,35,36
988,4,5,6,13,14,15,16,23,24,25,26,34,35,36
989,4,5,6,13,14,15,16,23,24,25,26,34,35,36
990,4,5,6,13,14,15,16,23,24,25,26,34,35,36
991,4,5,6,13,14,15,16,17,24,25,26,34,35,36
992,4,5,6,13,14,15,16,17,24,25,26,34,35,36
993,3,4,5,6,7,13,14,15,16,17,24,25,26,34,35,36
994,3,4,5,6,7,13,14,15,16,17,24,25,26,34,35,36
995,3,4,5,6,7,13,14,15,16,17,24,25,26,27,34,35,36
996,3,4,5,6,7,13,14,15,16,17,24,25,26,27,34,35,36
997,3,4,5,6,7,13,14,15,16,17,24,25,26,27,35,36
998,3,4,5,6,7,13,14,15,16,17,24,25,26,27,35,36
999,4,5,6,7,13,14,15,16,17,24,25,26,27,35,36
1000,4,5,6,7,13,14,15,16,17,24,25,26,27,35,36
1001,4,5,6,7,14,15,16,17,24,25,26,27,35,36
1002,4,5,6,7,14,15,16,17,24,25,26,27,35,36
1003,4,5,6,7,14,15,16,17,24,25,26,27,35,36
1004,4,5,6,7,14,15,16,17,24,25,26,27,35,36
1005,4,5,6,7,14,15,16,17,24,25,26,27,35,36
1006,4,5,6,7,14,15,16,17,24,25,26,27,35,36
1007,4,5,6,7,14,15,16,17,24,25,26,27,35,36
1008,4,5,6,7,14,15,16,17,24,25,26,27,35,36
1009,4,5,6,7,14,15,16,17,24,25,26,27,35,36
1010,4,5,6,7,14,15,16,17,24,25,26,27,35,36
1011,4,5,6,7,14,15,16,17,24,25,26,27,35,36
1012,4,5,6,7,14,15,16,17,24,25,26,27,35,36
1013,4,5,6,14,15,16,17,24,25,26,27,34,35,36
1014,4,5,6,14,15,16,17,24,25,26,27,34,35,36
1015,4,5,6,14,15,16,17,24,25,26,27,34,35,36
1016,4,5,6,14,15,16,17,24,25,26,27,34,35,36
1017,5,6,14,15,16,17,24,25,26,27,34,35,36
1018,5,6,14,15,16,17,24,25,26,27,34,35,36
1019,5,6,14,15,16,17,24,25,26,27,34,35,36
1020,5,6,14,15,16,17,24,25,26,27,34,35,36
1021,5,6,14,15,16,17,24,25,26,27,34,35,36
1022,5,6,14,15,16,17,24,25,26,27,34,35,36
1023,5,6,14,15,16,24,25,26,27,34,35,36
1024,5,6,14,15,16,24,25,26,27,34,35,36
1025,5,6,14,15,16,17,24,25,26,27,34,35,36
1026,5,6,14,15,16,17,24,25,26,27,34,35,36
1027,5,6,14,15,16,17,24,25,26,27,34,35,36
1028,5,6,14,15,16,17,24,25,26,27,34,35,36
1029,5,6,14,15,16,17,24,25,26,27,34,35,36
1030,5,6,14,15,16,17,24,25,26,27,34,35,36
1031,5,6,14,15,16,17,24,25,26,27,34,35,36
1032,5,6,14,15,16,17,24,25,26,27,34,35,36
1033,5,6,14,15,16,17,24,25,26,27,34,35,36
1034,5,6,14,15,16,17,24,25,26,27,34,35,36
1035,5,6,7,14,15,16,17,24,25,26,27,35,36
1036,5,6,7,14,15,16,17,24,25,26,27,35,36
1037,4,5,6,7,14,15,16,17,24,25,26,27,35,36
1038,4,5,6,7,14,15,16,17,24,25,26,27,35,36
1039,4,5,6,7,14,15,16,17,24,25,26,27,35,36
1040,4,5,6,7,14,15,16,17,24,25,26,27,35,36
1041,4,5,6,7,14,15,16,17,24,25,26,27,35,36
1042,4,5,6,7,14,15,16,17,24,25,26,27,35,36
1043,4,5,6,7,14,15,16,17,24,25,26,27,35,36
1044,4,5,6,7,14,15,16,17,24,25,26,27,35,36
1045,4,5,6,7,14,15,16,17,24,25,26,27,35,36
1046,4,5,6,7,14,15,16,17,24,25,26,27,35,36
1047,4,5,6,7,14,15,16,17,24,25,26,27,35,36
1048,4,5,6,7,14,15,16,17,24,25,26,27,35,36
1049,4,5,6,7,14,15,16,17,24,25,26,27,35,36
1050,4,5,6,7,14,15,16,17,24,25,26,27,35,36
1051,4,5,6,7,14,15,16,17,24,25,26,27
1052,4,5,6,7,14,15,16,17,24,25,26,27
1053,4,5,6,7,8,14,15,16,17,24,25,26,27
1054,4,5,6,7,8,14,15,16,17,24,25,26,27
1055,2,3,4,5,6,7,8,9,10,14,15,16,17,24,25,26,27
1056,2,3,4,5,6,7,8,9,10,14,15,16,17,24,25,26,27
1057,1,2,3,4,5,6,7,8,9,10,14,15,16,17,24,25,26,27
1058,1,2,3,4,5,6,7,8,9,10,14,15,16,17,24,25,26,27
1059,1,2,3,4,5,6,7,8,9,10,14,15,16,17,24,25,26,27
1060,1,2,3,4,5,6,7,8,9,10,14,15,16,17,24,25,26,27
1061,1,2,3,4,5,6,7,8,9,10,14,15,16,17,18,24,25,26,27
1062,1,2,3,4,5,6,7,8,9,10,14,15,16,17,18,24,25,26,27
1063,1,2,3,4,5,6,7,8,9,10,14,15,16,17,18,24,25,26,27
1064,1,2,3,4,5,6,7,8,9,10,14,15,16,17,18,24,25,26,27
1065,1,2,3,4,5,6,7,8,9,10,14,15,16,17,18,24,25,26,27
1066,1,2,3,4,5,6,7,8,9,10,14,15,16,17,18,24,25,26,27
1067,1,2,3,4,5,6,7,8,9,10,14,15,16,17,18,24,25,26,27
1068,1,2,3,4,5,6,7,8,9,10,14,15,16,17,18,24,25,26,27
1069,1,2,3,4,5,6,7,8,9,10,14,15,16,17,18,24,25,26,27
1070,1,2,3,4,5,6,7,8,9,10,14,15,16,17,18,24,25,26,27
1071,4,5,6,7,8,14,15,16,17,18,24,25,26,27
1072,4,5,6,7,8,14,15,16,17,18,24,25,26,27
1073,4,5,6,7,14,15,16,17,24,25,26,27,35,36
1074,4,5,6,7,14,15,16,17,24,25,26,27,35,36
1075,4,5,6,7,14,15,16,17,24,25,26,27,35,36
1076,4,5,6,7,14,15,16,17,24,25,26,27,35,36
1077,4,5,6,7,14,15,16,17,24,25,26,27,35,36
1078,4,5,6,7,14,15,16,17,24,25,26,27,35,36
1079,4,5,6,7,14,15,16,17,24,25,26,27,35,36
1080,4,5,6,7,14,15,16,17,24,25,26,27,35,36
1081,4,5,6,7,14,15,16,17,24,25,26,27,35,36
1082,4,5,6,7,14,15,16,17,24,25,26,27,35,36
1083,4,5,6,7,14,15,16,17,24,25,26,27,35,36
1084,4,5,6,7,14,15,16,17,24,25,26,27,35,36
1085,4,5,6,7,14,15,16,17,24,25,26,27,35,36
1086,4,5,6,7,14,15,16,17,24,25,26,27,35,36
1087,4,5,6,7,14,15,16,17,24,25,26,27,35,36
1088,4,5,6,7,14,15,16,17,24,25,26,27,35,36
1089,4,5,6,7,14,15,16,17,24,25,26,27,35,36
1090,4,5,6,7,14,15,16,17,24,25,26,27,35,36
1091,4,5,6,7,14,15,16,17,24,25,26,27,35,36
1092,4,5,6,7,14,15,16,17,24,25,26,27,35,36
1093,4,5,6,7,14,15,16,17,24,25,26,27,35,36
1094,4,5,6,7,14,15,16,17,24,25,26,27,35,36
1095,4,5,6,7,14,15,16,17,24,25,26,27,35,36
1096,4,5,6,7,14,15,16,17,24,25,26,27,35,36
1097,4,5,6,7,14,15,16,17,24,25,26,27,35,36
1098,4,5,6,7,14,15,16,17,24,25,26,27,35,36
1099,4,5,6,7,14,15,16,17,24,25,26,27,34,35,36
1100,4,5,6,7,14,15,16,17,24,25,26,27,34,35,36
1101,4,5,6,14,15,16,17,24,25,26,27,34,35,36
1102,4,5,6,14,15,16,17,24,25,26,27,34,35,36
1103,5,6,14,15,16,17,24,25,26,27,34,35,36
1104,5,6,14,15,16,17,24,25,26,27,34,35,36
1105,5,6,14,15,16,17,24,25,26,27,34,35,36
1106,5,6,14,15,16,17,24,25,26,27,34,35,36
1107,5,6,14,15,16,17,24,25,26,27,34,35,36
1108,5,6,14,15,16,17,24,25,26,27,34,35,36
1109,5,6,14,15,16,17,24,25,26,27,34,35,36
1110,5,6,14,15,16,17,24,25,26,27,34,35,36
1111,5,6,14,15,16,17,24,25,26,27,34,35,36
1112,5,6,14,15,16,17,24,25,26,27,34,35,36
1113,5,6,14,15,16,17,24,25,26,27,34,35,36,37
1114,5,6,14,15,16,17,24,25,26,27,34,35,36,37
1115,5,6,14,15,16,17,24,25,26,27,34,35,36,37
1116,5,6,14,15,16,17,24,25,26,27,34,35,36,37
1117,5,6,14,15,16,17,24,25,26,27,34,35,36,37
1118,5,6,14,15,16,17,24,25,26,27,34,35,36,37
1119,5,6,14,15,16,17,24,25,26,27,34,35,36,37
1120,5,6,14,15,16,17,24,25,26,27,34,35,36,37
1121,5,6,14,15,16,17,24,25,26,27,34,35,36,37
1122,5,6,14,15,16,17,24,25,26,27,34,35,36,37
1123,5,6,14,15,16,17,24,25,26,27,34,35,36,37
1124,5,6,14,15,16,17,24,25,26,27,34,35,36,37
1125,5,6,14,15,16,17,24,25,26,27,34,35,36,37
1126,5,6,14,15,16,17,24,25,26,27,34,35,36,37
1127,5,6,14,15,16,17,24,25,26,27,34,35,36,37
1128,5,6,14,15,16,17,24,25,26,27,34,35,36,37
1129,5,6,14,15,16,17,24,25,26,27,34,35,36
1130,5,6,14,15,16,17,24,25,26,27,34,35,36
1131,5,6,14,15,16,17,24,25,26,27,34,35,36
1132,5,6,14,15,16,17,24,25,26,27,34,35,36
1133,5,6,7,14,15,16,17,24,25,26,27,34,35,36
1134,5,6,7,14,15,16,17,24,25,26,27,34,35,36
1135,5,6,7,14,15,16,17,24,25,26,27,35,36
1136,5,6,7,14,15,16,17,24,25,26,27,35,36
1137,5,6,14,15,16,17,24,25,26,27,34,35,36,37
1138,5,6,14,15,16,17,24,25,26,27,34,35,36,37
1139,5,6,14,15,16,17,24,25,26,27,34,35,36,37
1140,5,6,14,15,16,17,24,25,26,27,34,35,36,37
1141,5,6,14,15,16,17,24,25,26,27,34,35,36,37
1142,5,6,14,15,16,17,24,25,26,27,34,35,36,37
1143,5,6,14,15,16,17,24,25,26,27,34,35,36,37
1144,5,6,14,15,16,17,24,25,26,27,34,35,36,37
1145,5,6,14,15,16,17,24,25,26,27,34,35,36,37
1146,5,6,14,15,16,17,24,25,26,27,34,35,36,37
1147,5,6,14,15,16,17,24,25,26,27,34,35,36,37
1148,5,6,14,15,16,17,24,25,26,27,34,35,36,37
1149,5,6,14,15,16,17,24,25,26,27,34,35,36,37
1150,5,6,14,15,16,17,24,25,26,27,34,35,36,37
1151,5,6,14,15,16,17,24,25,26,27,34,35,36,37
1152,5,6,14,15,16,17,24,25,26,27,34,35,36,37
1153,5,6,14,15,16,17,24,25,26,27,34,35,36,37
1154,5,6,14,15,16,17,24,25,26,27,34,35,36,37
1155,5,6,7,14,15,16,17,24,25,26,27,35,36
1156,5,6,7,14,15,16,17,24,25,26,27,35,36
1157,5,6,7,14,15,16,17,24,25,26,27,35,36
1158,5,6,7,14,15,16,17,24,25,26,27,35,36
1159,4,5,6,7,14,15,16,17,24,25,26,27,35,36
1160,4,5,6,7,14,15,16,17,24,25,26,27,35,36
1161,4,5,6,7,14,15,16,17,24,25,26,27,35,36
1162,4,5,6,7,14,15,16,17,24,25,26,27,35,36
1163,4,5,6,7,14,15,16,17,24,25,26,27,35,36
1164,4,5,6,7,14,15,16,17,24,25,26,27,35,36
1165,4,5,6,7,14,15,16,17,24,25,26,27,35,36
1166,4,5,6,7,14,15,16,17,24,25,26,27,35,36
1167,4,5,6,7,14,15,16,17,24,25,26,27,35,36
1168,4,5,6,7,14,15,16,17,24,25,26,27,35,36
1169,4,5,6,7,14,15,16,17,24,25,26,27,35,36
1170,4,5,6,7,14,15,16,17,24,25,26,27,35,36
1171,4,5,6,7,14,15,16,17,24,25,26,27,35,36
1172,4,5,6,7,14,15,16,17,24,25,26,27,35,36
1173,4,5,6,7,14,15,16,17,24,25,26,27,35,36
1174,4,5,6,7,14,15,16,17,24,25,26,27,35,36
1175,4,5,6,7,14,15,16,17,24,25,26,27,35,36
1176,4,5,6,7,14,15,16,17,24,25,26,27,35,36
1177,4,5,6,7,14,15,16,17,24,25,26,27,35,36
1178,4,5,6,7,14,15,16,17,24,25,26,27,35,36
1179,4,5,6,7,14,15,16,17,24,25,26,27,35,36
1180,4,5,6,7,14,15,16,17,24,25,26,27,35,36
1181,4,5,6,7,14,15,16,17,24,25,26,27,35,36
1182,4,5,6,7,14,15,16,17,24,25,26,27,35,36
1183,4,5,6,7,14,15,16,17,24,25,26,27,35,36
1184,4,5,6,7,14,15,16,17,24,25,26,27,35,36
1185,4,5,6,7,14,15,16,17,24,25,26,27,35,36
1186,4,5,6,7,14,15,16,17,24,25,26,27,35,36
1187,4,5,6,7,14,15,16,17,24,25,26,27,35,36
1188,4,5,6,7,14,15,16,17,24,25,26,27,35,36
1189,4,5,6,7,14,15,16,17,24,25,26,27,35,36
1190,4,5,6,7,14,15,16,17,24,25,26,27,35,36
1191,4,5,6,7,14,15,16,17,24,25,26,27,35,36
1192,4,5,6,7,14,15,16,17,24,25,26,27,35,36
1193,4,5,6,7,14,15,16,17,24,25,26,27,35,36
1194,4,5,6,7,14,15,16,17,24,25,26,27,35,36
1195,4,5,6,7,14,15,16,17,24,25,26,27,35,36
1196,4,5,6,7,14,15,16,17,24,25,26,27,35,36
1197,4,5,6,7,8,14,15,16,17,24,25,26,27
1198,4,5,6,7,8,14,15,16,17,24,25,26,27
1199,4,5,6,7,8,14,15,16,17,24,25,26,27
1200,4,5,6,7,8,14,15,16,17,24,25,26,27
1201,4,5,6,7,8,14,15,16,17,18,24,25,26,27
1202,4,5,6,7,8,14,15,16,17,18,24,25,26,27
1203,4,5,6,7,8,14,15,16,17,18,24,25,26,27
1204,4,5,6,7,8,14,15,16,17,18,24,25,26,27
1205,4,5,6,7,8,9,14,15,16,17,18,24,25,26,27
1206,4,5,6,7,8,9,14,15,16,17,18,24,25,26,27
1207,4,5,6,7,8,14,15,16,17,18,24,25,26,27
1208,4,5,6,7,8,14,15,16,17,18,24,25,26,27
1209,4,5,6,7,8,14,15,16,17,18,24,25,26,27
1210,4,5,6,7,8,14,15,16,17,18,24,25,26,27
1211,4,5,6,7,8,14,15,16,17,24,25,26,27
1212,4,5,6,7,8,14,15,16,17,24,25,26,27
1213,4,5,6,7,14,15,16,17,24,25,26,27,35,36
1214,4,5,6,7,14,15,16,17,24,25,26,27,35,36
1215,4,5,6,7,14,15,16,17,24,25,26,27,35,36
1216,4,5,6,7,14,15,16,17,24,25,26,27,35,36
1217,4,5,6,7,14,15,16,17,24,25,26,27,35,36
1218,4,5,6,7,14,15,16,17,24,25,26,27,35,36
1219,4,5,6,7,14,15,16,17,24,25,26,27,35,36
1220,4,5,6,7,14,15,16,17,24,25,26,27,35,36
1221,4,5,6,7,14,15,16,17,24,25,26,27,35,36,37
1222,4,5,6,7,14,15,16,17,24,25,26,27,35,36,37
1223,5,6,7,14,15,16,17,24,25,26,27,35,36,37
1224,5,6,7,14,15,16,17,24,25,26,27,35,36,37
1225,5,6,7,14,15,16,17,24,25,26,27,35,36,37
1226,5,6,7,14,15,16,17,24,25,26,27,35,36,37
1227,5,6,7,14,15,16,17,24,25,26,27,35,36,37
1228,5,6,7,14,15,16,17,24,25,26,27,35,36,37
1229,5,6,14,15,16,17,24,25,26,27,35,36,37
1230,5,6,14,15,16,17,24,25,26,27,35,36,37
1231,5,6,14,15,16,17,24,25,26,27,34,35,36,37
1232,5,6,14,15,16,17,24,25,26,27,34,35,36,37
1233,5,6,14,15,16,17,24,25,26,27,34,35,36,37
1234,5,6,14,15,16,17,24,25,26,27,34,35,36,37
1235,5,6,14,15,16,17,24,25,26,27,34,35,36,37
1236,5,6,14,15,16,17,24,25,26,27,34,35,36,37
1237,6,14,15,16,17,24,25,26,27,34,35,36,37
1238,6,14,15,16,17,24,25,26,27,34,35,36,37
1239,6,14,15,16,17,24,25,26,27,34,35,36,37
1240,6,14,15,16,17,24,25,26,27,34,35,36,37
1241,6,14,15,16,17,24,25,26,27,34,35,36,37
1242,6,14,15,16,17,24,25,26,27,34,35,36,37
1243,6,14,15,16,17,24,25,26,27,34,35,36,37
1244,6,14,15,16,17,24,25,26,27,34,35,36,37
1245,6,14,15,16,17,24,25,26,27,34,35,36,37
1246,6,14,15,16,17,24,25,26,27,34,35,36,37
1247,6,14,15,16,17,24,25,26,27,34,35,36,37
1248,6,14,15,16,17,24,25,26,27,34,35,36,37
1249,6,14,15,16,17,24,25,26,27,34,35,36,37
1250,6,14,15,16,17,24,25,26,27,34,35,36,37
1251,6,14,15,16,17,24,25,26,27,34,35,36,37
1252,6,14,15,16,17,24,25,26,27,34,35,36,37
1253,14,15,16,17,24,25,26,27,34,35,36,37
1254,14,15,16,17,24,25,26,27,34,35,36,37
1255,14,15,16,17,24,25,26,27,34,35,36,37
1256,14,15,16,17,24,25,26,27,34,35,36,37
1257,14,15,16,17,24,25,26,27,34,35,36,37
1258,14,15,16,17,24,25,26,27,34,35,36,37
1259,14,15,16,17,24,25,26,27,34,35,36,37
1260,14,15,16,17,24,25,26,27,34,35,36,37
1261,14,15,16,17,24,25,26,27,34,35,36,37
1262,14,15,16,17,24,25,26,27,34,35,36,37
1263,14,15,16,17,24,25,26,27,34,35,36,37,45
1264,14,15,16,17,24,25,26,27,34,35,36,37,45
1265,14,15,16,17,24,25,26,27,34,35,36,37,45,46
1266,14,15,16,17,24,25,26,27,34,35,36,37,45,46
1267,14,15,16,17,24,25,26,27,34,35,36,37,45,46
1268,14,15,16,17,24,25,26,27,34,35,36,37,45,46
1269,14,15,16,24,25,26,27,34,35,36,37,44,45,46
1270,14,15,16,24,25,26,27,34,35,36,37,44,45,46
1271,14,15,16,24,25,26,27,34,35,36,37,44,45,46
1272,14,15,16,24,25,26,27,34,35,36,37,44,45,46
1273,15,16,24,25,26,27,34,35,36,37,44,45,46,47
1274,15,16,24,25,26,27,34,35,36,37,44,45,46,47
1275,15,16,24,25,26,27,34,35,36,37,44,45,46,47
1276,15,16,24,25,26,27,34,35,36,37,44,45,46,47
1277,15,16,24,25,26,27,34,35,36,37,44,45,46,47
1278,15,16,24,25,26,27,34,35,36,37,44,45,46,47
1279,15,16,24,25,26,27,34,35,36,37,44,45,46,47
1280,15,16,24,25,26,27,34,35,36,37,44,45,46,47
1281,15,16,24,25,26,27,34,35,36,37,44,45,46,47
1282,15,16,24,25,26,27,34,35,36,37,44,45,46,47
1283,15,16,24,25,26,27,34,35,36,37,44,45,46,47
1284,15,16,24,25,26,27,34,35,36,37,44,45,46,47
1285,15,16,24,25,26,27,34,35,36,37,44,45,46,47
1286,15,16,24,25,26,27,34,35,36,37,44,45,46,47
1287,15,16,24,25,26,27,34,35,36,37,44,45,46,47
1288,15,16,24,25,26,27,34,35,36,37,44,45,46,47
1289,15,16,24,25,26,27,34,35,36,37,44,45,46,47
1290,15,16,24,25,26,27,34,35,36,37,44,45,46,47
1291,15,16,24,25,26,27,34,35,36,37,44,45,46
1292,15,16,24,25,26,27,34,35,36,37,44,45,46
1293,15,16,23,24,25,26,33,34,35,36,44,45,46
1294,15,16,23,24,25,26,33,34,35,36,44,45,46
1295,15,16,23,24,25,26,33,34,35,36,44,45,46
1296,15,16,23,24,25,26,33,34,35,36,44,45,46
1297,14,15,16,23,24,25,26,33,34,35,36,44,45,46
1298,14,15,16,23,24,25,26,33,34,35,36,44,45,46
1299,14,15,16,23,24,25,26,33,34,35,36,44,45,46
1300,14,15,16,23,24,25,26,33,34,35,36,44,45,46
1301,14,15,16,23,24,25,26,33,34,35,36,44,45,46
1302,14,15,16,23,24,25,26,33,34,35,36,44,45,46
1303,14,15,16,23,24,25,26,33,34,35,36,44,45
1304,14,15,16,23,24,25,26,33,34,35,36,44,45
1305,14,15,16,23,24,25,26,33,34,35,36,44,45
1306,14,15,16,23,24,25,26,33,34,35,36,44,45
1307,13,14,15,16,23,24,25,26,33,34,35,36
1308,13,14,15,16,23,24,25,26,33,34,35,36
1309,5,13,14,15,16,23,24,25,26,33,34,35,36
1310,5,13,14,15,16,23,24,25,26,33,34,35,36
1311,5,13,14,15,16,23,24,25,26,34,35,36
1312,5,13,14,15,16,23,24,25,26,34,35,36
1313,4,5,13,14,15,16,23,24,25,26,34,35,36
1314,4,5,13,14,15,16,23,24,25,26,34,35,36
1315,4,5,6,13,14,15,16,23,24,25,26,34,35,36
1316,4,5,6,13,14,15,16,23,24,25,26,34,35,36
1317,4,5,6,13,14,15,16,23,24,25,26,34,35,36
1318,4,5,6,13,14,15,16,23,24,25,26,34,35,36
1319,4,5,6,13,14,15,16,23,24,25,26,34,35,36
1320,4,5,6,13,14,15,16,23,24,25,26,34,35,36
1321,4,5,13,14,15,16,23,24,25,26,34,35,36
1322,4,5,13,14,15,16,23,24,25,26,34,35,36
1323,4,5,13,14,15,16,23,24,25,26,33,34,35,36
1324,4,5,13,14,15,16,23,24,25,26,33,34,35,36
1325,4,5,13,14,15,16,23,24,25,26,33,34,35,36
1326,4,5,13,14,15,16,23,24,25,26,33,34,35,36
1327,4,5,13,14,15,16,23,24,25,26,33,34,35,36
1328,4,5,13,14,15,16,23,24,25,26,33,34,35,36
1329,4,5,13,14,15,16,23,24,25,26,33,34,35,36
1330,4,5,13,14,15,16,23,24,25,26,33,34,35,36
1331,4,5,13,14,15,16,23,24,25,26,33,34,35,36
1332,4,5,13,14,15,16,23,24,25,26,33,34,35,36
1333,4,5,13,14,15,16,23,24,25,26,33,34,35,36
1334,4,5,13,14,15,16,23,24,25,26,33,34,35,36
1335,4,5,13,14,15,16,23,24,25,26,33,34,35
1336,4,5,13,14,15,16,23,24,25,26,33,34,35
1337,4,5,13,14,15,16,23,24,25,26,33,34,35
1338,4,5,13,14,15,16,23,24,25,26,33,34,35
1339,4,5,13,14,15,16,23,24,25,26,33,34,35
1340,4,5,13,14,15,16,23,24,25,26,33,34,35
1341,4,5,13,14,15,23,24,25,26,33,34,35
1342,4,5,13,14,15,23,24,25,26,33,34,35
1343,4,5,13,14,15,23,24,25,26,33,34,35
1344,4,5,13,14,15,23,24,25,26,33,34,35
1345,4,5,13,14,15,16,23,24,25,26,33,34,35
1346,4,5,13,14,15,16,23,24,25,26,33,34,35
1347,4,5,13,14,15,16,23,24,25,26,33,34,35
1348,4,5,13,14,15,16,23,24,25,26,33,34,35
1349,4,5,13,14,15,16,23,24,25,26,33,34,35
1350,4,5,13,14,15,16,23,24,25,26,33,34,35
1351,4,5,13,14,15,16,23,24,25,26,33,34,35,36
1352,4,5,13,14,15,16,23,24,25,26,33,34,35,36
1353,4,5,13,14,15,16,23,24,25,26,33,34,35,36
1354,4,5,13,14,15,16,23,24,25,26,33,34,35,36
1355,4,5,13,14,15,16,23,24,25,26,33,34,35,36
1356,4,5,13,14,15,16,23,24,25,26,33,34,35,36
1357,4,5,13,14,15,16,23,24,25,26,33,34,35,36
1358,4,5,13,14,15,16,23,24,25,26,33,34,35,36
1359,4,5,13,14,15,16,23,24,25,26,33,34,35,36
1360,4,5,13,14,15,16,23,24,25,26,33,34,35,36
1361,5,6,13,14,15,16,23,24,25,26,34,35,36
1362,5,6,13,14,15,16,23,24,25,26,34,35,36
1363,5,6,14,15,16,24,25,26,34,35,36
1364,5,6,14,15,16,24,25,26,34,35,36
1365,5,6,14,15,16,17,24,25,26,27,34,35,36
1366,5,6,14,15,16,17,24,25,26,27,34,35,36
1367,5,6,14,15,16,17,24,25,26,27,34,35,36
1368,5,6,14,15,16,17,24,25,26,27,34,35,36
1369,5,6,14,15,16,17,24,25,26,27,34,35,36,37
1370,5,6,14,15,16,17,24,25,26,27,34,35,36,37
1371,5,6,14,15,16,17,24,25,26,27,34,35,36,37
1372,5,6,14,15,16,17,24,25,26,27,34,35,36,37
1373,5,6,14,15,16,17,24,25,26,27,34,35,36,37
1374,5,6,14,15,16,17,24,25,26,27,34,35,36,37
1375,5,6,14,15,16,17,24,25,26,27,34,35,36,37
1376,5,6,14,15,16,17,24,25,26,27,34,35,36,37
1377,5,6,14,15,16,17,24,25,26,27,35,36,37
1378,5,6,14,15,16,17,24,25,26,27,35,36,37
1379,6,7,14,15,16,17,24,25,26,27,35,36,37
1380,6,7,14,15,16,17,24,25,26,27,35,36,37
1381,6,7,15,16,17,25,26,27,35,36,37
1382,6,7,15,16,17,25,26,27,35,36,37
1383,6,7,15,16,17,25,26,27,35,36,37
1384,6,7,15,16,17,25,26,27,35,36,37
1385,6,7,15,16,17,25,26,27,35,36,37
1386,6,7,15,16,17,25,26,27,35,36,37
1387,6,7,15,16,17,25,26,27,35,36,37
1388,6,7,15,16,17,25,26,27,35,36,37
1389,6,7,15,16,17,25,26,27,35,36,37
1390,6,7,15,16,17,25,26,27,35,36,37
1391,6,7,15,16,17,25,26,27,35,36,37
1392,6,7,15,16,17,25,26,27,35,36,37
1393,6,7,15,16,17,18,25,26,27,28,35,36,37
1394,6,7,15,16,17,18,25,26,27,28,35,36,37
1395,6,7,15,16,17,18,25,26,27,28,35,36,37
1396,6,7,15,16,17,18,25,26,27,28,35,36,37
1397,6,7,15,16,17,18,25,26,27,28,35,36,37,38
1398,6,7,15,16,17,18,25,26,27,28,35,36,37,38
1399,6,7,15,16,17,18,25,26,27,28,35,36,37,38
1400,6,7,15,16,17,18,25,26,27,28,35,36,37,38
1401,7,15,16,17,18,25,26,27,28,35,36,37,38
1402,7,15,16,17,18,25,26,27,28,35,36,37,38
1403,7,15,16,17,18,25,26,27,28,36,37,38
1404,7,15,16,17,18,25,26,27,28,36,37,38
1405,7,15,16,17,18,25,26,27,28,36,37,38
1406,7,15,16,17,18,25,26,27,28,36,37,38
1407,7,15,16,17,18,25,26,27,28,36,37,38
1408,7,15,16,17,18,25,26,27,28,36,37,38
1409,7,16,17,18,25,26,27,28,36,37,38
1410,7,16,17,18,25,26,27,28,36,37,38
1411,7,8,16,17,18,26,27,28,36,37,38
1412,7,8,16,17,18,26,27,28,36,37,38
1413,7,8,16,17,18,26,27,28,36,37,38
1414,7,8,16,17,18,26,27,28,36,37,38
1415,7,8,16,17,18,26,27,28,36,37,38
1416,7,8,16,17,18,26,27,28,36,37,38
1417,7,8,16,17,18,26,27,28,36,37,38
1418,7,8,16,17,18,26,27,28,36,37,38
1419,7,8,16,17,18,26,27,28,36,37,38
1420,7,8,16,17,18,26,27,28,36,37,38
1421,7,8,16,17,18,26,27,28,36,37,38
1422,7,8,16,17,18,26,27,28,36,37,38
1423,7,8,16,17,18,26,27,28,36,37,38
1424,7,8,16,17,18,26,27,28,36,37,38
1425,7,8,16,17,18,26,27,28,36,37,38
1426,7,8,16,17,18,26,27,28,36,37,38
1427,7,8,16,17,18,26,27,28,36,37,38
1428,7,8,16,17,18,26,27,28,36,37,38
1429,7,8,16,17,18,26,27,28,36,37,38
1430,7,8,16,17,18,26,27,28,36,37,38
1431,7,8,16,17,18,19,26,27,28,29,36,37,38
1432,7,8,16,17,18,19,26,27,28,29,36,37,38
1433,6,7,8,16,17,18,19,26,27,28,29,36,37,38
1434,6,7,8,16,17,18,19,26,27,28,29,36,37,38
1435,6,7,8,16,17,18,19,26,27,28,29,36,37,38
1436,6,7,8,16,17,18,19,26,27,28,29,36,37,38
1437,6,7,8,16,17,18,19,26,27,28,29,36,37,38
1438,6,7,8,16,17,18,19,26,27,28,29,36,37,38
1439,6,7,8,16,17,18,19,26,27,28,29,36,37,38
1440,6,7,8,16,17,18,19,26,27,28,29,36,37,38
1441,7,8,16,17,18,19,26,27,28,29,36,37,38
1442,7,8,16,17,18,19,26,27,28,29,36,37,38
1443,7,8,16,17,18,19,26,27,28,29,36,37,38
1444,7,8,16,17,18,19,26,27,28,29,36,37,38
1445,7,8,16,17,18,19,26,27,28,29,36,37,38
1446,7,8,16,17,18,19,26,27,28,29,36,37,38
1447,6,7,8,16,17,18,19,26,27,28,29,36,37,38
1448,6,7,8,16,17,18,19,26,27,28,29,36,37,38
1449,6,7,8,16,17,18,19,26,27,28,29,36,37,38
1450,6,7,8,16,17,18,19,26,27,28,29,36,37,38
1451,6,7,8,9,16,17,18,19,26,27,28,29,36,37,38
1452,6,7,8,9,16,17,18,19,26,27,28,29,36,37,38
1453,6,7,8,9,16,17,18,19,26,27,28,29,36,37,38
1454,6,7,8,9,16,17,18,19,26,27,28,29,36,37,38
1455,6,7,8,9,16,17,18,19,26,27,28,29,36,37,38
1456,6,7,8,9,16,17,18,19,26,27,28,29,36,37,38
1457,7,8,9,16,17,18,19,26,27,28,29,36,37,38
1458,7,8,9,16,17,18,19,26,27,28,29,36,37,38
1459,7,8,16,17,18,19,26,27,28,29,36,37,38
1460,7,8,16,17,18,19,26,27,28,29,36,37,38
1461,7,8,16,17,18,19,26,27,28,29,36,37,38
1462,7,8,16,17,18,19,26,27,28,29,36,37,38
1463,7,8,16,17,18,19,26,27,28,29,36,37,38
1464,7,8,16,17,18,19,26,27,28,29,36,37,38
1465,7,8,16,17,18,19,26,27,28,29,36,37,38
1466,7,8,16,17,18,19,26,27,28,29,36,37,38
1467,7,8,9,16,17,18,19,26,27,28,29,37,38,39
1468,7,8,9,16,17,18,19,26,27,28,29,37,38,39
1469,8,9,17,18,19,27,28,29,30,37,38,39
1470,8,9,17,18,19,27,28,29,30,37,38,39
1471,9,17,18,19,20,27,28,29,30,37,38,39,40
1472,9,17,18,19,20,27,28,29,30,37,38,39,40
1473,18,19,20,28,29,30,38,39,40
1474,18,19,20,28,29,30,38,39,40
1475,11,18,19,20,21,28,29,30,31,38,39,40
1476,11,18,19,20,21,28,29,30,31,38,39,40
1477,11,18,19,20,21,28,29,30,31,38,39,40
1478,11,18,19,20,21,28,29,30,31,38,39,40
1479,10,11,18,19,20,21,28,29,30,31,38,39,40
1480,10,11,18,19,20,21,28,29,30,31,38,39,40
1481,10,11,19,20,21,28,29,30,31,39,40
1482,10,11,19,20,21,28,29,30,31,39,40
1483,10,11,19,20,21,29,30,31,39,40
1484,10,11,19,20,21,29,30,31,39,40
1485,10,11,19,20,21,22,29,30,31,39,40
1486,10,11,19,20,21,22,29,30,31,39,40
1487,10,11,12,19,20,21,22,29,30,31,39,40
1488,10,11,12,19,20,21,22,29,30,31,39,40
1489,10,11,12,19,20,21,22,29,30,31,39,40
1490,10,11,12,19,20,21,22,29,30,31,39,40
1491,10,11,12,19,20,21,22,29,30,31,39,40
1492,10,11,12,19,20,21,22,29,30,31,39,40
1493,10,11,12,19,20,21,22,29,30,31,32,39,40
1494,10,11,12,19,20,21,22,29,30,31,32,39,40
1495,10,11,12,19,20,21,22,29,30,31,32,39,40
1496,10,11,12,19,20,21,22,29,30,31,32,39,40
1497,11,12,19,20,21,22,29,30,31,32,39,40,41,50
1498,11,12,19,20,21,22,29,30,31,32,39,40,41,50
1499,11,12,20,21,22,29,30,31,32,39,40,41,50
1500,11,12,20,21,22,29,30,31,32,39,40,41,50
1501,11,12,20,21,22,29,30,31,32,39,40,41,42,50
1502,11,12,20,21,22,29,30,31,32,39,40,41,42,50
1503,11,12,20,21,22,29,30,31,32,39,40,41,42,50
1504,11,12,20,21,22,29,30,31,32,39,40,41,42,50
1505,11,12,20,21,22,29,30,31,32,39,40,41,42,50
1506,11,12,20,21,22,29,30,31,32,39,40,41,42,50
1507,11,12,20,21,22,29,30,31,32,39,40,41,42,50
1508,11,12,20,21,22,29,30,31,32,39,40,41,42,50
1509,11,12,20,21,22,29,30,31,32,39,40,41,42,50
1510,11,12,20,21,22,29,30,31,32,39,40,41,42,50
1511,11,12,20,21,22,29,30,31,32,39,40,41,42,49,50
1512,11,12,20,21,22,29,30,31,32,39,40,41,42,49,50
1513,11,20,21,22,29,30,31,32,39,40,41,42,49,50
1514,11,20,21,22,29,30,31,32,39,40,41,42,49,50
1515,1,9,10,11,12,19,20,21,22,29,30,31,39,40
1516,1,9,10,11,12,19,20,21,22,29,30,31,39,40
1517,1,9,10,11,12,19,20,21,22,29,30,31,39,40
1518,1,9,10,11,12,19,20,21,22,29,30,31,39,40
1519,1,9,10,11,12,19,20,21,22,29,30,31,39,40
1520,1,9,10,11,12,19,20,21,22,29,30,31,39,40
1521,9,10,11,12,19,20,21,22,29,30,31,39,40
1522,9,10,11,12,19,20,21,22,29,30,31,39,40
1523,9,10,11,19,20,21,29,30,31,39,40
1524,9,10,11,19,20,21,29,30,31,39,40
1525,9,10,11,18,19,20,21,28,29,30,31,39,40
1526,9,10,11,18,19,20,21,28,29,30,31,39,40
1527,9,10,11,18,19,20,21,28,29,30,31,39,40
1528,9,10,11,18,19,20,21,28,29,30,31,39,40
1529,8,9,10,11,18,19,20,21,28,29,30,39,40
1530,8,9,10,11,18,19,20,21,28,29,30,39,40
1531,1,8,9,10,11,18,19,20,21,28,29,30,39,40
1532,1,8,9,10,11,18,19,20,21,28,29,30,39,40
1533,1,8,9,10,11,18,19,20,21,28,29,30,39,40
1534,1,8,9,10,11,18,19,20,21,28,29,30,39,40
1535,1,8,9,10,11,18,19,20,21,28,29,30,38,39,40
1536,1,8,9,10,11,18,19,20,21,28,29,30,38,39,40
1537,8,9,10,11,18,19,20,21,28,29,30,38,39,40
1538,8,9,10,11,18,19,20,21,28,29,30,38,39,40
1539,8,9,10,11,18,19,20,21,28,29,30,38,39,40
1540,8,9,10,11,18,19,20,21,28,29,30,38,39,40
1541,8,9,10,18,19,20,28,29,30,38,39,40
1542,8,9,10,18,19,20,28,29,30,38,39,40
1543,8,9,10,17,18,19,20,27,28,29,30,38,39,40
1544,8,9,10,17,18,19,20,27,28,29,30,38,39,40
1545,8,9,10,17,18,19,20,27,28,29,30,38,39,40
1546,8,9,10,17,18,19,20,27,28,29,30,38,39,40
1547,8,9,10,17,18,19,20,27,28,29,30,38,39,40
1548,8,9,10,17,18,19,20,27,28,29,30,38,39,40
1549,8,9,10,17,18,19,20,27,28,29,30,38,39,40
1550,8,9,10,17,18,19,20,27,28,29,30,38,39,40
1551,8,9,10,17,18,19,20,27,28,29,30,38,39
1552,8,9,10,17,18,19,20,27,28,29,30,38,39
1553,8,9,10,17,18,19,20,27,28,29,30,37,38,39
1554,8,9,10,17,18,19,20,27,28,29,30,37,38,39
1555,7,8,9,17,18,19,20,27,28,29,30,37,38,39
1556,7,8,9,17,18,19,20,27,28,29,30,37,38,39
1557,7,8,9,17,18,19,27,28,29,37,38,39
1558,7,8,9,17,18,19,27,28,29,37,38,39
1559,7,8,9,16,17,18,19,26,27,28,29,37,38,39
1560,7,8,9,16,17,18,19,26,27,28,29,37,38,39
1561,6,7,8,9,16,17,18,19,26,27,28,29,37,38
1562,6,7,8,9,16,17,18,19,26,27,28,29,37,38
1563,6,7,8,9,16,17,18,19,26,27,28,29,37,38
1564,6,7,8,9,16,17,18,19,26,27,28,29,37,38
1565,6,7,8,9,16,17,18,19,26,27,28,29,37,38
1566,6,7,8,9,16,17,18,19,26,27,28,29,37,38
1567,6,7,8,9,16,17,18,19,26,27,28,29,37,38
1568,6,7,8,9,16,17,18,19,26,27,28,29,37,38
1569,5,6,7,8,9,10,16,17,18,19,26,27,28,29
1570,5,6,7,8,9,10,16,17,18,19,26,27,28,29
1571,1,2,3,4,5,6,7,8,9,10,15,16,17,18,19,26,27,28,29
1572,1,2,3,4,5,6,7,8,9,10,15,16,17,18,19,26,27,28,29
1573,1,2,3,4,5,6,7,8,9,10,15,16,17,18,19,26,27,28,29
1574,1,2,3,4,5,6,7,8,9,10,15,16,17,18,19,26,27,28,29
1575,1,2,3,4,5,6,7,8,9,10,15,16,17,18,19,26,27,28,29
1576,1,2,3,4,5,6,7,8,9,10,15,16,17,18,19,26,27,28,29
1577,1,2,3,4,5,6,7,8,9,10,15,16,17,18,19,26,27,28,29
1578,1,2,3,4,5,6,7,8,9,10,15,16,17,18,19,26,27,28,29
1579,1,2,3,4,5,6,7,8,9,10,15,16,17,18,19,26,27,28,29
1580,1,2,3,4,5,6,7,8,9,10,15,16,17,18,19,26,27,28,29
1581,1,2,3,4,5,6,7,8,9,10,15,16,17,18,19,26,27,28,29
1582,1,2,3,4,5,6,7,8,9,10,15,16,17,18,19,26,27,28,29
1583,5,6,7,8,9,15,16,17,18,19,26,27,28,29
1584,5,6,7,8,9,15,16,17,18,19,26,27,28,29
1585,5,6,7,8,9,15,16,17,18,19,26,27,28,29,37
1586,5,6,7,8,9,15,16,17,18,19,26,27,28,29,37
1587,5,6,7,8,9,15,16,17,18,19,25,26,27,28,37
1588,5,6,7,8,9,15,16,17,18,19,25,26,27,28,37
1589,5,6,7,8,15,16,17,18,25,26,27,28,36,37
1590,5,6,7,8,15,16,17,18,25,26,27,28,36,37
1591,5,6,7,8,15,16,17,18,25,26,27,28,36,37
1592,5,6,7,8,15,16,17,18,25,26,27,28,36,37
1593,5,6,7,8,15,16,17,18,25,26,27,28,36,37
1594,5,6,7,8,15,16,17,18,25,26,27,28,36,37
1595,5,6,7,8,15,16,17,18,25,26,27,28,35,36,37
1596,5,6,7,8,15,16,17,18,25,26,27,28,35,36,37
1597,6,7,15,16,17,18,25,26,27,28,35,36,37
1598,6,7,15,16,17,18,25,26,27,28,35,36,37
1599,6,7,15,16,17,18,25,26,27,28,35,36,37
1600,6,7,15,16,17,18,25,26,27,28,35,36,37
1601,6,7,15,16,17,18,25,26,27,28,35,36,37
1602,6,7,15,16,17,18,25,26,27,28,35,36,37
1603,6,7,15,16,17,25,26,27,35,36,37
1604,6,7,15,16,17,25,26,27,35,36,37
1605,6,7,15,16,17,25,26,27,35,36,37
1606,6,7,15,16,17,25,26,27,35,36,37
1607,6,7,15,16,17,25,26,27,35,36,37
1608,6,7,15,16,17,25,26,27,35,36,37
1609,6,15,16,17,25,26,27,35,36,37
1610,6,15,16,17,25,26,27,35,36,37
1611,6,15,16,17,24,25,26,27,35,36,37
1612,6,15,16,17,24,25,26,27,35,36,37
1613,15,16,17,24,25,26,27,35,36,37
1614,15,16,17,24,25,26,27,35,36,37
1615,15,16,17,24,25,26,27,35,36,37
1616,15,16,17,24,25,26,27,35,36,37
1617,14,15,16,17,24,25,26,27,34,35,36,37
1618,14,15,16,17,24,25,26,27,34,35,36,37
1619,14,15,16,17,24,25,26,27,34,35,36,37,46
1620,14,15,16,17,24,25,26,27,34,35,36,37,46
1621,14,15,16,17,24,25,26,27,34,35,36,37,45,46
1622,14,15,16,17,24,25,26,27,34,35,36,37,45,46
1623,14,15,16,17,24,25,26,27,34,35,36,37,45,46
1624,14,15,16,17,24,25,26,27,34,35,36,37,45,46
1625,14,15,16,17,24,25,26,27,34,35,36,37,45,46
1626,14,15,16,17,24,25,26,27,34,35,36,37,45,46
1627,14,15,16,17,24,25,26,27,34,35,36,37,45,46
1628,14,15,16,17,24,25,26,27,34,35,36,37,45,46
1629,14,15,16,17,24,25,26,27,34,35,36,37,45,46
1630,14,15,16,17,24,25,26,27,34,35,36,37,45,46
1631,14,15,16,17,24,25,26,27,34,35,36,37,45,46
1632,14,15,16,17,24,25,26,27,34,35,36,37,45,46
1633,14,15,16,17,24,25,26,27,34,35,36,37,45,46
1634,14,15,16,17,24,25,26,27,34,35,36,37,45,46
1635,15,16,17,24,25,26,27,34,35,36,37,45,46,47
1636,15,16,17,24,25,26,27,34,35,36,37,45,46,47
1637,15,16,17,24,25,26,27,34,35,36,37,45,46,47
1638,15,16,17,24,25,26,27,34,35,36,37,45,46,47
1639,15,16,17,24,25,26,27,34,35,36,37,45,46,47
1640,15,16,17,24,25,26,27,34,35,36,37,45,46,47
1641,15,16,17,24,25,26,27,34,35,36,37,45,46,47
1642,15,16,17,24,25,26,27,34,35,36,37,45,46,47
1643,15,16,17,24,25,26,27,34,35,36,37,45,46,47
1644,15,16,17,24,25,26,27,34,35,36,37,45,46,47
1645,15,16,17,24,25,26,27,34,35,36,37,45,46,47
1646,15,16,17,24,25,26,27,34,35,36,37,45,46,47
1647,15,16,17,24,25,26,27,34,35,36,37,45,46,47
1648,15,16,17,24,25,26,27,34,35,36,37,45,46,47
1649,15,16,17,24,25,26,27,34,35,36,37,45,46
1650,15,16,17,24,25,26,27,34,35,36,37,45,46
1651,14,15,16,17,24,25,26,27,34,35,36,37,45,46
1652,14,15,16,17,24,25,26,27,34,35,36,37,45,46
1653,14,15,16,17,24,25,26,27,34,35,36,37,45,46
1654,14,15,16,17,24,25,26,27,34,35,36,37,45,46
1655,14,15,16,17,24,25,26,27,34,35,36,37,45,46
1656,14,15,16,17,24,25,26,27,34,35,36,37,45,46
1657,14,15,16,17,24,25,26,27,34,35,36,37,45,46
1658,14,15,16,17,24,25,26,27,34,35,36,37,45,46
1659,14,15,16,17,24,25,26,27,34,35,36,37
1660,14,15,16,17,24,25,26,27,34,35,36,37
1661,6,14,15,16,17,24,25,26,27,34,35,36,37
1662,6,14,15,16,17,24,25,26,27,34,35,36,37
1663,6,14,15,16,17,24,25,26,27,34,35,36,37
1664,6,14,15,16,17,24,25,26,27,34,35,36,37
1665,5,6,14,15,16,17,24,25,26,27,34,35,36,37
1666,5,6,14,15,16,17,24,25,26,27,34,35,36,37
1667,5,6,14,15,16,17,24,25,26,27,34,35,36,37
1668,5,6,14,15,16,17,24,25,26,27,34,35,36,37
1669,5,6,14,15,16,17,24,25,26,27,35,36,37
1670,5,6,14,15,16,17,24,25,26,27,35,36,37
1671,5,6,7,14,15,16,17,24,25,26,27,35,36,37
1672,5,6,7,14,15,16,17,24,25,26,27,35,36,37
1673,5,6,7,14,15,16,17,24,25,26,27,35,36,37
1674,5,6,7,14,15,16,17,24,25,26,27,35,36,37
1675,5,6,7,14,15,16,17,24,25,26,27,35,36,37
1676,5,6,7,14,15,16,17,24,25,26,27,35,36,37
1677,4,5,6,7,14,15,16,17,24,25,26,27,35,36
1678,4,5,6,7,14,15,16,17,24,25,26,27,35,36
1679,4,5,6,7,14,15,16,17,24,25,26,27,35,36
1680,4,5,6,7,14,15,16,17,24,25,26,27,35,36
1681,4,5,6,7,14,15,16,17,24,25,26,27,35,36
1682,4,5,6,7,14,15,16,17,24,25,26,27,35,36
1683,4,5,6,7,14,15,16,17,24,25,26,27,35,36
1684,4,5,6,7,14,15,16,17,24,25,26,27,35,36
1685,4,5,6,7,14,15,16,17,24,25,26,27,35,36
1686,4,5,6,7,14,15,16,17,24,25,26,27,35,36
1687,4,5,6,7,14,15,16,17,24,25,26,27,35,36
1688,4,5,6,7,14,15,16,17,24,25,26,27,35,36
1689,4,5,6,7,14,15,16,17,24,25,26,27,35,36
1690,4,5,6,7,14,15,16,17,24,25,26,27,35,36
1691,4,5,6,7,14,15,16,17,24,25,26,27,35,36
1692,4,5,6,7,14,15,16,17,24,25,26,27,35,36
1693,4,5,6,7,14,15,16,17,24,25,26,27,35,36
1694,4,5,6,7,14,15,16,17,24,25,26,27,35,36
1695,4,5,6,7,14,15,16,17,24,25,26,27,35,36
1696,4,5,6,7,14,15,16,17,24,25,26,27,35,36
1697,4,5,6,7,14,15,16,17,24,25,26,27,35,36
1698,4,5,6,7,14,15,16,17,24,25,26,27,35,36
1699,4,5,6,7,14,15,16,17,24,25,26,27,35,36
1700,4,5,6,7,14,15,16,17,24,25,26,27,35,36
1701,4,5,6,7,14,15,16,17,24,25,26,27,35,36
1702,4,5,6,7,14,15,16,17,24,25,26,27,35,36
1703,4,5,6,7,14,15,16,17,24,25,26,27,35,36
1704,4,5,6,7,14,15,16,17,24,25,26,27,35,36
1705,4,5,6,7,14,15,16,17,24,25,26,27,35,36
1706,4,5,6,7,14,15,16,17,24,25,26,27,35,36
1707,4,5,6,7,14,15,16,17,24,25,26,27,35,36
1708,4,5,6,7,14,15,16,17,24,25,26,27,35,36
1709,4,5,6,7,14,15,16,17,24,25,26,27,35,36
1710,4,5,6,7,14,15,16,17,24,25,26,27,35,36
1711,4,5,6,7,14,15,16,17,24,25,26,27,35,36
1712,4,5,6,7,14,15,16,17,24,25,26,27,35,36
1713,4,5,6,7,14,15,16,17,24,25,26,27,35,36
1714,4,5,6,7,14,15,16,17,24,25,26,27,35,36
1715,4,5,6,7,14,15,16,17,24,25,26,27,35,36
1716,4,5,6,7,14,15,16,17,24,25,26,27,35,36
1717,5,6,7,14,15,16,17,24,25,26,27,35,36
1718,5,6,7,14,15,16,17,24,25,26,27,35,36
1719,5,6,14,15,16,17,24,25,26,27,34,35,36,37
1720,5,6,14,15,16,17,24,25,26,27,34,35,36,37
1721,5,6,14,15,16,17,24,25,26,27,34,35,36,37
1722,5,6,14,15,16,17,24,25,26,27,34,35,36,37
1723,6,14,15,16,17,24,25,26,27,34,35,36,37
1724,6,14,15,16,17,24,25,26,27,34,35,36,37
1725,6,14,15,16,17,24,25,26,27,34,35,36,37
1726,6,14,15,16,17,24,25,26,27,34,35,36,37
1727,14,15,16,17,24,25,26,27,34,35,36,37
1728,14,15,16,17,24,25,26,27,34,35,36,37
1729,14,15,16,17,24,25,26,27,34,35,36,37
1730,14,15,16,17,24,25,26,27,34,35,36,37
1731,14,15,16,17,24,25,26,27,34,35,36,37
1732,14,15,16,17,24,25,26,27,34,35,36,37
1733,14,15,16,17,24,25,26,27,34,35,36,37
1734,14,15,16,17,24,25,26,27,34,35,36,37
1735,6,14,15,16,17,24,25,26,27,34,35,36,37
1736,6,14,15,16,17,24,25,26,27,34,35,36,37
1737,6,14,15,16,17,24,25,26,27,34,35,36,37
1738,6,14,15,16,17,24,25,26,27,34,35,36,37
1739,6,14,15,16,17,24,25,26,27,34,35,36,37
1740,6,14,15,16,17,24,25,26,27,34,35,36,37
1741,6,14,15,16,17,24,25,26,27,34,35,36,37
1742,6,14,15,16,17,24,25,26,27,34,35,36,37
1743,5,6,14,15,16,17,24,25,26,27,34,35,36,37
1744,5,6,14,15,16,17,24,25,26,27,34,35,36,37
1745,5,6,14,15,16,17,24,25,26,27,34,35,36,37
1746,5,6,14,15,16,17,24,25,26,27,34,35,36,37
1747,5,6,14,15,16,17,24,25,26,27,34,35,36,37
1748,5,6,14,15,16,17,24,25,26,27,34,35,36,37
1749,5,6,14,15,16,17,24,25,26,27,34,35,36,37
1750,5,6,14,15,16,17,24,25,26,27,34,35,36,37
1751,5,6,7,14,15,16,17,24,25,26,27,35,36,37
1752,5,6,7,14,15,16,17,24,25,26,27,35,36,37
1753,5,6,7,14,15,16,17,24,25,26,27,35,36,37
1754,5,6,7,14,15,16,17,24,25,26,27,35,36,37
1755,5,6,7,14,15,16,17,24,25,26,27,35,36,37
1756,5,6,7,14,15,16,17,24,25,26,27,35,36,37
1757,5,6,7,14,15,16,17,24,25,26,27,35,36,37
1758,5,6,7,14,15,16,17,24,25,26,27,35,36,37
1759,5,6,7,14,15,16,17,24,25,26,27,35,36,37
1760,5,6,7,14,15,16,17,24,25,26,27,35,36,37
1761,5,6,7,14,15,16,17,24,25,26,27,35,36,37
1762,5,6,7,14,15,16,17,24,25,26,27,35,36,37
1763,6,14,15,16,17,24,25,26,27,35,36,37
1764,6,14,15,16,17,24,25,26,27,35,36,37
1765,6,14,15,16,17,24,25,26,27,35,36,37
1766,6,14,15,16,17,24,25,26,27,35,36,37
1767,6,14,15,16,17,24,25,26,27,34,35,36,37
1768,6,14,15,16,17,24,25,26,27,34,35,36,37
1769,6,14,15,16,17,24,25,26,27,34,35,36,37
1770,6,14,15,16,17,24,25,26,27,34,35,36,37
1771,14,15,16,17,24,25,26,27,34,35,36,37
1772,14,15,16,17,24,25,26,27,34,35,36,37
1773,14,15,16,17,24,25,26,27,34,35,36,37
1774,14,15,16,17,24,25,26,27,34,35,36,37
1775,14,15,16,17,24,25,26,27,34,35,36,37,45,46
1776,14,15,16,17,24,25,26,27,34,35,36,37,45,46
1777,14,15,16,17,24,25,26,27,34,35,36,37,45,46
1778,14,15,16,17,24,25,26,27,34,35,36,37,45,46
1779,14,15,16,24,25,26,27,34,35,36,37,45,46
1780,14,15,16,24,25,26,27,34,35,36,37,45,46
1781,14,15,16,24,25,26,27,34,35,36,37,45,46
1782,14,15,16,24,25,26,27,34,35,36,37,45,46
1783,14,15,16,24,25,26,27,34,35,36,37,44,45,46
1784,14,15,16,24,25,26,27,34,35,36,37,44,45,46
1785,14,15,16,24,25,26,27,34,35,36,37,44,45,46
1786,14,15,16,24,25,26,27,34,35,36,37,44,45,46
1787,14,15,16,24,25,26,27,34,35,36,37,44,45,46
1788,14,15,16,24,25,26,27,34,35,36,37,44,45,46
1789,14,15,16,24,25,26,27,34,35,36,37,44,45,46
1790,14,15,16,24,25,26,27,34,35,36,37,44,45,46
1791,14,15,16,24,25,26,27,34,35,36,37,44,45,46
1792,14,15,16,24,25,26,27,34,35,36,37,44,45,46
1793,14,15,16,24,25,26,27,34,35,36,37,44,45,46
1794,14,15,16,24,25,26,27,34,35,36,37,44,45,46
1795,14,15,16,24,25,26,27,34,35,36,37,44,45,46
1796,14,15,16,24,25,26,27,34,35,36,37,44,45,46
1797,14,15,16,24,25,26,27,34,35,36,37,45,46
1798,14,15,16,24,25,26,27,34,35,36,37,45,46
1799,14,15,16,24,25,26,27,34,35,36,37,45,46
1800,14,15,16,24,25,26,27,34,35,36,37,45,46
