1,3,7,8,9,12,13,14,17,18,19
2,3,7,8,9,12,13,14,17,18,19
3,3,7,8,9,12,13,14,17,18,19
4,3,7,8,9,12,13,14,17,18,19
5,3,7,8,9,12,13,14,17,18,19
6,3,7,8,9,12,13,14,17,18,19
7,3,7,8,9,12,13,14,17,18,19
8,3,7,8,9,12,13,14,17,18,19
9,7,8,9,12,13,14,17,18,19
10,7,8,9,12,13,14,17,18,19
11,7,8,9,12,13,14,17,18,19,23
12,7,8,9,12,13,14,17,18,19,23
13,7,8,9,12,13,14,17,18,19,23
14,7,8,9,12,13,14,17,18,19,23
15,7,8,9,12,13,14,17,18,19,23
16,7,8,9,12,13,14,17,18,19,23
17,8,9,12,13,14,17,18,19,23
18,8,9,12,13,14,17,18,19,23
19,8,9,12,13,14,17,18,19,23,24
20,8,9,12,13,14,17,18,19,23,24
21,8,9,12,13,14,17,18,19,23,24
22,8,9,12,13,14,17,18,19,23,24
23,8,9,12,13,14,17,18,19,23
24,8,9,12,13,14,17,18,19,23
25,7,8,9,12,13,14,17,18,19,23
26,7,8,9,12,13,14,17,18,19,23
27,7,8,9,12,13,14,17,18,19,23
28,7,8,9,12,13,14,17,18,19,23
29,7,8,9,12,13,14,17,18,19
30,7,8,9,12,13,14,17,18,19
31,7,8,9,12,13,14,17,18,19
32,7,8,9,12,13,14,17,18,19
33,7,8,9,12,13,14,17,18,19
34,7,8,9,12,13,14,17,18,19
35,3,7,8,9,12,13,14,17,18,19
36,3,7,8,9,12,13,14,17,18,19
37,3,7,8,9,12,13,14,17,18,19
38,3,7,8,9,12,13,14,17,18,19
39,7,8,9,12,13,14,17,18,19
40,7,8,9,12,13,14,17,18,19
41,3,7,8,9,12,13,14,17,18,19
42,3,7,8,9,12,13,14,17,18,19
43,3,7,8,9,12,13,14,17,18,19
44,3,7,8,9,12,13,14,17,18,19
45,3,7,8,9,12,13,14,17,18,19
46,3,7,8,9,12,13,14,17,18,19
47,3,7,8,9,12,13,14,17,18,19
48,3,7,8,9,12,13,14,17,18,19
49,3,7,8,9,12,13,14,17,18,19
50,3,7,8,9,12,13,14,17,18,19
51,3,7,8,9,12,13,14,17,18,19
52,3,7,8,9,12,13,14,17,18,19
53,3,7,8,9,12,13,14,17,18,19
54,3,7,8,9,12,13,14,17,18,19
55,3,7,8,9,12,13,14,17,18,19
56,3,7,8,9,12,13,14,17,18,19
57,3,7,8,9,12,13,14,17,18,19
58,3,7,8,9,12,13,14,17,18,19
59,7,8,9,12,13,14,17,18,19
60,7,8,9,12,13,14,17,18,19
61,3,7,8,9,12,13,14,17,18,19
62,3,7,8,9,12,13,14,17,18,19
63,3,7,8,9,12,13,14,17,18,19
64,3,7,8,9,12,13,14,17,18,19
65,3,7,8,9,12,13,14,17,18,19
66,3,7,8,9,12,13,14,17,18,19
67,3,7,8,9,12,13,14,17,18,19
68,3,7,8,9,12,13,14,17,18,19
69,3,7,8,9,12,13,14,17,18,19
70,3,7,8,9,12,13,14,17,18,19
71,3,7,8,9,12,13,14,17,18,19
72,3,7,8,9,12,13,14,17,18,19
73,3,7,8,9,12,13,14,17,18,19
74,3,7,8,9,12,13,14,17,18,19
75,3,7,8,9,12,13,14,17,18,19
76,3,7,8,9,12,13,14,17,18,19
77,3,7,8,9,12,13,14,17,18,19
78,3,7,8,9,12,13,14,17,18,19
79,3,7,8,9,12,13,14,17,18,19
80,3,7,8,9,12,13,14,17,18,19
81,3,7,8,9,12,13,14,17,18,19
82,3,7,8,9,12,13,14,17,18,19
83,3,7,8,9,12,13,14,17,18,19
84,3,7,8,9,12,13,14,17,18,19
85,3,7,8,9,12,13,14,17,18,19
86,3,7,8,9,12,13,14,17,18,19
87,3,7,8,9,12,13,14,17,18,19
88,3,7,8,9,12,13,14,17,18,19
89,3,7,8,9,12,13,14,17,18,19
90,3,7,8,9,12,13,14,17,18,19
91,3,7,8,9,12,13,14,17,18,19
92,3,7,8,9,12,13,14,17,18,19
93,3,7,8,9,12,13,14,17,18,19
94,3,7,8,9,12,13,14,17,18,19
95,3,7,8,9,12,13,14,17,18,19
96,3,7,8,9,12,13,14,17,18,19
97,3,7,8,9,12,13,14,17,18,19
98,3,7,8,9,12,13,14,17,18,19
99,3,7,8,9,12,13,14,17,18,19
100,3,7,8,9,12,13,14,17,18,19
101,3,7,8,9,12,13,14,17,18,19
102,3,7,8,9,12,13,14,17,18,19
103,3,7,8,9,12,13,14,17,18,19
104,3,7,8,9,12,13,14,17,18,19
105,3,7,8,9,12,13,14,17,18,19
106,3,7,8,9,12,13,14,17,18,19
107,3,7,8,9,12,13,14,17,18,19
108,3,7,8,9,12,13,14,17,18,19
109,3,7,8,9,12,13,14,17,18,19
110,3,7,8,9,12,13,14,17,18,19
111,3,7,8,9,12,13,14,17,18,19
112,3,7,8,9,12,13,14,17,18,19
113,3,7,8,9,12,13,14,17,18,19
114,3,7,8,9,12,13,14,17,18,19
115,3,7,8,9,12,13,14,17,18
116,3,7,8,9,12,13,14,17,18
117,3,7,8,9,12,13,14,17,18
118,3,7,8,9,12,13,14,17,18
119,3,7,8,9,12,13,14,17,18
120,3,7,8,9,12,13,14,17,18
121,3,7,8,9,12,13,14,17,18
122,3,7,8,9,12,13,14,17,18
123,3,7,8,9,12,13,14,17,18,19
124,3,7,8,9,12,13,14,17,18,19
125,3,7,8,9,12,13,14,17,18,19
126,3,7,8,9,12,13,14,17,18,19
127,3,7,8,9,12,13,14,17,18,19
128,3,7,8,9,12,13,14,17,18,19
129,3,7,8,9,12,13,14,17,18,19
130,3,7,8,9,12,13,14,17,18,19
131,3,7,8,9,12,13,14,17,18
132,3,7,8,9,12,13,14,17,18
133,3,7,8,9,12,13,14,17,18
134,3,7,8,9,12,13,14,17,18
135,3,7,8,9,12,13,14,17,18
136,3,7,8,9,12,13,14,17,18
137,3,7,8,9,12,13,14,17,18
138,3,7,8,9,12,13,14,17,18
139,3,7,8,9,12,13,14,17,18
140,3,7,8,9,12,13,14,17,18
141,3,7,8,9,12,13,14,17,18
142,3,7,8,9,12,13,14,17,18
143,3,7,8,9,12,13,14,17,18
144,3,7,8,9,12,13,14,17,18
145,3,7,8,9,12,13,14,17,18
146,3,7,8,9,12,13,14,17,18
147,3,7,8,9,12,13,14,17,18
148,3,7,8,9,12,13,14,17,18
149,3,7,8,9,12,13,14,17,18
150,3,7,8,9,12,13,14,17,18
151,3,7,8,9,12,13,14,17,18
152,3,7,8,9,12,13,14,17,18
153,3,7,8,9,12,13,14,17,18
154,3,7,8,9,12,13,14,17,18
155,3,7,8,9,12,13,14,17,18
156,3,7,8,9,12,13,14,17,18
157,3,7,8,9,12,13,14,17,18
158,3,7,8,9,12,13,14,17,18
159,3,7,8,9,12,13,14,17,18
160,3,7,8,9,12,13,14,17,18
161,3,7,8,9,12,13,14,17,18
162,3,7,8,9,12,13,14,17,18
163,3,7,8,9,12,13,14,17,18
164,3,7,8,9,12,13,14,17,18
165,3,7,8,9,12,13,14,17,18
166,3,7,8,9,12,13,14,17,18
167,3,7,8,9,12,13,14,17,18
168,3,7,8,9,12,13,14,17,18
169,3,7,8,9,12,13,14,17,18
170,3,7,8,9,12,13,14,17,18
171,3,7,8,9,12,13,14,17,18
172,3,7,8,9,12,13,14,17,18
173,3,7,8,9,12,13,14,17,18
174,3,7,8,9,12,13,14,17,18
175,3,7,8,9,12,13,14,17,18
176,3,7,8,9,12,13,14,17,18
177,3,7,8,9,12,13,14,17,18
178,3,7,8,9,12,13,14,17,18
179,3,7,8,9,12,13,14,17,18
180,3,7,8,9,12,13,14,17,18
181,3,7,8,9,12,13,14,17,18
182,3,7,8,9,12,13,14,17,18
183,3,7,8,9,12,13,14,17,18
184,3,7,8,9,12,13,14,17,18
185,3,7,8,9,12,13,14,17,18
186,3,7,8,9,12,13,14,17,18
187,3,7,8,9,12,13,14,17,18
188,3,7,8,9,12,13,14,17,18
189,3,7,8,9,12,13,14,17,18
190,3,7,8,9,12,13,14,17,18
191,3,7,8,9,12,13,14,17,18
192,3,7,8,9,12,13,14,17,18
193,3,7,8,9,12,13,14,17,18
194,3,7,8,9,12,13,14,17,18
195,3,7,8,9,12,13,14,17,18
196,3,7,8,9,12,13,14,17,18
197,3,7,8,9,12,13,14,17,18,19
198,3,7,8,9,12,13,14,17,18,19
199,7,8,9,12,13,14,17,18,19
200,7,8,9,12,13,14,17,18,19
201,7,8,12,13,14,17,18,19,23
202,7,8,12,13,14,17,18,19,23
203,7,8,12,13,14,17,18,19,22,23
204,7,8,12,13,14,17,18,19,22,23
205,8,12,13,14,17,18,19,22,23,24
206,8,12,13,14,17,18,19,22,23,24
207,8,12,13,14,17,18,19,22,23,24
208,8,12,13,14,17,18,19,22,23,24
209,8,12,13,14,17,18,19,22,23,24
210,8,12,13,14,17,18,19,22,23,24
211,8,12,13,14,17,18,19,22,23,24
212,8,12,13,14,17,18,19,22,23,24
213,8,12,13,14,17,18,19,22,23,24
214,8,12,13,14,17,18,19,22,23,24
215,8,12,13,14,17,18,19,22,23,24
216,8,12,13,14,17,18,19,22,23,24
217,8,12,13,14,17,18,19,22,23,24
218,8,12,13,14,17,18,19,22,23,24
219,8,12,13,14,17,18,19,22,23,24
220,8,12,13,14,17,18,19,22,23,24
221,8,12,13,14,17,18,19,22,23,24
222,8,12,13,14,17,18,19,22,23,24
223,8,12,13,14,17,18,19,22,23,24
224,8,12,13,14,17,18,19,22,23,24
225,8,12,13,14,17,18,19,22,23,24
226,8,12,13,14,17,18,19,22,23,24
227,8,12,13,14,17,18,19,22,23,24
228,8,12,13,14,17,18,19,22,23,24
229,8,12,13,14,17,18,19,22,23,24
230,8,12,13,14,17,18,19,22,23,24
231,8,12,13,14,17,18,19,22,23,24
232,8,12,13,14,17,18,19,22,23,24
233,8,12,13,14,17,18,19,22,23,24
234,8,12,13,14,17,18,19,22,23,24
235,7,8,12,13,14,17,18,19,22,23
236,7,8,12,13,14,17,18,19,22,23
237,7,8,12,13,14,17,18,19,22,23
238,7,8,12,13,14,17,18,19,22,23
239,7,8,12,13,14,17,18,19,22,23
240,7,8,12,13,14,17,18,19,22,23
241,7,8,12,13,14,17,18,19,23
242,7,8,12,13,14,17,18,19,23
243,7,8,9,12,13,14,17,18,19,23
244,7,8,9,12,13,14,17,18,19,23
245,7,8,9,12,13,14,17,18,19,23
246,7,8,9,12,13,14,17,18,19,23
247,7,8,9,12,13,14,17,18,19,23
248,7,8,9,12,13,14,17,18,19,23
249,7,8,9,12,13,14,17,18,19,23
250,7,8,9,12,13,14,17,18,19,23
251,7,8,9,12,13,14,17,18,19,23
252,7,8,9,12,13,14,17,18,19,23
253,7,8,9,12,13,14,17,18,19,23
254,7,8,9,12,13,14,17,18,19,23
255,7,8,9,12,13,14,17,18,19,23
256,7,8,9,12,13,14,17,18,19,23
257,7,8,9,12,13,14,17,18,19,23
258,7,8,9,12,13,14,17,18,19,23
259,7,8,9,12,13,14,17,18,19,23
260,7,8,9,12,13,14,17,18,19,23
261,7,8,9,12,13,14,17,18,19,23
262,7,8,9,12,13,14,17,18,19,23
263,7,8,9,12,13,14,17,18,19,23
264,7,8,9,12,13,14,17,18,19,23
265,7,8,9,12,13,14,17,18,19,23
266,7,8,9,12,13,14,17,18,19,23
267,7,8,9,12,13,14,17,18,19,23
268,7,8,9,12,13,14,17,18,19,23
269,7,8,9,12,13,14,17,18,19,23
270,7,8,9,12,13,14,17,18,19,23
271,7,8,9,12,13,14,17,18,19,23
272,7,8,9,12,13,14,17,18,19,23
273,7,8,9,12,13,14,17,18,19,23
274,7,8,9,12,13,14,17,18,19,23
275,7,8,9,12,13,14,17,18,19,23
276,7,8,9,12,13,14,17,18,19,23
277,7,8,9,12,13,14,17,18,19,23
278,7,8,9,12,13,14,17,18,19,23
279,7,8,9,12,13,14,17,18,19,23
280,7,8,9,12,13,14,17,18,19,23
281,7,8,9,12,13,14,17,18,19,23
282,7,8,9,12,13,14,17,18,19,23
283,7,8,9,12,13,14,17,18,19,23
284,7,8,9,12,13,14,17,18,19,23
285,7,8,9,12,13,14,17,18,19,23
286,7,8,9,12,13,14,17,18,19,23
287,7,8,9,12,13,14,17,18,19,23
288,7,8,9,12,13,14,17,18,19,23
289,7,8,9,12,13,14,17,18,19,23
290,7,8,9,12,13,14,17,18,19,23
291,7,8,9,12,13,14,17,18,19,23
292,7,8,9,12,13,14,17,18,19,23
293,7,8,9,12,13,14,17,18,19,23
294,7,8,9,12,13,14,17,18,19,23
295,7,8,9,12,13,14,17,18,19,23
296,7,8,9,12,13,14,17,18,19,23
297,7,8,9,12,13,14,17,18,19,23
298,7,8,9,12,13,14,17,18,19,23
299,7,8,9,12,13,14,17,18,19,23
300,7,8,9,12,13,14,17,18,19,23
301,7,8,9,12,13,14,17,18,19,23
302,7,8,9,12,13,14,17,18,19,23
303,7,8,9,12,13,14,17,18,19,23
304,7,8,9,12,13,14,17,18,19,23
305,7,8,9,12,13,14,17,18,19,23
306,7,8,9,12,13,14,17,18,19,23
307,7,8,9,12,13,14,17,18,19,23
308,7,8,9,12,13,14,17,18,19,23
309,7,8,9,12,13,14,17,18,19
310,7,8,9,12,13,14,17,18,19
311,7,8,9,12,13,14,17,18,19,23
312,7,8,9,12,13,14,17,18,19,23
313,7,8,9,12,13,14,17,18,19,23
314,7,8,9,12,13,14,17,18,19,23
315,7,8,12,13,14,17,18,19,23
316,7,8,12,13,14,17,18,19,23
317,7,8,12,13,14,17,18,19,23
318,7,8,12,13,14,17,18,19,23
319,7,8,9,12,13,14,17,18,19,23
320,7,8,9,12,13,14,17,18,19,23
321,7,8,9,12,13,14,17,18,19,23
322,7,8,9,12,13,14,17,18,19,23
323,7,8,9,12,13,14,17,18,19,23
324,7,8,9,12,13,14,17,18,19,23
325,7,8,9,12,13,14,17,18,19,23
326,7,8,9,12,13,14,17,18,19,23
327,7,8,9,12,13,14,17,18,19,23
328,7,8,9,12,13,14,17,18,19,23
329,7,8,9,12,13,14,17,18,19,23
330,7,8,9,12,13,14,17,18,19,23
331,7,8,9,12,13,14,17,18,19,23
332,7,8,9,12,13,14,17,18,19,23
333,7,8,9,12,13,14,17,18,19,23
334,7,8,9,12,13,14,17,18,19,23
335,7,8,9,12,13,14,17,18,19,23
336,7,8,9,12,13,14,17,18,19,23
337,7,8,9,12,13,14,17,18,19,23
338,7,8,9,12,13,14,17,18,19,23
339,7,8,9,12,13,14,17,18,19,23
340,7,8,9,12,13,14,17,18,19,23
341,7,8,9,12,13,14,17,18,19,23
342,7,8,9,12,13,14,17,18,19,23
343,7,8,9,12,13,14,17,18,19,23
344,7,8,9,12,13,14,17,18,19,23
345,7,8,9,12,13,14,17,18,19,23
346,7,8,9,12,13,14,17,18,19,23
347,7,8,9,12,13,14,17,18,19,23
348,7,8,9,12,13,14,17,18,19,23
349,7,8,9,12,13,14,17,18,19,23
350,7,8,9,12,13,14,17,18,19,23
351,7,8,9,12,13,14,17,18,19
352,7,8,9,12,13,14,17,18,19
353,7,8,9,12,13,14,17,18,19
354,7,8,9,12,13,14,17,18,19
355,7,8,9,12,13,14,17,18,19
356,7,8,9,12,13,14,17,18,19
357,7,8,9,12,13,14,17,18,19,23
358,7,8,9,12,13,14,17,18,19,23
359,7,8,9,12,13,14,17,18,19,23
360,7,8,9,12,13,14,17,18,19,23
361,7,8,9,12,13,14,17,18,19,23
362,7,8,9,12,13,14,17,18,19,23
363,7,8,9,12,13,14,17,18,19,23
364,7,8,9,12,13,14,17,18,19,23
365,7,8,9,12,13,14,17,18,19,23
366,7,8,9,12,13,14,17,18,19,23
367,7,8,9,12,13,14,17,18,19
368,7,8,9,12,13,14,17,18,19
369,7,8,9,12,13,14,17,18,19
370,7,8,9,12,13,14,17,18,19
371,7,8,9,12,13,14,17,18,19
372,7,8,9,12,13,14,17,18,19
373,7,8,9,12,13,14,17,18,19,23
374,7,8,9,12,13,14,17,18,19,23
375,7,8,9,12,13,14,17,18,19,23
376,7,8,9,12,13,14,17,18,19,23
377,7,8,9,12,13,14,17,18,19,23
378,7,8,9,12,13,14,17,18,19,23
379,7,8,9,12,13,14,17,18,19,23
380,7,8,9,12,13,14,17,18,19,23
381,7,8,9,12,13,14,17,18,19
382,7,8,9,12,13,14,17,18,19
383,7,8,9,12,13,14,17,18,19
384,7,8,9,12,13,14,17,18,19
385,7,8,9,12,13,14,17,18,19
386,7,8,9,12,13,14,17,18,19
387,7,8,9,12,13,14,17,18,19
388,7,8,9,12,13,14,17,18,19
389,7,8,9,12,13,14,17,18,19
390,7,8,9,12,13,14,17,18,19
391,7,8,9,12,13,14,17,18,19
392,7,8,9,12,13,14,17,18,19
393,7,8,9,12,13,14,17,18,19
394,7,8,9,12,13,14,17,18,19
395,7,8,9,12,13,14,17,18,19
396,7,8,9,12,13,14,17,18,19
397,3,7,8,9,12,13,14,17,18,19
398,3,7,8,9,12,13,14,17,18,19
399,3,7,8,9,12,13,14,17,18,19
400,3,7,8,9,12,13,14,17,18,19
401,7,8,9,12,13,14,17,18,19
402,7,8,9,12,13,14,17,18,19
403,7,8,9,12,13,14,17,18,19,23
404,7,8,9,12,13,14,17,18,19,23
405,7,8,9,12,13,14,17,18,19,23
406,7,8,9,12,13,14,17,18,19,23
407,7,8,9,12,13,14,17,18,19,23
408,7,8,9,12,13,14,17,18,19,23
409,7,8,9,12,13,14,17,18,19,23
410,7,8,9,12,13,14,17,18,19,23
411,7,8,9,12,13,14,17,18,19,23
412,7,8,9,12,13,14,17,18,19,23
413,7,8,9,12,13,14,17,18,19,23
414,7,8,9,12,13,14,17,18,19,23
415,7,8,9,12,13,14,17,18,19,23
416,7,8,9,12,13,14,17,18,19,23
417,7,8,9,12,13,14,17,18,19,23
418,7,8,9,12,13,14,17,18,19,23
419,7,8,9,12,13,14,17,18,19,23
420,7,8,9,12,13,14,17,18,19,23
421,7,8,12,13,14,17,18,19,23
422,7,8,12,13,14,17,18,19,23
423,7,8,12,13,14,17,18,19,23
424,7,8,12,13,14,17,18,19,23
425,7,8,12,13,14,17,18,19
426,7,8,12,13,14,17,18,19
427,7,8,12,13,14,17,18,19
428,7,8,12,13,14,17,18,19
429,7,8,12,13,14,17,18,19
430,7,8,12,13,14,17,18,19
431,7,8,12,13,14,17,18,19,23
432,7,8,12,13,14,17,18,19,23
433,7,8,12,13,14,17,18,19,23
434,7,8,12,13,14,17,18,19,23
435,7,8,12,13,14,17,18,19,23
436,7,8,12,13,14,17,18,19,23
437,7,8,9,12,13,14,17,18,19,23
438,7,8,9,12,13,14,17,18,19,23
439,7,8,9,12,13,14,17,18,19,23
440,7,8,9,12,13,14,17,18,19,23
441,7,8,9,12,13,14,17,18,19,23
442,7,8,9,12,13,14,17,18,19,23
443,7,8,9,12,13,14,17,18,19,23
444,7,8,9,12,13,14,17,18,19,23
445,7,8,9,12,13,14,17,18,19,23
446,7,8,9,12,13,14,17,18,19,23
447,7,8,9,12,13,14,17,18,19,23
448,7,8,9,12,13,14,17,18,19,23
449,7,8,9,12,13,14,17,18,19,23
450,7,8,9,12,13,14,17,18,19,23
451,7,8,9,12,13,14,17,18,19,23
452,7,8,9,12,13,14,17,18,19,23
453,7,8,9,12,13,14,17,18,19,23
454,7,8,9,12,13,14,17,18,19,23
455,7,8,9,12,13,14,17,18,19,23
456,7,8,9,12,13,14,17,18,19,23
457,7,8,9,12,13,14,17,18,19,23
458,7,8,9,12,13,14,17,18,19,23
459,7,8,9,12,13,14,17,18,19,23
460,7,8,9,12,13,14,17,18,19,23
461,7,8,9,12,13,14,17,18,19,23
462,7,8,9,12,13,14,17,18,19,23
463,7,8,9,12,13,14,17,18,19,23
464,7,8,9,12,13,14,17,18,19,23
465,7,8,9,12,13,14,17,18,19,23
466,7,8,9,12,13,14,17,18,19,23
467,7,8,9,12,13,14,17,18,19,23
468,7,8,9,12,13,14,17,18,19,23
469,7,8,9,12,13,14,17,18,19,23
470,7,8,9,12,13,14,17,18,19,23
471,7,8,9,12,13,14,17,18,19,23
472,7,8,9,12,13,14,17,18,19,23
473,7,8,9,12,13,14,17,18,19,23
474,7,8,9,12,13,14,17,18,19,23
475,7,8,9,12,13,14,17,18,19,23
476,7,8,9,12,13,14,17,18,19,23
477,7,8,9,12,13,14,17,18,19,23
478,7,8,9,12,13,14,17,18,19,23
479,7,8,9,12,13,14,17,18,19,23
480,7,8,9,12,13,14,17,18,19,23
481,7,8,9,12,13,14,17,18,19,23
482,7,8,9,12,13,14,17,18,19,23
483,7,8,9,12,13,14,17,18,19,23
484,7,8,9,12,13,14,17,18,19,23
485,7,8,9,12,13,14,17,18,19,23
486,7,8,9,12,13,14,17,18,19,23
487,7,8,9,12,13,14,17,18,19,23
488,7,8,9,12,13,14,17,18,19,23
489,7,8,9,12,13,14,17,18,19,23
490,7,8,9,12,13,14,17,18,19,23
491,7,8,9,12,13,14,17,18,19,23
492,7,8,9,12,13,14,17,18,19,23
493,7,8,9,12,13,14,17,18,19,23
494,7,8,9,12,13,14,17,18,19,23
495,7,8,9,12,13,14,17,18,19,23
496,7,8,9,12,13,14,17,18,19,23
497,7,8,9,12,13,14,17,18,19,23
498,7,8,9,12,13,14,17,18,19,23
499,7,8,9,12,13,14,17,18,19,23
500,7,8,9,12,13,14,17,18,19,23
501,7,8,9,12,13,14,17,18,19,23
502,7,8,9,12,13,14,17,18,19,23
503,7,8,9,12,13,14,17,18,19,23
504,7,8,9,12,13,14,17,18,19,23
505,7,8,9,12,13,14,17,18,19,23
506,7,8,9,12,13,14,17,18,19,23
507,7,8,9,12,13,14,17,18,19,23
508,7,8,9,12,13,14,17,18,19,23
509,7,8,9,12,13,14,17,18,19,23
510,7,8,9,12,13,14,17,18,19,23
511,7,8,9,12,13,14,17,18,19,23
512,7,8,9,12,13,14,17,18,19,23
513,7,8,9,12,13,14,17,18,19,23
514,7,8,9,12,13,14,17,18,19,23
515,7,8,9,12,13,14,17,18,19,23
516,7,8,9,12,13,14,17,18,19,23
517,7,8,9,12,13,14,17,18,19,23
518,7,8,9,12,13,14,17,18,19,23
519,7,8,9,12,13,14,17,18,19,23
520,7,8,9,12,13,14,17,18,19,23
521,7,8,9,12,13,14,17,18,19,23
522,7,8,9,12,13,14,17,18,19,23
523,7,8,9,12,13,14,17,18,19,23
524,7,8,9,12,13,14,17,18,19,23
525,7,8,9,12,13,14,17,18,19,23
526,7,8,9,12,13,14,17,18,19,23
527,7,8,9,12,13,14,17,18,19,23
528,7,8,9,12,13,14,17,18,19,23
529,7,8,9,12,13,14,17,18,19,23
530,7,8,9,12,13,14,17,18,19,23
531,7,8,9,12,13,14,17,18,19,23
532,7,8,9,12,13,14,17,18,19,23
533,7,8,9,12,13,14,17,18,19,23
534,7,8,9,12,13,14,17,18,19,23
535,7,8,9,12,13,14,17,18,19,23
536,7,8,9,12,13,14,17,18,19,23
537,7,8,9,12,13,14,17,18,19,23
538,7,8,9,12,13,14,17,18,19,23
539,7,8,9,12,13,14,17,18,19,23
540,7,8,9,12,13,14,17,18,19,23
541,7,8,9,12,13,14,17,18,19,23
542,7,8,9,12,13,14,17,18,19,23
543,7,8,9,12,13,14,17,18,19,23
544,7,8,9,12,13,14,17,18,19,23
545,7,8,9,12,13,14,17,18,19
546,7,8,9,12,13,14,17,18,19
547,7,8,9,12,13,14,17,18,19
548,7,8,9,12,13,14,17,18,19
549,7,8,9,12,13,14,17,18,19,23
550,7,8,9,12,13,14,17,18,19,23
551,7,8,9,12,13,14,17,18,19,23
552,7,8,9,12,13,14,17,18,19,23
553,7,8,9,12,13,14,17,18,19
554,7,8,9,12,13,14,17,18,19
555,7,8,9,12,13,14,17,18,19
556,7,8,9,12,13,14,17,18,19
557,7,8,9,12,13,14,17,18,19
558,7,8,9,12,13,14,17,18,19
559,7,8,9,12,13,14,17,18,19
560,7,8,9,12,13,14,17,18,19
561,7,8,9,12,13,14,17,18,19
562,7,8,9,12,13,14,17,18,19
563,7,8,9,12,13,14,17,18,19
564,7,8,9,12,13,14,17,18,19
565,7,8,9,12,13,14,17,18,19
566,7,8,9,12,13,14,17,18,19
567,7,8,9,12,13,14,17,18,19
568,7,8,9,12,13,14,17,18,19
569,3,7,8,9,12,13,14,17,18,19
570,3,7,8,9,12,13,14,17,18,19
571,3,7,8,9,12,13,14,17,18,19
572,3,7,8,9,12,13,14,17,18,19
573,3,7,8,9,12,13,14,17,18,19
574,3,7,8,9,12,13,14,17,18,19
575,3,7,8,9,12,13,14,17,18,19
576,3,7,8,9,12,13,14,17,18,19
577,3,7,8,9,12,13,14,17,18,19
578,3,7,8,9,12,13,14,17,18,19
579,3,7,8,9,12,13,14,17,18,19
580,3,7,8,9,12,13,14,17,18,19
581,3,7,8,9,12,13,14,17,18,19
582,3,7,8,9,12,13,14,17,18,19
583,3,7,8,9,12,13,14,17,18,19
584,3,7,8,9,12,13,14,17,18,19
585,3,7,8,9,12,13,14,17,18,19
586,3,7,8,9,12,13,14,17,18,19
587,3,7,8,9,12,13,14,17,18,19
588,3,7,8,9,12,13,14,17,18,19
589,3,7,8,9,12,13,14,17,18,19
590,3,7,8,9,12,13,14,17,18,19
591,3,7,8,9,12,13,14,17,18,19
592,3,7,8,9,12,13,14,17,18,19
593,3,7,8,9,12,13,14,17,18,19
594,3,7,8,9,12,13,14,17,18,19
595,3,7,8,9,12,13,14,17,18,19
596,3,7,8,9,12,13,14,17,18,19
597,3,7,8,9,12,13,14,17,18,19
598,3,7,8,9,12,13,14,17,18,19
599,3,7,8,9,12,13,14,17,18,19
600,3,7,8,9,12,13,14,17,18,19
601,3,7,8,9,12,13,14,17,18,19
602,3,7,8,9,12,13,14,17,18,19
603,3,7,8,9,12,13,14,17,18,19
604,3,7,8,9,12,13,14,17,18,19
605,3,7,8,9,12,13,14,17,18,19
606,3,7,8,9,12,13,14,17,18,19
607,3,7,8,9,12,13,14,17,18,19
608,3,7,8,9,12,13,14,17,18,19
609,3,7,8,9,12,13,14,17,18,19
610,3,7,8,9,12,13,14,17,18,19
611,3,7,8,9,12,13,14,17,18,19
612,3,7,8,9,12,13,14,17,18,19
613,3,7,8,9,12,13,14,17,18,19
614,3,7,8,9,12,13,14,17,18,19
615,7,8,9,12,13,14,17,18,19
616,7,8,9,12,13,14,17,18,19
617,7,8,9,12,13,14,17,18,19,23
618,7,8,9,12,13,14,17,18,19,23
619,7,8,9,12,13,14,17,18,19,23
620,7,8,9,12,13,14,17,18,19,23
621,7,8,9,12,13,14,17,18,19,23
622,7,8,9,12,13,14,17,18,19,23
623,7,8,9,12,13,14,17,18,19,23
624,7,8,9,12,13,14,17,18,19,23
625,7,8,12,13,14,17,18,19,22,23
626,7,8,12,13,14,17,18,19,22,23
627,7,8,12,13,14,17,18,19,22,23,24
628,7,8,12,13,14,17,18,19,22,23,24
629,8,12,13,14,17,18,19,22,23,24
630,8,12,13,14,17,18,19,22,23,24
631,8,12,13,14,17,18,19,22,23,24
632,8,12,13,14,17,18,19,22,23,24
633,8,12,13,14,17,18,19,22,23,24
634,8,12,13,14,17,18,19,22,23,24
635,8,12,13,14,17,18,19,22,23,24
636,8,12,13,14,17,18,19,22,23,24
637,8,12,13,14,17,18,19,22,23,24
638,8,12,13,14,17,18,19,22,23,24
639,8,12,13,14,17,18,19,22,23,24
640,8,12,13,14,17,18,19,22,23,24
641,7,8,12,13,14,17,18,19,22,23,24
642,7,8,12,13,14,17,18,19,22,23,24
643,7,8,12,13,14,17,18,19,22,23,24
644,7,8,12,13,14,17,18,19,22,23,24
645,7,8,12,13,14,17,18,19,22,23
646,7,8,12,13,14,17,18,19,22,23
647,7,8,9,12,13,14,17,18,19,23
648,7,8,9,12,13,14,17,18,19,23
649,7,8,9,12,13,14,17,18,19,23
650,7,8,9,12,13,14,17,18,19,23
651,7,8,9,12,13,14,17,18,19,23
652,7,8,9,12,13,14,17,18,19,23
653,7,8,9,12,13,14,17,18,19,23
654,7,8,9,12,13,14,17,18,19,23
655,7,8,9,12,13,14,17,18,19,23
656,7,8,9,12,13,14,17,18,19,23
657,7,8,9,12,13,14,17,18,19,23
658,7,8,9,12,13,14,17,18,19,23
659,7,8,9,12,13,14,17,18,19,23
660,7,8,9,12,13,14,17,18,19,23
661,7,8,9,12,13,14,17,18,19,23
662,7,8,9,12,13,14,17,18,19,23
663,7,8,9,12,13,14,17,18,19
664,7,8,9,12,13,14,17,18,19
665,7,8,9,12,13,14,17,18,19
666,7,8,9,12,13,14,17,18,19
667,7,8,9,12,13,14,17,18,19
668,7,8,9,12,13,14,17,18,19
669,7,8,9,12,13,14,17,18,19
670,7,8,9,12,13,14,17,18,19
671,3,7,8,9,12,13,14,17,18,19
672,3,7,8,9,12,13,14,17,18,19
673,3,7,8,9,12,13,14,18,19
674,3,7,8,9,12,13,14,18,19
675,3,8,9,13,14,18,19
676,3,8,9,13,14,18,19
677,3,4,8,9,13,14,18,19
678,3,4,8,9,13,14,18,19
679,3,4,8,9,13,14,18,19
680,3,4,8,9,13,14,18,19
681,3,4,8,9,13,14,18,19
682,3,4,8,9,13,14,18,19
683,3,4,8,9,13,14,18,19
684,3,4,8,9,13,14,18,19
685,3,4,8,9,13,14,18,19
686,3,4,8,9,13,14,18,19
687,3,4,8,9,13,14,18,19
688,3,4,8,9,13,14,18,19
689,3,4,8,9,13,14,18,19
690,3,4,8,9,13,14,18,19
691,3,4,8,9,13,14,18,19
692,3,4,8,9,13,14,18,19
693,3,4,8,9,13,14,18,19
694,3,4,8,9,13,14,18,19
695,3,4,8,9,13,14,18,19
696,3,4,8,9,13,14,18,19
697,3,4,8,9,13,14,18,19
698,3,4,8,9,13,14,18,19
699,3,4,8,9,13,14,18,19
700,3,4,8,9,13,14,18,19
701,3,4,8,9,13,14,18,19
702,3,4,8,9,13,14,18,19
703,3,4,8,9,13,14,18,19
704,3,4,8,9,13,14,18,19
705,3,4,8,9,13,14,18,19
706,3,4,8,9,13,14,18,19
707,3,4,8,9,13,14,18,19
708,3,4,8,9,13,14,18,19
709,3,4,8,9,13,14,18,19
710,3,4,8,9,13,14,18,19
711,3,4,8,9,13,14,18,19
712,3,4,8,9,13,14,18,19
713,3,4,8,9,13,14,18,19
714,3,4,8,9,13,14,18,19
715,3,4,8,9,13,14,18,19
716,3,4,8,9,13,14,18,19
717,3,4,8,9,13,14,18,19
718,3,4,8,9,13,14,18,19
719,3,4,8,9,13,14,18,19
720,3,4,8,9,13,14,18,19
721,3,4,8,9,12,13,14,18,19
722,3,4,8,9,12,13,14,18,19
723,3,7,8,9,12,13,14,18,19
724,3,7,8,9,12,13,14,18,19
725,3,7,8,9,12,13,14,18,19
726,3,7,8,9,12,13,14,18,19
727,3,7,8,9,12,13,14,18,19
728,3,7,8,9,12,13,14,18,19
729,3,7,8,9,12,13,14,17,18,19
730,3,7,8,9,12,13,14,17,18,19
731,3,7,8,9,12,13,14,17,18,19
732,3,7,8,9,12,13,14,17,18,19
733,3,7,8,9,12,13,14,17,18,19
734,3,7,8,9,12,13,14,17,18,19
735,3,7,8,9,12,13,14,17,18,19
736,3,7,8,9,12,13,14,17,18,19
737,3,7,8,9,12,13,14,17,18,19
738,3,7,8,9,12,13,14,17,18,19
739,3,7,8,9,12,13,14,17,18,19
740,3,7,8,9,12,13,14,17,18,19
741,3,7,8,9,12,13,14,17,18,19
742,3,7,8,9,12,13,14,17,18,19
743,3,7,8,9,12,13,14,17,18,19
744,3,7,8,9,12,13,14,17,18,19
745,3,7,8,9,12,13,14,17,18,19
746,3,7,8,9,12,13,14,17,18,19
747,3,7,8,9,12,13,14,17,18,19
748,3,7,8,9,12,13,14,17,18,19
749,3,7,8,9,12,13,14,17,18,19
750,3,7,8,9,12,13,14,17,18,19
751,3,7,8,9,12,13,14,17,18,19
752,3,7,8,9,12,13,14,17,18,19
753,3,7,8,9,12,13,14,17,18,19
754,3,7,8,9,12,13,14,17,18,19
755,3,7,8,9,12,13,14,17,18,19
756,3,7,8,9,12,13,14,17,18,19
757,3,7,8,9,12,13,14,17,18,19
758,3,7,8,9,12,13,14,17,18,19
759,3,7,8,9,12,13,14,18,19
760,3,7,8,9,12,13,14,18,19
761,3,7,8,9,12,13,14,18,19
762,3,7,8,9,12,13,14,18,19
763,3,7,8,9,12,13,14,17,18,19
764,3,7,8,9,12,13,14,17,18,19
765,3,7,8,9,12,13,14,17,18,19
766,3,7,8,9,12,13,14,17,18,19
767,3,7,8,9,12,13,14,17,18,19
768,3,7,8,9,12,13,14,17,18,19
769,3,7,8,9,12,13,14,17,18,19
770,3,7,8,9,12,13,14,17,18,19
771,3,7,8,9,12,13,14,17,18,19
772,3,7,8,9,12,13,14,17,18,19
773,3,7,8,9,12,13,14,17,18,19
774,3,7,8,9,12,13,14,17,18,19
775,3,7,8,9,12,13,14,17,18,19
776,3,7,8,9,12,13,14,17,18,19
777,3,7,8,9,12,13,14,17,18,19
778,3,7,8,9,12,13,14,17,18,19
779,3,7,8,9,12,13,14,17,18,19
780,3,7,8,9,12,13,14,17,18,19
781,3,7,8,9,12,13,14,17,18,19
782,3,7,8,9,12,13,14,17,18,19
783,3,7,8,9,12,13,14,17,18,19
784,3,7,8,9,12,13,14,17,18,19
785,3,7,8,9,12,13,14,17,18,19
786,3,7,8,9,12,13,14,17,18,19
787,3,7,8,9,12,13,14,17,18,19
788,3,7,8,9,12,13,14,17,18,19
789,3,7,8,9,12,13,14,17,18,19
790,3,7,8,9,12,13,14,17,18,19
791,3,7,8,9,12,13,14,17,18,19
792,3,7,8,9,12,13,14,17,18,19
793,3,7,8,9,12,13,14,17,18,19
794,3,7,8,9,12,13,14,17,18,19
795,3,7,8,9,12,13,14,17,18,19
796,3,7,8,9,12,13,14,17,18,19
797,3,7,8,9,12,13,14,17,18,19
798,3,7,8,9,12,13,14,17,18,19
799,3,7,8,9,12,13,14,17,18,19
800,3,7,8,9,12,13,14,17,18,19
801,3,7,8,9,12,13,14,17,18,19
802,3,7,8,9,12,13,14,17,18,19
803,3,7,8,9,12,13,14,17,18,19
804,3,7,8,9,12,13,14,17,18,19
805,3,7,8,9,12,13,14,17,18,19
806,3,7,8,9,12,13,14,17,18,19
807,3,7,8,9,12,13,14,17,18,19
808,3,7,8,9,12,13,14,17,18,19
809,3,7,8,9,12,13,14,17,18,19
810,3,7,8,9,12,13,14,17,18,19
811,3,7,8,9,12,13,14,17,18,19
812,3,7,8,9,12,13,14,17,18,19
813,3,7,8,9,12,13,14,17,18,19
814,3,7,8,9,12,13,14,17,18,19
815,3,7,8,9,12,13,14,17,18,19
816,3,7,8,9,12,13,14,17,18,19
817,3,7,8,9,12,13,14,17,18,19
818,3,7,8,9,12,13,14,17,18,19
819,3,7,8,9,12,13,14,17,18,19
820,3,7,8,9,12,13,14,17,18,19
821,3,7,8,9,12,13,14,17,18,19
822,3,7,8,9,12,13,14,17,18,19
823,3,7,8,9,12,13,14,17,18,19
824,3,7,8,9,12,13,14,17,18,19
825,3,7,8,9,12,13,14,17,18,19
826,3,7,8,9,12,13,14,17,18,19
827,3,7,8,9,12,13,14,17,18,19
828,3,7,8,9,12,13,14,17,18,19
829,3,7,8,9,12,13,14,17,18,19
830,3,7,8,9,12,13,14,17,18,19
831,3,7,8,9,12,13,14,17,18,19
832,3,7,8,9,12,13,14,17,18,19
833,3,7,8,9,12,13,14,17,18,19
834,3,7,8,9,12,13,14,17,18,19
835,3,7,8,9,12,13,14,17,18,19
836,3,7,8,9,12,13,14,17,18,19
837,3,7,8,9,12,13,14,17,18,19
838,3,7,8,9,12,13,14,17,18,19
839,3,7,8,9,12,13,14,17,18,19
840,3,7,8,9,12,13,14,17,18,19
841,3,7,8,9,12,13,14,17,18,19
842,3,7,8,9,12,13,14,17,18,19
843,3,7,8,9,12,13,14,17,18,19
844,3,7,8,9,12,13,14,17,18,19
845,3,7,8,9,12,13,14,17,18,19
846,3,7,8,9,12,13,14,17,18,19
847,3,7,8,9,12,13,14,17,18,19
848,3,7,8,9,12,13,14,17,18,19
849,3,7,8,9,12,13,14,17,18,19
850,3,7,8,9,12,13,14,17,18,19
851,3,7,8,9,12,13,14,17,18,19
852,3,7,8,9,12,13,14,17,18,19
853,3,7,8,9,12,13,14,17,18,19
854,3,7,8,9,12,13,14,17,18,19
855,3,7,8,9,12,13,14,17,18,19
856,3,7,8,9,12,13,14,17,18,19
857,3,7,8,9,12,13,14,17,18,19
858,3,7,8,9,12,13,14,17,18,19
859,3,7,8,9,12,13,14,17,18,19
860,3,7,8,9,12,13,14,17,18,19
861,3,7,8,9,12,13,14,17,18,19
862,3,7,8,9,12,13,14,17,18,19
863,3,7,8,9,12,13,14,17,18,19
864,3,7,8,9,12,13,14,17,18,19
865,3,7,8,9,12,13,14,17,18,19
866,3,7,8,9,12,13,14,17,18,19
867,3,7,8,9,12,13,14,17,18,19
868,3,7,8,9,12,13,14,17,18,19
869,3,7,8,9,12,13,14,17,18,19
870,3,7,8,9,12,13,14,17,18,19
871,3,7,8,9,12,13,14,17,18,19
872,3,7,8,9,12,13,14,17,18,19
873,3,7,8,9,12,13,14,17,18,19
874,3,7,8,9,12,13,14,17,18,19
875,3,7,8,9,12,13,14,17,18,19
876,3,7,8,9,12,13,14,17,18,19
877,3,7,8,9,12,13,14,17,18,19
878,3,7,8,9,12,13,14,17,18,19
879,3,7,8,9,12,13,14,17,18,19
880,3,7,8,9,12,13,14,17,18,19
881,3,7,8,9,12,13,14,17,18,19
882,3,7,8,9,12,13,14,17,18,19
883,3,7,8,9,12,13,14,17,18,19
884,3,7,8,9,12,13,14,17,18,19
885,3,7,8,9,12,13,14,17,18,19
886,3,7,8,9,12,13,14,17,18,19
887,3,7,8,9,12,13,14,17,18,19
888,3,7,8,9,12,13,14,17,18,19
889,3,7,8,9,12,13,14,17,18,19
890,3,7,8,9,12,13,14,17,18,19
891,3,7,8,9,12,13,14,17,18,19
892,3,7,8,9,12,13,14,17,18,19
893,3,7,8,9,12,13,14,17,18,19
894,3,7,8,9,12,13,14,17,18,19
895,3,7,8,9,12,13,14,17,18,19
896,3,7,8,9,12,13,14,17,18,19
897,3,7,8,9,12,13,14,17,18,19
898,3,7,8,9,12,13,14,17,18,19
899,7,8,9,12,13,14,17,18,19
900,7,8,9,12,13,14,17,18,19
901,7,8,9,12,13,14,17,18,19,23
902,7,8,9,12,13,14,17,18,19,23
903,7,8,9,12,13,14,17,18,19,23
904,7,8,9,12,13,14,17,18,19,23
905,7,8,12,13,14,17,18,19,23
906,7,8,12,13,14,17,18,19,23
907,7,8,12,13,14,17,18,19,22,23
908,7,8,12,13,14,17,18,19,22,23
909,7,8,12,13,14,17,18,19,23
910,7,8,12,13,14,17,18,19,23
911,7,8,9,12,13,14,17,18,19,23
912,7,8,9,12,13,14,17,18,19,23
913,7,8,9,12,13,14,17,18,19,23
914,7,8,9,12,13,14,17,18,19,23
915,3,7,8,9,12,13,14,17,18,19
916,3,7,8,9,12,13,14,17,18,19
917,3,7,8,9,12,13,14,17,18,19
918,3,7,8,9,12,13,14,17,18,19
919,3,7,8,9,12,13,14,17,18
920,3,7,8,9,12,13,14,17,18
921,3,7,8,9,12,13,14,17,18
922,3,7,8,9,12,13,14,17,18
923,3,7,8,9,12,13,14,17,18
924,3,7,8,9,12,13,14,17,18
925,3,7,8,9,12,13,14,17,18
926,3,7,8,9,12,13,14,17,18
927,3,7,8,9,12,13,14,17,18
928,3,7,8,9,12,13,14,17,18
929,3,7,8,9,12,13,14,17,18,19
930,3,7,8,9,12,13,14,17,18,19
931,3,7,8,9,12,13,14,17,18,19
932,3,7,8,9,12,13,14,17,18,19
933,3,7,8,9,12,13,14,17,18
934,3,7,8,9,12,13,14,17,18
935,3,7,8,9,12,13,14,17,18,19
936,3,7,8,9,12,13,14,17,18,19
937,3,7,8,9,12,13,14,17,18,19
938,3,7,8,9,12,13,14,17,18,19
939,3,7,8,9,12,13,14,17,18
940,3,7,8,9,12,13,14,17,18
941,3,7,8,9,12,13,14,17,18
942,3,7,8,9,12,13,14,17,18
943,3,7,8,9,12,13,14,17,18,19
944,3,7,8,9,12,13,14,17,18,19
945,3,7,8,9,12,13,14,17,18,19
946,3,7,8,9,12,13,14,17,18,19
947,3,7,8,9,12,13,14,17,18,19
948,3,7,8,9,12,13,14,17,18,19
949,3,7,8,9,12,13,14,17,18,19
950,3,7,8,9,12,13,14,17,18,19
951,3,7,8,9,12,13,14,17,18,19
952,3,7,8,9,12,13,14,17,18,19
953,3,7,8,9,12,13,14,17,18,19
954,3,7,8,9,12,13,14,17,18,19
955,3,7,8,9,12,13,14,17,18,19
956,3,7,8,9,12,13,14,17,18,19
957,3,7,8,9,12,13,14,17,18,19
958,3,7,8,9,12,13,14,17,18,19
959,3,7,8,9,12,13,14,17,18,19
960,3,7,8,9,12,13,14,17,18,19
961,3,7,8,9,12,13,14,17,18,19
962,3,7,8,9,12,13,14,17,18,19
963,3,7,8,9,12,13,14,17,18,19
964,3,7,8,9,12,13,14,17,18,19
965,3,7,8,9,12,13,14,17,18,19
966,3,7,8,9,12,13,14,17,18,19
967,3,7,8,9,12,13,14,17,18,19
968,3,7,8,9,12,13,14,17,18,19
969,3,7,8,9,12,13,14,17,18,19
970,3,7,8,9,12,13,14,17,18,19
971,3,7,8,9,12,13,14,17,18,19
972,3,7,8,9,12,13,14,17,18,19
973,3,7,8,9,12,13,14,17,18,19
974,3,7,8,9,12,13,14,17,18,19
975,3,7,8,9,12,13,14,17,18,19
976,3,7,8,9,12,13,14,17,18,19
977,3,7,8,9,12,13,14,17,18,19
978,3,7,8,9,12,13,14,17,18,19
979,3,7,8,9,12,13,14,17,18,19
980,3,7,8,9,12,13,14,17,18,19
981,3,7,8,9,12,13,14,18,19
982,3,7,8,9,12,13,14,18,19
983,3,4,7,8,9,12,13,14,18,19
984,3,4,7,8,9,12,13,14,18,19
985,3,4,7,8,9,12,13,14,18,19
986,3,4,7,8,9,12,13,14,18,19
987,3,4,7,8,9,12,13,14,18,19
988,3,4,7,8,9,12,13,14,18,19
989,3,4,7,8,9,12,13,14,18,19
990,3,4,7,8,9,12,13,14,18,19
991,2,3,4,7,8,9,12,13,14,18,19
992,2,3,4,7,8,9,12,13,14,18,19
993,2,3,4,7,8,9,12,13,14,18
994,2,3,4,7,8,9,12,13,14,18
995,2,3,4,7,8,9,12,13,14,18
996,2,3,4,7,8,9,12,13,14,18
997,2,3,4,7,8,9,12,13,14,18
998,2,3,4,7,8,9,12,13,14,18
999,2,3,4,7,8,9,12,13,14,18
1000,2,3,4,7,8,9,12,13,14,18
1001,2,3,4,7,8,9,12,13,14,18
1002,2,3,4,7,8,9,12,13,14,18
1003,2,3,4,7,8,9,12,13,14,18
1004,2,3,4,7,8,9,12,13,14,18
1005,2,3,4,7,8,9,12,13,14,18
1006,2,3,4,7,8,9,12,13,14,18
1007,2,3,4,7,8,9,12,13,14,18
1008,2,3,4,7,8,9,12,13,14,18
1009,2,3,4,7,8,9,12,13,14,18
1010,2,3,4,7,8,9,12,13,14,18
1011,2,3,4,7,8,9,12,13,14,18
1012,2,3,4,7,8,9,12,13,14,18
1013,2,3,4,7,8,9,12,13,14,18
1014,2,3,4,7,8,9,12,13,14,18
1015,2,3,4,7,8,9,12,13,14,18
1016,2,3,4,7,8,9,12,13,14,18
1017,2,3,4,7,8,9,12,13,14,18
1018,2,3,4,7,8,9,12,13,14,18
1019,2,3,4,7,8,9,12,13,14,18
1020,2,3,4,7,8,9,12,13,14,18
1021,2,3,4,7,8,9,12,13,14,18
1022,2,3,4,7,8,9,12,13,14,18
1023,2,3,4,7,8,9,12,13,14,18
1024,2,3,4,7,8,9,12,13,14,18
1025,2,3,4,7,8,9,12,13,14,18
1026,2,3,4,7,8,9,12,13,14,18
1027,2,3,4,7,8,9,12,13,14,18
1028,2,3,4,7,8,9,12,13,14,18
1029,2,3,4,7,8,9,12,13,14,18
1030,2,3,4,7,8,9,12,13,14,18
1031,2,3,4,7,8,9,12,13,14,18
1032,2,3,4,7,8,9,12,13,14,18
1033,2,3,4,7,8,9,12,13,14,18
1034,2,3,4,7,8,9,12,13,14,18
1035,2,3,4,7,8,9,12,13,14,18
1036,2,3,4,7,8,9,12,13,14,18
1037,2,3,4,7,8,9,12,13,14,18
1038,2,3,4,7,8,9,12,13,14,18
1039,2,3,4,7,8,9,12,13,14,18
1040,2,3,4,7,8,9,12,13,14,18
1041,2,3,4,7,8,9,12,13,14,18
1042,2,3,4,7,8,9,12,13,14,18
1043,2,3,4,7,8,9,12,13,14,18
1044,2,3,4,7,8,9,12,13,14,18
1045,2,3,4,7,8,9,12,13,14,18
1046,2,3,4,7,8,9,12,13,14,18
1047,2,3,4,7,8,9,12,13,14,18
1048,2,3,4,7,8,9,12,13,14,18
1049,2,3,4,7,8,9,12,13,14,18
1050,2,3,4,7,8,9,12,13,14,18
1051,2,3,4,7,8,9,12,13,14,18
1052,2,3,4,7,8,9,12,13,14,18
1053,2,3,4,7,8,9,12,13,14,18
1054,2,3,4,7,8,9,12,13,14,18
1055,2,3,4,7,8,9,12,13,14,18
1056,2,3,4,7,8,9,12,13,14,18
1057,2,3,4,7,8,9,12,13,14,18
1058,2,3,4,7,8,9,12,13,14,18
1059,2,3,4,7,8,9,12,13,14,18
1060,2,3,4,7,8,9,12,13,14,18
1061,2,3,4,7,8,9,12,13,14,18
1062,2,3,4,7,8,9,12,13,14,18
1063,2,3,4,7,8,9,12,13,14,18
1064,2,3,4,7,8,9,12,13,14,18
1065,2,3,4,7,8,9,12,13,14,18
1066,2,3,4,7,8,9,12,13,14,18
1067,2,3,4,7,8,9,12,13,14,18
1068,2,3,4,7,8,9,12,13,14,18
1069,2,3,4,7,8,9,12,13,14,18
1070,2,3,4,7,8,9,12,13,14,18
1071,2,3,4,7,8,9,12,13,14,18
1072,2,3,4,7,8,9,12,13,14,18
1073,2,3,4,7,8,9,12,13,14,18
1074,2,3,4,7,8,9,12,13,14,18
1075,2,3,4,7,8,9,12,13,14,18
1076,2,3,4,7,8,9,12,13,14,18
1077,2,3,4,7,8,9,12,13,14,18
1078,2,3,4,7,8,9,12,13,14,18
1079,2,3,4,7,8,9,12,13,14,18
1080,2,3,4,7,8,9,12,13,14,18
1081,2,3,4,7,8,9,12,13,14,18
1082,2,3,4,7,8,9,12,13,14,18
1083,3,4,7,8,9,12,13,14,17,18
1084,3,4,7,8,9,12,13,14,17,18
1085,3,7,8,9,12,13,14,17,18
1086,3,7,8,9,12,13,14,17,18
1087,3,7,8,9,12,13,14,17,18
1088,3,7,8,9,12,13,14,17,18
1089,3,7,8,9,12,13,14,17,18
1090,3,7,8,9,12,13,14,17,18
1091,3,7,8,9,12,13,14,17,18
1092,3,7,8,9,12,13,14,17,18
1093,3,7,8,9,12,13,14,17,18
1094,3,7,8,9,12,13,14,17,18
1095,3,7,8,9,12,13,14,17,18
1096,3,7,8,9,12,13,14,17,18
1097,3,7,8,9,12,13,14,17,18
1098,3,7,8,9,12,13,14,17,18
1099,3,7,8,9,12,13,14,17,18
1100,3,7,8,9,12,13,14,17,18
1101,3,7,8,9,12,13,14,17,18
1102,3,7,8,9,12,13,14,17,18
1103,3,7,8,9,12,13,14,17,18
1104,3,7,8,9,12,13,14,17,18
1105,3,7,8,9,12,13,14,17,18
1106,3,7,8,9,12,13,14,17,18
1107,3,7,8,9,12,13,14,17,18
1108,3,7,8,9,12,13,14,17,18
1109,3,7,8,9,12,13,14,17,18
1110,3,7,8,9,12,13,14,17,18
1111,3,7,8,9,12,13,14,17,18
1112,3,7,8,9,12,13,14,17,18
1113,3,7,8,9,12,13,14,17,18
1114,3,7,8,9,12,13,14,17,18
1115,3,7,8,9,12,13,14,17,18
1116,3,7,8,9,12,13,14,17,18
1117,3,7,8,9,12,13,14,17,18
1118,3,7,8,9,12,13,14,17,18
1119,2,3,4,7,8,9,12,13,14,17,18
1120,2,3,4,7,8,9,12,13,14,17,18
1121,2,3,4,7,8,9,12,13,14,17,18
1122,2,3,4,7,8,9,12,13,14,17,18
1123,2,3,4,7,8,9,12,13,14,18
1124,2,3,4,7,8,9,12,13,14,18
1125,2,3,4,7,8,9,12,13,14,18
1126,2,3,4,7,8,9,12,13,14,18
1127,2,3,4,7,8,9,12,13,14,18
1128,2,3,4,7,8,9,12,13,14,18
1129,2,3,4,7,8,9,12,13,14,18
1130,2,3,4,7,8,9,12,13,14,18
1131,2,3,4,7,8,9,12,13,14,18
1132,2,3,4,7,8,9,12,13,14,18
1133,2,3,4,7,8,9,12,13,14,18
1134,2,3,4,7,8,9,12,13,14,18
1135,2,3,4,7,8,9,12,13,14,18
1136,2,3,4,7,8,9,12,13,14,18
1137,2,3,4,7,8,9,12,13,14,18
1138,2,3,4,7,8,9,12,13,14,18
1139,2,3,4,7,8,9,12,13,14,18
1140,2,3,4,7,8,9,12,13,14,18
1141,2,3,4,7,8,9,12,13,14,18
1142,2,3,4,7,8,9,12,13,14,18
1143,2,3,4,7,8,9,12,13,14,18
1144,2,3,4,7,8,9,12,13,14,18
1145,2,3,4,7,8,9,12,13,14,18
1146,2,3,4,7,8,9,12,13,14,18
1147,2,3,4,7,8,9,12,13,14,18
1148,2,3,4,7,8,9,12,13,14,18
1149,2,3,4,7,8,9,12,13,14,18
1150,2,3,4,7,8,9,12,13,14,18
1151,2,3,4,7,8,9,12,13,14,18
1152,2,3,4,7,8,9,12,13,14,18
1153,2,3,4,7,8,9,12,13,14,18
1154,2,3,4,7,8,9,12,13,14,18
1155,2,3,4,7,8,9,12,13,14,18
1156,2,3,4,7,8,9,12,13,14,18
1157,2,3,4,7,8,9,12,13,14,18
1158,2,3,4,7,8,9,12,13,14,18
1159,2,3,4,7,8,9,12,13,14,18
1160,2,3,4,7,8,9,12,13,14,18
1161,2,3,4,7,8,9,12,13,14,18
1162,2,3,4,7,8,9,12,13,14,18
1163,2,3,4,7,8,9,12,13,14,18
1164,2,3,4,7,8,9,12,13,14,18
1165,2,3,4,7,8,9,12,13,14,17,18
1166,2,3,4,7,8,9,12,13,14,17,18
1167,3,4,7,8,9,12,13,14,17,18
1168,3,4,7,8,9,12,13,14,17,18
1169,3,7,8,9,12,13,14,17,18
1170,3,7,8,9,12,13,14,17,18
1171,3,7,8,9,12,13,14,17,18
1172,3,7,8,9,12,13,14,17,18
1173,3,7,8,9,12,13,14,17,18
1174,3,7,8,9,12,13,14,17,18
1175,3,7,8,9,12,13,14,17,18
1176,3,7,8,9,12,13,14,17,18
1177,3,7,8,9,12,13,14,17,18
1178,3,7,8,9,12,13,14,17,18
1179,3,7,8,9,12,13,14,17,18,19
1180,3,7,8,9,12,13,14,17,18,19
1181,3,7,8,9,12,13,14,17,18,19
1182,3,7,8,9,12,13,14,17,18,19
1183,3,7,8,9,12,13,14,17,18,19
1184,3,7,8,9,12,13,14,17,18,19
1185,3,7,8,9,12,13,14,17,18,19
1186,3,7,8,9,12,13,14,17,18,19
1187,3,7,8,9,12,13,14,17,18,19
1188,3,7,8,9,12,13,14,17,18,19
1189,3,7,8,9,12,13,14,17,18,19
1190,3,7,8,9,12,13,14,17,18,19
1191,3,7,8,9,12,13,14,17,18,19
1192,3,7,8,9,12,13,14,17,18,19
1193,3,7,8,9,12,13,14,17,18
1194,3,7,8,9,12,13,14,17,18
1195,3,4,7,8,9,12,13,14,18
1196,3,4,7,8,9,12,13,14,18
1197,2,3,4,7,8,9,12,13,14,18
1198,2,3,4,7,8,9,12,13,14,18
1199,2,3,4,7,8,9,12,13,14,18
1200,2,3,4,7,8,9,12,13,14,18
1201,2,3,4,7,8,9,12,13,14,18
1202,2,3,4,7,8,9,12,13,14,18
1203,2,3,4,7,8,9,12,13,14,18
1204,2,3,4,7,8,9,12,13,14,18
1205,2,3,4,7,8,9,12,13,14,18
1206,2,3,4,7,8,9,12,13,14,18
1207,2,3,4,7,8,9,12,13,14,18
1208,2,3,4,7,8,9,12,13,14,18
1209,3,4,7,8,9,12,13,14,18
1210,3,4,7,8,9,12,13,14,18
1211,3,4,7,8,9,12,13,14,18
1212,3,4,7,8,9,12,13,14,18
1213,3,4,7,8,9,12,13,14,18
1214,3,4,7,8,9,12,13,14,18
1215,3,4,7,8,9,12,13,14,18
1216,3,4,7,8,9,12,13,14,18
1217,3,4,7,8,9,12,13,14,18
1218,3,4,7,8,9,12,13,14,18
1219,3,4,7,8,9,12,13,14,18
1220,3,4,7,8,9,12,13,14,18
1221,3,4,7,8,9,12,13,14,18
1222,3,4,7,8,9,12,13,14,18
1223,3,4,7,8,9,12,13,14,18
1224,3,4,7,8,9,12,13,14,18
1225,3,4,7,8,9,12,13,14,18
1226,3,4,7,8,9,12,13,14,18
1227,3,4,7,8,9,12,13,14,18
1228,3,4,7,8,9,12,13,14,18
1229,3,4,7,8,9,12,13,14,18
1230,3,4,7,8,9,12,13,14,18
1231,3,4,7,8,9,12,13,14,18
1232,3,4,7,8,9,12,13,14,18
1233,3,4,7,8,9,12,13,14,18
1234,3,4,7,8,9,12,13,14,18
1235,3,4,7,8,9,12,13,14,18
1236,3,4,7,8,9,12,13,14,18
1237,3,4,7,8,9,12,13,14,18,19
1238,3,4,7,8,9,12,13,14,18,19
1239,3,4,7,8,9,12,13,14,18,19
1240,3,4,7,8,9,12,13,14,18,19
1241,3,4,7,8,9,12,13,14,18,19
1242,3,4,7,8,9,12,13,14,18,19
1243,3,4,7,8,9,12,13,14,18,19
1244,3,4,7,8,9,12,13,14,18,19
1245,3,4,7,8,9,12,13,14,18
1246,3,4,7,8,9,12,13,14,18
1247,3,4,7,8,9,12,13,14,18
1248,3,4,7,8,9,12,13,14,18
1249,3,4,7,8,9,12,13,14,18
1250,3,4,7,8,9,12,13,14,18
1251,3,4,7,8,9,12,13,14,18
1252,3,4,7,8,9,12,13,14,18
1253,3,4,7,8,9,12,13,14,18
1254,3,4,7,8,9,12,13,14,18
1255,2,3,4,7,8,9,12,13,14,18
1256,2,3,4,7,8,9,12,13,14,18
1257,2,3,4,7,8,9,12,13,14,18
1258,2,3,4,7,8,9,12,13,14,18
1259,2,3,4,7,8,9,12,13,14,18
1260,2,3,4,7,8,9,12,13,14,18
1261,2,3,4,7,8,9,12,13,14,18
1262,2,3,4,7,8,9,12,13,14,18
1263,2,3,4,7,8,9,12,13,14,18
1264,2,3,4,7,8,9,12,13,14,18
1265,2,3,4,7,8,9,12,13,14,18
1266,2,3,4,7,8,9,12,13,14,18
1267,3,4,7,8,9,12,13,14,18
1268,3,4,7,8,9,12,13,14,18
1269,3,7,8,9,12,13,14,17,18
1270,3,7,8,9,12,13,14,17,18
1271,3,7,8,9,12,13,14,17,18
1272,3,7,8,9,12,13,14,17,18
1273,3,7,8,9,12,13,14,17,18,19
1274,3,7,8,9,12,13,14,17,18,19
1275,3,7,8,9,12,13,14,17,18,19
1276,3,7,8,9,12,13,14,17,18,19
1277,7,8,9,12,13,14,17,18,19
1278,7,8,9,12,13,14,17,18,19
1279,7,8,9,12,13,14,17,18,19
1280,7,8,9,12,13,14,17,18,19
1281,7,8,9,12,13,14,17,18,19,23
1282,7,8,9,12,13,14,17,18,19,23
1283,7,8,12,13,14,17,18,19,23
1284,7,8,12,13,14,17,18,19,23
1285,7,8,12,13,14,17,18,19,23
1286,7,8,12,13,14,17,18,19,23
1287,7,8,12,13,14,17,18,19,23
1288,7,8,12,13,14,17,18,19,23
1289,7,8,12,13,14,17,18,19,22,23
1290,7,8,12,13,14,17,18,19,22,23
1291,7,8,12,13,14,17,18,19,22,23
1292,7,8,12,13,14,17,18,19,22,23
1293,7,8,12,13,14,17,18,19,22,23
1294,7,8,12,13,14,17,18,19,22,23
1295,7,8,12,13,14,17,18,19,23
1296,7,8,12,13,14,17,18,19,23
1297,7,8,12,13,14,17,18,19,23
1298,7,8,12,13,14,17,18,19,23
1299,7,8,12,13,14,17,18,19,23
1300,7,8,12,13,14,17,18,19,23
1301,7,8,12,13,14,17,18,23
1302,7,8,12,13,14,17,18,23
1303,7,8,12,13,14,17,18,23
1304,7,8,12,13,14,17,18,23
1305,7,8,12,13,14,17,18
1306,7,8,12,13,14,17,18
1307,7,8,12,13,14,17,18
1308,7,8,12,13,14,17,18
1309,3,7,8,12,13,14,17,18
1310,3,7,8,12,13,14,17,18
1311,3,7,8,12,13,14,17,18
1312,3,7,8,12,13,14,17,18
1313,3,7,8,9,12,13,14,17,18
1314,3,7,8,9,12,13,14,17,18
1315,3,7,8,9,12,13,14,17,18
1316,3,7,8,9,12,13,14,17,18
1317,3,7,8,9,12,13,14,17,18
1318,3,7,8,9,12,13,14,17,18
1319,3,7,8,9,12,13,14,17,18
1320,3,7,8,9,12,13,14,17,18
1321,3,7,8,9,12,13,14,17,18
1322,3,7,8,9,12,13,14,17,18
1323,3,7,8,9,12,13,14,17,18
1324,3,7,8,9,12,13,14,17,18
1325,3,7,8,9,12,13,14,17,18
1326,3,7,8,9,12,13,14,17,18
1327,3,7,8,9,12,13,14,17,18
1328,3,7,8,9,12,13,14,17,18
1329,3,7,8,9,12,13,14,17,18
1330,3,7,8,9,12,13,14,17,18
1331,3,7,8,9,12,13,14,17,18
1332,3,7,8,9,12,13,14,17,18
1333,3,7,8,9,12,13,14,17,18
1334,3,7,8,9,12,13,14,17,18
1335,3,7,8,9,12,13,14,17,18
1336,3,7,8,9,12,13,14,17,18
1337,3,7,8,9,12,13,14,17,18
1338,3,7,8,9,12,13,14,17,18
1339,3,7,8,9,12,13,14,17,18
1340,3,7,8,9,12,13,14,17,18
1341,2,3,7,8,9,12,13,14,17,18
1342,2,3,7,8,9,12,13,14,17,18
1343,2,3,7,8,9,12,13,14,17,18
1344,2,3,7,8,9,12,13,14,17,18
1345,2,3,7,8,9,12,13,14,17,18
1346,2,3,7,8,9,12,13,14,17,18
1347,2,3,7,8,9,12,13,14,17,18
1348,2,3,7,8,9,12,13,14,17,18
1349,2,3,7,8,9,12,13,14,17,18
1350,2,3,7,8,9,12,13,14,17,18
1351,2,3,7,8,9,12,13,14,17,18
1352,2,3,7,8,9,12,13,14,17,18
1353,2,3,7,8,9,12,13,14,17,18
1354,2,3,7,8,9,12,13,14,17,18
1355,2,3,7,8,9,12,13,14,17,18
1356,2,3,7,8,9,12,13,14,17,18
1357,2,3,7,8,9,12,13,14,17,18
1358,2,3,7,8,9,12,13,14,17,18
1359,2,3,7,8,12,13,17,18
1360,2,3,7,8,12,13,17,18
1361,2,3,7,8,12,13,17,18
1362,2,3,7,8,12,13,17,18
1363,2,3,7,8,12,13,17,18
1364,2,3,7,8,12,13,17,18
1365,2,3,7,8,12,13,17,18
1366,2,3,7,8,12,13,17,18
1367,2,3,6,7,8,11,12,13,17,18
1368,2,3,6,7,8,11,12,13,17,18
1369,2,3,6,7,8,11,12,13,17,18
1370,2,3,6,7,8,11,12,13,17,18
1371,2,3,6,7,8,11,12,13,17,18
1372,2,3,6,7,8,11,12,13,17,18
1373,2,6,7,8,11,12,13,16,17
1374,2,6,7,8,11,12,13,16,17
1375,2,6,7,8,11,12,13,16,17
1376,2,6,7,8,11,12,13,16,17
1377,2,6,7,8,11,12,13,16,17
1378,2,6,7,8,11,12,13,16,17
1379,1,2,6,7,11,12,16,17
1380,1,2,6,7,11,12,16,17
1381,1,2,6,7,11,12,16,17
1382,1,2,6,7,11,12,16,17
1383,1,2,6,7,11,12,16,17
1384,1,2,6,7,11,12,16,17
1385,1,2,6,7,11,12,16,17
1386,1,2,6,7,11,12,16,17
1387,1,2,6,7,11,12,16,17
1388,1,2,6,7,11,12,16,17
1389,1,2,6,7,11,12,16,17
1390,1,2,6,7,11,12,16,17
1391,1,2,6,7,11,12,16,17
1392,1,2,6,7,11,12,16,17
1393,1,2,6,7,11,12,16,17
1394,1,2,6,7,11,12,16,17
1395,1,2,6,7,11,12,16,17
1396,1,2,6,7,11,12,16,17
1397,1,2,6,7,11,12,16,17
1398,1,2,6,7,11,12,16,17
1399,1,2,6,7,11,12,16,17
1400,1,2,6,7,11,12,16,17
1401,1,2,6,7,11,12,16,17
1402,1,2,6,7,11,12,16,17
1403,1,2,6,7,11,12,16,17
1404,1,2,6,7,11,12,16,17
1405,1,2,6,7,11,12,16,17
1406,1,2,6,7,11,12,16,17
1407,1,2,6,7,11,12,16,17
1408,1,2,6,7,11,12,16,17
1409,1,2,6,7,11,12,16,17
1410,1,2,6,7,11,12,16,17
1411,1,2,6,7,11,12,16,17
1412,1,2,6,7,11,12,16,17
1413,1,2,6,7,11,12,16,17
1414,1,2,6,7,11,12,16,17
1415,1,2,6,7,11,12,16,17
1416,1,2,6,7,11,12,16,17
1417,1,2,6,7,11,12,16,17
1418,1,2,6,7,11,12,16,17
1419,1,2,6,7,11,12,16,17
1420,1,2,6,7,11,12,16,17
1421,1,2,6,7,11,12,16,17
1422,1,2,6,7,11,12,16,17
1423,1,2,6,7,11,12,16,17
1424,1,2,6,7,11,12,16,17
1425,1,2,6,7,11,12,16,17
1426,1,2,6,7,11,12,16,17
1427,1,2,6,7,11,12,16,17
1428,1,2,6,7,11,12,16,17
1429,1,2,6,7,11,12,16,17
1430,1,2,6,7,11,12,16,17
1431,1,2,6,7,11,12,16,17
1432,1,2,6,7,11,12,16,17
1433,1,2,6,7,11,12,16,17
1434,1,2,6,7,11,12,16,17
1435,1,2,6,7,11,12,16,17
1436,1,2,6,7,11,12,16,17
1437,1,2,6,7,11,12,16,17
1438,1,2,6,7,11,12,16,17
1439,1,6,7,11,12,16,17
1440,1,6,7,11,12,16,17
1441,1,6,7,11,12,16,17
1442,1,6,7,11,12,16,17
1443,1,6,7,10,11,12,15,16,17
1444,1,6,7,10,11,12,15,16,17
1445,6,7,10,11,12,15,16,17,20
1446,6,7,10,11,12,15,16,17,20
1447,6,7,10,11,12,15,16,17,20
1448,6,7,10,11,12,15,16,17,20
1449,6,7,10,11,12,15,16,17,20,21
1450,6,7,10,11,12,15,16,17,20,21
1451,6,7,10,11,12,15,16,17,20,21
1452,6,7,10,11,12,15,16,17,20,21
1453,6,7,10,11,12,15,16,17,20,21
1454,6,7,10,11,12,15,16,17,20,21
1455,6,7,10,11,12,15,16,17,20,21
1456,6,7,10,11,12,15,16,17,20,21
1457,6,7,10,11,12,15,16,17,20,21
1458,6,7,10,11,12,15,16,17,20,21
1459,6,10,11,12,15,16,17,20,21
1460,6,10,11,12,15,16,17,20,21
1461,6,10,11,12,15,16,17,20,21
1462,6,10,11,12,15,16,17,20,21
1463,6,10,11,15,16,20,21,25
1464,6,10,11,15,16,20,21,25
1465,6,10,11,15,16,20,21,25
1466,6,10,11,15,16,20,21,25
1467,6,10,11,15,16,20,21,25
1468,6,10,11,15,16,20,21,25
1469,6,10,11,15,16,20,21,25
1470,6,10,11,15,16,20,21,25
1471,6,10,11,15,16,20,21,25
1472,6,10,11,15,16,20,21,25
1473,6,10,11,15,16,20,21,25
1474,6,10,11,15,16,20,21,25
1475,6,10,11,15,16,20,21,25
1476,6,10,11,15,16,20,21,25
1477,6,10,11,15,16,20,21,25
1478,6,10,11,15,16,20,21,25
1479,6,10,11,15,16,20,21,25
1480,6,10,11,15,16,20,21,25
1481,6,10,11,15,16,20,21,25
1482,6,10,11,15,16,20,21,25
1483,6,10,11,15,16,20,21,25
1484,6,10,11,15,16,20,21,25
1485,6,10,11,15,16,20,21,25
1486,6,10,11,15,16,20,21,25
1487,6,10,11,15,16,20,21,25
1488,6,10,11,15,16,20,21,25
1489,6,10,11,15,16,20,21,25
1490,6,10,11,15,16,20,21,25
1491,6,10,11,15,16,20,21,25
1492,6,10,11,15,16,20,21,25
1493,6,10,11,15,16,20,21,25
1494,6,10,11,15,16,20,21,25
1495,6,10,11,15,16,20,21,25
1496,6,10,11,15,16,20,21,25
1497,6,10,11,15,16,20,21,25
1498,6,10,11,15,16,20,21,25
1499,6,10,11,15,16,20,21,25
1500,6,10,11,15,16,20,21,25
1501,6,10,11,15,16,20,21,25
1502,6,10,11,15,16,20,21,25
1503,6,10,11,15,16,20,21,25
1504,6,10,11,15,16,20,21,25
1505,6,10,11,15,16,20,21,25
1506,6,10,11,15,16,20,21,25
1507,6,10,11,15,16,20,21,25
1508,6,10,11,15,16,20,21,25
1509,6,10,11,15,16,20,21,25
1510,6,10,11,15,16,20,21,25
1511,6,10,11,15,16,20,21,25
1512,6,10,11,15,16,20,21,25
1513,6,10,11,15,16,20,21,25
1514,6,10,11,15,16,20,21,25
1515,6,10,11,12,15,16,17,20,21,25
1516,6,10,11,12,15,16,17,20,21,25
1517,6,7,10,11,12,15,16,17,20,21
1518,6,7,10,11,12,15,16,17,20,21
1519,6,7,10,11,12,15,16,17,20,21
1520,6,7,10,11,12,15,16,17,20,21
1521,6,7,10,11,12,15,16,17,20,21
1522,6,7,10,11,12,15,16,17,20,21
1523,6,7,10,11,12,15,16,17,20,21
1524,6,7,10,11,12,15,16,17,20,21
1525,6,7,10,11,12,15,16,17,20,21
1526,6,7,10,11,12,15,16,17,20,21
1527,6,10,11,12,15,16,17,20,21,25
1528,6,10,11,12,15,16,17,20,21,25
1529,6,10,11,12,15,16,17,20,21,25
1530,6,10,11,12,15,16,17,20,21,25
1531,6,10,11,12,15,16,17,20,21,25
1532,6,10,11,12,15,16,17,20,21,25
1533,6,10,11,12,15,16,17,20,21,25
1534,6,10,11,12,15,16,17,20,21,25
1535,6,10,11,12,15,16,17,20,21
1536,6,10,11,12,15,16,17,20,21
1537,6,7,10,11,12,15,16,17,20,21
1538,6,7,10,11,12,15,16,17,20,21
1539,6,7,10,11,12,15,16,17,20,21
1540,6,7,10,11,12,15,16,17,20,21
1541,6,7,10,11,12,15,16,17,20,21
1542,6,7,10,11,12,15,16,17,20,21
1543,6,7,11,12,15,16,17,21
1544,6,7,11,12,15,16,17,21
1545,6,7,11,12,16,17
1546,6,7,11,12,16,17
1547,2,6,7,11,12,16,17
1548,2,6,7,11,12,16,17
1549,2,6,7,8,11,12,13,16,17,18
1550,2,6,7,8,11,12,13,16,17,18
1551,2,7,8,11,12,13,17,18
1552,2,7,8,11,12,13,17,18
1553,2,3,7,8,12,13,17,18
1554,2,3,7,8,12,13,17,18
1555,3,7,8,12,13,17,18
1556,3,7,8,12,13,17,18
1557,3,7,8,12,13,17,18
1558,3,7,8,12,13,17,18
1559,3,7,8,12,13,17,18
1560,3,7,8,12,13,17,18
1561,3,7,8,9,12,13,14,17,18
1562,3,7,8,9,12,13,14,17,18
1563,3,7,8,9,12,13,14,17,18,19
1564,3,7,8,9,12,13,14,17,18,19
1565,3,7,8,9,12,13,14,17,18,19
1566,3,7,8,9,12,13,14,17,18,19
1567,3,7,8,9,12,13,14,17,18,19
1568,3,7,8,9,12,13,14,17,18,19
1569,3,7,8,9,12,13,14,17,18,19
1570,3,7,8,9,12,13,14,17,18,19
1571,3,7,8,9,12,13,14,17,18,19
1572,3,7,8,9,12,13,14,17,18,19
1573,3,7,8,9,12,13,14,17,18,19
1574,3,7,8,9,12,13,14,17,18,19
1575,3,7,8,9,12,13,14,17,18,19
1576,3,7,8,9,12,13,14,17,18,19
1577,3,7,8,9,12,13,14,18,19
1578,3,7,8,9,12,13,14,18,19
1579,3,7,8,9,12,13,14,18,19
1580,3,7,8,9,12,13,14,18,19
1581,3,7,8,9,12,13,14,18,19
1582,3,7,8,9,12,13,14,18,19
1583,3,7,8,9,12,13,14,18,19
1584,3,7,8,9,12,13,14,18,19
1585,3,7,8,9,12,13,14,18,19
1586,3,7,8,9,12,13,14,18,19
1587,3,7,8,9,12,13,14,18,19
1588,3,7,8,9,12,13,14,18,19
1589,3,7,8,9,12,13,14,18,19
1590,3,7,8,9,12,13,14,18,19
1591,3,7,8,9,12,13,14,18,19
1592,3,7,8,9,12,13,14,18,19
1593,3,7,8,9,12,13,14,18,19
1594,3,7,8,9,12,13,14,18,19
1595,3,7,8,9,12,13,14,18,19
1596,3,7,8,9,12,13,14,18,19
1597,3,7,8,9,12,13,14,17,18,19
1598,3,7,8,9,12,13,14,17,18,19
1599,3,7,8,9,12,13,14,17,18,19
1600,3,7,8,9,12,13,14,17,18,19
1601,3,7,8,9,12,13,14,17,18,19
1602,3,7,8,9,12,13,14,17,18,19
1603,3,7,8,9,12,13,14,17,18,19
1604,3,7,8,9,12,13,14,17,18,19
1605,3,7,8,9,12,13,14,17,18,19
1606,3,7,8,9,12,13,14,17,18,19
1607,3,7,8,9,12,13,14,17,18,19
1608,3,7,8,9,12,13,14,17,18,19
1609,3,7,8,9,12,13,14,17,18,19
1610,3,7,8,9,12,13,14,17,18,19
1611,3,7,8,9,12,13,14,17,18,19
1612,3,7,8,9,12,13,14,17,18,19
1613,3,7,8,9,12,13,14,17,18,19
1614,3,7,8,9,12,13,14,17,18,19
1615,3,7,8,9,12,13,14,17,18,19
1616,3,7,8,9,12,13,14,17,18,19
1617,3,7,8,9,12,13,14,17,18,19
1618,3,7,8,9,12,13,14,17,18,19
1619,3,7,8,9,12,13,14,17,18,19
1620,3,7,8,9,12,13,14,17,18,19
1621,3,7,8,9,12,13,14,17,18,19
1622,3,7,8,9,12,13,14,17,18,19
1623,3,7,8,9,12,13,14,17,18,19
1624,3,7,8,9,12,13,14,17,18,19
1625,3,7,8,9,12,13,14,17,18,19
1626,3,7,8,9,12,13,14,17,18,19
1627,3,7,8,9,12,13,14,17,18,19
1628,3,7,8,9,12,13,14,17,18,19
1629,3,7,8,9,12,13,14,17,18,19
1630,3,7,8,9,12,13,14,17,18,19
1631,3,7,8,9,12,13,14,17,18,19
1632,3,7,8,9,12,13,14,17,18,19
1633,3,7,8,9,12,13,14,17,18,19
1634,3,7,8,9,12,13,14,17,18,19
1635,3,7,8,9,12,13,14,17,18,19
1636,3,7,8,9,12,13,14,17,18,19
1637,3,7,8,9,12,13,14,17,18,19
1638,3,7,8,9,12,13,14,17,18,19
1639,3,7,8,9,12,13,14,17,18,19
1640,3,7,8,9,12,13,14,17,18,19
1641,3,7,8,9,12,13,14,17,18,19
1642,3,7,8,9,12,13,14,17,18,19
1643,3,7,8,9,12,13,14,17,18,19
1644,3,7,8,9,12,13,14,17,18,19
1645,3,7,8,9,12,13,14,17,18,19
1646,3,7,8,9,12,13,14,17,18,19
1647,3,7,8,9,12,13,14,17,18,19
1648,3,7,8,9,12,13,14,17,18,19
1649,3,7,8,9,12,13,14,17,18,19
1650,3,7,8,9,12,13,14,17,18,19
1651,3,7,8,9,12,13,14,17,18,19
1652,3,7,8,9,12,13,14,17,18,19
1653,3,7,8,9,12,13,14,17,18,19
1654,3,7,8,9,12,13,14,17,18,19
1655,3,7,8,9,12,13,14,17,18,19
1656,3,7,8,9,12,13,14,17,18,19
1657,3,7,8,9,12,13,14,17,18,19
1658,3,7,8,9,12,13,14,17,18,19
1659,3,7,8,9,12,13,14,17,18,19
1660,3,7,8,9,12,13,14,17,18,19
1661,3,7,8,9,12,13,14,17,18,19
1662,3,7,8,9,12,13,14,17,18,19
1663,3,7,8,9,12,13,14,17,18,19
1664,3,7,8,9,12,13,14,17,18,19
1665,3,7,8,9,12,13,14,17,18,19
1666,3,7,8,9,12,13,14,17,18,19
1667,3,7,8,9,12,13,14,17,18,19
1668,3,7,8,9,12,13,14,17,18,19
1669,3,7,8,9,12,13,14,17,18,19
1670,3,7,8,9,12,13,14,17,18,19
1671,3,7,8,9,12,13,14,17,18,19
1672,3,7,8,9,12,13,14,17,18,19
1673,3,7,8,9,12,13,14,17,18,19
1674,3,7,8,9,12,13,14,17,18,19
1675,3,7,8,9,12,13,14,17,18,19
1676,3,7,8,9,12,13,14,17,18,19
1677,3,7,8,9,12,13,14,17,18,19
1678,3,7,8,9,12,13,14,17,18,19
1679,3,7,8,9,12,13,14,17,18,19
1680,3,7,8,9,12,13,14,17,18,19
1681,3,7,8,9,12,13,14,17,18,19
1682,3,7,8,9,12,13,14,17,18,19
1683,3,7,8,9,12,13,14,18,19
1684,3,7,8,9,12,13,14,18,19
1685,3,4,7,8,9,12,13,14,18,19
1686,3,4,7,8,9,12,13,14,18,19
1687,3,4,7,8,9,12,13,14,18,19
1688,3,4,7,8,9,12,13,14,18,19
1689,3,4,7,8,9,12,13,14,18,19
1690,3,4,7,8,9,12,13,14,18,19
1691,3,4,7,8,9,12,13,14,18,19
1692,3,4,7,8,9,12,13,14,18,19
1693,3,4,7,8,9,12,13,14,18,19
1694,3,4,7,8,9,12,13,14,18,19
1695,3,4,7,8,9,12,13,14,18,19
1696,3,4,7,8,9,12,13,14,18,19
1697,3,4,7,8,9,12,13,14,18,19
1698,3,4,7,8,9,12,13,14,18,19
1699,3,4,7,8,9,12,13,14,18,19
1700,3,4,7,8,9,12,13,14,18,19
1701,3,4,7,8,9,12,13,14,18,19
1702,3,4,7,8,9,12,13,14,18,19
1703,3,4,7,8,9,12,13,14,18,19
1704,3,4,7,8,9,12,13,14,18,19
1705,3,7,8,9,12,13,14,17,18,19
1706,3,7,8,9,12,13,14,17,18,19
1707,3,7,8,9,12,13,14,17,18,19
1708,3,7,8,9,12,13,14,17,18,19
1709,3,7,8,9,12,13,14,17,18,19
1710,3,7,8,9,12,13,14,17,18,19
1711,3,7,8,9,12,13,14,17,18,19
1712,3,7,8,9,12,13,14,17,18,19
1713,3,7,8,9,12,13,14,17,18,19
1714,3,7,8,9,12,13,14,17,18,19
1715,3,4,7,8,9,12,13,14,17,18,19
1716,3,4,7,8,9,12,13,14,17,18,19
1717,3,4,7,8,9,12,13,14,18
1718,3,4,7,8,9,12,13,14,18
1719,3,4,7,8,9,12,13,14,18
1720,3,4,7,8,9,12,13,14,18
1721,3,4,7,8,9,12,13,14,18
1722,3,4,7,8,9,12,13,14,18
1723,3,4,7,8,9,12,13,14,18
1724,3,4,7,8,9,12,13,14,18
1725,3,4,7,8,9,12,13,14,18
1726,3,4,7,8,9,12,13,14,18
1727,3,4,7,8,9,12,13,14,17,18
1728,3,4,7,8,9,12,13,14,17,18
1729,3,4,7,8,9,12,13,14,17,18
1730,3,4,7,8,9,12,13,14,17,18
1731,3,4,7,8,9,12,13,14,17,18
1732,3,4,7,8,9,12,13,14,17,18
1733,3,7,8,9,12,13,14,17,18
1734,3,7,8,9,12,13,14,17,18
1735,3,7,8,9,12,13,14,17,18
1736,3,7,8,9,12,13,14,17,18
1737,3,4,7,8,9,12,13,14,17,18
1738,3,4,7,8,9,12,13,14,17,18
1739,3,4,7,8,9,12,13,14,17,18
1740,3,4,7,8,9,12,13,14,17,18
1741,3,4,7,8,9,12,13,14,17,18
1742,3,4,7,8,9,12,13,14,17,18
1743,3,4,7,8,9,12,13,14,17,18
1744,3,4,7,8,9,12,13,14,17,18
1745,3,4,7,8,9,12,13,14,18
1746,3,4,7,8,9,12,13,14,18
1747,3,4,7,8,9,12,13,14,18
1748,3,4,7,8,9,12,13,14,18
1749,3,4,7,8,9,12,13,14,18
1750,3,4,7,8,9,12,13,14,18
1751,2,3,4,7,8,9,12,13,14,18
1752,2,3,4,7,8,9,12,13,14,18
1753,2,3,4,7,8,9,12,13,14,18
1754,2,3,4,7,8,9,12,13,14,18
1755,2,3,4,7,8,9,12,13,14,18
1756,2,3,4,7,8,9,12,13,14,18
1757,2,3,4,7,8,9,12,13,14,18
1758,2,3,4,7,8,9,12,13,14,18
1759,2,3,4,7,8,9,12,13,14,18
1760,2,3,4,7,8,9,12,13,14,18
1761,2,3,4,7,8,9,12,13,14,18
1762,2,3,4,7,8,9,12,13,14,18
1763,2,3,4,7,8,9,12,13,14,18
1764,2,3,4,7,8,9,12,13,14,18
1765,2,3,4,7,8,9,12,13,14,18
1766,2,3,4,7,8,9,12,13,14,18
1767,2,3,4,7,8,9,12,13,14,18
1768,2,3,4,7,8,9,12,13,14,18
1769,2,3,4,7,8,9,12,13,14,18
1770,2,3,4,7,8,9,12,13,14,18
1771,2,3,4,7,8,9,12,13,14,18
1772,2,3,4,7,8,9,12,13,14,18
1773,2,3,4,7,8,9,12,13,14,18
1774,2,3,4,7,8,9,12,13,14,18
1775,2,3,4,7,8,9,12,13,14,18
1776,2,3,4,7,8,9,12,13,14,18
1777,2,3,4,7,8,9,12,13,14,18
1778,2,3,4,7,8,9,12,13,14,18
1779,2,3,4,7,8,9,12,13,14,18
1780,2,3,4,7,8,9,12,13,14,18
1781,3,4,7,8,9,12,13,14,18
1782,3,4,7,8,9,12,13,14,18
1783,3,4,7,8,9,12,13,14,18
1784,3,4,7,8,9,12,13,14,18
1785,3,4,7,8,9,12,13,14,17,18
1786,3,4,7,8,9,12,13,14,17,18
1787,3,4,7,8,9,12,13,14,17,18,19
1788,3,4,7,8,9,12,13,14,17,18,19
1789,3,7,8,9,12,13,14,17,18,19
1790,3,7,8,9,12,13,14,17,18,19
1791,3,7,8,9,12,13,14,17,18,19
1792,3,7,8,9,12,13,14,17,18,19
1793,3,7,8,9,12,13,14,17,18,19
1794,3,7,8,9,12,13,14,17,18,19
1795,3,7,8,9,12,13,14,17,18,19
1796,3,7,8,9,12,13,14,17,18,19
1797,3,7,8,9,12,13,14,17,18,19
1798,3,7,8,9,12,13,14,17,18,19
1799,3,7,8,9,12,13,14,17,18,19
1800,3,7,8,9,12,13,14,17,18,19
