1,8,9,13,14,18,19
2,8,9,13,14,18,19
3,8,9,13,14,18,19
4,8,9,13,14,18,19
5,8,9,13,14,18,19
6,8,9,13,14,18,19
7,8,9,13,14,18,19
8,8,9,13,14,18,19
9,8,9,13,14,18,19
10,8,9,13,14,18,19
11,8,9,13,14,18,19
12,8,9,13,14,18,19
13,8,9,13,14,18,19,23
14,8,9,13,14,18,19,23
15,8,9,13,14,18,19,23
16,8,9,13,14,18,19,23
17,8,9,13,14,18,19,23
18,8,9,13,14,18,19,23
19,8,9,13,14,18,19,23,24
20,8,9,13,14,18,19,23,24
21,8,9,13,14,18,19,23,24
22,8,9,13,14,18,19,23,24
23,8,9,12,13,14,17,18,19,23,24
24,8,9,12,13,14,17,18,19,23,24
25,8,9,12,13,14,17,18,19,23,24
26,8,9,12,13,14,17,18,19,23,24
27,8,9,12,13,14,17,18,19,23,24
28,8,9,12,13,14,17,18,19,23,24
29,8,12,13,14,17,18,19,22,23,24
30,8,12,13,14,17,18,19,22,23,24
31,8,12,13,14,17,18,19,22,23,24
32,8,12,13,14,17,18,19,22,23,24
33,8,12,13,14,17,18,19,22,23,24
34,8,12,13,14,17,18,19,22,23,24
35,12,13,14,17,18,19,22,23,24
36,12,13,14,17,18,19,22,23,24
37,12,13,14,17,18,19,22,23,24
38,12,13,14,17,18,19,22,23,24
39,12,13,14,17,18,19,21,22,23,24,25
40,12,13,14,17,18,19,21,22,23,24,25
41,12,13,14,17,18,19,21,22,23,24,25
42,12,13,14,17,18,19,21,22,23,24,25
43,12,13,14,17,18,19,21,22,23,24,25
44,12,13,14,17,18,19,21,22,23,24,25
45,12,13,14,17,18,19,21,22,23,24,25
46,12,13,14,17,18,19,21,22,23,24,25
47,12,13,14,17,18,19,21,22,23,24,25
48,12,13,14,17,18,19,21,22,23,24,25
49,12,13,14,17,18,19,21,22,23,24,25
50,12,13,14,17,18,19,21,22,23,24,25
51,12,13,14,17,18,19,21,22,23,24,25
52,12,13,14,17,18,19,21,22,23,24,25
53,12,13,14,17,18,19,21,22,23,24,25
54,12,13,14,17,18,19,21,22,23,24,25
55,12,13,14,17,18,19,21,22,23,24,25
56,12,13,14,17,18,19,21,22,23,24,25
57,12,13,14,17,18,19,21,22,23,24,25
58,12,13,14,17,18,19,21,22,23,24,25
59,12,13,14,17,18,19,21,22,23,24,25
60,12,13,14,17,18,19,21,22,23,24,25
61,12,13,14,17,18,19,22,23,24
62,12,13,14,17,18,19,22,23,24
63,12,13,14,17,18,19,22,23,24
64,12,13,14,17,18,19,22,23,24
65,12,13,14,17,18,19,22,23,24
66,12,13,14,17,18,19,22,23,24
67,8,12,13,14,17,18,19,22,23,24
68,8,12,13,14,17,18,19,22,23,24
69,8,12,13,14,17,18,19,22,23,24
70,8,12,13,14,17,18,19,22,23,24
71,8,12,13,14,17,18,19,22,23,24
72,8,12,13,14,17,18,19,22,23,24
73,8,12,13,14,17,18,19,22,23,24
74,8,12,13,14,17,18,19,22,23,24
75,8,12,13,14,17,18,19,22,23,24
76,8,12,13,14,17,18,19,22,23,24
77,8,12,13,14,17,18,19,22,23,24
78,8,12,13,14,17,18,19,22,23,24
79,8,9,12,13,14,17,18,19,22,23,24
80,8,9,12,13,14,17,18,19,22,23,24
81,7,8,9,12,13,14,17,18,19,23
82,7,8,9,12,13,14,17,18,19,23
83,7,8,9,12,13,14,17,18,19,23
84,7,8,9,12,13,14,17,18,19,23
85,7,8,9,12,13,14,17,18,19,23
86,7,8,9,12,13,14,17,18,19,23
87,7,8,9,12,13,14,17,18,19,23
88,7,8,9,12,13,14,17,18,19,23
89,7,8,9,12,13,14,17,18,19,23
90,7,8,9,12,13,14,17,18,19,23
91,7,8,9,12,13,14,17,18,19,23
92,7,8,9,12,13,14,17,18,19,23
93,7,8,9,12,13,14,17,18,19,23
94,7,8,9,12,13,14,17,18,19,23
95,7,8,9,12,13,14,17,18,19,23
96,7,8,9,12,13,14,17,18,19,23
97,7,8,9,12,13,14,17,18,19,23
98,7,8,9,12,13,14,17,18,19,23
99,7,8,9,12,13,14,17,18,19,23
100,7,8,9,12,13,14,17,18,19,23
101,7,8,9,12,13,14,17,18,19,23
102,7,8,9,12,13,14,17,18,19,23
103,7,8,9,12,13,14,17,18,19,23
104,7,8,9,12,13,14,17,18,19,23
105,7,8,9,12,13,14,17,18,19,23
106,7,8,9,12,13,14,17,18,19,23
107,7,8,9,12,13,14,17,18,19,23
108,7,8,9,12,13,14,17,18,19,23
109,7,8,9,12,13,14,17,18,19,23
110,7,8,9,12,13,14,17,18,19,23
111,7,8,9,12,13,14,17,18,19,23
112,7,8,9,12,13,14,17,18,19,23
113,7,8,9,12,13,14,17,18,19,23
114,7,8,9,12,13,14,17,18,19,23
115,7,8,9,12,13,14,17,18,19,23
116,7,8,9,12,13,14,17,18,19,23
117,7,8,12,13,14,17,18,19,23
118,7,8,12,13,14,17,18,19,23
119,7,8,12,13,17,18,23
120,7,8,12,13,17,18,23
121,7,8,12,13,17,18
122,7,8,12,13,17,18
123,7,8,12,13,17,18
124,7,8,12,13,17,18
125,7,8,12,13,17,18
126,7,8,12,13,17,18
127,6,7,8,11,12,13,16,17,18
128,6,7,8,11,12,13,16,17,18
129,6,7,8,11,12,13,16,17,18
130,6,7,8,11,12,13,16,17,18
131,6,7,8,11,12,13,16,17,18
132,6,7,8,11,12,13,16,17,18
133,6,7,8,11,12,13,16,17,18
134,6,7,8,11,12,13,16,17,18
135,6,7,11,12,13,16,17,18
136,6,7,11,12,13,16,17,18
137,6,7,11,12,16,17,22
138,6,7,11,12,16,17,22
139,6,7,11,12,16,17,22
140,6,7,11,12,16,17,22
141,6,7,11,12,16,17,21,22
142,6,7,11,12,16,17,21,22
143,6,7,11,12,16,17,21,22
144,6,7,11,12,16,17,21,22
145,6,7,11,12,16,17,21,22
146,6,7,11,12,16,17,21,22
147,6,7,11,12,16,17,21,22
148,6,7,11,12,16,17,21,22
149,6,7,11,12,16,17,21,22
150,6,7,11,12,16,17,21,22
151,6,7,11,12,16,17,21,22
152,6,7,11,12,16,17,21,22
153,6,7,11,12,16,17,21,22
154,6,7,11,12,16,17,21,22
155,6,7,11,12,16,17,21,22
156,6,7,11,12,16,17,21,22
157,6,7,11,12,16,17,21,22
158,6,7,11,12,16,17,21,22
159,6,7,11,12,16,17,21,22
160,6,7,11,12,16,17,21,22
161,6,7,11,12,15,16,17,20,21,22
162,6,7,11,12,15,16,17,20,21,22
163,6,7,11,12,15,16,17,20,21,22
164,6,7,11,12,15,16,17,20,21,22
165,6,7,11,12,15,16,17,20,21
166,6,7,11,12,15,16,17,20,21
167,6,7,10,11,12,15,16,17,20,21
168,6,7,10,11,12,15,16,17,20,21
169,6,7,10,11,12,15,16,17,20,21
170,6,7,10,11,12,15,16,17,20,21
171,6,10,11,12,15,16,17,20,21
172,6,10,11,12,15,16,17,20,21
173,6,10,11,12,15,16,17,20,21,25
174,6,10,11,12,15,16,17,20,21,25
175,6,10,11,12,15,16,17,20,21,25
176,6,10,11,12,15,16,17,20,21,25
177,6,10,11,12,15,16,17,20,21,25
178,6,10,11,12,15,16,17,20,21,25
179,6,10,11,12,15,16,17,20,21,25
180,6,10,11,12,15,16,17,20,21,25
181,6,10,11,12,15,16,17,20,21,25
182,6,10,11,12,15,16,17,20,21,25
183,6,10,11,15,16,20,21,25
184,6,10,11,15,16,20,21,25
185,6,10,11,15,16,20,21,25
186,6,10,11,15,16,20,21,25
187,6,10,11,15,16,20,21,25
188,6,10,11,15,16,20,21,25
189,6,10,11,12,15,16,17,20,21,25
190,6,10,11,12,15,16,17,20,21,25
191,6,10,11,12,15,16,17,20,21,25
192,6,10,11,12,15,16,17,20,21,25
193,6,10,11,12,15,16,17,20,21,25
194,6,10,11,12,15,16,17,20,21,25
195,6,10,11,12,15,16,17,20,21,25
196,6,10,11,12,15,16,17,20,21,25
197,6,10,11,12,15,16,17,20,21,25
198,6,10,11,12,15,16,17,20,21,25
199,6,10,11,12,15,16,17,20,21,25
200,6,10,11,12,15,16,17,20,21,25
201,6,10,11,12,15,16,17,20,21,25
202,6,10,11,12,15,16,17,20,21,25
203,6,10,11,12,15,16,17,20,21,25
204,6,10,11,12,15,16,17,20,21,25
205,6,10,11,12,15,16,17,20,21,25
206,6,10,11,12,15,16,17,20,21,25
207,6,10,11,12,15,16,17,20,21,25
208,6,10,11,12,15,16,17,20,21,25
209,6,10,11,12,15,16,17,20,21,25
210,6,10,11,12,15,16,17,20,21,25
211,6,10,11,12,15,16,17,20,21,25
212,6,10,11,12,15,16,17,20,21,25
213,6,10,11,12,15,16,17,20,21,25
214,6,10,11,12,15,16,17,20,21,25
215,6,10,11,12,15,16,17,20,21,25
216,6,10,11,12,15,16,17,20,21,25
217,6,10,11,12,15,16,17,20,21,25
218,6,10,11,12,15,16,17,20,21,25
219,6,10,11,12,15,16,17,20,21,25
220,6,10,11,12,15,16,17,20,21,25
221,6,10,11,12,15,16,17,20,21,25
222,6,10,11,12,15,16,17,20,21,25
223,6,10,11,12,15,16,17,20,21,25
224,6,10,11,12,15,16,17,20,21,25
225,6,10,11,12,15,16,17,20,21,25
226,6,10,11,12,15,16,17,20,21,25
227,6,10,11,12,15,16,17,20,21,25
228,6,10,11,12,15,16,17,20,21,25
229,6,10,11,12,15,16,17,20,21,25
230,6,10,11,12,15,16,17,20,21,25
231,6,10,11,12,15,16,17,20,21,25
232,6,10,11,12,15,16,17,20,21,25
233,6,10,11,12,15,16,17,20,21,25
234,6,10,11,12,15,16,17,20,21,25
235,6,10,11,12,15,16,17,20,21,25
236,6,10,11,12,15,16,17,20,21,25
237,6,10,11,12,15,16,17,20,21,25
238,6,10,11,12,15,16,17,20,21,25
239,6,10,11,12,15,16,17,20,21,25
240,6,10,11,12,15,16,17,20,21,25
241,6,10,11,12,15,16,17,20,21,25
242,6,10,11,12,15,16,17,20,21,25
243,6,10,11,12,15,16,17,20,21,25
244,6,10,11,12,15,16,17,20,21,25
245,6,10,11,12,15,16,17,20,21,25
246,6,10,11,12,15,16,17,20,21,25
247,6,10,11,12,15,16,17,20,21,25
248,6,10,11,12,15,16,17,20,21,25
249,6,10,11,12,15,16,17,20,21
250,6,10,11,12,15,16,17,20,21
251,6,7,10,11,12,15,16,17,20,21
252,6,7,10,11,12,15,16,17,20,21
253,6,7,11,12,15,16,17,20,21,22
254,6,7,11,12,15,16,17,20,21,22
255,6,7,11,12,15,16,17,20,21,22
256,6,7,11,12,15,16,17,20,21,22
257,6,7,11,12,15,16,17,20,21,22
258,6,7,11,12,15,16,17,20,21,22
259,6,7,11,12,15,16,17,20,21,22
260,6,7,11,12,15,16,17,20,21,22
261,6,7,11,12,15,16,17,20,21,22
262,6,7,11,12,15,16,17,20,21,22
263,6,7,11,12,16,17,21,22
264,6,7,11,12,16,17,21,22
265,6,7,11,12,16,17,21,22
266,6,7,11,12,16,17,21,22
267,6,7,11,12,16,17,21,22
268,6,7,11,12,16,17,21,22
269,6,7,11,12,16,17,21,22
270,6,7,11,12,16,17,21,22
271,6,7,11,12,16,17,21,22
272,6,7,11,12,16,17,21,22
273,6,7,11,12,16,17,21,22
274,6,7,11,12,16,17,21,22
275,6,7,11,12,16,17,21,22
276,6,7,11,12,16,17,21,22
277,6,7,11,12,16,17,21,22
278,6,7,11,12,16,17,21,22
279,6,7,11,12,16,17,21,22
280,6,7,11,12,16,17,21,22
281,6,7,11,12,16,17,21,22
282,6,7,11,12,16,17,21,22
283,6,7,11,12,16,17,21,22
284,6,7,11,12,16,17,21,22
285,6,7,11,12,16,17,21,22
286,6,7,11,12,16,17,21,22
287,6,7,11,12,13,16,17,18,21,22
288,6,7,11,12,13,16,17,18,21,22
289,6,7,11,12,13,16,17,18,21,22
290,6,7,11,12,13,16,17,18,21,22
291,6,7,11,12,13,16,17,18,21,22
292,6,7,11,12,13,16,17,18,21,22
293,6,7,11,12,13,16,17,18,21,22
294,6,7,11,12,13,16,17,18,21,22
295,6,7,8,11,12,13,16,17,18,22
296,6,7,8,11,12,13,16,17,18,22
297,6,7,8,11,12,13,16,17,18,22
298,6,7,8,11,12,13,16,17,18,22
299,7,8,11,12,13,16,17,18,22
300,7,8,11,12,13,16,17,18,22
301,7,8,11,12,13,16,17,18,22
302,7,8,11,12,13,16,17,18,22
303,7,8,11,12,13,16,17,18,22,23
304,7,8,11,12,13,16,17,18,22,23
305,7,8,11,12,13,16,17,18,22,23
306,7,8,11,12,13,16,17,18,22,23
307,7,8,11,12,13,16,17,18,22,23
308,7,8,11,12,13,16,17,18,22,23
309,7,8,12,13,17,18,22,23
310,7,8,12,13,17,18,22,23
311,7,8,12,13,17,18,22,23
312,7,8,12,13,17,18,22,23
313,7,8,12,13,17,18,22
314,7,8,12,13,17,18,22
315,7,8,12,13,17,18,22
316,7,8,12,13,17,18,22
317,7,8,12,13,17,18
318,7,8,12,13,17,18
319,7,8,12,13,17,18,22
320,7,8,12,13,17,18,22
321,7,8,12,13,17,18,22,23
322,7,8,12,13,17,18,22,23
323,7,8,12,13,17,18,22,23
324,7,8,12,13,17,18,22,23
325,7,8,12,13,17,18,22,23
326,7,8,12,13,17,18,22,23
327,7,8,12,13,17,18,22,23
328,7,8,12,13,17,18,22,23
329,7,8,12,13,17,18,22,23
330,7,8,12,13,17,18,22,23
331,7,8,12,13,17,18,22,23
332,7,8,12,13,17,18,22,23
333,7,8,12,13,17,18,22,23
334,7,8,12,13,17,18,22,23
335,7,8,12,13,17,18,22,23
336,7,8,12,13,17,18,22,23
337,7,8,12,13,14,17,18,23
338,7,8,12,13,14,17,18,23
339,7,8,12,13,14,17,18,19,23
340,7,8,12,13,14,17,18,19,23
341,7,8,12,13,14,17,18,19,23
342,7,8,12,13,14,17,18,19,23
343,7,8,12,13,14,17,18,19,23
344,7,8,12,13,14,17,18,19,23
345,7,8,12,13,14,17,18,19,23
346,7,8,12,13,14,17,18,19,23
347,7,8,12,13,14,17,18,19,23
348,7,8,12,13,14,17,18,19,23
349,7,8,12,13,14,17,18,19,23
350,7,8,12,13,14,17,18,19,23
351,7,8,12,13,14,17,18,19,23
352,7,8,12,13,14,17,18,19,23
353,7,8,12,13,14,17,18,19,23
354,7,8,12,13,14,17,18,19,23
355,7,8,12,13,14,17,18,19,23
356,7,8,12,13,14,17,18,19,23
357,7,8,12,13,14,17,18,19,23
358,7,8,12,13,14,17,18,19,23
359,7,8,12,13,14,17,18,19,23
360,7,8,12,13,14,17,18,19,23
361,7,8,12,13,14,17,18,19,23
362,7,8,12,13,14,17,18,19,23
363,7,8,12,13,14,17,18,19,22,23
364,7,8,12,13,14,17,18,19,22,23
365,7,8,12,13,14,17,18,19,22,23
366,7,8,12,13,14,17,18,19,22,23
367,7,8,12,13,14,17,18,19,22,23
368,7,8,12,13,14,17,18,19,22,23
369,7,8,12,13,14,17,18,19,22,23
370,7,8,12,13,14,17,18,19,22,23
371,7,8,12,13,14,17,18,19,22,23
372,7,8,12,13,14,17,18,19,22,23
373,7,8,12,13,14,17,18,19,22,23
374,7,8,12,13,14,17,18,19,22,23
375,8,12,13,14,17,18,19,22,23,24
376,8,12,13,14,17,18,19,22,23,24
377,8,12,13,14,17,18,19,22,23,24
378,8,12,13,14,17,18,19,22,23,24
379,8,12,13,14,17,18,19,22,23,24
380,8,12,13,14,17,18,19,22,23,24
381,8,12,13,14,17,18,19,22,23,24
382,8,12,13,14,17,18,19,22,23,24
383,8,12,13,14,17,18,19,22,23,24
384,8,12,13,14,17,18,19,22,23,24
385,8,12,13,14,17,18,19,22,23,24
386,8,12,13,14,17,18,19,22,23,24
387,8,9,12,13,14,17,18,19,23,24
388,8,9,12,13,14,17,18,19,23,24
389,8,9,12,13,14,17,18,19,23,24
390,8,9,12,13,14,17,18,19,23,24
391,8,9,12,13,14,17,18,19,23
392,8,9,12,13,14,17,18,19,23
393,8,9,12,13,14,17,18,19,23
394,8,9,12,13,14,17,18,19,23
395,8,9,12,13,14,17,18,19,23
396,8,9,12,13,14,17,18,19,23
397,8,9,12,13,14,17,18,19,23
398,8,9,12,13,14,17,18,19,23
399,8,9,12,13,14,17,18,19,23
400,8,9,12,13,14,17,18,19,23
401,8,9,12,13,14,17,18,19,23
402,8,9,12,13,14,17,18,19,23
403,8,9,12,13,14,17,18,19,23
404,8,9,12,13,14,17,18,19,23
405,8,9,12,13,14,17,18,19,23
406,8,9,12,13,14,17,18,19,23
407,8,9,12,13,14,17,18,19,23
408,8,9,12,13,14,17,18,19,23
409,8,9,12,13,14,17,18,19,23
410,8,9,12,13,14,17,18,19,23
411,8,9,12,13,14,17,18,19,23
412,8,9,12,13,14,17,18,19,23
413,8,9,12,13,14,17,18,19,23
414,8,9,12,13,14,17,18,19,23
415,8,9,12,13,14,17,18,19,23
416,8,9,12,13,14,17,18,19,23
417,8,9,12,13,14,17,18,19,23
418,8,9,12,13,14,17,18,19,23
419,8,9,12,13,14,17,18,19,23
420,8,9,12,13,14,17,18,19,23
421,7,8,9,12,13,14,17,18,19,23
422,7,8,9,12,13,14,17,18,19,23
423,7,8,9,12,13,14,17,18,19,23
424,7,8,9,12,13,14,17,18,19,23
425,7,8,9,12,13,14,17,18,19,23
426,7,8,9,12,13,14,17,18,19,23
427,7,8,9,12,13,14,17,18,19,23
428,7,8,9,12,13,14,17,18,19,23
429,7,8,9,12,13,14,17,18,19,23
430,7,8,9,12,13,14,17,18,19,23
431,7,8,9,12,13,14,17,18,19,23
432,7,8,9,12,13,14,17,18,19,23
433,7,8,9,12,13,14,17,18,19,23
434,7,8,9,12,13,14,17,18,19,23
435,7,8,9,12,13,14,17,18,19,23
436,7,8,9,12,13,14,17,18,19,23
437,7,8,9,12,13,14,17,18,19,23
438,7,8,9,12,13,14,17,18,19,23
439,7,8,9,12,13,14,17,18,19,23
440,7,8,9,12,13,14,17,18,19,23
441,7,8,9,12,13,14,17,18,19,23
442,7,8,9,12,13,14,17,18,19,23
443,7,8,9,12,13,14,17,18,19,23
444,7,8,9,12,13,14,17,18,19,23
445,7,8,9,12,13,14,17,18,19,23
446,7,8,9,12,13,14,17,18,19,23
447,7,8,9,12,13,14,17,18,19,23
448,7,8,9,12,13,14,17,18,19,23
449,7,8,9,12,13,14,17,18,19,23
450,7,8,9,12,13,14,17,18,19,23
451,7,8,9,12,13,14,17,18,19,23
452,7,8,9,12,13,14,17,18,19,23
453,7,8,9,12,13,14,17,18,19,23
454,7,8,9,12,13,14,17,18,19,23
455,7,8,9,12,13,14,17,18,19,23
456,7,8,9,12,13,14,17,18,19,23
457,7,8,9,12,13,14,17,18,19,23
458,7,8,9,12,13,14,17,18,19,23
459,7,8,9,12,13,14,17,18,19,23
460,7,8,9,12,13,14,17,18,19,23
461,7,8,9,12,13,14,17,18,19,23
462,7,8,9,12,13,14,17,18,19,23
463,7,8,9,12,13,14,17,18,19,23
464,7,8,9,12,13,14,17,18,19,23
465,7,8,9,12,13,14,17,18,19,23
466,7,8,9,12,13,14,17,18,19,23
467,7,8,9,12,13,14,17,18,19,23
468,7,8,9,12,13,14,17,18,19,23
469,7,8,9,12,13,14,17,18,19,23
470,7,8,9,12,13,14,17,18,19,23
471,7,8,9,12,13,14,17,18,19,23
472,7,8,9,12,13,14,17,18,19,23
473,7,8,9,12,13,14,17,18,19,23
474,7,8,9,12,13,14,17,18,19,23
475,7,8,9,12,13,14,17,18,19,23
476,7,8,9,12,13,14,17,18,19,23
477,7,8,9,12,13,14,17,18,19,23
478,7,8,9,12,13,14,17,18,19,23
479,7,8,9,12,13,14,17,18,19,23
480,7,8,9,12,13,14,17,18,19,23
481,7,8,9,12,13,14,17,18,19,23
482,7,8,9,12,13,14,17,18,19,23
483,7,8,9,12,13,14,17,18,19,23
484,7,8,9,12,13,14,17,18,19,23
485,7,8,9,12,13,14,17,18,19,23
486,7,8,9,12,13,14,17,18,19,23
487,7,8,9,12,13,14,17,18,19,23
488,7,8,9,12,13,14,17,18,19,23
489,7,8,9,12,13,14,17,18,19,23
490,7,8,9,12,13,14,17,18,19,23
491,7,8,9,12,13,14,17,18,19,23
492,7,8,9,12,13,14,17,18,19,23
493,7,8,9,12,13,14,17,18,19,23
494,7,8,9,12,13,14,17,18,19,23
495,7,8,9,12,13,14,17,18,19,23
496,7,8,9,12,13,14,17,18,19,23
497,7,8,9,12,13,14,17,18,19,23
498,7,8,9,12,13,14,17,18,19,23
499,7,8,9,12,13,14,17,18,19,23
500,7,8,9,12,13,14,17,18,19,23
501,7,8,9,12,13,14,17,18,19,23
502,7,8,9,12,13,14,17,18,19,23
503,7,8,9,12,13,14,17,18,19,23
504,7,8,9,12,13,14,17,18,19,23
505,7,8,9,12,13,14,17,18,19,23
506,7,8,9,12,13,14,17,18,19,23
507,7,8,9,12,13,14,17,18,19,23
508,7,8,9,12,13,14,17,18,19,23
509,7,8,9,12,13,14,17,18,19,23
510,7,8,9,12,13,14,17,18,19,23
511,7,8,9,12,13,14,17,18,19,23
512,7,8,9,12,13,14,17,18,19,23
513,7,8,9,12,13,14,17,18,19,23
514,7,8,9,12,13,14,17,18,19,23
515,7,8,9,12,13,14,17,18,19,23
516,7,8,9,12,13,14,17,18,19,23
517,7,8,12,13,14,17,18,19,23
518,7,8,12,13,14,17,18,19,23
519,7,8,12,13,14,17,18,19,23
520,7,8,12,13,14,17,18,19,23
521,7,8,12,13,14,17,18,19,23
522,7,8,12,13,14,17,18,19,23
523,7,8,12,13,14,17,18,19,23
524,7,8,12,13,14,17,18,19,23
525,7,8,12,13,14,17,18,19,23
526,7,8,12,13,14,17,18,19,23
527,7,8,12,13,14,17,18,19,23
528,7,8,12,13,14,17,18,19,23
529,7,8,12,13,14,17,18,19,23
530,7,8,12,13,14,17,18,19,23
531,7,8,12,13,14,17,18,19,23
532,7,8,12,13,14,17,18,19,23
533,7,8,12,13,14,17,18,19,23
534,7,8,12,13,14,17,18,19,23
535,7,8,12,13,14,17,18,19,23
536,7,8,12,13,14,17,18,19,23
537,7,8,12,13,14,17,18,19,23
538,7,8,12,13,14,17,18,19,23
539,7,8,12,13,14,17,18,19,23
540,7,8,12,13,14,17,18,19,23
541,7,8,12,13,14,17,18,19,23
542,7,8,12,13,14,17,18,19,23
543,7,8,12,13,14,17,18,19,23
544,7,8,12,13,14,17,18,19,23
545,7,8,12,13,14,17,18,19,23
546,7,8,12,13,14,17,18,19,23
547,7,8,12,13,14,17,18,19,23
548,7,8,12,13,14,17,18,19,23
549,7,8,12,13,14,17,18,19,23
550,7,8,12,13,14,17,18,19,23
551,7,8,12,13,14,17,18,19,23
552,7,8,12,13,14,17,18,19,23
553,7,8,9,12,13,14,17,18,19,23
554,7,8,9,12,13,14,17,18,19,23
555,7,8,9,12,13,14,17,18,19,23
556,7,8,9,12,13,14,17,18,19,23
557,7,8,9,12,13,14,17,18,19,23
558,7,8,9,12,13,14,17,18,19,23
559,7,8,9,12,13,14,17,18,19,23
560,7,8,9,12,13,14,17,18,19,23
561,7,8,9,12,13,14,17,18,19,23
562,7,8,9,12,13,14,17,18,19,23
563,7,8,9,12,13,14,17,18,19,23
564,7,8,9,12,13,14,17,18,19,23
565,7,8,9,12,13,14,17,18,19,23
566,7,8,9,12,13,14,17,18,19,23
567,7,8,9,12,13,14,17,18,19,23
568,7,8,9,12,13,14,17,18,19,23
569,7,8,9,12,13,14,17,18,19,23
570,7,8,9,12,13,14,17,18,19,23
571,7,8,9,12,13,14,17,18,19,23
572,7,8,9,12,13,14,17,18,19,23
573,7,8,9,12,13,14,17,18,19,23
574,7,8,9,12,13,14,17,18,19,23
575,7,8,9,12,13,14,17,18,19,23
576,7,8,9,12,13,14,17,18,19,23
577,7,8,9,12,13,14,17,18,19,23
578,7,8,9,12,13,14,17,18,19,23
579,7,8,9,12,13,14,17,18,19,23
580,7,8,9,12,13,14,17,18,19,23
581,7,8,12,13,14,17,18,19,23
582,7,8,12,13,14,17,18,19,23
583,7,8,12,13,14,17,18,19,23
584,7,8,12,13,14,17,18,19,23
585,7,8,12,13,14,17,18,19,23
586,7,8,12,13,14,17,18,19,23
587,7,8,12,13,14,17,18,19,23
588,7,8,12,13,14,17,18,19,23
589,7,8,12,13,14,17,18,19,23
590,7,8,12,13,14,17,18,19,23
591,7,8,12,13,14,17,18,19,23
592,7,8,12,13,14,17,18,19,23
593,7,8,12,13,14,17,18,19,23
594,7,8,12,13,14,17,18,19,23
595,7,8,12,13,14,17,18,19,23
596,7,8,12,13,14,17,18,19,23
597,7,8,12,13,14,17,18,19,23
598,7,8,12,13,14,17,18,19,23
599,7,8,12,13,14,17,18,19,23
600,7,8,12,13,14,17,18,19,23
601,7,8,12,13,14,17,18,19,23
602,7,8,12,13,14,17,18,19,23
603,7,8,12,13,14,17,18,19,23
604,7,8,12,13,14,17,18,19,23
605,7,8,12,13,14,17,18,19,23
606,7,8,12,13,14,17,18,19,23
607,7,8,12,13,14,17,18,19,22,23
608,7,8,12,13,14,17,18,19,22,23
609,7,8,12,13,14,17,18,19,22,23
610,7,8,12,13,14,17,18,19,22,23
611,7,8,12,13,14,17,18,19,22,23
612,7,8,12,13,14,17,18,19,22,23
613,7,8,12,13,14,17,18,19,22,23
614,7,8,12,13,14,17,18,19,22,23
615,7,8,12,13,14,17,18,19,22,23
616,7,8,12,13,14,17,18,19,22,23
617,7,8,12,13,14,17,18,19,22,23
618,7,8,12,13,14,17,18,19,22,23
619,7,8,12,13,14,17,18,19,22,23
620,7,8,12,13,14,17,18,19,22,23
621,7,8,12,13,14,17,18,19,22,23
622,7,8,12,13,14,17,18,19,22,23
623,7,8,12,13,14,17,18,19,22,23
624,7,8,12,13,14,17,18,19,22,23
625,7,8,12,13,14,17,18,19,22,23
626,7,8,12,13,14,17,18,19,22,23
627,7,8,12,13,14,17,18,19,22,23
628,7,8,12,13,14,17,18,19,22,23
629,7,8,12,13,14,17,18,19,22,23
630,7,8,12,13,14,17,18,19,22,23
631,7,8,12,13,14,17,18,19,22,23
632,7,8,12,13,14,17,18,19,22,23
633,7,8,12,13,14,17,18,19,22,23
634,7,8,12,13,14,17,18,19,22,23
635,7,8,12,13,14,17,18,19,22,23
636,7,8,12,13,14,17,18,19,22,23
637,7,8,12,13,14,17,18,19,22,23
638,7,8,12,13,14,17,18,19,22,23
639,7,8,12,13,14,17,18,19,22,23
640,7,8,12,13,14,17,18,19,22,23
641,7,8,12,13,14,17,18,19,22,23
642,7,8,12,13,14,17,18,19,22,23
643,7,8,12,13,14,17,18,19,22,23
644,7,8,12,13,14,17,18,19,22,23
645,7,8,12,13,14,17,18,19,22,23
646,7,8,12,13,14,17,18,19,22,23
647,7,8,12,13,14,17,18,19,22,23
648,7,8,12,13,14,17,18,19,22,23
649,7,8,12,13,14,17,18,19,22,23
650,7,8,12,13,14,17,18,19,22,23
651,7,8,12,13,14,17,18,19,22,23
652,7,8,12,13,14,17,18,19,22,23
653,7,8,12,13,14,17,18,19,22,23
654,7,8,12,13,14,17,18,19,22,23
655,7,8,12,13,14,17,18,19,22,23
656,7,8,12,13,14,17,18,19,22,23
657,7,8,12,13,14,17,18,19,22,23
658,7,8,12,13,14,17,18,19,22,23
659,7,8,12,13,14,17,18,22,23
660,7,8,12,13,14,17,18,22,23
661,7,8,12,13,14,17,18,19,22,23
662,7,8,12,13,14,17,18,19,22,23
663,7,8,12,13,14,17,18,19,22,23
664,7,8,12,13,14,17,18,19,22,23
665,7,8,12,13,14,17,18,19,22,23
666,7,8,12,13,14,17,18,19,22,23
667,7,8,12,13,14,17,18,19,22,23
668,7,8,12,13,14,17,18,19,22,23
669,7,8,12,13,14,17,18,19,22,23
670,7,8,12,13,14,17,18,19,22,23
671,7,8,12,13,14,17,18,19,22,23
672,7,8,12,13,14,17,18,19,22,23
673,7,8,12,13,14,17,18,19,22,23
674,7,8,12,13,14,17,18,19,22,23
675,7,8,12,13,14,17,18,19,22,23
676,7,8,12,13,14,17,18,19,22,23
677,7,8,12,13,14,17,18,19,22,23
678,7,8,12,13,14,17,18,19,22,23
679,7,8,12,13,14,17,18,19,22,23
680,7,8,12,13,14,17,18,19,22,23
681,7,8,12,13,14,17,18,19,22,23
682,7,8,12,13,14,17,18,19,22,23
683,7,8,12,13,14,17,18,19,22,23
684,7,8,12,13,14,17,18,19,22,23
685,7,8,12,13,14,17,18,19,22,23
686,7,8,12,13,14,17,18,19,22,23
687,7,8,12,13,14,17,18,19,23
688,7,8,12,13,14,17,18,19,23
689,7,8,12,13,14,17,18,19,23
690,7,8,12,13,14,17,18,19,23
691,7,8,12,13,14,17,18,19,23
692,7,8,12,13,14,17,18,19,23
693,7,8,12,13,14,17,18,19,23
694,7,8,12,13,14,17,18,19,23
695,7,8,12,13,14,17,18,19,23
696,7,8,12,13,14,17,18,19,23
697,7,8,12,13,14,17,18,19,23
698,7,8,12,13,14,17,18,19,23
699,7,8,12,13,14,17,18,19,23
700,7,8,12,13,14,17,18,19,23
701,7,8,12,13,14,17,18,19,23
702,7,8,12,13,14,17,18,19,23
703,7,8,12,13,14,17,18,19,23
704,7,8,12,13,14,17,18,19,23
705,7,8,12,13,14,17,18,19,23
706,7,8,12,13,14,17,18,19,23
707,7,8,12,13,14,17,18,19,23
708,7,8,12,13,14,17,18,19,23
709,7,8,12,13,14,17,18,19,23
710,7,8,12,13,14,17,18,19,23
711,7,8,12,13,14,17,18,19,23
712,7,8,12,13,14,17,18,19,23
713,7,8,12,13,14,17,18,19,23
714,7,8,12,13,14,17,18,19,23
715,7,8,12,13,14,17,18,19,23
716,7,8,12,13,14,17,18,19,23
717,7,8,12,13,14,17,18,19,23
718,7,8,12,13,14,17,18,19,23
719,7,8,12,13,14,17,18,19,23
720,7,8,12,13,14,17,18,19,23
721,7,8,12,13,14,17,18,19,23
722,7,8,12,13,14,17,18,19,23
723,7,8,12,13,14,17,18,19,23
724,7,8,12,13,14,17,18,19,23
725,7,8,12,13,14,17,18,19,23
726,7,8,12,13,14,17,18,19,23
727,7,8,12,13,14,17,18,19,23
728,7,8,12,13,14,17,18,19,23
729,7,8,12,13,14,17,18,19,23
730,7,8,12,13,14,17,18,19,23
731,7,8,12,13,14,17,18,19,23
732,7,8,12,13,14,17,18,19,23
733,7,8,12,13,14,17,18,19,23
734,7,8,12,13,14,17,18,19,23
735,7,8,12,13,14,17,18,19,23
736,7,8,12,13,14,17,18,19,23
737,7,8,12,13,14,17,18,19,22,23
738,7,8,12,13,14,17,18,19,22,23
739,7,8,12,13,14,17,18,19,22,23
740,7,8,12,13,14,17,18,19,22,23
741,7,8,12,13,14,17,18,19,22,23
742,7,8,12,13,14,17,18,19,22,23
743,7,8,12,13,14,17,18,19,22,23
744,7,8,12,13,14,17,18,19,22,23
745,7,8,12,13,14,17,18,19,22,23
746,7,8,12,13,14,17,18,19,22,23
747,7,8,12,13,14,17,18,19,22,23
748,7,8,12,13,14,17,18,19,22,23
749,7,8,12,13,14,17,18,19,22,23
750,7,8,12,13,14,17,18,19,22,23
751,7,8,12,13,14,17,18,19,23
752,7,8,12,13,14,17,18,19,23
753,7,8,12,13,14,17,18,19,23
754,7,8,12,13,14,17,18,19,23
755,7,8,12,13,14,17,18,19,23
756,7,8,12,13,14,17,18,19,23
757,7,8,9,12,13,14,17,18,19,23
758,7,8,9,12,13,14,17,18,19,23
759,7,8,9,12,13,14,17,18,19,23
760,7,8,9,12,13,14,17,18,19,23
761,7,8,9,12,13,14,17,18,19,23
762,7,8,9,12,13,14,17,18,19,23
763,7,8,9,12,13,14,17,18,19
764,7,8,9,12,13,14,17,18,19
765,7,8,9,12,13,14,17,18,19
766,7,8,9,12,13,14,17,18,19
767,3,7,8,9,12,13,14,17,18,19
768,3,7,8,9,12,13,14,17,18,19
769,3,7,8,9,12,13,14,17,18,19
770,3,7,8,9,12,13,14,17,18,19
771,3,7,8,9,12,13,14,17,18,19
772,3,7,8,9,12,13,14,17,18,19
773,3,7,8,9,12,13,14,17,18,19
774,3,7,8,9,12,13,14,17,18,19
775,3,7,8,9,12,13,14,17,18,19
776,3,7,8,9,12,13,14,17,18,19
777,3,7,8,9,12,13,14,17,18,19
778,3,7,8,9,12,13,14,17,18,19
779,3,7,8,9,12,13,14,17,18,19
780,3,7,8,9,12,13,14,17,18,19
781,3,7,8,9,12,13,14,17,18,19
782,3,7,8,9,12,13,14,17,18,19
783,3,7,8,9,12,13,14,17,18,19
784,3,7,8,9,12,13,14,17,18,19
785,7,8,9,12,13,14,17,18,19
786,7,8,9,12,13,14,17,18,19
787,7,8,9,12,13,14,17,18,19,23
788,7,8,9,12,13,14,17,18,19,23
789,7,8,9,12,13,14,17,18,19,23
790,7,8,9,12,13,14,17,18,19,23
791,7,8,9,12,13,14,17,18,19,23
792,7,8,9,12,13,14,17,18,19,23
793,7,8,9,12,13,14,17,18,19,23
794,7,8,9,12,13,14,17,18,19,23
795,7,8,9,12,13,14,17,18,19,23
796,7,8,9,12,13,14,17,18,19,23
797,7,8,9,12,13,14,17,18,19,23
798,7,8,9,12,13,14,17,18,19,23
799,7,8,12,13,14,17,18,19,23
800,7,8,12,13,14,17,18,19,23
801,7,8,12,13,14,17,18,19,22,23
802,7,8,12,13,14,17,18,19,22,23
803,7,8,12,13,14,17,18,19,22,23
804,7,8,12,13,14,17,18,19,22,23
805,7,8,12,13,14,17,18,19,22,23,24
806,7,8,12,13,14,17,18,19,22,23,24
807,7,8,12,13,14,17,18,19,22,23,24
808,7,8,12,13,14,17,18,19,22,23,24
809,8,12,13,14,17,18,19,22,23,24
810,8,12,13,14,17,18,19,22,23,24
811,8,12,13,14,17,18,19,22,23,24
812,8,12,13,14,17,18,19,22,23,24
813,8,12,13,14,17,18,19,22,23,24
814,8,12,13,14,17,18,19,22,23,24
815,8,12,13,14,17,18,19,22,23,24
816,8,12,13,14,17,18,19,22,23,24
817,8,12,13,14,17,18,19,22,23,24
818,8,12,13,14,17,18,19,22,23,24
819,8,12,13,14,17,18,19,22,23,24
820,8,12,13,14,17,18,19,22,23,24
821,8,12,13,14,17,18,19,22,23,24
822,8,12,13,14,17,18,19,22,23,24
823,8,12,13,14,17,18,19,22,23,24
824,8,12,13,14,17,18,19,22,23,24
825,8,12,13,14,17,18,19,22,23,24
826,8,12,13,14,17,18,19,22,23,24
827,8,12,13,14,17,18,19,22,23,24
828,8,12,13,14,17,18,19,22,23,24
829,7,8,12,13,14,17,18,19,22,23,24
830,7,8,12,13,14,17,18,19,22,23,24
831,7,8,12,13,14,17,18,19,22,23,24
832,7,8,12,13,14,17,18,19,22,23,24
833,7,8,12,13,14,17,18,19,22,23,24
834,7,8,12,13,14,17,18,19,22,23,24
835,7,8,12,13,14,17,18,19,22,23,24
836,7,8,12,13,14,17,18,19,22,23,24
837,7,8,12,13,14,17,18,19,22,23,24
838,7,8,12,13,14,17,18,19,22,23,24
839,7,8,12,13,14,17,18,19,22,23,24
840,7,8,12,13,14,17,18,19,22,23,24
841,7,8,12,13,14,17,18,19,22,23
842,7,8,12,13,14,17,18,19,22,23
843,7,8,12,13,14,17,18,19,22,23
844,7,8,12,13,14,17,18,19,22,23
845,7,8,12,13,14,17,18,19,22,23
846,7,8,12,13,14,17,18,19,22,23
847,7,8,12,13,14,17,18,19,22,23
848,7,8,12,13,14,17,18,19,22,23
849,7,8,12,13,14,17,18,19,22,23
850,7,8,12,13,14,17,18,19,22,23
851,7,8,12,13,14,17,18,19,22,23
852,7,8,12,13,14,17,18,19,22,23
853,7,8,12,13,14,17,18,19,22,23
854,7,8,12,13,14,17,18,19,22,23
855,7,8,12,13,14,17,18,19,22,23
856,7,8,12,13,14,17,18,19,22,23
857,7,8,12,13,14,17,18,19,22,23
858,7,8,12,13,14,17,18,19,22,23
859,7,8,12,13,14,17,18,19,22,23
860,7,8,12,13,14,17,18,19,22,23
861,7,8,12,13,14,17,18,19,22,23
862,7,8,12,13,14,17,18,19,22,23
863,7,8,12,13,14,17,18,19,22,23
864,7,8,12,13,14,17,18,19,22,23
865,7,8,12,13,14,17,18,19,22,23
866,7,8,12,13,14,17,18,19,22,23
867,7,8,12,13,14,17,18,19,23
868,7,8,12,13,14,17,18,19,23
869,7,8,12,13,14,17,18,19,23
870,7,8,9,12,13,14,17,18,19,23
871,7,8,9,12,13,14,17,18,19,23
872,7,8,9,12,13,14,17,18,19,23
873,7,8,9,12,13,14,17,18,19,23
874,7,8,9,12,13,14,17,18,19,23
875,7,8,9,12,13,14,17,18,19,23
876,7,8,9,12,13,14,17,18,19,23
877,7,8,9,12,13,14,17,18,19,23
878,7,8,9,12,13,14,17,18,19,23
879,7,8,9,12,13,14,17,18,19,23
880,7,8,9,12,13,14,17,18,19,23
881,7,8,9,12,13,14,17,18,19,23
882,7,8,9,12,13,14,17,18,19,23
883,7,8,9,12,13,14,17,18,19,23
884,7,8,9,12,13,14,17,18,19,23
885,7,8,9,12,13,14,17,18,19,23
886,7,8,9,12,13,14,17,18,19,23
887,7,8,9,12,13,14,17,18,19,23
888,7,8,9,12,13,14,17,18,19,23
889,7,8,9,12,13,14,17,18,19,23
890,7,8,9,12,13,14,17,18,19,23
891,7,8,9,12,13,14,17,18,19,23
892,7,8,9,12,13,14,17,18,19,23
893,7,8,9,12,13,14,17,18,19,23
894,7,8,9,12,13,14,17,18,19
895,7,8,9,12,13,14,17,18,19
896,7,8,9,12,13,14,17,18,19
897,7,8,9,12,13,14,17,18,19
898,7,8,9,12,13,14,17,18,19
899,7,8,9,12,13,14,17,18,19
900,7,8,9,12,13,14,17,18,19,23
901,7,8,9,12,13,14,17,18,19,23
902,7,8,9,12,13,14,17,18,19,23
903,7,8,9,12,13,14,17,18,19,23
904,7,8,9,12,13,14,17,18,19,23
905,7,8,9,12,13,14,17,18,19,23
906,7,8,9,12,13,14,17,18,19,23
907,7,8,9,12,13,14,17,18,19,23
908,7,8,9,12,13,14,17,18,19,23
909,7,8,9,12,13,14,17,18,19,23
910,7,8,9,12,13,14,17,18,19,23
911,7,8,9,12,13,14,17,18,19,23
912,7,8,9,12,13,14,17,18,19,23
913,7,8,9,12,13,14,17,18,19,23
914,7,8,9,12,13,14,17,18,19,23
915,7,8,9,12,13,14,17,18,19,23
916,7,8,9,12,13,14,17,18,19,23
917,7,8,9,12,13,14,17,18,19,23
918,7,8,9,12,13,14,17,18,19,23
919,7,8,9,12,13,14,17,18,19,23
920,7,8,9,12,13,14,17,18,19,23
921,7,8,9,12,13,14,17,18,19,23
922,7,8,9,12,13,14,17,18,19,23
923,7,8,9,12,13,14,17,18,19,23
924,7,8,9,12,13,14,17,18,19,23
925,7,8,9,12,13,14,17,18,19,23
926,7,8,9,12,13,14,17,18,19,23
927,7,8,9,12,13,14,17,18,19,23
928,7,8,9,12,13,14,17,18,19,23
929,7,8,9,12,13,14,17,18,19,23
930,7,8,9,12,13,14,17,18,19,23
931,7,8,9,12,13,14,17,18,19,23
932,7,8,9,12,13,14,17,18,19,23
933,7,8,9,12,13,14,17,18,19,23
934,7,8,9,12,13,14,17,18,19,23
935,7,8,9,12,13,14,17,18,19,23
936,7,8,9,12,13,14,17,18,19,23
937,7,8,9,12,13,14,17,18,19,23
938,7,8,9,12,13,14,17,18,19,23
939,7,8,9,12,13,14,17,18,19,23
940,7,8,9,12,13,14,17,18,19,23
941,7,8,9,12,13,14,17,18,19,23
942,7,8,9,12,13,14,17,18,19,23
943,7,8,9,12,13,14,17,18,19,23
944,7,8,9,12,13,14,17,18,19,23
945,7,8,9,12,13,14,17,18,19,23
946,7,8,9,12,13,14,17,18,19,23
947,7,8,9,12,13,14,17,18,19,23
948,7,8,9,12,13,14,17,18,19,23
949,7,8,9,12,13,14,17,18,19,23
950,7,8,9,12,13,14,17,18,19,23
951,7,8,9,12,13,14,17,18,19,23
952,7,8,9,12,13,14,17,18,19,23
953,7,8,9,12,13,14,17,18,19,23
954,7,8,9,12,13,14,17,18,19,23
955,7,8,9,12,13,14,17,18,19,23
956,7,8,9,12,13,14,17,18,19,23
957,7,8,9,12,13,14,17,18,19,23
958,7,8,9,12,13,14,17,18,19,23
959,7,8,9,12,13,14,17,18,19,23
960,7,8,9,12,13,14,17,18,19,23
961,7,8,9,12,13,14,17,18,19,23
962,7,8,9,12,13,14,17,18,19,23
963,7,8,9,12,13,14,17,18,19,23
964,7,8,9,12,13,14,17,18,19,23
965,7,8,9,12,13,14,17,18,19,23
966,7,8,9,12,13,14,17,18,19,23
967,7,8,9,12,13,14,17,18,19,23
968,7,8,9,12,13,14,17,18,19,23
969,7,8,9,12,13,14,17,18,19,23
970,7,8,9,12,13,14,17,18,19,23
971,7,8,9,12,13,14,17,18,19,23
972,7,8,9,12,13,14,17,18,19,23
973,7,8,9,12,13,14,17,18,19,23
974,7,8,9,12,13,14,17,18,19,23
975,7,8,9,12,13,14,17,18,19,23
976,7,8,9,12,13,14,17,18,19,23
977,7,8,9,12,13,14,17,18,19,23
978,7,8,9,12,13,14,17,18,19,23
979,7,8,9,12,13,14,17,18,19,23
980,7,8,9,12,13,14,17,18,19,23
981,7,8,9,12,13,14,17,18,19,23
982,7,8,9,12,13,14,17,18,19,23
983,7,8,9,12,13,14,17,18,19,23
984,7,8,9,12,13,14,17,18,19,23
985,7,8,9,12,13,14,17,18,19,23
986,7,8,9,12,13,14,17,18,19,23
987,7,8,9,12,13,14,17,18,19,23
988,7,8,9,12,13,14,17,18,19,23
989,7,8,9,12,13,14,17,18,19,23
990,7,8,9,12,13,14,17,18,19,23
991,7,8,9,12,13,14,17,18,19,23
992,7,8,9,12,13,14,17,18,19,23
993,7,8,9,12,13,14,17,18,19,23
994,7,8,9,12,13,14,17,18,19,23
995,7,8,9,12,13,14,17,18,19,23
996,7,8,9,12,13,14,17,18,19,23
997,7,8,9,12,13,14,17,18,19,23
998,7,8,9,12,13,14,17,18,19,23
999,7,8,9,12,13,14,17,18,19,23
1000,7,8,9,12,13,14,17,18,19,23
1001,7,8,9,12,13,14,17,18,19,23
1002,7,8,9,12,13,14,17,18,19,23
1003,7,8,9,12,13,14,17,18,19,23
1004,7,8,9,12,13,14,17,18,19,23
1005,7,8,9,12,13,14,17,18,19,23
1006,7,8,9,12,13,14,17,18,19,23
1007,7,8,9,12,13,14,17,18,19,23
1008,7,8,9,12,13,14,17,18,19,23
1009,7,8,9,12,13,14,17,18,19,23
1010,7,8,9,12,13,14,17,18,19,23
1011,7,8,9,12,13,14,17,18,19,23
1012,7,8,9,12,13,14,17,18,19,23
1013,7,8,9,12,13,14,17,18,19,23
1014,7,8,9,12,13,14,17,18,19,23
1015,7,8,9,12,13,14,17,18,19,23
1016,7,8,9,12,13,14,17,18,19,23
1017,7,8,9,12,13,14,17,18,19,23
1018,7,8,9,12,13,14,17,18,19,23
1019,7,8,9,12,13,14,17,18,19,23
1020,7,8,9,12,13,14,17,18,19,23
1021,7,8,9,12,13,14,17,18,19,23
1022,7,8,9,12,13,14,17,18,19,23
1023,7,8,9,12,13,14,17,18,19,23
1024,7,8,9,12,13,14,17,18,19,23
1025,7,8,9,12,13,14,17,18,19,23
1026,7,8,9,12,13,14,17,18,19,23
1027,7,8,9,12,13,14,17,18,19,23
1028,7,8,9,12,13,14,17,18,19,23
1029,7,8,9,12,13,14,17,18,19,23
1030,7,8,9,12,13,14,17,18,19,23
1031,7,8,9,12,13,14,17,18,19,23
1032,7,8,9,12,13,14,17,18,19,23
1033,7,8,9,12,13,14,17,18,19,23
1034,7,8,9,12,13,14,17,18,19,23
1035,7,8,9,12,13,14,17,18,19,23
1036,7,8,9,12,13,14,17,18,19
1037,7,8,9,12,13,14,17,18,19
1038,7,8,9,12,13,14,17,18,19
1039,7,8,9,12,13,14,17,18,19
1040,7,8,9,12,13,14,17,18,19
1041,7,8,9,12,13,14,17,18,19
1042,7,8,9,12,13,14,17,18,19
1043,7,8,9,12,13,14,17,18,19
1044,7,8,9,12,13,14,17,18,19
1045,7,8,9,12,13,14,17,18,19
1046,7,8,9,12,13,14,17,18,19
1047,7,8,9,12,13,14,17,18,19
1048,3,7,8,9,12,13,14,17,18,19
1049,3,7,8,9,12,13,14,17,18,19
1050,3,7,8,9,12,13,14,17,18,19
1051,3,7,8,9,12,13,14,17,18,19
1052,3,7,8,9,12,13,14,17,18,19
1053,3,7,8,9,12,13,14,17,18,19
1054,3,7,8,9,12,13,14,17,18,19
1055,3,7,8,9,12,13,14,17,18,19
1056,3,7,8,9,12,13,14,17,18,19
1057,3,7,8,9,12,13,14,17,18,19
1058,3,4,7,8,9,12,13,14,18,19
1059,3,4,7,8,9,12,13,14,18,19
1060,3,4,7,8,9,12,13,14,18,19
1061,3,4,7,8,9,12,13,14,18,19
1062,3,4,7,8,9,12,13,14,18,19
1063,3,4,7,8,9,12,13,14,18,19
1064,3,4,7,8,9,12,13,14,18,19
1065,3,4,7,8,9,12,13,14,18,19
1066,3,4,7,8,9,12,13,14,18,19
1067,3,4,7,8,9,12,13,14,18,19
1068,3,4,7,8,9,12,13,14,18,19
1069,3,4,7,8,9,12,13,14,18,19
1070,3,4,7,8,9,12,13,14,18,19
1071,3,4,7,8,9,12,13,14,18,19
1072,3,4,7,8,9,12,13,14,18,19
1073,3,4,7,8,9,12,13,14,18,19
1074,3,4,7,8,9,12,13,14,18,19
1075,3,4,7,8,9,12,13,14,18,19
1076,3,4,7,8,9,12,13,14,18,19
1077,3,4,7,8,9,12,13,14,18,19
1078,3,4,7,8,9,12,13,14,18,19
1079,3,4,7,8,9,12,13,14,18,19
1080,3,4,7,8,9,12,13,14,18,19
1081,3,4,7,8,9,12,13,14,18,19
1082,3,4,7,8,9,12,13,14,18,19
1083,3,4,7,8,9,12,13,14,18,19
1084,3,4,7,8,9,12,13,14,18,19
1085,3,4,7,8,9,12,13,14,18,19
1086,3,4,7,8,9,12,13,14,18
1087,3,4,7,8,9,12,13,14,18
1088,3,4,7,8,9,12,13,14,18
1089,3,4,7,8,9,12,13,14,18
1090,3,4,7,8,9,12,13,14,18
1091,3,4,7,8,9,12,13,14,18
1092,3,4,7,8,9,12,13,14,18
1093,3,4,7,8,9,12,13,14,18
1094,3,4,7,8,9,12,13,14,18
1095,3,4,7,8,9,12,13,14,18
1096,3,4,7,8,9,12,13,14,18
1097,3,4,7,8,9,12,13,14,18
1098,3,4,7,8,9,12,13,14,18
1099,3,4,7,8,9,12,13,14,18
1100,3,4,7,8,9,12,13,14,18
1101,3,4,7,8,9,12,13,14,18
1102,3,4,7,8,9,12,13,14,18
1103,3,4,7,8,9,12,13,14,18
1104,3,4,7,8,9,12,13,14,17,18
1105,3,4,7,8,9,12,13,14,17,18
1106,3,4,7,8,9,12,13,14,17,18,19
1107,3,4,7,8,9,12,13,14,17,18,19
1108,3,7,8,9,12,13,14,18,19
1109,3,7,8,9,12,13,14,18,19
1110,3,7,8,9,12,13,14,18,19
1111,3,7,8,9,12,13,14,18,19
1112,3,7,8,9,12,13,14,18,19
1113,3,7,8,9,12,13,14,18,19
1114,3,7,8,9,12,13,14,18,19
1115,3,7,8,9,12,13,14,18,19
1116,3,7,8,9,12,13,14,18,19
1117,3,7,8,9,12,13,14,18,19
1118,3,7,8,9,12,13,14,18,19
1119,3,7,8,9,12,13,14,18,19
1120,3,7,8,9,12,13,14,18,19
1121,3,7,8,9,12,13,14,18,19
1122,3,7,8,9,12,13,14,18,19
1123,3,7,8,9,12,13,14,18,19
1124,3,7,8,9,12,13,14,17,18,19
1125,3,7,8,9,12,13,14,17,18,19
1126,3,7,8,9,12,13,14,17,18,19
1127,3,7,8,9,12,13,14,17,18,19
1128,3,7,8,9,12,13,14,17,18,19
1129,3,7,8,9,12,13,14,17,18,19
1130,3,7,8,9,12,13,14,17,18,19
1131,3,7,8,9,12,13,14,17,18,19
1132,3,7,8,9,12,13,14,17,18,19
1133,3,7,8,9,12,13,14,17,18,19
1134,3,7,8,9,12,13,14,17,18,19
1135,3,7,8,9,12,13,14,17,18,19
1136,3,7,8,9,12,13,14,17,18,19
1137,3,7,8,9,12,13,14,17,18,19
1138,3,7,8,9,12,13,14,17,18,19
1139,3,7,8,9,12,13,14,17,18,19
1140,3,7,8,9,12,13,14,17,18,19
1141,3,7,8,9,12,13,14,17,18,19
1142,3,7,8,9,12,13,14,17,18,19
1143,3,7,8,9,12,13,14,17,18,19
1144,3,7,8,9,12,13,14,17,18,19
1145,3,7,8,9,12,13,14,17,18,19
1146,3,7,8,9,12,13,14,17,18,19
1147,3,7,8,9,12,13,14,17,18,19
1148,3,7,8,9,12,13,14,17,18,19
1149,3,7,8,9,12,13,14,17,18,19
1150,3,7,8,9,12,13,14,17,18,19
1151,3,7,8,9,12,13,14,17,18,19
1152,3,7,8,9,12,13,14,17,18,19
1153,3,7,8,9,12,13,14,17,18,19
1154,3,7,8,9,12,13,14,17,18,19
1155,3,7,8,9,12,13,14,17,18,19
1156,3,7,8,9,12,13,14,17,18,19
1157,3,7,8,9,12,13,14,17,18,19
1158,3,7,8,9,12,13,14,17,18,19
1159,3,7,8,9,12,13,14,17,18,19
1160,3,7,8,9,12,13,14,17,18,19
1161,3,7,8,9,12,13,14,17,18,19
1162,3,7,8,9,12,13,14,17,18,19
1163,3,7,8,9,12,13,14,17,18,19
1164,3,7,8,9,12,13,14,17,18,19
1165,3,7,8,9,12,13,14,17,18,19
1166,7,8,9,12,13,14,17,18,19
1167,7,8,9,12,13,14,17,18,19
1168,7,8,9,12,13,14,17,18,19
1169,7,8,9,12,13,14,17,18,19
1170,7,8,9,12,13,14,17,18,19
1171,7,8,9,12,13,14,17,18,19
1172,7,8,9,12,13,14,17,18,19
1173,7,8,9,12,13,14,17,18,19
1174,7,8,9,12,13,14,17,18,19
1175,7,8,9,12,13,14,17,18,19
1176,7,8,9,12,13,14,17,18,19
1177,7,8,9,12,13,14,17,18,19
1178,7,8,9,12,13,14,17,18,19
1179,7,8,9,12,13,14,17,18,19
1180,7,8,9,12,13,14,17,18,19
1181,7,8,9,12,13,14,17,18,19
1182,7,8,9,12,13,14,17,18,19
1183,7,8,9,12,13,14,17,18,19
1184,7,8,9,12,13,14,17,18,19
1185,7,8,9,12,13,14,17,18,19
1186,7,8,9,12,13,14,17,18,19
1187,7,8,9,12,13,14,17,18,19
1188,7,8,9,12,13,14,17,18,19
1189,7,8,9,12,13,14,17,18,19
1190,7,8,9,12,13,14,17,18,19
1191,7,8,9,12,13,14,17,18,19
1192,7,8,9,12,13,14,17,18,19
1193,7,8,9,12,13,14,17,18,19
1194,7,8,9,12,13,14,17,18,19
1195,7,8,9,12,13,14,17,18,19
1196,7,8,9,12,13,14,17,18,19
1197,7,8,9,12,13,14,17,18,19
1198,7,8,9,12,13,14,17,18,19
1199,7,8,9,12,13,14,17,18,19
1200,7,8,9,12,13,14,17,18,19
1201,7,8,9,12,13,14,17,18,19
1202,7,8,9,12,13,14,17,18,19
1203,7,8,9,12,13,14,17,18,19
1204,7,8,9,12,13,14,17,18,19
1205,7,8,9,12,13,14,17,18,19
1206,7,8,9,12,13,14,17,18,19
1207,7,8,9,12,13,14,17,18,19
1208,7,8,9,12,13,14,17,18,19
1209,7,8,9,12,13,14,17,18,19
1210,7,8,9,12,13,14,17,18,19
1211,7,8,9,12,13,14,17,18,19
1212,7,8,9,12,13,14,17,18,19
1213,7,8,9,12,13,14,17,18,19
1214,7,8,9,12,13,14,17,18,19
1215,7,8,9,12,13,14,17,18,19
1216,7,8,9,12,13,14,17,18,19
1217,7,8,9,12,13,14,17,18,19
1218,7,8,9,12,13,14,18,19
1219,7,8,9,12,13,14,18,19
1220,8,9,12,13,14,18,19
1221,8,9,12,13,14,18,19
1222,3,8,9,12,13,14,18,19
1223,3,8,9,12,13,14,18,19
1224,3,8,9,13,14,18,19
1225,3,8,9,13,14,18,19
1226,3,8,9,13,14,18,19
1227,3,8,9,13,14,18,19
1228,3,8,9,13,14,18,19
1229,3,8,9,13,14,18,19
1230,8,9,13,14,18,19
1231,8,9,13,14,18,19
1232,8,9,13,14,18,19
1233,8,9,13,14,18,19
1234,8,9,13,14,18,19
1235,8,9,13,14,18,19
1236,8,9,13,14,18,19
1237,8,9,13,14,18,19
1238,8,9,13,14,18,19
1239,8,9,13,14,18,19
1240,8,9,13,14,18,19
1241,8,9,13,14,18,19
1242,8,9,13,14,18,19
1243,8,9,13,14,18,19
1244,8,9,13,14,18,19
1245,8,9,13,14,18,19
1246,8,9,13,14,18,19
1247,8,9,13,14,18,19
1248,8,9,13,14,18,19
1249,8,9,13,14,18,19
1250,8,9,13,14,18,19
1251,8,9,13,14,18,19
1252,8,9,13,14,18,19
1253,8,9,13,14,18,19
1254,8,9,13,14,18,19,23
1255,8,9,13,14,18,19,23
1256,8,9,13,14,18,19,23
1257,8,9,13,14,18,19,23
1258,8,9,13,14,18,19,23
1259,8,9,13,14,18,19,23
1260,8,9,13,14,18,19
1261,8,9,13,14,18,19
1262,8,9,13,14,18,19
1263,8,9,13,14,18,19
1264,8,9,13,14,18,19,23
1265,8,9,13,14,18,19,23
1266,8,9,13,14,18,19,23
1267,8,9,13,14,18,19,23
1268,8,9,13,14,18,19,23
1269,8,9,13,14,18,19,23
1270,8,9,13,14,18,19,23
1271,8,9,13,14,18,19,23
1272,8,9,13,14,18,19,23,24
1273,8,9,13,14,18,19,23,24
1274,8,9,13,14,18,19,23,24
1275,8,9,13,14,18,19,23,24
1276,8,9,13,14,18,19,23
1277,8,9,13,14,18,19,23
1278,8,9,13,14,18,19,23
1279,8,9,13,14,18,19,23
1280,8,9,12,13,14,18,19,23
1281,8,9,12,13,14,18,19,23
1282,8,9,12,13,14,17,18,19,23
1283,8,9,12,13,14,17,18,19,23
1284,8,9,12,13,14,17,18,19,23
1285,8,9,12,13,14,17,18,19,23
1286,8,9,12,13,14,17,18,19,23
1287,8,9,12,13,14,17,18,19,23
1288,8,9,12,13,14,17,18,19,23
1289,8,9,12,13,14,17,18,19,23
1290,8,9,12,13,14,17,18,19,23
1291,8,9,12,13,14,17,18,19,23
1292,8,9,12,13,14,17,18,19,23
1293,8,9,12,13,14,17,18,19,23
1294,8,9,12,13,14,17,18,19,23
1295,8,9,12,13,14,17,18,19,23
1296,8,9,12,13,14,17,18,19,23
1297,8,9,12,13,14,17,18,19,23
1298,8,9,12,13,14,17,18,19,23
1299,8,9,12,13,14,17,18,19,23
1300,8,9,12,13,14,17,18,19,23
1301,8,9,12,13,14,17,18,19,23
1302,8,9,12,13,14,17,18,19,23
1303,8,9,12,13,14,17,18,19,23
1304,8,9,12,13,14,17,18,19,23
1305,8,9,12,13,14,17,18,19,23
1306,8,9,12,13,14,17,18,19,23
1307,8,9,12,13,14,17,18,19,23
1308,8,9,12,13,14,17,18,19,23
1309,8,9,12,13,14,17,18,19,23
1310,8,9,12,13,14,17,18,19,23
1311,8,9,12,13,14,17,18,19,23
1312,8,9,12,13,14,17,18,19,23
1313,8,9,12,13,14,17,18,19,23
1314,8,9,12,13,14,17,18,19,23
1315,8,9,12,13,14,17,18,19,23
1316,8,9,12,13,14,17,18,19,23
1317,8,9,12,13,14,17,18,19,23
1318,8,9,12,13,14,17,18,19,23
1319,8,9,12,13,14,17,18,19,23
1320,8,9,12,13,14,17,18,19,23
1321,8,9,12,13,14,17,18,19,23
1322,8,9,12,13,14,17,18,19,23
1323,8,9,12,13,14,17,18,19,23
1324,8,9,12,13,14,17,18,19,23
1325,8,9,12,13,14,17,18,19,23
1326,8,9,12,13,14,17,18,19,23
1327,8,9,12,13,14,17,18,19,23
1328,8,9,12,13,14,17,18,19,23
1329,8,9,12,13,14,17,18,19,23
1330,8,9,12,13,14,17,18,19,23
1331,8,9,12,13,14,17,18,19,23
1332,8,9,12,13,14,17,18,19,23
1333,8,9,12,13,14,17,18,19,23
1334,8,9,12,13,14,17,18,19,23
1335,8,9,12,13,14,17,18,19,23
1336,8,9,12,13,14,17,18,19,23
1337,8,9,12,13,14,17,18,19,23
1338,8,9,12,13,14,17,18,19,23
1339,8,9,12,13,14,17,18,19,23
1340,8,9,12,13,14,17,18,19,23
1341,8,9,12,13,14,17,18,19,23
1342,8,9,12,13,14,17,18,19,23
1343,8,9,12,13,14,17,18,19,23
1344,8,9,12,13,14,17,18,19,23
1345,8,9,12,13,14,17,18,19,23
1346,8,9,12,13,14,17,18,19,23
1347,8,9,12,13,14,17,18,19,23
1348,8,9,12,13,14,17,18,19,23
1349,8,9,12,13,14,17,18,19,23
1350,8,9,12,13,14,17,18,19,23
1351,8,9,12,13,14,17,18,19,23
1352,8,9,12,13,14,17,18,19,23
1353,8,9,12,13,14,17,18,19,23
1354,8,9,12,13,14,17,18,19,23
1355,8,9,12,13,14,17,18,19,23
1356,8,9,12,13,14,17,18,19,23
1357,8,9,12,13,14,17,18,19,23
1358,8,9,12,13,14,17,18,19,23
1359,8,9,12,13,14,17,18,19,23
1360,8,9,12,13,14,17,18,19,23
1361,8,9,12,13,14,17,18,19,23
1362,8,9,12,13,14,17,18,19,23
1363,8,9,12,13,14,17,18,19,23
1364,8,9,12,13,14,17,18,19,23
1365,8,9,12,13,14,17,18,19,23
1366,7,8,9,12,13,14,17,18,19,23
1367,7,8,9,12,13,14,17,18,19,23
1368,7,8,9,12,13,14,17,18,19,23
1369,7,8,9,12,13,14,17,18,19,23
1370,7,8,9,12,13,14,17,18,19,23
1371,7,8,9,12,13,14,17,18,19,23
1372,7,8,9,12,13,14,17,18,19,23
1373,7,8,9,12,13,14,17,18,19,23
1374,7,8,9,12,13,14,17,18,19,23
1375,7,8,9,12,13,14,17,18,19,23
1376,7,8,9,12,13,14,17,18,19,23
1377,7,8,9,12,13,14,17,18,19,23
1378,7,8,9,12,13,14,17,18,19,23
1379,7,8,9,12,13,14,17,18,19,23
1380,7,8,9,12,13,14,17,18,19,23
1381,7,8,9,12,13,14,17,18,19,23
1382,7,8,9,12,13,14,17,18,19,23
1383,7,8,9,12,13,14,17,18,19,23
1384,7,8,9,12,13,14,17,18,19,23
1385,7,8,9,12,13,14,17,18,19,23
1386,7,8,9,12,13,14,17,18,19,23
1387,7,8,9,12,13,14,17,18,19,23
1388,7,8,9,12,13,14,17,18,19,23
1389,7,8,9,12,13,14,17,18,19,23
1390,7,8,9,12,13,14,17,18,19,23
1391,7,8,9,12,13,14,17,18,19,23
1392,7,8,9,12,13,14,17,18,19,23
1393,7,8,9,12,13,14,17,18,19,23
1394,7,8,9,12,13,14,17,18,19,23
1395,7,8,9,12,13,14,17,18,19,23
1396,7,8,9,12,13,14,17,18,19,23
1397,7,8,9,12,13,14,17,18,19,23
1398,7,8,9,12,13,14,17,18,19,23
1399,7,8,9,12,13,14,17,18,19,23
1400,7,8,9,12,13,14,17,18,19,23
1401,7,8,9,12,13,14,17,18,19,23
1402,7,8,9,12,13,14,17,18,19,23
1403,7,8,9,12,13,14,17,18,19,23
1404,7,8,9,12,13,14,17,18,19,23
1405,7,8,9,12,13,14,17,18,19,23
1406,7,8,9,12,13,14,17,18,19,23
1407,7,8,9,12,13,14,17,18,19,23
1408,7,8,9,12,13,14,17,18,19,23
1409,7,8,9,12,13,14,17,18,19,23
1410,7,8,9,12,13,14,17,18,19,23
1411,7,8,9,12,13,14,17,18,19,23
1412,7,8,9,12,13,14,17,18,19,23
1413,7,8,9,12,13,14,17,18,19,23
1414,7,8,9,12,13,14,17,18,19,23
1415,7,8,9,12,13,14,17,18,19,23
1416,7,8,9,12,13,14,17,18,19,23
1417,7,8,9,12,13,14,17,18,19,23
1418,7,8,9,12,13,14,17,18,19,23
1419,7,8,9,12,13,14,17,18,19,23
1420,7,8,9,12,13,14,17,18,19,23
1421,7,8,9,12,13,14,17,18,19,23
1422,7,8,9,12,13,14,17,18,19,23
1423,7,8,9,12,13,14,17,18,19,23
1424,7,8,9,12,13,14,17,18,19,23
1425,7,8,9,12,13,14,17,18,19,23
1426,7,8,9,12,13,14,17,18,19,23
1427,7,8,9,12,13,14,17,18,19,23
1428,7,8,9,12,13,14,17,18,19,23
1429,7,8,9,12,13,14,17,18,19,23
1430,7,8,9,12,13,14,17,18,19,23
1431,7,8,9,12,13,14,17,18,19,23
1432,7,8,9,12,13,14,17,18,19,23
1433,7,8,9,12,13,14,17,18,19,23
1434,7,8,9,12,13,14,17,18,19,23
1435,7,8,9,12,13,14,17,18,19,23
1436,7,8,9,12,13,14,17,18,19,23
1437,7,8,9,12,13,14,17,18,19,23
1438,7,8,9,12,13,14,17,18,19,23
1439,7,8,9,12,13,14,17,18,19,23
1440,7,8,9,12,13,14,17,18,19,23
1441,7,8,9,12,13,14,17,18,19,23
1442,7,8,9,12,13,14,17,18,19,23
1443,7,8,9,12,13,14,17,18,19,23
1444,7,8,9,12,13,14,17,18,19,23
1445,7,8,9,12,13,14,17,18,19,23
1446,7,8,9,12,13,14,17,18,19,23
1447,7,8,9,12,13,14,17,18,19,23
1448,7,8,9,12,13,14,17,18,19,23
1449,7,8,9,12,13,14,17,18,19,23
1450,7,8,9,12,13,14,17,18,19,23
1451,7,8,9,12,13,14,17,18,19,23
1452,7,8,9,12,13,14,17,18,19,23
1453,7,8,9,12,13,14,17,18,19,23
1454,7,8,9,12,13,14,17,18,19,23
1455,7,8,9,12,13,14,17,18,19,23
1456,7,8,9,12,13,14,17,18,19,23
1457,7,8,9,12,13,14,17,18,19,23
1458,7,8,9,12,13,14,17,18,19,23
1459,7,8,9,12,13,14,17,18,19,23
1460,7,8,9,12,13,14,17,18,19,23
1461,7,8,9,12,13,14,17,18,19,23
1462,7,8,9,12,13,14,17,18,19,23
1463,7,8,9,12,13,14,17,18,19,23
1464,7,8,9,12,13,14,17,18,19,23
1465,7,8,9,12,13,14,17,18,19,23
1466,7,8,9,12,13,14,17,18,19,23
1467,7,8,9,12,13,14,17,18,19,23
1468,7,8,9,12,13,14,17,18,19,23
1469,7,8,9,12,13,14,17,18,19,23
1470,7,8,9,12,13,14,17,18,19,23
1471,7,8,9,12,13,14,17,18,19,23
1472,7,8,9,12,13,14,17,18,19,23
1473,7,8,9,12,13,14,17,18,19,23
1474,7,8,9,12,13,14,17,18,19,23
1475,7,8,9,12,13,14,17,18,19,23
1476,7,8,9,12,13,14,17,18,19,23
1477,7,8,9,12,13,14,17,18,19,23
1478,7,8,9,12,13,14,17,18,19,23
1479,7,8,9,12,13,14,17,18,19,23
1480,7,8,9,12,13,14,17,18,19,23
1481,7,8,9,12,13,14,17,18,19,23
1482,7,8,9,12,13,14,17,18,19,23
1483,7,8,9,12,13,14,17,18,19,23
1484,7,8,9,12,13,14,17,18,19,23
1485,7,8,9,12,13,14,17,18,19,23
1486,7,8,9,12,13,14,17,18,19,23
1487,7,8,9,12,13,14,17,18,19,23
1488,7,8,9,12,13,14,17,18,19,23
1489,7,8,9,12,13,14,17,18,19,23
1490,7,8,9,12,13,14,17,18,19,23
1491,7,8,9,12,13,14,17,18,19,23
1492,7,8,9,12,13,14,17,18,19,23
1493,7,8,9,12,13,14,17,18,19,23
1494,7,8,9,12,13,14,17,18,19,23
1495,7,8,9,12,13,14,17,18,19,23
1496,7,8,9,12,13,14,17,18,19,23
1497,7,8,9,12,13,14,17,18,19,23
1498,7,8,9,12,13,14,17,18,19,23
1499,7,8,9,12,13,14,17,18,19,23
1500,7,8,9,12,13,14,17,18,19,23
1501,7,8,9,12,13,14,17,18,19,23
1502,7,8,9,12,13,14,17,18,19,23
1503,7,8,9,12,13,14,17,18,19,23
1504,7,8,9,12,13,14,17,18,19,23
1505,7,8,9,12,13,14,17,18,19,23
1506,7,8,9,12,13,14,17,18,19,23
1507,7,8,9,12,13,14,17,18,19,23
1508,7,8,9,12,13,14,17,18,19,23
1509,7,8,9,12,13,14,17,18,19,23
1510,7,8,9,12,13,14,17,18,19,23
1511,7,8,9,12,13,14,17,18,19,23
1512,7,8,9,12,13,14,17,18,19,23
1513,7,8,9,12,13,14,17,18,19,23
1514,7,8,9,12,13,14,17,18,19,23
1515,7,8,9,12,13,14,17,18,19,23
1516,7,8,9,12,13,14,17,18,19,23
1517,7,8,9,12,13,14,17,18,19,23
1518,7,8,9,12,13,14,17,18,19,23
1519,7,8,9,12,13,14,17,18,19,23
1520,7,8,9,12,13,14,17,18,19,23
1521,7,8,9,12,13,14,17,18,19,23
1522,7,8,9,12,13,14,17,18,19,23
1523,7,8,9,12,13,14,17,18,19,23
1524,7,8,9,12,13,14,17,18,19,23
1525,7,8,9,12,13,14,17,18,19,23
1526,7,8,9,12,13,14,17,18,19,23
1527,7,8,9,12,13,14,17,18,19,23
1528,7,8,9,12,13,14,17,18,19,23
1529,7,8,9,12,13,14,17,18,19,23
1530,7,8,9,12,13,14,17,18,19,23
1531,7,8,9,12,13,14,17,18,19,23
1532,7,8,9,12,13,14,17,18,19,23
1533,7,8,9,12,13,14,17,18,19,23
1534,7,8,9,12,13,14,17,18,19,23
1535,7,8,9,12,13,14,17,18,19,23
1536,7,8,9,12,13,14,17,18,19,23
1537,7,8,9,12,13,14,17,18,19,23
1538,7,8,9,12,13,14,17,18,19,23
1539,7,8,9,12,13,14,17,18,19,23
1540,7,8,9,12,13,14,17,18,19,23
1541,7,8,9,12,13,14,17,18,19,23
1542,7,8,9,12,13,14,17,18,19,23
1543,7,8,9,12,13,14,17,18,19,23
1544,7,8,9,12,13,14,17,18,19,23
1545,7,8,9,12,13,14,17,18,19,23
1546,7,8,9,12,13,14,17,18,19,23
1547,7,8,9,12,13,14,17,18,19,23
1548,7,8,9,12,13,14,17,18,19,23
1549,7,8,9,12,13,14,17,18,19,23
1550,7,8,9,12,13,14,17,18,19,23
1551,7,8,9,12,13,14,17,18,19,23
1552,7,8,9,12,13,14,17,18,19,23
1553,7,8,9,12,13,14,17,18,19,23
1554,7,8,9,12,13,14,17,18,19,23
1555,7,8,9,12,13,14,17,18,19,23
1556,7,8,9,12,13,14,17,18,19,23
1557,7,8,9,12,13,14,17,18,19,23
1558,7,8,9,12,13,14,17,18,19,23
1559,7,8,9,12,13,14,17,18,19,23
1560,7,8,9,12,13,14,17,18,19,23
1561,7,8,9,12,13,14,17,18,19,23
1562,7,8,9,12,13,14,17,18,19,23
1563,7,8,9,12,13,14,17,18,19,23
1564,7,8,9,12,13,14,17,18,19,23
1565,7,8,9,12,13,14,17,18,19,23
1566,7,8,9,12,13,14,17,18,19,23
1567,7,8,9,12,13,14,17,18,19,23
1568,7,8,9,12,13,14,17,18,19,23
1569,7,8,9,12,13,14,17,18,19,23
1570,7,8,9,12,13,14,17,18,19,23
1571,7,8,9,12,13,14,17,18,19,23
1572,7,8,9,12,13,14,17,18,19,23
1573,7,8,9,12,13,14,17,18,19,23
1574,7,8,9,12,13,14,17,18,19,23
1575,7,8,9,12,13,14,17,18,19,23
1576,7,8,9,12,13,14,17,18,19,23
1577,7,8,9,12,13,14,17,18,19,23
1578,7,8,9,12,13,14,17,18,19,23
1579,7,8,9,12,13,14,17,18,19,23
1580,7,8,9,12,13,14,17,18,19,23
1581,7,8,9,12,13,14,17,18,19,23
1582,7,8,9,12,13,14,17,18,19,23
1583,7,8,9,12,13,14,17,18,19,23
1584,7,8,9,12,13,14,17,18,19,23
1585,7,8,9,12,13,14,17,18,19,23
1586,7,8,9,12,13,14,17,18,19,23
1587,7,8,9,12,13,14,17,18,19,23
1588,7,8,9,12,13,14,17,18,19,23
1589,7,8,9,12,13,14,17,18,19,23
1590,7,8,9,12,13,14,17,18,19,23
1591,7,8,9,12,13,14,17,18,19,23
1592,7,8,9,12,13,14,17,18,19,23
1593,7,8,9,12,13,14,17,18,19,23
1594,7,8,9,12,13,14,17,18,19,23
1595,7,8,9,12,13,14,17,18,19,23
1596,7,8,9,12,13,14,17,18,19,23
1597,7,8,9,12,13,14,17,18,19,23
1598,7,8,9,12,13,14,17,18,19,23
1599,7,8,9,12,13,14,17,18,19,23
1600,7,8,9,12,13,14,17,18,19,23
1601,7,8,9,12,13,14,17,18,19,23
1602,7,8,9,12,13,14,17,18,19,23
1603,7,8,9,12,13,14,17,18,19,23
1604,7,8,9,12,13,14,17,18,19,23
1605,7,8,9,12,13,14,17,18,19,23
1606,7,8,9,12,13,14,17,18,19,23
1607,7,8,9,12,13,14,17,18,19,23
1608,7,8,9,12,13,14,17,18,19,23
1609,7,8,9,12,13,14,17,18,19,23
1610,7,8,9,12,13,14,17,18,19,23
1611,7,8,9,12,13,14,17,18,19,23
1612,7,8,9,12,13,14,17,18,19,23
1613,7,8,9,12,13,14,17,18,19,23
1614,7,8,9,12,13,14,17,18,19,23
1615,7,8,9,12,13,14,17,18,19,23
1616,7,8,9,12,13,14,17,18,19,23
1617,7,8,9,12,13,14,17,18,19,23
1618,7,8,9,12,13,14,17,18,19,23
1619,7,8,9,12,13,14,17,18,19,23
1620,7,8,9,12,13,14,17,18,19,23
1621,7,8,9,12,13,14,17,18,19,23
1622,7,8,9,12,13,14,17,18,19,23
1623,7,8,9,12,13,14,17,18,19,23
1624,7,8,9,12,13,14,17,18,19,23
1625,7,8,9,12,13,14,17,18,19,23
1626,7,8,9,12,13,14,17,18,19,23
1627,7,8,9,12,13,14,17,18,19,23
1628,7,8,9,12,13,14,17,18,19,23
1629,7,8,9,12,13,14,17,18,19,23
1630,7,8,9,12,13,14,17,18,19,23
1631,7,8,9,12,13,14,17,18,19,23
1632,7,8,9,12,13,14,17,18,19,23
1633,7,8,9,12,13,14,17,18,19,23
1634,7,8,9,12,13,14,17,18,19,23
1635,7,8,9,12,13,14,17,18,19,23
1636,7,8,9,12,13,14,17,18,19,23
1637,7,8,9,12,13,14,17,18,19,23
1638,7,8,9,12,13,14,17,18,19,23
1639,7,8,9,12,13,14,17,18,19,23
1640,7,8,9,12,13,14,17,18,19,23
1641,7,8,9,12,13,14,17,18,19,23
1642,7,8,9,12,13,14,17,18,19,23
1643,7,8,9,12,13,14,17,18,19,23
1644,7,8,9,12,13,14,17,18,19,23
1645,7,8,9,12,13,14,17,18,19,23
1646,7,8,9,12,13,14,17,18,19,23
1647,7,8,9,12,13,14,17,18,19,23
1648,7,8,9,12,13,14,17,18,19,23
1649,7,8,9,12,13,14,17,18,19,23
1650,7,8,9,12,13,14,17,18,19,23
1651,7,8,9,12,13,14,17,18,19,23
1652,7,8,9,12,13,14,17,18,19,23
1653,7,8,9,12,13,14,17,18,19,23
1654,7,8,9,12,13,14,17,18,19,23
1655,7,8,9,12,13,14,17,18,19,23
1656,7,8,9,12,13,14,17,18,19,23
1657,7,8,9,12,13,14,17,18,19,23
1658,7,8,9,12,13,14,17,18,19,23
1659,7,8,9,12,13,14,17,18,19,23
1660,7,8,9,12,13,14,17,18,19,23
1661,7,8,9,12,13,14,17,18,19,23
1662,7,8,9,12,13,14,17,18,19,23
1663,7,8,9,12,13,14,17,18,19,23
1664,7,8,9,12,13,14,17,18,19,23
1665,7,8,9,12,13,14,17,18,19,23
1666,7,8,9,12,13,14,17,18,19,23
1667,7,8,9,12,13,14,17,18,19,23
1668,7,8,9,12,13,14,17,18,19,23
1669,7,8,9,12,13,14,17,18,19,23
1670,7,8,9,12,13,14,17,18,19,23
1671,7,8,9,12,13,14,17,18,19,23
1672,7,8,9,12,13,14,17,18,19,23
1673,7,8,9,12,13,14,17,18,19,23
1674,7,8,9,12,13,14,17,18,19,23
1675,7,8,9,12,13,14,17,18,19,23
1676,7,8,9,12,13,14,17,18,19,23
1677,7,8,9,12,13,14,17,18,19,23
1678,7,8,9,12,13,14,17,18,19,23
1679,7,8,9,12,13,14,17,18,19,23
1680,7,8,9,12,13,14,17,18,19,23
1681,7,8,9,12,13,14,17,18,19,23
1682,7,8,9,12,13,14,17,18,19
1683,7,8,9,12,13,14,17,18,19
1684,3,7,8,9,12,13,14,17,18,19
1685,3,7,8,9,12,13,14,17,18,19
1686,3,7,8,9,12,13,14,17,18,19
1687,3,7,8,9,12,13,14,17,18,19
1688,3,7,8,9,12,13,14,17,18,19
1689,3,7,8,9,12,13,14,17,18,19
1690,3,7,8,9,12,13,14,17,18,19
1691,3,7,8,9,12,13,14,17,18,19
1692,3,7,8,9,12,13,14,17,18,19
1693,3,7,8,9,12,13,14,17,18,19
1694,3,7,8,9,12,13,14,18,19
1695,3,7,8,9,12,13,14,18,19
1696,3,7,8,9,12,13,14,18,19
1697,3,7,8,9,12,13,14,18,19
1698,3,7,8,9,12,13,14,18,19
1699,3,7,8,9,12,13,14,18,19
1700,3,7,8,9,12,13,14,18,19
1701,3,7,8,9,12,13,14,18,19
1702,3,7,8,9,12,13,14,18,19
1703,3,7,8,9,12,13,14,18,19
1704,3,7,8,9,12,13,14,18,19
1705,3,7,8,9,12,13,14,18,19
1706,3,7,8,9,12,13,14,17,18,19
1707,3,7,8,9,12,13,14,17,18,19
1708,3,7,8,9,12,13,14,17,18,19
1709,3,7,8,9,12,13,14,17,18,19
1710,3,7,8,9,12,13,14,17,18,19
1711,3,7,8,9,12,13,14,17,18,19
1712,3,7,8,9,12,13,14,17,18,19
1713,3,7,8,9,12,13,14,17,18,19
1714,3,7,8,9,12,13,14,17,18,19
1715,3,7,8,9,12,13,14,17,18,19
1716,3,7,8,9,12,13,14,17,18,19
1717,3,7,8,9,12,13,14,17,18,19
1718,3,7,8,9,12,13,14,17,18,19
1719,3,7,8,9,12,13,14,17,18,19
1720,3,7,8,9,12,13,14,17,18,19
1721,3,7,8,9,12,13,14,17,18,19
1722,3,7,8,9,12,13,14,17,18,19
1723,3,7,8,9,12,13,14,17,18,19
1724,3,7,8,9,12,13,14,17,18,19
1725,3,7,8,9,12,13,14,17,18,19
1726,3,7,8,9,12,13,14,17,18,19
1727,3,7,8,9,12,13,14,17,18,19
1728,3,7,8,9,12,13,14,17,18,19
1729,3,7,8,9,12,13,14,17,18,19
1730,3,7,8,9,12,13,14,17,18,19
1731,3,7,8,9,12,13,14,17,18,19
1732,3,7,8,9,12,13,14,17,18,19
1733,3,7,8,9,12,13,14,17,18,19
1734,3,7,8,9,12,13,14,17,18,19
1735,3,7,8,9,12,13,14,17,18,19
1736,3,7,8,9,12,13,14,17,18
1737,3,7,8,9,12,13,14,17,18
1738,3,7,8,9,12,13,14,17,18
1739,3,7,8,9,12,13,14,17,18
1740,3,7,8,9,12,13,14,17,18
1741,3,7,8,9,12,13,14,17,18
1742,3,7,8,9,12,13,14,17,18
1743,3,7,8,9,12,13,14,17,18
1744,3,7,8,9,12,13,14,17,18
1745,3,7,8,9,12,13,14,17,18
1746,3,7,8,9,12,13,14,17,18
1747,3,7,8,9,12,13,14,17,18
1748,3,4,7,8,9,12,13,14,17,18
1749,3,4,7,8,9,12,13,14,17,18
1750,3,4,7,8,9,12,13,14,17,18
1751,3,4,7,8,9,12,13,14,17,18
1752,3,4,7,8,9,12,13,14,17,18
1753,3,4,7,8,9,12,13,14,17,18
1754,3,4,7,8,9,12,13,14,17,18
1755,3,4,7,8,9,12,13,14,17,18
1756,3,4,7,8,9,12,13,14,17,18
1757,3,4,7,8,9,12,13,14,17,18
1758,3,4,7,8,9,12,13,14,17,18
1759,3,4,7,8,9,12,13,14,17,18
1760,3,4,7,8,9,12,13,14,17,18
1761,3,4,7,8,9,12,13,14,17,18
1762,3,7,8,9,12,13,14,17,18
1763,3,7,8,9,12,13,14,17,18
1764,3,7,8,9,12,13,14,17,18
1765,3,7,8,9,12,13,14,17,18
1766,3,7,8,9,12,13,14,17,18
1767,3,7,8,9,12,13,14,17,18
1768,3,7,8,9,12,13,14,17,18
1769,3,7,8,9,12,13,14,17,18
1770,3,7,8,9,12,13,14,17,18
1771,3,7,8,9,12,13,14,17,18
1772,3,7,8,9,12,13,14,17,18
1773,3,7,8,9,12,13,14,17,18
1774,3,7,8,9,12,13,14,17,18
1775,3,7,8,9,12,13,14,17,18
1776,3,7,8,9,12,13,14,17,18
1777,3,7,8,9,12,13,14,17,18
1778,3,7,8,9,12,13,14,17,18
1779,3,7,8,9,12,13,14,17,18
1780,3,7,8,9,12,13,14,17,18
1781,3,7,8,9,12,13,14,17,18
1782,3,7,8,9,12,13,14,17,18
1783,3,7,8,9,12,13,14,17,18
1784,7,8,12,13,14,17,18
1785,7,8,12,13,14,17,18
1786,7,8,12,13,14,17,18
1787,7,8,12,13,14,17,18
1788,7,8,12,13,14,17,18,23
1789,7,8,12,13,14,17,18,23
1790,7,8,12,13,14,17,18,19,23
1791,7,8,12,13,14,17,18,19,23
1792,7,8,12,13,14,17,18,19,23
1793,7,8,12,13,14,17,18,19,23
1794,7,8,12,13,14,17,18,19,23
1795,7,8,12,13,14,17,18,19,23
1796,7,8,12,13,14,17,18,19,22,23
1797,7,8,12,13,14,17,18,19,22,23
1798,7,8,12,13,14,17,18,19,23
1799,7,8,12,13,14,17,18,19,23
1800,7,8,12,13,14,17,18,19,23
