1,7,8,9,12,13,14,17,18,19
2,7,8,9,12,13,14,17,18,19
3,7,8,9,12,13,14,17,18,19
4,7,8,9,12,13,14,17,18,19
5,7,8,9,12,13,14,17,18,19
6,7,8,9,12,13,14,17,18,19
7,7,8,9,12,13,14,17,18,19
8,7,8,9,12,13,14,17,18,19
9,7,8,9,12,13,14,17,18,19
10,7,8,9,12,13,14,17,18,19
11,7,8,9,12,13,14,17,18,19
12,7,8,9,12,13,14,17,18,19
13,7,8,9,12,13,14,17,18,19
14,7,8,9,12,13,14,17,18,19
15,7,8,9,12,13,14,17,18,19
16,7,8,9,12,13,14,17,18,19
17,7,8,9,12,13,14,17,18,19,23
18,7,8,9,12,13,14,17,18,19,23
19,7,8,12,13,14,17,18,19,23
20,7,8,12,13,14,17,18,19,23
21,7,8,12,13,17,18,23
22,7,8,12,13,17,18,23
23,7,8,12,13,17,18,22,23
24,7,8,12,13,17,18,22,23
25,7,8,12,13,17,18,22,23
26,7,8,12,13,17,18,22,23
27,7,8,12,13,17,18,22,23
28,7,8,12,13,17,18,22,23
29,7,8,12,13,17,18,22,23
30,7,8,12,13,17,18,22,23
31,7,8,12,13,17,18,22,23
32,7,8,12,13,17,18,22,23
33,7,8,12,13,17,18,22,23
34,7,8,12,13,17,18,22,23
35,7,8,12,13,17,18,22,23
36,7,8,12,13,17,18,22,23
37,7,8,12,13,17,18,22,23
38,7,8,12,13,17,18,22,23
39,7,8,12,13,17,18,22,23
40,7,8,12,13,17,18,22,23
41,7,8,12,13,17,18,22,23
42,7,8,12,13,17,18,22,23
43,7,8,12,13,17,18,22,23
44,7,8,12,13,17,18,22,23
45,7,8,12,13,17,18,22,23
46,7,8,12,13,17,18,22,23
47,7,8,12,13,17,18,22
48,7,8,12,13,17,18,22
49,7,8,12,13,17,18,22
50,7,8,12,13,17,18,22
51,7,8,12,13,17,18,22
52,7,8,12,13,17,18,22
53,7,8,12,13,17,18,22
54,7,8,12,13,17,18,22
55,7,8,12,13,17,18,22
56,7,8,12,13,17,18,22
57,7,8,12,13,17,18,22
58,7,8,12,13,17,18,22
59,7,8,12,13,17,18,22,23
60,7,8,12,13,17,18,22,23
61,7,8,12,13,17,18,22,23
62,7,8,12,13,17,18,22,23
63,7,8,12,13,17,18,22,23
64,7,8,12,13,17,18,22,23
65,7,8,12,13,17,18,23
66,7,8,12,13,17,18,23
67,7,8,12,13,17,18,23
68,7,8,12,13,17,18,23
69,7,8,12,13,17,18,23
70,7,8,12,13,17,18,23
71,7,8,12,13,17,18,23
72,7,8,12,13,17,18,23
73,7,8,12,13,14,17,18,23
74,7,8,12,13,14,17,18,23
75,7,8,12,13,14,17,18,23
76,7,8,12,13,14,17,18,23
77,7,8,12,13,14,17,18,19,23
78,7,8,12,13,14,17,18,19,23
79,7,8,12,13,14,17,18,19,23
80,7,8,12,13,14,17,18,19,23
81,7,8,12,13,14,17,18,19,23
82,7,8,12,13,14,17,18,19,23
83,7,8,12,13,14,17,18,19,23
84,7,8,12,13,14,17,18,19,23
85,7,8,12,13,14,17,18,19,23
86,7,8,12,13,14,17,18,19,23
87,7,8,12,13,14,17,18,23
88,7,8,12,13,14,17,18,23
89,7,8,12,13,14,17,18,23
90,7,8,12,13,14,17,18,23
91,7,8,12,13,14,17,18,23
92,7,8,12,13,14,17,18,23
93,7,8,12,13,14,17,18,23
94,7,8,12,13,14,17,18,23
95,7,8,12,13,14,17,18,23
96,7,8,12,13,14,17,18,23
97,7,8,12,13,14,17,18,19,23
98,7,8,12,13,14,17,18,19,23
99,7,8,12,13,14,17,18,19,23
100,7,8,12,13,14,17,18,19,23
101,7,8,9,12,13,14,17,18,19,23
102,7,8,9,12,13,14,17,18,19,23
103,7,8,9,12,13,14,17,18,19,23
104,7,8,9,12,13,14,17,18,19,23
105,8,9,12,13,14,17,18,19,23
106,8,9,12,13,14,17,18,19,23
107,8,9,13,14,18,19,23,24
108,8,9,13,14,18,19,23,24
109,8,9,13,14,18,19,23,24
110,8,9,13,14,18,19,23,24
111,8,9,13,14,18,19,23,24
112,8,9,13,14,18,19,23,24
113,8,9,13,14,18,19,23,24
114,8,9,13,14,18,19,23,24
115,8,9,13,14,18,19,23,24
116,8,9,13,14,18,19,23,24
117,8,9,13,14,18,19,23,24
118,8,9,13,14,18,19,23,24
119,8,9,13,14,18,19
120,8,9,13,14,18,19
121,8,9,13,14,18,19
122,8,9,13,14,18,19
123,8,9,13,14,18,19
124,8,9,13,14,18,19
125,8,9,13,14,18,19
126,8,9,13,14,18,19
127,8,9,13,14,15,18,19
128,8,9,13,14,15,18,19
129,8,9,13,14,15,18,19
130,8,9,13,14,15,18,19
131,8,9,10,13,14,15,18,19,20
132,8,9,10,13,14,15,18,19,20
133,8,9,10,13,14,15,18,19,20
134,8,9,10,13,14,15,18,19,20
135,8,9,10,13,14,15,18,19,20
136,8,9,10,13,14,15,18,19,20
137,8,9,10,13,14,15,18,19,20
138,8,9,10,13,14,15,18,19,20
139,8,9,10,13,14,15,18,19,20
140,8,9,10,13,14,15,18,19,20
141,8,9,10,13,14,15,18,19,20
142,8,9,10,13,14,15,18,19,20
143,8,9,10,13,14,15,18,19,20
144,8,9,10,13,14,15,18,19,20
145,8,9,10,13,14,15,18,19,20
146,8,9,10,13,14,15,18,19,20
147,4,8,9,10,13,14,15,18,19,20
148,4,8,9,10,13,14,15,18,19,20
149,4,8,9,10,13,14,15,18,19
150,4,8,9,10,13,14,15,18,19
151,4,8,9,10,13,14,15,18,19
152,4,8,9,10,13,14,15,18,19
153,4,8,9,10,13,14,15,18,19
154,4,8,9,10,13,14,15,18,19
155,4,8,9,10,13,14,15,18,19,20
156,4,8,9,10,13,14,15,18,19,20
157,4,8,9,10,13,14,15,18,19,20
158,4,8,9,10,13,14,15,18,19,20
159,4,8,9,10,13,14,15,18,19,20
160,4,8,9,10,13,14,15,18,19,20
161,4,8,9,10,13,14,15,18,19,20
162,4,8,9,10,13,14,15,18,19,20
163,4,8,9,10,13,14,15,18,19,20
164,4,8,9,10,13,14,15,18,19,20
165,4,8,9,10,13,14,15,18,19,20
166,4,8,9,10,13,14,15,18,19,20
167,4,8,9,10,13,14,15,18,19
168,4,8,9,10,13,14,15,18,19
169,4,8,9,10,13,14,15,18,19
170,4,8,9,10,13,14,15,18,19
171,4,8,9,10,13,14,15,18,19
172,4,8,9,10,13,14,15,18,19
173,4,8,9,10,13,14,15,18,19
174,4,8,9,10,13,14,15,18,19
175,4,8,9,10,13,14,15,18,19
176,4,8,9,10,13,14,15,18,19
177,3,4,8,9,10,13,14,15,18,19
178,3,4,8,9,10,13,14,15,18,19
179,3,4,8,9,10,13,14,15,18,19
180,3,4,8,9,10,13,14,15,18,19
181,3,4,8,9,10,13,14,18,19
182,3,4,8,9,10,13,14,18,19
183,3,4,8,9,10,13,14,18,19
184,3,4,8,9,10,13,14,18,19
185,3,4,8,9,10,13,14,18,19
186,3,4,8,9,10,13,14,18,19
187,3,4,8,9,13,14,18,19
188,3,4,8,9,13,14,18,19
189,3,4,8,9,13,14,18,19
190,3,4,8,9,13,14,18,19
191,3,4,8,9,13,14,18,19
192,3,4,8,9,13,14,18,19
193,3,4,8,9,13,14,18,19
194,3,4,8,9,13,14,18,19
195,3,4,8,9,13,14,18,19
196,3,4,8,9,13,14,18,19
197,3,4,8,9,13,14,18,19
198,3,4,8,9,13,14,18,19
199,3,4,8,9,13,14,18,19
200,3,4,8,9,13,14,18,19
201,3,4,8,9,13,14,18,19
202,3,4,8,9,13,14,18,19
203,3,4,8,9,13,14,18,19
204,3,4,8,9,13,14,18,19
205,3,4,8,9,13,14,18,19
206,3,4,8,9,13,14,18,19
207,3,4,8,9,13,14,18,19
208,3,4,8,9,13,14,18,19
209,3,4,8,9,13,14,18,19
210,3,4,8,9,13,14,18,19
211,3,4,8,9,13,14,18,19
212,3,4,8,9,13,14,18,19
213,3,8,9,13,14,18,19
214,3,8,9,13,14,18,19
215,3,8,9,13,14,18,19
216,3,8,9,13,14,18,19
217,3,8,9,13,14,18,19
218,3,8,9,13,14,18,19
219,8,9,13,14,18,19
220,8,9,13,14,18,19
221,8,9,12,13,14,18,19
222,8,9,12,13,14,18,19
223,7,8,9,12,13,14,17,18,19,23
224,7,8,9,12,13,14,17,18,19,23
225,7,8,9,12,13,14,17,18,19,23
226,7,8,9,12,13,14,17,18,19,23
227,7,8,9,12,13,14,17,18,19,23
228,7,8,9,12,13,14,17,18,19,23
229,7,8,9,12,13,14,17,18,19,23
230,7,8,9,12,13,14,17,18,19,23
231,7,8,9,12,13,14,17,18,19,23
232,7,8,9,12,13,14,17,18,19,23
233,7,8,9,12,13,14,17,18,19,23
234,7,8,9,12,13,14,17,18,19,23
235,7,8,9,12,13,14,17,18,19,23
236,7,8,9,12,13,14,17,18,19,23
237,7,8,9,12,13,14,17,18,19,23
238,7,8,9,12,13,14,17,18,19,23
239,7,8,9,12,13,14,17,18,19,23
240,7,8,9,12,13,14,17,18,19,23
241,7,8,9,12,13,14,17,18,19,23
242,7,8,9,12,13,14,17,18,19,23
243,7,8,9,12,13,14,17,18,19,23
244,7,8,9,12,13,14,17,18,19,23
245,7,8,9,12,13,14,17,18,19,23
246,7,8,9,12,13,14,17,18,19,23
247,7,8,9,12,13,14,17,18,19,23
248,7,8,9,12,13,14,17,18,19,23
249,7,8,9,12,13,14,17,18,19,23
250,7,8,9,12,13,14,17,18,19,23
251,7,8,9,12,13,14,17,18,19,23
252,7,8,9,12,13,14,17,18,19,23
253,7,8,9,12,13,14,17,18,19,23
254,7,8,9,12,13,14,17,18,19,23
255,7,8,12,13,14,17,18,19,23
256,7,8,12,13,14,17,18,19,23
257,7,8,12,13,14,17,18,19,23
258,7,8,12,13,14,17,18,19,23
259,7,8,12,13,14,17,18,19,23
260,7,8,12,13,14,17,18,19,23
261,7,8,12,13,14,17,18,19,23
262,7,8,12,13,14,17,18,19,23
263,7,8,12,13,14,17,18,19,23
264,7,8,12,13,14,17,18,19,23
265,7,8,12,13,14,17,18,19,22,23
266,7,8,12,13,14,17,18,19,22,23
267,7,8,12,13,14,17,18,19,22,23
268,7,8,12,13,14,17,18,19,22,23
269,7,8,12,13,14,17,18,19,22,23
270,7,8,12,13,14,17,18,19,22,23
271,7,8,12,13,14,17,18,19,22,23
272,7,8,12,13,14,17,18,19,22,23
273,7,8,12,13,14,17,18,19,22,23
274,7,8,12,13,14,17,18,19,22,23
275,7,8,12,13,14,17,18,19,22,23
276,7,8,12,13,14,17,18,19,22,23
277,7,8,12,13,14,17,18,19,22,23
278,7,8,12,13,14,17,18,19,22,23
279,7,8,12,13,14,17,18,19,22,23
280,7,8,12,13,14,17,18,19,22,23
281,7,8,12,13,14,17,18,19,22,23
282,7,8,12,13,14,17,18,19,22,23
283,7,8,12,13,14,17,18,19,22,23
284,7,8,12,13,14,17,18,19,22,23
285,7,8,12,13,14,17,18,19,22,23
286,7,8,12,13,14,17,18,19,22,23
287,7,8,12,13,14,17,18,19,22,23
288,7,8,12,13,14,17,18,19,22,23
289,7,8,12,13,14,17,18,19,22,23
290,7,8,12,13,14,17,18,19,22,23
291,7,8,12,13,14,17,18,19,23
292,7,8,12,13,14,17,18,19,23
293,7,8,12,13,14,17,18,19,23
294,7,8,12,13,14,17,18,19,23
295,7,8,12,13,14,17,18,19,23
296,7,8,12,13,14,17,18,19,23
297,7,8,12,13,14,17,18,19,23
298,7,8,12,13,14,17,18,19,23
299,7,8,12,13,14,17,18,19,23
300,7,8,12,13,14,17,18,19,23
301,7,8,12,13,14,17,18,19,23
302,7,8,12,13,14,17,18,19,23
303,7,8,12,13,14,17,18,19,23
304,7,8,12,13,14,17,18,19,23
305,7,8,12,13,14,17,18,19,23
306,7,8,12,13,14,17,18,19,23
307,7,8,9,12,13,14,17,18,19,23
308,7,8,9,12,13,14,17,18,19,23
309,7,8,9,12,13,14,17,18,19,23
310,7,8,9,12,13,14,17,18,19,23
311,7,8,9,12,13,14,17,18,19,23
312,7,8,9,12,13,14,17,18,19,23
313,7,8,9,12,13,14,17,18,19,23
314,7,8,9,12,13,14,17,18,19,23
315,7,8,9,12,13,14,17,18,19,23
316,7,8,9,12,13,14,17,18,19,23
317,7,8,9,12,13,14,17,18,19,23
318,7,8,9,12,13,14,17,18,19,23
319,7,8,9,12,13,14,17,18,19,23
320,7,8,9,12,13,14,17,18,19,23
321,7,8,9,12,13,14,17,18,19,23
322,7,8,9,12,13,14,17,18,19,23
323,7,8,9,12,13,14,17,18,19,23
324,7,8,9,12,13,14,17,18,19,23
325,7,8,9,12,13,14,17,18,19,23
326,7,8,9,12,13,14,17,18,19,23
327,7,8,9,12,13,14,17,18,19,23
328,7,8,9,12,13,14,17,18,19,23
329,7,8,9,12,13,14,17,18,19,23
330,7,8,9,12,13,14,17,18,19,23
331,7,8,9,12,13,14,17,18,19,23
332,7,8,9,12,13,14,17,18,19,23
333,7,8,12,13,14,17,18,19,23
334,7,8,12,13,14,17,18,19,23
335,7,8,12,13,14,17,18,19,23
336,7,8,12,13,14,17,18,19,23
337,7,8,12,13,14,17,18,19,22,23
338,7,8,12,13,14,17,18,19,22,23
339,7,8,12,13,14,17,18,19,22,23
340,7,8,12,13,14,17,18,19,22,23
341,7,8,12,13,17,18,22,23
342,7,8,12,13,17,18,22,23
343,7,8,12,13,17,18,22,23
344,7,8,12,13,17,18,22,23
345,7,8,12,13,17,18,22,23
346,7,8,12,13,17,18,22,23
347,7,8,12,13,17,18,22,23
348,7,8,12,13,17,18,22,23
349,7,8,12,13,17,18,22,23
350,7,8,12,13,17,18,22,23
351,7,8,12,13,17,18,22,23
352,7,8,12,13,17,18,22,23
353,7,8,12,13,17,18,22,23
354,7,8,12,13,17,18,22,23
355,7,8,12,13,17,18,22,23
356,7,8,12,13,17,18,22,23
357,7,8,12,13,17,18,22,23
358,7,8,12,13,17,18,22,23
359,7,8,12,13,17,18,22,23
360,7,8,12,13,17,18,22,23
361,7,8,12,13,17,18,22,23
362,7,8,12,13,17,18,22,23
363,7,8,12,13,17,18,22,23
364,7,8,12,13,17,18,22,23
365,7,8,12,13,17,18,22,23
366,7,8,12,13,17,18,22,23
367,7,8,12,13,17,18,22,23
368,7,8,12,13,17,18,22,23
369,7,8,12,13,17,18,22,23
370,7,8,12,13,17,18,22,23
371,7,8,12,13,17,18,22,23
372,7,8,12,13,17,18,22,23
373,7,8,12,13,17,18,22,23
374,7,8,12,13,17,18,22,23
375,7,8,12,13,17,18,22,23
376,7,8,12,13,17,18,22,23
377,7,8,12,13,17,18,22,23
378,7,8,12,13,17,18,22,23
379,7,8,12,13,17,18,22,23
380,7,8,12,13,17,18,22,23
381,7,8,12,13,17,18,22,23
382,7,8,12,13,17,18,22,23
383,7,8,12,13,17,18,22,23
384,7,8,12,13,17,18,22,23
385,7,8,12,13,17,18,22,23
386,7,8,12,13,17,18,22,23
387,7,8,12,13,17,18,22,23
388,7,8,12,13,17,18,22,23
389,7,8,12,13,17,18,22,23
390,7,8,12,13,17,18,22,23
391,7,8,12,13,17,18,22,23
392,7,8,12,13,17,18,22,23
393,7,8,12,13,17,18,22,23
394,7,8,12,13,17,18,22,23
395,7,8,12,13,17,18,22,23
396,7,8,12,13,17,18,22,23
397,7,8,12,13,17,18,22,23
398,7,8,12,13,17,18,22,23
399,7,8,12,13,17,18,22,23
400,7,8,12,13,17,18,22,23
401,7,8,12,13,17,18,22,23
402,7,8,12,13,17,18,22,23
403,7,8,12,13,17,18,22,23
404,7,8,12,13,17,18,22,23
405,7,8,12,13,17,18,22,23
406,7,8,12,13,17,18,22,23
407,7,8,12,13,17,18,22,23
408,7,8,12,13,17,18,22,23
409,7,8,12,13,17,18,22,23
410,7,8,12,13,17,18,22,23
411,7,8,12,13,17,18,22,23
412,7,8,12,13,17,18,22,23
413,7,8,12,13,17,18,22,23
414,7,8,12,13,17,18,22,23
415,7,8,12,13,17,18,22,23
416,7,8,12,13,17,18,22,23
417,7,8,12,13,17,18,22,23
418,7,8,12,13,17,18,22,23
419,7,8,12,13,17,18,22,23
420,7,8,12,13,17,18,22,23
421,7,8,12,13,17,18,22,23
422,7,8,12,13,17,18,22,23
423,7,8,12,13,17,18,22,23
424,7,8,12,13,17,18,22,23
425,7,8,12,13,17,18,22,23
426,7,8,12,13,17,18,22,23
427,7,8,12,13,17,18,22,23
428,7,8,12,13,17,18,22,23
429,7,8,12,13,17,18,22,23
430,7,8,12,13,17,18,22,23
431,7,8,12,13,17,18,22,23
432,7,8,12,13,17,18,22,23
433,7,8,12,13,17,18,22,23
434,7,8,12,13,17,18,22,23
435,7,8,12,13,17,18,22,23
436,7,8,12,13,17,18,22,23
437,7,8,12,13,17,18,22,23
438,7,8,12,13,17,18,22,23
439,7,8,12,13,17,18,22,23
440,7,8,12,13,17,18,22,23
441,7,8,12,13,17,18,22,23
442,7,8,12,13,17,18,22,23
443,7,8,12,13,17,18,22,23
444,7,8,12,13,17,18,22,23
445,7,8,12,13,17,18,22,23
446,7,8,12,13,17,18,22,23
447,7,8,12,13,17,18,22,23
448,7,8,12,13,17,18,22,23
449,7,8,12,13,17,18,22,23
450,7,8,12,13,17,18,22,23
451,7,8,12,13,17,18,22,23
452,7,8,12,13,17,18,22,23
453,7,8,12,13,17,18,22,23
454,7,8,12,13,17,18,22,23
455,7,8,12,13,17,18,22,23
456,7,8,12,13,17,18,22,23
457,7,8,12,13,17,18,22,23
458,7,8,12,13,17,18,22,23
459,7,8,12,13,17,18,22,23
460,7,8,12,13,17,18,22,23
461,7,8,12,13,17,18,22,23
462,7,8,12,13,17,18,22,23
463,7,8,12,13,17,18,22,23
464,7,8,12,13,17,18,22,23
465,7,8,12,13,17,18,22,23
466,7,8,12,13,17,18,22,23
467,7,8,12,13,17,18,22,23
468,7,8,12,13,17,18,22,23
469,7,8,12,13,17,18,22,23
470,7,8,12,13,17,18,22,23
471,7,8,12,13,17,18,22,23
472,7,8,12,13,17,18,22,23
473,7,8,12,13,17,18,22,23
474,7,8,12,13,17,18,22,23
475,7,8,12,13,17,18,22,23
476,7,8,12,13,17,18,22,23
477,7,8,12,13,17,18,22,23
478,7,8,12,13,17,18,22,23
479,7,8,12,13,17,18,22,23
480,7,8,12,13,17,18,22,23
481,7,8,12,13,14,17,18,22,23
482,7,8,12,13,14,17,18,22,23
483,7,8,12,13,14,17,18,19,22,23
484,7,8,12,13,14,17,18,19,22,23
485,7,8,12,13,14,17,18,19,22,23
486,7,8,12,13,14,17,18,19,22,23
487,7,8,12,13,14,17,18,19,22,23
488,7,8,12,13,14,17,18,19,22,23
489,7,8,12,13,14,17,18,19,22,23
490,7,8,12,13,14,17,18,19,22,23
491,7,8,12,13,14,17,18,19,22,23
492,7,8,12,13,14,17,18,19,22,23
493,7,8,12,13,14,17,18,19,22,23
494,7,8,12,13,14,17,18,19,22,23
495,7,8,12,13,14,17,18,19,22,23
496,7,8,12,13,14,17,18,19,22,23
497,7,8,12,13,14,17,18,19,22,23
498,7,8,12,13,14,17,18,19,22,23
499,7,8,12,13,14,17,18,19,22,23
500,7,8,12,13,14,17,18,19,22,23
501,7,8,12,13,14,17,18,19,22,23
502,7,8,12,13,14,17,18,19,22,23
503,7,8,12,13,14,17,18,19,22,23
504,7,8,12,13,14,17,18,19,22,23
505,7,8,12,13,14,17,18,19,22,23
506,7,8,12,13,14,17,18,19,22,23
507,7,8,12,13,14,17,18,19,22,23
508,7,8,12,13,14,17,18,19,22,23
509,7,8,12,13,14,17,18,19,22,23
510,7,8,12,13,14,17,18,19,22,23
511,7,8,12,13,14,17,18,19,22,23
512,7,8,12,13,14,17,18,19,22,23
513,7,8,12,13,14,17,18,19,22,23
514,7,8,12,13,14,17,18,19,22,23
515,7,8,12,13,14,17,18,19,22,23
516,7,8,12,13,14,17,18,19,22,23
517,7,8,12,13,14,17,18,19,22,23
518,7,8,12,13,14,17,18,19,22,23
519,7,8,12,13,14,17,18,19,22,23
520,7,8,12,13,14,17,18,19,22,23
521,7,8,12,13,14,17,18,19,22,23
522,7,8,12,13,14,17,18,19,22,23
523,7,8,12,13,14,17,18,19,22,23
524,7,8,12,13,14,17,18,19,22,23
525,7,8,12,13,14,17,18,19,22,23
526,7,8,12,13,14,17,18,19,22,23
527,7,8,12,13,14,17,18,19,22,23
528,7,8,12,13,14,17,18,19,22,23
529,7,8,12,13,14,17,18,19,22,23
530,7,8,12,13,14,17,18,19,22,23
531,7,8,12,13,14,17,18,19,22,23
532,7,8,12,13,14,17,18,19,22,23
533,7,8,12,13,14,17,18,19,22,23
534,7,8,12,13,14,17,18,19,22,23
535,7,8,12,13,14,17,18,19,22,23
536,7,8,12,13,14,17,18,19,22,23
537,7,8,12,13,14,17,18,19,22,23
538,7,8,12,13,14,17,18,19,22,23
539,7,8,12,13,14,17,18,19,22,23
540,7,8,12,13,14,17,18,19,22,23
541,7,8,12,13,14,17,18,19,22,23
542,7,8,12,13,14,17,18,19,22,23
543,7,8,12,13,14,17,18,19,22,23
544,7,8,12,13,14,17,18,19,22,23
545,7,8,12,13,14,17,18,19,22,23
546,7,8,12,13,14,17,18,19,22,23
547,7,8,12,13,14,17,18,19,22,23
548,7,8,12,13,14,17,18,19,22,23
549,7,8,12,13,14,17,18,19,22,23
550,7,8,12,13,14,17,18,19,22,23
551,7,8,12,13,14,17,18,19,22,23
552,7,8,12,13,14,17,18,19,22,23
553,7,8,12,13,14,17,18,19,22,23
554,7,8,12,13,14,17,18,19,22,23
555,7,8,12,13,14,17,18,19,22,23
556,7,8,12,13,14,17,18,19,22,23
557,7,8,12,13,14,17,18,19,22,23
558,7,8,12,13,14,17,18,19,22,23
559,7,8,12,13,14,17,18,19,22,23
560,7,8,12,13,14,17,18,19,22,23
561,7,8,12,13,14,17,18,19,22,23
562,7,8,12,13,14,17,18,19,22,23
563,7,8,12,13,14,17,18,19,22,23
564,7,8,12,13,14,17,18,19,22,23
565,7,8,12,13,14,17,18,19,22,23
566,7,8,12,13,14,17,18,19,22,23
567,7,8,12,13,14,17,18,19,23
568,7,8,12,13,14,17,18,19,23
569,7,8,12,13,14,17,18,19,23
570,7,8,12,13,14,17,18,19,23
571,7,8,12,13,14,17,18,19,23
572,7,8,12,13,14,17,18,19,23
573,7,8,12,13,14,17,18,19,23
574,7,8,12,13,14,17,18,19,23
575,7,8,9,12,13,14,17,18,19,23
576,7,8,9,12,13,14,17,18,19,23
577,7,8,9,12,13,14,17,18,19,23
578,7,8,9,12,13,14,17,18,19,23
579,7,8,9,12,13,14,17,18,19,23
580,7,8,9,12,13,14,17,18,19,23
581,8,9,12,13,14,17,18,19,23
582,8,9,12,13,14,17,18,19,23
583,8,9,12,13,14,17,18,19,23
584,8,9,12,13,14,17,18,19,23
585,8,9,13,14,18,19,23
586,8,9,13,14,18,19,23
587,8,9,13,14,18,19,23,24
588,8,9,13,14,18,19,23,24
589,8,9,13,14,18,19,23,24
590,8,9,13,14,18,19,23,24
591,8,9,13,14,18,19,23,24
592,8,9,13,14,18,19,23,24
593,8,9,13,14,18,19,23,24
594,8,9,13,14,18,19,23,24
595,8,9,13,14,18,19,23,24
596,8,9,13,14,18,19,23,24
597,8,9,13,14,18,19,23,24
598,8,9,13,14,18,19,23,24
599,8,9,13,14,18,19,23,24
600,8,9,13,14,18,19,23,24
601,8,9,13,14,18,19,23,24
602,8,9,13,14,18,19,23,24
603,8,9,13,14,18,19,23,24
604,8,9,13,14,18,19,23,24
605,8,9,13,14,18,19,23,24
606,8,9,13,14,18,19,23,24
607,8,9,13,14,18,19,23,24
608,8,9,13,14,18,19,23,24
609,8,9,13,14,18,19,23,24
610,8,9,13,14,18,19,23,24
611,8,9,13,14,18,19,24
612,8,9,13,14,18,19,24
613,8,9,13,14,18,19,24
614,8,9,13,14,18,19,24
615,8,9,13,14,18,19,24
616,8,9,13,14,18,19,24
617,8,9,13,14,18,19,24
618,8,9,13,14,18,19,24
619,8,9,13,14,18,19,24
620,8,9,13,14,18,19,24
621,8,9,13,14,18,19,24
622,8,9,13,14,18,19,24
623,8,9,13,14,15,18,19,24
624,8,9,13,14,15,18,19,24
625,8,9,13,14,15,18,19,20,24
626,8,9,13,14,15,18,19,20,24
627,8,9,13,14,15,18,19,20,24
628,8,9,13,14,15,18,19,20,24
629,8,9,10,13,14,15,18,19,20,24
630,8,9,10,13,14,15,18,19,20,24
631,8,9,10,13,14,15,18,19,20,24
632,8,9,10,13,14,15,18,19,20,24
633,8,9,10,13,14,15,18,19,20,24
634,8,9,10,13,14,15,18,19,20,24
635,8,9,10,13,14,15,18,19,20,24
636,8,9,10,13,14,15,18,19,20,24
637,8,9,10,13,14,15,18,19,20,24
638,8,9,10,13,14,15,18,19,20,24
639,8,9,10,13,14,15,18,19,20,24
640,8,9,10,13,14,15,18,19,20,24
641,8,9,10,13,14,15,18,19,20,24
642,8,9,10,13,14,15,18,19,20,24
643,9,10,13,14,15,18,19,20,24
644,9,10,13,14,15,18,19,20,24
645,9,10,13,14,15,18,19,20,24
646,9,10,13,14,15,18,19,20,24
647,9,10,13,14,15,19,20,24
648,9,10,13,14,15,19,20,24
649,9,10,14,15,19,20,24
650,9,10,14,15,19,20,24
651,9,10,14,15,19,20,24
652,9,10,14,15,19,20,24
653,9,10,14,15,19,20,24
654,9,10,14,15,19,20,24
655,9,10,14,15,19,20,24,25
656,9,10,14,15,19,20,24,25
657,9,10,14,15,19,20,24,25
658,9,10,14,15,19,20,24,25
659,9,10,14,15,19,20,24,25
660,9,10,14,15,19,20,24,25
661,9,10,14,15,19,20,24,25
662,9,10,14,15,19,20,24,25
663,9,10,14,15,19,20,24,25
664,9,10,14,15,19,20,24,25
665,9,10,14,15,19,20,24,25
666,9,10,14,15,19,20,24,25
667,9,10,14,15,19,20,24,25
668,9,10,14,15,19,20,24,25
669,9,10,14,15,19,20,24,25
670,9,10,14,15,19,20,24,25
671,9,10,14,15,19,20,24,25
672,9,10,14,15,19,20,24,25
673,9,10,14,15,19,20,24,25
674,9,10,14,15,19,20,24,25
675,9,10,14,15,19,20,24,25
676,9,10,14,15,19,20,24,25
677,9,10,14,15,19,20,24,25
678,9,10,14,15,19,20,24,25
679,9,10,14,15,19,20,24,25
680,9,10,14,15,19,20,24,25
681,9,10,14,15,19,20,24,25
682,9,10,14,15,19,20,24,25
683,9,10,14,15,19,20,24,25
684,9,10,14,15,19,20,24,25
685,9,10,13,14,15,18,19,20,24
686,9,10,13,14,15,18,19,20,24
687,8,9,10,13,14,15,18,19,20,24
688,8,9,10,13,14,15,18,19,20,24
689,8,9,13,14,15,18,19,20,24
690,8,9,13,14,15,18,19,20,24
691,8,9,13,14,18,19,23,24
692,8,9,13,14,18,19,23,24
693,8,9,13,14,18,19,23,24
694,8,9,13,14,18,19,23,24
695,8,9,13,14,18,19,23,24
696,8,9,13,14,18,19,23,24
697,8,9,13,14,18,19,23,24
698,8,9,13,14,18,19,23,24
699,8,9,13,14,18,19,23,24
700,8,9,13,14,18,19,23,24
701,8,9,13,14,18,19,23,24
702,8,9,13,14,18,19,23,24
703,8,9,13,14,18,19,23,24
704,8,9,13,14,18,19,23,24
705,8,9,13,14,18,19,23,24
706,8,9,13,14,18,19,23,24
707,8,9,13,14,18,19,23,24
708,8,9,13,14,18,19,23,24
709,8,9,13,14,18,19,23,24
710,8,9,13,14,18,19,23,24
711,8,9,13,14,18,19,23
712,8,9,13,14,18,19,23
713,8,9,12,13,14,17,18,19,23
714,8,9,12,13,14,17,18,19,23
715,8,9,12,13,14,17,18,19,23
716,8,9,12,13,14,17,18,19,23
717,7,8,9,12,13,14,17,18,19,23
718,7,8,9,12,13,14,17,18,19,23
719,7,8,9,12,13,14,17,18,19,23
720,7,8,9,12,13,14,17,18,19,23
721,7,8,9,12,13,14,17,18,19,23
722,7,8,9,12,13,14,17,18,19,23
723,7,8,9,12,13,14,17,18,19,23
724,7,8,9,12,13,14,17,18,19,23
725,7,8,12,13,14,17,18,19,23
726,7,8,12,13,14,17,18,19,23
727,7,8,12,13,17,18,22,23
728,7,8,12,13,17,18,22,23
729,7,8,12,13,17,18,22,23
730,7,8,12,13,17,18,22,23
731,7,8,12,13,17,18,22,23
732,7,8,12,13,17,18,22,23
733,7,8,12,13,17,18,22,23
734,7,8,12,13,17,18,22,23
735,7,8,12,13,17,18,22,23
736,7,8,12,13,17,18,22,23
737,7,8,11,12,13,16,17,18,22,23
738,7,8,11,12,13,16,17,18,22,23
739,7,8,11,12,13,16,17,18,22,23
740,7,8,11,12,13,16,17,18,22,23
741,6,7,8,11,12,13,16,17,18,22
742,6,7,8,11,12,13,16,17,18,22
743,6,7,8,11,12,13,16,17,18,22
744,6,7,8,11,12,13,16,17,18,22
745,7,8,11,12,13,16,17,18,22
746,7,8,11,12,13,16,17,18,22
747,7,8,11,12,13,16,17,18,22,23
748,7,8,11,12,13,16,17,18,22,23
749,7,8,11,12,13,16,17,18,22,23
750,7,8,11,12,13,16,17,18,22,23
751,7,8,12,13,17,18,22,23
752,7,8,12,13,17,18,22,23
753,7,8,12,13,17,18,22,23
754,7,8,12,13,17,18,22,23
755,7,8,12,13,17,18,22,23
756,7,8,12,13,17,18,22,23
757,7,8,12,13,17,18,22,23
758,7,8,12,13,17,18,22,23
759,7,8,12,13,17,18,22,23
760,7,8,12,13,17,18,22,23
761,7,8,12,13,17,18,22,23
762,7,8,12,13,17,18,22,23
763,7,8,12,13,14,17,18,19,22,23
764,7,8,12,13,14,17,18,19,22,23
765,7,8,12,13,14,17,18,19,22,23
766,7,8,12,13,14,17,18,19,22,23
767,7,8,12,13,14,17,18,19,23
768,7,8,12,13,14,17,18,19,23
769,7,8,12,13,14,17,18,19,23
770,7,8,12,13,14,17,18,19,23
771,7,8,9,12,13,14,17,18,19,23
772,7,8,9,12,13,14,17,18,19,23
773,7,8,9,12,13,14,17,18,19,23
774,7,8,9,12,13,14,17,18,19,23
775,7,8,9,12,13,14,17,18,19,23
776,7,8,9,12,13,14,17,18,19,23
777,7,8,9,12,13,14,17,18,19,23
778,7,8,9,12,13,14,17,18,19,23
779,7,8,9,12,13,14,17,18,19,23
780,7,8,9,12,13,14,17,18,19,23
781,7,8,9,12,13,14,17,18,19,23
782,7,8,9,12,13,14,17,18,19,23
783,7,8,9,12,13,14,17,18,19,23
784,7,8,9,12,13,14,17,18,19,23
785,7,8,9,12,13,14,17,18,19,23
786,7,8,9,12,13,14,17,18,19,23
787,7,8,9,12,13,14,17,18,19,23
788,7,8,9,12,13,14,17,18,19,23
789,7,8,9,12,13,14,17,18,19,23
790,7,8,9,12,13,14,17,18,19,23
791,7,8,9,12,13,14,17,18,19,23
792,7,8,9,12,13,14,17,18,19,23
793,7,8,9,12,13,14,17,18,19,23
794,7,8,9,12,13,14,17,18,19,23
795,7,8,9,12,13,14,17,18,19,23
796,7,8,9,12,13,14,17,18,19,23
797,7,8,12,13,14,17,18,19,22,23
798,7,8,12,13,14,17,18,19,22,23
799,7,8,12,13,14,17,18,19,22,23,24
800,7,8,12,13,14,17,18,19,22,23,24
801,7,8,12,13,14,17,18,19,22,23,24
802,7,8,12,13,14,17,18,19,22,23,24
803,8,12,13,14,17,18,19,22,23,24
804,8,12,13,14,17,18,19,22,23,24
805,8,12,13,14,17,18,19,22,23,24
806,8,12,13,14,17,18,19,22,23,24
807,8,12,13,14,17,18,19,22,23,24
808,8,12,13,14,17,18,19,22,23,24
809,8,12,13,14,17,18,19,22,23,24
810,8,12,13,14,17,18,19,22,23,24
811,8,12,13,14,17,18,19,22,23,24
812,8,12,13,14,17,18,19,22,23,24
813,8,12,13,14,17,18,19,22,23,24
814,8,12,13,14,17,18,19,22,23,24
815,8,12,13,14,17,18,19,22,23,24
816,8,12,13,14,17,18,19,22,23,24
817,8,12,13,14,17,18,19,22,23,24
818,8,12,13,14,17,18,19,22,23,24
819,8,12,13,14,17,18,19,22,23,24
820,8,12,13,14,17,18,19,22,23,24
821,8,12,13,14,17,18,19,22,23,24
822,8,12,13,14,17,18,19,22,23,24
823,8,12,13,14,17,18,19,22,23,24
824,8,12,13,14,17,18,19,22,23,24
825,8,12,13,14,17,18,19,22,23,24
826,8,12,13,14,17,18,19,22,23,24
827,8,12,13,14,17,18,19,22,23,24
828,8,12,13,14,17,18,19,22,23,24
829,8,12,13,14,17,18,19,22,23,24
830,8,12,13,14,17,18,19,22,23,24
831,8,12,13,14,17,18,19,22,23,24
832,8,12,13,14,17,18,19,22,23,24
833,8,12,13,14,17,18,19,22,23,24
834,8,12,13,14,17,18,19,22,23,24
835,8,12,13,14,17,18,19,22,23,24
836,8,12,13,14,17,18,19,22,23,24
837,8,12,13,14,17,18,19,22,23,24
838,8,12,13,14,17,18,19,22,23,24
839,7,8,12,13,14,17,18,19,22,23,24
840,7,8,12,13,14,17,18,19,22,23,24
841,7,8,12,13,14,17,18,19,22,23,24
842,7,8,12,13,14,17,18,19,22,23,24
843,7,8,12,13,14,17,18,19,22,23
844,7,8,12,13,14,17,18,19,22,23
845,7,8,12,13,14,17,18,19,22,23
846,7,8,12,13,14,17,18,19,22,23
847,7,8,12,13,14,17,18,19,22,23
848,7,8,12,13,14,17,18,19,22,23
849,7,8,12,13,14,17,18,19,22,23
850,7,8,12,13,14,17,18,19,22,23
851,7,8,12,13,14,17,18,19,22,23
852,7,8,12,13,14,17,18,19,22,23
853,7,8,12,13,14,17,18,19,22,23
854,7,8,12,13,14,17,18,19,22,23
855,7,8,9,12,13,14,17,18,19,22,23,24
856,7,8,9,12,13,14,17,18,19,22,23,24
857,7,8,9,12,13,14,17,18,19,22,23,24
858,7,8,9,12,13,14,17,18,19,22,23,24
859,7,8,9,12,13,14,17,18,19,22,23,24
860,7,8,9,12,13,14,17,18,19,22,23,24
861,7,8,9,12,13,14,17,18,19,22,23,24
862,7,8,9,12,13,14,17,18,19,22,23,24
863,7,8,9,12,13,14,17,18,19,22,23,24
864,7,8,9,12,13,14,17,18,19,22,23,24
865,8,9,12,13,14,17,18,19,22,23,24
866,8,9,12,13,14,17,18,19,22,23,24
867,8,9,12,13,14,17,18,19,22,23,24
868,8,9,12,13,14,17,18,19,22,23,24
869,8,9,12,13,14,17,18,19,22,23,24
870,8,9,12,13,14,17,18,19,22,23,24
871,8,9,12,13,14,17,18,19,22,23,24
872,8,9,12,13,14,17,18,19,22,23,24
873,8,9,12,13,14,17,18,19,22,23,24
874,8,9,12,13,14,17,18,19,22,23,24
875,8,9,12,13,14,17,18,19,22,23,24
876,8,9,12,13,14,17,18,19,22,23,24
877,8,9,12,13,14,17,18,19,22,23,24
878,8,9,12,13,14,17,18,19,22,23,24
879,8,9,12,13,14,17,18,19,22,23,24
880,8,9,12,13,14,17,18,19,22,23,24
881,7,8,9,12,13,14,17,18,19,22,23,24
882,7,8,9,12,13,14,17,18,19,22,23,24
883,7,8,9,12,13,14,17,18,19,22,23,24
884,7,8,9,12,13,14,17,18,19,22,23,24
885,7,8,9,12,13,14,17,18,19,22,23
886,7,8,9,12,13,14,17,18,19,22,23
887,7,8,9,12,13,14,17,18,19,23
888,7,8,9,12,13,14,17,18,19,23
889,7,8,9,12,13,14,17,18,19,23
890,7,8,9,12,13,14,17,18,19,23
891,7,8,9,12,13,14,17,18,19,23
892,7,8,9,12,13,14,17,18,19,23
893,7,8,12,13,14,17,18,19,23
894,7,8,12,13,14,17,18,19,23
895,7,8,12,13,14,17,18,19,23
896,7,8,12,13,14,17,18,19,23
897,7,8,12,13,14,17,18,19,23
898,7,8,12,13,14,17,18,19,23
899,7,8,12,13,14,17,18,19,23
900,7,8,12,13,14,17,18,19,23
901,7,8,12,13,14,17,18,19,23
902,7,8,12,13,14,17,18,19,23
903,7,8,12,13,14,17,18,19,23
904,7,8,12,13,14,17,18,19,23
905,7,8,12,13,14,17,18,19,23
906,7,8,12,13,14,17,18,19,23
907,7,8,12,13,14,17,18,19,23
908,7,8,12,13,14,17,18,19,23
909,7,8,12,13,14,17,18,19,23
910,7,8,12,13,14,17,18,19,23
911,7,8,12,13,14,17,18,19,23
912,7,8,12,13,14,17,18,19,23
913,7,8,12,13,14,17,18,19,23
914,7,8,12,13,14,17,18,19,23
915,7,8,12,13,14,17,18,19,23
916,7,8,12,13,14,17,18,19,23
917,7,8,9,12,13,14,17,18,19,23
918,7,8,9,12,13,14,17,18,19,23
919,7,8,9,12,13,14,17,18,19,23
920,7,8,9,12,13,14,17,18,19,23
921,7,8,9,12,13,14,17,18,19,23
922,7,8,9,12,13,14,17,18,19,23
923,7,8,9,12,13,14,17,18,19,23
924,7,8,9,12,13,14,17,18,19,23
925,7,8,9,12,13,14,17,18,19,23
926,7,8,9,12,13,14,17,18,19,23
927,7,8,9,12,13,14,17,18,19,23
928,7,8,9,12,13,14,17,18,19,23
929,7,8,9,12,13,14,17,18,19,23
930,7,8,9,12,13,14,17,18,19,23
931,7,8,9,12,13,14,17,18,19,23
932,7,8,9,12,13,14,17,18,19,23
933,7,8,9,12,13,14,17,18,19,23
934,7,8,9,12,13,14,17,18,19,23
935,8,9,12,13,14,17,18,19,23
936,8,9,12,13,14,17,18,19,23
937,8,9,12,13,14,17,18,19,23
938,8,9,12,13,14,17,18,19,23
939,8,9,12,13,14,17,18,19,23
940,8,9,12,13,14,17,18,19,23
941,8,9,12,13,14,17,18,19,23
942,8,9,12,13,14,17,18,19,23
943,8,9,12,13,14,17,18,19,23
944,8,9,12,13,14,17,18,19,23
945,8,9,12,13,14,17,18,19,23
946,8,9,12,13,14,17,18,19,23
947,8,9,12,13,14,17,18,19,23
948,8,9,12,13,14,17,18,19,23
949,8,9,12,13,14,17,18,19,23
950,8,9,12,13,14,17,18,19,23
951,8,9,12,13,14,17,18,19,23
952,8,9,12,13,14,17,18,19,23
953,8,9,12,13,14,17,18,19,23
954,8,9,12,13,14,17,18,19,23
955,8,9,12,13,14,17,18,19,23
956,8,9,12,13,14,17,18,19,23
957,8,9,12,13,14,17,18,19,23
958,8,9,12,13,14,17,18,19,23
959,8,9,12,13,14,18,19,23
960,8,9,12,13,14,18,19,23
961,8,9,13,14,18,19,23,24
962,8,9,13,14,18,19,23,24
963,8,9,13,14,18,19,23,24
964,8,9,13,14,18,19,23,24
965,8,9,13,14,18,19,23,24
966,8,9,13,14,18,19,23,24
967,8,9,13,14,18,19,23,24
968,8,9,13,14,18,19,23,24
969,8,9,13,14,18,19,23,24
970,8,9,13,14,18,19,23,24
971,8,9,13,14,18,19,23,24
972,8,9,13,14,18,19,23,24
973,8,9,13,14,18,19,23,24
974,8,9,13,14,18,19,23,24
975,8,9,13,14,18,19,23,24
976,8,9,13,14,18,19,23,24
977,8,9,13,14,18,19,23,24
978,8,9,13,14,18,19,23,24
979,8,9,13,14,18,19,23,24
980,8,9,13,14,18,19,23,24
981,8,9,13,14,18,19,23,24
982,8,9,13,14,18,19,23,24
983,8,9,13,14,18,19,23,24
984,8,9,13,14,18,19,23,24
985,8,9,13,14,18,19,23,24
986,8,9,13,14,18,19,23,24
987,8,9,12,13,14,17,18,19,23
988,8,9,12,13,14,17,18,19,23
989,8,9,12,13,14,17,18,19,23
990,8,9,12,13,14,17,18,19,23
991,7,8,9,12,13,14,17,18,19,23
992,7,8,9,12,13,14,17,18,19,23
993,7,8,9,12,13,14,17,18,19,23
994,7,8,9,12,13,14,17,18,19,23
995,7,8,9,12,13,14,17,18,19,23
996,7,8,9,12,13,14,17,18,19,23
997,7,8,9,12,13,14,17,18,19,23
998,7,8,9,12,13,14,17,18,19,23
999,7,8,9,12,13,14,17,18,19,23
1000,7,8,9,12,13,14,17,18,19,23
1001,7,8,9,12,13,14,17,18,19,23
1002,7,8,9,12,13,14,17,18,19,23
1003,7,8,9,12,13,14,17,18,19,23
1004,7,8,9,12,13,14,17,18,19,23
1005,7,8,9,12,13,14,17,18,19,23
1006,7,8,9,12,13,14,17,18,19,23
1007,7,8,9,12,13,14,17,18,19,23
1008,7,8,9,12,13,14,17,18,19,23
1009,7,8,9,12,13,14,17,18,19,23
1010,7,8,9,12,13,14,17,18,19,23
1011,7,8,9,12,13,14,17,18,19,23
1012,7,8,9,12,13,14,17,18,19,23
1013,7,8,9,12,13,14,17,18,19,23
1014,7,8,9,12,13,14,17,18,19,23
1015,7,8,9,12,13,14,17,18,19,23
1016,7,8,9,12,13,14,17,18,19,23
1017,7,8,9,12,13,14,17,18,19,23
1018,7,8,9,12,13,14,17,18,19,23
1019,7,8,9,12,13,14,17,18,19,23
1020,7,8,9,12,13,14,17,18,19,23
1021,7,8,9,12,13,14,17,18,19
1022,7,8,9,12,13,14,17,18,19
1023,7,8,9,12,13,14,17,18,19
1024,7,8,9,12,13,14,17,18,19
1025,3,7,8,9,12,13,14,17,18,19
1026,3,7,8,9,12,13,14,17,18,19
1027,3,7,8,9,12,13,14,17,18,19
1028,3,7,8,9,12,13,14,17,18,19
1029,3,7,8,9,12,13,14,17,18,19
1030,3,7,8,9,12,13,14,17,18,19
1031,3,7,8,9,12,13,14,17,18,19
1032,3,7,8,9,12,13,14,17,18,19
1033,3,7,8,9,12,13,14,17,18,19
1034,3,7,8,9,12,13,14,17,18,19
1035,3,7,8,9,12,13,14,17,18,19
1036,3,7,8,9,12,13,14,17,18,19
1037,3,7,8,9,12,13,14,17,18,19
1038,3,7,8,9,12,13,14,17,18,19
1039,3,7,8,9,12,13,14,17,18,19
1040,3,7,8,9,12,13,14,17,18,19
1041,3,4,7,8,9,12,13,14,18,19
1042,3,4,7,8,9,12,13,14,18,19
1043,3,4,7,8,9,12,13,14,18,19
1044,3,4,7,8,9,12,13,14,18,19
1045,3,4,7,8,9,12,13,14,18,19
1046,3,4,7,8,9,12,13,14,18,19
1047,3,4,7,8,9,12,13,14,18,19
1048,3,4,7,8,9,12,13,14,18,19
1049,3,4,7,8,9,12,13,14,18
1050,3,4,7,8,9,12,13,14,18
1051,3,4,7,8,9,12,13,14,18,19
1052,3,4,7,8,9,12,13,14,18,19
1053,3,4,7,8,9,12,13,14,18,19
1054,3,4,7,8,9,12,13,14,18,19
1055,3,4,7,8,9,12,13,14,18,19
1056,3,4,7,8,9,12,13,14,18,19
1057,3,4,7,8,9,12,13,14,18,19
1058,3,4,7,8,9,12,13,14,18,19
1059,3,4,7,8,9,12,13,14,18,19
1060,3,4,7,8,9,12,13,14,18,19
1061,2,3,4,7,8,9,12,13,14,18
1062,2,3,4,7,8,9,12,13,14,18
1063,2,3,4,7,8,9,12,13,14,18
1064,2,3,4,7,8,9,12,13,14,18
1065,2,3,4,7,8,9,12,13,14,18,19
1066,2,3,4,7,8,9,12,13,14,18,19
1067,2,3,4,7,8,9,12,13,14,18,19
1068,2,3,4,7,8,9,12,13,14,18,19
1069,3,4,7,8,9,12,13,14,18,19
1070,3,4,7,8,9,12,13,14,18,19
1071,3,4,7,8,9,12,13,14,18,19
1072,3,4,7,8,9,12,13,14,18,19
1073,3,4,7,8,9,12,13,14,18,19
1074,3,4,7,8,9,12,13,14,18,19
1075,3,4,7,8,9,12,13,14,18,19
1076,3,4,7,8,9,12,13,14,18,19
1077,3,4,7,8,9,12,13,14,18,19
1078,3,4,7,8,9,12,13,14,18,19
1079,3,7,8,9,12,13,14,18,19
1080,3,7,8,9,12,13,14,18,19
1081,3,7,8,9,12,13,14,18,19
1082,3,7,8,9,12,13,14,18,19
1083,3,7,8,9,12,13,14,17,18,19
1084,3,7,8,9,12,13,14,17,18,19
1085,3,7,8,9,12,13,14,17,18,19
1086,3,7,8,9,12,13,14,17,18,19
1087,3,7,8,9,12,13,14,17,18,19
1088,3,7,8,9,12,13,14,17,18,19
1089,3,7,8,9,12,13,14,17,18,19
1090,3,7,8,9,12,13,14,17,18,19
1091,3,7,8,9,12,13,14,17,18,19
1092,3,7,8,9,12,13,14,17,18,19
1093,3,7,8,9,12,13,14,17,18,19
1094,3,7,8,9,12,13,14,17,18,19
1095,3,7,8,9,12,13,14,17,18,19
1096,3,7,8,9,12,13,14,17,18,19
1097,3,7,8,9,12,13,14,17,18,19
1098,3,7,8,9,12,13,14,17,18,19
1099,3,7,8,9,12,13,14,17,18,19
1100,3,7,8,9,12,13,14,17,18,19
1101,3,7,8,9,12,13,14,17,18
1102,3,7,8,9,12,13,14,17,18
1103,3,7,8,9,12,13,14,17,18
1104,3,7,8,9,12,13,14,17,18
1105,3,7,8,9,12,13,14,17,18
1106,3,7,8,9,12,13,14,17,18
1107,3,7,8,9,12,13,14,17,18
1108,3,7,8,9,12,13,14,17,18
1109,3,7,8,9,12,13,14,17,18
1110,3,7,8,9,12,13,14,17,18
1111,3,7,8,9,12,13,14,17,18
1112,3,7,8,9,12,13,14,17,18
1113,3,7,8,9,12,13,14,17,18
1114,3,7,8,9,12,13,14,17,18
1115,3,7,8,9,12,13,14,17,18
1116,3,7,8,9,12,13,14,17,18
1117,3,7,8,9,12,13,14,17,18
1118,3,7,8,9,12,13,14,17,18
1119,3,7,8,9,12,13,14,17,18
1120,3,7,8,9,12,13,14,17,18
1121,3,7,8,9,12,13,14,17,18
1122,3,7,8,9,12,13,14,17,18
1123,3,7,8,9,12,13,14,17,18
1124,3,7,8,9,12,13,14,17,18
1125,3,7,8,9,12,13,14,17,18
1126,3,7,8,9,12,13,14,17,18
1127,3,7,8,9,12,13,14,17,18
1128,3,7,8,9,12,13,14,17,18
1129,3,7,8,9,12,13,14,17,18
1130,3,7,8,9,12,13,14,17,18
1131,3,7,8,9,12,13,14,17,18
1132,3,7,8,9,12,13,14,17,18
1133,3,7,8,9,12,13,14,17,18
1134,3,7,8,9,12,13,14,17,18
1135,3,7,8,9,12,13,14,17,18
1136,3,7,8,9,12,13,14,17,18
1137,3,7,8,9,12,13,14,17,18
1138,3,7,8,9,12,13,14,17,18
1139,3,7,8,9,12,13,14,17,18
1140,3,7,8,9,12,13,14,17,18
1141,3,7,8,9,12,13,14,17,18
1142,3,7,8,9,12,13,14,17,18
1143,3,7,8,9,12,13,14,17,18
1144,3,7,8,9,12,13,14,17,18
1145,3,4,7,8,9,12,13,14,17,18
1146,3,4,7,8,9,12,13,14,17,18
1147,3,4,7,8,9,12,13,14,17,18
1148,3,4,7,8,9,12,13,14,17,18
1149,3,4,7,8,9,12,13,14,17,18
1150,3,4,7,8,9,12,13,14,17,18
1151,3,7,8,9,12,13,14,17,18
1152,3,7,8,9,12,13,14,17,18
1153,3,7,8,9,12,13,14,17,18
1154,3,7,8,9,12,13,14,17,18
1155,3,7,8,9,12,13,14,17,18,19
1156,3,7,8,9,12,13,14,17,18,19
1157,3,7,8,9,12,13,14,17,18,19
1158,3,7,8,9,12,13,14,17,18,19
1159,3,7,8,9,12,13,14,17,18,19
1160,3,7,8,9,12,13,14,17,18,19
1161,3,7,8,9,12,13,14,17,18,19
1162,3,7,8,9,12,13,14,17,18,19
1163,3,7,8,9,12,13,14,17,18,19
1164,3,7,8,9,12,13,14,17,18,19
1165,3,7,8,9,12,13,14,17,18,19
1166,3,7,8,9,12,13,14,17,18,19
1167,3,7,8,9,12,13,14,17,18,19
1168,3,7,8,9,12,13,14,17,18,19
1169,3,7,8,9,12,13,14,17,18,19
1170,3,7,8,9,12,13,14,17,18,19
1171,3,7,8,9,12,13,14,17,18,19
1172,3,7,8,9,12,13,14,17,18,19
1173,3,7,8,9,12,13,14,17,18,19
1174,3,7,8,9,12,13,14,17,18,19
1175,3,7,8,9,12,13,14,17,18,19
1176,3,7,8,9,12,13,14,17,18,19
1177,3,7,8,9,12,13,14,17,18,19
1178,3,7,8,9,12,13,14,17,18,19
1179,3,7,8,9,12,13,14,17,18,19
1180,3,7,8,9,12,13,14,17,18,19
1181,3,7,8,9,12,13,14,17,18,19
1182,3,7,8,9,12,13,14,17,18,19
1183,3,7,8,9,12,13,14,17,18,19
1184,3,7,8,9,12,13,14,17,18,19
1185,3,7,8,9,12,13,14,17,18,19
1186,3,7,8,9,12,13,14,17,18,19
1187,3,7,8,9,12,13,14,17,18,19
1188,3,7,8,9,12,13,14,17,18,19
1189,3,7,8,9,12,13,14,17,18,19
1190,3,7,8,9,12,13,14,17,18,19
1191,3,7,8,9,12,13,14,17,18,19
1192,3,7,8,9,12,13,14,17,18,19
1193,3,7,8,9,12,13,14,17,18,19
1194,3,7,8,9,12,13,14,17,18,19
1195,3,7,8,9,12,13,14,17,18,19
1196,3,7,8,9,12,13,14,17,18,19
1197,3,7,8,9,12,13,14,17,18,19
1198,3,7,8,9,12,13,14,17,18,19
1199,3,7,8,9,12,13,14,17,18,19
1200,3,7,8,9,12,13,14,17,18,19
1201,7,8,9,12,13,14,17,18,19
1202,7,8,9,12,13,14,17,18,19
1203,3,7,8,9,12,13,14,17,18,19
1204,3,7,8,9,12,13,14,17,18,19
1205,3,7,8,9,12,13,14,17,18,19
1206,3,7,8,9,12,13,14,17,18,19
1207,3,7,8,9,12,13,14,17,18,19
1208,3,7,8,9,12,13,14,17,18,19
1209,3,7,8,9,12,13,14,17,18,19
1210,3,7,8,9,12,13,14,17,18,19
1211,3,7,8,9,12,13,14,17,18,19
1212,3,7,8,9,12,13,14,17,18,19
1213,3,7,8,9,12,13,14,17,18,19
1214,3,7,8,9,12,13,14,17,18,19
1215,7,8,9,12,13,14,17,18,19
1216,7,8,9,12,13,14,17,18,19
1217,7,8,9,12,13,14,17,18,19
1218,7,8,9,12,13,14,17,18,19
1219,7,8,9,12,13,14,17,18,19
1220,7,8,9,12,13,14,17,18,19
1221,7,8,9,12,13,14,17,18,19
1222,7,8,9,12,13,14,17,18,19
1223,7,8,9,12,13,14,17,18,19
1224,7,8,9,12,13,14,17,18,19
1225,7,8,9,12,13,14,17,18,19
1226,7,8,9,12,13,14,17,18,19
1227,7,8,9,12,13,14,17,18,19
1228,7,8,9,12,13,14,17,18,19
1229,7,8,9,12,13,14,17,18,19,23
1230,7,8,9,12,13,14,17,18,19,23
1231,7,8,9,12,13,14,17,18,19,23
1232,7,8,9,12,13,14,17,18,19,23
1233,7,8,9,12,13,14,17,18,19,23
1234,7,8,9,12,13,14,17,18,19,23
1235,7,8,9,12,13,14,17,18,19,23
1236,7,8,9,12,13,14,17,18,19,23
1237,7,8,9,12,13,14,17,18,19,23
1238,7,8,9,12,13,14,17,18,19,23
1239,7,8,9,12,13,14,17,18,19,23
1240,7,8,9,12,13,14,17,18,19,23
1241,7,8,9,12,13,14,17,18,19,23
1242,7,8,9,12,13,14,17,18,19,23
1243,7,8,9,12,13,14,17,18,19,23
1244,7,8,9,12,13,14,17,18,19,23
1245,7,8,9,12,13,14,17,18,19,23
1246,7,8,9,12,13,14,17,18,19,23
1247,7,8,9,12,13,14,17,18,19,23
1248,7,8,9,12,13,14,17,18,19,23
1249,7,8,9,12,13,14,17,18,19,23
1250,7,8,9,12,13,14,17,18,19,23
1251,7,8,9,12,13,14,17,18,19,23
1252,7,8,9,12,13,14,17,18,19,23
1253,7,8,9,12,13,14,17,18,19,23
1254,7,8,9,12,13,14,17,18,19,23
1255,7,8,9,12,13,14,17,18,19,23
1256,7,8,9,12,13,14,17,18,19,23
1257,7,8,9,12,13,14,17,18,19,23
1258,7,8,9,12,13,14,17,18,19,23
1259,7,8,9,12,13,14,17,18,19,23
1260,7,8,9,12,13,14,17,18,19,23
1261,7,8,9,12,13,14,17,18,19,23
1262,7,8,9,12,13,14,17,18,19,23
1263,7,8,9,12,13,14,17,18,19,23
1264,7,8,9,12,13,14,17,18,19,23
1265,7,8,9,12,13,14,17,18,19,23
1266,7,8,9,12,13,14,17,18,19,23
1267,7,8,9,12,13,14,17,18,19,23
1268,7,8,9,12,13,14,17,18,19,23
1269,7,8,9,12,13,14,17,18,19,23
1270,7,8,9,12,13,14,17,18,19,23
1271,7,8,12,13,14,17,18,19,23
1272,7,8,12,13,14,17,18,19,23
1273,7,8,12,13,14,17,18,19,23
1274,7,8,12,13,14,17,18,19,23
1275,7,8,12,13,14,17,18,19,23
1276,7,8,12,13,14,17,18,19,23
1277,7,8,12,13,14,17,18,19,23
1278,7,8,12,13,14,17,18,19,23
1279,7,8,12,13,14,17,18,19,23
1280,7,8,12,13,14,17,18,19,23
1281,7,8,9,12,13,14,17,18,19,23
1282,7,8,9,12,13,14,17,18,19,23
1283,7,8,9,12,13,14,17,18,19,23
1284,7,8,9,12,13,14,17,18,19,23
1285,7,8,9,12,13,14,17,18,19,23
1286,7,8,9,12,13,14,17,18,19,23
1287,7,8,9,12,13,14,17,18,19,23
1288,7,8,9,12,13,14,17,18,19,23
1289,7,8,9,12,13,14,17,18,19,23
1290,7,8,9,12,13,14,17,18,19,23
1291,7,8,9,12,13,14,17,18,19,23
1292,7,8,9,12,13,14,17,18,19,23
1293,7,8,9,12,13,14,17,18,19,23
1294,7,8,9,12,13,14,17,18,19,23
1295,7,8,9,12,13,14,17,18,19,23
1296,7,8,9,12,13,14,17,18,19,23
1297,7,8,9,12,13,14,17,18,19,23
1298,7,8,9,12,13,14,17,18,19,23
1299,7,8,9,12,13,14,17,18,19,23
1300,7,8,9,12,13,14,17,18,19,23
1301,7,8,9,12,13,14,17,18,19,23
1302,7,8,9,12,13,14,17,18,19,23
1303,7,8,9,12,13,14,17,18,19,23
1304,7,8,9,12,13,14,17,18,19,23
1305,7,8,9,12,13,14,17,18,19,23
1306,7,8,9,12,13,14,17,18,19,23
1307,7,8,9,12,13,14,17,18,19,23
1308,7,8,9,12,13,14,17,18,19,23
1309,7,8,9,12,13,14,17,18,19,23
1310,7,8,9,12,13,14,17,18,19,23
1311,7,8,9,12,13,14,17,18,19,23
1312,7,8,9,12,13,14,17,18,19,23
1313,7,8,9,12,13,14,17,18,19,23
1314,7,8,9,12,13,14,17,18,19,23
1315,7,8,9,12,13,14,17,18,19
1316,7,8,9,12,13,14,17,18,19
1317,7,8,9,12,13,14,17,18,19
1318,7,8,9,12,13,14,17,18,19
1319,7,8,9,12,13,14,17,18,19
1320,7,8,9,12,13,14,17,18,19
1321,7,8,9,12,13,14,17,18,19
1322,7,8,9,12,13,14,17,18,19
1323,7,8,9,12,13,14,17,18,19
1324,7,8,9,12,13,14,17,18,19
1325,7,8,9,12,13,14,17,18,19
1326,7,8,9,12,13,14,17,18,19
1327,7,8,9,12,13,14,17,18,19
1328,7,8,9,12,13,14,17,18,19
1329,7,8,9,12,13,14,17,18,19
1330,7,8,9,12,13,14,17,18,19
1331,3,7,8,9,12,13,14,17,18,19
1332,3,7,8,9,12,13,14,17,18,19
1333,3,7,8,9,12,13,14,17,18,19
1334,3,7,8,9,12,13,14,17,18,19
1335,3,7,8,9,12,13,14,17,18,19
1336,3,7,8,9,12,13,14,17,18,19
1337,3,7,8,9,12,13,14,17,18,19
1338,3,7,8,9,12,13,14,17,18,19
1339,3,7,8,9,12,13,14,17,18,19
1340,3,7,8,9,12,13,14,17,18,19
1341,7,8,9,12,13,14,17,18,19
1342,7,8,9,12,13,14,17,18,19
1343,7,8,9,12,13,14,17,18,19
1344,7,8,9,12,13,14,17,18,19
1345,7,8,9,12,13,14,17,18,19
1346,7,8,9,12,13,14,17,18,19
1347,8,9,13,14,18,19
1348,8,9,13,14,18,19
1349,8,9,13,14,18,19
1350,8,9,13,14,18,19
1351,8,9,13,14,18,19
1352,8,9,13,14,18,19
1353,8,9,13,14,18,19
1354,8,9,13,14,18,19
1355,8,9,13,14,18,19
1356,8,9,13,14,18,19
1357,8,9,13,14,18,19
1358,8,9,13,14,18,19
1359,8,9,13,14,18,19
1360,8,9,13,14,18,19
1361,8,9,13,14,18,19
1362,8,9,13,14,18,19
1363,8,9,12,13,14,18,19
1364,8,9,12,13,14,18,19
1365,7,8,9,12,13,14,17,18,19
1366,7,8,9,12,13,14,17,18,19
1367,7,8,9,12,13,14,17,18,19
1368,7,8,9,12,13,14,17,18,19
1369,7,8,9,12,13,14,17,18,19
1370,7,8,9,12,13,14,17,18,19
1371,7,8,12,13,14,17,18
1372,7,8,12,13,14,17,18
1373,7,8,12,13,17,18
1374,7,8,12,13,17,18
1375,7,8,12,13,17,18
1376,7,8,12,13,17,18
1377,7,8,12,13,17,18,23
1378,7,8,12,13,17,18,23
1379,7,8,12,13,17,18,23
1380,7,8,12,13,17,18,23
1381,7,8,12,13,17,18,23
1382,7,8,12,13,17,18,23
1383,7,8,12,13,17,18,22,23
1384,7,8,12,13,17,18,22,23
1385,7,8,12,13,17,18,22,23
1386,7,8,12,13,17,18,22,23
1387,7,8,12,13,17,18,22,23
1388,7,8,12,13,17,18,22,23
1389,7,8,12,13,17,18,22,23
1390,7,8,12,13,17,18,22,23
1391,7,8,12,13,17,18,22,23
1392,7,8,12,13,17,18,22,23
1393,7,8,12,13,17,18,22,23
1394,7,8,12,13,17,18,22,23
1395,7,8,12,13,17,18,22,23
1396,7,8,12,13,17,18,22,23
1397,7,8,12,13,17,18,22,23
1398,7,8,12,13,17,18,22,23
1399,7,8,12,13,17,18,22,23
1400,7,8,12,13,17,18,22,23
1401,7,8,11,12,13,17,18,22
1402,7,8,11,12,13,17,18,22
1403,7,8,11,12,13,16,17,18,22
1404,7,8,11,12,13,16,17,18,22
1405,7,8,11,12,13,16,17,18,22
1406,7,8,11,12,13,16,17,18,22
1407,6,7,8,11,12,13,16,17,18,22
1408,6,7,8,11,12,13,16,17,18,22
1409,6,7,8,11,12,13,16,17,18,22
1410,6,7,8,11,12,13,16,17,18,22
1411,6,7,8,11,12,13,16,17,18,22
1412,6,7,8,11,12,13,16,17,18,22
1413,6,7,11,12,13,16,17,18,22
1414,6,7,11,12,13,16,17,18,22
1415,6,7,11,12,13,16,17,18,22
1416,6,7,11,12,13,16,17,18,22
1417,6,7,11,12,13,16,17,18,22
1418,6,7,11,12,13,16,17,18,22
1419,6,7,11,12,13,16,17,18,21,22
1420,6,7,11,12,13,16,17,18,21,22
1421,6,7,11,12,13,16,17,18,21,22
1422,6,7,11,12,13,16,17,18,21,22
1423,6,7,11,12,13,16,17,18,21,22
1424,6,7,11,12,13,16,17,18,21,22
1425,6,7,11,12,13,16,17,18,22
1426,6,7,11,12,13,16,17,18,22
1427,6,7,11,12,13,16,17,18,22
1428,6,7,11,12,13,16,17,18,22
1429,6,7,11,12,13,16,17,18,22
1430,6,7,11,12,13,16,17,18,22
1431,6,7,8,11,12,13,16,17,18,22
1432,6,7,8,11,12,13,16,17,18,22
1433,6,7,8,11,12,13,16,17,18,22
1434,6,7,8,11,12,13,16,17,18,22
1435,6,7,8,11,12,13,16,17,18,22
1436,6,7,8,11,12,13,16,17,18,22
1437,7,8,11,12,13,16,17,18,22
1438,7,8,11,12,13,16,17,18,22
1439,7,8,12,13,17,18,22,23
1440,7,8,12,13,17,18,22,23
1441,7,8,12,13,17,18,22,23
1442,7,8,12,13,17,18,22,23
1443,7,8,12,13,17,18,22,23
1444,7,8,12,13,17,18,22,23
1445,7,8,12,13,17,18,22,23
1446,7,8,12,13,17,18,22,23
1447,7,8,12,13,17,18,22,23
1448,7,8,12,13,17,18,22,23
1449,7,8,12,13,17,18,22,23
1450,7,8,12,13,17,18,22,23
1451,7,8,12,13,17,18,22,23
1452,7,8,12,13,17,18,22,23
1453,7,8,12,13,17,18,22,23
1454,7,8,12,13,17,18,22,23
1455,7,8,12,13,17,18,22,23
1456,7,8,12,13,17,18,22,23
1457,7,8,12,13,17,18,22,23
1458,7,8,12,13,17,18,22,23
1459,7,8,12,13,17,18,23
1460,7,8,12,13,17,18,23
1461,7,8,12,13,14,17,18,23
1462,7,8,12,13,14,17,18,23
1463,7,8,12,13,14,17,18,19,23
1464,7,8,12,13,14,17,18,19,23
1465,7,8,12,13,14,17,18,19,23
1466,7,8,12,13,14,17,18,19,23
1467,7,8,12,13,14,17,18,19,23
1468,7,8,12,13,14,17,18,19,23
1469,7,8,12,13,14,17,18,19,23
1470,7,8,12,13,14,17,18,19,23
1471,7,8,12,13,14,17,18,19,23
1472,7,8,12,13,14,17,18,19,23
1473,7,8,12,13,14,17,18,19,23
1474,7,8,12,13,14,17,18,19,23
1475,7,8,12,13,14,17,18,19,23
1476,7,8,12,13,14,17,18,19,23
1477,7,8,12,13,14,17,18,19,23
1478,7,8,12,13,14,17,18,19,23
1479,7,8,12,13,14,17,18,19,23
1480,7,8,12,13,14,17,18,19,23
1481,7,8,12,13,14,17,18,19,23
1482,7,8,12,13,14,17,18,19,23
1483,7,8,12,13,14,17,18,19,23
1484,7,8,12,13,14,17,18,19,23
1485,7,8,12,13,14,17,18,19,23
1486,7,8,12,13,14,17,18,19,23
1487,7,8,12,13,14,17,18,19,23
1488,7,8,12,13,14,17,18,19,23
1489,7,8,12,13,14,17,18,19,23
1490,7,8,12,13,14,17,18,19,23
1491,7,8,12,13,14,17,18,19,23
1492,7,8,12,13,14,17,18,19,23
1493,7,8,12,13,14,17,18,19,23
1494,7,8,12,13,14,17,18,19,23
1495,7,8,9,12,13,14,17,18,19,23
1496,7,8,9,12,13,14,17,18,19,23
1497,7,8,9,12,13,14,17,18,19,23
1498,7,8,9,12,13,14,17,18,19,23
1499,7,8,9,12,13,14,17,18,19,23
1500,7,8,9,12,13,14,17,18,19,23
1501,7,8,9,12,13,14,17,18,19,23
1502,7,8,9,12,13,14,17,18,19,23
1503,7,8,9,12,13,14,17,18,19,23
1504,7,8,9,12,13,14,17,18,19,23
1505,7,8,9,12,13,14,17,18,19,23
1506,7,8,9,12,13,14,17,18,19,23
1507,7,8,9,12,13,14,17,18,19,23
1508,7,8,9,12,13,14,17,18,19,23
1509,7,8,9,12,13,14,17,18,19,23
1510,7,8,9,12,13,14,17,18,19,23
1511,7,8,9,12,13,14,17,18,19,23
1512,7,8,9,12,13,14,17,18,19,23
1513,7,8,9,12,13,14,17,18,19,23
1514,7,8,9,12,13,14,17,18,19,23
1515,7,8,9,12,13,14,17,18,19,23
1516,7,8,9,12,13,14,17,18,19,23
1517,7,8,9,12,13,14,17,18,19,23
1518,7,8,9,12,13,14,17,18,19,23
1519,7,8,9,12,13,14,17,18,19,23
1520,7,8,9,12,13,14,17,18,19,23
1521,7,8,9,12,13,14,17,18,19,23
1522,7,8,9,12,13,14,17,18,19,23
1523,7,8,9,12,13,14,17,18,19,23
1524,7,8,9,12,13,14,17,18,19,23
1525,7,8,9,12,13,14,17,18,19,23
1526,7,8,9,12,13,14,17,18,19,23
1527,7,8,9,12,13,14,17,18,19,23
1528,7,8,9,12,13,14,17,18,19,23
1529,7,8,9,12,13,14,17,18,19,23
1530,7,8,9,12,13,14,17,18,19,23
1531,7,8,9,12,13,14,17,18,19,23
1532,7,8,9,12,13,14,17,18,19,23
1533,8,9,12,13,14,17,18,19,23
1534,8,9,12,13,14,17,18,19,23
1535,8,9,12,13,14,18,19,23
1536,8,9,12,13,14,18,19,23
1537,8,9,13,14,18,19,23
1538,8,9,13,14,18,19,23
1539,8,9,13,14,18,19,23
1540,8,9,13,14,18,19,23
1541,8,9,13,14,18,19,23,24
1542,8,9,13,14,18,19,23,24
1543,8,9,13,14,18,19,23,24
1544,8,9,13,14,18,19,23,24
1545,8,9,13,14,18,19,23,24
1546,8,9,13,14,18,19,23,24
1547,8,9,13,14,18,19,23,24
1548,8,9,13,14,18,19,23,24
1549,8,9,13,14,18,19,23,24
1550,8,9,13,14,18,19,23,24
1551,8,9,13,14,18,19,23,24
1552,8,9,13,14,18,19,23,24
1553,8,9,13,14,18,19,23,24
1554,8,9,13,14,18,19,23,24
1555,8,9,13,14,18,19,23,24
1556,8,9,13,14,18,19,23,24
1557,8,9,13,14,18,19,23
1558,8,9,13,14,18,19,23
1559,8,9,13,14,18,19,23
1560,8,9,13,14,18,19,23
1561,8,9,13,14,18,19,23
1562,8,9,13,14,18,19,23
1563,8,9,13,14,18,19,23
1564,8,9,13,14,18,19,23
1565,8,9,13,14,18,19,23
1566,8,9,13,14,18,19,23
1567,8,9,13,14,18,19,23
1568,8,9,13,14,18,19,23
1569,8,9,13,14,18,19,23
1570,8,9,13,14,18,19,23
1571,8,9,13,14,18,19,23
1572,8,9,13,14,18,19,23
1573,8,9,13,14,18,19,23
1574,8,9,13,14,18,19,23
1575,8,9,13,14,18,19,23
1576,8,9,13,14,18,19,23
1577,8,9,13,14,18,19,23
1578,8,9,13,14,18,19,23
1579,8,9,13,14,18,19,23
1580,8,9,13,14,18,19,23
1581,8,9,12,13,14,18,19,23
1582,8,9,12,13,14,18,19,23
1583,8,9,12,13,14,18,19,23
1584,8,9,12,13,14,18,19,23
1585,8,9,12,13,14,18,19,23
1586,8,9,12,13,14,18,19,23
1587,8,9,12,13,14,18,19,23
1588,8,9,12,13,14,18,19,23
1589,8,9,12,13,14,17,18,19,23
1590,8,9,12,13,14,17,18,19,23
1591,8,9,12,13,14,17,18,19,23
1592,8,9,12,13,14,17,18,19,23
1593,8,9,12,13,14,17,18,19,23
1594,8,9,12,13,14,17,18,19,23
1595,8,9,12,13,14,17,18,19,23
1596,8,9,12,13,14,17,18,19,23
1597,8,9,12,13,14,17,18,19,23
1598,8,9,12,13,14,17,18,19,23
1599,8,9,12,13,14,17,18,19,23
1600,8,9,12,13,14,17,18,19,23
1601,8,9,12,13,14,17,18,19,23
1602,8,9,12,13,14,17,18,19,23
1603,8,9,12,13,14,17,18,19,23
1604,8,9,12,13,14,17,18,19,23
1605,7,8,9,12,13,14,17,18,19,23
1606,7,8,9,12,13,14,17,18,19,23
1607,7,8,9,12,13,14,17,18,19,23
1608,7,8,9,12,13,14,17,18,19,23
1609,7,8,9,12,13,14,17,18,19,23
1610,7,8,9,12,13,14,17,18,19,23
1611,7,8,9,12,13,14,17,18,19,23
1612,7,8,9,12,13,14,17,18,19,23
1613,7,8,9,12,13,14,17,18,19,23
1614,7,8,9,12,13,14,17,18,19,23
1615,7,8,9,12,13,14,17,18,19,23
1616,7,8,9,12,13,14,17,18,19,23
1617,7,8,9,12,13,14,17,18,19,23
1618,7,8,9,12,13,14,17,18,19,23
1619,7,8,9,12,13,14,17,18,19,23
1620,7,8,9,12,13,14,17,18,19,23
1621,7,8,9,12,13,14,17,18,19,23
1622,7,8,9,12,13,14,17,18,19,23
1623,7,8,9,12,13,14,17,18,19,23
1624,7,8,9,12,13,14,17,18,19,23
1625,7,8,9,12,13,14,17,18,19,23
1626,7,8,9,12,13,14,17,18,19,23
1627,7,8,9,12,13,14,17,18,19,23
1628,7,8,9,12,13,14,17,18,19,23
1629,7,8,9,12,13,14,17,18,19,23
1630,7,8,9,12,13,14,17,18,19,23
1631,7,8,9,12,13,14,17,18,19,23
1632,7,8,9,12,13,14,17,18,19,23
1633,7,8,9,12,13,14,17,18,19,23
1634,7,8,9,12,13,14,17,18,19,23
1635,7,8,9,12,13,14,17,18,19,23
1636,7,8,9,12,13,14,17,18,19,23
1637,7,8,9,12,13,14,17,18,19,23
1638,7,8,9,12,13,14,17,18,19,23
1639,7,8,9,12,13,14,17,18,19,23
1640,7,8,9,12,13,14,17,18,19,23
1641,7,8,9,12,13,14,17,18,19,23
1642,7,8,9,12,13,14,17,18,19,23
1643,7,8,9,12,13,14,17,18,19,23
1644,7,8,9,12,13,14,17,18,19,23
1645,7,8,9,12,13,14,17,18,19,23
1646,7,8,9,12,13,14,17,18,19,23
1647,7,8,9,12,13,14,17,18,19,23
1648,7,8,9,12,13,14,17,18,19,23
1649,7,8,9,12,13,14,17,18,19,23
1650,7,8,9,12,13,14,17,18,19,23
1651,7,8,9,12,13,14,17,18,19,23
1652,7,8,9,12,13,14,17,18,19,23
1653,7,8,9,12,13,14,17,18,19,23
1654,7,8,9,12,13,14,17,18,19,23
1655,7,8,9,12,13,14,17,18,19,23
1656,7,8,9,12,13,14,17,18,19,23
1657,7,8,9,12,13,14,17,18,19,23
1658,7,8,9,12,13,14,17,18,19,23
1659,7,8,9,12,13,14,17,18,19,23
1660,7,8,9,12,13,14,17,18,19,23
1661,7,8,9,12,13,14,17,18,19,23
1662,7,8,9,12,13,14,17,18,19,23
1663,7,8,9,12,13,14,17,18,19,23
1664,7,8,9,12,13,14,17,18,19,23
1665,7,8,9,12,13,14,17,18,19,23
1666,7,8,9,12,13,14,17,18,19,23
1667,7,8,9,12,13,14,17,18,19,23
1668,7,8,9,12,13,14,17,18,19,23
1669,7,8,9,12,13,14,17,18,19
1670,7,8,9,12,13,14,17,18,19
1671,7,8,9,12,13,14,17,18,19
1672,7,8,9,12,13,14,17,18,19
1673,3,7,8,9,12,13,14,17,18,19
1674,3,7,8,9,12,13,14,17,18,19
1675,3,7,8,9,12,13,14,17,18,19
1676,3,7,8,9,12,13,14,17,18,19
1677,3,7,8,9,12,13,14,17,18,19
1678,3,7,8,9,12,13,14,17,18,19
1679,3,7,8,9,12,13,14,17,18,19
1680,3,7,8,9,12,13,14,17,18,19
1681,3,7,8,9,12,13,14,17,18,19
1682,3,7,8,9,12,13,14,17,18,19
1683,3,7,8,9,12,13,14,17,18,19
1684,3,7,8,9,12,13,14,17,18,19
1685,3,7,8,9,12,13,14,17,18,19
1686,3,7,8,9,12,13,14,17,18,19
1687,3,7,8,9,12,13,14,17,18,19
1688,3,7,8,9,12,13,14,17,18,19
1689,3,7,8,9,12,13,14,17,18,19
1690,3,7,8,9,12,13,14,17,18,19
1691,3,7,8,9,12,13,14,17,18,19
1692,3,7,8,9,12,13,14,17,18,19
1693,3,7,8,9,12,13,14,17,18,19
1694,3,7,8,9,12,13,14,17,18,19
1695,7,8,9,12,13,14,17,18,19
1696,7,8,9,12,13,14,17,18,19
1697,7,8,9,12,13,14,17,18,19
1698,7,8,9,12,13,14,17,18,19
1699,7,8,9,12,13,14,17,18,19
1700,7,8,9,12,13,14,17,18,19
1701,7,8,9,12,13,14,17,18,19
1702,7,8,9,12,13,14,17,18,19
1703,7,8,9,12,13,14,17,18,19
1704,7,8,9,12,13,14,17,18,19
1705,7,8,9,12,13,14,17,18,19
1706,7,8,9,12,13,14,17,18,19
1707,7,8,9,12,13,14,17,18,19
1708,7,8,9,12,13,14,17,18,19
1709,7,8,9,12,13,14,17,18,19
1710,7,8,9,12,13,14,17,18,19
1711,7,8,9,12,13,14,17,18,19
1712,7,8,9,12,13,14,17,18,19
1713,7,8,9,12,13,14,17,18,19
1714,7,8,9,12,13,14,17,18,19
1715,7,8,9,12,13,14,17,18,19
1716,7,8,9,12,13,14,17,18,19
1717,7,8,9,12,13,14,17,18,19
1718,7,8,9,12,13,14,17,18,19
1719,7,8,9,12,13,14,17,18,19
1720,7,8,9,12,13,14,17,18,19
1721,7,8,9,12,13,14,17,18,19
1722,7,8,9,12,13,14,17,18,19
1723,7,8,9,12,13,14,17,18,19
1724,7,8,9,12,13,14,17,18,19
1725,7,8,9,12,13,14,17,18,19
1726,7,8,9,12,13,14,17,18,19
1727,7,8,9,12,13,14,17,18,19
1728,7,8,9,12,13,14,17,18,19
1729,7,8,9,12,13,14,17,18,19
1730,7,8,9,12,13,14,17,18,19
1731,7,8,9,12,13,14,17,18,19
1732,7,8,9,12,13,14,17,18,19
1733,7,8,9,12,13,14,17,18,19
1734,7,8,9,12,13,14,17,18,19
1735,7,8,9,12,13,14,17,18,19
1736,7,8,9,12,13,14,17,18,19
1737,7,8,9,12,13,14,17,18,19
1738,7,8,9,12,13,14,17,18,19
1739,7,8,9,12,13,14,17,18,19
1740,7,8,9,12,13,14,17,18,19
1741,7,8,9,12,13,14,17,18,19
1742,7,8,9,12,13,14,17,18,19
1743,7,8,9,12,13,14,17,18,19
1744,7,8,9,12,13,14,17,18,19
1745,7,8,9,12,13,14,17,18,19
1746,7,8,9,12,13,14,17,18,19
1747,7,8,9,12,13,14,17,18,19
1748,7,8,9,12,13,14,17,18,19
1749,7,8,9,12,13,14,17,18,19
1750,7,8,9,12,13,14,17,18,19
1751,7,8,9,12,13,14,17,18,19
1752,7,8,9,12,13,14,17,18,19
1753,7,8,9,12,13,14,17,18,19
1754,7,8,9,12,13,14,17,18,19
1755,7,8,9,12,13,14,17,18,19
1756,7,8,9,12,13,14,17,18,19
1757,7,8,9,12,13,14,17,18,19
1758,7,8,9,12,13,14,17,18,19
1759,7,8,9,12,13,14,17,18,19
1760,7,8,9,12,13,14,17,18,19
1761,7,8,9,12,13,14,17,18,19
1762,7,8,9,12,13,14,17,18,19
1763,7,8,9,12,13,14,17,18,19
1764,7,8,9,12,13,14,17,18,19
1765,7,8,9,12,13,14,17,18,19
1766,7,8,9,12,13,14,17,18,19
1767,7,8,9,12,13,14,17,18,19
1768,7,8,9,12,13,14,17,18,19
1769,7,8,9,12,13,14,17,18,19
1770,7,8,9,12,13,14,17,18,19
1771,7,8,9,12,13,14,17,18,19
1772,7,8,9,12,13,14,17,18,19
1773,7,8,12,13,14,17,18
1774,7,8,12,13,14,17,18
1775,7,8,12,13,14,17,18
1776,7,8,12,13,14,17,18
1777,7,8,12,13,14,17,18
1778,7,8,12,13,14,17,18
1779,7,8,12,13,17,18
1780,7,8,12,13,17,18
1781,7,8,12,13,17,18
1782,7,8,12,13,17,18
1783,3,7,8,12,13,17,18
1784,3,7,8,12,13,17,18
1785,3,7,8,12,13,17,18
1786,3,7,8,12,13,17,18
1787,3,7,8,12,13,17,18
1788,3,7,8,12,13,17,18
1789,3,7,8,12,13,17,18
1790,3,7,8,12,13,17,18
1791,7,8,12,13,17,18
1792,7,8,12,13,17,18
1793,7,8,12,13,17,18
1794,7,8,12,13,17,18
1795,7,8,12,13,17,18
1796,7,8,12,13,17,18
1797,7,8,12,13,17,18
1798,7,8,12,13,17,18
1799,7,8,12,13,17,18
1800,7,8,12,13,17,18
