1,14,15,16,17,24,25,26,27,34,35,36,37
2,14,15,16,17,24,25,26,27,34,35,36,37
3,14,15,16,17,24,25,26,27,34,35,36,37
4,14,15,16,17,24,25,26,27,34,35,36,37
5,14,15,16,17,24,25,26,27,34,35,36,37
6,14,15,16,17,24,25,26,27,34,35,36,37
7,14,15,16,17,24,25,26,27,34,35,36,37,45,46
8,14,15,16,17,24,25,26,27,34,35,36,37,45,46
9,14,15,16,17,24,25,26,27,34,35,36,37,45,46
10,14,15,16,17,24,25,26,27,34,35,36,37,45,46
11,14,15,16,17,24,25,26,27,34,35,36,37,45,46
12,14,15,16,17,24,25,26,27,34,35,36,37,45,46
13,14,15,16,17,24,25,26,27,34,35,36,37,45,46
14,14,15,16,17,24,25,26,27,34,35,36,37,45,46
15,14,15,16,17,24,25,26,27,34,35,36,37,45,46
16,14,15,16,17,24,25,26,27,34,35,36,37,45,46
17,14,15,16,17,24,25,26,27,34,35,36,37,45,46
18,14,15,16,17,24,25,26,27,34,35,36,37,45,46
19,14,15,16,24,25,26,27,34,35,36,37,44,45,46
20,14,15,16,24,25,26,27,34,35,36,37,44,45,46
21,15,16,24,25,26,27,34,35,36,37,44,45,46,47
22,15,16,24,25,26,27,34,35,36,37,44,45,46,47
23,15,16,24,25,26,27,34,35,36,37,44,45,46,47
24,15,16,24,25,26,27,34,35,36,37,44,45,46,47
25,15,16,24,25,26,27,34,35,36,37,44,45,46,47
26,15,16,24,25,26,27,34,35,36,37,44,45,46,47
27,15,16,24,25,26,27,34,35,36,37,44,45,46,47
28,15,16,24,25,26,27,34,35,36,37,44,45,46,47
29,15,16,24,25,26,27,34,35,36,37,44,45,46,47
30,15,16,24,25,26,27,34,35,36,37,44,45,46,47
31,15,16,24,25,26,27,34,35,36,37,44,45,46,47
32,15,16,24,25,26,27,34,35,36,37,44,45,46,47
33,15,16,24,25,26,27,34,35,36,37,44,45,46,47
34,15,16,24,25,26,27,34,35,36,37,44,45,46,47
35,15,16,24,25,26,27,34,35,36,37,44,45,46,47
36,15,16,24,25,26,27,34,35,36,37,44,45,46,47
37,15,16,24,25,26,27,34,35,36,37,44,45,46,47
38,15,16,24,25,26,27,34,35,36,37,44,45,46,47
39,15,16,24,25,26,27,34,35,36,37,44,45,46,47
40,15,16,24,25,26,27,34,35,36,37,44,45,46,47
41,15,16,24,25,26,27,34,35,36,37,44,45,46,47
42,15,16,24,25,26,27,34,35,36,37,44,45,46,47
43,15,16,24,25,26,27,34,35,36,37,44,45,46,47
44,15,16,24,25,26,27,34,35,36,37,44,45,46,47
45,15,16,24,25,26,27,34,35,36,37,44,45,46,47
46,15,16,24,25,26,27,34,35,36,37,44,45,46,47
47,15,16,24,25,26,27,34,35,36,37,44,45,46,47
48,15,16,24,25,26,27,34,35,36,37,44,45,46,47
49,15,16,24,25,26,27,34,35,36,37,44,45,46,47
50,15,16,24,25,26,27,34,35,36,37,44,45,46,47
51,15,16,24,25,26,27,34,35,36,37,44,45,46,47
52,15,16,24,25,26,27,34,35,36,37,44,45,46,47
53,15,16,24,25,26,27,34,35,36,37,44,45,46,47
54,15,16,24,25,26,27,34,35,36,37,44,45,46,47
55,15,16,24,25,26,27,34,35,36,37,44,45,46,47
56,15,16,24,25,26,27,34,35,36,37,44,45,46,47
57,15,16,24,25,26,27,34,35,36,37,44,45,46,47
58,15,16,24,25,26,27,34,35,36,37,44,45,46,47
59,15,16,24,25,26,27,34,35,36,37,44,45,46,47
60,15,16,24,25,26,27,34,35,36,37,44,45,46,47
61,15,16,24,25,26,27,34,35,36,37,44,45,46,47
62,15,16,24,25,26,27,34,35,36,37,44,45,46,47
63,15,16,24,25,26,27,34,35,36,37,44,45,46,47
64,15,16,24,25,26,27,34,35,36,37,44,45,46,47
65,15,16,24,25,26,27,34,35,36,37,44,45,46,47
66,15,16,24,25,26,27,34,35,36,37,44,45,46,47
67,15,16,24,25,26,27,34,35,36,37,44,45,46,47
68,15,16,24,25,26,27,34,35,36,37,44,45,46,47
69,15,16,24,25,26,27,34,35,36,37,44,45,46,47
70,15,16,24,25,26,27,34,35,36,37,44,45,46,47
71,14,15,16,24,25,26,27,34,35,36,37,44,45,46
72,14,15,16,24,25,26,27,34,35,36,37,44,45,46
73,14,15,16,24,25,26,27,34,35,36,37,44,45,46
74,14,15,16,24,25,26,27,34,35,36,37,44,45,46
75,14,15,16,24,25,26,27,34,35,36,37,44,45,46
76,14,15,16,24,25,26,27,34,35,36,37,44,45,46
77,14,15,16,24,25,26,27,34,35,36,37,44,45,46
78,14,15,16,24,25,26,27,34,35,36,37,44,45,46
79,14,15,16,24,25,26,27,34,35,36,37,44,45,46
80,14,15,16,24,25,26,27,34,35,36,37,44,45,46
81,14,15,16,24,25,26,27,34,35,36,37,44,45,46
82,14,15,16,24,25,26,27,34,35,36,37,44,45,46
83,14,15,16,24,25,26,34,35,36,44,45,46
84,14,15,16,24,25,26,34,35,36,44,45,46
85,14,15,16,24,25,26,34,35,36,44,45,46
86,14,15,16,24,25,26,34,35,36,44,45,46
87,14,15,16,24,25,26,34,35,36,44,45,46
88,14,15,16,24,25,26,34,35,36,44,45,46
89,14,15,16,24,25,26,34,35,36,44,45,46
90,14,15,16,24,25,26,34,35,36,44,45,46
91,14,15,16,24,25,26,34,35,36,44,45,46
92,14,15,16,24,25,26,34,35,36,44,45,46
93,14,15,16,24,25,26,34,35,36,44,45,46
94,14,15,16,24,25,26,34,35,36,44,45,46
95,14,15,16,24,25,26,34,35,36,44,45,46
96,14,15,16,24,25,26,34,35,36,44,45,46
97,14,15,16,24,25,26,34,35,36,44,45,46
98,14,15,16,24,25,26,34,35,36,44,45,46
99,14,15,16,24,25,26,27,34,35,36,37,44,45,46
100,14,15,16,24,25,26,27,34,35,36,37,44,45,46
101,14,15,16,24,25,26,27,34,35,36,37,44,45,46
102,14,15,16,24,25,26,27,34,35,36,37,44,45,46
103,14,15,16,17,24,25,26,27,34,35,36,37,45,46
104,14,15,16,17,24,25,26,27,34,35,36,37,45,46
105,14,15,16,17,24,25,26,27,34,35,36,37,45,46
106,14,15,16,17,24,25,26,27,34,35,36,37,45,46
107,15,16,17,24,25,26,27,34,35,36,37,45,46
108,15,16,17,24,25,26,27,34,35,36,37,45,46
109,15,16,17,24,25,26,27,34,35,36,37,45,46
110,15,16,17,24,25,26,27,34,35,36,37,45,46
111,15,16,17,24,25,26,27,34,35,36,37,45,46
112,15,16,17,24,25,26,27,34,35,36,37,45,46
113,15,16,17,24,25,26,27,34,35,36,37,45,46,47
114,15,16,17,24,25,26,27,34,35,36,37,45,46,47
115,15,16,17,24,25,26,27,34,35,36,37,45,46,47
116,15,16,17,24,25,26,27,34,35,36,37,45,46,47
117,15,16,24,25,26,27,34,35,36,37,44,45,46,47
118,15,16,24,25,26,27,34,35,36,37,44,45,46,47
119,16,24,25,26,27,34,35,36,37,44,45,46,47
120,16,24,25,26,27,34,35,36,37,44,45,46,47
121,15,16,24,25,26,27,34,35,36,37,44,45,46,47
122,15,16,24,25,26,27,34,35,36,37,44,45,46,47
123,15,16,24,25,26,27,34,35,36,37,44,45,46,47
124,15,16,24,25,26,27,34,35,36,37,44,45,46,47
125,15,16,24,25,26,27,34,35,36,37,44,45,46,47
126,15,16,24,25,26,27,34,35,36,37,44,45,46,47
127,15,16,24,25,26,27,34,35,36,37,44,45,46,47
128,15,16,24,25,26,27,34,35,36,37,44,45,46,47
129,15,16,17,24,25,26,27,34,35,36,37,44,45,46,47
130,15,16,17,24,25,26,27,34,35,36,37,44,45,46,47
131,15,16,17,24,25,26,27,34,35,36,37,45,46,47
132,15,16,17,24,25,26,27,34,35,36,37,45,46,47
133,15,16,17,24,25,26,27,34,35,36,37,45,46
134,15,16,17,24,25,26,27,34,35,36,37,45,46
135,15,16,17,24,25,26,27,34,35,36,37,45,46
136,15,16,17,24,25,26,27,34,35,36,37,45,46
137,15,16,17,24,25,26,27,34,35,36,37,45,46,47
138,15,16,17,24,25,26,27,34,35,36,37,45,46,47
139,15,16,17,24,25,26,27,34,35,36,37,45,46,47
140,15,16,17,24,25,26,27,34,35,36,37,45,46,47
141,15,16,17,24,25,26,27,34,35,36,37,45,46,47
142,15,16,17,24,25,26,27,34,35,36,37,45,46,47
143,15,16,17,24,25,26,27,34,35,36,37,45,46,47
144,15,16,17,24,25,26,27,34,35,36,37,45,46,47
145,15,16,17,24,25,26,27,34,35,36,37,45,46,47
146,15,16,17,24,25,26,27,34,35,36,37,45,46,47
147,15,16,17,24,25,26,27,34,35,36,37,45,46,47
148,15,16,17,24,25,26,27,34,35,36,37,45,46,47
149,14,15,16,24,25,26,27,34,35,36,37,44,45,46
150,14,15,16,24,25,26,27,34,35,36,37,44,45,46
151,14,15,16,24,25,26,27,34,35,36,37,44,45,46
152,14,15,16,24,25,26,27,34,35,36,37,44,45,46
153,14,15,16,24,25,26,27,34,35,36,37,44,45,46
154,14,15,16,24,25,26,27,34,35,36,37,44,45,46
155,14,15,16,24,25,26,27,34,35,36,37,44,45,46
156,14,15,16,24,25,26,27,34,35,36,37,44,45,46
157,14,15,16,24,25,26,27,34,35,36,37,44,45,46
158,14,15,16,24,25,26,27,34,35,36,37,44,45,46
159,14,15,16,24,25,26,27,34,35,36,37,44,45,46
160,14,15,16,24,25,26,27,34,35,36,37,44,45,46
161,14,15,16,24,25,26,27,34,35,36,37,44,45,46
162,14,15,16,24,25,26,27,34,35,36,37,44,45,46
163,14,15,16,24,25,26,27,34,35,36,37,44,45,46
164,14,15,16,24,25,26,27,34,35,36,37,44,45,46
165,14,15,16,24,25,26,27,34,35,36,37,44,45,46
166,14,15,16,24,25,26,27,34,35,36,37,44,45,46
167,14,15,16,24,25,26,27,34,35,36,37,44,45,46
168,14,15,16,24,25,26,27,34,35,36,37,44,45,46
169,14,15,16,24,25,26,27,34,35,36,37,44,45,46
170,14,15,16,24,25,26,27,34,35,36,37,44,45,46
171,14,15,16,24,25,26,27,34,35,36,37,44,45,46
172,14,15,16,24,25,26,27,34,35,36,37,44,45,46
173,14,15,16,24,25,26,27,34,35,36,37,44,45,46
174,14,15,16,24,25,26,27,34,35,36,37,44,45,46
175,14,15,16,24,25,26,27,34,35,36,37,44,45,46
176,14,15,16,24,25,26,27,34,35,36,37,44,45,46
177,14,15,16,24,25,26,27,34,35,36,37,44,45,46
178,14,15,16,24,25,26,27,34,35,36,37,44,45,46
179,14,15,16,24,25,26,27,34,35,36,37,44,45,46
180,14,15,16,24,25,26,27,34,35,36,37,44,45,46
181,14,15,16,24,25,26,27,34,35,36,37,45,46
182,14,15,16,24,25,26,27,34,35,36,37,45,46
183,14,15,16,24,25,26,27,34,35,36,37,45,46
184,14,15,16,24,25,26,27,34,35,36,37,45,46
185,14,15,16,24,25,26,27,34,35,36,37,45,46
186,14,15,16,24,25,26,27,34,35,36,37,45,46
187,14,15,16,17,24,25,26,27,34,35,36,37,45,46
188,14,15,16,17,24,25,26,27,34,35,36,37,45,46
189,14,15,16,17,24,25,26,27,34,35,36,37,45,46
190,14,15,16,17,24,25,26,27,34,35,36,37,45,46
191,14,15,16,17,24,25,26,27,34,35,36,37,45,46
192,14,15,16,17,24,25,26,27,34,35,36,37,45,46
193,14,15,16,17,24,25,26,27,34,35,36,37,45,46
194,14,15,16,17,24,25,26,27,34,35,36,37,45,46
195,14,15,16,17,24,25,26,27,34,35,36,37,45,46
196,14,15,16,17,24,25,26,27,34,35,36,37,45,46
197,14,15,16,17,24,25,26,27,34,35,36,37,45,46
198,14,15,16,17,24,25,26,27,34,35,36,37,45,46
199,14,15,16,17,24,25,26,27,34,35,36,37,45,46
200,14,15,16,17,24,25,26,27,34,35,36,37,45,46
201,14,15,16,17,24,25,26,27,34,35,36,37,45,46
202,14,15,16,17,24,25,26,27,34,35,36,37,45,46
203,14,15,16,17,24,25,26,27,34,35,36,37,45,46
204,14,15,16,17,24,25,26,27,34,35,36,37,45,46
205,14,15,16,17,24,25,26,27,34,35,36,37,45,46
206,14,15,16,17,24,25,26,27,34,35,36,37,45,46
207,14,15,16,17,24,25,26,27,34,35,36,37,45,46
208,14,15,16,17,24,25,26,27,34,35,36,37,45,46
209,14,15,16,17,24,25,26,27,34,35,36,37,45,46
210,14,15,16,17,24,25,26,27,34,35,36,37,45,46
211,14,15,16,17,24,25,26,27,34,35,36,37,45,46
212,14,15,16,17,24,25,26,27,34,35,36,37,45,46
213,14,15,16,24,25,26,27,34,35,36,37,45,46
214,14,15,16,24,25,26,27,34,35,36,37,45,46
215,14,15,16,24,25,26,27,34,35,36,37,44,45,46
216,14,15,16,24,25,26,27,34,35,36,37,44,45,46
217,14,15,16,24,25,26,27,34,35,36,37,44,45,46
218,14,15,16,24,25,26,27,34,35,36,37,44,45,46
219,14,15,16,24,25,26,27,34,35,36,37,44,45,46
220,14,15,16,24,25,26,27,34,35,36,37,44,45,46
221,14,15,16,24,25,26,27,34,35,36,37,44,45,46
222,14,15,16,24,25,26,27,34,35,36,37,44,45,46
223,14,15,16,24,25,26,27,34,35,36,37,44,45,46
224,14,15,16,24,25,26,27,34,35,36,37,44,45,46
225,14,15,16,24,25,26,27,34,35,36,37,44,45,46
226,14,15,16,24,25,26,27,34,35,36,37,44,45,46
227,14,15,16,24,25,26,27,34,35,36,37,44,45,46
228,14,15,16,24,25,26,27,34,35,36,37,44,45,46
229,14,15,16,24,25,26,27,34,35,36,44,45,46
230,14,15,16,24,25,26,27,34,35,36,44,45,46
231,14,15,16,24,25,26,34,35,36,45,46
232,14,15,16,24,25,26,34,35,36,45,46
233,14,15,16,24,25,26,34,35,36
234,14,15,16,24,25,26,34,35,36
235,5,14,15,16,24,25,26,34,35,36
236,5,14,15,16,24,25,26,34,35,36
237,5,6,14,15,16,24,25,26,34,35,36
238,5,6,14,15,16,24,25,26,34,35,36
239,5,14,15,16,24,25,26,34,35,36
240,5,14,15,16,24,25,26,34,35,36
241,14,15,16,24,25,26,34,35,36
242,14,15,16,24,25,26,34,35,36
243,14,15,16,24,25,26,34,35,36,45
244,14,15,16,24,25,26,34,35,36,45
245,14,15,16,24,25,26,34,35,36,44,45,46
246,14,15,16,24,25,26,34,35,36,44,45,46
247,14,15,16,24,25,26,34,35,36,44,45,46
248,14,15,16,24,25,26,34,35,36,44,45,46
249,14,15,16,24,25,26,34,35,36,44,45,46
250,14,15,16,24,25,26,34,35,36,44,45,46
251,14,15,16,24,25,26,34,35,36,44,45,46
252,14,15,16,24,25,26,34,35,36,44,45,46
253,14,15,16,24,25,26,34,35,36,44,45,46
254,14,15,16,24,25,26,34,35,36,44,45,46
255,14,15,16,24,25,26,34,35,36,44,45,46
256,14,15,16,24,25,26,34,35,36,44,45,46
257,14,15,16,24,25,26,34,35,36,44,45,46
258,14,15,16,24,25,26,34,35,36,44,45,46
259,14,15,16,24,25,26,34,35,36,44,45,46
260,14,15,16,24,25,26,34,35,36,44,45,46
261,14,15,16,24,25,26,34,35,36,44,45,46
262,14,15,16,24,25,26,34,35,36,44,45,46
263,14,15,16,24,25,26,27,34,35,36,37,44,45,46
264,14,15,16,24,25,26,27,34,35,36,37,44,45,46
265,14,15,16,24,25,26,27,34,35,36,37,44,45,46
266,14,15,16,24,25,26,27,34,35,36,37,44,45,46
267,14,15,16,24,25,26,27,34,35,36,37,44,45,46
268,14,15,16,24,25,26,27,34,35,36,37,44,45,46
269,14,15,16,24,25,26,27,34,35,36,37,44,45,46
270,14,15,16,24,25,26,27,34,35,36,37,44,45,46
271,14,15,16,24,25,26,27,34,35,36,37,44,45,46
272,14,15,16,24,25,26,27,34,35,36,37,44,45,46
273,15,16,24,25,26,34,35,36,44,45,46
274,15,16,24,25,26,34,35,36,44,45,46
275,14,15,16,24,25,26,34,35,36,44,45,46
276,14,15,16,24,25,26,34,35,36,44,45,46
277,14,15,16,23,24,25,26,33,34,35,36,44,45,46
278,14,15,16,23,24,25,26,33,34,35,36,44,45,46
279,14,15,16,23,24,25,26,33,34,35,36,44,45,46
280,14,15,16,23,24,25,26,33,34,35,36,44,45,46
281,14,15,16,23,24,25,26,33,34,35,36,44,45,46
282,14,15,16,23,24,25,26,33,34,35,36,44,45,46
283,14,15,16,23,24,25,26,33,34,35,36,44,45,46
284,14,15,16,23,24,25,26,33,34,35,36,44,45,46
285,14,15,16,24,25,26,34,35,36,44,45,46
286,14,15,16,24,25,26,34,35,36,44,45,46
287,14,15,16,24,25,26,34,35,36,44,45,46
288,14,15,16,24,25,26,34,35,36,44,45,46
289,14,15,16,24,25,26,34,35,36,44,45,46
290,14,15,16,24,25,26,34,35,36,44,45,46
291,14,15,16,24,25,26,34,35,36,44,45,46
292,14,15,16,24,25,26,34,35,36,44,45,46
293,14,15,16,24,25,26,34,35,36,44,45,46
294,14,15,16,24,25,26,34,35,36,44,45,46
295,14,15,16,24,25,26,34,35,36,44,45,46
296,14,15,16,24,25,26,34,35,36,44,45,46
297,14,15,16,24,25,26,34,35,36,44,45,46
298,14,15,16,24,25,26,34,35,36,44,45,46
299,14,15,16,24,25,26,27,34,35,36,44,45,46
300,14,15,16,24,25,26,27,34,35,36,44,45,46
301,14,15,16,24,25,26,27,34,35,36,37,44,45,46
302,14,15,16,24,25,26,27,34,35,36,37,44,45,46
303,14,15,16,24,25,26,27,34,35,36,37,44,45,46
304,14,15,16,24,25,26,27,34,35,36,37,44,45,46
305,14,15,16,24,25,26,27,34,35,36,37,44,45,46
306,14,15,16,24,25,26,27,34,35,36,37,44,45,46
307,14,15,16,24,25,26,27,34,35,36,37,44,45,46
308,14,15,16,24,25,26,27,34,35,36,37,44,45,46
309,14,15,16,24,25,26,27,34,35,36,37,44,45,46
310,14,15,16,24,25,26,27,34,35,36,37,44,45,46
311,14,15,16,24,25,26,27,34,35,36,37,45,46
312,14,15,16,24,25,26,27,34,35,36,37,45,46
313,14,15,16,24,25,26,27,34,35,36,37,45,46
314,14,15,16,24,25,26,27,34,35,36,37,45,46
315,14,15,16,24,25,26,27,34,35,36,37,45,46
316,14,15,16,24,25,26,27,34,35,36,37,45,46
317,14,15,16,24,25,26,27,34,35,36,37,45,46
318,14,15,16,24,25,26,27,34,35,36,37,45,46
319,14,15,16,24,25,26,27,34,35,36,37,45,46
320,14,15,16,24,25,26,27,34,35,36,37,45,46
321,14,15,16,24,25,26,27,34,35,36,37,45,46
322,14,15,16,24,25,26,27,34,35,36,37,45,46
323,14,15,16,24,25,26,27,34,35,36,37,45,46
324,14,15,16,24,25,26,27,34,35,36,37,45,46
325,14,15,16,24,25,26,27,34,35,36,37,44,45,46
326,14,15,16,24,25,26,27,34,35,36,37,44,45,46
327,14,15,16,24,25,26,27,34,35,36,37,44,45,46
328,14,15,16,24,25,26,27,34,35,36,37,44,45,46
329,14,15,16,24,25,26,27,34,35,36,37,44,45,46
330,14,15,16,24,25,26,27,34,35,36,37,44,45,46
331,14,15,16,24,25,26,27,34,35,36,37,45,46
332,14,15,16,24,25,26,27,34,35,36,37,45,46
333,14,15,16,24,25,26,27,34,35,36,37,45,46
334,14,15,16,24,25,26,27,34,35,36,37,45,46
335,14,15,16,24,25,26,27,34,35,36,37,45,46
336,14,15,16,24,25,26,27,34,35,36,37,45,46
337,14,15,16,24,25,26,27,34,35,36,37,44,45,46
338,14,15,16,24,25,26,27,34,35,36,37,44,45,46
339,14,15,16,24,25,26,27,34,35,36,37,44,45,46
340,14,15,16,24,25,26,27,34,35,36,37,44,45,46
341,15,16,24,25,26,27,34,35,36,37,44,45,46
342,15,16,24,25,26,27,34,35,36,37,44,45,46
343,15,16,24,25,26,27,34,35,36,37,44,45,46
344,15,16,24,25,26,27,34,35,36,37,44,45,46
345,15,16,24,25,26,27,34,35,36,37,44,45,46
346,15,16,24,25,26,27,34,35,36,37,44,45,46
347,15,16,24,25,26,27,34,35,36,37,44,45,46
348,15,16,24,25,26,27,34,35,36,37,44,45,46
349,15,16,24,25,26,27,34,35,36,37,44,45,46
350,15,16,24,25,26,27,34,35,36,37,44,45,46
351,15,16,24,25,26,27,34,35,36,37,44,45,46
352,15,16,24,25,26,27,34,35,36,37,44,45,46
353,15,16,24,25,26,27,34,35,36,37,44,45,46
354,15,16,24,25,26,27,34,35,36,37,44,45,46
355,15,16,24,25,26,27,34,35,36,37,44,45,46,47
356,15,16,24,25,26,27,34,35,36,37,44,45,46,47
357,15,16,24,25,26,27,34,35,36,37,44,45,46,47
358,15,16,24,25,26,27,34,35,36,37,44,45,46,47
359,15,16,24,25,26,27,34,35,36,37,44,45,46,47
360,15,16,24,25,26,27,34,35,36,37,44,45,46,47
361,15,16,24,25,26,27,34,35,36,37,44,45,46
362,15,16,24,25,26,27,34,35,36,37,44,45,46
363,15,16,24,25,26,27,34,35,36,37,44,45,46
364,15,16,24,25,26,27,34,35,36,37,44,45,46
365,14,15,16,24,25,26,27,34,35,36,37,44,45,46
366,14,15,16,24,25,26,27,34,35,36,37,44,45,46
367,14,15,16,24,25,26,27,34,35,36,37,44,45,46
368,14,15,16,24,25,26,27,34,35,36,37,44,45,46
369,14,15,16,24,25,26,27,34,35,36,37,44,45,46
370,14,15,16,24,25,26,27,34,35,36,37,44,45,46
371,14,15,16,24,25,26,27,34,35,36,37,44,45,46
372,14,15,16,24,25,26,27,34,35,36,37,44,45,46
373,14,15,16,24,25,26,27,34,35,36,37,44,45,46
374,14,15,16,24,25,26,27,34,35,36,37,44,45,46
375,14,15,16,24,25,26,27,34,35,36,37,44,45,46
376,14,15,16,24,25,26,27,34,35,36,37,44,45,46
377,14,15,16,24,25,26,27,34,35,36,37,44,45,46
378,14,15,16,24,25,26,27,34,35,36,37,44,45,46
379,14,15,16,24,25,26,27,34,35,36,37,45,46
380,14,15,16,24,25,26,27,34,35,36,37,45,46
381,14,15,16,24,25,26,27,34,35,36,37,45,46
382,14,15,16,24,25,26,27,34,35,36,37,45,46
383,14,15,16,24,25,26,27,34,35,36,37,45,46
384,14,15,16,24,25,26,27,34,35,36,37,45,46
385,14,15,16,17,24,25,26,27,34,35,36,37,45,46
386,14,15,16,17,24,25,26,27,34,35,36,37,45,46
387,14,15,16,17,24,25,26,27,34,35,36,37,45,46
388,14,15,16,17,24,25,26,27,34,35,36,37,45,46
389,15,16,17,24,25,26,27,34,35,36,37,45,46
390,15,16,17,24,25,26,27,34,35,36,37,45,46
391,15,16,17,24,25,26,27,34,35,36,37,45,46
392,15,16,17,24,25,26,27,34,35,36,37,45,46
393,15,16,17,24,25,26,27,34,35,36,37,45,46
394,15,16,17,24,25,26,27,34,35,36,37,45,46
395,15,16,17,24,25,26,27,34,35,36,37,45,46
396,15,16,17,24,25,26,27,34,35,36,37,45,46
397,15,16,17,24,25,26,27,34,35,36,37,45,46
398,15,16,17,24,25,26,27,34,35,36,37,45,46
399,15,16,17,24,25,26,27,34,35,36,37,45,46
400,15,16,17,24,25,26,27,34,35,36,37,45,46
401,15,16,17,24,25,26,27,34,35,36,37,45,46
402,15,16,17,24,25,26,27,34,35,36,37,45,46
403,14,15,16,17,24,25,26,27,34,35,36,37,45,46
404,14,15,16,17,24,25,26,27,34,35,36,37,45,46
405,14,15,16,17,24,25,26,27,34,35,36,37,45,46
406,14,15,16,17,24,25,26,27,34,35,36,37,45,46
407,14,15,16,17,24,25,26,27,34,35,36,37,45,46
408,14,15,16,17,24,25,26,27,34,35,36,37,45,46
409,14,15,16,17,24,25,26,27,34,35,36,37,45,46
410,14,15,16,17,24,25,26,27,34,35,36,37,45,46
411,14,15,16,17,24,25,26,27,34,35,36,37,45,46
412,14,15,16,17,24,25,26,27,34,35,36,37,45,46
413,14,15,16,17,24,25,26,27,34,35,36,37,45,46
414,14,15,16,17,24,25,26,27,34,35,36,37,45,46
415,14,15,16,17,24,25,26,27,34,35,36,37,45,46
416,14,15,16,17,24,25,26,27,34,35,36,37,45,46
417,14,15,16,17,24,25,26,27,34,35,36,37
418,14,15,16,17,24,25,26,27,34,35,36,37
419,14,15,16,17,24,25,26,27,34,35,36,37
420,14,15,16,17,24,25,26,27,34,35,36,37
421,14,15,16,17,24,25,26,27,34,35,36,37
422,14,15,16,17,24,25,26,27,34,35,36,37
423,6,14,15,16,17,24,25,26,27,34,35,36,37
424,6,14,15,16,17,24,25,26,27,34,35,36,37
425,6,14,15,16,17,24,25,26,27,34,35,36,37
426,6,14,15,16,17,24,25,26,27,34,35,36,37
427,14,15,16,17,24,25,26,27,34,35,36,37
428,14,15,16,17,24,25,26,27,34,35,36,37
429,14,15,16,24,25,26,27,34,35,36
430,14,15,16,24,25,26,27,34,35,36
431,14,15,16,24,25,26,34,35,36
432,14,15,16,24,25,26,34,35,36
433,14,15,16,24,25,26,34,35,36
434,14,15,16,24,25,26,34,35,36
435,14,15,16,24,25,26,34,35,36
436,14,15,16,24,25,26,34,35,36
437,14,15,16,24,25,26,34,35,36
438,14,15,16,24,25,26,34,35,36
439,14,15,16,24,25,26,34,35,36
440,14,15,16,24,25,26,34,35,36
441,14,15,16,23,24,25,26,34,35,36
442,14,15,16,23,24,25,26,34,35,36
443,14,15,16,23,24,25,26,34,35,36
444,14,15,16,23,24,25,26,34,35,36
445,14,15,16,23,24,25,26,34,35,36
446,14,15,16,23,24,25,26,34,35,36
447,14,15,16,23,24,25,26,34,35,36
448,14,15,16,23,24,25,26,34,35,36
449,14,15,16,23,24,25,26,34,35,36
450,14,15,16,23,24,25,26,34,35,36
451,14,15,16,24,25,26,34,35,36,45
452,14,15,16,24,25,26,34,35,36,45
453,14,15,16,24,25,26,34,35,36,45
454,14,15,16,24,25,26,34,35,36,45
455,14,15,16,24,25,26,27,34,35,36,45
456,14,15,16,24,25,26,27,34,35,36,45
457,14,15,16,24,25,26,27,34,35,36,37,45,46
458,14,15,16,24,25,26,27,34,35,36,37,45,46
459,14,15,16,17,24,25,26,27,34,35,36,37,45,46
460,14,15,16,17,24,25,26,27,34,35,36,37,45,46
461,14,15,16,17,24,25,26,27,34,35,36,37,45,46
462,14,15,16,17,24,25,26,27,34,35,36,37,45,46
463,14,15,16,17,24,25,26,27,34,35,36,37,45,46
464,14,15,16,17,24,25,26,27,34,35,36,37,45,46
465,14,15,16,17,24,25,26,27,34,35,36,37,45,46
466,14,15,16,17,24,25,26,27,34,35,36,37,45,46
467,14,15,16,17,24,25,26,27,34,35,36,37,45,46
468,14,15,16,17,24,25,26,27,34,35,36,37,45,46
469,14,15,16,17,24,25,26,27,34,35,36,37,45,46
470,14,15,16,17,24,25,26,27,34,35,36,37,45,46
471,14,15,16,17,24,25,26,27,34,35,36,37,45,46
472,14,15,16,17,24,25,26,27,34,35,36,37,45,46
473,14,15,16,17,24,25,26,27,34,35,36,37,45,46
474,14,15,16,17,24,25,26,27,34,35,36,37,45,46
475,14,15,16,17,24,25,26,27,34,35,36,37,45,46
476,14,15,16,17,24,25,26,27,34,35,36,37,45,46
477,14,15,16,17,24,25,26,27,34,35,36,37,45,46
478,14,15,16,17,24,25,26,27,34,35,36,37,45,46
479,14,15,16,17,24,25,26,27,34,35,36,37,45,46
480,14,15,16,17,24,25,26,27,34,35,36,37,45,46
481,15,16,17,24,25,26,27,34,35,36,37,45,46
482,15,16,17,24,25,26,27,34,35,36,37,45,46
483,15,16,17,24,25,26,27,34,35,36,37,45,46
484,15,16,17,24,25,26,27,34,35,36,37,45,46
485,15,16,17,24,25,26,27,34,35,36,37,45,46
486,15,16,17,24,25,26,27,34,35,36,37,45,46
487,15,16,17,24,25,26,27,35,36,37,45,46
488,15,16,17,24,25,26,27,35,36,37,45,46
489,15,16,17,24,25,26,27,35,36,37,45,46
490,15,16,17,24,25,26,27,35,36,37,45,46
491,15,16,17,24,25,26,27,35,36,37,45,46
492,15,16,17,24,25,26,27,35,36,37,45,46
493,15,16,17,24,25,26,27,34,35,36,37,45,46
494,15,16,17,24,25,26,27,34,35,36,37,45,46
495,15,16,17,24,25,26,27,34,35,36,37,45,46
496,15,16,17,24,25,26,27,34,35,36,37,45,46
497,15,16,17,24,25,26,27,34,35,36,37,45,46
498,15,16,17,24,25,26,27,34,35,36,37,45,46
499,15,16,17,24,25,26,27,34,35,36,37,45,46
500,15,16,17,24,25,26,27,34,35,36,37,45,46
501,14,15,16,17,24,25,26,27,34,35,36,37,45,46
502,14,15,16,17,24,25,26,27,34,35,36,37,45,46
503,14,15,16,17,24,25,26,27,34,35,36,37,45,46
504,14,15,16,17,24,25,26,27,34,35,36,37,45,46
505,14,15,16,17,24,25,26,27,34,35,36,37,45,46
506,14,15,16,17,24,25,26,27,34,35,36,37,45,46
507,14,15,16,17,24,25,26,27,34,35,36,37,45,46
508,14,15,16,17,24,25,26,27,34,35,36,37,45,46
509,14,15,16,24,25,26,27,34,35,36,37,45,46
510,14,15,16,24,25,26,27,34,35,36,37,45,46
511,14,15,16,24,25,26,34,35,36,45,46
512,14,15,16,24,25,26,34,35,36,45,46
513,14,15,16,23,24,25,26,34,35,36,44,45
514,14,15,16,23,24,25,26,34,35,36,44,45
515,14,15,16,23,24,25,26,33,34,35,36,44,45
516,14,15,16,23,24,25,26,33,34,35,36,44,45
517,14,15,16,23,24,25,26,33,34,35,36,44,45
518,14,15,16,23,24,25,26,33,34,35,36,44,45
519,14,15,16,23,24,25,26,33,34,35,36,44,45
520,14,15,16,23,24,25,26,33,34,35,36,44,45
521,14,15,16,23,24,25,26,33,34,35,36,44,45
522,14,15,16,23,24,25,26,33,34,35,36,44,45
523,14,15,16,23,24,25,26,33,34,35,36,44,45
524,14,15,16,23,24,25,26,33,34,35,36,44,45
525,14,15,16,23,24,25,26,34,35,36,44,45
526,14,15,16,23,24,25,26,34,35,36,44,45
527,14,15,16,24,25,26,34,35,36,45
528,14,15,16,24,25,26,34,35,36,45
529,14,15,16,24,25,26,27,34,35,36,37,45
530,14,15,16,24,25,26,27,34,35,36,37,45
531,14,15,16,17,24,25,26,27,34,35,36,37,45,46
532,14,15,16,17,24,25,26,27,34,35,36,37,45,46
533,14,15,16,17,24,25,26,27,34,35,36,37,45,46
534,14,15,16,17,24,25,26,27,34,35,36,37,45,46
535,14,15,16,17,24,25,26,27,34,35,36,37,45,46
536,14,15,16,17,24,25,26,27,34,35,36,37,45,46
537,14,15,16,17,24,25,26,27,34,35,36,37
538,14,15,16,17,24,25,26,27,34,35,36,37
539,15,16,17,24,25,26,27,35,36,37
540,15,16,17,24,25,26,27,35,36,37
541,15,16,17,25,26,27,35,36,37
542,15,16,17,25,26,27,35,36,37
543,15,16,17,25,26,27,35,36,37
544,15,16,17,25,26,27,35,36,37
545,15,16,17,25,26,27,35,36,37
546,15,16,17,25,26,27,35,36,37
547,15,16,17,25,26,27,35,36,37,46
548,15,16,17,25,26,27,35,36,37,46
549,15,16,17,25,26,27,35,36,37,46
550,15,16,17,25,26,27,35,36,37,46
551,15,16,17,25,26,27,35,36,37,46
552,15,16,17,25,26,27,35,36,37,46
553,15,16,17,25,26,27,35,36,37
554,15,16,17,25,26,27,35,36,37
555,15,16,17,25,26,27,35,36,37
556,15,16,17,25,26,27,35,36,37
557,15,16,17,25,26,27,35,36,37,46
558,15,16,17,25,26,27,35,36,37,46
559,15,16,17,25,26,27,35,36,37,46
560,15,16,17,25,26,27,35,36,37,46
561,15,16,17,25,26,27,35,36,37,46
562,15,16,17,25,26,27,35,36,37,46
563,15,16,17,24,25,26,27,35,36,37
564,15,16,17,24,25,26,27,35,36,37
565,14,15,16,17,24,25,26,27,34,35,36,37
566,14,15,16,17,24,25,26,27,34,35,36,37
567,14,15,16,17,24,25,26,27,34,35,36,37
568,14,15,16,17,24,25,26,27,34,35,36,37
569,14,15,16,17,24,25,26,27,34,35,36,37
570,14,15,16,17,24,25,26,27,34,35,36,37
571,14,15,16,17,24,25,26,27,34,35,36,37
572,14,15,16,17,24,25,26,27,34,35,36,37
573,14,15,16,17,24,25,26,27,34,35,36,37
574,14,15,16,17,24,25,26,27,34,35,36,37
575,14,15,16,17,24,25,26,27,34,35,36,37
576,14,15,16,17,24,25,26,27,34,35,36,37
577,14,15,16,17,24,25,26,27,34,35,36,37
578,14,15,16,17,24,25,26,27,34,35,36,37
579,6,14,15,16,17,24,25,26,27,34,35,36,37
580,6,14,15,16,17,24,25,26,27,34,35,36,37
581,6,14,15,16,17,24,25,26,27,34,35,36,37
582,6,14,15,16,17,24,25,26,27,34,35,36,37
583,5,6,14,15,16,17,24,25,26,27,34,35,36,37
584,5,6,14,15,16,17,24,25,26,27,34,35,36,37
585,5,6,14,15,16,17,24,25,26,27,34,35,36,37
586,5,6,14,15,16,17,24,25,26,27,34,35,36,37
587,5,6,14,15,16,17,24,25,26,27,34,35,36,37
588,5,6,14,15,16,17,24,25,26,27,34,35,36,37
589,14,15,16,17,24,25,26,27,34,35,36,37
590,14,15,16,17,24,25,26,27,34,35,36,37
591,14,15,16,24,25,26,27,34,35,36,45
592,14,15,16,24,25,26,27,34,35,36,45
593,14,15,16,24,25,26,34,35,36,45
594,14,15,16,24,25,26,34,35,36,45
595,14,15,16,24,25,26,34,35,36
596,14,15,16,24,25,26,34,35,36
597,14,15,16,24,25,26,34,35,36
598,14,15,16,24,25,26,34,35,36
599,14,15,16,24,25,26,34,35,36
600,14,15,16,24,25,26,34,35,36
601,14,15,16,24,25,26,34,35,36
602,14,15,16,24,25,26,34,35,36
603,14,15,16,24,25,26,34,35,36
604,14,15,16,24,25,26,34,35,36
605,14,15,16,24,25,26,27,34,35,36
606,14,15,16,24,25,26,27,34,35,36
607,14,15,16,24,25,26,27,34,35,36
608,14,15,16,24,25,26,27,34,35,36
609,14,15,16,17,24,25,26,27,34,35,36,37
610,14,15,16,17,24,25,26,27,34,35,36,37
611,6,14,15,16,17,24,25,26,27,34,35,36,37
612,6,14,15,16,17,24,25,26,27,34,35,36,37
613,14,15,16,17,24,25,26,27,34,35,36,37
614,14,15,16,17,24,25,26,27,34,35,36,37
615,14,15,16,17,24,25,26,27,34,35,36,37
616,14,15,16,17,24,25,26,27,34,35,36,37
617,14,15,16,17,24,25,26,27,34,35,36,37,45,46
618,14,15,16,17,24,25,26,27,34,35,36,37,45,46
619,14,15,16,17,24,25,26,27,34,35,36,37,45,46
620,14,15,16,17,24,25,26,27,34,35,36,37,45,46
621,14,15,16,17,24,25,26,27,34,35,36,37,45,46
622,14,15,16,17,24,25,26,27,34,35,36,37,45,46
623,14,15,16,17,24,25,26,27,34,35,36,37,45,46
624,14,15,16,17,24,25,26,27,34,35,36,37,45,46
625,14,15,16,17,24,25,26,27,34,35,36,37,45,46
626,14,15,16,17,24,25,26,27,34,35,36,37,45,46
627,14,15,16,17,24,25,26,27,34,35,36,37,45,46
628,14,15,16,17,24,25,26,27,34,35,36,37,45,46
629,15,16,17,24,25,26,27,34,35,36,37,45,46
630,15,16,17,24,25,26,27,34,35,36,37,45,46
631,14,15,16,17,24,25,26,27,34,35,36,37,45,46
632,14,15,16,17,24,25,26,27,34,35,36,37,45,46
633,15,16,17,24,25,26,27,34,35,36,37,45,46,47
634,15,16,17,24,25,26,27,34,35,36,37,45,46,47
635,14,15,16,17,24,25,26,27,34,35,36,37,45,46
636,14,15,16,17,24,25,26,27,34,35,36,37,45,46
637,14,15,16,17,24,25,26,27,34,35,36,37,45,46
638,14,15,16,17,24,25,26,27,34,35,36,37,45,46
639,14,15,16,17,24,25,26,27,34,35,36,37,45,46
640,14,15,16,17,24,25,26,27,34,35,36,37,45,46
641,14,15,16,17,24,25,26,27,34,35,36,37,45,46
642,14,15,16,17,24,25,26,27,34,35,36,37,45,46
643,14,15,16,17,24,25,26,27,34,35,36,37,45,46
644,14,15,16,17,24,25,26,27,34,35,36,37,45,46
645,14,15,16,17,24,25,26,27,34,35,36,37,45,46
646,14,15,16,17,24,25,26,27,34,35,36,37,45,46
647,14,15,16,17,24,25,26,27,34,35,36,37,45,46
648,14,15,16,17,24,25,26,27,34,35,36,37,45,46
649,14,15,16,17,24,25,26,27,34,35,36,37,45,46
650,14,15,16,17,24,25,26,27,34,35,36,37,45,46
651,14,15,16,17,24,25,26,27,34,35,36,37,45,46
652,14,15,16,17,24,25,26,27,34,35,36,37,45,46
653,14,15,16,17,24,25,26,27,34,35,36,37,45,46
654,14,15,16,17,24,25,26,27,34,35,36,37,45,46
655,14,15,16,17,24,25,26,27,34,35,36,37
656,14,15,16,17,24,25,26,27,34,35,36,37
657,14,15,16,17,24,25,26,27,34,35,36,37
658,14,15,16,17,24,25,26,27,34,35,36,37
659,14,15,16,17,24,25,26,27,34,35,36,37
660,14,15,16,17,24,25,26,27,34,35,36,37
661,6,14,15,16,17,24,25,26,27,34,35,36,37
662,6,14,15,16,17,24,25,26,27,34,35,36,37
663,6,14,15,16,17,24,25,26,27,34,35,36,37
664,6,14,15,16,17,24,25,26,27,34,35,36,37
665,6,14,15,16,17,24,25,26,27,34,35,36,37
666,6,14,15,16,17,24,25,26,27,34,35,36,37
667,6,14,15,16,17,24,25,26,27,34,35,36,37
668,6,14,15,16,17,24,25,26,27,34,35,36,37
669,6,14,15,16,17,24,25,26,27,34,35,36,37
670,6,14,15,16,17,24,25,26,27,34,35,36,37
671,6,14,15,16,17,24,25,26,27,34,35,36,37
672,6,14,15,16,17,24,25,26,27,34,35,36,37
673,14,15,16,17,24,25,26,27,34,35,36,37
674,14,15,16,17,24,25,26,27,34,35,36,37
675,14,15,16,17,24,25,26,27,34,35,36,37
676,14,15,16,17,24,25,26,27,34,35,36,37
677,6,14,15,16,17,24,25,26,27,34,35,36,37
678,6,14,15,16,17,24,25,26,27,34,35,36,37
679,6,14,15,16,17,24,25,26,27,34,35,36,37
680,6,14,15,16,17,24,25,26,27,34,35,36,37
681,6,14,15,16,17,24,25,26,27,34,35,36,37
682,6,14,15,16,17,24,25,26,27,34,35,36,37
683,6,14,15,16,17,24,25,26,27,34,35,36,37
684,6,14,15,16,17,24,25,26,27,34,35,36,37
685,6,14,15,16,17,24,25,26,27,34,35,36,37
686,6,14,15,16,17,24,25,26,27,34,35,36,37
687,6,14,15,16,17,24,25,26,27,34,35,36,37
688,6,14,15,16,17,24,25,26,27,34,35,36,37
689,6,14,15,16,17,24,25,26,27,34,35,36,37
690,6,14,15,16,17,24,25,26,27,34,35,36,37
691,6,14,15,16,17,24,25,26,27,34,35,36,37
692,6,14,15,16,17,24,25,26,27,34,35,36,37
693,6,14,15,16,17,24,25,26,27,34,35,36,37
694,6,14,15,16,17,24,25,26,27,34,35,36,37
695,6,14,15,16,17,24,25,26,27,34,35,36,37
696,6,14,15,16,17,24,25,26,27,34,35,36,37
697,6,14,15,16,17,24,25,26,27,34,35,36,37
698,6,14,15,16,17,24,25,26,27,34,35,36,37
699,6,14,15,16,17,24,25,26,27,34,35,36,37
700,6,14,15,16,17,24,25,26,27,34,35,36,37
701,6,14,15,16,17,24,25,26,27,34,35,36,37
702,6,14,15,16,17,24,25,26,27,34,35,36,37
703,14,15,16,17,24,25,26,27,34,35,36,37
704,14,15,16,17,24,25,26,27,34,35,36,37
705,14,15,16,17,24,25,26,27,34,35,36,37
706,14,15,16,17,24,25,26,27,34,35,36,37
707,15,16,17,24,25,26,27,35,36,37
708,15,16,17,24,25,26,27,35,36,37
709,15,16,17,25,26,27,35,36,37
710,15,16,17,25,26,27,35,36,37
711,15,16,17,25,26,27,35,36,37
712,15,16,17,25,26,27,35,36,37
713,15,16,17,25,26,27,28,35,36,37
714,15,16,17,25,26,27,28,35,36,37
715,15,16,17,18,25,26,27,28,35,36,37,38
716,15,16,17,18,25,26,27,28,35,36,37,38
717,15,16,17,18,25,26,27,28,35,36,37
718,15,16,17,18,25,26,27,28,35,36,37
719,15,16,17,25,26,27,28,35,36,37
720,15,16,17,25,26,27,28,35,36,37
721,15,16,17,25,26,27,35,36,37
722,15,16,17,25,26,27,35,36,37
723,15,16,17,25,26,27,35,36,37
724,15,16,17,25,26,27,35,36,37
725,15,16,17,25,26,27,35,36,37
726,15,16,17,25,26,27,35,36,37
727,15,16,17,25,26,27,35,36,37
728,15,16,17,25,26,27,35,36,37
729,15,16,17,25,26,27,35,36,37
730,15,16,17,25,26,27,35,36,37
731,15,16,17,25,26,27,28,35,36,37
732,15,16,17,25,26,27,28,35,36,37
733,7,15,16,17,18,25,26,27,28,35,36,37,38
734,7,15,16,17,18,25,26,27,28,35,36,37,38
735,7,15,16,17,18,25,26,27,28,35,36,37,38
736,7,15,16,17,18,25,26,27,28,35,36,37,38
737,7,15,16,17,18,25,26,27,28,35,36,37,38
738,7,15,16,17,18,25,26,27,28,35,36,37,38
739,7,15,16,17,18,25,26,27,28,35,36,37,38
740,7,15,16,17,18,25,26,27,28,35,36,37,38
741,7,15,16,17,18,25,26,27,28,36,37,38
742,7,15,16,17,18,25,26,27,28,36,37,38
743,7,15,16,17,18,25,26,27,28,36,37,38
744,7,15,16,17,18,25,26,27,28,36,37,38
745,7,16,17,18,25,26,27,28,36,37,38
746,7,16,17,18,25,26,27,28,36,37,38
747,7,16,17,18,26,27,28,36,37,38
748,7,16,17,18,26,27,28,36,37,38
749,7,16,17,18,26,27,28,36,37,38
750,7,16,17,18,26,27,28,36,37,38
751,7,8,16,17,18,26,27,28,36,37,38
752,7,8,16,17,18,26,27,28,36,37,38
753,7,8,16,17,18,26,27,28,29,36,37,38
754,7,8,16,17,18,26,27,28,29,36,37,38
755,7,8,16,17,18,19,26,27,28,29,36,37,38
756,7,8,16,17,18,19,26,27,28,29,36,37,38
757,8,16,17,18,19,26,27,28,29,36,37,38,39
758,8,16,17,18,19,26,27,28,29,36,37,38,39
759,16,17,18,19,26,27,28,29,36,37,38,39
760,16,17,18,19,26,27,28,29,36,37,38,39
761,16,17,18,19,26,27,28,29,36,37,38,39
762,16,17,18,19,26,27,28,29,36,37,38,39
763,16,17,18,19,26,27,28,29,36,37,38,39
764,16,17,18,19,26,27,28,29,36,37,38,39
765,16,17,18,19,26,27,28,29,36,37,38,39
766,16,17,18,19,26,27,28,29,36,37,38,39
767,16,17,18,19,26,27,28,29,36,37,38,39
768,16,17,18,19,26,27,28,29,36,37,38,39
769,16,17,18,19,26,27,28,29,36,37,38,39
770,16,17,18,19,26,27,28,29,36,37,38,39
771,17,18,19,26,27,28,29,37,38,39
772,17,18,19,26,27,28,29,37,38,39
773,17,18,19,26,27,28,29,37,38,39
774,17,18,19,26,27,28,29,37,38,39
775,17,18,19,26,27,28,29,37,38,39
776,17,18,19,26,27,28,29,37,38,39
777,17,18,19,27,28,29,37,38,39
778,17,18,19,27,28,29,37,38,39
779,17,18,19,27,28,29,37,38,39,48
780,17,18,19,27,28,29,37,38,39,48
781,17,18,19,27,28,29,37,38,39,48
782,17,18,19,27,28,29,37,38,39,48
783,17,18,19,27,28,29,37,38,39,48
784,17,18,19,27,28,29,37,38,39,48
785,17,18,19,27,28,29,37,38,39,48
786,17,18,19,27,28,29,37,38,39,48
787,17,18,19,27,28,29,37,38,39,48
788,17,18,19,27,28,29,37,38,39,48
789,17,18,19,27,28,29,37,38,39,48
790,17,18,19,27,28,29,37,38,39,48
791,17,18,19,26,27,28,29,37,38,39,47,48
792,17,18,19,26,27,28,29,37,38,39,47,48
793,17,18,19,26,27,28,29,36,37,38,39,47,48
794,17,18,19,26,27,28,29,36,37,38,39,47,48
795,17,18,19,26,27,28,29,36,37,38,39,47,48
796,17,18,19,26,27,28,29,36,37,38,39,47,48
797,17,18,19,26,27,28,29,36,37,38,39,47,48
798,17,18,19,26,27,28,29,36,37,38,39,47,48
799,17,18,19,26,27,28,29,36,37,38,39,47,48
800,17,18,19,26,27,28,29,36,37,38,39,47,48
801,17,18,19,26,27,28,29,36,37,38,39,47,48
802,17,18,19,26,27,28,29,36,37,38,39,47,48
803,17,18,19,27,28,29,37,38,39,47,48,49
804,17,18,19,27,28,29,37,38,39,47,48,49
805,17,18,19,27,28,29,37,38,39,47,48,49
806,17,18,19,27,28,29,37,38,39,47,48,49
807,17,18,19,27,28,29,30,37,38,39,40,47,48,49
808,17,18,19,27,28,29,30,37,38,39,40,47,48,49
809,17,18,19,27,28,29,30,37,38,39,40,48,49
810,17,18,19,27,28,29,30,37,38,39,40,48,49
811,17,18,19,20,27,28,29,30,37,38,39,40,48,49
812,17,18,19,20,27,28,29,30,37,38,39,40,48,49
813,17,18,19,20,27,28,29,30,37,38,39,40,48,49
814,17,18,19,20,27,28,29,30,37,38,39,40,48,49
815,17,18,19,20,27,28,29,30,37,38,39,40,48,49
816,17,18,19,20,27,28,29,30,37,38,39,40,48,49
817,18,19,20,27,28,29,30,37,38,39,40,48,49,50
818,18,19,20,27,28,29,30,37,38,39,40,48,49,50
819,18,19,20,27,28,29,30,37,38,39,40,48,49,50
820,18,19,20,27,28,29,30,37,38,39,40,48,49,50
821,18,19,20,27,28,29,30,37,38,39,40,48,49,50
822,18,19,20,27,28,29,30,37,38,39,40,48,49,50
823,18,19,20,27,28,29,30,37,38,39,40,48,49,50
824,18,19,20,27,28,29,30,37,38,39,40,48,49,50
825,18,19,20,27,28,29,30,37,38,39,40,48,49,50
826,18,19,20,27,28,29,30,37,38,39,40,48,49,50
827,18,19,20,27,28,29,30,37,38,39,40,48,49,50
828,18,19,20,27,28,29,30,37,38,39,40,48,49,50
829,18,19,20,28,29,30,38,39,40,48,49,50
830,18,19,20,28,29,30,38,39,40,48,49,50
831,18,19,20,28,29,30,38,39,40,48,49,50
832,18,19,20,28,29,30,38,39,40,48,49,50
833,19,20,21,28,29,30,31,38,39,40,48,49,50
834,19,20,21,28,29,30,31,38,39,40,48,49,50
835,19,20,21,28,29,30,31,38,39,40,48,49,50
836,19,20,21,28,29,30,31,38,39,40,48,49,50
837,19,20,21,28,29,30,31,38,39,40,48,49,50
838,19,20,21,28,29,30,31,38,39,40,48,49,50
839,19,20,21,28,29,30,31,38,39,40,48,49,50
840,19,20,21,28,29,30,31,38,39,40,48,49,50
841,19,20,21,28,29,30,31,38,39,40,41,48,49,50
842,19,20,21,28,29,30,31,38,39,40,41,48,49,50
843,19,20,21,28,29,30,31,38,39,40,41,48,49,50
844,19,20,21,28,29,30,31,38,39,40,41,48,49,50
845,19,20,21,28,29,30,31,38,39,40,41,48,49,50
846,19,20,21,28,29,30,31,38,39,40,41,48,49,50
847,19,20,21,28,29,30,31,38,39,40,41,48,49,50
848,19,20,21,28,29,30,31,38,39,40,41,48,49,50
849,19,20,21,28,29,30,31,38,39,40,41,48,49,50
850,19,20,21,28,29,30,31,38,39,40,41,48,49,50
851,19,20,21,28,29,30,31,38,39,40,41,48,49,50
852,19,20,21,28,29,30,31,38,39,40,41,48,49,50
853,19,20,21,28,29,30,31,38,39,40,41,48,49,50
854,19,20,21,28,29,30,31,38,39,40,41,48,49,50
855,19,20,21,28,29,30,31,38,39,40,41,48,49,50
856,19,20,21,28,29,30,31,38,39,40,41,48,49,50
857,19,20,21,28,29,30,31,38,39,40,48,49,50
858,19,20,21,28,29,30,31,38,39,40,48,49,50
859,19,20,21,28,29,30,31,38,39,40,48,49,50
860,19,20,21,28,29,30,31,38,39,40,48,49,50
861,19,20,28,29,30,31,38,39,40,48,49,50
862,19,20,28,29,30,31,38,39,40,48,49,50
863,19,20,27,28,29,30,37,38,39,40,48,49,50
864,19,20,27,28,29,30,37,38,39,40,48,49,50
865,18,19,20,27,28,29,30,37,38,39,40,48,49,50
866,18,19,20,27,28,29,30,37,38,39,40,48,49,50
867,18,19,27,28,29,30,37,38,39,40,47,48,49,50
868,18,19,27,28,29,30,37,38,39,40,47,48,49,50
869,18,19,27,28,29,30,37,38,39,40,47,48,49,50
870,18,19,27,28,29,30,37,38,39,40,47,48,49,50
871,18,19,26,27,28,29,36,37,38,39,47,48,49
872,18,19,26,27,28,29,36,37,38,39,47,48,49
873,17,18,26,27,28,29,36,37,38,39,46,47,48,49
874,17,18,26,27,28,29,36,37,38,39,46,47,48,49
875,17,18,26,27,28,29,36,37,38,39,46,47,48
876,17,18,26,27,28,29,36,37,38,39,46,47,48
877,16,17,18,25,26,27,28,35,36,37,38,46,47,48
878,16,17,18,25,26,27,28,35,36,37,38,46,47,48
879,15,16,17,25,26,27,28,35,36,37,38,45,46,47,48
880,15,16,17,25,26,27,28,35,36,37,38,45,46,47,48
881,15,16,17,25,26,27,28,35,36,37,38,45,46,47
882,15,16,17,25,26,27,28,35,36,37,38,45,46,47
883,15,16,17,24,25,26,27,34,35,36,37,45,46,47
884,15,16,17,24,25,26,27,34,35,36,37,45,46,47
885,15,16,17,24,25,26,27,34,35,36,37,45,46,47
886,15,16,17,24,25,26,27,34,35,36,37,45,46,47
887,15,16,17,24,25,26,27,34,35,36,37,45,46,47
888,15,16,17,24,25,26,27,34,35,36,37,45,46,47
889,15,16,17,24,25,26,27,34,35,36,37,45,46,47
890,15,16,17,24,25,26,27,34,35,36,37,45,46,47
891,15,16,17,24,25,26,27,34,35,36,37,45,46
892,15,16,17,24,25,26,27,34,35,36,37,45,46
893,14,15,16,17,24,25,26,27,34,35,36,37,45,46
894,14,15,16,17,24,25,26,27,34,35,36,37,45,46
895,14,15,16,17,24,25,26,27,34,35,36,37,45,46
896,14,15,16,17,24,25,26,27,34,35,36,37,45,46
897,14,15,16,17,24,25,26,27,34,35,36,37
898,14,15,16,17,24,25,26,27,34,35,36,37
899,6,14,15,16,17,24,25,26,27,34,35,36,37
900,6,14,15,16,17,24,25,26,27,34,35,36,37
901,5,6,14,15,16,17,24,25,26,27,34,35,36,37
902,5,6,14,15,16,17,24,25,26,27,34,35,36,37
903,5,6,14,15,16,17,24,25,26,27,34,35,36
904,5,6,14,15,16,17,24,25,26,27,34,35,36
905,5,6,14,15,16,17,24,25,26,27,34,35,36
906,5,6,14,15,16,17,24,25,26,27,34,35,36
907,5,6,14,15,16,17,24,25,26,27,34,35,36
908,5,6,14,15,16,17,24,25,26,27,34,35,36
909,5,6,14,15,16,17,24,25,26,27,34,35,36
910,5,6,14,15,16,17,24,25,26,27,34,35,36
911,5,6,14,15,16,17,24,25,26,27,34,35,36
912,5,6,14,15,16,17,24,25,26,27,34,35,36
913,5,6,14,15,16,17,24,25,26,27,34,35,36
914,5,6,14,15,16,17,24,25,26,27,34,35,36
915,5,6,14,15,16,17,24,25,26,27,34,35,36
916,5,6,14,15,16,17,24,25,26,27,34,35,36
917,5,6,14,15,16,17,24,25,26,27,34,35,36
918,5,6,14,15,16,17,24,25,26,27,34,35,36
919,4,5,6,7,14,15,16,17,24,25,26,27,34,35,36
920,4,5,6,7,14,15,16,17,24,25,26,27,34,35,36
921,4,5,6,7,14,15,16,17,24,25,26,27,34,35,36
922,4,5,6,7,14,15,16,17,24,25,26,27,34,35,36
923,4,5,6,7,14,15,16,17,24,25,26,27,34,35,36
924,4,5,6,7,14,15,16,17,24,25,26,27,34,35,36
925,4,5,6,14,15,16,17,24,25,26,27,34,35,36
926,4,5,6,14,15,16,17,24,25,26,27,34,35,36
927,4,5,6,14,15,16,17,24,25,26,27,34,35,36
928,4,5,6,14,15,16,17,24,25,26,27,34,35,36
929,4,5,6,14,15,16,17,24,25,26,27,34,35,36
930,4,5,6,14,15,16,17,24,25,26,27,34,35,36
931,4,5,6,14,15,16,17,24,25,26,27,34,35,36
932,4,5,6,14,15,16,17,24,25,26,27,34,35,36
933,4,5,6,14,15,16,24,25,26,34,35,36
934,4,5,6,14,15,16,24,25,26,34,35,36
935,4,5,6,14,15,16,24,25,26,34,35,36
936,4,5,6,14,15,16,24,25,26,34,35,36
937,4,5,6,14,15,16,24,25,26,34,35,36
938,4,5,6,14,15,16,24,25,26,34,35,36
939,4,5,6,14,15,16,24,25,26,34,35,36
940,4,5,6,14,15,16,24,25,26,34,35,36
941,4,5,6,14,15,16,24,25,26,34,35,36
942,4,5,6,14,15,16,24,25,26,34,35,36
943,4,5,6,14,15,16,24,25,26,34,35,36
944,4,5,6,14,15,16,24,25,26,34,35,36
945,4,5,6,13,14,15,16,23,24,25,26,34,35,36
946,4,5,6,13,14,15,16,23,24,25,26,34,35,36
947,4,5,6,13,14,15,16,23,24,25,26,34,35,36
948,4,5,6,13,14,15,16,23,24,25,26,34,35,36
949,4,5,6,13,14,15,16,23,24,25,26,34,35,36
950,4,5,6,13,14,15,16,23,24,25,26,34,35,36
951,4,5,6,13,14,15,16,23,24,25,26,34,35,36
952,4,5,6,13,14,15,16,23,24,25,26,34,35,36
953,4,5,6,13,14,15,16,23,24,25,26,34,35,36
954,4,5,6,13,14,15,16,23,24,25,26,34,35,36
955,4,5,6,13,14,15,16,23,24,25,26,34,35,36
956,4,5,6,13,14,15,16,23,24,25,26,34,35,36
957,4,5,6,13,14,15,16,23,24,25,26,34,35,36
958,4,5,6,13,14,15,16,23,24,25,26,34,35,36
959,4,5,6,13,14,15,16,23,24,25,26,34,35,36
960,4,5,6,13,14,15,16,23,24,25,26,34,35,36
961,4,5,6,13,14,15,16,23,24,25,26,34,35,36
962,4,5,6,13,14,15,16,23,24,25,26,34,35,36
963,4,5,6,13,14,15,16,23,24,25,26,34,35,36
964,4,5,6,13,14,15,16,23,24,25,26,34,35,36
965,4,5,6,13,14,15,16,23,24,25,26,34,35,36
966,4,5,6,13,14,15,16,23,24,25,26,34,35,36
967,4,5,6,13,14,15,16,23,24,25,26,34,35,36
968,4,5,6,13,14,15,16,23,24,25,26,34,35,36
969,4,5,6,13,14,15,16,23,24,25,26,34,35,36
970,4,5,6,13,14,15,16,23,24,25,26,34,35,36
971,4,5,6,13,14,15,16,23,24,25,26,34,35,36
972,4,5,6,13,14,15,16,23,24,25,26,34,35,36
973,4,5,6,13,14,15,16,23,24,25,26,34,35,36
974,4,5,6,13,14,15,16,23,24,25,26,34,35,36
975,4,5,6,13,14,15,16,23,24,25,26,34,35,36
976,4,5,6,13,14,15,16,23,24,25,26,34,35,36
977,4,5,6,13,14,15,16,23,24,25,26,34,35,36
978,4,5,6,13,14,15,16,23,24,25,26,34,35,36
979,3,4,5,6,13,14,15,16,23,24,25,26,34,35
980,3,4,5,6,13,14,15,16,23,24,25,26,34,35
981,3,4,5,6,13,14,15,16,23,24,25,26,34,35
982,3,4,5,6,13,14,15,16,23,24,25,26,34,35
983,3,4,5,6,13,14,15,16,23,24,25,26,34,35
984,3,4,5,6,13,14,15,16,23,24,25,26,34,35
985,3,4,5,6,13,14,15,16,23,24,25,26,34,35
986,3,4,5,6,13,14,15,16,23,24,25,26,34,35
987,3,4,5,6,13,14,15,16,23,24,25,26,34,35
988,3,4,5,6,13,14,15,16,23,24,25,26,34,35
989,3,4,5,6,13,14,15,16,23,24,25,26,34,35
990,3,4,5,6,13,14,15,16,23,24,25,26,34,35
991,3,4,5,6,13,14,15,16,23,24,25,26,34,35
992,3,4,5,6,13,14,15,16,23,24,25,26,34,35
993,3,4,5,6,13,14,15,16,23,24,25,26,33,34,35
994,3,4,5,6,13,14,15,16,23,24,25,26,33,34,35
995,4,5,6,13,14,15,16,23,24,25,26,33,34,35
996,4,5,6,13,14,15,16,23,24,25,26,33,34,35
997,4,5,6,13,14,15,16,23,24,25,26,34,35
998,4,5,6,13,14,15,16,23,24,25,26,34,35
999,4,5,6,13,14,15,16,23,24,25,26,34,35
1000,4,5,6,13,14,15,16,23,24,25,26,34,35
1001,4,5,6,13,14,15,16,23,24,25,26,34,35
1002,4,5,6,13,14,15,16,23,24,25,26,34,35
1003,4,5,6,13,14,15,16,23,24,25,26,34,35,36
1004,4,5,6,13,14,15,16,23,24,25,26,34,35,36
1005,4,5,6,13,14,15,16,23,24,25,26,34,35,36
1006,4,5,6,13,14,15,16,23,24,25,26,34,35,36
1007,4,5,6,13,14,15,16,23,24,25,26,34,35,36
1008,4,5,6,13,14,15,16,23,24,25,26,34,35,36
1009,4,5,6,13,14,15,16,23,24,25,26,34,35,36
1010,4,5,6,13,14,15,16,23,24,25,26,34,35,36
1011,5,13,14,15,16,23,24,25,26,34,35,36
1012,5,13,14,15,16,23,24,25,26,34,35,36
1013,5,13,14,15,16,23,24,25,26,34,35,36
1014,5,13,14,15,16,23,24,25,26,34,35,36
1015,5,13,14,15,16,23,24,25,26,34,35,36
1016,5,13,14,15,16,23,24,25,26,34,35,36
1017,5,13,14,15,16,23,24,25,26,34,35,36
1018,5,13,14,15,16,23,24,25,26,34,35,36
1019,5,14,15,16,23,24,25,26,34,35,36
1020,5,14,15,16,23,24,25,26,34,35,36
1021,5,13,14,15,16,23,24,25,26,34,35,36
1022,5,13,14,15,16,23,24,25,26,34,35,36
1023,5,13,14,15,16,23,24,25,26,34,35,36
1024,5,13,14,15,16,23,24,25,26,34,35,36
1025,5,13,14,15,16,23,24,25,26,34,35,36
1026,5,13,14,15,16,23,24,25,26,34,35,36
1027,14,15,16,23,24,25,26,34,35,36
1028,14,15,16,23,24,25,26,34,35,36
1029,14,15,16,24,25,26,34,35,36
1030,14,15,16,24,25,26,34,35,36
1031,14,15,16,24,25,26,34,35,36
1032,14,15,16,24,25,26,34,35,36
1033,14,15,16,17,24,25,26,27,34,35,36,37
1034,14,15,16,17,24,25,26,27,34,35,36,37
1035,6,14,15,16,17,24,25,26,27,34,35,36,37
1036,6,14,15,16,17,24,25,26,27,34,35,36,37
1037,6,14,15,16,17,24,25,26,27,34,35,36,37
1038,6,14,15,16,17,24,25,26,27,34,35,36,37
1039,14,15,16,17,24,25,26,27,34,35,36,37
1040,14,15,16,17,24,25,26,27,34,35,36,37
1041,14,15,16,24,25,26,27,34,35,36
1042,14,15,16,24,25,26,27,34,35,36
1043,14,15,16,24,25,26,34,35,36
1044,14,15,16,24,25,26,34,35,36
1045,14,15,16,24,25,26,34,35,36
1046,14,15,16,24,25,26,34,35,36
1047,5,14,15,16,24,25,26,34,35,36
1048,5,14,15,16,24,25,26,34,35,36
1049,5,14,15,16,24,25,26,34,35,36
1050,5,14,15,16,24,25,26,34,35,36
1051,5,14,15,16,23,24,25,26,34,35,36
1052,5,14,15,16,23,24,25,26,34,35,36
1053,5,14,15,16,23,24,25,26,34,35,36
1054,5,14,15,16,23,24,25,26,34,35,36
1055,5,14,15,16,23,24,25,26,34,35,36
1056,5,14,15,16,23,24,25,26,34,35,36
1057,5,14,15,16,24,25,26,34,35,36
1058,5,14,15,16,24,25,26,34,35,36
1059,5,14,15,16,24,25,26,34,35,36
1060,5,14,15,16,24,25,26,34,35,36
1061,5,14,15,16,24,25,26,34,35,36
1062,5,14,15,16,24,25,26,34,35,36
1063,5,14,15,16,24,25,26,34,35,36
1064,5,14,15,16,24,25,26,34,35,36
1065,5,14,15,16,24,25,26,34,35,36
1066,5,14,15,16,24,25,26,34,35,36
1067,5,14,15,16,24,25,26,34,35,36
1068,5,14,15,16,24,25,26,34,35,36
1069,5,14,15,16,24,25,26,34,35,36
1070,5,14,15,16,24,25,26,34,35,36
1071,5,14,15,16,24,25,26,34,35,36
1072,5,14,15,16,24,25,26,34,35,36
1073,5,6,14,15,16,24,25,26,34,35,36
1074,5,6,14,15,16,24,25,26,34,35,36
1075,5,6,14,15,16,24,25,26,27,34,35,36
1076,5,6,14,15,16,24,25,26,27,34,35,36
1077,5,6,14,15,16,17,24,25,26,27,34,35,36
1078,5,6,14,15,16,17,24,25,26,27,34,35,36
1079,5,6,14,15,16,17,24,25,26,27,34,35,36
1080,5,6,14,15,16,17,24,25,26,27,34,35,36
1081,5,6,14,15,16,17,24,25,26,27,34,35,36
1082,5,6,14,15,16,17,24,25,26,27,34,35,36
1083,5,6,14,15,16,17,24,25,26,27,34,35,36,37
1084,5,6,14,15,16,17,24,25,26,27,34,35,36,37
1085,5,6,14,15,16,17,24,25,26,27,34,35,36,37
1086,5,6,14,15,16,17,24,25,26,27,34,35,36,37
1087,5,6,14,15,16,17,24,25,26,27,34,35,36,37
1088,5,6,14,15,16,17,24,25,26,27,34,35,36,37
1089,5,6,14,15,16,17,24,25,26,27,34,35,36,37
1090,5,6,14,15,16,17,24,25,26,27,34,35,36,37
1091,5,6,14,15,16,17,24,25,26,27,34,35,36,37
1092,5,6,14,15,16,17,24,25,26,27,34,35,36,37
1093,5,6,14,15,16,17,24,25,26,27,34,35,36,37
1094,5,6,14,15,16,17,24,25,26,27,34,35,36,37
1095,5,6,14,15,16,17,24,25,26,27,35,36,37
1096,5,6,14,15,16,17,24,25,26,27,35,36,37
1097,6,14,15,16,17,24,25,26,27,35,36,37
1098,6,14,15,16,17,24,25,26,27,35,36,37
1099,6,14,15,16,17,24,25,26,27,35,36,37
1100,6,14,15,16,17,24,25,26,27,35,36,37
1101,6,14,15,16,17,24,25,26,27,35,36,37
1102,6,14,15,16,17,24,25,26,27,35,36,37
1103,6,15,16,17,24,25,26,27,35,36,37
1104,6,15,16,17,24,25,26,27,35,36,37
1105,6,15,16,17,24,25,26,27,35,36,37
1106,6,15,16,17,24,25,26,27,35,36,37
1107,6,15,16,17,24,25,26,27,35,36,37
1108,6,15,16,17,24,25,26,27,35,36,37
1109,6,15,16,17,24,25,26,27,35,36,37
1110,6,15,16,17,24,25,26,27,35,36,37
1111,6,15,16,17,24,25,26,27,35,36,37
1112,6,15,16,17,24,25,26,27,35,36,37
1113,6,15,16,17,24,25,26,27,35,36,37
1114,6,15,16,17,24,25,26,27,35,36,37
1115,6,15,16,17,24,25,26,27,35,36,37
1116,6,15,16,17,24,25,26,27,35,36,37
1117,6,15,16,17,25,26,27,35,36,37
1118,6,15,16,17,25,26,27,35,36,37
1119,6,15,16,17,25,26,27,35,36,37
1120,6,15,16,17,25,26,27,35,36,37
1121,6,7,15,16,17,25,26,27,35,36,37
1122,6,7,15,16,17,25,26,27,35,36,37
1123,6,7,15,16,17,25,26,27,35,36,37
1124,6,7,15,16,17,25,26,27,35,36,37
1125,6,7,15,16,17,25,26,27,35,36,37
1126,6,7,15,16,17,25,26,27,35,36,37
1127,6,7,15,16,17,25,26,27,35,36,37
1128,6,7,15,16,17,25,26,27,35,36,37
1129,6,7,15,16,17,25,26,27,35,36,37
1130,6,7,15,16,17,25,26,27,35,36,37
1131,5,6,7,14,15,16,17,24,25,26,27,35,36,37
1132,5,6,7,14,15,16,17,24,25,26,27,35,36,37
1133,5,6,7,14,15,16,17,24,25,26,27,35,36,37
1134,5,6,7,14,15,16,17,24,25,26,27,35,36,37
1135,5,6,7,14,15,16,17,24,25,26,27,35,36,37
1136,5,6,7,14,15,16,17,24,25,26,27,35,36,37
1137,5,6,7,14,15,16,17,24,25,26,27,35,36,37
1138,5,6,7,14,15,16,17,24,25,26,27,35,36,37
1139,5,6,7,14,15,16,17,24,25,26,27,35,36,37
1140,5,6,7,14,15,16,17,24,25,26,27,35,36,37
1141,5,6,7,14,15,16,17,24,25,26,27,35,36,37
1142,5,6,7,14,15,16,17,24,25,26,27,35,36,37
1143,5,6,7,14,15,16,17,24,25,26,27,35,36,37
1144,5,6,7,14,15,16,17,24,25,26,27,35,36,37
1145,4,5,6,7,14,15,16,17,24,25,26,27,35,36,37
1146,4,5,6,7,14,15,16,17,24,25,26,27,35,36,37
1147,4,5,6,7,14,15,16,17,24,25,26,27,35,36
1148,4,5,6,7,14,15,16,17,24,25,26,27,35,36
1149,4,5,6,7,14,15,16,17,24,25,26,27,35,36
1150,4,5,6,7,14,15,16,17,24,25,26,27,35,36
1151,4,5,6,7,14,15,16,17,24,25,26,27,35,36
1152,4,5,6,7,14,15,16,17,24,25,26,27,35,36
1153,4,5,6,7,14,15,16,17,24,25,26,27,35,36
1154,4,5,6,7,14,15,16,17,24,25,26,27,35,36
1155,4,5,6,7,14,15,16,17,24,25,26,27,35,36
1156,4,5,6,7,14,15,16,17,24,25,26,27,35,36
1157,4,5,6,7,14,15,16,17,24,25,26,27,35,36
1158,4,5,6,7,14,15,16,17,24,25,26,27,35,36
1159,4,5,6,7,14,15,16,17,24,25,26,27,35,36
1160,4,5,6,7,14,15,16,17,24,25,26,27,35,36
1161,4,5,6,7,14,15,16,17,24,25,26,27,35,36
1162,4,5,6,7,14,15,16,17,24,25,26,27,35,36
1163,4,5,6,7,14,15,16,17,24,25,26,27,35,36
1164,4,5,6,7,14,15,16,17,24,25,26,27,35,36
1165,4,5,6,7,14,15,16,17,24,25,26,27,35,36
1166,4,5,6,7,14,15,16,17,24,25,26,27,35,36
1167,4,5,6,7,14,15,16,17,24,25,26,27,35,36
1168,4,5,6,7,14,15,16,17,24,25,26,27,35,36
1169,4,5,6,7,14,15,16,17,24,25,26,27,35,36
1170,4,5,6,7,14,15,16,17,24,25,26,27,35,36
1171,4,5,6,7,14,15,16,17,24,25,26,27,35,36
1172,4,5,6,7,14,15,16,17,24,25,26,27,35,36
1173,4,5,6,7,14,15,16,17,24,25,26,27,35,36
1174,4,5,6,7,14,15,16,17,24,25,26,27,35,36
1175,4,5,6,7,14,15,16,17,24,25,26,27,35,36
1176,4,5,6,7,14,15,16,17,24,25,26,27,35,36
1177,4,5,6,7,14,15,16,17,24,25,26,27,35,36
1178,4,5,6,7,14,15,16,17,24,25,26,27,35,36
1179,4,5,6,7,14,15,16,17,24,25,26,27,35,36
1180,4,5,6,7,14,15,16,17,24,25,26,27,35,36
1181,4,5,6,7,14,15,16,17,24,25,26,27,35,36
1182,4,5,6,7,14,15,16,17,24,25,26,27,35,36
1183,4,5,6,7,14,15,16,17,24,25,26,27,35,36
1184,4,5,6,7,14,15,16,17,24,25,26,27,35,36
1185,4,5,6,7,14,15,16,17,24,25,26,27,35,36
1186,4,5,6,7,14,15,16,17,24,25,26,27,35,36
1187,4,5,6,7,14,15,16,17,24,25,26,27,35,36
1188,4,5,6,7,14,15,16,17,24,25,26,27,35,36
1189,4,5,6,7,14,15,16,17,24,25,26,27,35,36
1190,4,5,6,7,14,15,16,17,24,25,26,27,35,36
1191,4,5,6,7,14,15,16,17,24,25,26,27,35,36
1192,4,5,6,7,14,15,16,17,24,25,26,27,35,36
1193,4,5,6,7,14,15,16,17,24,25,26,27,35
1194,4,5,6,7,14,15,16,17,24,25,26,27,35
1195,3,4,5,6,7,14,15,16,17,24,25,26,27
1196,3,4,5,6,7,14,15,16,17,24,25,26,27
1197,3,4,5,6,7,14,15,16,17,24,25,26,27
1198,3,4,5,6,7,14,15,16,17,24,25,26,27
1199,3,4,5,6,7,14,15,16,17,24,25,26,27
1200,3,4,5,6,7,14,15,16,17,24,25,26,27
1201,3,4,5,6,7,14,15,16,17,24,25,26,27,35
1202,3,4,5,6,7,14,15,16,17,24,25,26,27,35
1203,3,4,5,6,7,14,15,16,17,24,25,26,27,35
1204,3,4,5,6,7,14,15,16,17,24,25,26,27,35
1205,4,5,6,7,14,15,16,17,24,25,26,27,35,36
1206,4,5,6,7,14,15,16,17,24,25,26,27,35,36
1207,4,5,6,7,14,15,16,17,24,25,26,27,35,36
1208,4,5,6,7,14,15,16,17,24,25,26,27,35,36
1209,4,5,6,7,14,15,16,17,24,25,26,27,35,36
1210,4,5,6,7,14,15,16,17,24,25,26,27,35,36
1211,4,5,6,7,14,15,16,17,24,25,26,27,35,36
1212,4,5,6,7,14,15,16,17,24,25,26,27,35,36
1213,4,5,6,14,15,16,17,24,25,26,27,34,35,36
1214,4,5,6,14,15,16,17,24,25,26,27,34,35,36
1215,5,6,14,15,16,17,24,25,26,27,34,35,36
1216,5,6,14,15,16,17,24,25,26,27,34,35,36
1217,5,6,14,15,16,24,25,26,27,34,35,36
1218,5,6,14,15,16,24,25,26,27,34,35,36
1219,5,14,15,16,24,25,26,34,35,36
1220,5,14,15,16,24,25,26,34,35,36
1221,14,15,16,24,25,26,34,35,36
1222,14,15,16,24,25,26,34,35,36
1223,14,15,16,24,25,26,34,35,36
1224,14,15,16,24,25,26,34,35,36
1225,14,15,16,24,25,26,34,35,36
1226,14,15,16,24,25,26,34,35,36
1227,14,15,16,24,25,26,34,35,36
1228,14,15,16,24,25,26,34,35,36
1229,14,15,16,24,25,26,34,35,36,45
1230,14,15,16,24,25,26,34,35,36,45
1231,14,15,16,24,25,26,34,35,36,45
1232,14,15,16,24,25,26,34,35,36,45
1233,14,15,16,24,25,26,34,35,36,45
1234,14,15,16,24,25,26,34,35,36,45
1235,14,15,16,24,25,26,34,35,36,45
1236,14,15,16,24,25,26,34,35,36,45
1237,14,15,16,24,25,26,34,35,36,45
1238,14,15,16,24,25,26,34,35,36,45
1239,14,15,16,24,25,26,34,35,36,45
1240,14,15,16,24,25,26,34,35,36,45
1241,14,15,16,24,25,26,34,35,36,45
1242,14,15,16,24,25,26,34,35,36,45
1243,14,15,16,24,25,26,34,35,36,45
1244,14,15,16,24,25,26,34,35,36,45
1245,14,15,16,24,25,26,34,35,36,45
1246,14,15,16,24,25,26,34,35,36,45
1247,14,15,16,24,25,26,27,34,35,36,45
1248,14,15,16,24,25,26,27,34,35,36,45
1249,14,15,16,24,25,26,27,34,35,36,37,45
1250,14,15,16,24,25,26,27,34,35,36,37,45
1251,14,15,16,17,24,25,26,27,34,35,36,37,45
1252,14,15,16,17,24,25,26,27,34,35,36,37,45
1253,14,15,16,17,24,25,26,27,34,35,36,37,45
1254,14,15,16,17,24,25,26,27,34,35,36,37,45
1255,14,15,16,17,24,25,26,27,34,35,36,37
1256,14,15,16,17,24,25,26,27,34,35,36,37
1257,14,15,16,17,24,25,26,27,34,35,36,37
1258,14,15,16,17,24,25,26,27,34,35,36,37
1259,14,15,16,17,24,25,26,27,34,35,36,37
1260,14,15,16,17,24,25,26,27,34,35,36,37
1261,14,15,16,17,24,25,26,27,34,35,36,37
1262,14,15,16,17,24,25,26,27,34,35,36,37
1263,14,15,16,17,24,25,26,27,34,35,36,37
1264,14,15,16,17,24,25,26,27,34,35,36,37
1265,14,15,16,17,24,25,26,27,34,35,36,37,45,46
1266,14,15,16,17,24,25,26,27,34,35,36,37,45,46
1267,14,15,16,17,24,25,26,27,34,35,36,37,45,46
1268,14,15,16,17,24,25,26,27,34,35,36,37,45,46
1269,14,15,16,17,24,25,26,27,34,35,36,37,45,46
1270,14,15,16,17,24,25,26,27,34,35,36,37,45,46
1271,14,15,16,17,24,25,26,27,34,35,36,37,45,46
1272,14,15,16,17,24,25,26,27,34,35,36,37,45,46
1273,14,15,16,17,24,25,26,27,34,35,36,37,45,46
1274,14,15,16,17,24,25,26,27,34,35,36,37,45,46
1275,14,15,16,17,24,25,26,27,34,35,36,37,45,46
1276,14,15,16,17,24,25,26,27,34,35,36,37,45,46
1277,14,15,16,17,24,25,26,27,34,35,36,37,45,46
1278,14,15,16,17,24,25,26,27,34,35,36,37,45,46
1279,14,15,16,17,24,25,26,27,34,35,36,37,45,46
1280,14,15,16,17,24,25,26,27,34,35,36,37,45,46
1281,14,15,16,17,24,25,26,27,34,35,36,37,45,46
1282,14,15,16,17,24,25,26,27,34,35,36,37,45,46
1283,14,15,16,17,24,25,26,27,34,35,36,37,45,46
1284,14,15,16,17,24,25,26,27,34,35,36,37,45,46
1285,14,15,16,17,24,25,26,27,34,35,36,37,45,46
1286,14,15,16,17,24,25,26,27,34,35,36,37,45,46
1287,14,15,16,17,24,25,26,27,34,35,36,37,45,46
1288,14,15,16,17,24,25,26,27,34,35,36,37,45,46
1289,14,15,16,17,24,25,26,27,34,35,36,37,45,46
1290,14,15,16,17,24,25,26,27,34,35,36,37,45,46
1291,14,15,16,24,25,26,27,34,35,36,37,45,46
1292,14,15,16,24,25,26,27,34,35,36,37,45,46
1293,14,15,16,24,25,26,27,34,35,36,37,44,45,46
1294,14,15,16,24,25,26,27,34,35,36,37,44,45,46
1295,14,15,16,24,25,26,27,34,35,36,37,44,45,46
1296,14,15,16,24,25,26,27,34,35,36,37,44,45,46
1297,14,15,16,24,25,26,27,34,35,36,37,44,45,46
1298,14,15,16,24,25,26,27,34,35,36,37,44,45,46
1299,14,15,16,24,25,26,27,34,35,36,37,44,45,46
1300,14,15,16,24,25,26,27,34,35,36,37,44,45,46
1301,14,15,16,24,25,26,27,34,35,36,37,44,45,46
1302,14,15,16,24,25,26,27,34,35,36,37,44,45,46
1303,14,15,16,24,25,26,27,34,35,36,37,44,45,46
1304,14,15,16,24,25,26,27,34,35,36,37,44,45,46
1305,14,15,16,24,25,26,27,34,35,36,37,44,45,46
1306,14,15,16,24,25,26,27,34,35,36,37,44,45,46
1307,14,15,16,24,25,26,27,34,35,36,37,44,45,46
1308,14,15,16,24,25,26,27,34,35,36,37,44,45,46
1309,14,15,16,24,25,26,27,34,35,36,37,44,45,46
1310,14,15,16,24,25,26,27,34,35,36,37,44,45,46
1311,14,15,16,24,25,26,27,34,35,36,37,44,45,46
1312,14,15,16,24,25,26,27,34,35,36,37,44,45,46
1313,14,15,16,24,25,26,27,34,35,36,37,44,45,46
1314,14,15,16,24,25,26,27,34,35,36,37,44,45,46
1315,14,15,16,24,25,26,27,34,35,36,37,44,45,46
1316,14,15,16,24,25,26,27,34,35,36,37,44,45,46
1317,14,15,16,24,25,26,27,34,35,36,37,44,45,46
1318,14,15,16,24,25,26,27,34,35,36,37,44,45,46
1319,14,15,16,24,25,26,27,34,35,36,37,45,46
1320,14,15,16,24,25,26,27,34,35,36,37,45,46
1321,14,15,16,24,25,26,27,34,35,36,37,45,46
1322,14,15,16,24,25,26,27,34,35,36,37,45,46
1323,14,15,16,24,25,26,27,34,35,36,45
1324,14,15,16,24,25,26,27,34,35,36,45
1325,14,15,16,24,25,26,27,34,35,36
1326,14,15,16,24,25,26,27,34,35,36
1327,5,14,15,16,24,25,26,34,35,36
1328,5,14,15,16,24,25,26,34,35,36
1329,5,6,14,15,16,24,25,26,34,35,36
1330,5,6,14,15,16,24,25,26,34,35,36
1331,5,6,14,15,16,24,25,26,34,35,36
1332,5,6,14,15,16,24,25,26,34,35,36
1333,5,14,15,16,24,25,26,34,35,36
1334,5,14,15,16,24,25,26,34,35,36
1335,5,14,15,16,24,25,26,34,35,36
1336,5,14,15,16,24,25,26,34,35,36
1337,5,14,15,16,24,25,26,34,35,36
1338,5,14,15,16,24,25,26,34,35,36
1339,5,14,15,16,24,25,26,34,35,36
1340,5,14,15,16,24,25,26,34,35,36
1341,5,14,15,16,24,25,26,34,35,36
1342,5,14,15,16,24,25,26,34,35,36
1343,5,14,15,16,23,24,25,26,34,35,36
1344,5,14,15,16,23,24,25,26,34,35,36
1345,5,13,14,15,16,23,24,25,26,34,35,36
1346,5,13,14,15,16,23,24,25,26,34,35,36
1347,5,13,14,15,16,23,24,25,26,34,35,36
1348,5,13,14,15,16,23,24,25,26,34,35,36
1349,5,13,14,15,16,23,24,25,26,33,34,35,36
1350,5,13,14,15,16,23,24,25,26,33,34,35,36
1351,5,13,14,15,16,23,24,25,26,33,34,35,36
1352,5,13,14,15,16,23,24,25,26,33,34,35,36
1353,5,13,14,15,16,23,24,25,26,33,34,35,36
1354,5,13,14,15,16,23,24,25,26,33,34,35,36
1355,4,5,13,14,15,16,23,24,25,26,33,34,35,36
1356,4,5,13,14,15,16,23,24,25,26,33,34,35,36
1357,4,5,13,14,15,16,23,24,25,26,33,34,35,36
1358,4,5,13,14,15,16,23,24,25,26,33,34,35,36
1359,4,5,13,14,15,16,23,24,25,26,33,34,35,36
1360,4,5,13,14,15,16,23,24,25,26,33,34,35,36
1361,4,5,13,14,15,16,23,24,25,26,33,34,35,36
1362,4,5,13,14,15,16,23,24,25,26,33,34,35,36
1363,4,5,13,14,15,16,23,24,25,26,33,34,35,36
1364,4,5,13,14,15,16,23,24,25,26,33,34,35,36
1365,4,5,13,14,15,16,23,24,25,26,33,34,35,36
1366,4,5,13,14,15,16,23,24,25,26,33,34,35,36
1367,4,5,13,14,15,16,23,24,25,26,33,34,35,36
1368,4,5,13,14,15,16,23,24,25,26,33,34,35,36
1369,4,5,13,14,15,16,23,24,25,26,33,34,35,36
1370,4,5,13,14,15,16,23,24,25,26,33,34,35,36
1371,4,5,13,14,15,16,23,24,25,26,33,34,35
1372,4,5,13,14,15,16,23,24,25,26,33,34,35
1373,4,5,13,14,15,16,23,24,25,26,33,34,35
1374,4,5,13,14,15,16,23,24,25,26,33,34,35
1375,4,5,13,14,15,16,23,24,25,26,33,34,35
1376,4,5,13,14,15,16,23,24,25,26,33,34,35
1377,4,5,6,13,14,15,16,23,24,25,26,34,35
1378,4,5,6,13,14,15,16,23,24,25,26,34,35
1379,3,4,5,6,13,14,15,16,23,24,25,26,34,35
1380,3,4,5,6,13,14,15,16,23,24,25,26,34,35
1381,3,4,5,6,13,14,15,16,23,24,25,26,34,35
1382,3,4,5,6,13,14,15,16,23,24,25,26,34,35
1383,3,4,5,6,13,14,15,16,23,24,25,26,34,35
1384,3,4,5,6,13,14,15,16,23,24,25,26,34,35
1385,3,4,5,6,13,14,15,16,23,24,25,26,34,35
1386,3,4,5,6,13,14,15,16,23,24,25,26,34,35
1387,3,4,5,6,13,14,15,16,23,24,25,26,34,35
1388,3,4,5,6,13,14,15,16,23,24,25,26,34,35
1389,3,4,5,6,13,14,15,16,23,24,25,26,34,35
1390,3,4,5,6,13,14,15,16,23,24,25,26,34,35
1391,3,4,5,6,13,14,15,16,23,24,25,26,34,35
1392,3,4,5,6,13,14,15,16,23,24,25,26,34,35
1393,3,4,5,6,13,14,15,16,23,24,25,26,34,35
1394,3,4,5,6,13,14,15,16,23,24,25,26,34,35
1395,3,4,5,6,7,13,14,15,16,23,24,25,26
1396,3,4,5,6,7,13,14,15,16,23,24,25,26
1397,3,4,5,6,7,13,14,15,16,17,23,24,25,26
1398,3,4,5,6,7,13,14,15,16,17,23,24,25,26
1399,3,4,5,6,7,13,14,15,16,17,23,24,25,26
1400,3,4,5,6,7,13,14,15,16,17,23,24,25,26
1401,3,4,5,6,7,13,14,15,16,17,23,24,25,26
1402,3,4,5,6,7,13,14,15,16,17,23,24,25,26
1403,3,4,5,6,7,13,14,15,16,17,23,24,25,26
1404,3,4,5,6,7,13,14,15,16,17,23,24,25,26
1405,3,4,5,6,7,13,14,15,16,17,23,24,25,26
1406,3,4,5,6,7,13,14,15,16,17,23,24,25,26
1407,3,4,5,6,7,13,14,15,16,17,24,25,26
1408,3,4,5,6,7,13,14,15,16,17,24,25,26
1409,3,4,5,6,7,13,14,15,16,17,24,25,26
1410,3,4,5,6,7,13,14,15,16,17,24,25,26
1411,3,4,5,6,7,13,14,15,16,17,24,25,26
1412,3,4,5,6,7,13,14,15,16,17,24,25,26
1413,3,4,5,6,7,13,14,15,16,17,24,25,26
1414,3,4,5,6,7,13,14,15,16,17,24,25,26
1415,3,4,5,6,7,13,14,15,16,17,24,25,26,27,35
1416,3,4,5,6,7,13,14,15,16,17,24,25,26,27,35
1417,3,4,5,6,7,13,14,15,16,17,24,25,26,27,35
1418,3,4,5,6,7,13,14,15,16,17,24,25,26,27,35
1419,3,4,5,6,7,13,14,15,16,17,24,25,26,27,35
1420,3,4,5,6,7,13,14,15,16,17,24,25,26,27,35
1421,3,4,5,6,7,13,14,15,16,17,24,25,26,27,35
1422,3,4,5,6,7,13,14,15,16,17,24,25,26,27,35
1423,3,4,5,6,7,13,14,15,16,17,24,25,26,27,35
1424,3,4,5,6,7,13,14,15,16,17,24,25,26,27,35
1425,3,4,5,6,7,13,14,15,16,17,24,25,26,27,35
1426,3,4,5,6,7,13,14,15,16,17,24,25,26,27,35
1427,4,5,6,7,13,14,15,16,17,24,25,26,27,35,36
1428,4,5,6,7,13,14,15,16,17,24,25,26,27,35,36
1429,4,5,6,7,14,15,16,17,24,25,26,27,35,36
1430,4,5,6,7,14,15,16,17,24,25,26,27,35,36
1431,4,5,6,7,14,15,16,17,24,25,26,27,35,36
1432,4,5,6,7,14,15,16,17,24,25,26,27,35,36
1433,4,5,6,7,14,15,16,17,24,25,26,27,35,36
1434,4,5,6,7,14,15,16,17,24,25,26,27,35,36
1435,4,5,6,7,14,15,16,17,24,25,26,27,35,36
1436,4,5,6,7,14,15,16,17,24,25,26,27,35,36
1437,5,6,7,14,15,16,17,24,25,26,27,34,35,36
1438,5,6,7,14,15,16,17,24,25,26,27,34,35,36
1439,5,6,14,15,16,17,24,25,26,27,34,35,36,37
1440,5,6,14,15,16,17,24,25,26,27,34,35,36,37
1441,5,6,14,15,16,17,24,25,26,27,34,35,36,37
1442,5,6,14,15,16,17,24,25,26,27,34,35,36,37
1443,6,14,15,16,17,24,25,26,27,35,36,37
1444,6,14,15,16,17,24,25,26,27,35,36,37
1445,6,14,15,16,17,24,25,26,27,35,36,37
1446,6,14,15,16,17,24,25,26,27,35,36,37
1447,6,15,16,17,25,26,27,35,36,37
1448,6,15,16,17,25,26,27,35,36,37
1449,6,15,16,17,25,26,27,35,36,37
1450,6,15,16,17,25,26,27,35,36,37
1451,6,15,16,17,25,26,27,35,36,37
1452,6,15,16,17,25,26,27,35,36,37
1453,6,15,16,17,25,26,27,35,36,37
1454,6,15,16,17,25,26,27,35,36,37
1455,6,15,16,17,25,26,27,35,36,37
1456,6,15,16,17,25,26,27,35,36,37
1457,6,7,15,16,17,25,26,27,35,36,37
1458,6,7,15,16,17,25,26,27,35,36,37
1459,6,7,15,16,17,25,26,27,35,36,37
1460,6,7,15,16,17,25,26,27,35,36,37
1461,6,7,15,16,17,25,26,27,28,35,36,37
1462,6,7,15,16,17,25,26,27,28,35,36,37
1463,6,7,15,16,17,25,26,27,28,35,36,37
1464,6,7,15,16,17,25,26,27,28,35,36,37
1465,6,15,16,17,25,26,27,35,36,37
1466,6,15,16,17,25,26,27,35,36,37
1467,6,15,16,17,25,26,27,35,36,37
1468,6,15,16,17,25,26,27,35,36,37
1469,6,15,16,17,25,26,27,35,36,37
1470,6,15,16,17,25,26,27,35,36,37
1471,6,15,16,17,25,26,27,35,36,37
1472,6,15,16,17,25,26,27,35,36,37
1473,6,15,16,17,25,26,27,28,35,36,37
1474,6,15,16,17,25,26,27,28,35,36,37
1475,6,15,16,17,25,26,27,28,35,36,37
1476,6,15,16,17,25,26,27,28,35,36,37
1477,6,7,15,16,17,25,26,27,28,35,36,37
1478,6,7,15,16,17,25,26,27,28,35,36,37
1479,6,7,15,16,17,18,25,26,27,28,35,36,37
1480,6,7,15,16,17,18,25,26,27,28,35,36,37
1481,6,7,15,16,17,18,25,26,27,28,35,36,37
1482,6,7,15,16,17,18,25,26,27,28,35,36,37
1483,6,7,15,16,17,18,25,26,27,28,35,36,37
1484,6,7,15,16,17,18,25,26,27,28,35,36,37
1485,6,7,15,16,17,18,25,26,27,28,35,36,37
1486,6,7,15,16,17,18,25,26,27,28,35,36,37
1487,6,7,15,16,17,18,25,26,27,28,35,36,37
1488,6,7,15,16,17,18,25,26,27,28,35,36,37
1489,6,7,15,16,17,18,25,26,27,28,35,36,37
1490,6,7,15,16,17,18,25,26,27,28,35,36,37
1491,6,7,15,16,17,18,25,26,27,28,35,36,37
1492,6,7,15,16,17,18,25,26,27,28,35,36,37
1493,6,7,15,16,17,25,26,27,28,35,36,37
1494,6,7,15,16,17,25,26,27,28,35,36,37
1495,6,7,15,16,17,25,26,27,28,35,36,37
1496,6,7,15,16,17,25,26,27,28,35,36,37
1497,6,15,16,17,25,26,27,35,36,37
1498,6,15,16,17,25,26,27,35,36,37
1499,6,15,16,17,25,26,27,35,36,37
1500,6,15,16,17,25,26,27,35,36,37
1501,6,15,16,17,25,26,27,35,36,37
1502,6,15,16,17,25,26,27,35,36,37
1503,6,15,16,17,25,26,27,35,36,37
1504,6,15,16,17,25,26,27,35,36,37
1505,6,7,15,16,17,25,26,27,35,36,37
1506,6,7,15,16,17,25,26,27,35,36,37
1507,6,15,16,17,25,26,27,35,36,37
1508,6,15,16,17,25,26,27,35,36,37
1509,6,15,16,17,25,26,27,35,36,37
1510,6,15,16,17,25,26,27,35,36,37
1511,6,15,16,17,25,26,27,35,36,37
1512,6,15,16,17,25,26,27,35,36,37
1513,6,15,16,17,25,26,27,35,36,37
1514,6,15,16,17,25,26,27,35,36,37
1515,6,15,16,17,24,25,26,27,35,36,37
1516,6,15,16,17,24,25,26,27,35,36,37
1517,6,14,15,16,17,24,25,26,27,35,36,37
1518,6,14,15,16,17,24,25,26,27,35,36,37
1519,6,14,15,16,17,24,25,26,27,35,36,37
1520,6,14,15,16,17,24,25,26,27,35,36,37
1521,6,14,15,16,17,24,25,26,27,35,36,37
1522,6,14,15,16,17,24,25,26,27,35,36,37
1523,6,15,16,17,24,25,26,27,35,36,37
1524,6,15,16,17,24,25,26,27,35,36,37
1525,6,15,16,17,24,25,26,27,35,36,37
1526,6,15,16,17,24,25,26,27,35,36,37
1527,6,14,15,16,17,24,25,26,27,35,36,37
1528,6,14,15,16,17,24,25,26,27,35,36,37
1529,6,14,15,16,17,24,25,26,27,35,36,37
1530,6,14,15,16,17,24,25,26,27,35,36,37
1531,6,14,15,16,17,24,25,26,27,35,36,37
1532,6,14,15,16,17,24,25,26,27,35,36,37
1533,6,14,15,16,17,24,25,26,27,35,36,37
1534,6,14,15,16,17,24,25,26,27,35,36,37
1535,6,14,15,16,17,24,25,26,27,35,36,37
1536,6,14,15,16,17,24,25,26,27,35,36,37
1537,6,14,15,16,17,24,25,26,27,35,36,37
1538,6,14,15,16,17,24,25,26,27,35,36,37
1539,6,14,15,16,17,24,25,26,27,35,36,37
1540,6,14,15,16,17,24,25,26,27,35,36,37
1541,6,14,15,16,17,24,25,26,27,35,36,37
1542,6,14,15,16,17,24,25,26,27,35,36,37
1543,6,14,15,16,17,24,25,26,27,34,35,36,37
1544,6,14,15,16,17,24,25,26,27,34,35,36,37
1545,14,15,16,17,24,25,26,27,34,35,36,37
1546,14,15,16,17,24,25,26,27,34,35,36,37
1547,14,15,16,17,24,25,26,27,34,35,36,37,45,46
1548,14,15,16,17,24,25,26,27,34,35,36,37,45,46
1549,14,15,16,17,24,25,26,27,34,35,36,37,45,46
1550,14,15,16,17,24,25,26,27,34,35,36,37,45,46
1551,14,15,16,17,24,25,26,27,34,35,36,37,45,46
1552,14,15,16,17,24,25,26,27,34,35,36,37,45,46
1553,14,15,16,17,24,25,26,27,34,35,36,37,45,46
1554,14,15,16,17,24,25,26,27,34,35,36,37,45,46
1555,14,15,16,17,24,25,26,27,34,35,36,37,45,46
1556,14,15,16,17,24,25,26,27,34,35,36,37,45,46
1557,14,15,16,17,24,25,26,27,34,35,36,37,45,46
1558,14,15,16,17,24,25,26,27,34,35,36,37,45,46
1559,14,15,16,17,24,25,26,27,34,35,36,37,45,46
1560,14,15,16,17,24,25,26,27,34,35,36,37,45,46
1561,14,15,16,17,24,25,26,27,34,35,36,37,45,46
1562,14,15,16,17,24,25,26,27,34,35,36,37,45,46
1563,14,15,16,17,24,25,26,27,34,35,36,37,45,46
1564,14,15,16,17,24,25,26,27,34,35,36,37,45,46
1565,14,15,16,17,24,25,26,27,34,35,36,37,45,46
1566,14,15,16,17,24,25,26,27,34,35,36,37,45,46
1567,14,15,16,17,24,25,26,27,34,35,36,37,45,46
1568,14,15,16,17,24,25,26,27,34,35,36,37,45,46
1569,14,15,16,24,25,26,27,34,35,36,37,45
1570,14,15,16,24,25,26,27,34,35,36,37,45
1571,14,15,16,24,25,26,27,34,35,36,45
1572,14,15,16,24,25,26,27,34,35,36,45
1573,14,15,16,24,25,26,27,34,35,36,45
1574,14,15,16,24,25,26,27,34,35,36,45
1575,14,15,16,24,25,26,27,34,35,36
1576,14,15,16,24,25,26,27,34,35,36
1577,14,15,16,24,25,26,34,35,36
1578,14,15,16,24,25,26,34,35,36
1579,14,15,16,24,25,26,34,35,36
1580,14,15,16,24,25,26,34,35,36
1581,14,15,16,24,25,26,34,35,36
1582,14,15,16,24,25,26,34,35,36
1583,14,15,16,24,25,26,34,35,36
1584,14,15,16,24,25,26,34,35,36
1585,14,15,16,23,24,25,26,34,35,36
1586,14,15,16,23,24,25,26,34,35,36
1587,14,15,16,23,24,25,26,34,35,36
1588,14,15,16,23,24,25,26,34,35,36
1589,14,15,16,23,24,25,26,34,35,36
1590,14,15,16,23,24,25,26,34,35,36
1591,14,15,16,24,25,26,34,35,36
1592,14,15,16,24,25,26,34,35,36
1593,14,15,16,24,25,26,34,35,36
1594,14,15,16,24,25,26,34,35,36
1595,14,15,16,24,25,26,27,34,35,36
1596,14,15,16,24,25,26,27,34,35,36
1597,14,15,16,17,24,25,26,27,34,35,36,37
1598,14,15,16,17,24,25,26,27,34,35,36,37
1599,6,14,15,16,17,24,25,26,27,34,35,36,37
1600,6,14,15,16,17,24,25,26,27,34,35,36,37
1601,6,14,15,16,17,24,25,26,27,34,35,36,37
1602,6,14,15,16,17,24,25,26,27,34,35,36,37
1603,6,14,15,16,17,24,25,26,27,34,35,36,37
1604,6,14,15,16,17,24,25,26,27,34,35,36,37
1605,6,14,15,16,17,24,25,26,27,34,35,36,37
1606,6,14,15,16,17,24,25,26,27,34,35,36,37
1607,6,14,15,16,17,24,25,26,27,34,35,36,37
1608,6,14,15,16,17,24,25,26,27,34,35,36,37
1609,6,14,15,16,17,24,25,26,27,34,35,36,37
1610,6,14,15,16,17,24,25,26,27,34,35,36,37
1611,6,14,15,16,17,24,25,26,27,34,35,36,37
1612,6,14,15,16,17,24,25,26,27,34,35,36,37
1613,6,14,15,16,17,24,25,26,27,34,35,36,37
1614,6,14,15,16,17,24,25,26,27,34,35,36,37
1615,6,14,15,16,17,24,25,26,27,34,35,36,37
1616,6,14,15,16,17,24,25,26,27,34,35,36,37
1617,6,14,15,16,17,24,25,26,27,34,35,36,37
1618,6,14,15,16,17,24,25,26,27,34,35,36,37
1619,6,14,15,16,17,24,25,26,27,34,35,36,37
1620,6,14,15,16,17,24,25,26,27,34,35,36,37
1621,6,14,15,16,17,24,25,26,27,34,35,36,37
1622,6,14,15,16,17,24,25,26,27,34,35,36,37
1623,6,14,15,16,17,24,25,26,27,34,35,36,37
1624,6,14,15,16,17,24,25,26,27,34,35,36,37
1625,6,14,15,16,17,24,25,26,27,34,35,36,37
1626,6,14,15,16,17,24,25,26,27,34,35,36,37
1627,6,14,15,16,17,24,25,26,27,34,35,36,37
1628,6,14,15,16,17,24,25,26,27,34,35,36,37
1629,6,14,15,16,17,24,25,26,27,34,35,36,37
1630,6,14,15,16,17,24,25,26,27,34,35,36,37
1631,6,14,15,16,17,24,25,26,27,34,35,36,37
1632,6,14,15,16,17,24,25,26,27,34,35,36,37
1633,6,14,15,16,17,24,25,26,27,34,35,36,37
1634,6,14,15,16,17,24,25,26,27,34,35,36,37
1635,6,14,15,16,17,24,25,26,27,34,35,36,37
1636,6,14,15,16,17,24,25,26,27,34,35,36,37
1637,5,6,14,15,16,17,24,25,26,27,35,36,37
1638,5,6,14,15,16,17,24,25,26,27,35,36,37
1639,5,6,7,14,15,16,17,24,25,26,27,35,36,37
1640,5,6,7,14,15,16,17,24,25,26,27,35,36,37
1641,5,6,7,14,15,16,17,24,25,26,27,35,36,37
1642,5,6,7,14,15,16,17,24,25,26,27,35,36,37
1643,5,6,7,14,15,16,17,24,25,26,27,35,36,37
1644,5,6,7,14,15,16,17,24,25,26,27,35,36,37
1645,6,7,14,15,16,17,24,25,26,27,35,36,37
1646,6,7,14,15,16,17,24,25,26,27,35,36,37
1647,6,7,14,15,16,17,24,25,26,27,35,36,37
1648,6,7,14,15,16,17,24,25,26,27,35,36,37
1649,6,7,15,16,17,25,26,27,35,36,37
1650,6,7,15,16,17,25,26,27,35,36,37
1651,6,7,15,16,17,25,26,27,35,36,37
1652,6,7,15,16,17,25,26,27,35,36,37
1653,6,7,15,16,17,25,26,27,35,36,37
1654,6,7,15,16,17,25,26,27,35,36,37
1655,6,7,15,16,17,18,25,26,27,28,35,36,37
1656,6,7,15,16,17,18,25,26,27,28,35,36,37
1657,6,7,15,16,17,18,25,26,27,28,35,36,37
1658,6,7,15,16,17,18,25,26,27,28,35,36,37
1659,6,7,15,16,17,18,25,26,27,28,35,36,37
1660,6,7,15,16,17,18,25,26,27,28,35,36,37
1661,6,7,15,16,17,18,25,26,27,28,35,36,37
1662,6,7,15,16,17,18,25,26,27,28,35,36,37
1663,6,7,15,16,17,18,25,26,27,28,35,36,37,38
1664,6,7,15,16,17,18,25,26,27,28,35,36,37,38
1665,6,7,15,16,17,18,25,26,27,28,35,36,37,38
1666,6,7,15,16,17,18,25,26,27,28,35,36,37,38
1667,6,7,15,16,17,18,25,26,27,28,35,36,37,38
1668,6,7,15,16,17,18,25,26,27,28,35,36,37,38
1669,6,7,15,16,17,18,25,26,27,28,35,36,37,38
1670,6,7,15,16,17,18,25,26,27,28,35,36,37,38
1671,6,7,15,16,17,18,25,26,27,28,35,36,37,38
1672,6,7,15,16,17,18,25,26,27,28,35,36,37,38
1673,6,7,15,16,17,18,25,26,27,28,35,36,37,38
1674,6,7,15,16,17,18,25,26,27,28,35,36,37,38
1675,6,7,15,16,17,18,25,26,27,28,35,36,37,38
1676,6,7,15,16,17,18,25,26,27,28,35,36,37,38
1677,6,7,15,16,17,18,25,26,27,28,35,36,37,38
1678,6,7,15,16,17,18,25,26,27,28,35,36,37,38
1679,6,7,15,16,17,18,25,26,27,28,35,36,37,38
1680,6,7,15,16,17,18,25,26,27,28,35,36,37,38
1681,6,7,15,16,17,18,25,26,27,28,35,36,37,38
1682,6,7,15,16,17,18,25,26,27,28,35,36,37,38
1683,6,7,15,16,17,18,25,26,27,28,35,36,37,38
1684,6,7,15,16,17,18,25,26,27,28,35,36,37,38
1685,6,7,15,16,17,18,25,26,27,28,35,36,37,38
1686,6,7,15,16,17,18,25,26,27,28,35,36,37,38
1687,6,7,15,16,17,18,25,26,27,28,35,36,37,38
1688,6,7,15,16,17,18,25,26,27,28,35,36,37,38
1689,6,7,15,16,17,18,25,26,27,28,35,36,37
1690,6,7,15,16,17,18,25,26,27,28,35,36,37
1691,6,7,15,16,17,18,25,26,27,28,35,36,37
1692,6,7,15,16,17,18,25,26,27,28,35,36,37
1693,6,15,16,17,24,25,26,27,35,36,37
1694,6,15,16,17,24,25,26,27,35,36,37
1695,6,14,15,16,17,24,25,26,27,34,35,36,37
1696,6,14,15,16,17,24,25,26,27,34,35,36,37
1697,14,15,16,17,24,25,26,27,34,35,36,37
1698,14,15,16,17,24,25,26,27,34,35,36,37
1699,14,15,16,17,24,25,26,27,34,35,36,37
1700,14,15,16,17,24,25,26,27,34,35,36,37
1701,14,15,16,17,24,25,26,27,34,35,36,37
1702,14,15,16,17,24,25,26,27,34,35,36,37
1703,14,15,16,17,24,25,26,27,34,35,36,37
1704,14,15,16,17,24,25,26,27,34,35,36,37
1705,14,15,16,17,24,25,26,27,34,35,36,37
1706,14,15,16,17,24,25,26,27,34,35,36,37
1707,6,14,15,16,17,24,25,26,27,34,35,36,37
1708,6,14,15,16,17,24,25,26,27,34,35,36,37
1709,6,14,15,16,17,24,25,26,27,34,35,36,37
1710,6,14,15,16,17,24,25,26,27,34,35,36,37
1711,5,6,14,15,16,17,24,25,26,27,34,35,36,37
1712,5,6,14,15,16,17,24,25,26,27,34,35,36,37
1713,5,6,14,15,16,17,24,25,26,27,34,35,36,37
1714,5,6,14,15,16,17,24,25,26,27,34,35,36,37
1715,5,6,7,14,15,16,17,24,25,26,27,35,36
1716,5,6,7,14,15,16,17,24,25,26,27,35,36
1717,5,6,7,14,15,16,17,24,25,26,27,35,36
1718,5,6,7,14,15,16,17,24,25,26,27,35,36
1719,4,5,6,7,14,15,16,17,24,25,26,27,35,36
1720,4,5,6,7,14,15,16,17,24,25,26,27,35,36
1721,4,5,6,7,14,15,16,17,24,25,26,27,35,36
1722,4,5,6,7,14,15,16,17,24,25,26,27,35,36
1723,4,5,6,7,14,15,16,17,24,25,26,27,35,36
1724,4,5,6,7,14,15,16,17,24,25,26,27,35,36
1725,4,5,6,7,14,15,16,17,24,25,26,27,35,36
1726,4,5,6,7,14,15,16,17,24,25,26,27,35,36
1727,4,5,6,7,14,15,16,17,24,25,26,27,35,36
1728,4,5,6,7,14,15,16,17,24,25,26,27,35,36
1729,4,5,6,7,14,15,16,17,24,25,26,27,34,35,36
1730,4,5,6,7,14,15,16,17,24,25,26,27,34,35,36
1731,4,5,6,7,14,15,16,17,24,25,26,27,34,35,36
1732,4,5,6,7,14,15,16,17,24,25,26,27,34,35,36
1733,4,5,6,7,14,15,16,17,24,25,26,27,34,35,36
1734,4,5,6,7,14,15,16,17,24,25,26,27,34,35,36
1735,4,5,6,7,14,15,16,17,24,25,26,27,34,35,36
1736,4,5,6,7,14,15,16,17,24,25,26,27,34,35,36
1737,4,5,6,7,14,15,16,17,24,25,26,27,34,35,36
1738,4,5,6,7,14,15,16,17,24,25,26,27,34,35,36
1739,4,5,6,7,14,15,16,17,24,25,26,27,34,35,36
1740,4,5,6,7,14,15,16,17,24,25,26,27,34,35,36
1741,4,5,6,7,14,15,16,17,24,25,26,27,34,35,36
1742,4,5,6,7,14,15,16,17,24,25,26,27,34,35,36
1743,4,5,6,14,15,16,17,24,25,26,27,34,35,36
1744,4,5,6,14,15,16,17,24,25,26,27,34,35,36
1745,4,5,6,13,14,15,16,17,24,25,26,34,35,36
1746,4,5,6,13,14,15,16,17,24,25,26,34,35,36
1747,4,5,6,13,14,15,16,23,24,25,26,34,35,36
1748,4,5,6,13,14,15,16,23,24,25,26,34,35,36
1749,4,5,6,13,14,15,16,23,24,25,26,34,35,36
1750,4,5,6,13,14,15,16,23,24,25,26,34,35,36
1751,3,4,5,6,13,14,15,16,23,24,25,26,34,35,36
1752,3,4,5,6,13,14,15,16,23,24,25,26,34,35,36
1753,3,4,5,6,13,14,15,16,23,24,25,26,34,35,36
1754,3,4,5,6,13,14,15,16,23,24,25,26,34,35,36
1755,3,4,5,6,13,14,15,16,23,24,25,26,34,35,36
1756,3,4,5,6,13,14,15,16,23,24,25,26,34,35,36
1757,3,4,5,6,13,14,15,16,23,24,25,26,34,35
1758,3,4,5,6,13,14,15,16,23,24,25,26,34,35
1759,3,4,5,6,13,14,15,16,23,24,25,26,34,35
1760,3,4,5,6,13,14,15,16,23,24,25,26,34,35
1761,3,4,5,6,13,14,15,16,23,24,25,26,34,35
1762,3,4,5,6,13,14,15,16,23,24,25,26,34,35
1763,3,4,5,6,13,14,15,16,23,24,25,26,34,35
1764,3,4,5,6,13,14,15,16,23,24,25,26,34,35
1765,3,4,5,6,13,14,15,16,23,24,25,26,34,35
1766,3,4,5,6,13,14,15,16,23,24,25,26,34,35
1767,3,4,5,6,13,14,15,16,23,24,25,26,34,35
1768,3,4,5,6,13,14,15,16,23,24,25,26,34,35
1769,3,4,5,6,13,14,15,16,23,24,25,26,34,35
1770,3,4,5,6,13,14,15,16,23,24,25,26,34,35
1771,3,4,5,6,13,14,15,16,23,24,25,26,34,35
1772,3,4,5,6,13,14,15,16,23,24,25,26,34,35
1773,3,4,5,6,13,14,15,16,23,24,25,26,34,35
1774,3,4,5,6,13,14,15,16,23,24,25,26,34,35
1775,3,4,5,6,13,14,15,16,23,24,25,26,34,35
1776,3,4,5,6,13,14,15,16,23,24,25,26,34,35
1777,3,4,5,6,13,14,15,16,23,24,25,26,34,35
1778,3,4,5,6,13,14,15,16,23,24,25,26,34,35
1779,3,4,5,6,13,14,15,16,23,24,25,26,34,35,36
1780,3,4,5,6,13,14,15,16,23,24,25,26,34,35,36
1781,4,5,6,13,14,15,16,23,24,25,26,34,35,36
1782,4,5,6,13,14,15,16,23,24,25,26,34,35,36
1783,4,5,6,13,14,15,16,23,24,25,26,34,35,36
1784,4,5,6,13,14,15,16,23,24,25,26,34,35,36
1785,4,5,6,13,14,15,16,23,24,25,26,34,35,36
1786,4,5,6,13,14,15,16,23,24,25,26,34,35,36
1787,4,5,6,13,14,15,16,23,24,25,26,34,35,36
1788,4,5,6,13,14,15,16,23,24,25,26,34,35,36
1789,5,13,14,15,16,23,24,25,26,34,35,36
1790,5,13,14,15,16,23,24,25,26,34,35,36
1791,5,13,14,15,16,23,24,25,26,34,35,36
1792,5,13,14,15,16,23,24,25,26,34,35,36
1793,14,15,16,23,24,25,26,34,35,36
1794,14,15,16,23,24,25,26,34,35,36
1795,14,15,16,23,24,25,26,34,35,36
1796,14,15,16,23,24,25,26,34,35,36
1797,14,15,16,23,24,25,26,34,35,36
1798,14,15,16,23,24,25,26,34,35,36
1799,14,15,16,23,24,25,26,34,35,36,45
1800,14,15,16,23,24,25,26,34,35,36,45
