1,3,4,7,8,9,12,13,14,18,19
2,3,4,7,8,9,12,13,14,18,19
3,3,4,7,8,9,12,13,14,18,19
4,3,4,7,8,9,12,13,14,18,19
5,3,4,7,8,9,12,13,14,18,19
6,3,4,7,8,9,12,13,14,18,19
7,3,4,7,8,9,12,13,14,18,19
8,3,4,7,8,9,12,13,14,18,19
9,3,4,7,8,9,12,13,14,18,19
10,3,4,7,8,9,12,13,14,18,19
11,3,4,7,8,9,12,13,14,18,19
12,3,4,7,8,9,12,13,14,18,19
13,3,4,7,8,9,12,13,14,18,19
14,3,4,7,8,9,12,13,14,18,19
15,3,4,7,8,9,12,13,14,18,19
16,3,4,7,8,9,12,13,14,18,19
17,3,4,7,8,9,12,13,14,18,19
18,3,4,7,8,9,12,13,14,18,19
19,3,4,7,8,9,12,13,14,18,19
20,3,4,7,8,9,12,13,14,18,19
21,3,4,7,8,9,12,13,14,18,19
22,3,4,7,8,9,12,13,14,18,19
23,3,4,7,8,9,12,13,14,18,19
24,3,4,7,8,9,12,13,14,18,19
25,3,4,7,8,9,12,13,14,18,19
26,3,4,7,8,9,12,13,14,18,19
27,3,4,7,8,9,12,13,14,18,19
28,3,4,7,8,9,12,13,14,18,19
29,3,7,8,9,12,13,14,18,19
30,3,7,8,9,12,13,14,18,19
31,3,7,8,9,12,13,14,18,19
32,3,7,8,9,12,13,14,18,19
33,7,8,9,12,13,14,17,18,19,23
34,7,8,9,12,13,14,17,18,19,23
35,8,9,12,13,14,17,18,19,23
36,8,9,12,13,14,17,18,19,23
37,8,9,12,13,14,17,18,19,23,24
38,8,9,12,13,14,17,18,19,23,24
39,8,9,12,13,14,17,18,19,22,23,24
40,8,9,12,13,14,17,18,19,22,23,24
41,8,12,13,14,17,18,19,22,23,24
42,8,12,13,14,17,18,19,22,23,24
43,8,12,13,14,17,18,19,22,23,24
44,8,12,13,14,17,18,19,22,23,24
45,8,12,13,14,17,18,19,22,23,24
46,8,12,13,14,17,18,19,22,23,24
47,12,13,14,17,18,19,21,22,23,24,25
48,12,13,14,17,18,19,21,22,23,24,25
49,12,13,14,17,18,19,21,22,23,24,25
50,12,13,14,17,18,19,21,22,23,24,25
51,12,13,14,17,18,19,21,22,23,24,25
52,12,13,14,17,18,19,21,22,23,24,25
53,12,13,14,17,18,19,21,22,23,24,25
54,12,13,14,17,18,19,21,22,23,24,25
55,12,13,14,17,18,19,21,22,23,24,25
56,12,13,14,17,18,19,21,22,23,24,25
57,12,13,17,18,19,21,22,23,24,25
58,12,13,17,18,19,21,22,23,24,25
59,12,13,17,18,19,21,22,23,24,25
60,12,13,17,18,19,21,22,23,24,25
61,12,13,17,18,19,21,22,23,24,25
62,12,13,17,18,19,21,22,23,24,25
63,12,13,16,17,18,19,21,22,23,24,25
64,12,13,16,17,18,19,21,22,23,24,25
65,12,13,16,17,18,19,21,22,23,24,25
66,12,13,16,17,18,19,21,22,23,24,25
67,12,13,16,17,18,19,21,22,23,24,25
68,12,13,16,17,18,19,21,22,23,24,25
69,12,13,16,17,18,19,21,22,23,24,25
70,12,13,16,17,18,19,21,22,23,24,25
71,12,13,16,17,18,19,21,22,23,24,25
72,12,13,16,17,18,19,21,22,23,24,25
73,12,13,16,17,18,19,21,22,23,24,25
74,12,13,16,17,18,19,21,22,23,24,25
75,12,13,16,17,18,19,21,22,23,24,25
76,12,13,16,17,18,19,21,22,23,24,25
77,12,13,16,17,18,19,21,22,23,24,25
78,12,13,16,17,18,19,21,22,23,24,25
79,12,13,16,17,18,19,21,22,23,24,25
80,12,13,16,17,18,19,21,22,23,24,25
81,12,13,16,17,18,19,21,22,23,24,25
82,12,13,16,17,18,19,21,22,23,24,25
83,12,13,16,17,18,19,21,22,23,24,25
84,12,13,16,17,18,19,21,22,23,24,25
85,12,13,17,18,19,21,22,23,24,25
86,12,13,17,18,19,21,22,23,24,25
87,12,13,17,18,19,21,22,23,24,25
88,12,13,17,18,19,21,22,23,24,25
89,12,13,17,18,19,21,22,23,24,25
90,12,13,17,18,19,21,22,23,24,25
91,12,13,17,18,19,21,22,23,24,25
92,12,13,17,18,19,21,22,23,24,25
93,12,13,14,17,18,19,21,22,23,24,25
94,12,13,14,17,18,19,21,22,23,24,25
95,12,13,14,17,18,19,21,22,23,24,25
96,12,13,14,17,18,19,21,22,23,24,25
97,12,13,14,17,18,19,21,22,23,24,25
98,12,13,14,17,18,19,21,22,23,24,25
99,12,13,14,17,18,19,21,22,23,24,25
100,12,13,14,17,18,19,21,22,23,24,25
101,12,13,14,17,18,19,21,22,23,24,25
102,12,13,14,17,18,19,21,22,23,24,25
103,12,13,14,17,18,19,21,22,23,24,25
104,12,13,14,17,18,19,21,22,23,24,25
105,12,13,14,17,18,19,21,22,23,24,25
106,12,13,14,17,18,19,21,22,23,24,25
107,12,13,14,17,18,19,21,22,23,24,25
108,12,13,14,17,18,19,21,22,23,24,25
109,12,13,14,17,18,19,21,22,23,24,25
110,12,13,14,17,18,19,21,22,23,24,25
111,12,13,14,17,18,19,21,22,23,24,25
112,12,13,14,17,18,19,21,22,23,24,25
113,12,13,14,17,18,19,21,22,23,24,25
114,12,13,14,17,18,19,21,22,23,24,25
115,12,13,14,17,18,19,21,22,23,24,25
116,12,13,14,17,18,19,21,22,23,24,25
117,12,13,14,17,18,19,21,22,23,24,25
118,12,13,14,17,18,19,21,22,23,24,25
119,12,13,14,17,18,19,21,22,23,24,25
120,12,13,14,17,18,19,21,22,23,24,25
121,12,13,14,17,18,19,22,23,24
122,12,13,14,17,18,19,22,23,24
123,12,13,14,17,18,19,22,23,24
124,12,13,14,17,18,19,22,23,24
125,12,13,14,17,18,19,22,23,24
126,12,13,14,17,18,19,22,23,24
127,12,13,14,17,18,19,22,23,24
128,12,13,14,17,18,19,22,23,24
129,12,13,14,17,18,19,22,23,24
130,12,13,14,17,18,19,22,23,24
131,12,13,14,17,18,19,22,23,24
132,12,13,14,17,18,19,22,23,24
133,12,13,14,17,18,19,22,23,24
134,12,13,14,17,18,19,22,23,24
135,12,13,14,17,18,19,22,23,24
136,12,13,14,17,18,19,22,23,24
137,12,13,14,17,18,19,22,23,24
138,12,13,14,17,18,19,22,23,24
139,12,13,14,17,18,19,22,23,24
140,12,13,14,17,18,19,22,23,24
141,12,13,14,17,18,19,22,23,24
142,12,13,14,17,18,19,22,23,24
143,12,13,14,17,18,19,22,23,24
144,12,13,14,17,18,19,22,23,24
145,12,13,14,17,18,19,22,23,24
146,12,13,14,17,18,19,22,23,24
147,12,13,14,17,18,19,22,23,24
148,12,13,14,17,18,19,22,23,24
149,12,13,14,17,18,19,22,23,24
150,12,13,14,17,18,19,22,23,24
151,12,13,14,17,18,19,22,23,24
152,12,13,14,17,18,19,22,23,24
153,8,12,13,14,17,18,19,22,23,24
154,8,12,13,14,17,18,19,22,23,24
155,8,12,13,14,17,18,19,22,23,24
156,8,12,13,14,17,18,19,22,23,24
157,8,12,13,14,17,18,19,22,23,24
158,8,12,13,14,17,18,19,22,23,24
159,8,12,13,14,17,18,19,22,23,24
160,8,12,13,14,17,18,19,22,23,24
161,8,12,13,14,17,18,19,22,23
162,8,12,13,14,17,18,19,22,23
163,8,12,13,14,17,18,19,22,23
164,8,12,13,14,17,18,19,22,23
165,7,8,12,13,14,17,18,19,22,23
166,7,8,12,13,14,17,18,19,22,23
167,7,8,12,13,14,17,18,19,22,23
168,7,8,12,13,14,17,18,19,22,23
169,7,8,12,13,14,17,18,19,22,23
170,7,8,12,13,14,17,18,19,22,23
171,7,8,12,13,14,17,18,19,22,23
172,7,8,12,13,14,17,18,19,22,23
173,7,8,12,13,14,17,18,19,23
174,7,8,12,13,14,17,18,19,23
175,7,8,12,13,14,17,18,19,23
176,7,8,12,13,14,17,18,19,23
177,7,8,12,13,14,17,18,19,23
178,7,8,12,13,14,17,18,19,23
179,7,8,12,13,14,17,18,19,23
180,7,8,12,13,14,17,18,19,23
181,7,8,12,13,14,17,18,19,23
182,7,8,12,13,14,17,18,19,23
183,7,8,9,12,13,14,17,18,19,23
184,7,8,9,12,13,14,17,18,19,23
185,7,8,9,12,13,14,17,18,19,23
186,7,8,9,12,13,14,17,18,19,23
187,7,8,9,12,13,14,17,18,19,23
188,7,8,9,12,13,14,17,18,19,23
189,7,8,9,12,13,14,17,18,19
190,7,8,9,12,13,14,17,18,19
191,7,8,9,12,13,14,17,18,19
192,7,8,9,12,13,14,17,18,19
193,7,8,9,12,13,14,17,18,19,23
194,7,8,9,12,13,14,17,18,19,23
195,7,8,9,12,13,14,17,18,19,23
196,7,8,9,12,13,14,17,18,19,23
197,7,8,9,12,13,14,17,18,19,23
198,7,8,9,12,13,14,17,18,19,23
199,7,8,9,12,13,14,17,18,19,23
200,7,8,9,12,13,14,17,18,19,23
201,7,8,9,12,13,14,17,18,19
202,7,8,9,12,13,14,17,18,19
203,7,8,9,12,13,14,17,18,19
204,7,8,9,12,13,14,17,18,19
205,7,8,9,12,13,14,18,19
206,7,8,9,12,13,14,18,19
207,3,7,8,9,12,13,14,18,19
208,3,7,8,9,12,13,14,18,19
209,3,7,8,9,12,13,14,18,19
210,3,7,8,9,12,13,14,18,19
211,3,7,8,9,12,13,14,18,19
212,3,7,8,9,12,13,14,18,19
213,7,8,9,12,13,14,18,19
214,7,8,9,12,13,14,18,19
215,7,8,9,12,13,14,17,18,19
216,7,8,9,12,13,14,17,18,19
217,7,8,9,12,13,14,17,18,19
218,7,8,9,12,13,14,17,18,19
219,7,8,9,12,13,14,17,18,19
220,7,8,9,12,13,14,17,18,19
221,7,8,9,12,13,14,17,18,19
222,7,8,9,12,13,14,17,18,19
223,7,8,9,12,13,14,17,18,19
224,7,8,9,12,13,14,17,18,19
225,7,8,9,12,13,14,17,18,19
226,7,8,9,12,13,14,17,18,19
227,7,8,9,12,13,14,17,18,19
228,7,8,9,12,13,14,17,18,19
229,7,8,9,12,13,14,17,18,19
230,7,8,9,12,13,14,17,18,19
231,7,8,9,12,13,14,17,18,19
232,7,8,9,12,13,14,17,18,19
233,7,8,9,12,13,14,17,18,19
234,7,8,9,12,13,14,17,18,19
235,7,8,9,12,13,14,17,18,19
236,7,8,9,12,13,14,17,18,19
237,7,8,9,12,13,14,17,18,19
238,7,8,9,12,13,14,17,18,19
239,7,8,9,12,13,14,17,18,19
240,7,8,9,12,13,14,17,18,19
241,7,8,9,12,13,14,17,18,19
242,7,8,9,12,13,14,17,18,19
243,3,7,8,9,12,13,14,17,18,19
244,3,7,8,9,12,13,14,17,18,19
245,3,7,8,9,12,13,14,17,18,19
246,3,7,8,9,12,13,14,17,18,19
247,3,7,8,9,12,13,14,17,18,19
248,3,7,8,9,12,13,14,17,18,19
249,3,7,8,9,12,13,14,17,18,19
250,3,7,8,9,12,13,14,17,18,19
251,3,7,8,9,12,13,14,17,18,19
252,3,7,8,9,12,13,14,17,18,19
253,3,7,8,9,12,13,14,17,18,19
254,3,7,8,9,12,13,14,17,18,19
255,7,8,9,12,13,14,17,18,19
256,7,8,9,12,13,14,17,18,19
257,7,8,9,12,13,14,17,18,19
258,7,8,9,12,13,14,17,18,19
259,7,8,9,12,13,14,17,18,19,23
260,7,8,9,12,13,14,17,18,19,23
261,7,8,9,12,13,14,17,18,19,23
262,7,8,9,12,13,14,17,18,19,23
263,7,8,9,12,13,14,17,18,19,23
264,7,8,9,12,13,14,17,18,19,23
265,7,8,9,12,13,14,17,18,19,23
266,7,8,9,12,13,14,17,18,19,23
267,7,8,9,12,13,14,17,18,19,23
268,7,8,9,12,13,14,17,18,19,23
269,7,8,12,13,14,17,18,19,23
270,7,8,12,13,14,17,18,19,23
271,7,8,12,13,14,17,18,19,23
272,7,8,12,13,14,17,18,19,23
273,7,8,12,13,14,17,18,19,22,23
274,7,8,12,13,14,17,18,19,22,23
275,7,8,12,13,14,17,18,19,23
276,7,8,12,13,14,17,18,19,23
277,7,8,9,12,13,14,17,18,19,23
278,7,8,9,12,13,14,17,18,19,23
279,7,8,9,12,13,14,17,18,19,23
280,7,8,9,12,13,14,17,18,19,23
281,7,8,9,12,13,14,17,18,19,23
282,7,8,9,12,13,14,17,18,19,23
283,7,8,9,12,13,14,17,18,19,23
284,7,8,9,12,13,14,17,18,19,23
285,7,8,9,12,13,14,17,18,19,23
286,7,8,9,12,13,14,17,18,19,23
287,7,8,9,12,13,14,17,18,19,23
288,7,8,9,12,13,14,17,18,19,23
289,7,8,9,12,13,14,17,18,19,23
290,7,8,9,12,13,14,17,18,19,23
291,7,8,9,12,13,14,17,18,19,23
292,7,8,9,12,13,14,17,18,19,23
293,7,8,12,13,14,17,18,19,23
294,7,8,12,13,14,17,18,19,23
295,7,8,12,13,14,17,18,19,22,23
296,7,8,12,13,14,17,18,19,22,23
297,7,8,12,13,14,17,18,19,22,23
298,7,8,12,13,14,17,18,19,22,23
299,7,8,12,13,14,17,18,19,22,23
300,7,8,12,13,14,17,18,19,22,23
301,7,8,12,13,14,17,18,19,22,23
302,7,8,12,13,14,17,18,19,22,23
303,7,8,12,13,14,17,18,19,22,23
304,7,8,12,13,14,17,18,19,22,23
305,7,8,12,13,14,17,18,19,22,23
306,7,8,12,13,14,17,18,19,22,23
307,7,8,12,13,14,17,18,19,22,23
308,7,8,12,13,14,17,18,19,22,23
309,7,8,12,13,14,17,18,19,22,23
310,7,8,12,13,14,17,18,19,22,23
311,7,8,12,13,14,17,18,19,22,23
312,7,8,12,13,14,17,18,19,22,23
313,7,8,12,13,14,17,18,19,22,23
314,7,8,12,13,14,17,18,19,22,23
315,7,8,12,13,14,17,18,19,22,23
316,7,8,12,13,14,17,18,19,22,23
317,7,8,12,13,14,17,18,19,22,23
318,7,8,12,13,14,17,18,19,22,23
319,7,8,12,13,14,17,18,19,22,23
320,7,8,12,13,14,17,18,19,22,23
321,7,8,12,13,14,17,18,19,22,23
322,7,8,12,13,14,17,18,19,22,23
323,7,8,12,13,14,17,18,19,22,23
324,7,8,12,13,14,17,18,19,22,23
325,7,8,12,13,14,17,18,19,22,23
326,7,8,12,13,14,17,18,19,22,23
327,7,8,12,13,14,17,18,19,22,23
328,7,8,12,13,14,17,18,19,22,23
329,7,8,12,13,14,17,18,19,22,23
330,7,8,12,13,14,17,18,19,22,23
331,7,8,12,13,14,17,18,19,22,23
332,7,8,12,13,14,17,18,19,22,23
333,7,8,12,13,14,17,18,19,22,23
334,7,8,12,13,14,17,18,19,22,23
335,7,8,12,13,14,17,18,19,22,23
336,7,8,12,13,14,17,18,19,22,23
337,7,8,12,13,14,17,18,19,22,23
338,7,8,12,13,14,17,18,19,22,23
339,7,8,12,13,14,17,18,19,22,23
340,7,8,12,13,14,17,18,19,22,23
341,7,8,12,13,14,17,18,19,22,23
342,7,8,12,13,14,17,18,19,22,23
343,7,8,12,13,14,17,18,19,22,23
344,7,8,12,13,14,17,18,19,22,23
345,7,8,12,13,14,17,18,19,22,23
346,7,8,12,13,14,17,18,19,22,23
347,7,8,12,13,14,17,18,19,22,23
348,7,8,12,13,14,17,18,19,22,23
349,7,8,12,13,14,17,18,19,22,23
350,7,8,12,13,14,17,18,19,22,23
351,7,8,12,13,14,17,18,19,22,23
352,7,8,12,13,14,17,18,19,22,23
353,7,8,12,13,14,17,18,19,22,23
354,7,8,12,13,14,17,18,19,22,23
355,7,8,12,13,14,17,18,19,22,23
356,7,8,12,13,14,17,18,19,22,23
357,7,8,12,13,14,17,18,19,22,23
358,7,8,12,13,14,17,18,19,22,23
359,7,8,12,13,14,17,18,19,22,23
360,7,8,12,13,14,17,18,19,22,23
361,7,8,12,13,14,17,18,19,22,23
362,7,8,12,13,14,17,18,19,22,23
363,7,8,12,13,14,17,18,19,22,23
364,7,8,12,13,14,17,18,19,22,23
365,7,8,12,13,14,17,18,19,22,23
366,7,8,12,13,14,17,18,19,22,23
367,7,8,12,13,14,17,18,19,22,23
368,7,8,12,13,14,17,18,19,22,23
369,7,8,12,13,14,17,18,19,22,23
370,7,8,12,13,14,17,18,19,22,23
371,7,8,12,13,14,17,18,19,22,23
372,7,8,12,13,14,17,18,19,22,23
373,7,8,12,13,14,17,18,19,22,23
374,7,8,12,13,14,17,18,19,22,23
375,7,8,12,13,14,17,18,19,22,23
376,7,8,12,13,14,17,18,19,22,23
377,7,8,12,13,14,17,18,19,22,23
378,7,8,12,13,14,17,18,19,22,23
379,7,8,12,13,14,17,18,19,22,23
380,7,8,12,13,14,17,18,19,22,23
381,7,8,12,13,14,17,18,19,22,23
382,7,8,12,13,14,17,18,19,22,23
383,7,8,12,13,14,17,18,19,22,23
384,7,8,12,13,14,17,18,19,22,23
385,7,8,12,13,14,17,18,19,22,23
386,7,8,12,13,14,17,18,19,22,23
387,7,8,12,13,14,17,18,19,22,23
388,7,8,12,13,14,17,18,19,22,23
389,7,8,12,13,14,17,18,19,22,23
390,7,8,12,13,14,17,18,19,22,23
391,7,8,12,13,14,17,18,19,22,23
392,7,8,12,13,14,17,18,19,22,23
393,7,8,12,13,14,17,18,19,22,23
394,7,8,12,13,14,17,18,19,22,23
395,7,8,12,13,14,17,18,19,22,23
396,7,8,12,13,14,17,18,19,22,23
397,7,8,12,13,14,17,18,19,22,23
398,7,8,12,13,14,17,18,19,22,23
399,7,8,12,13,14,17,18,19,22,23
400,7,8,12,13,14,17,18,19,22,23
401,7,8,12,13,14,17,18,19,22,23
402,7,8,12,13,14,17,18,19,22,23
403,7,8,12,13,14,17,18,19,22,23
404,7,8,12,13,14,17,18,19,22,23
405,7,8,12,13,14,17,18,19,22,23
406,7,8,12,13,14,17,18,19,22,23
407,7,8,12,13,14,17,18,19,22,23
408,7,8,12,13,14,17,18,19,22,23
409,7,8,12,13,14,17,18,19,22,23
410,7,8,12,13,14,17,18,19,22,23
411,7,8,12,13,14,17,18,19,22,23
412,7,8,12,13,14,17,18,19,22,23
413,7,8,12,13,14,17,18,19,22,23
414,7,8,12,13,14,17,18,19,22,23
415,7,8,12,13,14,17,18,19,22,23
416,7,8,12,13,14,17,18,19,22,23
417,7,8,12,13,14,17,18,19,22,23
418,7,8,12,13,14,17,18,19,22,23
419,7,8,12,13,14,17,18,19,22,23
420,7,8,12,13,14,17,18,19,22,23
421,7,8,12,13,14,17,18,19,22,23
422,7,8,12,13,14,17,18,19,22,23
423,7,8,12,13,14,17,18,19,22,23
424,7,8,12,13,14,17,18,19,22,23
425,7,8,12,13,14,17,18,19,22,23
426,7,8,12,13,14,17,18,19,22,23
427,7,8,12,13,14,17,18,19,22,23
428,7,8,12,13,14,17,18,19,22,23
429,7,8,12,13,14,17,18,19,22,23
430,7,8,12,13,14,17,18,19,22,23
431,7,8,12,13,14,17,18,19,22,23
432,7,8,12,13,14,17,18,19,22,23
433,7,8,12,13,14,17,18,19,22,23
434,7,8,12,13,14,17,18,19,22,23
435,7,8,12,13,14,17,18,19,22,23
436,7,8,12,13,14,17,18,19,22,23
437,7,8,12,13,14,17,18,19,22,23
438,7,8,12,13,14,17,18,19,22,23
439,7,8,12,13,14,17,18,19,22,23
440,7,8,12,13,14,17,18,19,22,23
441,7,8,12,13,14,17,18,19,22,23
442,7,8,12,13,14,17,18,19,22,23
443,7,8,12,13,14,17,18,19,22,23
444,7,8,12,13,14,17,18,19,22,23
445,7,8,12,13,14,17,18,19,22,23
446,7,8,12,13,14,17,18,19,22,23
447,7,8,12,13,14,17,18,19,22,23
448,7,8,12,13,14,17,18,19,22,23
449,7,8,12,13,14,17,18,19,22,23
450,7,8,12,13,14,17,18,19,22,23
451,7,8,12,13,14,17,18,19,22,23
452,7,8,12,13,14,17,18,19,22,23
453,7,8,12,13,14,17,18,19,22,23
454,7,8,12,13,14,17,18,19,22,23
455,7,8,12,13,14,17,18,19,22,23
456,7,8,12,13,14,17,18,19,22,23
457,7,8,12,13,14,17,18,19,22,23
458,7,8,12,13,14,17,18,19,22,23
459,7,8,12,13,14,17,18,19,22,23
460,7,8,12,13,14,17,18,19,22,23
461,7,8,12,13,14,17,18,19,22,23
462,7,8,12,13,14,17,18,19,22,23
463,7,8,12,13,14,17,18,19,22,23
464,7,8,12,13,14,17,18,19,22,23
465,7,8,12,13,14,17,18,19,22,23
466,7,8,12,13,14,17,18,19,22,23
467,7,8,12,13,14,17,18,19,22,23
468,7,8,12,13,14,17,18,19,22,23
469,7,8,12,13,14,17,18,19,22,23
470,7,8,12,13,14,17,18,19,22,23
471,7,8,12,13,14,17,18,19,22,23
472,7,8,12,13,14,17,18,19,22,23
473,7,8,12,13,14,17,18,19,22,23
474,7,8,12,13,14,17,18,19,22,23
475,7,8,12,13,14,17,18,19,22,23
476,7,8,12,13,14,17,18,19,22,23
477,7,8,12,13,14,17,18,19,22,23
478,7,8,12,13,14,17,18,19,22,23
479,7,8,12,13,14,17,18,19,22,23
480,7,8,12,13,14,17,18,19,22,23
481,7,8,12,13,14,17,18,19,22,23
482,7,8,12,13,14,17,18,19,22,23
483,7,8,12,13,14,17,18,19,22,23
484,7,8,12,13,14,17,18,19,22,23
485,7,8,12,13,14,17,18,19,22,23
486,7,8,12,13,14,17,18,19,22,23
487,7,8,12,13,14,17,18,19,22,23
488,7,8,12,13,14,17,18,19,22,23
489,7,8,12,13,14,17,18,19,22,23
490,7,8,12,13,14,17,18,19,22,23
491,7,8,12,13,14,17,18,19,22,23
492,7,8,12,13,14,17,18,19,22,23
493,7,8,12,13,14,17,18,19,22,23
494,7,8,12,13,14,17,18,19,22,23
495,7,8,12,13,14,17,18,19,22,23
496,7,8,12,13,14,17,18,19,22,23
497,7,8,12,13,14,17,18,19,22,23
498,7,8,12,13,14,17,18,19,22,23
499,7,8,12,13,14,17,18,19,22,23
500,7,8,12,13,14,17,18,19,22,23
501,7,8,12,13,14,17,18,19,22,23
502,7,8,12,13,14,17,18,19,22,23
503,7,8,12,13,14,17,18,19,22,23
504,7,8,12,13,14,17,18,19,22,23
505,7,8,12,13,14,17,18,19,22,23
506,7,8,12,13,14,17,18,19,22,23
507,7,8,12,13,14,17,18,19,22,23
508,7,8,12,13,14,17,18,19,22,23
509,7,8,12,13,14,17,18,19,22,23
510,7,8,12,13,14,17,18,19,22,23
511,7,8,12,13,14,17,18,19,22,23
512,7,8,12,13,14,17,18,19,22,23
513,7,8,12,13,14,17,18,19,22,23
514,7,8,12,13,14,17,18,19,22,23
515,7,8,12,13,14,17,18,19,22,23
516,7,8,12,13,14,17,18,19,22,23
517,7,8,12,13,14,17,18,19,22,23
518,7,8,12,13,14,17,18,19,22,23
519,7,8,12,13,14,17,18,19,22,23
520,7,8,12,13,14,17,18,19,22,23
521,7,8,12,13,14,17,18,19,22,23
522,7,8,12,13,14,17,18,19,22,23
523,7,8,12,13,14,17,18,19,22,23
524,7,8,12,13,14,17,18,19,22,23
525,7,8,12,13,14,17,18,19,22,23
526,7,8,12,13,14,17,18,19,22,23
527,7,8,12,13,14,17,18,19,22,23
528,7,8,12,13,14,17,18,19,22,23
529,7,8,12,13,14,17,18,19,22,23
530,7,8,12,13,14,17,18,19,22,23
531,7,8,12,13,14,17,18,19,22,23
532,7,8,12,13,14,17,18,19,22,23
533,7,8,12,13,14,17,18,19,22,23
534,7,8,12,13,14,17,18,19,22,23
535,7,8,12,13,14,17,18,19,22,23
536,7,8,12,13,14,17,18,19,22,23
537,7,8,12,13,14,17,18,19,22,23
538,7,8,12,13,14,17,18,19,22,23
539,7,8,12,13,14,17,18,19,22,23
540,7,8,12,13,14,17,18,19,22,23
541,7,8,12,13,14,17,18,19,22,23
542,7,8,12,13,14,17,18,19,22,23
543,7,8,12,13,14,17,18,19,22,23
544,7,8,12,13,14,17,18,19,22,23
545,7,8,12,13,14,17,18,19,22,23
546,7,8,12,13,14,17,18,19,22,23
547,7,8,12,13,14,17,18,19,22,23
548,7,8,12,13,14,17,18,19,22,23
549,7,8,12,13,14,17,18,19,22,23
550,7,8,12,13,14,17,18,19,22,23
551,7,8,12,13,14,17,18,19,22,23
552,7,8,12,13,14,17,18,19,22,23
553,7,8,12,13,14,17,18,19,22,23
554,7,8,12,13,14,17,18,19,22,23
555,7,8,12,13,14,17,18,19,22,23
556,7,8,12,13,14,17,18,19,22,23
557,7,8,12,13,14,17,18,19,22,23
558,7,8,12,13,14,17,18,19,22,23
559,7,8,12,13,14,17,18,19,22,23
560,7,8,12,13,14,17,18,19,22,23
561,7,8,12,13,14,17,18,19,22,23
562,7,8,12,13,14,17,18,19,22,23
563,7,8,12,13,14,17,18,19,22,23
564,7,8,12,13,14,17,18,19,22,23
565,7,8,12,13,14,17,18,19,22,23
566,7,8,12,13,14,17,18,19,22,23
567,7,8,12,13,14,17,18,19,22,23
568,7,8,12,13,14,17,18,19,22,23
569,7,8,12,13,14,17,18,19,22,23
570,7,8,12,13,14,17,18,19,22,23
571,7,8,12,13,14,17,18,19,22,23
572,7,8,12,13,14,17,18,19,22,23
573,7,8,12,13,14,17,18,19,22,23
574,7,8,12,13,14,17,18,19,22,23
575,7,8,12,13,14,17,18,19,22,23
576,7,8,12,13,14,17,18,19,22,23
577,7,8,12,13,14,17,18,19,22,23
578,7,8,12,13,14,17,18,19,22,23
579,7,8,12,13,14,17,18,19,22,23
580,7,8,12,13,14,17,18,19,22,23
581,7,8,12,13,14,17,18,19,22,23
582,7,8,12,13,14,17,18,19,22,23
583,7,8,12,13,14,17,18,19,22,23
584,7,8,12,13,14,17,18,19,22,23
585,7,8,12,13,14,17,18,19,22,23
586,7,8,12,13,14,17,18,19,22,23
587,7,8,12,13,14,17,18,19,22,23
588,7,8,12,13,14,17,18,19,22,23
589,7,8,12,13,14,17,18,19,22,23
590,7,8,12,13,14,17,18,19,22,23
591,7,8,12,13,14,17,18,19,22,23
592,7,8,12,13,14,17,18,19,22,23
593,7,8,12,13,14,17,18,19,22,23
594,7,8,12,13,14,17,18,19,22,23
595,7,8,12,13,14,17,18,19,22,23
596,7,8,12,13,14,17,18,19,22,23
597,7,8,12,13,14,17,18,19,22,23
598,7,8,12,13,14,17,18,19,22,23
599,7,8,12,13,14,17,18,19,22,23
600,7,8,12,13,14,17,18,19,22,23
601,7,8,12,13,14,17,18,19,22,23
602,7,8,12,13,14,17,18,19,22,23
603,7,8,12,13,14,17,18,19,22,23
604,7,8,12,13,14,17,18,19,22,23
605,7,8,12,13,14,17,18,19,22,23
606,7,8,12,13,14,17,18,19,22,23
607,7,8,12,13,14,17,18,19,22,23
608,7,8,12,13,14,17,18,19,22,23
609,7,8,12,13,14,17,18,19,22,23
610,7,8,12,13,14,17,18,19,22,23
611,7,8,12,13,14,17,18,19,22,23
612,7,8,12,13,14,17,18,19,22,23
613,7,8,12,13,14,17,18,19,22,23
614,7,8,12,13,14,17,18,19,22,23
615,7,8,12,13,14,17,18,19,22,23
616,7,8,12,13,14,17,18,19,22,23
617,7,8,12,13,14,17,18,19,22,23
618,7,8,12,13,14,17,18,19,22,23
619,7,8,12,13,14,17,18,19,22,23
620,7,8,12,13,14,17,18,19,22,23
621,7,8,12,13,14,17,18,19,22,23
622,7,8,12,13,14,17,18,19,22,23
623,7,8,12,13,14,17,18,19,22,23
624,7,8,12,13,14,17,18,19,22,23
625,7,8,12,13,14,17,18,19,22,23
626,7,8,12,13,14,17,18,19,22,23
627,7,8,12,13,14,17,18,19,22,23
628,7,8,12,13,14,17,18,19,22,23
629,7,8,12,13,14,17,18,19,22,23
630,7,8,12,13,14,17,18,19,22,23
631,7,8,12,13,14,17,18,19,22,23
632,7,8,12,13,14,17,18,19,22,23
633,7,8,12,13,14,17,18,19,22,23
634,7,8,12,13,14,17,18,19,22,23
635,7,8,12,13,14,17,18,19,22,23
636,7,8,12,13,14,17,18,19,22,23
637,7,8,12,13,14,17,18,19,22,23
638,7,8,12,13,14,17,18,19,22,23
639,7,8,12,13,14,17,18,19,22,23
640,7,8,12,13,14,17,18,19,22,23
641,7,8,12,13,14,17,18,19,22,23
642,7,8,12,13,14,17,18,19,22,23
643,7,8,12,13,14,17,18,19,22,23
644,7,8,12,13,14,17,18,19,22,23
645,7,8,12,13,14,17,18,19,22,23,24
646,7,8,12,13,14,17,18,19,22,23,24
647,7,8,12,13,14,17,18,19,22,23,24
648,7,8,12,13,14,17,18,19,22,23,24
649,7,8,12,13,14,17,18,19,22,23,24
650,7,8,12,13,14,17,18,19,22,23,24
651,7,8,12,13,14,17,18,19,22,23,24
652,7,8,12,13,14,17,18,19,22,23,24
653,7,8,12,13,14,17,18,19,22,23,24
654,7,8,12,13,14,17,18,19,22,23,24
655,7,8,12,13,14,17,18,19,22,23,24
656,7,8,12,13,14,17,18,19,22,23,24
657,8,12,13,14,17,18,19,22,23,24
658,8,12,13,14,17,18,19,22,23,24
659,8,12,13,14,17,18,19,22,23,24
660,8,12,13,14,17,18,19,22,23,24
661,8,12,13,14,17,18,19,22,23,24
662,8,12,13,14,17,18,19,22,23,24
663,8,12,13,14,17,18,19,22,23,24
664,8,12,13,14,17,18,19,22,23,24
665,8,12,13,14,17,18,19,22,23,24
666,8,12,13,14,17,18,19,22,23,24
667,8,12,13,14,17,18,19,22,23,24
668,8,12,13,14,17,18,19,22,23,24
669,8,12,13,14,17,18,19,22,23,24
670,8,12,13,14,17,18,19,22,23,24
671,8,12,13,14,17,18,19,22,23,24
672,8,12,13,14,17,18,19,22,23,24
673,8,12,13,14,17,18,19,22,23,24
674,8,12,13,14,17,18,19,22,23,24
675,8,12,13,14,17,18,19,22,23,24
676,8,12,13,14,17,18,19,22,23,24
677,8,12,13,14,17,18,19,22,23,24
678,8,12,13,14,17,18,19,22,23,24
679,8,12,13,14,17,18,19,22,23,24
680,8,12,13,14,17,18,19,22,23,24
681,8,12,13,14,17,18,19,22,23,24
682,8,12,13,14,17,18,19,22,23,24
683,8,12,13,14,17,18,19,22,23,24
684,8,12,13,14,17,18,19,22,23,24
685,8,12,13,14,17,18,19,22,23,24
686,8,12,13,14,17,18,19,22,23,24
687,8,12,13,14,17,18,19,22,23,24
688,8,12,13,14,17,18,19,22,23,24
689,8,12,13,14,17,18,19,22,23,24
690,8,12,13,14,17,18,19,22,23,24
691,8,12,13,14,17,18,19,22,23,24
692,8,12,13,14,17,18,19,22,23,24
693,7,8,12,13,14,17,18,19,22,23,24
694,7,8,12,13,14,17,18,19,22,23,24
695,7,8,12,13,14,17,18,19,22,23
696,7,8,12,13,14,17,18,19,22,23
697,7,8,12,13,14,17,18,19,22,23
698,7,8,12,13,14,17,18,19,22,23
699,7,8,12,13,14,17,18,19,22,23
700,7,8,12,13,14,17,18,19,22,23
701,7,8,12,13,14,17,18,19,22,23
702,7,8,12,13,14,17,18,19,22,23
703,7,8,12,13,14,17,18,19,22,23
704,7,8,12,13,14,17,18,19,22,23
705,7,8,12,13,14,17,18,19,22,23
706,7,8,12,13,14,17,18,19,22,23
707,7,8,12,13,14,17,18,19,23
708,7,8,12,13,14,17,18,19,23
709,7,8,12,13,14,17,18,19,22,23
710,7,8,12,13,14,17,18,19,22,23
711,7,8,12,13,14,17,18,19,22,23
712,7,8,12,13,14,17,18,19,22,23
713,7,8,12,13,14,17,18,19,22,23
714,7,8,12,13,14,17,18,19,22,23
715,7,8,12,13,14,17,18,19,22,23
716,7,8,12,13,14,17,18,19,22,23
717,7,8,12,13,14,17,18,19,22,23
718,7,8,12,13,14,17,18,19,22,23
719,7,8,12,13,14,17,18,19,22,23
720,7,8,12,13,14,17,18,19,22,23
721,7,8,12,13,14,17,18,19,22,23
722,7,8,12,13,14,17,18,19,22,23
723,7,8,12,13,14,17,18,19,22,23
724,7,8,12,13,14,17,18,19,22,23
725,7,8,12,13,14,17,18,19,22,23
726,7,8,12,13,14,17,18,19,22,23
727,7,8,12,13,14,17,18,19,22,23
728,7,8,12,13,14,17,18,19,22,23
729,7,8,12,13,14,17,18,19,22,23
730,7,8,12,13,14,17,18,19,22,23
731,7,8,12,13,14,17,18,19,22,23
732,7,8,12,13,14,17,18,19,22,23
733,7,8,12,13,14,17,18,19,22,23
734,7,8,12,13,14,17,18,19,22,23
735,7,8,12,13,14,17,18,19,22,23
736,7,8,12,13,14,17,18,19,22,23
737,7,8,12,13,14,17,18,19,22,23
738,7,8,12,13,14,17,18,19,22,23
739,7,8,12,13,14,17,18,19,22,23
740,7,8,12,13,14,17,18,19,22,23
741,7,8,12,13,14,17,18,19,22,23
742,7,8,12,13,14,17,18,19,22,23
743,7,8,12,13,14,17,18,19,22,23
744,7,8,12,13,14,17,18,19,22,23
745,7,8,12,13,14,17,18,19,22,23
746,7,8,12,13,14,17,18,19,22,23
747,7,8,12,13,14,17,18,19,22,23
748,7,8,12,13,14,17,18,19,22,23
749,7,8,12,13,14,17,18,19,22,23
750,7,8,12,13,14,17,18,19,22,23
751,7,8,12,13,14,17,18,19,22,23
752,7,8,12,13,14,17,18,19,22,23
753,7,8,12,13,14,17,18,19,22,23,24
754,7,8,12,13,14,17,18,19,22,23,24
755,7,8,12,13,14,17,18,19,22,23,24
756,7,8,12,13,14,17,18,19,22,23,24
757,7,8,12,13,14,17,18,19,22,23,24
758,7,8,12,13,14,17,18,19,22,23,24
759,7,8,12,13,14,17,18,19,22,23,24
760,7,8,12,13,14,17,18,19,22,23,24
761,7,8,12,13,14,17,18,19,22,23,24
762,7,8,12,13,14,17,18,19,22,23,24
763,7,8,12,13,14,17,18,19,22,23,24
764,7,8,12,13,14,17,18,19,22,23,24
765,7,8,12,13,14,17,18,19,22,23,24
766,7,8,12,13,14,17,18,19,22,23,24
767,7,8,12,13,14,17,18,19,22,23,24
768,7,8,12,13,14,17,18,19,22,23,24
769,7,8,12,13,14,17,18,19,22,23,24
770,7,8,12,13,14,17,18,19,22,23,24
771,7,8,12,13,14,17,18,19,22,23,24
772,7,8,12,13,14,17,18,19,22,23,24
773,7,8,12,13,14,17,18,19,22,23,24
774,7,8,12,13,14,17,18,19,22,23,24
775,7,8,12,13,14,17,18,19,22,23,24
776,7,8,12,13,14,17,18,19,22,23,24
777,7,8,12,13,14,17,18,19,22,23,24
778,7,8,12,13,14,17,18,19,22,23,24
779,7,8,12,13,14,17,18,19,22,23,24
780,7,8,12,13,14,17,18,19,22,23,24
781,7,8,12,13,14,17,18,19,22,23,24
782,7,8,12,13,14,17,18,19,22,23,24
783,7,8,12,13,14,17,18,19,22,23,24
784,7,8,12,13,14,17,18,19,22,23,24
785,7,8,12,13,14,17,18,19,22,23,24
786,7,8,12,13,14,17,18,19,22,23,24
787,7,8,12,13,14,17,18,19,22,23,24
788,7,8,12,13,14,17,18,19,22,23,24
789,7,8,12,13,14,17,18,19,22,23,24
790,7,8,12,13,14,17,18,19,22,23,24
791,8,12,13,14,17,18,19,22,23,24
792,8,12,13,14,17,18,19,22,23,24
793,8,12,13,14,17,18,19,22,23,24
794,8,12,13,14,17,18,19,22,23,24
795,8,12,13,14,17,18,19,22,23,24
796,8,12,13,14,17,18,19,22,23,24
797,8,12,13,14,17,18,19,22,23,24
798,8,12,13,14,17,18,19,22,23,24
799,8,12,13,14,17,18,19,22,23,24
800,8,12,13,14,17,18,19,22,23,24
801,8,12,13,14,17,18,19,22,23,24
802,8,12,13,14,17,18,19,22,23,24
803,8,12,13,14,17,18,19,22,23,24
804,8,12,13,14,17,18,19,22,23,24
805,8,12,13,14,17,18,19,22,23,24
806,8,12,13,14,17,18,19,22,23,24
807,8,12,13,14,17,18,19,22,23,24
808,8,12,13,14,17,18,19,22,23,24
809,8,12,13,14,17,18,19,22,23,24
810,8,12,13,14,17,18,19,22,23,24
811,8,12,13,14,17,18,19,22,23,24
812,8,12,13,14,17,18,19,22,23,24
813,8,12,13,14,17,18,19,22,23,24
814,8,12,13,14,17,18,19,22,23,24
815,8,12,13,14,17,18,19,22,23,24
816,8,12,13,14,17,18,19,22,23,24
817,8,12,13,14,17,18,19,22,23,24
818,8,12,13,14,17,18,19,22,23,24
819,8,12,13,14,17,18,19,22,23,24
820,8,12,13,14,17,18,19,22,23,24
821,8,12,13,14,17,18,19,22,23,24
822,8,12,13,14,17,18,19,22,23,24
823,8,12,13,14,17,18,19,22,23,24
824,8,12,13,14,17,18,19,22,23,24
825,8,12,13,14,17,18,19,22,23,24
826,8,12,13,14,17,18,19,22,23,24
827,8,12,13,14,17,18,19,22,23,24
828,8,12,13,14,17,18,19,22,23,24
829,8,12,13,14,17,18,19,22,23,24
830,8,12,13,14,17,18,19,22,23,24
831,8,12,13,14,17,18,19,22,23,24
832,8,12,13,14,17,18,19,22,23,24
833,8,12,13,14,17,18,19,22,23,24
834,8,12,13,14,17,18,19,22,23,24
835,8,12,13,14,17,18,19,22,23,24
836,8,12,13,14,17,18,19,22,23,24
837,8,12,13,14,17,18,19,22,23,24
838,8,12,13,14,17,18,19,22,23,24
839,8,12,13,14,17,18,19,22,23,24
840,8,12,13,14,17,18,19,22,23,24
841,8,12,13,14,17,18,19,22,23,24
842,8,12,13,14,17,18,19,22,23,24
843,8,12,13,14,17,18,19,22,23,24
844,8,12,13,14,17,18,19,22,23,24
845,8,12,13,14,17,18,19,22,23,24
846,8,12,13,14,17,18,19,22,23,24
847,8,12,13,14,17,18,19,22,23,24
848,8,12,13,14,17,18,19,22,23,24
849,8,12,13,14,17,18,19,22,23,24
850,8,12,13,14,17,18,19,22,23,24
851,8,12,13,14,17,18,19,22,23,24
852,8,12,13,14,17,18,19,22,23,24
853,8,12,13,14,17,18,19,22,23,24
854,8,12,13,14,17,18,19,22,23,24
855,8,12,13,14,17,18,19,22,23,24
856,8,12,13,14,17,18,19,22,23,24
857,8,12,13,14,17,18,19,22,23,24
858,8,12,13,14,17,18,19,22,23,24
859,8,12,13,14,17,18,19,22,23,24
860,8,12,13,14,17,18,19,22,23,24
861,8,12,13,14,17,18,19,22,23,24
862,8,12,13,14,17,18,19,22,23,24
863,8,12,13,14,17,18,19,22,23,24
864,8,12,13,14,17,18,19,22,23,24
865,8,12,13,14,17,18,19,22,23,24
866,8,12,13,14,17,18,19,22,23,24
867,8,12,13,14,17,18,19,22,23,24
868,8,12,13,14,17,18,19,22,23,24
869,8,12,13,14,17,18,19,22,23,24
870,8,12,13,14,17,18,19,22,23,24
871,8,12,13,14,17,18,19,22,23,24
872,8,12,13,14,17,18,19,22,23,24
873,8,12,13,14,17,18,19,22,23,24
874,8,12,13,14,17,18,19,22,23,24
875,7,8,12,13,14,17,18,19,22,23,24
876,7,8,12,13,14,17,18,19,22,23,24
877,7,8,12,13,14,17,18,19,22,23,24
878,7,8,12,13,14,17,18,19,22,23,24
879,7,8,12,13,14,17,18,19,22,23
880,7,8,12,13,14,17,18,19,22,23
881,7,8,12,13,14,17,18,19,22,23
882,7,8,12,13,14,17,18,19,22,23
883,7,8,12,13,14,17,18,19,22,23
884,7,8,12,13,14,17,18,19,22,23
885,7,8,12,13,14,17,18,19,23
886,7,8,12,13,14,17,18,19,23
887,7,8,9,12,13,14,17,18,19,23
888,7,8,9,12,13,14,17,18,19,23
889,7,8,9,12,13,14,17,18,19,23
890,7,8,9,12,13,14,17,18,19,23
891,7,8,9,12,13,14,17,18,19,23
892,7,8,9,12,13,14,17,18,19,23
893,7,8,9,12,13,14,17,18,19,23
894,7,8,9,12,13,14,17,18,19,23
895,7,8,9,12,13,14,17,18,19,23
896,7,8,9,12,13,14,17,18,19,23
897,7,8,9,12,13,14,17,18,19,23
898,7,8,9,12,13,14,17,18,19,23
899,7,8,9,12,13,14,17,18,19
900,7,8,9,12,13,14,17,18,19
901,7,8,9,12,13,14,17,18,19
902,7,8,9,12,13,14,17,18,19
903,7,8,9,12,13,14,17,18,19
904,7,8,9,12,13,14,17,18,19
905,7,8,9,12,13,14,17,18,19
906,7,8,9,12,13,14,17,18,19
907,7,8,9,12,13,14,17,18,19
908,7,8,9,12,13,14,17,18,19
909,7,8,9,12,13,14,17,18,19
910,7,8,9,12,13,14,17,18,19
911,7,8,9,12,13,14,17,18,19
912,7,8,9,12,13,14,17,18,19
913,7,8,9,12,13,14,17,18,19
914,7,8,9,12,13,14,17,18,19
915,7,8,9,12,13,14,17,18,19
916,7,8,9,12,13,14,17,18,19
917,7,8,9,12,13,14,17,18,19
918,7,8,9,12,13,14,17,18,19
919,7,8,9,12,13,14,17,18,19
920,7,8,9,12,13,14,17,18,19
921,7,8,9,12,13,14,17,18,19
922,7,8,9,12,13,14,17,18,19
923,7,8,9,12,13,14,17,18,19
924,7,8,9,12,13,14,17,18,19
925,7,8,9,12,13,14,17,18,19
926,7,8,9,12,13,14,17,18,19
927,7,8,9,12,13,14,17,18,19
928,7,8,9,12,13,14,17,18,19
929,7,8,9,12,13,14,17,18,19
930,7,8,9,12,13,14,17,18,19
931,7,8,9,12,13,14,17,18,19
932,7,8,9,12,13,14,17,18,19
933,7,8,9,12,13,14,17,18,19
934,7,8,9,12,13,14,17,18,19
935,7,8,9,12,13,14,17,18,19
936,7,8,9,12,13,14,17,18,19
937,7,8,9,12,13,14,17,18,19
938,7,8,9,12,13,14,17,18,19
939,7,8,9,12,13,14,17,18,19
940,7,8,9,12,13,14,17,18,19
941,7,8,9,12,13,14,17,18,19
942,7,8,9,12,13,14,17,18,19
943,7,8,9,12,13,14,17,18,19
944,7,8,9,12,13,14,17,18,19
945,3,7,8,9,12,13,14,17,18,19
946,3,7,8,9,12,13,14,17,18,19
947,3,7,8,9,12,13,14,17,18,19
948,3,7,8,9,12,13,14,17,18,19
949,3,7,8,9,12,13,14,17,18,19
950,3,7,8,9,12,13,14,17,18,19
951,3,7,8,9,12,13,14,17,18,19
952,3,7,8,9,12,13,14,17,18,19
953,3,7,8,9,12,13,14,17,18,19
954,3,7,8,9,12,13,14,17,18,19
955,3,7,8,9,12,13,14,17,18,19
956,3,7,8,9,12,13,14,17,18,19
957,3,7,8,9,12,13,14,17,18,19
958,3,7,8,9,12,13,14,17,18,19
959,3,7,8,9,12,13,14,17,18,19
960,3,7,8,9,12,13,14,17,18,19
961,3,7,8,9,12,13,14,17,18,19
962,3,7,8,9,12,13,14,17,18,19
963,3,7,8,9,12,13,14,17,18,19
964,3,7,8,9,12,13,14,17,18,19
965,3,7,8,9,12,13,14,17,18,19
966,3,7,8,9,12,13,14,17,18,19
967,3,7,8,9,12,13,14,17,18,19
968,3,7,8,9,12,13,14,17,18,19
969,3,7,8,9,12,13,14,17,18,19
970,3,7,8,9,12,13,14,17,18,19
971,3,7,8,9,12,13,14,17,18,19
972,3,7,8,9,12,13,14,17,18,19
973,3,7,8,9,12,13,14,17,18
974,3,7,8,9,12,13,14,17,18
975,3,7,8,9,12,13,14,17,18
976,3,7,8,9,12,13,14,17,18
977,3,7,8,9,12,13,14,17,18
978,3,7,8,9,12,13,14,17,18
979,3,7,8,9,12,13,14,17,18
980,3,7,8,9,12,13,14,17,18
981,3,7,8,9,12,13,14,17,18
982,3,7,8,9,12,13,14,17,18
983,3,7,8,9,12,13,14,17,18
984,3,7,8,9,12,13,14,17,18
985,3,7,8,9,12,13,14,17,18
986,3,7,8,9,12,13,14,17,18
987,3,7,8,9,12,13,14,17,18
988,3,7,8,9,12,13,14,17,18
989,3,7,8,9,12,13,14,17,18
990,3,7,8,9,12,13,14,17,18
991,3,7,8,9,12,13,14,17,18
992,3,7,8,9,12,13,14,17,18
993,3,7,8,9,12,13,14,17,18
994,3,7,8,9,12,13,14,17,18
995,3,7,8,9,12,13,14,17,18
996,3,7,8,9,12,13,14,17,18
997,3,7,8,9,12,13,14,17,18
998,3,7,8,9,12,13,14,17,18
999,3,7,8,9,12,13,14,17,18
1000,3,7,8,9,12,13,14,17,18
1001,3,7,8,9,12,13,14,17,18
1002,3,7,8,9,12,13,14,17,18
1003,3,7,8,9,12,13,14,17,18
1004,3,7,8,9,12,13,14,17,18
1005,3,7,8,9,12,13,14,17,18
1006,3,7,8,9,12,13,14,17,18
1007,3,7,8,9,12,13,14,17,18
1008,3,7,8,9,12,13,14,17,18
1009,3,7,8,9,12,13,14,17,18
1010,3,7,8,9,12,13,14,17,18
1011,3,7,8,9,12,13,14,17,18
1012,3,7,8,9,12,13,14,17,18
1013,3,7,8,9,12,13,14,17,18
1014,3,7,8,9,12,13,14,17,18
1015,3,7,8,9,12,13,14,17,18
1016,3,7,8,9,12,13,14,17,18
1017,3,7,8,9,12,13,14,17,18
1018,3,7,8,9,12,13,14,17,18
1019,3,7,8,9,12,13,14,17,18
1020,3,7,8,9,12,13,14,17,18
1021,3,7,8,9,12,13,14,17,18
1022,3,7,8,9,12,13,14,17,18
1023,3,7,8,9,12,13,14,17,18
1024,3,7,8,9,12,13,14,17,18
1025,3,7,8,9,12,13,14,17,18
1026,3,7,8,9,12,13,14,17,18
1027,3,7,8,9,12,13,14,17,18
1028,3,7,8,9,12,13,14,17,18
1029,3,7,8,9,12,13,14,17,18
1030,3,7,8,9,12,13,14,17,18
1031,3,7,8,9,12,13,14,17,18,19
1032,3,7,8,9,12,13,14,17,18,19
1033,3,7,8,9,12,13,14,17,18,19
1034,3,7,8,9,12,13,14,17,18,19
1035,3,7,8,9,12,13,14,17,18,19
1036,3,7,8,9,12,13,14,17,18,19
1037,3,7,8,9,12,13,14,17,18,19
1038,3,7,8,9,12,13,14,17,18,19
1039,3,7,8,9,12,13,14,17,18,19
1040,3,7,8,9,12,13,14,17,18,19
1041,3,7,8,9,12,13,14,17,18,19
1042,3,7,8,9,12,13,14,17,18,19
1043,3,7,8,9,12,13,14,17,18,19
1044,3,7,8,9,12,13,14,17,18,19
1045,3,7,8,9,12,13,14,17,18,19
1046,3,7,8,9,12,13,14,17,18,19
1047,3,7,8,9,12,13,14,17,18,19
1048,3,7,8,9,12,13,14,17,18,19
1049,3,7,8,9,12,13,14,17,18,19
1050,3,7,8,9,12,13,14,17,18,19
1051,3,7,8,9,12,13,14,17,18,19
1052,3,7,8,9,12,13,14,17,18,19
1053,3,7,8,9,12,13,14,17,18
1054,3,7,8,9,12,13,14,17,18
1055,3,7,8,9,12,13,14,17,18
1056,3,7,8,9,12,13,14,17,18
1057,3,7,8,9,12,13,14,17,18
1058,3,7,8,9,12,13,14,17,18
1059,3,7,8,9,12,13,14,17,18
1060,3,7,8,9,12,13,14,17,18
1061,3,7,8,9,12,13,14,17,18
1062,3,7,8,9,12,13,14,17,18
1063,3,7,8,9,12,13,14,17,18
1064,3,7,8,9,12,13,14,17,18
1065,3,7,8,9,12,13,14,17,18
1066,3,7,8,9,12,13,14,17,18
1067,3,7,8,9,12,13,14,17,18
1068,3,7,8,9,12,13,14,17,18
1069,3,7,8,9,12,13,14,17,18
1070,3,7,8,9,12,13,14,17,18
1071,3,7,8,9,12,13,14,17,18
1072,3,7,8,9,12,13,14,17,18
1073,3,7,8,9,12,13,14,17,18
1074,3,7,8,9,12,13,14,17,18
1075,3,7,8,9,12,13,14,17,18
1076,3,7,8,9,12,13,14,17,18
1077,3,7,8,9,12,13,14,17,18
1078,3,7,8,9,12,13,14,17,18
1079,3,7,8,9,12,13,14,17,18
1080,3,7,8,9,12,13,14,17,18
1081,3,7,8,9,12,13,14,17,18
1082,3,7,8,9,12,13,14,17,18
1083,3,7,8,9,12,13,14,17,18
1084,3,7,8,9,12,13,14,17,18
1085,3,7,8,9,12,13,14,17,18
1086,3,7,8,9,12,13,14,17,18
1087,3,7,8,9,12,13,14,17,18
1088,3,7,8,9,12,13,14,17,18
1089,3,7,8,9,12,13,14,17,18
1090,3,7,8,9,12,13,14,17,18
1091,3,7,8,9,12,13,14,17,18
1092,3,7,8,9,12,13,14,17,18
1093,3,7,8,9,12,13,14,17,18,19
1094,3,7,8,9,12,13,14,17,18,19
1095,3,7,8,9,12,13,14,17,18,19
1096,3,7,8,9,12,13,14,17,18,19
1097,3,7,8,9,12,13,14,17,18,19
1098,3,7,8,9,12,13,14,17,18,19
1099,3,7,8,9,12,13,14,17,18,19
1100,3,7,8,9,12,13,14,17,18,19
1101,3,7,8,9,12,13,14,17,18,19
1102,3,7,8,9,12,13,14,17,18,19
1103,3,7,8,9,12,13,14,17,18,19
1104,3,7,8,9,12,13,14,17,18,19
1105,3,7,8,9,12,13,14,17,18,19
1106,3,7,8,9,12,13,14,17,18,19
1107,3,7,8,9,12,13,14,17,18,19
1108,3,7,8,9,12,13,14,17,18,19
1109,3,7,8,9,12,13,14,17,18,19
1110,3,7,8,9,12,13,14,17,18,19
1111,3,7,8,9,12,13,14,17,18,19
1112,3,7,8,9,12,13,14,17,18,19
1113,3,7,8,9,12,13,14,17,18,19
1114,3,7,8,9,12,13,14,17,18,19
1115,3,7,8,9,12,13,14,17,18,19
1116,3,7,8,9,12,13,14,17,18,19
1117,3,7,8,9,12,13,14,17,18,19
1118,3,7,8,9,12,13,14,17,18,19
1119,3,7,8,9,12,13,14,17,18
1120,3,7,8,9,12,13,14,17,18
1121,3,7,8,9,12,13,14,17,18
1122,3,7,8,9,12,13,14,17,18
1123,3,7,8,9,12,13,14,17,18,19
1124,3,7,8,9,12,13,14,17,18,19
1125,3,7,8,9,12,13,14,17,18
1126,3,7,8,9,12,13,14,17,18
1127,3,7,8,9,12,13,14,17,18
1128,3,7,8,9,12,13,14,17,18
1129,3,7,8,9,12,13,14,17,18
1130,3,7,8,9,12,13,14,17,18
1131,3,7,8,9,12,13,14,17,18
1132,3,7,8,9,12,13,14,17,18
1133,3,7,8,9,12,13,14,17,18
1134,3,7,8,9,12,13,14,17,18
1135,3,7,8,9,12,13,14,17,18
1136,3,7,8,9,12,13,14,17,18
1137,3,7,8,9,12,13,14,17,18
1138,3,7,8,9,12,13,14,17,18
1139,3,7,8,9,12,13,14,17,18
1140,3,7,8,9,12,13,14,17,18
1141,3,7,8,9,12,13,14,17,18
1142,3,7,8,9,12,13,14,17,18
1143,3,7,8,9,12,13,14,17,18
1144,3,7,8,9,12,13,14,17,18
1145,3,7,8,9,12,13,14,17,18
1146,3,7,8,9,12,13,14,17,18
1147,3,7,8,9,12,13,14,17,18
1148,3,7,8,9,12,13,14,17,18
1149,3,7,8,9,12,13,14,17,18
1150,3,7,8,9,12,13,14,17,18
1151,3,7,8,9,12,13,14,17,18
1152,3,7,8,9,12,13,14,17,18
1153,3,7,8,9,12,13,14,17,18
1154,3,7,8,9,12,13,14,17,18
1155,3,7,8,9,12,13,14,17,18
1156,3,7,8,9,12,13,14,17,18
1157,3,7,8,9,12,13,14,17,18
1158,3,7,8,9,12,13,14,17,18
1159,3,7,8,9,12,13,14,17,18
1160,3,7,8,9,12,13,14,17,18
1161,3,7,8,9,12,13,14,17,18
1162,3,7,8,9,12,13,14,17,18
1163,3,7,8,9,12,13,14,17,18
1164,3,7,8,9,12,13,14,17,18
1165,3,7,8,9,12,13,14,17,18
1166,3,7,8,9,12,13,14,17,18
1167,3,7,8,9,12,13,14,17,18
1168,3,7,8,9,12,13,14,17,18
1169,3,7,8,9,12,13,14,17,18
1170,3,7,8,9,12,13,14,17,18
1171,3,7,8,9,12,13,14,17,18
1172,3,7,8,9,12,13,14,17,18
1173,3,7,8,9,12,13,14,17,18
1174,3,7,8,9,12,13,14,17,18
1175,3,7,8,9,12,13,14,17,18
1176,3,7,8,9,12,13,14,17,18
1177,3,7,8,9,12,13,14,17,18
1178,3,7,8,9,12,13,14,17,18
1179,3,7,8,9,12,13,14,17,18
1180,3,7,8,9,12,13,14,17,18
1181,3,7,8,9,12,13,14,17,18
1182,3,7,8,9,12,13,14,17,18
1183,3,7,8,9,12,13,14,17,18
1184,3,7,8,9,12,13,14,17,18
1185,3,7,8,9,12,13,14,17,18
1186,3,7,8,9,12,13,14,17,18
1187,3,7,8,9,12,13,14,17,18
1188,3,7,8,9,12,13,14,17,18
1189,3,7,8,9,12,13,14,17,18
1190,3,7,8,9,12,13,14,17,18
1191,3,7,8,9,12,13,14,17,18
1192,3,7,8,9,12,13,14,17,18
1193,3,7,8,9,12,13,14,17,18
1194,3,7,8,9,12,13,14,17,18
1195,3,7,8,9,12,13,14,17,18
1196,3,7,8,9,12,13,14,17,18
1197,3,7,8,9,12,13,14,17,18
1198,3,7,8,9,12,13,14,17,18
1199,3,7,8,9,12,13,14,17,18
1200,3,7,8,9,12,13,14,17,18
1201,3,7,8,9,12,13,14,17,18
1202,3,7,8,9,12,13,14,17,18
1203,3,7,8,9,12,13,14,17,18
1204,3,7,8,9,12,13,14,17,18
1205,3,7,8,9,12,13,14,17,18
1206,3,7,8,9,12,13,14,17,18
1207,3,7,8,9,12,13,14,17,18
1208,3,7,8,9,12,13,14,17,18
1209,3,7,8,9,12,13,14,17,18
1210,3,7,8,9,12,13,14,17,18
1211,3,7,8,9,12,13,14,17,18
1212,3,7,8,9,12,13,14,17,18
1213,3,7,8,9,12,13,14,17,18
1214,3,7,8,9,12,13,14,17,18
1215,3,7,8,9,12,13,14,17,18
1216,3,7,8,9,12,13,14,17,18
1217,3,7,8,9,12,13,14,17,18
1218,3,7,8,9,12,13,14,17,18
1219,3,7,8,9,12,13,14,17,18
1220,3,7,8,9,12,13,14,17,18
1221,3,7,8,9,12,13,14,17,18
1222,3,7,8,9,12,13,14,17,18
1223,3,7,8,9,12,13,14,17,18
1224,3,7,8,9,12,13,14,17,18
1225,3,7,8,9,12,13,14,17,18
1226,3,7,8,9,12,13,14,17,18
1227,3,7,8,9,12,13,14,17,18
1228,3,7,8,9,12,13,14,17,18
1229,3,7,8,9,12,13,14,17,18
1230,3,7,8,9,12,13,14,17,18
1231,3,7,8,9,12,13,14,17,18
1232,3,7,8,9,12,13,14,17,18
1233,3,7,8,9,12,13,14,17,18
1234,3,7,8,9,12,13,14,17,18
1235,3,7,8,9,12,13,14,17,18
1236,3,7,8,9,12,13,14,17,18
1237,3,7,8,9,12,13,14,17,18
1238,3,7,8,9,12,13,14,17,18
1239,3,7,8,9,12,13,14,17,18
1240,3,7,8,9,12,13,14,17,18
1241,3,7,8,9,12,13,14,17,18
1242,3,7,8,9,12,13,14,17,18
1243,3,7,8,9,12,13,14,17,18
1244,3,7,8,9,12,13,14,17,18
1245,3,7,8,9,12,13,14,17,18
1246,3,7,8,9,12,13,14,17,18
1247,3,7,8,9,12,13,14,17,18,19
1248,3,7,8,9,12,13,14,17,18,19
1249,3,7,8,9,12,13,14,17,18
1250,3,7,8,9,12,13,14,17,18
1251,3,7,8,9,12,13,14,17,18,19
1252,3,7,8,9,12,13,14,17,18,19
1253,3,7,8,9,12,13,14,17,18,19
1254,3,7,8,9,12,13,14,17,18,19
1255,3,7,8,9,12,13,14,17,18,19
1256,3,7,8,9,12,13,14,17,18,19
1257,3,7,8,9,12,13,14,17,18,19
1258,3,7,8,9,12,13,14,17,18,19
1259,3,7,8,9,12,13,14,17,18,19
1260,3,7,8,9,12,13,14,17,18,19
1261,3,7,8,9,12,13,14,17,18,19
1262,3,7,8,9,12,13,14,17,18,19
1263,3,7,8,9,12,13,14,17,18,19
1264,3,7,8,9,12,13,14,17,18,19
1265,3,7,8,9,12,13,14,17,18,19
1266,3,7,8,9,12,13,14,17,18,19
1267,3,7,8,9,12,13,14,17,18,19
1268,3,7,8,9,12,13,14,17,18,19
1269,3,7,8,9,12,13,14,17,18,19
1270,3,7,8,9,12,13,14,17,18,19
1271,3,7,8,9,12,13,14,17,18,19
1272,3,7,8,9,12,13,14,17,18,19
1273,3,7,8,9,12,13,14,17,18,19
1274,3,7,8,9,12,13,14,17,18,19
1275,3,7,8,9,12,13,14,17,18,19
1276,3,7,8,9,12,13,14,17,18,19
1277,3,7,8,9,12,13,14,17,18,19
1278,3,7,8,9,12,13,14,17,18,19
1279,3,7,8,9,12,13,14,17,18,19
1280,3,7,8,9,12,13,14,17,18,19
1281,3,7,8,9,12,13,14,17,18,19
1282,3,7,8,9,12,13,14,17,18,19
1283,3,7,8,9,12,13,14,17,18,19
1284,3,7,8,9,12,13,14,17,18,19
1285,3,7,8,9,12,13,14,17,18,19
1286,3,7,8,9,12,13,14,17,18,19
1287,3,7,8,9,12,13,14,17,18,19
1288,3,7,8,9,12,13,14,17,18,19
1289,3,7,8,9,12,13,14,17,18,19
1290,3,7,8,9,12,13,14,17,18,19
1291,3,7,8,9,12,13,14,17,18,19
1292,3,7,8,9,12,13,14,17,18,19
1293,3,7,8,9,12,13,14,17,18,19
1294,3,7,8,9,12,13,14,17,18,19
1295,3,7,8,9,12,13,14,17,18,19
1296,3,7,8,9,12,13,14,17,18,19
1297,3,7,8,9,12,13,14,17,18,19
1298,3,7,8,9,12,13,14,17,18,19
1299,3,7,8,9,12,13,14,17,18,19
1300,3,7,8,9,12,13,14,17,18,19
1301,3,7,8,9,12,13,14,17,18,19
1302,3,7,8,9,12,13,14,17,18,19
1303,3,7,8,9,12,13,14,17,18,19
1304,3,7,8,9,12,13,14,17,18,19
1305,3,7,8,9,12,13,14,17,18,19
1306,3,7,8,9,12,13,14,17,18,19
1307,3,7,8,9,12,13,14,17,18,19
1308,3,7,8,9,12,13,14,17,18,19
1309,3,7,8,9,12,13,14,17,18,19
1310,3,7,8,9,12,13,14,17,18,19
1311,3,7,8,9,12,13,14,17,18,19
1312,3,7,8,9,12,13,14,17,18,19
1313,3,7,8,9,12,13,14,17,18,19
1314,3,7,8,9,12,13,14,17,18,19
1315,3,7,8,9,12,13,14,17,18,19
1316,3,7,8,9,12,13,14,17,18,19
1317,3,7,8,9,12,13,14,17,18,19
1318,3,7,8,9,12,13,14,17,18,19
1319,3,7,8,9,12,13,14,17,18,19
1320,3,7,8,9,12,13,14,17,18,19
1321,3,7,8,9,12,13,14,17,18,19
1322,3,7,8,9,12,13,14,17,18,19
1323,3,7,8,9,12,13,14,17,18,19
1324,3,7,8,9,12,13,14,17,18,19
1325,3,7,8,9,12,13,14,17,18,19
1326,3,7,8,9,12,13,14,17,18,19
1327,3,7,8,9,12,13,14,17,18,19
1328,3,7,8,9,12,13,14,17,18,19
1329,3,7,8,9,12,13,14,17,18,19
1330,3,7,8,9,12,13,14,17,18,19
1331,3,7,8,9,12,13,14,17,18,19
1332,3,7,8,9,12,13,14,17,18,19
1333,3,7,8,9,12,13,14,17,18,19
1334,3,7,8,9,12,13,14,17,18,19
1335,3,7,8,9,12,13,14,17,18,19
1336,3,7,8,9,12,13,14,17,18,19
1337,3,7,8,9,12,13,14,17,18,19
1338,3,7,8,9,12,13,14,17,18,19
1339,3,7,8,9,12,13,14,17,18,19
1340,3,7,8,9,12,13,14,17,18,19
1341,3,7,8,9,12,13,14,17,18,19
1342,3,7,8,9,12,13,14,17,18,19
1343,3,7,8,9,12,13,14,17,18,19
1344,3,7,8,9,12,13,14,17,18,19
1345,3,7,8,9,12,13,14,17,18,19
1346,3,7,8,9,12,13,14,17,18,19
1347,3,7,8,9,12,13,14,17,18,19
1348,3,7,8,9,12,13,14,17,18,19
1349,3,7,8,9,12,13,14,17,18,19
1350,3,7,8,9,12,13,14,17,18,19
1351,3,7,8,9,12,13,14,17,18,19
1352,3,7,8,9,12,13,14,17,18,19
1353,3,7,8,9,12,13,14,17,18,19
1354,3,7,8,9,12,13,14,17,18,19
1355,3,7,8,9,12,13,14,17,18,19
1356,3,7,8,9,12,13,14,17,18,19
1357,3,7,8,9,12,13,14,17,18,19
1358,3,7,8,9,12,13,14,17,18,19
1359,3,7,8,9,12,13,14,17,18,19
1360,3,7,8,9,12,13,14,17,18,19
1361,3,7,8,9,12,13,14,17,18,19
1362,3,7,8,9,12,13,14,17,18,19
1363,3,7,8,9,12,13,14,17,18,19
1364,3,7,8,9,12,13,14,17,18,19
1365,3,7,8,9,12,13,14,17,18,19
1366,3,7,8,9,12,13,14,17,18,19
1367,3,7,8,9,12,13,14,17,18,19
1368,3,7,8,9,12,13,14,17,18,19
1369,3,7,8,9,12,13,14,17,18,19
1370,3,7,8,9,12,13,14,17,18,19
1371,3,7,8,9,12,13,14,17,18,19
1372,3,7,8,9,12,13,14,17,18,19
1373,3,7,8,9,12,13,14,17,18,19
1374,3,7,8,9,12,13,14,17,18,19
1375,3,7,8,9,12,13,14,17,18,19
1376,3,7,8,9,12,13,14,17,18,19
1377,3,7,8,9,12,13,14,17,18,19
1378,3,7,8,9,12,13,14,17,18,19
1379,3,7,8,9,12,13,14,17,18,19
1380,3,7,8,9,12,13,14,17,18,19
1381,3,7,8,9,12,13,14,17,18,19
1382,3,7,8,9,12,13,14,17,18,19
1383,3,7,8,9,12,13,14,17,18,19
1384,3,7,8,9,12,13,14,17,18,19
1385,3,7,8,9,12,13,14,17,18,19
1386,3,7,8,9,12,13,14,17,18,19
1387,3,7,8,9,12,13,14,17,18,19
1388,3,7,8,9,12,13,14,17,18,19
1389,3,7,8,9,12,13,14,17,18,19
1390,3,7,8,9,12,13,14,17,18,19
1391,3,7,8,9,12,13,14,17,18,19
1392,3,7,8,9,12,13,14,17,18,19
1393,3,7,8,9,12,13,14,17,18,19
1394,3,7,8,9,12,13,14,17,18,19
1395,3,7,8,9,12,13,14,17,18,19
1396,3,7,8,9,12,13,14,17,18,19
1397,3,7,8,9,12,13,14,17,18,19
1398,3,7,8,9,12,13,14,17,18,19
1399,3,7,8,9,12,13,14,17,18,19
1400,3,7,8,9,12,13,14,17,18,19
1401,3,7,8,9,12,13,14,17,18,19
1402,3,7,8,9,12,13,14,17,18,19
1403,3,7,8,9,12,13,14,17,18,19
1404,3,7,8,9,12,13,14,17,18,19
1405,3,7,8,9,12,13,14,17,18,19
1406,3,7,8,9,12,13,14,17,18,19
1407,3,7,8,9,12,13,14,17,18,19
1408,3,7,8,9,12,13,14,17,18,19
1409,3,7,8,9,12,13,14,17,18,19
1410,3,7,8,9,12,13,14,17,18,19
1411,3,7,8,9,12,13,14,17,18,19
1412,3,7,8,9,12,13,14,17,18,19
1413,3,7,8,9,12,13,14,17,18,19
1414,3,7,8,9,12,13,14,17,18,19
1415,3,7,8,9,12,13,14,17,18,19
1416,3,7,8,9,12,13,14,17,18,19
1417,3,7,8,9,12,13,14,17,18,19
1418,3,7,8,9,12,13,14,17,18,19
1419,3,7,8,9,12,13,14,17,18,19
1420,3,7,8,9,12,13,14,17,18,19
1421,3,7,8,9,12,13,14,17,18,19
1422,3,7,8,9,12,13,14,17,18,19
1423,3,7,8,9,12,13,14,17,18,19
1424,3,7,8,9,12,13,14,17,18,19
1425,3,7,8,9,12,13,14,17,18,19
1426,3,7,8,9,12,13,14,17,18,19
1427,3,7,8,9,12,13,14,17,18,19
1428,3,7,8,9,12,13,14,17,18,19
1429,3,7,8,9,12,13,14,17,18,19
1430,3,7,8,9,12,13,14,17,18,19
1431,3,7,8,9,12,13,14,17,18,19
1432,3,7,8,9,12,13,14,17,18,19
1433,3,7,8,9,12,13,14,17,18,19
1434,3,7,8,9,12,13,14,17,18,19
1435,3,7,8,9,12,13,14,17,18,19
1436,3,7,8,9,12,13,14,17,18,19
1437,3,7,8,9,12,13,14,17,18,19
1438,3,7,8,9,12,13,14,17,18,19
1439,3,7,8,9,12,13,14,17,18,19
1440,3,7,8,9,12,13,14,17,18,19
1441,3,7,8,9,12,13,14,17,18,19
1442,3,7,8,9,12,13,14,17,18,19
1443,3,7,8,9,12,13,14,17,18,19
1444,3,7,8,9,12,13,14,17,18,19
1445,3,7,8,9,12,13,14,17,18,19
1446,3,7,8,9,12,13,14,17,18,19
1447,3,7,8,9,12,13,14,17,18,19
1448,3,7,8,9,12,13,14,17,18,19
1449,3,7,8,9,12,13,14,17,18,19
1450,3,7,8,9,12,13,14,17,18,19
1451,3,7,8,9,12,13,14,17,18,19
1452,3,7,8,9,12,13,14,17,18,19
1453,3,7,8,9,12,13,14,17,18,19
1454,3,7,8,9,12,13,14,17,18,19
1455,3,7,8,9,12,13,14,17,18,19
1456,3,7,8,9,12,13,14,17,18,19
1457,3,7,8,9,12,13,14,17,18,19
1458,3,7,8,9,12,13,14,17,18,19
1459,3,7,8,9,12,13,14,17,18,19
1460,3,7,8,9,12,13,14,17,18,19
1461,3,7,8,9,12,13,14,17,18,19
1462,3,7,8,9,12,13,14,17,18,19
1463,3,7,8,9,12,13,14,17,18,19
1464,3,7,8,9,12,13,14,17,18,19
1465,3,7,8,9,12,13,14,17,18,19
1466,3,7,8,9,12,13,14,17,18,19
1467,3,7,8,9,12,13,14,17,18,19
1468,3,7,8,9,12,13,14,17,18,19
1469,3,7,8,9,12,13,14,17,18,19
1470,3,7,8,9,12,13,14,17,18,19
1471,3,7,8,9,12,13,14,17,18,19
1472,3,7,8,9,12,13,14,17,18,19
1473,3,7,8,9,12,13,14,17,18,19
1474,3,7,8,9,12,13,14,17,18,19
1475,3,7,8,9,12,13,14,17,18,19
1476,3,7,8,9,12,13,14,17,18,19
1477,3,7,8,9,12,13,14,17,18,19
1478,3,7,8,9,12,13,14,17,18,19
1479,3,7,8,9,12,13,14,17,18,19
1480,3,7,8,9,12,13,14,17,18,19
1481,3,7,8,9,12,13,14,17,18,19
1482,3,7,8,9,12,13,14,17,18,19
1483,3,7,8,9,12,13,14,17,18,19
1484,3,7,8,9,12,13,14,17,18,19
1485,3,7,8,9,12,13,14,17,18,19
1486,3,7,8,9,12,13,14,17,18,19
1487,3,7,8,9,12,13,14,17,18,19
1488,3,7,8,9,12,13,14,17,18,19
1489,3,7,8,9,12,13,14,17,18,19
1490,3,7,8,9,12,13,14,17,18,19
1491,3,7,8,9,12,13,14,17,18,19
1492,3,7,8,9,12,13,14,17,18,19
1493,3,7,8,9,12,13,14,17,18,19
1494,3,7,8,9,12,13,14,17,18,19
1495,3,7,8,9,12,13,14,17,18,19
1496,3,7,8,9,12,13,14,17,18,19
1497,3,7,8,9,12,13,14,17,18,19
1498,3,7,8,9,12,13,14,17,18,19
1499,3,7,8,9,12,13,14,17,18,19
1500,3,7,8,9,12,13,14,17,18,19
1501,3,7,8,9,12,13,14,17,18,19
1502,3,7,8,9,12,13,14,17,18,19
1503,3,7,8,9,12,13,14,17,18,19
1504,3,7,8,9,12,13,14,17,18,19
1505,3,7,8,9,12,13,14,17,18,19
1506,3,7,8,9,12,13,14,17,18,19
1507,3,7,8,9,12,13,14,17,18,19
1508,3,7,8,9,12,13,14,17,18,19
1509,3,7,8,9,12,13,14,17,18,19
1510,3,7,8,9,12,13,14,17,18,19
1511,3,7,8,9,12,13,14,17,18,19
1512,3,7,8,9,12,13,14,17,18,19
1513,3,7,8,9,12,13,14,17,18,19
1514,3,7,8,9,12,13,14,17,18,19
1515,3,7,8,9,12,13,14,17,18,19
1516,3,7,8,9,12,13,14,17,18,19
1517,3,7,8,9,12,13,14,17,18,19
1518,3,7,8,9,12,13,14,17,18,19
1519,3,7,8,9,12,13,14,17,18,19
1520,3,7,8,9,12,13,14,17,18,19
1521,3,7,8,9,12,13,14,17,18,19
1522,3,7,8,9,12,13,14,17,18,19
1523,3,7,8,9,12,13,14,17,18,19
1524,3,7,8,9,12,13,14,17,18,19
1525,3,7,8,9,12,13,14,17,18,19
1526,3,7,8,9,12,13,14,17,18,19
1527,3,7,8,9,12,13,14,17,18,19
1528,3,7,8,9,12,13,14,17,18,19
1529,3,7,8,9,12,13,14,17,18,19
1530,3,7,8,9,12,13,14,17,18,19
1531,3,7,8,9,12,13,14,17,18,19
1532,3,7,8,9,12,13,14,17,18,19
1533,3,7,8,9,12,13,14,17,18,19
1534,3,7,8,9,12,13,14,17,18,19
1535,3,7,8,9,12,13,14,17,18,19
1536,3,7,8,9,12,13,14,17,18,19
1537,3,7,8,9,12,13,14,17,18,19
1538,3,7,8,9,12,13,14,17,18,19
1539,3,7,8,9,12,13,14,17,18,19
1540,3,7,8,9,12,13,14,17,18,19
1541,3,7,8,9,12,13,14,17,18,19
1542,3,7,8,9,12,13,14,17,18,19
1543,3,7,8,9,12,13,14,17,18,19
1544,3,7,8,9,12,13,14,17,18,19
1545,3,7,8,9,12,13,14,17,18,19
1546,3,7,8,9,12,13,14,17,18,19
1547,3,7,8,9,12,13,14,17,18,19
1548,3,7,8,9,12,13,14,17,18,19
1549,3,7,8,9,12,13,14,17,18,19
1550,3,7,8,9,12,13,14,17,18,19
1551,3,7,8,9,12,13,14,17,18,19
1552,3,7,8,9,12,13,14,17,18,19
1553,3,7,8,9,12,13,14,17,18,19
1554,3,7,8,9,12,13,14,17,18,19
1555,3,7,8,9,12,13,14,17,18,19
1556,3,7,8,9,12,13,14,17,18,19
1557,3,7,8,9,12,13,14,18,19
1558,3,7,8,9,12,13,14,18,19
1559,3,7,8,9,12,13,14,18,19
1560,3,7,8,9,12,13,14,18,19
1561,3,7,8,9,12,13,14,18,19
1562,3,7,8,9,12,13,14,18,19
1563,3,8,9,13,14,18,19
1564,3,8,9,13,14,18,19
1565,3,4,8,9,13,14,18,19
1566,3,4,8,9,13,14,18,19
1567,3,4,8,9,13,14,18,19
1568,3,4,8,9,13,14,18,19
1569,3,4,8,9,13,14,18,19
1570,3,4,8,9,13,14,18,19
1571,3,4,8,9,13,14,18,19
1572,3,4,8,9,13,14,18,19
1573,3,4,8,9,13,14,18,19
1574,3,4,8,9,13,14,18,19
1575,3,4,8,9,13,14,18,19
1576,3,4,8,9,13,14,18,19
1577,3,4,8,9,13,14,18,19
1578,3,4,8,9,13,14,18,19
1579,3,4,8,9,13,14,18,19
1580,3,4,8,9,13,14,18,19
1581,3,4,8,9,13,14,18,19
1582,3,4,8,9,13,14,18,19
1583,3,4,8,9,13,14,18,19
1584,3,4,8,9,13,14,18,19
1585,3,4,8,9,13,14,18,19
1586,3,4,8,9,13,14,18,19
1587,3,4,8,9,13,14,18,19
1588,3,4,8,9,13,14,18,19
1589,3,4,8,9,13,14,18,19
1590,3,4,8,9,13,14,18,19
1591,3,4,8,9,13,14,18,19
1592,3,4,8,9,13,14,18,19
1593,3,4,8,9,13,14,18,19
1594,3,4,8,9,13,14,18,19
1595,3,4,8,9,13,14,18,19
1596,3,4,8,9,13,14,18,19
1597,3,4,8,9,13,14,18,19
1598,3,4,8,9,13,14,18,19
1599,3,8,9,13,14,18,19
1600,3,8,9,13,14,18,19
1601,3,8,9,13,14,18,19
1602,3,8,9,13,14,18,19
1603,3,8,9,13,14,18,19
1604,3,8,9,13,14,18,19
1605,3,8,9,13,14,18,19
1606,3,8,9,13,14,18,19
1607,3,8,9,13,14,18,19
1608,3,8,9,13,14,18,19
1609,3,8,9,13,14,18,19
1610,3,8,9,13,14,18,19
1611,3,8,9,13,14,18,19
1612,3,8,9,13,14,18,19
1613,3,8,9,13,14,18,19
1614,3,8,9,13,14,18,19
1615,3,8,9,13,14,18,19
1616,3,8,9,13,14,18,19
1617,3,8,9,13,14,18,19
1618,3,8,9,13,14,18,19
1619,3,8,9,13,14,18,19
1620,3,8,9,13,14,18,19
1621,3,8,9,13,14,18,19
1622,3,8,9,13,14,18,19
1623,3,8,9,13,14,18,19
1624,3,8,9,13,14,18,19
1625,3,8,9,13,14,18,19
1626,3,8,9,13,14,18,19
1627,3,8,9,13,14,18,19
1628,3,8,9,13,14,18,19
1629,3,8,9,13,14,18,19
1630,3,8,9,13,14,18,19
1631,3,8,9,13,14,18,19
1632,3,8,9,13,14,18,19
1633,3,8,9,13,14,18,19
1634,3,8,9,13,14,18,19
1635,3,8,9,13,14,18,19
1636,3,8,9,13,14,18,19
1637,3,8,9,13,14,18,19
1638,3,8,9,13,14,18,19
1639,3,8,9,13,14,18,19
1640,3,8,9,13,14,18,19
1641,3,8,9,13,14,18,19
1642,3,8,9,13,14,18,19
1643,3,8,9,13,14,18,19
1644,3,8,9,13,14,18,19
1645,3,8,9,13,14,18,19
1646,3,8,9,13,14,18,19
1647,3,8,9,13,14,18,19
1648,3,8,9,13,14,18,19
1649,3,8,9,13,14,18,19
1650,3,8,9,13,14,18,19
1651,3,8,9,13,14,18,19
1652,3,8,9,13,14,18,19
1653,3,8,9,13,14,18,19
1654,3,8,9,13,14,18,19
1655,3,8,9,13,14,18,19
1656,3,8,9,13,14,18,19
1657,3,8,9,13,14,18,19
1658,3,8,9,13,14,18,19
1659,3,8,9,13,14,18,19
1660,3,8,9,13,14,18,19
1661,3,8,9,13,14,18,19
1662,3,8,9,13,14,18,19
1663,3,8,9,13,14,18,19
1664,3,8,9,13,14,18,19
1665,3,8,9,13,14,18,19
1666,3,8,9,13,14,18,19
1667,3,8,9,13,14,18,19
1668,3,8,9,13,14,18,19
1669,3,8,9,13,14,18,19
1670,3,8,9,13,14,18,19
1671,3,8,9,13,14,18,19
1672,3,8,9,13,14,18,19
1673,3,8,9,13,14,18,19
1674,3,8,9,13,14,18,19
1675,3,8,9,13,14,18,19
1676,3,8,9,13,14,18,19
1677,3,8,9,13,14,18,19
1678,3,8,9,13,14,18,19
1679,3,8,9,13,14,18,19
1680,3,8,9,13,14,18,19
1681,3,8,9,13,14,18,19
1682,3,8,9,13,14,18,19
1683,3,8,9,13,14,18,19
1684,3,8,9,13,14,18,19
1685,3,8,9,13,14,18,19
1686,3,8,9,13,14,18,19
1687,3,8,9,13,14,18,19
1688,3,8,9,13,14,18,19
1689,3,8,9,13,14,18,19
1690,3,8,9,13,14,18,19
1691,3,8,9,13,14,18,19
1692,3,8,9,13,14,18,19
1693,3,8,9,13,14,18,19
1694,3,8,9,13,14,18,19
1695,3,8,9,13,14,18,19
1696,3,8,9,13,14,18,19
1697,3,8,9,13,14,18,19
1698,3,8,9,13,14,18,19
1699,3,8,9,13,14,18,19
1700,3,8,9,13,14,18,19
1701,3,8,9,13,14,18,19
1702,3,8,9,13,14,18,19
1703,3,8,9,13,14,18,19
1704,3,8,9,13,14,18,19
1705,3,8,9,13,14,18,19
1706,3,8,9,13,14,18,19
1707,3,8,9,13,14,18,19
1708,3,8,9,13,14,18,19
1709,3,8,9,13,14,18,19
1710,3,8,9,13,14,18,19
1711,3,8,9,13,14,18,19
1712,3,8,9,13,14,18,19
1713,3,8,9,13,14,18,19
1714,3,8,9,13,14,18,19
1715,3,8,9,13,14,18,19
1716,3,8,9,13,14,18,19
1717,3,8,9,13,14,18,19
1718,3,8,9,13,14,18,19
1719,3,8,9,13,14,18,19
1720,3,8,9,13,14,18,19
1721,3,8,9,13,14,18,19
1722,3,8,9,13,14,18,19
1723,3,8,9,13,14,18,19
1724,3,8,9,13,14,18,19
1725,3,8,9,13,14,18,19
1726,3,8,9,13,14,18,19
1727,3,8,9,13,14,18,19
1728,3,8,9,13,14,18,19
1729,3,8,9,13,14,18,19
1730,3,8,9,13,14,18,19
1731,3,8,9,12,13,14,18,19
1732,3,8,9,12,13,14,18,19
1733,3,8,9,12,13,14,18,19
1734,3,8,9,12,13,14,18,19
1735,3,8,9,12,13,14,18,19
1736,3,8,9,12,13,14,18,19
1737,3,8,9,13,14,18,19
1738,3,8,9,13,14,18,19
1739,3,8,9,13,14,18,19
1740,3,8,9,13,14,18,19
1741,3,8,9,13,14,18,19
1742,3,8,9,13,14,18,19
1743,3,8,9,13,14,18,19
1744,3,8,9,13,14,18,19
1745,3,8,9,13,14,18,19
1746,3,8,9,13,14,18,19
1747,3,8,9,13,14,18,19
1748,3,8,9,13,14,18,19
1749,3,8,9,13,14,18,19
1750,3,8,9,13,14,18,19
1751,3,8,9,12,13,14,18,19
1752,3,8,9,12,13,14,18,19
1753,3,8,9,12,13,14,18,19
1754,3,8,9,12,13,14,18,19
1755,3,8,9,13,14,18,19
1756,3,8,9,13,14,18,19
1757,3,8,9,13,14,18,19
1758,3,8,9,13,14,18,19
1759,3,8,9,13,14,18,19
1760,3,8,9,13,14,18,19
1761,3,8,9,13,14,18,19
1762,3,8,9,13,14,18,19
1763,3,8,9,13,14,18,19
1764,3,8,9,13,14,18,19
1765,3,8,9,13,14,18,19
1766,3,8,9,13,14,18,19
1767,3,8,9,13,14,18,19
1768,3,8,9,13,14,18,19
1769,3,8,9,13,14,18,19
1770,3,8,9,13,14,18,19
1771,3,8,9,13,14,18,19
1772,3,8,9,13,14,18,19
1773,3,8,9,13,14,18,19
1774,3,8,9,13,14,18,19
1775,3,8,9,13,14,18,19
1776,3,8,9,13,14,18,19
1777,3,8,9,13,14,18,19
1778,3,8,9,13,14,18,19
1779,3,8,9,13,14,18,19
1780,3,8,9,13,14,18,19
1781,3,8,9,13,14,18,19
1782,3,8,9,13,14,18,19
1783,3,8,9,13,14,18,19
1784,3,8,9,13,14,18,19
1785,3,8,9,13,14,18,19
1786,3,8,9,13,14,18,19
1787,3,8,9,13,14,18,19
1788,3,8,9,13,14,18,19
1789,3,8,9,13,14,18,19
1790,3,8,9,13,14,18,19
1791,3,8,9,13,14,18,19
1792,3,8,9,13,14,18,19
1793,3,8,9,13,14,18,19
1794,3,8,9,13,14,18,19
1795,3,8,9,13,14,18,19
1796,3,8,9,13,14,18,19
1797,3,8,9,13,14,18,19
1798,3,8,9,13,14,18,19
1799,3,8,9,13,14,18,19
1800,3,8,9,13,14,18,19
