1,6,14,15,16,17,24,25,26,27,34,35,36,37
2,6,14,15,16,17,24,25,26,27,34,35,36,37
3,6,14,15,16,17,24,25,26,27,34,35,36,37
4,6,14,15,16,17,24,25,26,27,34,35,36,37
5,6,14,15,16,17,24,25,26,27,34,35,36,37
6,6,14,15,16,17,24,25,26,27,34,35,36,37
7,14,15,16,17,24,25,26,27,34,35,36,37
8,14,15,16,17,24,25,26,27,34,35,36,37
9,14,15,16,17,24,25,26,27,34,35,36,37
10,14,15,16,17,24,25,26,27,34,35,36,37
11,14,15,16,17,24,25,26,27,34,35,36,37
12,14,15,16,17,24,25,26,27,34,35,36,37
13,14,15,16,17,24,25,26,27,34,35,36,37
14,14,15,16,17,24,25,26,27,34,35,36,37
15,14,15,16,17,24,25,26,27,34,35,36,37,45,46
16,14,15,16,17,24,25,26,27,34,35,36,37,45,46
17,14,15,16,17,24,25,26,27,34,35,36,37,45,46
18,14,15,16,17,24,25,26,27,34,35,36,37,45,46
19,14,15,16,17,24,25,26,27,34,35,36,37,45,46
20,14,15,16,17,24,25,26,27,34,35,36,37,45,46
21,14,15,16,17,24,25,26,27,34,35,36,37,45,46
22,14,15,16,17,24,25,26,27,34,35,36,37,45,46
23,14,15,16,17,24,25,26,27,34,35,36,37,45,46
24,14,15,16,17,24,25,26,27,34,35,36,37,45,46
25,14,15,16,17,24,25,26,27,34,35,36,37,45,46
26,14,15,16,17,24,25,26,27,34,35,36,37,45,46
27,14,15,16,17,24,25,26,27,34,35,36,37,45,46
28,14,15,16,17,24,25,26,27,34,35,36,37,45,46
29,14,15,16,17,24,25,26,27,34,35,36,37,45,46
30,14,15,16,17,24,25,26,27,34,35,36,37,45,46
31,14,15,16,17,24,25,26,27,34,35,36,37,45,46
32,14,15,16,17,24,25,26,27,34,35,36,37,45,46
33,14,15,16,17,24,25,26,27,34,35,36,37,45,46
34,14,15,16,17,24,25,26,27,34,35,36,37,45,46
35,14,15,16,17,24,25,26,27,34,35,36,37,45,46
36,14,15,16,17,24,25,26,27,34,35,36,37,45,46
37,14,15,16,17,24,25,26,27,34,35,36,37,45,46
38,14,15,16,17,24,25,26,27,34,35,36,37,45,46
39,14,15,16,17,24,25,26,27,34,35,36,37
40,14,15,16,17,24,25,26,27,34,35,36,37
41,14,15,16,17,24,25,26,27,34,35,36,37
42,14,15,16,17,24,25,26,27,34,35,36,37
43,6,14,15,16,17,24,25,26,27,34,35,36,37
44,6,14,15,16,17,24,25,26,27,34,35,36,37
45,6,14,15,16,17,24,25,26,27,34,35,36,37
46,6,14,15,16,17,24,25,26,27,34,35,36,37
47,5,6,14,15,16,17,24,25,26,27,34,35,36,37
48,5,6,14,15,16,17,24,25,26,27,34,35,36,37
49,5,6,14,15,16,17,24,25,26,27,34,35,36,37
50,5,6,14,15,16,17,24,25,26,27,34,35,36,37
51,5,6,14,15,16,17,24,25,26,27,34,35,36,37
52,5,6,14,15,16,17,24,25,26,27,34,35,36,37
53,5,6,14,15,16,17,24,25,26,27,34,35,36,37
54,5,6,14,15,16,17,24,25,26,27,34,35,36,37
55,5,6,14,15,16,17,24,25,26,27,34,35,36,37
56,5,6,14,15,16,17,24,25,26,27,34,35,36,37
57,5,6,14,15,16,17,24,25,26,27,34,35,36,37
58,5,6,14,15,16,17,24,25,26,27,34,35,36,37
59,5,6,14,15,16,17,24,25,26,27,34,35,36,37
60,5,6,14,15,16,17,24,25,26,27,34,35,36,37
61,5,6,14,15,16,17,24,25,26,27,34,35,36
62,5,6,14,15,16,17,24,25,26,27,34,35,36
63,5,6,14,15,16,17,24,25,26,27,34,35,36
64,5,6,14,15,16,17,24,25,26,27,34,35,36
65,5,6,14,15,16,17,24,25,26,27,34,35,36
66,5,6,14,15,16,17,24,25,26,27,34,35,36
67,5,6,14,15,16,17,24,25,26,27,34,35,36
68,5,6,14,15,16,17,24,25,26,27,34,35,36
69,5,6,14,15,16,17,24,25,26,27,34,35,36,37
70,5,6,14,15,16,17,24,25,26,27,34,35,36,37
71,5,6,14,15,16,17,24,25,26,27,34,35,36,37
72,5,6,14,15,16,17,24,25,26,27,34,35,36,37
73,6,14,15,16,17,24,25,26,27,34,35,36,37
74,6,14,15,16,17,24,25,26,27,34,35,36,37
75,14,15,16,17,24,25,26,27,34,35,36,37,45,46
76,14,15,16,17,24,25,26,27,34,35,36,37,45,46
77,14,15,16,24,25,26,27,34,35,36,37,45,46
78,14,15,16,24,25,26,27,34,35,36,37,45,46
79,15,16,24,25,26,27,34,35,36,37,44,45,46,47
80,15,16,24,25,26,27,34,35,36,37,44,45,46,47
81,15,16,24,25,26,27,34,35,36,37,44,45,46,47
82,15,16,24,25,26,27,34,35,36,37,44,45,46,47
83,15,16,24,25,26,27,34,35,36,37,44,45,46,47
84,15,16,24,25,26,27,34,35,36,37,44,45,46,47
85,16,24,25,26,27,34,35,36,37,44,45,46,47
86,16,24,25,26,27,34,35,36,37,44,45,46,47
87,16,24,25,26,27,34,35,36,37,44,45,46,47
88,16,24,25,26,27,34,35,36,37,44,45,46,47
89,24,25,26,27,34,35,36,37,44,45,46,47
90,24,25,26,27,34,35,36,37,44,45,46,47
91,24,25,26,27,34,35,36,37,44,45,46,47
92,24,25,26,27,34,35,36,37,44,45,46,47
93,24,25,26,27,34,35,36,37,43,44,45,46,47
94,24,25,26,27,34,35,36,37,43,44,45,46,47
95,24,25,26,27,34,35,36,37,43,44,45,46,47
96,24,25,26,27,34,35,36,37,43,44,45,46,47
97,24,25,26,27,34,35,36,37,43,44,45,46,47,48
98,24,25,26,27,34,35,36,37,43,44,45,46,47,48
99,24,25,26,27,34,35,36,37,43,44,45,46,47
100,24,25,26,27,34,35,36,37,43,44,45,46,47
101,24,25,26,27,34,35,36,37,43,44,45,46,47
102,24,25,26,27,34,35,36,37,43,44,45,46,47
103,24,25,26,27,34,35,36,37,44,45,46,47
104,24,25,26,27,34,35,36,37,44,45,46,47
105,16,24,25,26,27,34,35,36,37,44,45,46,47
106,16,24,25,26,27,34,35,36,37,44,45,46,47
107,15,16,24,25,26,27,34,35,36,37,44,45,46,47
108,15,16,24,25,26,27,34,35,36,37,44,45,46,47
109,15,16,24,25,26,27,34,35,36,37,44,45,46,47
110,15,16,24,25,26,27,34,35,36,37,44,45,46,47
111,15,16,23,24,25,26,33,34,35,36,37,43,44,45,46,47
112,15,16,23,24,25,26,33,34,35,36,37,43,44,45,46,47
113,15,23,24,25,26,33,34,35,36,43,44,45,46
114,15,23,24,25,26,33,34,35,36,43,44,45,46
115,14,15,23,24,25,26,33,34,35,36,43,44,45,46
116,14,15,23,24,25,26,33,34,35,36,43,44,45,46
117,14,15,23,24,25,26,33,34,35,36,43,44,45,46
118,14,15,23,24,25,26,33,34,35,36,43,44,45,46
119,14,15,22,23,24,25,32,33,34,35,36,42,43,44,45
120,14,15,22,23,24,25,32,33,34,35,36,42,43,44,45
121,14,22,23,24,25,32,33,34,35,42,43,44,45
122,14,22,23,24,25,32,33,34,35,42,43,44,45
123,13,14,22,23,24,25,32,33,34,35,42,43,44,45
124,13,14,22,23,24,25,32,33,34,35,42,43,44,45
125,13,14,22,23,24,25,32,33,34,35,42,43,44,45
126,13,14,22,23,24,25,32,33,34,35,42,43,44,45
127,13,14,22,23,24,25,32,33,34,35,42,43,44
128,13,14,22,23,24,25,32,33,34,35,42,43,44
129,12,13,14,22,23,24,25,32,33,34,35,42,43,44
130,12,13,14,22,23,24,25,32,33,34,35,42,43,44
131,12,13,14,21,22,23,24,31,32,33,34,42,43,44
132,12,13,14,21,22,23,24,31,32,33,34,42,43,44
133,12,13,21,22,23,24,31,32,33,34,41,42,43,44
134,12,13,21,22,23,24,31,32,33,34,41,42,43,44
135,12,13,21,22,23,24,31,32,33,34,41,42,43,44
136,12,13,21,22,23,24,31,32,33,34,41,42,43,44
137,12,13,21,22,23,24,31,32,33,34,41,42,43,44
138,12,13,21,22,23,24,31,32,33,34,41,42,43,44
139,12,13,21,22,23,24,31,32,33,34,41,42,43,44
140,12,13,21,22,23,24,31,32,33,34,41,42,43,44
141,12,13,21,22,23,24,31,32,33,34,41,42,43
142,12,13,21,22,23,24,31,32,33,34,41,42,43
143,12,13,21,22,23,31,32,33,41,42,43
144,12,13,21,22,23,31,32,33,41,42,43
145,11,12,13,21,22,23,30,31,32,33,40,41,42,43
146,11,12,13,21,22,23,30,31,32,33,40,41,42,43
147,11,12,20,21,22,23,30,31,32,33,40,41
148,11,12,20,21,22,23,30,31,32,33,40,41
149,11,12,20,21,22,23,30,31,32,40,41
150,11,12,20,21,22,23,30,31,32,40,41
151,11,12,20,21,22,30,31,32,40,41
152,11,12,20,21,22,30,31,32,40,41
153,11,12,20,21,22,30,31,32,40,41
154,11,12,20,21,22,30,31,32,40,41
155,11,12,20,21,22,30,31,32,40,41
156,11,12,20,21,22,30,31,32,40,41
157,11,12,20,21,22,30,31,32,40,41
158,11,12,20,21,22,30,31,32,40,41
159,11,12,20,21,22,30,31,32,40,41
160,11,12,20,21,22,30,31,32,40,41
161,11,12,20,21,22,30,31,32,40,41
162,11,12,20,21,22,30,31,32,40,41
163,11,12,20,21,22,30,31,32,40,41
164,11,12,20,21,22,30,31,32,40,41
165,11,12,20,21,22,30,31,32,40,41
166,11,12,20,21,22,30,31,32,40,41
167,11,12,20,21,22,30,31,32,40,41
168,11,12,20,21,22,30,31,32,40,41
169,11,12,20,21,22,30,31,32,40,41
170,11,12,20,21,22,30,31,32,40,41
171,11,12,20,21,22,30,31,32,40,41
172,11,12,20,21,22,30,31,32,40,41
173,11,12,20,21,22,30,31,32,40
174,11,12,20,21,22,30,31,32,40
175,11,12,20,21,22,30,31,32,40
176,11,12,20,21,22,30,31,32,40
177,11,12,20,21,22,30,31,32,40
178,11,12,20,21,22,30,31,32,40
179,11,12,20,21,22,30,31,32,40
180,11,12,20,21,22,30,31,32,40
181,11,12,20,21,22,30,31,32,40,41
182,11,12,20,21,22,30,31,32,40,41
183,11,12,20,21,22,30,31,32,40,41
184,11,12,20,21,22,30,31,32,40,41
185,11,12,20,21,22,30,31,32,40,41
186,11,12,20,21,22,30,31,32,40,41
187,11,12,20,21,22,30,31,32,40,41
188,11,12,20,21,22,30,31,32,40,41
189,11,12,20,21,22,30,31,32,40,41
190,11,12,20,21,22,30,31,32,40,41
191,11,12,20,21,22,30,31,32,40,41
192,11,12,20,21,22,30,31,32,40,41
193,11,12,20,21,22,30,31,32,40,41
194,11,12,20,21,22,30,31,32,40,41
195,11,12,20,21,22,30,31,32,40,41
196,11,12,20,21,22,30,31,32,40,41
197,11,12,20,21,22,30,31,32,40,41
198,11,12,20,21,22,30,31,32,40,41
199,11,12,20,21,22,30,31,32,40,41
200,11,12,20,21,22,30,31,32,40,41
201,11,12,20,21,22,30,31,32,40,41
202,11,12,20,21,22,30,31,32,40,41
203,11,12,20,21,22,30,31,32,40,41
204,11,12,20,21,22,30,31,32,40,41
205,11,12,20,21,22,30,31,32,40,41,50
206,11,12,20,21,22,30,31,32,40,41,50
207,11,12,20,21,22,30,31,32,40,41
208,11,12,20,21,22,30,31,32,40,41
209,11,12,20,21,22,30,31,32,40,41
210,11,12,20,21,22,30,31,32,40,41
211,11,12,20,21,22,30,31,32,40,41
212,11,12,20,21,22,30,31,32,40,41
213,11,12,20,21,22,30,31,32,40,41
214,11,12,20,21,22,30,31,32,40,41
215,11,12,20,21,22,29,30,31,32,40,41
216,11,12,20,21,22,29,30,31,32,40,41
217,11,12,20,21,22,29,30,31,32,40,41
218,11,12,20,21,22,29,30,31,32,40,41
219,11,12,20,21,22,29,30,31,32,40,41
220,11,12,20,21,22,29,30,31,32,40,41
221,11,12,20,21,22,29,30,31,32,40,41
222,11,12,20,21,22,29,30,31,32,40,41
223,11,12,20,21,22,30,31,32,40,41,50
224,11,12,20,21,22,30,31,32,40,41,50
225,11,12,20,21,22,30,31,32,40,41
226,11,12,20,21,22,30,31,32,40,41
227,11,12,20,21,22,30,31,32,40,41
228,11,12,20,21,22,30,31,32,40,41
229,11,12,13,20,21,22,23,30,31,32,33,40
230,11,12,13,20,21,22,23,30,31,32,33,40
231,11,12,13,21,22,23,30,31,32,33,40,41,42,43
232,11,12,13,21,22,23,30,31,32,33,40,41,42,43
233,11,12,13,21,22,23,31,32,33,41,42,43
234,11,12,13,21,22,23,31,32,33,41,42,43
235,11,12,13,21,22,23,24,31,32,33,34,41,42,43
236,11,12,13,21,22,23,24,31,32,33,34,41,42,43
237,12,13,21,22,23,24,31,32,33,34,41,42,43
238,12,13,21,22,23,24,31,32,33,34,41,42,43
239,12,13,21,22,23,24,31,32,33,34,41,42,43,44
240,12,13,21,22,23,24,31,32,33,34,41,42,43,44
241,12,13,14,21,22,23,24,31,32,33,34,42,43,44
242,12,13,14,21,22,23,24,31,32,33,34,42,43,44
243,12,13,14,21,22,23,24,31,32,33,34,42,43,44
244,12,13,14,21,22,23,24,31,32,33,34,42,43,44
245,13,14,22,23,24,32,33,34,42,43,44
246,13,14,22,23,24,32,33,34,42,43,44
247,13,14,22,23,24,25,32,33,34,35,42,43,44
248,13,14,22,23,24,25,32,33,34,35,42,43,44
249,13,14,22,23,24,25,32,33,34,35,42,43,44,45
250,13,14,22,23,24,25,32,33,34,35,42,43,44,45
251,13,14,22,23,24,25,32,33,34,35,42,43,44,45
252,13,14,22,23,24,25,32,33,34,35,42,43,44,45
253,14,15,22,23,24,25,32,33,34,35,43,44,45
254,14,15,22,23,24,25,32,33,34,35,43,44,45
255,14,15,23,24,25,26,33,34,35,36,43,44,45
256,14,15,23,24,25,26,33,34,35,36,43,44,45
257,14,15,23,24,25,26,33,34,35,36,43,44,45,46
258,14,15,23,24,25,26,33,34,35,36,43,44,45,46
259,14,15,23,24,25,26,33,34,35,36,43,44,45,46
260,14,15,23,24,25,26,33,34,35,36,43,44,45,46
261,15,23,24,25,26,33,34,35,36,43,44,45,46
262,15,23,24,25,26,33,34,35,36,43,44,45,46
263,15,23,24,25,26,33,34,35,36,37,43,44,45,46,47
264,15,23,24,25,26,33,34,35,36,37,43,44,45,46,47
265,15,24,25,26,27,33,34,35,36,37,43,44,45,46,47
266,15,24,25,26,27,33,34,35,36,37,43,44,45,46,47
267,15,24,25,26,27,33,34,35,36,37,43,44,45,46,47
268,15,24,25,26,27,33,34,35,36,37,43,44,45,46,47
269,15,16,24,25,26,27,34,35,36,37,44,45,46,47
270,15,16,24,25,26,27,34,35,36,37,44,45,46,47
271,16,24,25,26,27,34,35,36,37,44,45,46,47
272,16,24,25,26,27,34,35,36,37,44,45,46,47
273,16,24,25,26,27,34,35,36,37,44,45,46,47
274,16,24,25,26,27,34,35,36,37,44,45,46,47
275,16,24,25,26,27,34,35,36,37,44,45,46,47
276,16,24,25,26,27,34,35,36,37,44,45,46,47
277,16,24,25,26,27,34,35,36,37,44,45,46,47
278,16,24,25,26,27,34,35,36,37,44,45,46,47
279,16,24,25,26,27,34,35,36,37,44,45,46,47
280,16,24,25,26,27,34,35,36,37,44,45,46,47
281,16,24,25,26,27,34,35,36,37,44,45,46,47
282,16,24,25,26,27,34,35,36,37,44,45,46,47
283,16,24,25,26,27,34,35,36,37,44,45,46,47
284,16,24,25,26,27,34,35,36,37,44,45,46,47
285,16,24,25,26,27,34,35,36,37,44,45,46,47
286,16,24,25,26,27,34,35,36,37,44,45,46,47
287,16,24,25,26,27,34,35,36,37,44,45,46,47
288,16,24,25,26,27,34,35,36,37,44,45,46,47
289,16,24,25,26,27,34,35,36,37,44,45,46,47
290,16,24,25,26,27,34,35,36,37,44,45,46,47
291,16,24,25,26,27,34,35,36,37,44,45,46,47
292,16,24,25,26,27,34,35,36,37,44,45,46,47
293,15,16,24,25,26,27,34,35,36,37,44,45,46,47
294,15,16,24,25,26,27,34,35,36,37,44,45,46,47
295,15,16,24,25,26,27,34,35,36,37,44,45,46,47
296,15,16,24,25,26,27,34,35,36,37,44,45,46,47
297,15,16,24,25,26,27,34,35,36,37,44,45,46,47
298,15,16,24,25,26,27,34,35,36,37,44,45,46,47
299,15,16,24,25,26,27,34,35,36,37,44,45,46,47
300,15,16,24,25,26,27,34,35,36,37,44,45,46,47
301,15,16,24,25,26,27,34,35,36,37,44,45,46,47
302,15,16,24,25,26,27,34,35,36,37,44,45,46,47
303,14,15,16,24,25,26,27,34,35,36,37,44,45,46
304,14,15,16,24,25,26,27,34,35,36,37,44,45,46
305,14,15,16,24,25,26,27,34,35,36,37,44,45,46
306,14,15,16,24,25,26,27,34,35,36,37,44,45,46
307,14,15,16,24,25,26,27,34,35,36,37,44,45,46
308,14,15,16,24,25,26,27,34,35,36,37,44,45,46
309,14,15,16,24,25,26,27,34,35,36,37,44,45,46
310,14,15,16,24,25,26,27,34,35,36,37,44,45,46
311,14,15,16,24,25,26,27,34,35,36,37,44,45,46
312,14,15,16,24,25,26,27,34,35,36,37,44,45,46
313,14,15,16,24,25,26,27,34,35,36,37,44,45,46
314,14,15,16,24,25,26,27,34,35,36,37,44,45,46
315,14,15,16,24,25,26,27,34,35,36,37,44,45,46
316,14,15,16,24,25,26,27,34,35,36,37,44,45,46
317,14,15,16,24,25,26,27,34,35,36,37,44,45,46,47
318,14,15,16,24,25,26,27,34,35,36,37,44,45,46,47
319,14,15,16,24,25,26,27,34,35,36,37,44,45,46,47
320,14,15,16,24,25,26,27,34,35,36,37,44,45,46,47
321,14,15,16,24,25,26,27,34,35,36,37,44,45,46,47
322,14,15,16,24,25,26,27,34,35,36,37,44,45,46,47
323,14,15,16,24,25,26,27,34,35,36,37,44,45,46,47
324,14,15,16,24,25,26,27,34,35,36,37,44,45,46,47
325,14,15,16,24,25,26,27,34,35,36,37,44,45,46,47
326,14,15,16,24,25,26,27,34,35,36,37,44,45,46,47
327,14,15,16,24,25,26,27,34,35,36,37,44,45,46
328,14,15,16,24,25,26,27,34,35,36,37,44,45,46
329,14,15,16,24,25,26,27,34,35,36,37,44,45,46
330,14,15,16,24,25,26,27,34,35,36,37,44,45,46
331,14,15,16,24,25,26,27,34,35,36,37,44,45,46
332,14,15,16,24,25,26,27,34,35,36,37,44,45,46
333,14,15,16,24,25,26,27,34,35,36,37,44,45,46
334,14,15,16,24,25,26,27,34,35,36,37,44,45,46
335,14,15,16,24,25,26,27,34,35,36,37,44,45,46
336,14,15,16,24,25,26,27,34,35,36,37,44,45,46
337,14,15,16,24,25,26,27,34,35,36,37,44,45,46
338,14,15,16,24,25,26,27,34,35,36,37,44,45,46
339,14,15,16,24,25,26,27,34,35,36,37,44,45,46
340,14,15,16,24,25,26,27,34,35,36,37,44,45,46
341,14,15,16,24,25,26,27,34,35,36,37,45,46
342,14,15,16,24,25,26,27,34,35,36,37,45,46
343,14,15,16,24,25,26,27,34,35,36,37,45,46
344,14,15,16,24,25,26,27,34,35,36,37,45,46
345,14,15,16,17,24,25,26,27,34,35,36,37,45,46
346,14,15,16,17,24,25,26,27,34,35,36,37,45,46
347,14,15,16,17,24,25,26,27,34,35,36,37,45,46
348,14,15,16,17,24,25,26,27,34,35,36,37,45,46
349,14,15,16,17,24,25,26,27,34,35,36,37,45,46
350,14,15,16,17,24,25,26,27,34,35,36,37,45,46
351,14,15,16,17,24,25,26,27,34,35,36,37
352,14,15,16,17,24,25,26,27,34,35,36,37
353,6,14,15,16,17,24,25,26,27,34,35,36,37
354,6,14,15,16,17,24,25,26,27,34,35,36,37
355,6,14,15,16,17,24,25,26,27,34,35,36,37
356,6,14,15,16,17,24,25,26,27,34,35,36,37
357,6,14,15,16,17,24,25,26,27,34,35,36,37
358,6,14,15,16,17,24,25,26,27,34,35,36,37
359,6,14,15,16,17,24,25,26,27,34,35,36,37
360,6,14,15,16,17,24,25,26,27,34,35,36,37
361,6,14,15,16,17,24,25,26,27,35,36,37
362,6,14,15,16,17,24,25,26,27,35,36,37
363,6,14,15,16,17,24,25,26,27,35,36,37
364,6,14,15,16,17,24,25,26,27,35,36,37
365,6,14,15,16,17,24,25,26,27,35,36,37
366,6,14,15,16,17,24,25,26,27,35,36,37
367,6,14,15,16,17,24,25,26,27,34,35,36,37
368,6,14,15,16,17,24,25,26,27,34,35,36,37
369,14,15,16,17,24,25,26,27,34,35,36,37
370,14,15,16,17,24,25,26,27,34,35,36,37
371,14,15,16,17,24,25,26,27,34,35,36,37
372,14,15,16,17,24,25,26,27,34,35,36,37
373,14,15,16,17,24,25,26,27,34,35,36,37
374,14,15,16,17,24,25,26,27,34,35,36,37
375,14,15,16,17,24,25,26,27,34,35,36,37
376,14,15,16,17,24,25,26,27,34,35,36,37
377,14,15,16,17,24,25,26,27,34,35,36,37
378,14,15,16,17,24,25,26,27,34,35,36,37
379,14,15,16,17,24,25,26,27,34,35,36,37
380,14,15,16,17,24,25,26,27,34,35,36,37
381,14,15,16,17,24,25,26,27,34,35,36,37
382,14,15,16,17,24,25,26,27,34,35,36,37
383,14,15,16,17,24,25,26,27,34,35,36,37,46
384,14,15,16,17,24,25,26,27,34,35,36,37,46
385,14,15,16,17,24,25,26,27,34,35,36,37,46
386,14,15,16,17,24,25,26,27,34,35,36,37,46
387,15,16,17,24,25,26,27,34,35,36,37,45,46
388,15,16,17,24,25,26,27,34,35,36,37,45,46
389,15,16,17,24,25,26,27,35,36,37,45,46
390,15,16,17,24,25,26,27,35,36,37,45,46
391,15,16,17,25,26,27,35,36,37,45,46
392,15,16,17,25,26,27,35,36,37,45,46
393,15,16,17,25,26,27,35,36,37,45,46
394,15,16,17,25,26,27,35,36,37,45,46
395,15,16,17,25,26,27,35,36,37,45,46,47
396,15,16,17,25,26,27,35,36,37,45,46,47
397,15,16,17,25,26,27,35,36,37,45,46,47
398,15,16,17,25,26,27,35,36,37,45,46,47
399,15,16,17,25,26,27,35,36,37,45,46,47
400,15,16,17,25,26,27,35,36,37,45,46,47
401,15,16,17,25,26,27,35,36,37,45,46,47
402,15,16,17,25,26,27,35,36,37,45,46,47
403,15,16,17,25,26,27,35,36,37,45,46,47
404,15,16,17,25,26,27,35,36,37,45,46,47
405,15,16,17,25,26,27,35,36,37,45,46,47
406,15,16,17,25,26,27,35,36,37,45,46,47
407,15,16,17,25,26,27,35,36,37,45,46,47
408,15,16,17,25,26,27,35,36,37,45,46,47
409,15,16,17,25,26,27,35,36,37,45,46,47
410,15,16,17,25,26,27,35,36,37,45,46,47
411,15,16,17,25,26,27,35,36,37,45,46,47
412,15,16,17,25,26,27,35,36,37,45,46,47
413,15,16,17,25,26,27,35,36,37,45,46,47
414,15,16,17,25,26,27,35,36,37,45,46,47
415,15,16,17,24,25,26,27,35,36,37,45,46,47
416,15,16,17,24,25,26,27,35,36,37,45,46,47
417,15,16,17,24,25,26,27,34,35,36,37,45,46,47
418,15,16,17,24,25,26,27,34,35,36,37,45,46,47
419,15,16,17,24,25,26,27,34,35,36,37,45,46
420,15,16,17,24,25,26,27,34,35,36,37,45,46
421,15,16,17,24,25,26,27,34,35,36,37,45,46
422,15,16,17,24,25,26,27,34,35,36,37,45,46
423,15,16,17,24,25,26,27,34,35,36,37,45,46
424,15,16,17,24,25,26,27,34,35,36,37,45,46
425,15,16,17,24,25,26,27,34,35,36,37,45,46
426,15,16,17,24,25,26,27,34,35,36,37,45,46
427,14,15,16,17,24,25,26,27,34,35,36,37,45,46
428,14,15,16,17,24,25,26,27,34,35,36,37,45,46
429,14,15,16,17,24,25,26,27,34,35,36,37,45,46
430,14,15,16,17,24,25,26,27,34,35,36,37,45,46
431,14,15,16,17,24,25,26,27,34,35,36,37,45,46
432,14,15,16,17,24,25,26,27,34,35,36,37,45,46
433,14,15,16,24,25,26,27,34,35,36,37,45,46
434,14,15,16,24,25,26,27,34,35,36,37,45,46
435,14,15,16,24,25,26,27,34,35,36,37,45,46
436,14,15,16,24,25,26,27,34,35,36,37,45,46
437,14,15,16,24,25,26,27,34,35,36,37,45,46
438,14,15,16,24,25,26,27,34,35,36,37,45,46
439,14,15,16,24,25,26,27,34,35,36,37,45,46
440,14,15,16,24,25,26,27,34,35,36,37,45,46
441,14,15,16,24,25,26,27,34,35,36,37,45,46
442,14,15,16,24,25,26,27,34,35,36,37,45,46
443,14,15,16,24,25,26,27,34,35,36,37,45,46
444,14,15,16,24,25,26,27,34,35,36,37,45,46
445,14,15,16,24,25,26,27,34,35,36,37,45,46
446,14,15,16,24,25,26,27,34,35,36,37,45,46
447,14,15,16,24,25,26,27,34,35,36,37,45,46
448,14,15,16,24,25,26,27,34,35,36,37,45,46
449,14,15,16,24,25,26,27,34,35,36,37,45,46
450,14,15,16,24,25,26,27,34,35,36,37,45,46
451,14,15,16,24,25,26,27,34,35,36,37,45,46
452,14,15,16,24,25,26,27,34,35,36,37,45,46
453,14,15,16,24,25,26,27,34,35,36,37,45,46
454,14,15,16,24,25,26,27,34,35,36,37,45,46
455,14,15,16,24,25,26,27,34,35,36,37,45,46
456,14,15,16,24,25,26,27,34,35,36,37,45,46
457,14,15,16,24,25,26,27,34,35,36,37,45,46
458,14,15,16,24,25,26,27,34,35,36,37,45,46
459,14,15,16,24,25,26,27,34,35,36,37,45,46
460,14,15,16,24,25,26,27,34,35,36,37,45,46
461,14,15,16,24,25,26,27,34,35,36,37,45,46
462,14,15,16,24,25,26,27,34,35,36,37,45,46
463,14,15,16,24,25,26,27,34,35,36,37,45,46
464,14,15,16,24,25,26,27,34,35,36,37,45,46
465,14,15,16,24,25,26,27,34,35,36,37,45,46
466,14,15,16,24,25,26,27,34,35,36,37,45,46
467,14,15,16,24,25,26,27,34,35,36,37,45,46
468,14,15,16,24,25,26,27,34,35,36,37,45,46
469,14,15,16,24,25,26,27,34,35,36,37,45,46
470,14,15,16,24,25,26,27,34,35,36,37,45,46
471,14,15,16,24,25,26,27,34,35,36,37,45,46
472,14,15,16,24,25,26,27,34,35,36,37,45,46
473,14,15,16,24,25,26,27,34,35,36,37,45,46
474,14,15,16,24,25,26,27,34,35,36,37,45,46
475,14,15,16,24,25,26,27,34,35,36,37,45,46
476,14,15,16,24,25,26,27,34,35,36,37,45,46
477,14,15,16,24,25,26,27,34,35,36,37,45,46
478,14,15,16,24,25,26,27,34,35,36,37,45,46
479,14,15,16,24,25,26,27,34,35,36,37,45,46
480,14,15,16,24,25,26,27,34,35,36,37,45,46
481,14,15,16,24,25,26,27,34,35,36,37,45,46
482,14,15,16,24,25,26,27,34,35,36,37,45,46
483,14,15,16,24,25,26,27,34,35,36,37,45,46
484,14,15,16,24,25,26,27,34,35,36,37,45,46
485,14,15,16,24,25,26,27,34,35,36,37,44,45,46
486,14,15,16,24,25,26,27,34,35,36,37,44,45,46
487,14,15,16,24,25,26,27,34,35,36,37,44,45,46
488,14,15,16,24,25,26,27,34,35,36,37,44,45,46
489,14,15,16,24,25,26,27,34,35,36,37,44,45,46
490,14,15,16,24,25,26,27,34,35,36,37,44,45,46
491,14,15,16,24,25,26,27,34,35,36,37,44,45,46
492,14,15,16,24,25,26,27,34,35,36,37,44,45,46
493,14,15,16,24,25,26,27,34,35,36,37,44,45,46
494,14,15,16,24,25,26,27,34,35,36,37,44,45,46
495,14,15,16,24,25,26,27,34,35,36,37,44,45,46
496,14,15,16,24,25,26,27,34,35,36,37,44,45,46
497,14,15,16,24,25,26,27,34,35,36,37,44,45,46
498,14,15,16,24,25,26,27,34,35,36,37,44,45,46
499,14,15,16,24,25,26,27,34,35,36,37,44,45,46
500,14,15,16,24,25,26,27,34,35,36,37,44,45,46
501,14,15,16,24,25,26,27,34,35,36,37,44,45,46
502,14,15,16,24,25,26,27,34,35,36,37,44,45,46
503,14,15,16,24,25,26,27,34,35,36,37,44,45,46
504,14,15,16,24,25,26,27,34,35,36,37,44,45,46
505,14,15,16,24,25,26,27,34,35,36,37,44,45,46
506,14,15,16,24,25,26,27,34,35,36,37,44,45,46
507,14,15,16,24,25,26,34,35,36,44,45,46
508,14,15,16,24,25,26,34,35,36,44,45,46
509,14,15,16,24,25,26,34,35,36,44,45,46
510,14,15,16,24,25,26,34,35,36,44,45,46
511,14,15,16,24,25,26,34,35,36,44,45,46
512,14,15,16,24,25,26,34,35,36,44,45,46
513,14,15,16,23,24,25,26,33,34,35,36,44,45,46
514,14,15,16,23,24,25,26,33,34,35,36,44,45,46
515,14,15,16,23,24,25,26,33,34,35,36,44,45,46
516,14,15,16,23,24,25,26,33,34,35,36,44,45,46
517,14,15,16,23,24,25,26,33,34,35,36,44,45,46
518,14,15,16,23,24,25,26,33,34,35,36,44,45,46
519,14,15,16,23,24,25,26,33,34,35,36,44,45,46
520,14,15,16,23,24,25,26,33,34,35,36,44,45,46
521,14,15,16,23,24,25,26,33,34,35,36,44,45,46
522,14,15,16,23,24,25,26,33,34,35,36,44,45,46
523,14,15,16,24,25,26,34,35,36,44,45,46
524,14,15,16,24,25,26,34,35,36,44,45,46
525,14,15,16,24,25,26,34,35,36,44,45,46
526,14,15,16,24,25,26,34,35,36,44,45,46
527,14,15,16,24,25,26,34,35,36,44,45,46
528,14,15,16,24,25,26,34,35,36,44,45,46
529,14,15,16,24,25,26,34,35,36,44,45,46
530,14,15,16,24,25,26,34,35,36,44,45,46
531,14,15,16,24,25,26,27,34,35,36,37,44,45,46
532,14,15,16,24,25,26,27,34,35,36,37,44,45,46
533,14,15,16,24,25,26,27,34,35,36,37,44,45,46
534,14,15,16,24,25,26,27,34,35,36,37,44,45,46
535,14,15,16,24,25,26,27,34,35,36,37,44,45,46
536,14,15,16,24,25,26,27,34,35,36,37,44,45,46
537,14,15,16,24,25,26,27,34,35,36,37,44,45,46
538,14,15,16,24,25,26,27,34,35,36,37,44,45,46
539,14,15,16,24,25,26,27,34,35,36,37,44,45,46
540,14,15,16,24,25,26,27,34,35,36,37,44,45,46
541,14,15,16,24,25,26,27,34,35,36,37,44,45,46
542,14,15,16,24,25,26,27,34,35,36,37,44,45,46
543,14,15,16,24,25,26,27,34,35,36,37,44,45,46
544,14,15,16,24,25,26,27,34,35,36,37,44,45,46
545,14,15,16,24,25,26,27,34,35,36,37,44,45,46
546,14,15,16,24,25,26,27,34,35,36,37,44,45,46
547,14,15,16,24,25,26,27,34,35,36,37,44,45,46
548,14,15,16,24,25,26,27,34,35,36,37,44,45,46
549,14,15,16,24,25,26,27,34,35,36,37,45,46
550,14,15,16,24,25,26,27,34,35,36,37,45,46
551,14,15,16,17,24,25,26,27,34,35,36,37,45,46
552,14,15,16,17,24,25,26,27,34,35,36,37,45,46
553,14,15,16,17,24,25,26,27,34,35,36,37,45,46
554,14,15,16,17,24,25,26,27,34,35,36,37,45,46
555,14,15,16,17,24,25,26,27,34,35,36,37,45,46
556,14,15,16,17,24,25,26,27,34,35,36,37,45,46
557,14,15,16,17,24,25,26,27,34,35,36,37,45,46
558,14,15,16,17,24,25,26,27,34,35,36,37,45,46
559,15,16,17,24,25,26,27,34,35,36,37,45,46,47
560,15,16,17,24,25,26,27,34,35,36,37,45,46,47
561,15,16,17,24,25,26,27,34,35,36,37,45,46,47
562,15,16,17,24,25,26,27,34,35,36,37,45,46,47
563,15,16,17,24,25,26,27,34,35,36,37,45,46,47
564,15,16,17,24,25,26,27,34,35,36,37,45,46,47
565,15,16,17,24,25,26,27,34,35,36,37,45,46,47
566,15,16,17,24,25,26,27,34,35,36,37,45,46,47
567,15,16,17,24,25,26,27,34,35,36,37,45,46,47
568,15,16,17,24,25,26,27,34,35,36,37,45,46,47
569,15,16,17,25,26,27,35,36,37,45,46,47
570,15,16,17,25,26,27,35,36,37,45,46,47
571,15,16,17,25,26,27,35,36,37,45,46,47
572,15,16,17,25,26,27,35,36,37,45,46,47
573,15,16,17,25,26,27,35,36,37,45,46,47
574,15,16,17,25,26,27,35,36,37,45,46,47
575,15,16,17,25,26,27,28,35,36,37,38,45,46,47
576,15,16,17,25,26,27,28,35,36,37,38,45,46,47
577,15,16,17,25,26,27,28,35,36,37,38,45,46,47
578,15,16,17,25,26,27,28,35,36,37,38,45,46,47
579,15,16,17,25,26,27,28,35,36,37,38,45,46,47
580,15,16,17,25,26,27,28,35,36,37,38,45,46,47
581,15,16,17,25,26,27,28,35,36,37,38,45,46,47
582,15,16,17,25,26,27,28,35,36,37,38,45,46,47
583,15,16,17,25,26,27,28,35,36,37,38,45,46,47
584,15,16,17,25,26,27,28,35,36,37,38,45,46,47
585,15,16,17,25,26,27,28,35,36,37,38,46,47
586,15,16,17,25,26,27,28,35,36,37,38,46,47
587,15,16,17,18,25,26,27,28,35,36,37,38,46,47
588,15,16,17,18,25,26,27,28,35,36,37,38,46,47
589,15,16,17,18,25,26,27,28,35,36,37,38,46,47
590,15,16,17,18,25,26,27,28,35,36,37,38,46,47
591,16,17,18,25,26,27,28,35,36,37,38,46,47
592,16,17,18,25,26,27,28,35,36,37,38,46,47
593,16,17,18,25,26,27,28,35,36,37,38,46,47,48
594,16,17,18,25,26,27,28,35,36,37,38,46,47,48
595,16,17,18,25,26,27,28,35,36,37,38,46,47,48
596,16,17,18,25,26,27,28,35,36,37,38,46,47,48
597,16,17,18,25,26,27,28,35,36,37,38,46,47,48
598,16,17,18,25,26,27,28,35,36,37,38,46,47,48
599,16,17,18,26,27,28,36,37,38,46,47,48
600,16,17,18,26,27,28,36,37,38,46,47,48
601,16,17,18,26,27,28,29,36,37,38,39,46,47,48
602,16,17,18,26,27,28,29,36,37,38,39,46,47,48
603,16,17,18,26,27,28,29,36,37,38,39,46,47,48
604,16,17,18,26,27,28,29,36,37,38,39,46,47,48
605,16,17,18,26,27,28,29,36,37,38,39,46,47,48
606,16,17,18,26,27,28,29,36,37,38,39,46,47,48
607,16,17,18,19,26,27,28,29,36,37,38,39,47,48
608,16,17,18,19,26,27,28,29,36,37,38,39,47,48
609,17,18,19,26,27,28,29,36,37,38,39,47,48,49
610,17,18,19,26,27,28,29,36,37,38,39,47,48,49
611,17,18,19,26,27,28,29,36,37,38,39,47,48,49
612,17,18,19,26,27,28,29,36,37,38,39,47,48,49
613,17,18,19,26,27,28,29,36,37,38,39,47,48,49
614,17,18,19,26,27,28,29,36,37,38,39,47,48,49
615,17,18,19,26,27,28,29,36,37,38,39,47,48,49
616,17,18,19,26,27,28,29,36,37,38,39,47,48,49
617,17,18,19,26,27,28,29,36,37,38,39,46,47,48,49
618,17,18,19,26,27,28,29,36,37,38,39,46,47,48,49
619,17,18,19,26,27,28,29,36,37,38,39,47,48,49
620,17,18,19,26,27,28,29,36,37,38,39,47,48,49
621,17,18,19,26,27,28,29,36,37,38,39,47,48,49
622,17,18,19,26,27,28,29,36,37,38,39,47,48,49
623,17,18,19,26,27,28,29,36,37,38,39,47,48,49
624,17,18,19,26,27,28,29,36,37,38,39,47,48,49
625,17,18,19,26,27,28,29,36,37,38,39,47,48,49
626,17,18,19,26,27,28,29,36,37,38,39,47,48,49
627,17,18,19,26,27,28,29,36,37,38,39,47,48,49
628,17,18,19,26,27,28,29,36,37,38,39,47,48,49
629,17,18,19,26,27,28,29,36,37,38,39,47,48,49
630,17,18,19,26,27,28,29,36,37,38,39,47,48,49
631,17,18,19,26,27,28,29,36,37,38,39,47,48,49
632,17,18,19,26,27,28,29,36,37,38,39,47,48,49
633,18,19,26,27,28,29,36,37,38,39,47,48,49
634,18,19,26,27,28,29,36,37,38,39,47,48,49
635,18,19,27,28,29,30,37,38,39,40,47,48,49
636,18,19,27,28,29,30,37,38,39,40,47,48,49
637,18,19,27,28,29,30,37,38,39,40,47,48,49
638,18,19,27,28,29,30,37,38,39,40,47,48,49
639,18,19,27,28,29,30,37,38,39,40,47,48,49,50
640,18,19,27,28,29,30,37,38,39,40,47,48,49,50
641,18,19,27,28,29,30,37,38,39,40,47,48,49,50
642,18,19,27,28,29,30,37,38,39,40,47,48,49,50
643,18,19,27,28,29,30,37,38,39,40,47,48,49,50
644,18,19,27,28,29,30,37,38,39,40,47,48,49,50
645,18,19,27,28,29,30,37,38,39,40,47,48,49,50
646,18,19,27,28,29,30,37,38,39,40,47,48,49,50
647,18,19,27,28,29,30,37,38,39,40,47,48,49,50
648,18,19,27,28,29,30,37,38,39,40,47,48,49,50
649,18,19,27,28,29,30,37,38,39,40,47,48,49,50
650,18,19,27,28,29,30,37,38,39,40,47,48,49,50
651,18,19,27,28,29,30,37,38,39,40,47,48,49,50
652,18,19,27,28,29,30,37,38,39,40,47,48,49,50
653,18,19,27,28,29,30,37,38,39,40,47,48,49,50
654,18,19,27,28,29,30,37,38,39,40,47,48,49,50
655,18,19,27,28,29,30,37,38,39,40,47,48,49,50
656,18,19,27,28,29,30,37,38,39,40,47,48,49,50
657,18,19,27,28,29,30,37,38,39,40,47,48,49,50
658,18,19,27,28,29,30,37,38,39,40,47,48,49,50
659,18,19,27,28,29,30,37,38,39,40,47,48,49,50
660,18,19,27,28,29,30,37,38,39,40,47,48,49,50
661,18,19,27,28,29,30,37,38,39,40,47,48,49,50
662,18,19,27,28,29,30,37,38,39,40,47,48,49,50
663,18,19,27,28,29,30,37,38,39,40,47,48,49,50
664,18,19,27,28,29,30,37,38,39,40,47,48,49,50
665,19,27,28,29,30,37,38,39,40,47,48,49,50
666,19,27,28,29,30,37,38,39,40,47,48,49,50
667,19,27,28,29,30,37,38,39,40,47,48,49,50
668,19,27,28,29,30,37,38,39,40,47,48,49,50
669,19,27,28,29,30,37,38,39,40,47,48,49,50
670,19,27,28,29,30,37,38,39,40,47,48,49,50
671,19,27,28,29,30,37,38,39,40,47,48,49,50
672,19,27,28,29,30,37,38,39,40,47,48,49,50
673,19,27,28,29,30,37,38,39,40,47,48,49,50
674,19,27,28,29,30,37,38,39,40,47,48,49,50
675,19,27,28,29,30,37,38,39,40,47,48,49,50
676,19,27,28,29,30,37,38,39,40,47,48,49,50
677,19,27,28,29,30,37,38,39,40,47,48,49,50
678,19,27,28,29,30,37,38,39,40,47,48,49,50
679,19,27,28,29,30,37,38,39,40,47,48,49,50
680,19,27,28,29,30,37,38,39,40,47,48,49,50
681,19,27,28,29,30,37,38,39,40,47,48,49,50
682,19,27,28,29,30,37,38,39,40,47,48,49,50
683,19,27,28,29,30,37,38,39,40,47,48,49,50
684,19,27,28,29,30,37,38,39,40,47,48,49,50
685,18,19,27,28,29,30,37,38,39,40,47,48,49,50
686,18,19,27,28,29,30,37,38,39,40,47,48,49,50
687,18,19,27,28,29,30,37,38,39,40,47,48,49,50
688,18,19,27,28,29,30,37,38,39,40,47,48,49,50
689,18,19,27,28,29,30,37,38,39,40,47,48,49,50
690,18,19,27,28,29,30,37,38,39,40,47,48,49,50
691,18,19,27,28,29,30,37,38,39,40,47,48,49,50
692,18,19,27,28,29,30,37,38,39,40,47,48,49,50
693,18,19,27,28,29,30,37,38,39,40,47,48,49,50
694,18,19,27,28,29,30,37,38,39,40,47,48,49,50
695,18,19,27,28,29,30,37,38,39,40,47,48,49,50
696,18,19,27,28,29,30,37,38,39,40,47,48,49,50
697,18,19,27,28,29,30,37,38,39,40,47,48,49,50
698,18,19,27,28,29,30,37,38,39,40,47,48,49,50
699,18,19,27,28,29,30,37,38,39,40,47,48,49,50
700,18,19,27,28,29,30,37,38,39,40,47,48,49,50
701,18,19,27,28,29,30,37,38,39,40,47,48,49,50
702,18,19,27,28,29,30,37,38,39,40,47,48,49,50
703,18,19,27,28,29,30,37,38,39,40,47,48,49,50
704,18,19,27,28,29,30,37,38,39,40,47,48,49,50
705,18,19,27,28,29,30,37,38,39,40,47,48,49,50
706,18,19,27,28,29,30,37,38,39,40,47,48,49,50
707,18,19,27,28,29,30,37,38,39,40,47,48,49,50
708,18,19,27,28,29,30,37,38,39,40,47,48,49,50
709,18,19,27,28,29,36,37,38,39,47,48,49
710,18,19,27,28,29,36,37,38,39,47,48,49
711,18,19,26,27,28,29,36,37,38,39,46,47,48,49
712,18,19,26,27,28,29,36,37,38,39,46,47,48,49
713,17,18,26,27,28,29,36,37,38,39,46,47,48,49
714,17,18,26,27,28,29,36,37,38,39,46,47,48,49
715,17,18,26,27,28,29,36,37,38,39,46,47,48,49
716,17,18,26,27,28,29,36,37,38,39,46,47,48,49
717,16,17,18,26,27,28,29,36,37,38,39,46,47,48
718,16,17,18,26,27,28,29,36,37,38,39,46,47,48
719,16,17,18,26,27,28,36,37,38,46,47,48
720,16,17,18,26,27,28,36,37,38,46,47,48
721,16,17,18,25,26,27,28,35,36,37,38,46,47,48
722,16,17,18,25,26,27,28,35,36,37,38,46,47,48
723,16,17,18,25,26,27,28,35,36,37,38,46,47,48
724,16,17,18,25,26,27,28,35,36,37,38,46,47,48
725,16,17,18,25,26,27,28,35,36,37,38,46,47
726,16,17,18,25,26,27,28,35,36,37,38,46,47
727,15,16,17,18,25,26,27,28,35,36,37,38,46,47
728,15,16,17,18,25,26,27,28,35,36,37,38,46,47
729,15,16,17,25,26,27,28,35,36,37,38,45,46,47
730,15,16,17,25,26,27,28,35,36,37,38,45,46,47
731,15,16,17,25,26,27,28,35,36,37,38,45,46,47
732,15,16,17,25,26,27,28,35,36,37,38,45,46,47
733,15,16,17,25,26,27,28,35,36,37,38,45,46,47
734,15,16,17,25,26,27,28,35,36,37,38,45,46,47
735,15,16,17,25,26,27,35,36,37,45,46,47
736,15,16,17,25,26,27,35,36,37,45,46,47
737,15,16,17,25,26,27,35,36,37,45,46,47
738,15,16,17,25,26,27,35,36,37,45,46,47
739,15,16,17,24,25,26,27,34,35,36,37,45,46,47
740,15,16,17,24,25,26,27,34,35,36,37,45,46,47
741,15,16,17,24,25,26,27,34,35,36,37,45,46,47
742,15,16,17,24,25,26,27,34,35,36,37,45,46,47
743,15,16,17,24,25,26,27,34,35,36,37,45,46,47
744,15,16,17,24,25,26,27,34,35,36,37,45,46,47
745,15,16,17,24,25,26,27,34,35,36,37,45,46,47
746,15,16,17,24,25,26,27,34,35,36,37,45,46,47
747,15,16,17,24,25,26,27,34,35,36,37,45,46,47
748,15,16,17,24,25,26,27,34,35,36,37,45,46,47
749,15,16,17,24,25,26,27,34,35,36,37,45,46,47
750,15,16,17,24,25,26,27,34,35,36,37,45,46,47
751,15,16,17,24,25,26,27,34,35,36,37,45,46,47
752,15,16,17,24,25,26,27,34,35,36,37,45,46,47
753,15,16,17,24,25,26,27,34,35,36,37,45,46,47
754,15,16,17,24,25,26,27,34,35,36,37,45,46,47
755,15,16,17,24,25,26,27,34,35,36,37,45,46,47
756,15,16,17,24,25,26,27,34,35,36,37,45,46,47
757,15,16,17,24,25,26,27,34,35,36,37,45,46,47
758,15,16,17,24,25,26,27,34,35,36,37,45,46,47
759,15,16,17,24,25,26,27,34,35,36,37,45,46,47
760,15,16,17,24,25,26,27,34,35,36,37,45,46,47
761,15,16,17,24,25,26,27,34,35,36,37,45,46,47
762,15,16,17,24,25,26,27,34,35,36,37,45,46,47
763,15,16,17,24,25,26,27,34,35,36,37,45,46,47
764,15,16,17,24,25,26,27,34,35,36,37,45,46,47
765,16,17,24,25,26,27,34,35,36,37,45,46,47
766,16,17,24,25,26,27,34,35,36,37,45,46,47
767,16,17,24,25,26,27,34,35,36,37,45,46,47
768,16,17,24,25,26,27,34,35,36,37,45,46,47
769,16,17,24,25,26,27,34,35,36,37,45,46,47
770,16,17,24,25,26,27,34,35,36,37,45,46,47
771,16,17,24,25,26,27,34,35,36,37,45,46,47
772,16,17,24,25,26,27,34,35,36,37,45,46,47
773,16,17,24,25,26,27,34,35,36,37,45,46,47
774,16,17,24,25,26,27,34,35,36,37,45,46,47
775,16,17,24,25,26,27,34,35,36,37,45,46,47
776,16,17,24,25,26,27,34,35,36,37,45,46,47
777,16,17,24,25,26,27,34,35,36,37,45,46,47
778,16,17,24,25,26,27,34,35,36,37,45,46,47
779,16,17,24,25,26,27,34,35,36,37,45,46,47
780,16,17,24,25,26,27,34,35,36,37,45,46,47
781,16,17,24,25,26,27,34,35,36,37,44,45,46,47
782,16,17,24,25,26,27,34,35,36,37,44,45,46,47
783,16,17,24,25,26,27,34,35,36,37,44,45,46,47
784,16,17,24,25,26,27,34,35,36,37,44,45,46,47
785,16,17,24,25,26,27,34,35,36,37,44,45,46,47
786,16,17,24,25,26,27,34,35,36,37,44,45,46,47
787,16,17,24,25,26,27,34,35,36,37,44,45,46,47
788,16,17,24,25,26,27,34,35,36,37,44,45,46,47
789,16,17,24,25,26,27,34,35,36,37,44,45,46,47
790,16,17,24,25,26,27,34,35,36,37,44,45,46,47
791,16,17,24,25,26,27,34,35,36,37,44,45,46,47
792,16,17,24,25,26,27,34,35,36,37,44,45,46,47
793,16,17,24,25,26,27,34,35,36,37,44,45,46,47
794,16,17,24,25,26,27,34,35,36,37,44,45,46,47
795,16,17,24,25,26,27,34,35,36,37,44,45,46,47
796,16,17,24,25,26,27,34,35,36,37,44,45,46,47
797,16,17,24,25,26,27,34,35,36,37,44,45,46,47
798,16,17,24,25,26,27,34,35,36,37,44,45,46,47
799,16,17,24,25,26,27,34,35,36,37,44,45,46,47
800,16,17,24,25,26,27,34,35,36,37,44,45,46,47
801,16,17,24,25,26,27,34,35,36,37,44,45,46,47
802,16,17,24,25,26,27,34,35,36,37,44,45,46,47
803,16,17,24,25,26,27,34,35,36,37,44,45,46,47
804,16,17,24,25,26,27,34,35,36,37,44,45,46,47
805,16,17,24,25,26,27,34,35,36,37,44,45,46,47
806,16,17,24,25,26,27,34,35,36,37,44,45,46,47
807,16,17,24,25,26,27,34,35,36,37,44,45,46,47
808,16,17,24,25,26,27,34,35,36,37,44,45,46,47
809,16,17,24,25,26,27,34,35,36,37,44,45,46,47
810,16,17,24,25,26,27,34,35,36,37,44,45,46,47
811,16,17,24,25,26,27,34,35,36,37,44,45,46,47
812,16,17,24,25,26,27,34,35,36,37,44,45,46,47
813,16,17,24,25,26,27,34,35,36,37,44,45,46,47
814,16,17,24,25,26,27,34,35,36,37,44,45,46,47
815,16,17,24,25,26,27,34,35,36,37,44,45,46,47
816,16,17,24,25,26,27,34,35,36,37,44,45,46,47
817,16,17,24,25,26,27,34,35,36,37,44,45,46,47
818,16,17,24,25,26,27,34,35,36,37,44,45,46,47
819,16,17,24,25,26,27,34,35,36,37,44,45,46,47
820,16,17,24,25,26,27,34,35,36,37,44,45,46,47
821,16,17,24,25,26,27,34,35,36,37,44,45,46,47
822,16,17,24,25,26,27,34,35,36,37,44,45,46,47
823,16,17,24,25,26,27,34,35,36,37,44,45,46,47
824,16,17,24,25,26,27,34,35,36,37,44,45,46,47
825,16,17,24,25,26,27,34,35,36,37,45,46,47
826,16,17,24,25,26,27,34,35,36,37,45,46,47
827,16,17,24,25,26,27,34,35,36,37,45,46,47
828,16,17,24,25,26,27,34,35,36,37,45,46,47
829,16,17,24,25,26,27,34,35,36,37,45,46,47
830,16,17,24,25,26,27,34,35,36,37,45,46,47
831,16,17,24,25,26,27,34,35,36,37,45,46,47
832,16,17,24,25,26,27,34,35,36,37,45,46,47
833,15,16,17,24,25,26,27,34,35,36,37,45,46,47
834,15,16,17,24,25,26,27,34,35,36,37,45,46,47
835,15,16,17,24,25,26,27,34,35,36,37,45,46,47
836,15,16,17,24,25,26,27,34,35,36,37,45,46,47
837,15,16,17,24,25,26,27,34,35,36,37,45,46,47
838,15,16,17,24,25,26,27,34,35,36,37,45,46,47
839,15,16,17,24,25,26,27,34,35,36,37,45,46,47
840,15,16,17,24,25,26,27,34,35,36,37,45,46,47
841,15,16,17,24,25,26,27,34,35,36,37,45,46,47
842,15,16,17,24,25,26,27,34,35,36,37,45,46,47
843,15,16,17,24,25,26,27,34,35,36,37,45,46,47
844,15,16,17,24,25,26,27,34,35,36,37,45,46,47
845,15,16,17,24,25,26,27,34,35,36,37,45,46
846,15,16,17,24,25,26,27,34,35,36,37,45,46
847,15,16,17,24,25,26,27,34,35,36,37,45,46
848,15,16,17,24,25,26,27,34,35,36,37,45,46
849,15,16,17,24,25,26,27,35,36,37,46
850,15,16,17,24,25,26,27,35,36,37,46
851,15,16,17,24,25,26,27,35,36,37
852,15,16,17,24,25,26,27,35,36,37
853,15,16,17,24,25,26,27,35,36,37
854,15,16,17,24,25,26,27,35,36,37
855,6,14,15,16,17,24,25,26,27,35,36,37
856,6,14,15,16,17,24,25,26,27,35,36,37
857,6,14,15,16,17,24,25,26,27,35,36,37
858,6,14,15,16,17,24,25,26,27,35,36,37
859,6,7,14,15,16,17,24,25,26,27,35,36,37
860,6,7,14,15,16,17,24,25,26,27,35,36,37
861,5,6,7,14,15,16,17,24,25,26,27,35,36,37
862,5,6,7,14,15,16,17,24,25,26,27,35,36,37
863,5,6,7,14,15,16,17,24,25,26,27,35,36,37
864,5,6,7,14,15,16,17,24,25,26,27,35,36,37
865,5,6,7,14,15,16,17,24,25,26,27,35,36,37
866,5,6,7,14,15,16,17,24,25,26,27,35,36,37
867,5,6,7,14,15,16,17,24,25,26,27,35,36,37
868,5,6,7,14,15,16,17,24,25,26,27,35,36,37
869,5,6,7,14,15,16,17,24,25,26,27,35,36,37
870,5,6,7,14,15,16,17,24,25,26,27,35,36,37
871,5,6,7,14,15,16,17,24,25,26,27,35,36,37
872,5,6,7,14,15,16,17,24,25,26,27,35,36,37
873,5,6,7,14,15,16,17,24,25,26,27,35,36,37
874,5,6,7,14,15,16,17,24,25,26,27,35,36,37
875,5,6,7,14,15,16,17,24,25,26,27,35,36,37
876,5,6,7,14,15,16,17,24,25,26,27,35,36,37
877,5,6,7,14,15,16,17,24,25,26,27,35,36,37
878,5,6,7,14,15,16,17,24,25,26,27,35,36,37
879,5,6,7,14,15,16,17,24,25,26,27,35,36,37
880,5,6,7,14,15,16,17,24,25,26,27,35,36,37
881,5,6,7,14,15,16,17,24,25,26,27,35,36,37
882,5,6,7,14,15,16,17,24,25,26,27,35,36,37
883,5,6,7,14,15,16,17,24,25,26,27,35,36,37
884,5,6,7,14,15,16,17,24,25,26,27,35,36,37
885,5,6,7,14,15,16,17,24,25,26,27,35,36,37
886,5,6,7,14,15,16,17,24,25,26,27,35,36,37
887,5,6,7,14,15,16,17,24,25,26,27,35,36,37
888,5,6,7,14,15,16,17,24,25,26,27,35,36,37
889,5,6,7,14,15,16,17,24,25,26,27,35,36,37
890,5,6,7,14,15,16,17,24,25,26,27,35,36,37
891,5,6,7,14,15,16,17,24,25,26,27,35,36,37
892,5,6,7,14,15,16,17,24,25,26,27,35,36,37
893,5,6,7,14,15,16,17,24,25,26,27,35,36,37
894,5,6,7,14,15,16,17,24,25,26,27,35,36,37
895,6,14,15,16,17,24,25,26,27,35,36,37
896,6,14,15,16,17,24,25,26,27,35,36,37
897,6,14,15,16,17,24,25,26,27,34,35,36,37
898,6,14,15,16,17,24,25,26,27,34,35,36,37
899,14,15,16,17,24,25,26,27,34,35,36,37,45,46
900,14,15,16,17,24,25,26,27,34,35,36,37,45,46
901,15,16,17,24,25,26,27,34,35,36,37,45,46
902,15,16,17,24,25,26,27,34,35,36,37,45,46
903,15,16,17,24,25,26,27,34,35,36,37,45,46,47
904,15,16,17,24,25,26,27,34,35,36,37,45,46,47
905,15,16,17,24,25,26,27,34,35,36,37,45,46,47
906,15,16,17,24,25,26,27,34,35,36,37,45,46,47
907,15,16,17,24,25,26,27,34,35,36,37,44,45,46,47
908,15,16,17,24,25,26,27,34,35,36,37,44,45,46,47
909,15,16,24,25,26,27,34,35,36,37,44,45,46,47
910,15,16,24,25,26,27,34,35,36,37,44,45,46,47
911,15,16,24,25,26,27,34,35,36,37,44,45,46,47
912,15,16,24,25,26,27,34,35,36,37,44,45,46,47
913,15,16,24,25,26,27,34,35,36,37,44,45,46,47
914,15,16,24,25,26,27,34,35,36,37,44,45,46,47
915,15,16,24,25,26,27,34,35,36,37,44,45,46,47
916,15,16,24,25,26,27,34,35,36,37,44,45,46,47
917,15,16,24,25,26,27,34,35,36,37,44,45,46,47
918,15,16,24,25,26,27,34,35,36,37,44,45,46,47
919,15,16,24,25,26,27,34,35,36,37,44,45,46,47
920,15,16,24,25,26,27,34,35,36,37,44,45,46,47
921,15,16,24,25,26,27,34,35,36,37,44,45,46,47
922,15,16,24,25,26,27,34,35,36,37,44,45,46,47
923,15,16,24,25,26,27,34,35,36,37,44,45,46,47
924,15,16,24,25,26,27,34,35,36,37,44,45,46,47
925,15,16,24,25,26,27,34,35,36,37,44,45,46,47
926,15,16,24,25,26,27,34,35,36,37,44,45,46,47
927,15,16,17,24,25,26,27,34,35,36,37,44,45,46,47
928,15,16,17,24,25,26,27,34,35,36,37,44,45,46,47
929,15,16,17,24,25,26,27,34,35,36,37,44,45,46,47
930,15,16,17,24,25,26,27,34,35,36,37,44,45,46,47
931,15,16,17,24,25,26,27,34,35,36,37,44,45,46,47
932,15,16,17,24,25,26,27,34,35,36,37,44,45,46,47
933,15,16,17,24,25,26,27,34,35,36,37,44,45,46,47
934,15,16,17,24,25,26,27,34,35,36,37,44,45,46,47
935,15,16,17,24,25,26,27,34,35,36,37,44,45,46,47
936,15,16,17,24,25,26,27,34,35,36,37,44,45,46,47
937,15,16,17,24,25,26,27,34,35,36,37,44,45,46,47
938,15,16,17,24,25,26,27,34,35,36,37,44,45,46,47
939,15,16,17,24,25,26,27,34,35,36,37,44,45,46,47
940,15,16,17,24,25,26,27,34,35,36,37,44,45,46,47
941,15,16,17,24,25,26,27,34,35,36,37,44,45,46,47
942,15,16,17,24,25,26,27,34,35,36,37,44,45,46,47
943,15,16,17,24,25,26,27,34,35,36,37,44,45,46,47
944,15,16,17,24,25,26,27,34,35,36,37,44,45,46,47
945,15,16,17,24,25,26,27,34,35,36,37,44,45,46,47
946,15,16,17,24,25,26,27,34,35,36,37,44,45,46,47
947,15,16,17,24,25,26,27,34,35,36,37,44,45,46,47
948,15,16,17,24,25,26,27,34,35,36,37,44,45,46,47
949,15,16,17,24,25,26,27,34,35,36,37,44,45,46,47
950,15,16,17,24,25,26,27,34,35,36,37,44,45,46,47
951,15,16,17,24,25,26,27,34,35,36,37,44,45,46,47
952,15,16,17,24,25,26,27,34,35,36,37,44,45,46,47
953,15,16,17,24,25,26,27,34,35,36,37,44,45,46,47
954,15,16,17,24,25,26,27,34,35,36,37,44,45,46,47
955,15,16,17,24,25,26,27,34,35,36,37,45,46,47
956,15,16,17,24,25,26,27,34,35,36,37,45,46,47
957,15,16,17,24,25,26,27,34,35,36,37,45,46,47
958,15,16,17,24,25,26,27,34,35,36,37,45,46,47
959,15,16,17,24,25,26,27,34,35,36,37,45,46,47
960,15,16,17,24,25,26,27,34,35,36,37,45,46,47
961,15,16,17,24,25,26,27,34,35,36,37,45,46,47
962,15,16,17,24,25,26,27,34,35,36,37,45,46,47
963,15,16,17,24,25,26,27,34,35,36,37,45,46,47
964,15,16,17,24,25,26,27,34,35,36,37,45,46,47
965,15,16,17,24,25,26,27,34,35,36,37,45,46
966,15,16,17,24,25,26,27,34,35,36,37,45,46
967,14,15,16,17,24,25,26,27,34,35,36,37,45,46
968,14,15,16,17,24,25,26,27,34,35,36,37,45,46
969,14,15,16,17,24,25,26,27,34,35,36,37,45,46
970,14,15,16,17,24,25,26,27,34,35,36,37,45,46
971,14,15,16,17,24,25,26,27,34,35,36,37,45,46
972,14,15,16,17,24,25,26,27,34,35,36,37,45,46
973,14,15,16,17,24,25,26,27,34,35,36,37,45,46
974,14,15,16,17,24,25,26,27,34,35,36,37,45,46
975,14,15,16,17,24,25,26,27,34,35,36,37,45,46
976,14,15,16,17,24,25,26,27,34,35,36,37,45,46
977,14,15,16,17,24,25,26,27,34,35,36,37,45,46
978,14,15,16,17,24,25,26,27,34,35,36,37,45,46
979,14,15,16,17,24,25,26,27,34,35,36,37,45,46
980,14,15,16,17,24,25,26,27,34,35,36,37,45,46
981,14,15,16,17,24,25,26,27,34,35,36,37,45,46
982,14,15,16,17,24,25,26,27,34,35,36,37,45,46
983,14,15,16,17,24,25,26,27,34,35,36,37,45,46
984,14,15,16,17,24,25,26,27,34,35,36,37,45,46
985,14,15,16,17,24,25,26,27,34,35,36,37,45,46
986,14,15,16,17,24,25,26,27,34,35,36,37,45,46
987,14,15,16,24,25,26,27,34,35,36,37,45,46
988,14,15,16,24,25,26,27,34,35,36,37,45,46
989,14,15,16,24,25,26,27,34,35,36,37,45,46
990,14,15,16,24,25,26,27,34,35,36,37,45,46
991,14,15,16,24,25,26,27,34,35,36,37,45,46
992,14,15,16,24,25,26,27,34,35,36,37,45,46
993,14,15,16,24,25,26,27,34,35,36,37,44,45,46
994,14,15,16,24,25,26,27,34,35,36,37,44,45,46
995,14,15,16,24,25,26,27,34,35,36,37,44,45,46
996,14,15,16,24,25,26,27,34,35,36,37,44,45,46
997,14,15,16,24,25,26,27,34,35,36,37,44,45,46
998,14,15,16,24,25,26,27,34,35,36,37,44,45,46
999,14,15,16,24,25,26,27,34,35,36,37,44,45,46
1000,14,15,16,24,25,26,27,34,35,36,37,44,45,46
1001,14,15,16,24,25,26,27,34,35,36,37,44,45,46
1002,14,15,16,24,25,26,27,34,35,36,37,44,45,46
1003,14,15,16,24,25,26,27,34,35,36,37,45,46
1004,14,15,16,24,25,26,27,34,35,36,37,45,46
1005,14,15,16,24,25,26,27,34,35,36,37,45,46
1006,14,15,16,24,25,26,27,34,35,36,37,45,46
1007,14,15,16,24,25,26,27,34,35,36,37,45,46
1008,14,15,16,24,25,26,27,34,35,36,37,45,46
1009,14,15,16,24,25,26,27,34,35,36,37,45,46
1010,14,15,16,24,25,26,27,34,35,36,37,45,46
1011,14,15,16,17,24,25,26,27,34,35,36,37,45,46
1012,14,15,16,17,24,25,26,27,34,35,36,37,45,46
1013,14,15,16,17,24,25,26,27,34,35,36,37,45,46
1014,14,15,16,17,24,25,26,27,34,35,36,37,45,46
1015,14,15,16,17,24,25,26,27,34,35,36,37
1016,14,15,16,17,24,25,26,27,34,35,36,37
1017,14,15,16,17,24,25,26,27,34,35,36,37
1018,14,15,16,17,24,25,26,27,34,35,36,37
1019,14,15,16,17,24,25,26,27,34,35,36,37
1020,14,15,16,17,24,25,26,27,34,35,36,37
1021,14,15,16,17,24,25,26,27,34,35,36,37
1022,14,15,16,17,24,25,26,27,34,35,36,37
1023,14,15,16,17,24,25,26,27,34,35,36,37
1024,14,15,16,17,24,25,26,27,34,35,36,37
1025,14,15,16,17,24,25,26,27,34,35,36,37
1026,14,15,16,17,24,25,26,27,34,35,36,37
1027,14,15,16,17,24,25,26,27,34,35,36,37
1028,14,15,16,17,24,25,26,27,34,35,36,37
1029,14,15,16,17,24,25,26,27,34,35,36,37
1030,14,15,16,17,24,25,26,27,34,35,36,37
1031,14,15,16,17,24,25,26,27,34,35,36,37
1032,14,15,16,17,24,25,26,27,34,35,36,37
1033,14,15,16,17,24,25,26,27,34,35,36,37
1034,14,15,16,17,24,25,26,27,34,35,36,37
1035,14,15,16,17,24,25,26,27,34,35,36,37
1036,14,15,16,17,24,25,26,27,34,35,36,37
1037,14,15,16,17,24,25,26,27,34,35,36,37
1038,14,15,16,17,24,25,26,27,34,35,36,37
1039,14,15,16,17,24,25,26,27,34,35,36,37
1040,14,15,16,17,24,25,26,27,34,35,36,37
1041,14,15,16,17,24,25,26,27,34,35,36,37
1042,14,15,16,17,24,25,26,27,34,35,36,37
1043,14,15,16,17,24,25,26,27,34,35,36,37
1044,14,15,16,17,24,25,26,27,34,35,36,37
1045,14,15,16,17,24,25,26,27,34,35,36,37
1046,14,15,16,17,24,25,26,27,34,35,36,37
1047,14,15,16,17,24,25,26,27,34,35,36,37
1048,14,15,16,17,24,25,26,27,34,35,36,37
1049,14,15,16,17,24,25,26,27,34,35,36,37
1050,14,15,16,17,24,25,26,27,34,35,36,37
1051,14,15,16,17,24,25,26,27,34,35,36,37
1052,14,15,16,17,24,25,26,27,34,35,36,37
1053,14,15,16,17,24,25,26,27,34,35,36,37
1054,14,15,16,17,24,25,26,27,34,35,36,37
1055,14,15,16,17,24,25,26,27,34,35,36,37
1056,14,15,16,17,24,25,26,27,34,35,36,37
1057,14,15,16,17,24,25,26,27,34,35,36,37
1058,14,15,16,17,24,25,26,27,34,35,36,37
1059,14,15,16,17,24,25,26,27,34,35,36,37
1060,14,15,16,17,24,25,26,27,34,35,36,37
1061,14,15,16,17,24,25,26,27,34,35,36,37
1062,14,15,16,17,24,25,26,27,34,35,36,37
1063,14,15,16,17,24,25,26,27,34,35,36,37
1064,14,15,16,17,24,25,26,27,34,35,36,37
1065,14,15,16,17,24,25,26,27,34,35,36,37,45,46
1066,14,15,16,17,24,25,26,27,34,35,36,37,45,46
1067,14,15,16,17,24,25,26,27,34,35,36,37,45,46
1068,14,15,16,17,24,25,26,27,34,35,36,37,45,46
1069,14,15,16,17,24,25,26,27,34,35,36,37,45,46
1070,14,15,16,17,24,25,26,27,34,35,36,37,45,46
1071,14,15,16,17,24,25,26,27,34,35,36,37,45,46
1072,14,15,16,17,24,25,26,27,34,35,36,37,45,46
1073,14,15,16,17,24,25,26,27,34,35,36,37,45,46
1074,14,15,16,17,24,25,26,27,34,35,36,37,45,46
1075,14,15,16,17,24,25,26,27,34,35,36,37,45,46
1076,14,15,16,17,24,25,26,27,34,35,36,37,45,46
1077,14,15,16,17,24,25,26,27,34,35,36,37,45,46
1078,14,15,16,17,24,25,26,27,34,35,36,37,45,46
1079,14,15,16,17,24,25,26,27,34,35,36,37,45,46
1080,14,15,16,17,24,25,26,27,34,35,36,37,45,46
1081,14,15,16,17,24,25,26,27,34,35,36,37,45,46
1082,14,15,16,17,24,25,26,27,34,35,36,37,45,46
1083,14,15,16,17,24,25,26,27,34,35,36,37,45,46
1084,14,15,16,17,24,25,26,27,34,35,36,37,45,46
1085,14,15,16,17,24,25,26,27,34,35,36,37,45,46
1086,14,15,16,17,24,25,26,27,34,35,36,37,45,46
1087,14,15,16,17,24,25,26,27,34,35,36,37
1088,14,15,16,17,24,25,26,27,34,35,36,37
1089,6,14,15,16,17,24,25,26,27,34,35,36,37
1090,6,14,15,16,17,24,25,26,27,34,35,36,37
1091,5,6,14,15,16,17,24,25,26,27,34,35,36,37
1092,5,6,14,15,16,17,24,25,26,27,34,35,36,37
1093,5,6,14,15,16,17,24,25,26,27,34,35,36,37
1094,5,6,14,15,16,17,24,25,26,27,34,35,36,37
1095,5,6,14,15,16,17,24,25,26,27,34,35,36,37
1096,5,6,14,15,16,17,24,25,26,27,34,35,36,37
1097,5,6,14,15,16,17,24,25,26,27,34,35,36,37
1098,5,6,14,15,16,17,24,25,26,27,34,35,36,37
1099,5,6,14,15,16,17,24,25,26,27,34,35,36,37
1100,5,6,14,15,16,17,24,25,26,27,34,35,36,37
1101,5,6,14,15,16,17,24,25,26,27,34,35,36,37
1102,5,6,14,15,16,17,24,25,26,27,34,35,36,37
1103,5,6,14,15,16,17,24,25,26,27,34,35,36,37
1104,5,6,14,15,16,17,24,25,26,27,34,35,36,37
1105,5,6,14,15,16,17,24,25,26,27,34,35,36,37
1106,5,6,14,15,16,17,24,25,26,27,34,35,36,37
1107,5,6,14,15,16,17,24,25,26,27,34,35,36,37
1108,5,6,14,15,16,17,24,25,26,27,34,35,36,37
1109,5,6,14,15,16,17,24,25,26,27,34,35,36,37
1110,5,6,14,15,16,17,24,25,26,27,34,35,36,37
1111,5,6,14,15,16,17,24,25,26,27,34,35,36,37
1112,5,6,14,15,16,17,24,25,26,27,34,35,36,37
1113,5,6,14,15,16,17,24,25,26,27,34,35,36,37
1114,5,6,14,15,16,17,24,25,26,27,34,35,36,37
1115,5,6,14,15,16,17,24,25,26,27,34,35,36,37
1116,5,6,14,15,16,17,24,25,26,27,34,35,36,37
1117,6,14,15,16,17,24,25,26,27,34,35,36,37
1118,6,14,15,16,17,24,25,26,27,34,35,36,37
1119,6,14,15,16,17,24,25,26,27,34,35,36,37
1120,6,14,15,16,17,24,25,26,27,34,35,36,37
1121,6,14,15,16,17,24,25,26,27,34,35,36,37
1122,6,14,15,16,17,24,25,26,27,34,35,36,37
1123,6,14,15,16,17,24,25,26,27,34,35,36,37
1124,6,14,15,16,17,24,25,26,27,34,35,36,37
1125,6,14,15,16,17,24,25,26,27,34,35,36,37
1126,6,14,15,16,17,24,25,26,27,34,35,36,37
1127,14,15,16,17,24,25,26,27,34,35,36,37
1128,14,15,16,17,24,25,26,27,34,35,36,37
1129,14,15,16,17,24,25,26,27,34,35,36,37
1130,14,15,16,17,24,25,26,27,34,35,36,37
1131,14,15,16,17,24,25,26,27,34,35,36,37
1132,14,15,16,17,24,25,26,27,34,35,36,37
1133,14,15,16,17,24,25,26,27,34,35,36,37
1134,14,15,16,17,24,25,26,27,34,35,36,37
1135,14,15,16,17,24,25,26,27,34,35,36,37,45,46
1136,14,15,16,17,24,25,26,27,34,35,36,37,45,46
1137,14,15,16,17,24,25,26,27,34,35,36,37,45,46
1138,14,15,16,17,24,25,26,27,34,35,36,37,45,46
1139,14,15,16,17,24,25,26,27,34,35,36,37,45,46
1140,14,15,16,17,24,25,26,27,34,35,36,37,45,46
1141,14,15,16,17,24,25,26,27,34,35,36,37,45,46
1142,14,15,16,17,24,25,26,27,34,35,36,37,45,46
1143,14,15,16,17,24,25,26,27,34,35,36,37,45,46
1144,14,15,16,17,24,25,26,27,34,35,36,37,45,46
1145,14,15,16,17,24,25,26,27,34,35,36,37,45,46
1146,14,15,16,17,24,25,26,27,34,35,36,37,45,46
1147,14,15,16,17,24,25,26,27,34,35,36,37,45,46
1148,14,15,16,17,24,25,26,27,34,35,36,37,45,46
1149,14,15,16,17,24,25,26,27,34,35,36,37,45,46
1150,14,15,16,17,24,25,26,27,34,35,36,37,45,46
1151,14,15,16,17,24,25,26,27,34,35,36,37,45,46
1152,14,15,16,17,24,25,26,27,34,35,36,37,45,46
1153,14,15,16,24,25,26,27,34,35,36,37,45,46
1154,14,15,16,24,25,26,27,34,35,36,37,45,46
1155,14,15,16,24,25,26,27,34,35,36,37,45,46
1156,14,15,16,24,25,26,27,34,35,36,37,45,46
1157,14,15,16,24,25,26,27,34,35,36,37,45,46
1158,14,15,16,24,25,26,27,34,35,36,37,45,46
1159,14,15,16,24,25,26,27,34,35,36,37,45,46
1160,14,15,16,24,25,26,27,34,35,36,37,45,46
1161,14,15,16,24,25,26,27,34,35,36,37,45,46
1162,14,15,16,24,25,26,27,34,35,36,37,45,46
1163,14,15,16,24,25,26,34,35,36,44,45,46
1164,14,15,16,24,25,26,34,35,36,44,45,46
1165,14,15,16,24,25,26,34,35,36,44,45,46
1166,14,15,16,24,25,26,34,35,36,44,45,46
1167,14,15,16,23,24,25,26,33,34,35,36,44,45,46
1168,14,15,16,23,24,25,26,33,34,35,36,44,45,46
1169,14,15,16,23,24,25,26,33,34,35,36,44,45
1170,14,15,16,23,24,25,26,33,34,35,36,44,45
1171,13,14,15,16,23,24,25,26,33,34,35,36,44,45
1172,13,14,15,16,23,24,25,26,33,34,35,36,44,45
1173,13,14,15,16,23,24,25,26,33,34,35,36,44,45
1174,13,14,15,16,23,24,25,26,33,34,35,36,44,45
1175,13,14,15,16,23,24,25,26,33,34,35,36,44,45
1176,13,14,15,16,23,24,25,26,33,34,35,36,44,45
1177,13,14,15,16,23,24,25,26,33,34,35,36,44,45
1178,13,14,15,16,23,24,25,26,33,34,35,36,44,45
1179,13,14,15,16,23,24,25,26,33,34,35,36,44,45
1180,13,14,15,16,23,24,25,26,33,34,35,36,44,45
1181,13,14,15,23,24,25,26,33,34,35,36,44,45
1182,13,14,15,23,24,25,26,33,34,35,36,44,45
1183,13,14,15,23,24,25,26,33,34,35,36,44,45
1184,13,14,15,23,24,25,26,33,34,35,36,44,45
1185,13,14,15,23,24,25,26,33,34,35,36,44,45
1186,13,14,15,23,24,25,26,33,34,35,36,44,45
1187,13,14,15,23,24,25,26,33,34,35,43,44,45
1188,13,14,15,23,24,25,26,33,34,35,43,44,45
1189,13,14,15,23,24,25,33,34,35,43,44,45
1190,13,14,15,23,24,25,33,34,35,43,44,45
1191,13,14,15,23,24,25,33,34,35,43,44,45
1192,13,14,15,23,24,25,33,34,35,43,44,45
1193,13,14,15,22,23,24,25,33,34,35,43,44,45
1194,13,14,15,22,23,24,25,33,34,35,43,44,45
1195,13,14,15,22,23,24,25,32,33,34,35,43,44,45
1196,13,14,15,22,23,24,25,32,33,34,35,43,44,45
1197,13,14,15,22,23,24,25,32,33,34,35,43,44,45
1198,13,14,15,22,23,24,25,32,33,34,35,43,44,45
1199,13,14,15,22,23,24,25,32,33,34,35,43,44,45
1200,13,14,15,22,23,24,25,32,33,34,35,43,44,45
1201,13,14,15,22,23,24,25,32,33,34,35,43,44,45
1202,13,14,15,22,23,24,25,32,33,34,35,43,44,45
1203,13,14,15,22,23,24,25,32,33,34,35,43,44,45
1204,13,14,15,22,23,24,25,32,33,34,35,43,44,45
1205,13,14,15,22,23,24,25,32,33,34,35,43,44,45
1206,13,14,15,22,23,24,25,32,33,34,35,43,44,45
1207,13,14,15,23,24,25,33,34,35,43,44,45
1208,13,14,15,23,24,25,33,34,35,43,44,45
1209,13,14,15,23,24,25,33,34,35,43,44,45
1210,13,14,15,23,24,25,33,34,35,43,44,45
1211,13,14,15,23,24,25,33,34,35,43,44,45
1212,13,14,15,23,24,25,33,34,35,43,44,45
1213,13,14,15,23,24,25,33,34,35,43,44,45
1214,13,14,15,23,24,25,33,34,35,43,44,45
1215,13,14,15,23,24,25,33,34,35,43,44,45
1216,13,14,15,23,24,25,33,34,35,43,44,45
1217,13,14,15,23,24,25,26,33,34,35,36,43,44,45
1218,13,14,15,23,24,25,26,33,34,35,36,43,44,45
1219,13,14,15,23,24,25,26,33,34,35,36,44,45
1220,13,14,15,23,24,25,26,33,34,35,36,44,45
1221,13,14,15,23,24,25,26,33,34,35,36,44,45
1222,13,14,15,23,24,25,26,33,34,35,36,44,45
1223,13,14,15,16,23,24,25,26,33,34,35,36,44,45
1224,13,14,15,16,23,24,25,26,33,34,35,36,44,45
1225,13,14,15,16,23,24,25,26,33,34,35,36,44,45
1226,13,14,15,16,23,24,25,26,33,34,35,36,44,45
1227,13,14,15,16,23,24,25,26,33,34,35,36,44,45
1228,13,14,15,16,23,24,25,26,33,34,35,36,44,45
1229,14,15,16,23,24,25,26,33,34,35,36,44,45
1230,14,15,16,23,24,25,26,33,34,35,36,44,45
1231,14,15,16,23,24,25,26,33,34,35,36,44,45
1232,14,15,16,23,24,25,26,33,34,35,36,44,45
1233,14,15,16,24,25,26,34,35,36,45
1234,14,15,16,24,25,26,34,35,36,45
1235,14,15,16,24,25,26,34,35,36,45
1236,14,15,16,24,25,26,34,35,36,45
1237,14,15,16,24,25,26,34,35,36,45,46
1238,14,15,16,24,25,26,34,35,36,45,46
1239,14,15,16,24,25,26,27,34,35,36,45,46
1240,14,15,16,24,25,26,27,34,35,36,45,46
1241,14,15,16,24,25,26,27,34,35,36,37,45,46
1242,14,15,16,24,25,26,27,34,35,36,37,45,46
1243,14,15,16,24,25,26,27,34,35,36,37,45,46
1244,14,15,16,24,25,26,27,34,35,36,37,45,46
1245,14,15,16,24,25,26,27,34,35,36,37,45,46
1246,14,15,16,24,25,26,27,34,35,36,37,45,46
1247,14,15,16,24,25,26,27,34,35,36,37,45,46
1248,14,15,16,24,25,26,27,34,35,36,37,45,46
1249,14,15,16,24,25,26,27,34,35,36,37,45,46
1250,14,15,16,24,25,26,27,34,35,36,37,45,46
1251,14,15,16,17,24,25,26,27,34,35,36,37,45,46
1252,14,15,16,17,24,25,26,27,34,35,36,37,45,46
1253,14,15,16,17,24,25,26,27,34,35,36,37,45,46
1254,14,15,16,17,24,25,26,27,34,35,36,37,45,46
1255,14,15,16,17,24,25,26,27,34,35,36,37,45,46
1256,14,15,16,17,24,25,26,27,34,35,36,37,45,46
1257,14,15,16,17,24,25,26,27,34,35,36,37,45,46
1258,14,15,16,17,24,25,26,27,34,35,36,37,45,46
1259,14,15,16,17,24,25,26,27,34,35,36,37,45,46
1260,14,15,16,17,24,25,26,27,34,35,36,37,45,46
1261,14,15,16,17,24,25,26,27,34,35,36,37,45,46
1262,14,15,16,17,24,25,26,27,34,35,36,37,45,46
1263,14,15,16,17,24,25,26,27,34,35,36,37,45,46
1264,14,15,16,17,24,25,26,27,34,35,36,37,45,46
1265,14,15,16,17,24,25,26,27,34,35,36,37,45,46
1266,14,15,16,17,24,25,26,27,34,35,36,37,45,46
1267,14,15,16,17,24,25,26,27,34,35,36,37,45,46
1268,14,15,16,17,24,25,26,27,34,35,36,37,45,46
1269,14,15,16,17,24,25,26,27,34,35,36,37,45,46
1270,14,15,16,17,24,25,26,27,34,35,36,37,45,46
1271,14,15,16,17,24,25,26,27,34,35,36,37,45,46
1272,14,15,16,17,24,25,26,27,34,35,36,37,45,46
1273,14,15,16,17,24,25,26,27,34,35,36,37,45,46
1274,14,15,16,17,24,25,26,27,34,35,36,37,45,46
1275,14,15,16,17,24,25,26,27,34,35,36,37,45,46
1276,14,15,16,17,24,25,26,27,34,35,36,37,45,46
1277,14,15,16,17,24,25,26,27,34,35,36,37,45,46
1278,14,15,16,17,24,25,26,27,34,35,36,37,45,46
1279,14,15,16,17,24,25,26,27,34,35,36,37,45,46
1280,14,15,16,17,24,25,26,27,34,35,36,37,45,46
1281,14,15,16,17,24,25,26,27,34,35,36,37,45,46
1282,14,15,16,17,24,25,26,27,34,35,36,37,45,46
1283,14,15,16,17,24,25,26,27,34,35,36,37,45,46
1284,14,15,16,17,24,25,26,27,34,35,36,37,45,46
1285,14,15,16,24,25,26,27,34,35,36,37,45,46
1286,14,15,16,24,25,26,27,34,35,36,37,45,46
1287,14,15,16,24,25,26,27,34,35,36,37,44,45,46
1288,14,15,16,24,25,26,27,34,35,36,37,44,45,46
1289,14,15,16,24,25,26,27,34,35,36,37,44,45,46
1290,14,15,16,24,25,26,27,34,35,36,37,44,45,46
1291,14,15,16,24,25,26,27,34,35,36,37,44,45,46
1292,14,15,16,24,25,26,27,34,35,36,37,44,45,46
1293,14,15,16,24,25,26,27,34,35,36,37,44,45,46
1294,14,15,16,24,25,26,27,34,35,36,37,44,45,46
1295,14,15,16,24,25,26,27,34,35,36,37,44,45,46
1296,14,15,16,24,25,26,27,34,35,36,37,44,45,46
1297,14,15,16,24,25,26,27,34,35,36,37,44,45,46
1298,14,15,16,24,25,26,27,34,35,36,37,44,45,46
1299,14,15,16,24,25,26,27,34,35,36,37,44,45,46
1300,14,15,16,24,25,26,27,34,35,36,37,44,45,46
1301,14,15,16,24,25,26,27,34,35,36,37,45,46
1302,14,15,16,24,25,26,27,34,35,36,37,45,46
1303,14,15,16,24,25,26,27,34,35,36,37,45,46
1304,14,15,16,24,25,26,27,34,35,36,37,45,46
1305,14,15,16,24,25,26,27,34,35,36,37,45,46
1306,14,15,16,24,25,26,27,34,35,36,37,45,46
1307,14,15,16,24,25,26,27,34,35,36,37,45,46
1308,14,15,16,24,25,26,27,34,35,36,37,45,46
1309,14,15,16,24,25,26,27,34,35,36,37,45,46
1310,14,15,16,24,25,26,27,34,35,36,37,45,46
1311,14,15,16,24,25,26,27,34,35,36,37,45,46
1312,14,15,16,24,25,26,27,34,35,36,37,45,46
1313,14,15,16,24,25,26,27,34,35,36,37,45,46
1314,14,15,16,24,25,26,27,34,35,36,37,45,46
1315,14,15,16,24,25,26,27,34,35,36,37,45,46
1316,14,15,16,24,25,26,27,34,35,36,37,45,46
1317,14,15,16,17,24,25,26,27,34,35,36,37,45,46
1318,14,15,16,17,24,25,26,27,34,35,36,37,45,46
1319,14,15,16,17,24,25,26,27,34,35,36,37
1320,14,15,16,17,24,25,26,27,34,35,36,37
1321,14,15,16,17,24,25,26,27,34,35,36,37
1322,14,15,16,17,24,25,26,27,34,35,36,37
1323,14,15,16,17,24,25,26,27,34,35,36,37
1324,14,15,16,17,24,25,26,27,34,35,36,37
1325,14,15,16,17,24,25,26,27,34,35,36,37
1326,14,15,16,17,24,25,26,27,34,35,36,37
1327,14,15,16,17,24,25,26,27,34,35,36,37
1328,14,15,16,17,24,25,26,27,34,35,36,37
1329,14,15,16,17,24,25,26,27,34,35,36,37
1330,14,15,16,17,24,25,26,27,34,35,36,37
1331,14,15,16,24,25,26,27,34,35,36,37
1332,14,15,16,24,25,26,27,34,35,36,37
1333,14,15,16,24,25,26,27,34,35,36
1334,14,15,16,24,25,26,27,34,35,36
1335,14,15,16,24,25,26,27,34,35,36
1336,14,15,16,24,25,26,27,34,35,36
1337,14,15,16,24,25,26,34,35,36
1338,14,15,16,24,25,26,34,35,36
1339,14,15,16,24,25,26,34,35,36
1340,14,15,16,24,25,26,34,35,36
1341,14,15,16,24,25,26,34,35,36
1342,14,15,16,24,25,26,34,35,36
1343,14,15,16,24,25,26,34,35,36
1344,14,15,16,24,25,26,34,35,36
1345,14,15,16,24,25,26,34,35,36,45
1346,14,15,16,24,25,26,34,35,36,45
1347,14,15,16,24,25,26,34,35,36,45
1348,14,15,16,24,25,26,34,35,36,45
1349,14,15,16,24,25,26,34,35,36,45
1350,14,15,16,24,25,26,34,35,36,45
1351,14,15,16,24,25,26,34,35,36,45
1352,14,15,16,24,25,26,34,35,36,45
1353,14,15,16,24,25,26,34,35,36,45
1354,14,15,16,24,25,26,34,35,36,45
1355,14,15,16,24,25,26,34,35,36,45
1356,14,15,16,24,25,26,34,35,36,45
1357,14,15,16,24,25,26,34,35,36,45
1358,14,15,16,24,25,26,34,35,36,45
1359,14,15,16,24,25,26,34,35,36,45
1360,14,15,16,24,25,26,34,35,36,45
1361,14,15,16,24,25,26,34,35,36,45
1362,14,15,16,24,25,26,34,35,36,45
1363,14,15,16,24,25,26,34,35,36,45
1364,14,15,16,24,25,26,34,35,36,45
1365,14,15,16,24,25,26,34,35,36,44,45
1366,14,15,16,24,25,26,34,35,36,44,45
1367,14,15,16,24,25,26,34,35,36,44,45
1368,14,15,16,24,25,26,34,35,36,44,45
1369,14,15,16,24,25,26,34,35,36,44,45
1370,14,15,16,24,25,26,34,35,36,44,45
1371,14,15,16,24,25,26,34,35,36,44,45
1372,14,15,16,24,25,26,34,35,36,44,45
1373,14,15,16,24,25,26,34,35,36,44,45,46
1374,14,15,16,24,25,26,34,35,36,44,45,46
1375,14,15,16,24,25,26,34,35,36,44,45,46
1376,14,15,16,24,25,26,34,35,36,44,45,46
1377,14,15,16,24,25,26,34,35,36,44,45
1378,14,15,16,24,25,26,34,35,36,44,45
1379,14,15,16,24,25,26,34,35,36,44,45
1380,14,15,16,24,25,26,34,35,36,44,45
1381,14,15,16,24,25,26,34,35,36,44,45
1382,14,15,16,24,25,26,34,35,36,44,45
1383,14,15,16,24,25,26,34,35,36,44,45
1384,14,15,16,24,25,26,34,35,36,44,45
1385,14,15,16,24,25,26,34,35,36,44,45,46
1386,14,15,16,24,25,26,34,35,36,44,45,46
1387,14,15,16,23,24,25,26,34,35,36,44,45,46
1388,14,15,16,23,24,25,26,34,35,36,44,45,46
1389,14,15,16,23,24,25,26,33,34,35,36,44,45
1390,14,15,16,23,24,25,26,33,34,35,36,44,45
1391,14,15,16,23,24,25,26,33,34,35,36,44,45
1392,14,15,16,23,24,25,26,33,34,35,36,44,45
1393,14,15,16,23,24,25,26,33,34,35,36,44,45
1394,14,15,16,23,24,25,26,33,34,35,36,44,45
1395,13,14,15,16,23,24,25,26,33,34,35,36,44,45
1396,13,14,15,16,23,24,25,26,33,34,35,36,44,45
1397,13,14,15,16,23,24,25,26,33,34,35,36,44,45
1398,13,14,15,16,23,24,25,26,33,34,35,36,44,45
1399,13,14,15,16,23,24,25,26,33,34,35,36,44,45
1400,13,14,15,16,23,24,25,26,33,34,35,36,44,45
1401,13,14,15,16,23,24,25,26,33,34,35,36,44,45
1402,13,14,15,16,23,24,25,26,33,34,35,36,44,45
1403,13,14,15,16,23,24,25,26,33,34,35,36,44,45
1404,13,14,15,16,23,24,25,26,33,34,35,36,44,45
1405,13,14,15,23,24,25,26,33,34,35,36,43,44,45
1406,13,14,15,23,24,25,26,33,34,35,36,43,44,45
1407,13,14,15,23,24,25,26,33,34,35,36,43,44,45
1408,13,14,15,23,24,25,26,33,34,35,36,43,44,45
1409,13,14,15,23,24,25,26,33,34,35,36,43,44,45
1410,13,14,15,23,24,25,26,33,34,35,36,43,44,45
1411,13,14,15,23,24,25,26,33,34,35,36,43,44,45
1412,13,14,15,23,24,25,26,33,34,35,36,43,44,45
1413,13,14,15,23,24,25,26,33,34,35,36,43,44,45
1414,13,14,15,23,24,25,26,33,34,35,36,43,44,45
1415,13,14,15,23,24,25,26,33,34,35,36,43,44,45
1416,13,14,15,23,24,25,26,33,34,35,36,43,44,45
1417,13,14,15,23,24,25,26,33,34,35,36,43,44,45
1418,13,14,15,23,24,25,26,33,34,35,36,43,44,45
1419,13,14,15,23,24,25,26,33,34,35,36,43,44,45
1420,13,14,15,23,24,25,26,33,34,35,36,43,44,45
1421,13,14,15,23,24,25,26,33,34,35,36,43,44,45
1422,13,14,15,23,24,25,26,33,34,35,36,43,44,45
1423,13,14,15,23,24,25,26,33,34,35,36,43,44,45
1424,13,14,15,23,24,25,26,33,34,35,36,43,44,45
1425,13,14,15,23,24,25,26,33,34,35,36,43,44,45
1426,13,14,15,23,24,25,26,33,34,35,36,43,44,45
1427,13,14,15,23,24,25,26,33,34,35,36,43,44,45
1428,13,14,15,23,24,25,26,33,34,35,36,43,44,45
1429,13,14,15,23,24,25,26,33,34,35,36,43,44,45
1430,13,14,15,23,24,25,26,33,34,35,36,43,44,45
1431,13,14,15,23,24,25,26,33,34,35,36,43,44,45
1432,13,14,15,23,24,25,26,33,34,35,36,43,44,45
1433,13,14,15,23,24,25,26,33,34,35,36,43,44,45
1434,13,14,15,23,24,25,26,33,34,35,36,43,44,45
1435,13,14,15,23,24,25,26,33,34,35,36,43,44,45
1436,13,14,15,23,24,25,26,33,34,35,36,43,44,45
1437,13,14,15,23,24,25,26,33,34,35,36,43,44,45
1438,13,14,15,23,24,25,26,33,34,35,36,43,44,45
1439,13,14,15,23,24,25,26,33,34,35,36,43,44,45
1440,13,14,15,23,24,25,26,33,34,35,36,43,44,45
1441,13,14,15,23,24,25,26,33,34,35,36,43,44,45
1442,13,14,15,23,24,25,26,33,34,35,36,43,44,45
1443,13,14,15,23,24,25,26,33,34,35,36,43,44,45
1444,13,14,15,23,24,25,26,33,34,35,36,43,44,45
1445,13,14,15,16,23,24,25,26,33,34,35,36,44,45
1446,13,14,15,16,23,24,25,26,33,34,35,36,44,45
1447,14,15,16,23,24,25,26,33,34,35,36,44,45,46
1448,14,15,16,23,24,25,26,33,34,35,36,44,45,46
1449,14,15,16,23,24,25,26,33,34,35,36,44,45,46
1450,14,15,16,23,24,25,26,33,34,35,36,44,45,46
1451,14,15,16,23,24,25,26,33,34,35,36,44,45,46
1452,14,15,16,23,24,25,26,33,34,35,36,44,45,46
1453,14,15,16,23,24,25,26,33,34,35,36,44,45,46
1454,14,15,16,23,24,25,26,33,34,35,36,44,45,46
1455,14,15,16,23,24,25,26,33,34,35,36,44,45,46
1456,14,15,16,23,24,25,26,33,34,35,36,44,45,46
1457,14,15,16,23,24,25,26,33,34,35,36,44,45,46
1458,14,15,16,23,24,25,26,33,34,35,36,44,45,46
1459,14,15,16,23,24,25,26,33,34,35,36,44,45,46
1460,14,15,16,23,24,25,26,33,34,35,36,44,45,46
1461,14,15,16,23,24,25,26,33,34,35,36,44,45,46
1462,14,15,16,23,24,25,26,33,34,35,36,44,45,46
1463,14,15,16,23,24,25,26,33,34,35,36,44,45,46
1464,14,15,16,23,24,25,26,33,34,35,36,44,45,46
1465,14,15,16,23,24,25,26,33,34,35,36,44,45,46
1466,14,15,16,23,24,25,26,33,34,35,36,44,45,46
1467,14,15,16,23,24,25,26,33,34,35,36,44,45,46
1468,14,15,16,23,24,25,26,33,34,35,36,44,45,46
1469,14,15,16,23,24,25,26,33,34,35,36,44,45,46
1470,14,15,16,23,24,25,26,33,34,35,36,44,45,46
1471,14,15,16,23,24,25,26,33,34,35,36,44,45,46
1472,14,15,16,23,24,25,26,33,34,35,36,44,45,46
1473,14,15,16,23,24,25,26,33,34,35,36,44,45,46
1474,14,15,16,23,24,25,26,33,34,35,36,44,45,46
1475,14,15,16,24,25,26,34,35,36,44,45,46
1476,14,15,16,24,25,26,34,35,36,44,45,46
1477,14,15,16,24,25,26,34,35,36,44,45,46
1478,14,15,16,24,25,26,34,35,36,44,45,46
1479,14,15,16,24,25,26,27,34,35,36,44,45,46
1480,14,15,16,24,25,26,27,34,35,36,44,45,46
1481,14,15,16,24,25,26,27,34,35,36,37,45,46
1482,14,15,16,24,25,26,27,34,35,36,37,45,46
1483,14,15,16,24,25,26,27,34,35,36,37,45,46
1484,14,15,16,24,25,26,27,34,35,36,37,45,46
1485,14,15,16,24,25,26,27,34,35,36,37,45,46
1486,14,15,16,24,25,26,27,34,35,36,37,45,46
1487,14,15,16,24,25,26,27,34,35,36,37,45,46
1488,14,15,16,24,25,26,27,34,35,36,37,45,46
1489,14,15,16,24,25,26,27,34,35,36,37,45,46
1490,14,15,16,24,25,26,27,34,35,36,37,45,46
1491,14,15,16,24,25,26,27,34,35,36,37,45,46
1492,14,15,16,24,25,26,27,34,35,36,37,45,46
1493,14,15,16,24,25,26,27,34,35,36,37,45,46
1494,14,15,16,24,25,26,27,34,35,36,37,45,46
1495,14,15,16,17,24,25,26,27,34,35,36,37,45,46
1496,14,15,16,17,24,25,26,27,34,35,36,37,45,46
1497,14,15,16,17,24,25,26,27,34,35,36,37,45,46
1498,14,15,16,17,24,25,26,27,34,35,36,37,45,46
1499,15,16,17,24,25,26,27,34,35,36,37,45,46
1500,15,16,17,24,25,26,27,34,35,36,37,45,46
1501,15,16,17,25,26,27,35,36,37,45,46,47
1502,15,16,17,25,26,27,35,36,37,45,46,47
1503,15,16,17,25,26,27,28,35,36,37,38,45,46,47
1504,15,16,17,25,26,27,28,35,36,37,38,45,46,47
1505,15,16,17,25,26,27,28,35,36,37,38,45,46,47
1506,15,16,17,25,26,27,28,35,36,37,38,45,46,47
1507,15,16,17,25,26,27,28,35,36,37,38,45,46,47,48
1508,15,16,17,25,26,27,28,35,36,37,38,45,46,47,48
1509,16,17,18,25,26,27,28,35,36,37,38,45,46,47,48
1510,16,17,18,25,26,27,28,35,36,37,38,45,46,47,48
1511,16,17,18,25,26,27,28,35,36,37,38,46,47,48
1512,16,17,18,25,26,27,28,35,36,37,38,46,47,48
1513,16,17,18,25,26,27,28,35,36,37,38,46,47,48
1514,16,17,18,25,26,27,28,35,36,37,38,46,47,48
1515,16,17,18,25,26,27,28,35,36,37,38,46,47,48
1516,16,17,18,25,26,27,28,35,36,37,38,46,47,48
1517,16,17,18,25,26,27,28,35,36,37,38,46,47,48
1518,16,17,18,25,26,27,28,35,36,37,38,46,47,48
1519,16,17,18,25,26,27,28,35,36,37,38,45,46,47,48
1520,16,17,18,25,26,27,28,35,36,37,38,45,46,47,48
1521,16,17,25,26,27,28,35,36,37,38,45,46,47,48
1522,16,17,25,26,27,28,35,36,37,38,45,46,47,48
1523,16,17,25,26,27,28,35,36,37,38,45,46,47,48
1524,16,17,25,26,27,28,35,36,37,38,45,46,47,48
1525,16,17,25,26,27,28,35,36,37,38,45,46,47,48
1526,16,17,25,26,27,28,35,36,37,38,45,46,47,48
1527,16,17,25,26,27,28,35,36,37,38,45,46,47,48
1528,16,17,25,26,27,28,35,36,37,38,45,46,47,48
1529,15,16,17,25,26,27,28,35,36,37,38,45,46,47,48
1530,15,16,17,25,26,27,28,35,36,37,38,45,46,47,48
1531,15,16,17,25,26,27,28,35,36,37,38,45,46,47
1532,15,16,17,25,26,27,28,35,36,37,38,45,46,47
1533,15,16,17,25,26,27,28,35,36,37,38,45,46,47
1534,15,16,17,25,26,27,28,35,36,37,38,45,46,47
1535,15,16,17,25,26,27,28,35,36,37,38,45,46,47
1536,15,16,17,25,26,27,28,35,36,37,38,45,46,47
1537,15,16,17,25,26,27,28,35,36,37,38,45,46,47
1538,15,16,17,25,26,27,28,35,36,37,38,45,46,47
1539,15,16,17,25,26,27,28,35,36,37,38,45,46,47
1540,15,16,17,25,26,27,28,35,36,37,38,45,46,47
1541,15,16,17,25,26,27,28,35,36,37,38,45,46,47
1542,15,16,17,25,26,27,28,35,36,37,38,45,46,47
1543,16,17,25,26,27,28,35,36,37,38,45,46,47
1544,16,17,25,26,27,28,35,36,37,38,45,46,47
1545,16,17,25,26,27,28,35,36,37,38,45,46,47
1546,16,17,25,26,27,28,35,36,37,38,45,46,47
1547,16,17,25,26,27,28,35,36,37,38,45,46,47
1548,16,17,25,26,27,28,35,36,37,38,45,46,47
1549,15,16,17,25,26,27,28,35,36,37,38,45,46,47
1550,15,16,17,25,26,27,28,35,36,37,38,45,46,47
1551,15,16,17,25,26,27,35,36,37,45,46,47
1552,15,16,17,25,26,27,35,36,37,45,46,47
1553,15,16,17,25,26,27,35,36,37,45,46,47
1554,15,16,17,25,26,27,35,36,37,45,46,47
1555,15,16,17,25,26,27,35,36,37,45,46,47
1556,15,16,17,25,26,27,35,36,37,45,46,47
1557,15,16,17,24,25,26,27,34,35,36,37,45,46,47
1558,15,16,17,24,25,26,27,34,35,36,37,45,46,47
1559,15,16,17,24,25,26,27,34,35,36,37,45,46,47
1560,15,16,17,24,25,26,27,34,35,36,37,45,46,47
1561,15,16,17,24,25,26,27,34,35,36,37,45,46,47
1562,15,16,17,24,25,26,27,34,35,36,37,45,46,47
1563,15,16,17,25,26,27,35,36,37,45,46,47
1564,15,16,17,25,26,27,35,36,37,45,46,47
1565,15,16,17,25,26,27,35,36,37,45,46,47
1566,15,16,17,25,26,27,35,36,37,45,46,47
1567,15,16,17,25,26,27,35,36,37,45,46,47
1568,15,16,17,25,26,27,35,36,37,45,46,47
1569,15,16,17,25,26,27,35,36,37,45,46,47
1570,15,16,17,25,26,27,35,36,37,45,46,47
1571,15,16,17,25,26,27,35,36,37,45,46,47
1572,15,16,17,25,26,27,35,36,37,45,46,47
1573,15,16,17,25,26,27,35,36,37,45,46,47
1574,15,16,17,25,26,27,35,36,37,45,46,47
1575,15,16,17,25,26,27,35,36,37,45,46,47
1576,15,16,17,25,26,27,35,36,37,45,46,47
1577,15,16,17,25,26,27,35,36,37,45,46,47
1578,15,16,17,25,26,27,35,36,37,45,46,47
1579,15,16,17,25,26,27,35,36,37,45,46,47
1580,15,16,17,25,26,27,35,36,37,45,46,47
1581,15,16,17,25,26,27,35,36,37,45,46,47
1582,15,16,17,25,26,27,35,36,37,45,46,47
1583,15,16,17,25,26,27,35,36,37,45,46,47
1584,15,16,17,25,26,27,35,36,37,45,46,47
1585,15,16,17,25,26,27,35,36,37,45,46
1586,15,16,17,25,26,27,35,36,37,45,46
1587,15,16,17,24,25,26,27,35,36,37,46
1588,15,16,17,24,25,26,27,35,36,37,46
1589,6,15,16,17,24,25,26,27,35,36,37
1590,6,15,16,17,24,25,26,27,35,36,37
1591,6,14,15,16,17,24,25,26,27,35,36,37
1592,6,14,15,16,17,24,25,26,27,35,36,37
1593,6,14,15,16,17,24,25,26,27,35,36,37
1594,6,14,15,16,17,24,25,26,27,35,36,37
1595,6,14,15,16,17,24,25,26,27,35,36,37
1596,6,14,15,16,17,24,25,26,27,35,36,37
1597,6,14,15,16,17,24,25,26,27,35,36,37
1598,6,14,15,16,17,24,25,26,27,35,36,37
1599,6,14,15,16,17,24,25,26,27,35,36,37
1600,6,14,15,16,17,24,25,26,27,35,36,37
1601,14,15,16,17,24,25,26,27,35,36,37
1602,14,15,16,17,24,25,26,27,35,36,37
1603,15,16,17,24,25,26,27,35,36,37
1604,15,16,17,24,25,26,27,35,36,37
1605,15,16,17,24,25,26,27,34,35,36,37
1606,15,16,17,24,25,26,27,34,35,36,37
1607,15,16,17,24,25,26,27,34,35,36,37,45,46
1608,15,16,17,24,25,26,27,34,35,36,37,45,46
1609,15,16,17,24,25,26,27,34,35,36,37,45,46
1610,15,16,17,24,25,26,27,34,35,36,37,45,46
1611,15,16,17,24,25,26,27,34,35,36,37,45,46
1612,15,16,17,24,25,26,27,34,35,36,37,45,46
1613,15,16,17,24,25,26,27,34,35,36,37,45,46
1614,15,16,17,24,25,26,27,34,35,36,37,45,46
1615,15,16,17,24,25,26,27,34,35,36,37,45,46
1616,15,16,17,24,25,26,27,34,35,36,37,45,46
1617,15,16,17,24,25,26,27,34,35,36,37,45,46
1618,15,16,17,24,25,26,27,34,35,36,37,45,46
1619,15,16,17,24,25,26,27,34,35,36,37,45,46
1620,15,16,17,24,25,26,27,34,35,36,37,45,46
1621,15,16,17,24,25,26,27,34,35,36,37,45,46
1622,15,16,17,24,25,26,27,34,35,36,37,45,46
1623,15,16,17,24,25,26,27,34,35,36,37,45,46
1624,15,16,17,24,25,26,27,34,35,36,37,45,46
1625,15,16,17,24,25,26,27,34,35,36,37,45,46
1626,15,16,17,24,25,26,27,34,35,36,37,45,46
1627,14,15,16,17,24,25,26,27,34,35,36,37,45,46
1628,14,15,16,17,24,25,26,27,34,35,36,37,45,46
1629,14,15,16,17,24,25,26,27,34,35,36,37,45,46
1630,14,15,16,17,24,25,26,27,34,35,36,37,45,46
1631,14,15,16,17,24,25,26,27,34,35,36,37,45,46
1632,14,15,16,17,24,25,26,27,34,35,36,37,45,46
1633,14,15,16,17,24,25,26,27,34,35,36,37,45,46
1634,14,15,16,17,24,25,26,27,34,35,36,37,45,46
1635,14,15,16,17,24,25,26,27,34,35,36,37,45,46
1636,14,15,16,17,24,25,26,27,34,35,36,37,45,46
1637,14,15,16,17,24,25,26,27,34,35,36,37,45,46
1638,14,15,16,17,24,25,26,27,34,35,36,37,45,46
1639,14,15,16,17,24,25,26,27,34,35,36,37,45,46
1640,14,15,16,17,24,25,26,27,34,35,36,37,45,46
1641,14,15,16,17,24,25,26,27,34,35,36,37,45,46
1642,14,15,16,17,24,25,26,27,34,35,36,37,45,46
1643,14,15,16,17,24,25,26,27,34,35,36,37,45,46
1644,14,15,16,17,24,25,26,27,34,35,36,37,45,46
1645,14,15,16,17,24,25,26,27,34,35,36,37,45,46
1646,14,15,16,17,24,25,26,27,34,35,36,37,45,46
1647,14,15,16,17,24,25,26,27,34,35,36,37,45,46
1648,14,15,16,17,24,25,26,27,34,35,36,37,45,46
1649,14,15,16,17,24,25,26,27,34,35,36,37,45,46
1650,14,15,16,17,24,25,26,27,34,35,36,37,45,46
1651,14,15,16,17,24,25,26,27,34,35,36,37,45,46
1652,14,15,16,17,24,25,26,27,34,35,36,37,45,46
1653,15,16,17,24,25,26,27,34,35,36,37,45,46
1654,15,16,17,24,25,26,27,34,35,36,37,45,46
1655,15,16,17,24,25,26,27,34,35,36,37,45,46
1656,15,16,17,24,25,26,27,34,35,36,37,45,46
1657,15,16,17,24,25,26,27,34,35,36,37,45,46
1658,15,16,17,24,25,26,27,34,35,36,37,45,46
1659,15,16,17,24,25,26,27,34,35,36,37,45,46,47
1660,15,16,17,24,25,26,27,34,35,36,37,45,46,47
1661,15,16,17,24,25,26,27,34,35,36,37,45,46,47
1662,15,16,17,24,25,26,27,34,35,36,37,45,46,47
1663,15,16,17,24,25,26,27,34,35,36,37,45,46,47
1664,15,16,17,24,25,26,27,34,35,36,37,45,46,47
1665,15,16,17,24,25,26,27,34,35,36,37,45,46,47
1666,15,16,17,24,25,26,27,34,35,36,37,45,46,47
1667,15,16,17,24,25,26,27,34,35,36,37,45,46,47
1668,15,16,17,24,25,26,27,34,35,36,37,45,46,47
1669,15,16,17,24,25,26,27,34,35,36,37,45,46,47
1670,15,16,17,24,25,26,27,34,35,36,37,45,46,47
1671,15,16,17,24,25,26,27,34,35,36,37,45,46,47
1672,15,16,17,24,25,26,27,34,35,36,37,45,46,47
1673,15,16,17,24,25,26,27,34,35,36,37,45,46,47
1674,15,16,17,24,25,26,27,34,35,36,37,45,46,47
1675,15,16,17,24,25,26,27,34,35,36,37,45,46,47
1676,15,16,17,24,25,26,27,34,35,36,37,45,46,47
1677,15,16,17,24,25,26,27,34,35,36,37,45,46,47
1678,15,16,17,24,25,26,27,34,35,36,37,45,46,47
1679,15,16,17,24,25,26,27,34,35,36,37,45,46,47
1680,15,16,17,24,25,26,27,34,35,36,37,45,46,47
1681,15,16,17,24,25,26,27,34,35,36,37,45,46,47
1682,15,16,17,24,25,26,27,34,35,36,37,45,46,47
1683,15,16,17,24,25,26,27,34,35,36,37,45,46,47
1684,15,16,17,24,25,26,27,34,35,36,37,45,46,47
1685,15,16,17,24,25,26,27,34,35,36,37,45,46,47
1686,15,16,17,24,25,26,27,34,35,36,37,45,46,47
1687,15,16,17,24,25,26,27,34,35,36,37,45,46,47
1688,15,16,17,24,25,26,27,34,35,36,37,45,46,47
1689,15,16,17,24,25,26,27,34,35,36,37,45,46,47
1690,15,16,17,24,25,26,27,34,35,36,37,45,46,47
1691,15,16,17,24,25,26,27,34,35,36,37,45,46,47
1692,15,16,17,24,25,26,27,34,35,36,37,45,46,47
1693,15,16,17,24,25,26,27,34,35,36,37,45,46,47
1694,15,16,17,24,25,26,27,34,35,36,37,45,46,47
1695,15,16,17,24,25,26,27,34,35,36,37,45,46,47
1696,15,16,17,24,25,26,27,34,35,36,37,45,46,47
1697,15,16,17,24,25,26,27,34,35,36,37,45,46,47
1698,15,16,17,24,25,26,27,34,35,36,37,45,46,47
1699,15,16,17,24,25,26,27,34,35,36,37,45,46,47
1700,15,16,17,24,25,26,27,34,35,36,37,45,46,47
1701,15,16,17,24,25,26,27,34,35,36,37,45,46,47
1702,15,16,17,24,25,26,27,34,35,36,37,45,46,47
1703,15,16,17,24,25,26,27,34,35,36,37,45,46,47
1704,15,16,17,24,25,26,27,34,35,36,37,45,46,47
1705,15,16,17,24,25,26,27,34,35,36,37,45,46
1706,15,16,17,24,25,26,27,34,35,36,37,45,46
1707,15,16,17,24,25,26,27,34,35,36,37,45,46
1708,15,16,17,24,25,26,27,34,35,36,37,45,46
1709,15,16,17,24,25,26,27,34,35,36,37,45,46
1710,15,16,17,24,25,26,27,34,35,36,37,45,46
1711,15,16,17,24,25,26,27,34,35,36,37,46
1712,15,16,17,24,25,26,27,34,35,36,37,46
1713,15,16,17,24,25,26,27,35,36,37
1714,15,16,17,24,25,26,27,35,36,37
1715,6,14,15,16,17,24,25,26,27,35,36,37
1716,6,14,15,16,17,24,25,26,27,35,36,37
1717,6,14,15,16,17,24,25,26,27,35,36,37
1718,6,14,15,16,17,24,25,26,27,35,36,37
1719,6,14,15,16,17,24,25,26,27,35,36,37
1720,6,14,15,16,17,24,25,26,27,35,36,37
1721,6,14,15,16,17,24,25,26,27,35,36,37
1722,6,14,15,16,17,24,25,26,27,35,36,37
1723,6,14,15,16,17,24,25,26,27,35,36,37
1724,6,14,15,16,17,24,25,26,27,35,36,37
1725,6,14,15,16,17,24,25,26,27,35,36,37
1726,6,14,15,16,17,24,25,26,27,35,36,37
1727,6,14,15,16,17,24,25,26,27,35,36,37
1728,6,14,15,16,17,24,25,26,27,35,36,37
1729,6,14,15,16,17,24,25,26,27,35,36,37
1730,6,14,15,16,17,24,25,26,27,35,36,37
1731,6,14,15,16,17,24,25,26,27,35,36,37
1732,6,14,15,16,17,24,25,26,27,35,36,37
1733,6,14,15,16,17,24,25,26,27,35,36,37
1734,6,14,15,16,17,24,25,26,27,35,36,37
1735,6,14,15,16,17,24,25,26,27,35,36,37
1736,6,14,15,16,17,24,25,26,27,35,36,37
1737,6,14,15,16,17,24,25,26,27,34,35,36,37
1738,6,14,15,16,17,24,25,26,27,34,35,36,37
1739,6,14,15,16,17,24,25,26,27,34,35,36,37
1740,6,14,15,16,17,24,25,26,27,34,35,36,37
1741,14,15,16,17,24,25,26,27,34,35,36,37
1742,14,15,16,17,24,25,26,27,34,35,36,37
1743,14,15,16,17,24,25,26,27,34,35,36,37,46
1744,14,15,16,17,24,25,26,27,34,35,36,37,46
1745,14,15,16,17,24,25,26,27,34,35,36,37,45,46
1746,14,15,16,17,24,25,26,27,34,35,36,37,45,46
1747,15,16,17,24,25,26,27,34,35,36,37,45,46
1748,15,16,17,24,25,26,27,34,35,36,37,45,46
1749,15,16,17,24,25,26,27,34,35,36,37,45,46
1750,15,16,17,24,25,26,27,34,35,36,37,45,46
1751,15,16,17,24,25,26,27,34,35,36,37,45,46
1752,15,16,17,24,25,26,27,34,35,36,37,45,46
1753,15,16,17,24,25,26,27,34,35,36,37,45,46
1754,15,16,17,24,25,26,27,34,35,36,37,45,46
1755,15,16,17,24,25,26,27,34,35,36,37,45,46
1756,15,16,17,24,25,26,27,34,35,36,37,45,46
1757,15,16,17,24,25,26,27,34,35,36,37,45,46
1758,15,16,17,24,25,26,27,34,35,36,37,45,46
1759,15,16,17,24,25,26,27,34,35,36,37,45,46
1760,15,16,17,24,25,26,27,34,35,36,37,45,46
1761,15,16,17,24,25,26,27,34,35,36,37,45,46
1762,15,16,17,24,25,26,27,34,35,36,37,45,46
1763,15,16,17,24,25,26,27,34,35,36,37,45,46
1764,15,16,17,24,25,26,27,34,35,36,37,45,46
1765,14,15,16,17,24,25,26,27,34,35,36,37,45,46
1766,14,15,16,17,24,25,26,27,34,35,36,37,45,46
1767,14,15,16,17,24,25,26,27,34,35,36,37
1768,14,15,16,17,24,25,26,27,34,35,36,37
1769,6,14,15,16,17,24,25,26,27,34,35,36,37
1770,6,14,15,16,17,24,25,26,27,34,35,36,37
1771,5,6,14,15,16,17,24,25,26,27,34,35,36,37
1772,5,6,14,15,16,17,24,25,26,27,34,35,36,37
1773,5,6,14,15,16,17,24,25,26,27,34,35,36,37
1774,5,6,14,15,16,17,24,25,26,27,34,35,36,37
1775,5,6,14,15,16,17,24,25,26,27,34,35,36
1776,5,6,14,15,16,17,24,25,26,27,34,35,36
1777,5,6,14,15,16,17,24,25,26,27,34,35,36
1778,5,6,14,15,16,17,24,25,26,27,34,35,36
1779,5,6,7,14,15,16,17,24,25,26,27,34,35,36
1780,5,6,7,14,15,16,17,24,25,26,27,34,35,36
1781,5,6,7,14,15,16,17,24,25,26,27,34,35,36
1782,5,6,7,14,15,16,17,24,25,26,27,34,35,36
1783,5,6,7,14,15,16,17,24,25,26,27,34,35,36
1784,5,6,7,14,15,16,17,24,25,26,27,34,35,36
1785,4,5,6,7,14,15,16,17,24,25,26,27,35,36
1786,4,5,6,7,14,15,16,17,24,25,26,27,35,36
1787,4,5,6,7,14,15,16,17,24,25,26,27,35,36
1788,4,5,6,7,14,15,16,17,24,25,26,27,35,36
1789,4,5,6,7,14,15,16,17,24,25,26,27,35,36
1790,4,5,6,7,14,15,16,17,24,25,26,27,35,36
1791,4,5,6,7,14,15,16,17,24,25,26,27,35,36
1792,4,5,6,7,14,15,16,17,24,25,26,27,35,36
1793,4,5,6,7,14,15,16,17,24,25,26,27,35,36
1794,4,5,6,7,14,15,16,17,24,25,26,27,35,36
1795,4,5,6,7,14,15,16,17,24,25,26,27,35,36
1796,4,5,6,7,14,15,16,17,24,25,26,27,35,36
1797,4,5,6,7,14,15,16,17,24,25,26,27,35,36
1798,4,5,6,7,14,15,16,17,24,25,26,27,35,36
1799,4,5,6,7,14,15,16,17,24,25,26,27,35,36
1800,4,5,6,7,14,15,16,17,24,25,26,27,35,36
