1,6,14,15,16,17,24,25,26,27,34,35,36,37
2,6,14,15,16,17,24,25,26,27,34,35,36,37
3,6,14,15,16,17,24,25,26,27,34,35,36,37
4,6,14,15,16,17,24,25,26,27,34,35,36,37
5,6,14,15,16,17,24,25,26,27,34,35,36,37
6,6,14,15,16,17,24,25,26,27,34,35,36,37
7,6,14,15,16,17,24,25,26,27,34,35,36,37
8,6,14,15,16,17,24,25,26,27,34,35,36,37
9,6,14,15,16,17,24,25,26,27,34,35,36,37
10,6,14,15,16,17,24,25,26,27,34,35,36,37
11,6,14,15,16,17,24,25,26,27,34,35,36,37
12,6,14,15,16,17,24,25,26,27,34,35,36,37
13,14,15,16,17,24,25,26,27,34,35,36,37
14,14,15,16,17,24,25,26,27,34,35,36,37
15,14,15,16,17,24,25,26,27,34,35,36,37
16,14,15,16,17,24,25,26,27,34,35,36,37
17,15,16,17,24,25,26,27,35,36,37
18,15,16,17,24,25,26,27,35,36,37
19,6,15,16,17,25,26,27,35,36,37
20,6,15,16,17,25,26,27,35,36,37
21,6,15,16,17,25,26,27,35,36,37
22,6,15,16,17,25,26,27,35,36,37
23,6,15,16,17,25,26,27,28,35,36,37
24,6,15,16,17,25,26,27,28,35,36,37
25,15,16,17,25,26,27,28,35,36,37
26,15,16,17,25,26,27,28,35,36,37
27,15,16,17,18,25,26,27,28,35,36,37
28,15,16,17,18,25,26,27,28,35,36,37
29,15,16,17,18,25,26,27,28,35,36,37
30,15,16,17,18,25,26,27,28,35,36,37
31,15,16,17,18,25,26,27,28,35,36,37
32,15,16,17,18,25,26,27,28,35,36,37
33,15,16,17,18,25,26,27,28,35,36,37
34,15,16,17,18,25,26,27,28,35,36,37
35,15,16,17,18,25,26,27,28,35,36,37
36,15,16,17,18,25,26,27,28,35,36,37
37,15,16,17,18,25,26,27,28,35,36,37
38,15,16,17,18,25,26,27,28,35,36,37
39,15,16,17,18,25,26,27,28,35,36,37
40,15,16,17,18,25,26,27,28,35,36,37
41,15,16,17,25,26,27,28,35,36,37
42,15,16,17,25,26,27,28,35,36,37
43,15,16,17,25,26,27,35,36,37
44,15,16,17,25,26,27,35,36,37
45,15,16,17,24,25,26,27,35,36,37
46,15,16,17,24,25,26,27,35,36,37
47,14,15,16,17,24,25,26,27,34,35,36,37
48,14,15,16,17,24,25,26,27,34,35,36,37
49,14,15,16,24,25,26,27,34,35,36
50,14,15,16,24,25,26,27,34,35,36
51,14,15,16,23,24,25,26,34,35,36
52,14,15,16,23,24,25,26,34,35,36
53,13,14,15,16,23,24,25,26,33,34,35,36
54,13,14,15,16,23,24,25,26,33,34,35,36
55,13,14,15,23,24,25,26,33,34,35
56,13,14,15,23,24,25,26,33,34,35
57,13,14,15,23,24,25,33,34,35
58,13,14,15,23,24,25,33,34,35
59,13,14,15,22,23,24,25,33,34,35
60,13,14,15,22,23,24,25,33,34,35
61,13,14,15,22,23,24,25,33,34,35
62,13,14,15,22,23,24,25,33,34,35
63,13,14,15,22,23,24,25,33,34,35
64,13,14,15,22,23,24,25,33,34,35
65,13,14,15,22,23,24,25,33,34,35
66,13,14,15,22,23,24,25,33,34,35
67,13,14,15,22,23,24,25,33,34,35
68,13,14,15,22,23,24,25,33,34,35
69,13,14,15,22,23,24,25,33,34,35
70,13,14,15,22,23,24,25,33,34,35
71,13,14,15,22,23,24,25,33,34,35
72,13,14,15,22,23,24,25,33,34,35
73,13,14,15,22,23,24,25,32,33,34,35,43,44
74,13,14,15,22,23,24,25,32,33,34,35,43,44
75,13,14,15,22,23,24,25,32,33,34,35,43,44,45
76,13,14,15,22,23,24,25,32,33,34,35,43,44,45
77,13,14,15,22,23,24,25,32,33,34,35,43,44,45
78,13,14,15,22,23,24,25,32,33,34,35,43,44,45
79,14,15,22,23,24,25,32,33,34,35,43,44,45
80,14,15,22,23,24,25,32,33,34,35,43,44,45
81,14,15,22,23,24,25,32,33,34,35,43,44,45
82,14,15,22,23,24,25,32,33,34,35,43,44,45
83,14,15,23,24,25,32,33,34,35,36,43,44,45
84,14,15,23,24,25,32,33,34,35,36,43,44,45
85,14,15,23,24,25,26,32,33,34,35,36,42,43,44,45,46
86,14,15,23,24,25,26,32,33,34,35,36,42,43,44,45,46
87,14,23,24,25,26,32,33,34,35,36,42,43,44,45,46
88,14,23,24,25,26,32,33,34,35,36,42,43,44,45,46
89,23,24,25,26,32,33,34,35,36,42,43,44,45,46
90,23,24,25,26,32,33,34,35,36,42,43,44,45,46
91,23,24,25,26,32,33,34,35,36,42,43,44,45,46
92,23,24,25,26,32,33,34,35,36,42,43,44,45,46
93,23,24,25,26,32,33,34,35,36,41,42,43,44,45,46,47,48,49,50
94,23,24,25,26,32,33,34,35,36,41,42,43,44,45,46,47,48,49,50
95,23,24,25,26,32,33,34,35,36,41,42,43,44,45,46,47,48,49,50
96,23,24,25,26,32,33,34,35,36,41,42,43,44,45,46,47,48,49,50
97,23,24,25,26,32,33,34,35,36,37,41,42,43,44,45,46,47,48,49,50
98,23,24,25,26,32,33,34,35,36,37,41,42,43,44,45,46,47,48,49,50
99,23,24,25,26,32,33,34,35,36,37,41,42,43,44,45,46,47,48,49,50
100,23,24,25,26,32,33,34,35,36,37,41,42,43,44,45,46,47,48,49,50
101,23,24,25,26,32,33,34,35,36,37,41,42,43,44,45,46,47,48,49,50
102,23,24,25,26,32,33,34,35,36,37,41,42,43,44,45,46,47,48,49,50
103,24,25,26,32,33,34,35,36,37,41,42,43,44,45,46,47,48,49,50
104,24,25,26,32,33,34,35,36,37,41,42,43,44,45,46,47,48,49,50
105,24,25,26,32,33,34,35,36,37,41,42,43,44,45,46,47,48,49,50
106,24,25,26,32,33,34,35,36,37,41,42,43,44,45,46,47,48,49,50
107,24,25,26,32,33,34,35,36,37,41,42,43,44,45,46,47,48,49,50
108,24,25,26,32,33,34,35,36,37,41,42,43,44,45,46,47,48,49,50
109,24,25,26,32,33,34,35,36,37,41,42,43,44,45,46,47,48,49,50
110,24,25,26,32,33,34,35,36,37,41,42,43,44,45,46,47,48,49,50
111,24,25,26,32,33,34,35,36,37,41,42,43,44,45,46,47,48,49,50
112,24,25,26,32,33,34,35,36,37,41,42,43,44,45,46,47,48,49,50
113,24,25,26,32,33,34,35,36,37,38,41,42,43,44,45,46,47,48,49,50
114,24,25,26,32,33,34,35,36,37,38,41,42,43,44,45,46,47,48,49,50
115,25,26,32,33,34,35,36,37,38,41,42,43,44,45,46,47,48,49,50
116,25,26,32,33,34,35,36,37,38,41,42,43,44,45,46,47,48,49,50
117,25,26,32,33,34,35,36,37,38,41,42,43,44,45,46,47,48,49,50
118,25,26,32,33,34,35,36,37,38,41,42,43,44,45,46,47,48,49,50
119,25,26,32,33,34,35,36,37,38,41,42,43,44,45,46,47,48,49,50
120,25,26,32,33,34,35,36,37,38,41,42,43,44,45,46,47,48,49,50
121,25,26,32,33,34,35,36,37,38,41,42,43,44,45,46,47,48,49,50
122,25,26,32,33,34,35,36,37,38,41,42,43,44,45,46,47,48,49,50
123,25,26,32,33,34,35,36,37,38,41,42,43,44,45,46,47,48,49,50
124,25,26,32,33,34,35,36,37,38,41,42,43,44,45,46,47,48,49,50
125,25,26,32,33,34,35,36,37,38,41,42,43,44,45,46,47,48,49,50
126,25,26,32,33,34,35,36,37,38,41,42,43,44,45,46,47,48,49,50
127,25,26,32,33,34,35,36,37,38,41,42,43,44,45,46,47,48,49,50
128,25,26,32,33,34,35,36,37,38,41,42,43,44,45,46,47,48,49,50
129,25,26,32,33,34,35,36,37,38,41,42,43,44,45,46,47,48,49,50
130,25,26,32,33,34,35,36,37,38,41,42,43,44,45,46,47,48,49,50
131,25,26,32,33,34,35,36,37,38,41,42,43,44,45,46,47,48,49,50
132,25,26,32,33,34,35,36,37,38,41,42,43,44,45,46,47,48,49,50
133,25,26,32,33,34,35,36,37,38,41,42,43,44,45,46,47,48,49,50
134,25,26,32,33,34,35,36,37,38,41,42,43,44,45,46,47,48,49,50
135,25,26,32,33,34,35,36,37,38,41,42,43,44,45,46,47,48,49,50
136,25,26,32,33,34,35,36,37,38,41,42,43,44,45,46,47,48,49,50
137,25,26,32,33,34,35,36,37,38,41,42,43,44,45,46,47,48,49,50
138,25,26,32,33,34,35,36,37,38,41,42,43,44,45,46,47,48,49,50
139,25,26,32,33,34,35,36,37,38,41,42,43,44,45,46,47,48,49,50
140,25,26,32,33,34,35,36,37,38,41,42,43,44,45,46,47,48,49,50
141,25,26,32,33,34,35,36,37,38,41,42,43,44,45,46,47,48,49,50
142,25,26,32,33,34,35,36,37,38,41,42,43,44,45,46,47,48,49,50
143,25,26,32,33,34,35,36,37,38,41,42,43,44,45,46,47,48,49,50
144,25,26,32,33,34,35,36,37,38,41,42,43,44,45,46,47,48,49,50
145,25,26,32,33,34,35,36,37,38,41,42,43,44,45,46,47,48,49,50
146,25,26,32,33,34,35,36,37,38,41,42,43,44,45,46,47,48,49,50
147,25,26,32,33,34,35,36,37,38,41,42,43,44,45,46,47,48,49,50
148,25,26,32,33,34,35,36,37,38,41,42,43,44,45,46,47,48,49,50
149,25,26,32,33,34,35,36,37,38,41,42,43,44,45,46,47,48,49,50
150,25,26,32,33,34,35,36,37,38,41,42,43,44,45,46,47,48,49,50
151,25,26,32,33,34,35,36,37,38,41,42,43,44,45,46,47,48,49,50
152,25,26,32,33,34,35,36,37,38,41,42,43,44,45,46,47,48,49,50
153,25,26,32,33,34,35,36,37,38,41,42,43,44,45,46,47,48,49,50
154,25,26,32,33,34,35,36,37,38,41,42,43,44,45,46,47,48,49,50
155,25,26,32,33,34,35,36,37,38,41,42,43,44,45,46,47,48,49,50
156,25,26,32,33,34,35,36,37,38,41,42,43,44,45,46,47,48,49,50
157,25,26,32,33,34,35,36,37,38,41,42,43,44,45,46,47,48,49,50
158,25,26,32,33,34,35,36,37,38,41,42,43,44,45,46,47,48,49,50
159,25,26,32,33,34,35,36,37,38,41,42,43,44,45,46,47,48,49,50
160,25,26,32,33,34,35,36,37,38,41,42,43,44,45,46,47,48,49,50
161,25,26,32,33,34,35,36,37,38,41,42,43,44,45,46,47,48,49,50
162,25,26,32,33,34,35,36,37,38,41,42,43,44,45,46,47,48,49,50
163,25,26,32,33,34,35,36,37,38,41,42,43,44,45,46,47,48,49,50
164,25,26,32,33,34,35,36,37,38,41,42,43,44,45,46,47,48,49,50
165,25,26,32,33,34,35,36,37,38,41,42,43,44,45,46,47,48,49,50
166,25,26,32,33,34,35,36,37,38,41,42,43,44,45,46,47,48,49,50
167,25,26,33,34,35,36,37,38,41,42,43,44,45,46,47,48,49,50
168,25,26,33,34,35,36,37,38,41,42,43,44,45,46,47,48,49,50
169,25,26,33,34,35,36,37,38,41,42,43,44,45,46,47,48,49,50
170,25,26,33,34,35,36,37,38,41,42,43,44,45,46,47,48,49,50
171,24,25,26,33,34,35,36,37,41,42,43,44,45,46,47,48,49,50
172,24,25,26,33,34,35,36,37,41,42,43,44,45,46,47,48,49,50
173,24,25,26,27,33,34,35,36,37,41,42,43,44,45,46,47,48,49,50
174,24,25,26,27,33,34,35,36,37,41,42,43,44,45,46,47,48,49,50
175,24,25,26,27,33,34,35,36,37,43,44,45,46,47
176,24,25,26,27,33,34,35,36,37,43,44,45,46,47
177,15,24,25,26,27,33,34,35,36,37,43,44,45,46,47
178,15,24,25,26,27,33,34,35,36,37,43,44,45,46,47
179,15,16,24,25,26,33,34,35,36,37,44,45,46
180,15,16,24,25,26,33,34,35,36,37,44,45,46
181,15,16,23,24,25,26,33,34,35,36,44,45,46
182,15,16,23,24,25,26,33,34,35,36,44,45,46
183,14,15,16,24,25,26,34,35,36,44,45,46
184,14,15,16,24,25,26,34,35,36,44,45,46
185,14,15,16,24,25,26,34,35,36,44,45,46
186,14,15,16,24,25,26,34,35,36,44,45,46
187,14,15,16,24,25,26,34,35,36,44,45,46
188,14,15,16,24,25,26,34,35,36,44,45,46
189,14,15,16,24,25,26,34,35,36,45
190,14,15,16,24,25,26,34,35,36,45
191,14,15,16,24,25,26,34,35,36
192,14,15,16,24,25,26,34,35,36
193,14,15,16,24,25,26,34,35,36
194,14,15,16,24,25,26,34,35,36
195,14,15,16,24,25,26,34,35,36
196,14,15,16,24,25,26,34,35,36
197,5,14,15,16,24,25,26,34,35,36
198,5,14,15,16,24,25,26,34,35,36
199,5,14,15,16,24,25,26,34,35,36
200,5,14,15,16,24,25,26,34,35,36
201,14,15,16,24,25,26,34,35,36
202,14,15,16,24,25,26,34,35,36
203,14,15,16,24,25,26,34,35,36
204,14,15,16,24,25,26,34,35,36
205,14,15,16,24,25,26,34,35,36
206,14,15,16,24,25,26,34,35,36
207,14,15,16,24,25,26,34,35,36
208,14,15,16,24,25,26,34,35,36
209,14,15,16,24,25,26,34,35,36
210,14,15,16,24,25,26,34,35,36
211,14,15,16,24,25,26,34,35,36
212,14,15,16,24,25,26,34,35,36
213,14,15,16,24,25,26,34,35,36
214,14,15,16,24,25,26,34,35,36
215,14,15,16,24,25,26,34,35,36
216,14,15,16,24,25,26,34,35,36
217,14,15,16,24,25,26,34,35,36
218,14,15,16,24,25,26,34,35,36
219,14,15,16,24,25,26,34,35,36
220,14,15,16,24,25,26,34,35,36
221,14,15,16,24,25,26,34,35,36
222,14,15,16,24,25,26,34,35,36
223,14,15,16,24,25,26,34,35,36
224,14,15,16,24,25,26,34,35,36
225,14,15,16,24,25,26,34,35,36
226,14,15,16,24,25,26,34,35,36
227,14,15,16,24,25,26,34,35,36
228,14,15,16,24,25,26,34,35,36
229,14,15,16,24,25,26,34,35,36
230,14,15,16,24,25,26,34,35,36
231,14,15,16,24,25,26,34,35,36
232,14,15,16,24,25,26,34,35,36
233,14,15,16,24,25,26,34,35,36
234,14,15,16,24,25,26,34,35,36
235,14,15,16,24,25,26,34,35,36
236,14,15,16,24,25,26,34,35,36
237,14,15,16,24,25,26,34,35,36
238,14,15,16,24,25,26,34,35,36
239,14,15,16,24,25,26,34,35,36
240,14,15,16,24,25,26,34,35,36
241,14,15,16,24,25,26,34,35,36
242,14,15,16,24,25,26,34,35,36
243,14,15,16,23,24,25,26,34,35,36
244,14,15,16,23,24,25,26,34,35,36
245,13,14,15,16,23,24,25,26,33,34,35,36
246,13,14,15,16,23,24,25,26,33,34,35,36
247,13,14,15,16,23,24,25,26,33,34,35,36
248,13,14,15,16,23,24,25,26,33,34,35,36
249,13,14,15,16,23,24,25,26,33,34,35,36
250,13,14,15,16,23,24,25,26,33,34,35,36
251,13,14,15,16,23,24,25,26,33,34,35,36
252,13,14,15,16,23,24,25,26,33,34,35,36
253,13,14,15,23,24,25,26,33,34,35
254,13,14,15,23,24,25,26,33,34,35
255,13,14,15,23,24,25,33,34,35
256,13,14,15,23,24,25,33,34,35
257,13,14,15,23,24,25,33,34,35
258,13,14,15,23,24,25,33,34,35
259,13,14,15,23,24,25,33,34,35,44
260,13,14,15,23,24,25,33,34,35,44
261,13,14,15,23,24,25,33,34,35
262,13,14,15,23,24,25,33,34,35
263,13,14,15,23,24,25,33,34,35
264,13,14,15,23,24,25,33,34,35
265,13,14,15,22,23,24,25,33,34,35
266,13,14,15,22,23,24,25,33,34,35
267,12,13,14,15,22,23,24,25,32,33,34,35,44
268,12,13,14,15,22,23,24,25,32,33,34,35,44
269,12,13,14,15,22,23,24,25,32,33,34,35,43,44
270,12,13,14,15,22,23,24,25,32,33,34,35,43,44
271,12,13,14,15,22,23,24,25,32,33,34,35,43,44
272,12,13,14,15,22,23,24,25,32,33,34,35,43,44
273,12,13,14,15,22,23,24,25,32,33,34,35,43,44
274,12,13,14,15,22,23,24,25,32,33,34,35,43,44
275,12,13,14,22,23,24,25,32,33,34,35,43
276,12,13,14,22,23,24,25,32,33,34,35,43
277,12,13,14,22,23,24,25,32,33,34,35,43
278,12,13,14,22,23,24,25,32,33,34,35,43
279,12,13,14,22,23,24,25,32,33,34,35,43
280,12,13,14,22,23,24,25,32,33,34,35,43
281,12,13,14,22,23,24,25,32,33,34,35,43
282,12,13,14,22,23,24,25,32,33,34,35,43
283,12,13,14,22,23,24,25,32,33,34,35,43
284,12,13,14,22,23,24,25,32,33,34,35,43
285,12,13,14,22,23,24,25,32,33,34,35,43,44
286,12,13,14,22,23,24,25,32,33,34,35,43,44
287,12,13,14,22,23,24,25,32,33,34,35,43,44
288,12,13,14,22,23,24,25,32,33,34,35,43,44
289,12,13,14,22,23,24,25,32,33,34,43,44
290,12,13,14,22,23,24,25,32,33,34,43,44
291,12,13,14,22,23,24,25,32,33,34,43,44
292,12,13,14,22,23,24,25,32,33,34,43,44
293,12,13,14,22,23,24,32,33,34,43
294,12,13,14,22,23,24,32,33,34,43
295,12,13,14,22,23,24,32,33,34,43
296,12,13,14,22,23,24,32,33,34,43
297,12,13,14,21,22,23,24,31,32,33,34,42,43
298,12,13,14,21,22,23,24,31,32,33,34,42,43
299,11,12,13,14,21,22,23,24,31,32,33,34,42,43
300,11,12,13,14,21,22,23,24,31,32,33,34,42,43
301,11,12,13,14,21,22,23,24,31,32,33,34,42,43
302,11,12,13,14,21,22,23,24,31,32,33,34,42,43
303,11,12,13,21,22,23,24,31,32,33,34,42,43
304,11,12,13,21,22,23,24,31,32,33,34,42,43
305,11,12,13,21,22,23,24,31,32,33,34,41,42,43
306,11,12,13,21,22,23,24,31,32,33,34,41,42,43
307,11,12,13,21,22,23,31,32,33,41,42,43
308,11,12,13,21,22,23,31,32,33,41,42,43
309,11,12,13,21,22,23,31,32,33,41,42,43
310,11,12,13,21,22,23,31,32,33,41,42,43
311,11,12,13,21,22,23,30,31,32,33,41,42,43
312,11,12,13,21,22,23,30,31,32,33,41,42,43
313,11,12,13,21,22,23,30,31,32,33,40,41,42
314,11,12,13,21,22,23,30,31,32,33,40,41,42
315,11,12,13,21,22,23,30,31,32,33,40,41,42
316,11,12,13,21,22,23,30,31,32,33,40,41,42
317,11,12,13,20,21,22,23,30,31,32,33,40,41,42
318,11,12,13,20,21,22,23,30,31,32,33,40,41,42
319,11,12,13,20,21,22,23,30,31,32,33,40,41,42
320,11,12,13,20,21,22,23,30,31,32,33,40,41,42
321,11,12,13,20,21,22,23,30,31,32,33,40,41,42
322,11,12,13,20,21,22,23,30,31,32,33,40,41,42
323,11,12,13,20,21,22,23,30,31,32,33,40,41,42
324,11,12,13,20,21,22,23,30,31,32,33,40,41,42
325,11,12,13,20,21,22,23,30,31,32,33,40,41,42
326,11,12,13,20,21,22,23,30,31,32,33,40,41,42
327,11,12,13,20,21,22,23,30,31,32,33,40,41,42
328,11,12,13,20,21,22,23,30,31,32,33,40,41,42
329,11,12,20,21,22,23,30,31,32,33,40,41,42
330,11,12,20,21,22,23,30,31,32,33,40,41,42
331,11,12,20,21,22,23,30,31,32,33,40,41,42
332,11,12,20,21,22,23,30,31,32,33,40,41,42
333,11,12,20,21,22,23,30,31,32,33,40,41,42
334,11,12,20,21,22,23,30,31,32,33,40,41,42
335,11,12,20,21,22,23,30,31,32,33,40,41,42,50
336,11,12,20,21,22,23,30,31,32,33,40,41,42,50
337,11,12,20,21,22,23,30,31,32,33,40,41,42,50
338,11,12,20,21,22,23,30,31,32,33,40,41,42,50
339,11,12,20,21,22,23,30,31,32,33,40,41,42,50
340,11,12,20,21,22,23,30,31,32,33,40,41,42,50
341,11,12,20,21,22,23,30,31,32,33,40,41,42,50
342,11,12,20,21,22,23,30,31,32,33,40,41,42,50
343,11,12,20,21,22,23,30,31,32,33,40,41,42,50
344,11,12,20,21,22,23,30,31,32,33,40,41,42,50
345,11,12,20,21,22,23,30,31,32,33,40,41,42,50
346,11,12,20,21,22,23,30,31,32,33,40,41,42,50
347,11,12,20,21,22,23,30,31,32,33,40,41,42,50
348,11,12,20,21,22,23,30,31,32,33,40,41,42,50
349,11,12,20,21,22,23,30,31,32,33,40,41,42,50
350,11,12,20,21,22,23,30,31,32,33,40,41,42,50
351,11,12,20,21,22,23,30,31,32,33,40,41,42,50
352,11,12,20,21,22,23,30,31,32,33,40,41,42,50
353,11,12,20,21,22,23,30,31,32,33,40,41,42,50
354,11,12,20,21,22,23,30,31,32,33,40,41,42,50
355,11,12,20,21,22,23,30,31,32,33,40,41,42,50
356,11,12,20,21,22,23,30,31,32,33,40,41,42,50
357,11,12,20,21,22,23,30,31,32,33,40,41,42,50
358,11,12,20,21,22,23,30,31,32,33,40,41,42,50
359,11,12,20,21,22,23,30,31,32,33,40,41,42,50
360,11,12,20,21,22,23,30,31,32,33,40,41,42,50
361,11,12,20,21,22,23,30,31,32,33,40,41,42,50
362,11,12,20,21,22,23,30,31,32,33,40,41,42,50
363,11,12,20,21,22,23,30,31,32,33,40,41,42,50
364,11,12,20,21,22,23,30,31,32,33,40,41,42,50
365,11,12,20,21,22,23,30,31,32,33,40,41,42,50
366,11,12,20,21,22,23,30,31,32,33,40,41,42,50
367,11,12,20,21,22,23,30,31,32,33,40,41,42,50
368,11,12,20,21,22,23,30,31,32,33,40,41,42,50
369,11,12,20,21,22,23,30,31,32,33,40,41,42,50
370,11,12,20,21,22,23,30,31,32,33,40,41,42,50
371,11,12,20,21,22,23,30,31,32,33,40,41,42,50
372,11,12,20,21,22,23,30,31,32,33,40,41,42,50
373,11,12,20,21,22,23,30,31,32,33,40,41,42,50
374,11,12,20,21,22,23,30,31,32,33,40,41,42,50
375,11,12,20,21,22,23,30,31,32,33,40,41,42,50
376,11,12,20,21,22,23,30,31,32,33,40,41,42,50
377,11,12,20,21,22,23,30,31,32,33,40,41,42
378,11,12,20,21,22,23,30,31,32,33,40,41,42
379,11,12,20,21,22,23,30,31,32,33,40,41,42
380,11,12,20,21,22,23,30,31,32,33,40,41,42
381,11,12,13,20,21,22,23,30,31,32,33,40,41,42
382,11,12,13,20,21,22,23,30,31,32,33,40,41,42
383,11,12,13,20,21,22,23,30,31,32,33,40,41,42
384,11,12,13,20,21,22,23,30,31,32,33,40,41,42
385,11,12,13,20,21,22,23,30,31,32,33,40,41,42
386,11,12,13,20,21,22,23,30,31,32,33,40,41,42
387,11,12,13,21,22,23,30,31,32,33,40,41,42
388,11,12,13,21,22,23,30,31,32,33,40,41,42
389,11,12,13,21,22,23,30,31,32,33,40,41,42,43
390,11,12,13,21,22,23,30,31,32,33,40,41,42,43
391,11,12,13,21,22,23,31,32,33,41,42,43
392,11,12,13,21,22,23,31,32,33,41,42,43
393,11,12,13,21,22,23,31,32,33,41,42,43
394,11,12,13,21,22,23,31,32,33,41,42,43
395,11,12,13,21,22,23,24,31,32,33,34,42,43
396,11,12,13,21,22,23,24,31,32,33,34,42,43
397,11,12,13,14,21,22,23,24,31,32,33,34,42,43
398,11,12,13,14,21,22,23,24,31,32,33,34,42,43
399,11,12,13,14,21,22,23,24,31,32,33,34,42,43
400,11,12,13,14,21,22,23,24,31,32,33,34,42,43
401,12,13,14,22,23,24,32,33,34
402,12,13,14,22,23,24,32,33,34
403,12,13,14,15,22,23,24,25,32,33,34,35
404,12,13,14,15,22,23,24,25,32,33,34,35
405,12,13,14,15,22,23,24,25,33,34,35
406,12,13,14,15,22,23,24,25,33,34,35
407,4,13,14,15,23,24,25,26,33,34,35
408,4,13,14,15,23,24,25,26,33,34,35
409,5,13,14,15,16,23,24,25,26,33,34,35,36
410,5,13,14,15,16,23,24,25,26,33,34,35,36
411,5,14,15,16,23,24,25,26,34,35,36
412,5,14,15,16,23,24,25,26,34,35,36
413,5,6,14,15,16,17,24,25,26,27,34,35,36
414,5,6,14,15,16,17,24,25,26,27,34,35,36
415,5,6,14,15,16,17,24,25,26,27,34,35,36,37
416,5,6,14,15,16,17,24,25,26,27,34,35,36,37
417,6,14,15,16,17,24,25,26,27,34,35,36,37
418,6,14,15,16,17,24,25,26,27,34,35,36,37
419,6,14,15,16,17,24,25,26,27,35,36,37
420,6,14,15,16,17,24,25,26,27,35,36,37
421,6,14,15,16,17,24,25,26,27,35,36,37
422,6,14,15,16,17,24,25,26,27,35,36,37
423,6,14,15,16,17,24,25,26,27,35,36,37
424,6,14,15,16,17,24,25,26,27,35,36,37
425,6,14,15,16,17,24,25,26,27,35,36,37
426,6,14,15,16,17,24,25,26,27,35,36,37
427,6,14,15,16,17,24,25,26,27,35,36,37
428,6,14,15,16,17,24,25,26,27,35,36,37
429,6,14,15,16,17,24,25,26,27,35,36,37
430,6,14,15,16,17,24,25,26,27,35,36,37
431,6,14,15,16,17,24,25,26,27,34,35,36,37
432,6,14,15,16,17,24,25,26,27,34,35,36,37
433,6,14,15,16,17,24,25,26,27,34,35,36,37
434,6,14,15,16,17,24,25,26,27,34,35,36,37
435,6,14,15,16,17,24,25,26,27,34,35,36,37
436,6,14,15,16,17,24,25,26,27,34,35,36,37
437,6,14,15,16,17,24,25,26,27,34,35,36,37
438,6,14,15,16,17,24,25,26,27,34,35,36,37
439,6,14,15,16,17,24,25,26,27,34,35,36,37
440,6,14,15,16,17,24,25,26,27,34,35,36,37
441,6,14,15,16,17,24,25,26,27,34,35,36,37
442,6,14,15,16,17,24,25,26,27,34,35,36,37
443,6,14,15,16,17,24,25,26,27,34,35,36,37
444,6,14,15,16,17,24,25,26,27,34,35,36,37
445,6,14,15,16,17,24,25,26,27,34,35,36,37
446,6,14,15,16,17,24,25,26,27,34,35,36,37
447,6,14,15,16,17,24,25,26,27,34,35,36,37
448,6,14,15,16,17,24,25,26,27,34,35,36,37
449,6,14,15,16,17,24,25,26,27,34,35,36,37
450,6,14,15,16,17,24,25,26,27,34,35,36,37
451,6,14,15,16,17,24,25,26,27,34,35,36,37
452,6,14,15,16,17,24,25,26,27,34,35,36,37
453,6,14,15,16,17,24,25,26,27,34,35,36,37
454,6,14,15,16,17,24,25,26,27,34,35,36,37
455,6,14,15,16,17,24,25,26,27,34,35,36,37
456,6,14,15,16,17,24,25,26,27,34,35,36,37
457,6,14,15,16,17,24,25,26,27,34,35,36,37
458,6,14,15,16,17,24,25,26,27,34,35,36,37
459,6,14,15,16,17,24,25,26,27,34,35,36,37
460,6,14,15,16,17,24,25,26,27,34,35,36,37
461,6,14,15,16,17,24,25,26,27,34,35,36,37
462,6,14,15,16,17,24,25,26,27,34,35,36,37
463,6,14,15,16,17,24,25,26,27,34,35,36,37
464,6,14,15,16,17,24,25,26,27,34,35,36,37
465,6,14,15,16,17,24,25,26,27,35,36,37
466,6,14,15,16,17,24,25,26,27,35,36,37
467,6,7,15,16,17,25,26,27,35,36,37
468,6,7,15,16,17,25,26,27,35,36,37
469,6,7,15,16,17,18,25,26,27,28,35,36,37
470,6,7,15,16,17,18,25,26,27,28,35,36,37
471,6,7,15,16,17,18,25,26,27,28,35,36,37,38
472,6,7,15,16,17,18,25,26,27,28,35,36,37,38
473,7,15,16,17,18,25,26,27,28,36,37,38
474,7,15,16,17,18,25,26,27,28,36,37,38
475,7,15,16,17,18,25,26,27,28,36,37,38
476,7,15,16,17,18,25,26,27,28,36,37,38
477,7,15,16,17,18,25,26,27,28,36,37,38
478,7,15,16,17,18,25,26,27,28,36,37,38
479,7,15,16,17,18,25,26,27,28,36,37,38
480,7,15,16,17,18,25,26,27,28,36,37,38
481,7,15,16,17,18,25,26,27,28,36,37,38
482,7,15,16,17,18,25,26,27,28,36,37,38
483,7,16,17,18,25,26,27,28,36,37,38
484,7,16,17,18,25,26,27,28,36,37,38
485,7,16,17,18,26,27,28,36,37,38
486,7,16,17,18,26,27,28,36,37,38
487,7,16,17,18,26,27,28,36,37,38
488,7,16,17,18,26,27,28,36,37,38
489,7,8,16,17,18,19,26,27,28,29,36,37,38
490,7,8,16,17,18,19,26,27,28,29,36,37,38
491,7,8,16,17,18,19,26,27,28,29,36,37,38,39
492,7,8,16,17,18,19,26,27,28,29,36,37,38,39
493,8,16,17,18,19,26,27,28,29,36,37,38,39
494,8,16,17,18,19,26,27,28,29,36,37,38,39
495,8,16,17,18,19,26,27,28,29,36,37,38,39
496,8,16,17,18,19,26,27,28,29,36,37,38,39
497,8,16,17,18,19,26,27,28,29,36,37,38,39
498,8,16,17,18,19,26,27,28,29,36,37,38,39
499,8,16,17,18,19,26,27,28,29,36,37,38,39
500,8,16,17,18,19,26,27,28,29,36,37,38,39
501,8,16,17,18,19,26,27,28,29,36,37,38,39
502,8,16,17,18,19,26,27,28,29,36,37,38,39
503,8,16,17,18,19,26,27,28,29,36,37,38,39
504,8,16,17,18,19,26,27,28,29,36,37,38,39
505,8,16,17,18,19,26,27,28,29,36,37,38,39
506,8,16,17,18,19,26,27,28,29,36,37,38,39
507,16,17,18,19,26,27,28,29,36,37,38,39
508,16,17,18,19,26,27,28,29,36,37,38,39
509,16,17,18,19,26,27,28,29,36,37,38,39
510,16,17,18,19,26,27,28,29,36,37,38,39
511,16,17,18,19,26,27,28,29,36,37,38,39
512,16,17,18,19,26,27,28,29,36,37,38,39
513,16,17,18,19,26,27,28,29,36,37,38,39
514,16,17,18,19,26,27,28,29,36,37,38,39
515,17,18,19,26,27,28,29,37,38,39
516,17,18,19,26,27,28,29,37,38,39
517,17,18,19,26,27,28,29,37,38,39
518,17,18,19,26,27,28,29,37,38,39
519,17,18,19,27,28,29,37,38,39
520,17,18,19,27,28,29,37,38,39
521,17,18,19,27,28,29,37,38,39
522,17,18,19,27,28,29,37,38,39
523,17,18,19,27,28,29,37,38,39
524,17,18,19,27,28,29,37,38,39
525,8,17,18,19,27,28,29,37,38,39
526,8,17,18,19,27,28,29,37,38,39
527,8,17,18,19,27,28,29,37,38,39
528,8,17,18,19,27,28,29,37,38,39
529,8,17,18,19,27,28,29,37,38,39
530,8,17,18,19,27,28,29,37,38,39
531,8,17,18,19,27,28,29,37,38,39
532,8,17,18,19,27,28,29,37,38,39
533,8,17,18,19,27,28,29,37,38,39
534,8,17,18,19,27,28,29,37,38,39
535,8,17,18,19,27,28,29,30,37,38,39
536,8,17,18,19,27,28,29,30,37,38,39
537,17,18,19,27,28,29,30,37,38,39
538,17,18,19,27,28,29,30,37,38,39
539,17,18,19,27,28,29,30,37,38,39
540,17,18,19,27,28,29,30,37,38,39
541,17,18,19,27,28,29,30,37,38,39
542,17,18,19,27,28,29,30,37,38,39
543,17,18,19,27,28,29,30,37,38,39
544,17,18,19,27,28,29,30,37,38,39
545,17,18,19,27,28,29,30,37,38,39
546,17,18,19,27,28,29,30,37,38,39
547,17,18,19,27,28,29,30,37,38,39
548,17,18,19,27,28,29,30,37,38,39
549,17,18,19,27,28,29,30,37,38,39
550,17,18,19,27,28,29,30,37,38,39
551,17,18,19,20,27,28,29,30,37,38,39
552,17,18,19,20,27,28,29,30,37,38,39
553,17,18,19,20,27,28,29,30,37,38,39,40
554,17,18,19,20,27,28,29,30,37,38,39,40
555,17,18,19,20,27,28,29,30,37,38,39,40
556,17,18,19,20,27,28,29,30,37,38,39,40
557,17,18,19,20,27,28,29,30,37,38,39,40
558,17,18,19,20,27,28,29,30,37,38,39,40
559,17,18,19,20,27,28,29,30,37,38,39,40
560,17,18,19,20,27,28,29,30,37,38,39,40
561,17,18,19,20,27,28,29,30,37,38,39,40
562,17,18,19,20,27,28,29,30,37,38,39,40
563,17,18,19,20,27,28,29,30,37,38,39,40
564,17,18,19,20,27,28,29,30,37,38,39,40
565,17,18,19,20,27,28,29,30,37,38,39,40
566,17,18,19,20,27,28,29,30,37,38,39,40
567,17,18,19,20,27,28,29,30,37,38,39,40
568,17,18,19,20,27,28,29,30,37,38,39,40
569,17,18,19,20,27,28,29,30,37,38,39,40
570,17,18,19,20,27,28,29,30,37,38,39,40
571,17,18,19,20,27,28,29,30,37,38,39,40
572,17,18,19,20,27,28,29,30,37,38,39,40
573,17,18,19,20,27,28,29,30,37,38,39,40
574,17,18,19,20,27,28,29,30,37,38,39,40
575,17,18,19,20,27,28,29,30,37,38,39,40
576,17,18,19,20,27,28,29,30,37,38,39,40
577,17,18,19,27,28,29,30,37,38,39
578,17,18,19,27,28,29,30,37,38,39
579,17,18,19,27,28,29,30,37,38,39
580,17,18,19,27,28,29,30,37,38,39
581,17,18,19,27,28,29,30,37,38,39
582,17,18,19,27,28,29,30,37,38,39
583,17,18,19,27,28,29,30,37,38,39
584,17,18,19,27,28,29,30,37,38,39
585,17,18,19,27,28,29,37,38,39
586,17,18,19,27,28,29,37,38,39
587,17,18,19,27,28,29,37,38,39
588,17,18,19,27,28,29,37,38,39
589,17,18,19,27,28,29,37,38,39
590,17,18,19,27,28,29,37,38,39
591,17,18,19,27,28,29,37,38,39
592,17,18,19,27,28,29,37,38,39
593,17,18,19,26,27,28,29,37,38,39
594,17,18,19,26,27,28,29,37,38,39
595,16,17,18,19,26,27,28,29,36,37,38,39
596,16,17,18,19,26,27,28,29,36,37,38,39
597,16,17,18,19,26,27,28,29,36,37,38,39
598,16,17,18,19,26,27,28,29,36,37,38,39
599,16,17,18,26,27,28,36,37,38
600,16,17,18,26,27,28,36,37,38
601,15,16,17,18,25,26,27,28,35,36,37,38
602,15,16,17,18,25,26,27,28,35,36,37,38
603,15,16,17,18,25,26,27,28,35,36,37,38
604,15,16,17,18,25,26,27,28,35,36,37,38
605,15,16,17,25,26,27,35,36,37
606,15,16,17,25,26,27,35,36,37
607,14,15,16,17,24,25,26,27,35,36,37
608,14,15,16,17,24,25,26,27,35,36,37
609,6,14,15,16,17,24,25,26,27,34,35,36,37
610,6,14,15,16,17,24,25,26,27,34,35,36,37
611,6,14,15,16,17,24,25,26,27,34,35,36,37
612,6,14,15,16,17,24,25,26,27,34,35,36,37
613,5,6,14,15,16,17,24,25,26,27,34,35,36,37
614,5,6,14,15,16,17,24,25,26,27,34,35,36,37
615,5,6,14,15,16,17,24,25,26,27,34,35,36,37
616,5,6,14,15,16,17,24,25,26,27,34,35,36,37
617,5,6,14,15,16,17,24,25,26,27,34,35,36,37
618,5,6,14,15,16,17,24,25,26,27,34,35,36,37
619,5,6,14,15,16,17,24,25,26,27,34,35,36,37
620,5,6,14,15,16,17,24,25,26,27,34,35,36,37
621,6,14,15,16,17,24,25,26,27,34,35,36,37
622,6,14,15,16,17,24,25,26,27,34,35,36,37
623,6,14,15,16,17,24,25,26,27,34,35,36,37
624,6,14,15,16,17,24,25,26,27,34,35,36,37
625,6,14,15,16,17,24,25,26,27,34,35,36,37
626,6,14,15,16,17,24,25,26,27,34,35,36,37
627,6,14,15,16,17,24,25,26,27,34,35,36,37
628,6,14,15,16,17,24,25,26,27,34,35,36,37
629,6,14,15,16,17,24,25,26,27,34,35,36,37
630,6,14,15,16,17,24,25,26,27,34,35,36,37
631,6,14,15,16,17,24,25,26,27,34,35,36,37
632,6,14,15,16,17,24,25,26,27,34,35,36,37
633,5,6,14,15,16,17,24,25,26,27,34,35,36,37
634,5,6,14,15,16,17,24,25,26,27,34,35,36,37
635,5,6,14,15,16,17,24,25,26,27,34,35,36,37
636,5,6,14,15,16,17,24,25,26,27,34,35,36,37
637,5,6,14,15,16,17,24,25,26,27,34,35,36,37
638,5,6,14,15,16,17,24,25,26,27,34,35,36,37
639,5,6,14,15,16,17,24,25,26,27,34,35,36,37
640,5,6,14,15,16,17,24,25,26,27,34,35,36,37
641,5,6,14,15,16,17,24,25,26,27,34,35,36
642,5,6,14,15,16,17,24,25,26,27,34,35,36
643,5,6,14,15,16,17,24,25,26,27,34,35,36
644,5,6,14,15,16,17,24,25,26,27,34,35,36
645,5,6,14,15,16,24,25,26,34,35,36
646,5,6,14,15,16,24,25,26,34,35,36
647,5,14,15,16,24,25,26,34,35,36
648,5,14,15,16,24,25,26,34,35,36
649,5,14,15,16,24,25,26,34,35,36
650,5,14,15,16,24,25,26,34,35,36
651,5,14,15,16,24,25,26,34,35,36
652,5,14,15,16,24,25,26,34,35,36
653,5,14,15,16,24,25,26,34,35,36
654,5,14,15,16,24,25,26,34,35,36
655,5,14,15,16,24,25,26,34,35,36
656,5,14,15,16,24,25,26,34,35,36
657,5,14,15,16,24,25,26,34,35,36
658,5,14,15,16,24,25,26,34,35,36
659,14,15,16,24,25,26,34,35,36
660,14,15,16,24,25,26,34,35,36
661,14,15,16,24,25,26,34,35,36,45
662,14,15,16,24,25,26,34,35,36,45
663,14,15,16,24,25,26,27,34,35,36,37,45,46
664,14,15,16,24,25,26,27,34,35,36,37,45,46
665,14,15,16,24,25,26,27,34,35,36,37,44,45,46
666,14,15,16,24,25,26,27,34,35,36,37,44,45,46
667,14,15,16,24,25,26,27,34,35,36,37,44,45,46
668,14,15,16,24,25,26,27,34,35,36,37,44,45,46
669,15,16,24,25,26,27,34,35,36,37,44,45,46,47
670,15,16,24,25,26,27,34,35,36,37,44,45,46,47
671,15,16,24,25,26,27,34,35,36,37,44,45,46,47
672,15,16,24,25,26,27,34,35,36,37,44,45,46,47
673,15,16,24,25,26,27,34,35,36,37,44,45,46,47
674,15,16,24,25,26,27,34,35,36,37,44,45,46,47
675,15,16,24,25,26,27,34,35,36,37,44,45,46,47
676,15,16,24,25,26,27,34,35,36,37,44,45,46,47
677,16,24,25,26,27,34,35,36,37,44,45,46,47
678,16,24,25,26,27,34,35,36,37,44,45,46,47
679,16,24,25,26,27,34,35,36,37,44,45,46,47
680,16,24,25,26,27,34,35,36,37,44,45,46,47
681,16,24,25,26,27,34,35,36,37,44,45,46,47
682,16,24,25,26,27,34,35,36,37,44,45,46,47
683,16,24,25,26,27,34,35,36,37,44,45,46,47
684,16,24,25,26,27,34,35,36,37,44,45,46,47
685,16,24,25,26,27,34,35,36,37,44,45,46,47
686,16,24,25,26,27,34,35,36,37,44,45,46,47
687,16,24,25,26,27,34,35,36,37,44,45,46,47
688,16,24,25,26,27,34,35,36,37,44,45,46,47
689,16,24,25,26,27,34,35,36,37,44,45,46,47
690,16,24,25,26,27,34,35,36,37,44,45,46,47
691,16,24,25,26,27,34,35,36,37,44,45,46,47
692,16,24,25,26,27,34,35,36,37,44,45,46,47
693,16,24,25,26,27,34,35,36,37,44,45,46,47
694,16,24,25,26,27,34,35,36,37,44,45,46,47
695,16,24,25,26,27,34,35,36,37,44,45,46,47
696,16,24,25,26,27,34,35,36,37,44,45,46,47
697,15,16,24,25,26,27,34,35,36,37,44,45,46,47
698,15,16,24,25,26,27,34,35,36,37,44,45,46,47
699,15,16,24,25,26,27,34,35,36,37,44,45,46,47
700,15,16,24,25,26,27,34,35,36,37,44,45,46,47
701,15,16,24,25,26,27,34,35,36,37,44,45,46,47
702,15,16,24,25,26,27,34,35,36,37,44,45,46,47
703,15,16,17,24,25,26,27,34,35,36,37,45,46,47
704,15,16,17,24,25,26,27,34,35,36,37,45,46,47
705,15,16,17,24,25,26,27,34,35,36,37,45,46,47
706,15,16,17,24,25,26,27,34,35,36,37,45,46,47
707,15,16,17,24,25,26,27,34,35,36,37,45,46,47
708,15,16,17,24,25,26,27,34,35,36,37,45,46,47
709,15,16,17,24,25,26,27,34,35,36,37,45,46
710,15,16,17,24,25,26,27,34,35,36,37,45,46
711,15,16,17,24,25,26,27,34,35,36,37,45,46
712,15,16,17,24,25,26,27,34,35,36,37,45,46
713,15,16,17,24,25,26,27,34,35,36,37,45,46
714,15,16,17,24,25,26,27,34,35,36,37,45,46
715,15,16,17,24,25,26,27,34,35,36,37,45,46
716,15,16,17,24,25,26,27,34,35,36,37,45,46
717,15,16,17,24,25,26,27,34,35,36,37,45,46
718,15,16,17,24,25,26,27,34,35,36,37,45,46
719,15,16,17,24,25,26,27,34,35,36,37,45,46
720,15,16,17,24,25,26,27,34,35,36,37,45,46
721,15,16,17,24,25,26,27,34,35,36,37,45,46
722,15,16,17,24,25,26,27,34,35,36,37,45,46
723,15,16,17,24,25,26,27,34,35,36,37,45,46
724,15,16,17,24,25,26,27,34,35,36,37,45,46
725,15,16,17,24,25,26,27,34,35,36,37,45,46
726,15,16,17,24,25,26,27,34,35,36,37,45,46
727,14,15,16,17,24,25,26,27,34,35,36,37,45,46
728,14,15,16,17,24,25,26,27,34,35,36,37,45,46
729,14,15,16,17,24,25,26,27,34,35,36,37,45,46
730,14,15,16,17,24,25,26,27,34,35,36,37,45,46
731,14,15,16,17,24,25,26,27,34,35,36,37,45,46
732,14,15,16,17,24,25,26,27,34,35,36,37,45,46
733,14,15,16,17,24,25,26,27,34,35,36,37,45,46
734,14,15,16,17,24,25,26,27,34,35,36,37,45,46
735,14,15,16,17,24,25,26,27,34,35,36,37,45,46
736,14,15,16,17,24,25,26,27,34,35,36,37,45,46
737,14,15,16,17,24,25,26,27,34,35,36,37,45,46
738,14,15,16,17,24,25,26,27,34,35,36,37,45,46
739,14,15,16,17,24,25,26,27,34,35,36,37,45,46
740,14,15,16,17,24,25,26,27,34,35,36,37,45,46
741,14,15,16,17,24,25,26,27,34,35,36,37,45,46
742,14,15,16,17,24,25,26,27,34,35,36,37,45,46
743,14,15,16,17,24,25,26,27,34,35,36,37,45,46
744,14,15,16,17,24,25,26,27,34,35,36,37,45,46
745,14,15,16,17,24,25,26,27,34,35,36,37,45,46
746,14,15,16,17,24,25,26,27,34,35,36,37,45,46
747,14,15,16,17,24,25,26,27,34,35,36,37,45,46
748,14,15,16,17,24,25,26,27,34,35,36,37,45,46
749,14,15,16,17,24,25,26,27,34,35,36,37,45,46
750,14,15,16,17,24,25,26,27,34,35,36,37,45,46
751,14,15,16,17,24,25,26,27,34,35,36,37,45,46
752,14,15,16,17,24,25,26,27,34,35,36,37,45,46
753,14,15,16,17,24,25,26,27,34,35,36,37,45,46
754,14,15,16,17,24,25,26,27,34,35,36,37,45,46
755,14,15,16,17,24,25,26,27,34,35,36,37,45,46
756,14,15,16,17,24,25,26,27,34,35,36,37,45,46
757,14,15,16,17,24,25,26,27,34,35,36,37,45,46
758,14,15,16,17,24,25,26,27,34,35,36,37,45,46
759,14,15,16,17,24,25,26,27,34,35,36,37,45,46
760,14,15,16,17,24,25,26,27,34,35,36,37,45,46
761,14,15,16,17,24,25,26,27,34,35,36,37,45,46
762,14,15,16,17,24,25,26,27,34,35,36,37,45,46
763,14,15,16,17,24,25,26,27,34,35,36,37,45,46
764,14,15,16,17,24,25,26,27,34,35,36,37,45,46
765,14,15,16,17,24,25,26,27,34,35,36,37,45,46
766,14,15,16,17,24,25,26,27,34,35,36,37,45,46
767,14,15,16,17,24,25,26,27,34,35,36,37,45,46
768,14,15,16,17,24,25,26,27,34,35,36,37,45,46
769,14,15,16,17,24,25,26,27,34,35,36,37,45,46
770,14,15,16,17,24,25,26,27,34,35,36,37,45,46
771,14,15,16,17,24,25,26,27,34,35,36,37,45,46
772,14,15,16,17,24,25,26,27,34,35,36,37,45,46
773,14,15,16,17,24,25,26,27,34,35,36,37,45,46
774,14,15,16,17,24,25,26,27,34,35,36,37,45,46
775,14,15,16,17,24,25,26,27,34,35,36,37,45,46
776,14,15,16,17,24,25,26,27,34,35,36,37,45,46
777,14,15,16,17,24,25,26,27,34,35,36,37,45,46
778,14,15,16,17,24,25,26,27,34,35,36,37,45,46
779,14,15,16,17,24,25,26,27,34,35,36,37,45,46
780,14,15,16,17,24,25,26,27,34,35,36,37,45,46
781,14,15,16,17,24,25,26,27,34,35,36,37,45,46
782,14,15,16,17,24,25,26,27,34,35,36,37,45,46
783,14,15,16,17,24,25,26,27,34,35,36,37,45,46
784,14,15,16,17,24,25,26,27,34,35,36,37,45,46
785,14,15,16,17,24,25,26,27,34,35,36,37,45,46
786,14,15,16,17,24,25,26,27,34,35,36,37,45,46
787,14,15,16,17,24,25,26,27,34,35,36,37,45,46
788,14,15,16,17,24,25,26,27,34,35,36,37,45,46
789,14,15,16,17,24,25,26,27,34,35,36,37,45,46
790,14,15,16,17,24,25,26,27,34,35,36,37,45,46
791,14,15,16,17,24,25,26,27,34,35,36,37,46
792,14,15,16,17,24,25,26,27,34,35,36,37,46
793,14,15,16,17,24,25,26,27,34,35,36,37,46
794,14,15,16,17,24,25,26,27,34,35,36,37,46
795,14,15,16,17,24,25,26,27,34,35,36,37
796,14,15,16,17,24,25,26,27,34,35,36,37
797,15,16,17,24,25,26,27,35,36,37
798,15,16,17,24,25,26,27,35,36,37
799,15,16,17,24,25,26,27,35,36,37
800,15,16,17,24,25,26,27,35,36,37
801,15,16,17,24,25,26,27,35,36,37
802,15,16,17,24,25,26,27,35,36,37
803,6,15,16,17,25,26,27,35,36,37
804,6,15,16,17,25,26,27,35,36,37
805,6,15,16,17,25,26,27,35,36,37
806,6,15,16,17,25,26,27,35,36,37
807,6,15,16,17,25,26,27,35,36,37
808,6,15,16,17,25,26,27,35,36,37
809,6,15,16,17,25,26,27,35,36,37
810,6,15,16,17,25,26,27,35,36,37
811,6,15,16,17,25,26,27,35,36,37
812,6,15,16,17,25,26,27,35,36,37
813,6,15,16,17,25,26,27,35,36,37
814,6,15,16,17,25,26,27,35,36,37
815,6,15,16,17,25,26,27,35,36,37
816,6,15,16,17,25,26,27,35,36,37
817,6,15,16,17,25,26,27,35,36,37
818,6,15,16,17,25,26,27,35,36,37
819,6,15,16,17,25,26,27,35,36,37
820,6,15,16,17,25,26,27,35,36,37
821,6,15,16,17,25,26,27,35,36,37
822,6,15,16,17,25,26,27,35,36,37
823,6,15,16,17,25,26,27,35,36,37
824,6,15,16,17,25,26,27,35,36,37
825,6,15,16,17,25,26,27,35,36,37
826,6,15,16,17,25,26,27,35,36,37
827,6,15,16,17,25,26,27,35,36,37
828,6,15,16,17,25,26,27,35,36,37
829,6,15,16,17,25,26,27,35,36,37
830,6,15,16,17,25,26,27,35,36,37
831,6,15,16,17,25,26,27,35,36,37
832,6,15,16,17,25,26,27,35,36,37
833,6,15,16,17,25,26,27,35,36,37
834,6,15,16,17,25,26,27,35,36,37
835,6,15,16,17,25,26,27,35,36,37
836,6,15,16,17,25,26,27,35,36,37
837,6,15,16,17,25,26,27,35,36,37
838,6,15,16,17,25,26,27,35,36,37
839,6,15,16,17,25,26,27,35,36,37
840,6,15,16,17,25,26,27,35,36,37
841,6,15,16,17,25,26,27,35,36,37
842,6,15,16,17,25,26,27,35,36,37
843,6,15,16,17,25,26,27,35,36,37
844,6,15,16,17,25,26,27,35,36,37
845,6,15,16,17,25,26,27,35,36,37
846,6,15,16,17,25,26,27,35,36,37
847,6,15,16,17,25,26,27,35,36,37
848,6,15,16,17,25,26,27,35,36,37
849,6,15,16,17,25,26,27,35,36,37
850,6,15,16,17,25,26,27,35,36,37
851,6,15,16,17,25,26,27,35,36,37
852,6,15,16,17,25,26,27,35,36,37
853,6,15,16,17,25,26,27,35,36,37
854,6,15,16,17,25,26,27,35,36,37
855,6,15,16,17,25,26,27,35,36,37
856,6,15,16,17,25,26,27,35,36,37
857,6,15,16,17,25,26,27,35,36,37
858,6,15,16,17,25,26,27,35,36,37
859,6,15,16,17,25,26,27,35,36,37
860,6,15,16,17,25,26,27,35,36,37
861,6,15,16,17,25,26,27,35,36,37
862,6,15,16,17,25,26,27,35,36,37
863,6,15,16,17,25,26,27,35,36,37
864,6,15,16,17,25,26,27,35,36,37
865,6,15,16,17,25,26,27,35,36,37
866,6,15,16,17,25,26,27,35,36,37
867,6,15,16,17,25,26,27,35,36,37
868,6,15,16,17,25,26,27,35,36,37
869,6,15,16,17,25,26,27,35,36,37
870,6,15,16,17,25,26,27,35,36,37
871,6,15,16,17,25,26,27,35,36,37
872,6,15,16,17,25,26,27,35,36,37
873,6,15,16,17,25,26,27,35,36,37
874,6,15,16,17,25,26,27,35,36,37
875,6,15,16,17,25,26,27,35,36,37
876,6,15,16,17,25,26,27,35,36,37
877,6,15,16,17,25,26,27,35,36,37
878,6,15,16,17,25,26,27,35,36,37
879,6,15,16,17,25,26,27,35,36,37
880,6,15,16,17,25,26,27,35,36,37
881,6,15,16,17,25,26,27,35,36,37
882,6,15,16,17,25,26,27,35,36,37
883,6,15,16,17,25,26,27,35,36,37
884,6,15,16,17,25,26,27,35,36,37
885,6,15,16,17,25,26,27,35,36,37
886,6,15,16,17,25,26,27,35,36,37
887,6,15,16,17,25,26,27,35,36,37
888,6,15,16,17,25,26,27,35,36,37
889,6,15,16,17,25,26,27,35,36,37
890,6,15,16,17,25,26,27,35,36,37
891,6,15,16,17,25,26,27,35,36,37
892,6,15,16,17,25,26,27,35,36,37
893,6,15,16,17,25,26,27,35,36,37
894,6,15,16,17,25,26,27,35,36,37
895,6,15,16,17,25,26,27,35,36,37
896,6,15,16,17,25,26,27,35,36,37
897,6,15,16,17,25,26,27,35,36,37
898,6,15,16,17,25,26,27,35,36,37
899,6,15,16,17,25,26,27,35,36,37
900,6,15,16,17,25,26,27,35,36,37
901,6,15,16,17,25,26,27,35,36,37
902,6,15,16,17,25,26,27,35,36,37
903,6,15,16,17,25,26,27,35,36,37
904,6,15,16,17,25,26,27,35,36,37
905,6,15,16,17,25,26,27,35,36,37
906,6,15,16,17,25,26,27,35,36,37
907,6,15,16,17,25,26,27,35,36,37
908,6,15,16,17,25,26,27,35,36,37
909,6,15,16,17,25,26,27,35,36,37
910,6,15,16,17,25,26,27,35,36,37
911,6,15,16,17,25,26,27,35,36,37
912,6,15,16,17,25,26,27,35,36,37
913,6,15,16,17,25,26,27,35,36,37
914,6,15,16,17,25,26,27,35,36,37
915,6,15,16,17,25,26,27,35,36,37
916,6,15,16,17,25,26,27,35,36,37
917,6,15,16,17,25,26,27,35,36,37
918,6,15,16,17,25,26,27,35,36,37
919,6,15,16,17,25,26,27,35,36,37
920,6,15,16,17,25,26,27,35,36,37
921,6,15,16,17,25,26,27,35,36,37
922,6,15,16,17,25,26,27,35,36,37
923,6,15,16,17,25,26,27,35,36,37
924,6,15,16,17,25,26,27,35,36,37
925,6,15,16,17,25,26,27,35,36,37
926,6,15,16,17,25,26,27,35,36,37
927,6,15,16,17,25,26,27,35,36,37
928,6,15,16,17,25,26,27,35,36,37
929,6,15,16,17,25,26,27,35,36,37
930,6,15,16,17,25,26,27,35,36,37
931,6,15,16,17,25,26,27,35,36,37
932,6,15,16,17,25,26,27,35,36,37
933,6,15,16,17,25,26,27,35,36,37
934,6,15,16,17,25,26,27,35,36,37
935,6,15,16,17,25,26,27,35,36,37
936,6,15,16,17,25,26,27,35,36,37
937,6,15,16,17,25,26,27,35,36,37
938,6,15,16,17,25,26,27,35,36,37
939,6,15,16,17,25,26,27,35,36,37
940,6,15,16,17,25,26,27,35,36,37
941,6,15,16,17,25,26,27,35,36,37
942,6,15,16,17,25,26,27,35,36,37
943,6,15,16,17,25,26,27,35,36,37
944,6,15,16,17,25,26,27,35,36,37
945,6,15,16,17,25,26,27,35,36,37
946,6,15,16,17,25,26,27,35,36,37
947,6,15,16,17,25,26,27,35,36,37
948,6,15,16,17,25,26,27,35,36,37
949,6,15,16,17,25,26,27,35,36,37
950,6,15,16,17,25,26,27,35,36,37
951,6,15,16,17,25,26,27,35,36,37
952,6,15,16,17,25,26,27,35,36,37
953,6,15,16,17,25,26,27,35,36,37
954,6,15,16,17,25,26,27,35,36,37
955,6,15,16,17,25,26,27,35,36,37
956,6,15,16,17,25,26,27,35,36,37
957,6,15,16,17,25,26,27,35,36,37
958,6,15,16,17,25,26,27,35,36,37
959,6,15,16,17,25,26,27,35,36,37
960,6,15,16,17,25,26,27,35,36,37
961,15,16,17,25,26,27,35,36,37
962,15,16,17,25,26,27,35,36,37
963,15,16,17,25,26,27,35,36,37,46
964,15,16,17,25,26,27,35,36,37,46
965,15,16,17,25,26,27,35,36,37,45,46,47
966,15,16,17,25,26,27,35,36,37,45,46,47
967,15,16,17,25,26,27,35,36,37,45,46,47
968,15,16,17,25,26,27,35,36,37,45,46,47
969,15,16,17,25,26,27,35,36,37,45,46,47
970,15,16,17,25,26,27,35,36,37,45,46,47
971,15,16,17,25,26,27,35,36,37,45,46,47
972,15,16,17,25,26,27,35,36,37,45,46,47
973,15,16,17,25,26,27,35,36,37,45,46,47
974,15,16,17,25,26,27,35,36,37,45,46,47
975,15,16,17,25,26,27,35,36,37,45,46,47
976,15,16,17,25,26,27,35,36,37,45,46,47
977,15,16,17,25,26,27,35,36,37,45,46,47
978,15,16,17,25,26,27,35,36,37,45,46,47
979,15,16,17,25,26,27,35,36,37,45,46,47
980,15,16,17,25,26,27,35,36,37,45,46,47
981,15,16,17,25,26,27,35,36,37,45,46,47
982,15,16,17,25,26,27,35,36,37,45,46,47
983,15,16,17,25,26,27,35,36,37,45,46,47
984,15,16,17,25,26,27,35,36,37,45,46,47
985,15,16,17,25,26,27,35,36,37,45,46,47
986,15,16,17,25,26,27,35,36,37,45,46,47
987,15,16,17,25,26,27,35,36,37,45,46,47
988,15,16,17,25,26,27,35,36,37,45,46,47
989,15,16,17,25,26,27,35,36,37,45,46,47
990,15,16,17,25,26,27,35,36,37,45,46,47
991,15,16,17,25,26,27,35,36,37,45,46,47
992,15,16,17,25,26,27,35,36,37,45,46,47
993,15,16,17,25,26,27,35,36,37,45,46,47
994,15,16,17,25,26,27,35,36,37,45,46,47
995,15,16,17,25,26,27,35,36,37,45,46,47
996,15,16,17,25,26,27,35,36,37,45,46,47
997,15,16,17,25,26,27,35,36,37,45,46,47
998,15,16,17,25,26,27,35,36,37,45,46,47
999,15,16,17,25,26,27,35,36,37,45,46,47
1000,15,16,17,25,26,27,35,36,37,45,46,47
1001,15,16,17,25,26,27,35,36,37,45,46,47
1002,15,16,17,25,26,27,35,36,37,45,46,47
1003,15,16,17,25,26,27,35,36,37,45,46,47
1004,15,16,17,25,26,27,35,36,37,45,46,47
1005,15,16,17,25,26,27,35,36,37,45,46,47
1006,15,16,17,25,26,27,35,36,37,45,46,47
1007,15,16,17,25,26,27,35,36,37,45,46,47
1008,15,16,17,25,26,27,35,36,37,45,46,47
1009,15,16,17,25,26,27,35,36,37,45,46,47
1010,15,16,17,25,26,27,35,36,37,45,46,47
1011,15,16,17,25,26,27,35,36,37,45,46,47
1012,15,16,17,25,26,27,35,36,37,45,46,47
1013,15,16,17,25,26,27,35,36,37,45,46,47
1014,15,16,17,25,26,27,35,36,37,45,46,47
1015,15,16,17,25,26,27,28,35,36,37,38,45,46,47
1016,15,16,17,25,26,27,28,35,36,37,38,45,46,47
1017,15,16,17,25,26,27,28,35,36,37,38,45,46,47
1018,15,16,17,25,26,27,28,35,36,37,38,45,46,47
1019,15,16,17,25,26,27,28,35,36,37,38,45,46,47
1020,15,16,17,25,26,27,28,35,36,37,38,45,46,47
1021,15,16,17,25,26,27,28,35,36,37,38,45,46,47
1022,15,16,17,25,26,27,28,35,36,37,38,45,46,47
1023,15,16,17,25,26,27,28,35,36,37,38,45,46,47
1024,15,16,17,25,26,27,28,35,36,37,38,45,46,47
1025,15,16,17,25,26,27,28,35,36,37,38,45,46,47
1026,15,16,17,25,26,27,28,35,36,37,38,45,46,47
1027,15,16,17,25,26,27,28,35,36,37,38,45,46,47
1028,15,16,17,25,26,27,28,35,36,37,38,45,46,47
1029,15,16,17,25,26,27,28,35,36,37,38,45,46,47
1030,15,16,17,25,26,27,28,35,36,37,38,45,46,47
1031,15,16,17,25,26,27,28,35,36,37,38,45,46,47
1032,15,16,17,25,26,27,28,35,36,37,38,45,46,47
1033,15,16,17,25,26,27,28,35,36,37,38,45,46,47
1034,15,16,17,25,26,27,28,35,36,37,38,45,46,47
1035,15,16,17,25,26,27,28,35,36,37,38,45,46,47
1036,15,16,17,25,26,27,28,35,36,37,38,45,46,47
1037,15,16,17,25,26,27,28,35,36,37,38,45,46,47
1038,15,16,17,25,26,27,28,35,36,37,38,45,46,47
1039,15,16,17,25,26,27,28,35,36,37,38,45,46,47
1040,15,16,17,25,26,27,28,35,36,37,38,45,46,47
1041,16,17,25,26,27,28,35,36,37,38,45,46,47,48
1042,16,17,25,26,27,28,35,36,37,38,45,46,47,48
1043,16,17,25,26,27,28,35,36,37,38,45,46,47,48
1044,16,17,25,26,27,28,35,36,37,38,45,46,47,48
1045,16,17,25,26,27,28,35,36,37,38,45,46,47,48
1046,16,17,25,26,27,28,35,36,37,38,45,46,47,48
1047,16,17,25,26,27,28,35,36,37,38,45,46,47,48
1048,16,17,25,26,27,28,35,36,37,38,45,46,47,48
1049,16,17,25,26,27,28,35,36,37,38,45,46,47,48
1050,16,17,25,26,27,28,35,36,37,38,45,46,47,48
1051,16,17,25,26,27,28,35,36,37,38,45,46,47,48
1052,16,17,25,26,27,28,35,36,37,38,45,46,47,48
1053,16,17,25,26,27,28,35,36,37,38,45,46,47,48
1054,16,17,25,26,27,28,35,36,37,38,45,46,47,48
1055,16,17,25,26,27,28,35,36,37,38,45,46,47,48
1056,16,17,25,26,27,28,35,36,37,38,45,46,47,48
1057,16,17,25,26,27,28,35,36,37,38,45,46,47,48
1058,16,17,25,26,27,28,35,36,37,38,45,46,47,48
1059,16,17,25,26,27,28,35,36,37,38,45,46,47,48
1060,16,17,25,26,27,28,35,36,37,38,45,46,47,48
1061,16,17,25,26,27,28,35,36,37,38,45,46,47,48
1062,16,17,25,26,27,28,35,36,37,38,45,46,47,48
1063,16,17,25,26,27,28,35,36,37,38,45,46,47,48
1064,16,17,25,26,27,28,35,36,37,38,45,46,47,48
1065,16,17,25,26,27,28,35,36,37,38,45,46,47,48
1066,16,17,25,26,27,28,35,36,37,38,45,46,47,48
1067,16,17,25,26,27,28,35,36,37,38,45,46,47,48
1068,16,17,25,26,27,28,35,36,37,38,45,46,47,48
1069,16,17,25,26,27,28,35,36,37,38,45,46,47,48
1070,16,17,25,26,27,28,35,36,37,38,45,46,47,48
1071,16,17,25,26,27,28,35,36,37,38,45,46,47,48
1072,16,17,25,26,27,28,35,36,37,38,45,46,47,48
1073,16,17,25,26,27,28,35,36,37,38,45,46,47,48
1074,16,17,25,26,27,28,35,36,37,38,45,46,47,48
1075,16,17,25,26,27,28,35,36,37,38,45,46,47,48
1076,16,17,25,26,27,28,35,36,37,38,45,46,47,48
1077,16,17,25,26,27,28,35,36,37,38,45,46,47,48
1078,16,17,25,26,27,28,35,36,37,38,45,46,47,48
1079,16,17,25,26,27,28,35,36,37,38,45,46,47,48
1080,16,17,25,26,27,28,35,36,37,38,45,46,47,48
1081,16,17,25,26,27,28,35,36,37,38,45,46,47,48
1082,16,17,25,26,27,28,35,36,37,38,45,46,47,48
1083,16,17,25,26,27,28,35,36,37,38,45,46,47,48
1084,16,17,25,26,27,28,35,36,37,38,45,46,47,48
1085,16,17,25,26,27,28,35,36,37,38,45,46,47,48
1086,16,17,25,26,27,28,35,36,37,38,45,46,47,48
1087,16,17,25,26,27,28,35,36,37,38,45,46,47,48
1088,16,17,25,26,27,28,35,36,37,38,45,46,47,48
1089,16,17,25,26,27,28,35,36,37,38,45,46,47,48
1090,16,17,25,26,27,28,35,36,37,38,45,46,47,48
1091,16,17,25,26,27,28,35,36,37,38,45,46,47,48
1092,16,17,25,26,27,28,35,36,37,38,45,46,47,48
1093,16,17,25,26,27,28,35,36,37,38,45,46,47,48
1094,16,17,25,26,27,28,35,36,37,38,45,46,47,48
1095,16,17,25,26,27,28,35,36,37,38,45,46,47,48
1096,16,17,25,26,27,28,35,36,37,38,45,46,47,48
1097,16,17,25,26,27,28,35,36,37,38,45,46,47,48
1098,16,17,25,26,27,28,35,36,37,38,45,46,47,48
1099,16,17,25,26,27,28,35,36,37,38,45,46,47,48
1100,16,17,25,26,27,28,35,36,37,38,45,46,47,48
1101,16,17,25,26,27,28,35,36,37,38,45,46,47,48
1102,16,17,25,26,27,28,35,36,37,38,45,46,47,48
1103,16,17,25,26,27,28,35,36,37,38,45,46,47,48
1104,16,17,25,26,27,28,35,36,37,38,45,46,47,48
1105,16,17,25,26,27,28,35,36,37,38,45,46,47,48
1106,16,17,25,26,27,28,35,36,37,38,45,46,47,48
1107,16,17,25,26,27,28,35,36,37,38,45,46,47,48
1108,16,17,25,26,27,28,35,36,37,38,45,46,47,48
1109,16,17,25,26,27,28,35,36,37,38,45,46,47,48
1110,16,17,25,26,27,28,35,36,37,38,45,46,47,48
1111,16,17,25,26,27,28,35,36,37,38,45,46,47,48
1112,16,17,25,26,27,28,35,36,37,38,45,46,47,48
1113,16,17,25,26,27,28,35,36,37,38,45,46,47,48
1114,16,17,25,26,27,28,35,36,37,38,45,46,47,48
1115,16,17,25,26,27,28,35,36,37,38,45,46,47,48
1116,16,17,25,26,27,28,35,36,37,38,45,46,47,48
1117,16,17,25,26,27,28,35,36,37,38,45,46,47,48
1118,16,17,25,26,27,28,35,36,37,38,45,46,47,48
1119,16,17,25,26,27,28,35,36,37,38,45,46,47,48
1120,16,17,25,26,27,28,35,36,37,38,45,46,47,48
1121,16,17,25,26,27,28,35,36,37,38,45,46,47,48
1122,16,17,25,26,27,28,35,36,37,38,45,46,47,48
1123,16,17,25,26,27,28,35,36,37,38,45,46,47,48
1124,16,17,25,26,27,28,35,36,37,38,45,46,47,48
1125,16,17,25,26,27,28,35,36,37,38,45,46,47,48
1126,16,17,25,26,27,28,35,36,37,38,45,46,47,48
1127,16,17,25,26,27,28,35,36,37,38,45,46,47,48
1128,16,17,25,26,27,28,35,36,37,38,45,46,47,48
1129,16,17,25,26,27,28,35,36,37,38,45,46,47,48
1130,16,17,25,26,27,28,35,36,37,38,45,46,47,48
1131,16,17,25,26,27,28,35,36,37,38,45,46,47,48
1132,16,17,25,26,27,28,35,36,37,38,45,46,47,48
1133,16,17,25,26,27,28,35,36,37,38,45,46,47,48
1134,16,17,25,26,27,28,35,36,37,38,45,46,47,48
1135,16,17,25,26,27,28,35,36,37,38,45,46,47,48
1136,16,17,25,26,27,28,35,36,37,38,45,46,47,48
1137,16,17,25,26,27,28,35,36,37,38,45,46,47,48
1138,16,17,25,26,27,28,35,36,37,38,45,46,47,48
1139,16,17,25,26,27,28,35,36,37,38,45,46,47,48
1140,16,17,25,26,27,28,35,36,37,38,45,46,47,48
1141,16,17,25,26,27,28,35,36,37,38,45,46,47,48
1142,16,17,25,26,27,28,35,36,37,38,45,46,47,48
1143,16,17,25,26,27,28,35,36,37,38,45,46,47,48
1144,16,17,25,26,27,28,35,36,37,38,45,46,47,48
1145,16,17,25,26,27,28,35,36,37,38,45,46,47,48
1146,16,17,25,26,27,28,35,36,37,38,45,46,47,48
1147,16,17,25,26,27,28,35,36,37,38,45,46,47,48
1148,16,17,25,26,27,28,35,36,37,38,45,46,47,48
1149,16,17,25,26,27,28,35,36,37,38,45,46,47,48
1150,16,17,25,26,27,28,35,36,37,38,45,46,47,48
1151,16,17,25,26,27,28,35,36,37,38,45,46,47,48
1152,16,17,25,26,27,28,35,36,37,38,45,46,47,48
1153,16,17,25,26,27,28,35,36,37,38,45,46,47,48
1154,16,17,25,26,27,28,35,36,37,38,45,46,47,48
1155,16,17,25,26,27,28,35,36,37,38,45,46,47,48
1156,16,17,25,26,27,28,35,36,37,38,45,46,47,48
1157,16,17,25,26,27,28,35,36,37,38,45,46,47,48
1158,16,17,25,26,27,28,35,36,37,38,45,46,47,48
1159,16,17,25,26,27,28,35,36,37,38,45,46,47,48
1160,16,17,25,26,27,28,35,36,37,38,45,46,47,48
1161,16,17,25,26,27,28,35,36,37,38,45,46,47,48
1162,16,17,25,26,27,28,35,36,37,38,45,46,47,48
1163,16,17,25,26,27,28,35,36,37,38,45,46,47,48
1164,16,17,25,26,27,28,35,36,37,38,45,46,47,48
1165,16,17,25,26,27,28,35,36,37,38,45,46,47,48
1166,16,17,25,26,27,28,35,36,37,38,45,46,47,48
1167,16,17,25,26,27,28,35,36,37,38,45,46,47,48
1168,16,17,25,26,27,28,35,36,37,38,45,46,47,48
1169,16,17,25,26,27,28,35,36,37,38,45,46,47,48
1170,16,17,25,26,27,28,35,36,37,38,45,46,47,48
1171,16,17,25,26,27,28,35,36,37,38,45,46,47,48
1172,16,17,25,26,27,28,35,36,37,38,45,46,47,48
1173,16,17,25,26,27,28,35,36,37,38,45,46,47,48
1174,16,17,25,26,27,28,35,36,37,38,45,46,47,48
1175,16,17,25,26,27,28,35,36,37,38,45,46,47,48
1176,16,17,25,26,27,28,35,36,37,38,45,46,47,48
1177,16,17,25,26,27,28,35,36,37,38,45,46,47,48
1178,16,17,25,26,27,28,35,36,37,38,45,46,47,48
1179,16,17,25,26,27,28,35,36,37,38,45,46,47,48
1180,16,17,25,26,27,28,35,36,37,38,45,46,47,48
1181,16,17,25,26,27,28,35,36,37,38,45,46,47,48
1182,16,17,25,26,27,28,35,36,37,38,45,46,47,48
1183,16,17,25,26,27,28,35,36,37,38,45,46,47,48
1184,16,17,25,26,27,28,35,36,37,38,45,46,47,48
1185,16,17,25,26,27,28,35,36,37,38,45,46,47,48
1186,16,17,25,26,27,28,35,36,37,38,45,46,47,48
1187,16,17,25,26,27,28,35,36,37,38,45,46,47,48
1188,16,17,25,26,27,28,35,36,37,38,45,46,47,48
1189,16,17,25,26,27,28,35,36,37,38,45,46,47,48
1190,16,17,25,26,27,28,35,36,37,38,45,46,47,48
1191,16,17,25,26,27,28,35,36,37,38,45,46,47,48
1192,16,17,25,26,27,28,35,36,37,38,45,46,47,48
1193,16,17,25,26,27,28,35,36,37,38,45,46,47,48
1194,16,17,25,26,27,28,35,36,37,38,45,46,47,48
1195,16,17,25,26,27,28,35,36,37,38,45,46,47,48
1196,16,17,25,26,27,28,35,36,37,38,45,46,47,48
1197,16,17,25,26,27,28,35,36,37,38,45,46,47,48
1198,16,17,25,26,27,28,35,36,37,38,45,46,47,48
1199,16,17,25,26,27,28,35,36,37,38,45,46,47
1200,16,17,25,26,27,28,35,36,37,38,45,46,47
1201,16,17,25,26,27,35,36,37,38,45,46,47
1202,16,17,25,26,27,35,36,37,38,45,46,47
1203,16,17,24,25,26,27,34,35,36,37,45,46,47
1204,16,17,24,25,26,27,34,35,36,37,45,46,47
1205,16,17,24,25,26,27,34,35,36,37,45,46,47
1206,16,17,24,25,26,27,34,35,36,37,45,46,47
1207,16,17,24,25,26,27,34,35,36,37,45,46,47
1208,16,17,24,25,26,27,34,35,36,37,45,46,47
1209,15,16,17,24,25,26,27,34,35,36,37,45,46,47
1210,15,16,17,24,25,26,27,34,35,36,37,45,46,47
1211,15,16,17,24,25,26,27,34,35,36,37,45,46,47
1212,15,16,17,24,25,26,27,34,35,36,37,45,46,47
1213,15,16,17,24,25,26,27,34,35,36,37,45,46,47
1214,15,16,17,24,25,26,27,34,35,36,37,45,46,47
1215,15,16,17,24,25,26,27,34,35,36,37,45,46,47
1216,15,16,17,24,25,26,27,34,35,36,37,45,46,47
1217,15,16,17,24,25,26,27,34,35,36,37,45,46,47
1218,15,16,17,24,25,26,27,34,35,36,37,45,46,47
1219,15,16,17,24,25,26,27,34,35,36,37,45,46,47
1220,15,16,17,24,25,26,27,34,35,36,37,45,46,47
1221,15,16,17,24,25,26,27,34,35,36,37,45,46,47
1222,15,16,17,24,25,26,27,34,35,36,37,45,46,47
1223,15,16,17,24,25,26,27,34,35,36,37,45,46,47
1224,15,16,17,24,25,26,27,34,35,36,37,45,46,47
1225,15,16,17,24,25,26,27,34,35,36,37,45,46,47
1226,15,16,17,24,25,26,27,34,35,36,37,45,46,47
1227,15,16,17,24,25,26,27,34,35,36,37,45,46,47
1228,15,16,17,24,25,26,27,34,35,36,37,45,46,47
1229,15,16,17,24,25,26,27,34,35,36,37,45,46,47
1230,15,16,17,24,25,26,27,34,35,36,37,45,46,47
1231,15,16,17,24,25,26,27,34,35,36,37,45,46,47
1232,15,16,17,24,25,26,27,34,35,36,37,45,46,47
1233,15,16,17,24,25,26,27,34,35,36,37,45,46,47
1234,15,16,17,24,25,26,27,34,35,36,37,45,46,47
1235,14,15,16,17,24,25,26,27,34,35,36,37,45,46
1236,14,15,16,17,24,25,26,27,34,35,36,37,45,46
1237,14,15,16,24,25,26,27,34,35,36,37,45,46
1238,14,15,16,24,25,26,27,34,35,36,37,45,46
1239,14,15,16,24,25,26,27,34,35,36,37,45,46
1240,14,15,16,24,25,26,27,34,35,36,37,45,46
1241,14,15,16,24,25,26,27,34,35,36,37,45,46
1242,14,15,16,24,25,26,27,34,35,36,37,45,46
1243,14,15,16,24,25,26,27,34,35,36,37,45,46
1244,14,15,16,24,25,26,27,34,35,36,37,45,46
1245,14,15,16,24,25,26,27,34,35,36,37,45,46
1246,14,15,16,24,25,26,27,34,35,36,37,45,46
1247,14,15,16,24,25,26,27,34,35,36,37,45,46
1248,14,15,16,24,25,26,27,34,35,36,37,45,46
1249,14,15,16,24,25,26,27,34,35,36,45,46
1250,14,15,16,24,25,26,27,34,35,36,45,46
1251,14,15,16,24,25,26,27,34,35,36,45,46
1252,14,15,16,24,25,26,27,34,35,36,45,46
1253,14,15,16,24,25,26,34,35,36,45,46
1254,14,15,16,24,25,26,34,35,36,45,46
1255,14,15,16,24,25,26,34,35,36,45,46
1256,14,15,16,24,25,26,34,35,36,45,46
1257,14,15,16,24,25,26,34,35,36,45,46
1258,14,15,16,24,25,26,34,35,36,45,46
1259,14,15,16,24,25,26,34,35,36,45,46
1260,14,15,16,24,25,26,34,35,36,45,46
1261,14,15,16,24,25,26,34,35,36,45,46
1262,14,15,16,24,25,26,34,35,36,45,46
1263,14,15,16,24,25,26,34,35,36,45,46
1264,14,15,16,24,25,26,34,35,36,45,46
1265,14,15,16,24,25,26,34,35,36,44,45
1266,14,15,16,24,25,26,34,35,36,44,45
1267,14,15,16,24,25,26,34,35,36,44,45
1268,14,15,16,24,25,26,34,35,36,44,45
1269,14,15,16,24,25,26,34,35,36,44,45
1270,14,15,16,24,25,26,34,35,36,44,45
1271,14,15,16,24,25,26,34,35,36,44,45
1272,14,15,16,24,25,26,34,35,36,44,45
1273,14,15,16,24,25,26,34,35,36,44,45
1274,14,15,16,24,25,26,34,35,36,44,45
1275,14,15,16,23,24,25,26,34,35,36,44,45
1276,14,15,16,23,24,25,26,34,35,36,44,45
1277,14,15,16,23,24,25,26,34,35,36,44,45
1278,14,15,16,23,24,25,26,34,35,36,44,45
1279,14,15,16,23,24,25,26,33,34,35,36,44,45
1280,14,15,16,23,24,25,26,33,34,35,36,44,45
1281,14,15,16,23,24,25,26,34,35,36,44,45
1282,14,15,16,23,24,25,26,34,35,36,44,45
1283,14,15,16,23,24,25,26,34,35,36,44,45
1284,14,15,16,23,24,25,26,34,35,36,44,45
1285,14,15,16,23,24,25,26,34,35,36,44,45
1286,14,15,16,23,24,25,26,34,35,36,44,45
1287,14,15,16,23,24,25,26,34,35,36,44,45
1288,14,15,16,23,24,25,26,34,35,36,44,45
1289,14,15,16,23,24,25,26,34,35,36,44,45
1290,14,15,16,23,24,25,26,34,35,36,44,45
1291,14,15,16,23,24,25,26,34,35,36,44,45
1292,14,15,16,23,24,25,26,34,35,36,44,45
1293,14,15,16,23,24,25,26,34,35,36,45
1294,14,15,16,23,24,25,26,34,35,36,45
1295,14,15,16,23,24,25,26,34,35,36,45
1296,14,15,16,23,24,25,26,34,35,36,45
1297,14,15,16,23,24,25,26,34,35,36
1298,14,15,16,23,24,25,26,34,35,36
1299,5,14,15,16,24,25,26,34,35,36
1300,5,14,15,16,24,25,26,34,35,36
1301,5,14,15,16,24,25,26,34,35,36
1302,5,14,15,16,24,25,26,34,35,36
1303,5,6,14,15,16,24,25,26,34,35,36
1304,5,6,14,15,16,24,25,26,34,35,36
1305,5,6,14,15,16,24,25,26,34,35,36
1306,5,6,14,15,16,24,25,26,34,35,36
1307,5,6,14,15,16,24,25,26,34,35,36
1308,5,6,14,15,16,24,25,26,34,35,36
1309,5,6,14,15,16,24,25,26,34,35,36
1310,5,6,14,15,16,24,25,26,34,35,36
1311,5,6,14,15,16,24,25,26,34,35,36
1312,5,6,14,15,16,24,25,26,34,35,36
1313,5,6,14,15,16,24,25,26,34,35,36
1314,5,6,14,15,16,24,25,26,34,35,36
1315,5,6,14,15,16,24,25,26,34,35,36
1316,5,6,14,15,16,24,25,26,34,35,36
1317,5,6,14,15,16,24,25,26,34,35,36
1318,5,6,14,15,16,24,25,26,34,35,36
1319,5,6,14,15,16,24,25,26,34,35,36
1320,5,6,14,15,16,24,25,26,34,35,36
1321,5,6,14,15,16,24,25,26,34,35,36
1322,5,6,14,15,16,24,25,26,34,35,36
1323,4,5,6,14,15,16,24,25,26,34,35,36
1324,4,5,6,14,15,16,24,25,26,34,35,36
1325,4,5,6,14,15,16,17,24,25,26,27,34,35,36
1326,4,5,6,14,15,16,17,24,25,26,27,34,35,36
1327,4,5,6,14,15,16,17,24,25,26,27,34,35,36
1328,4,5,6,14,15,16,17,24,25,26,27,34,35,36
1329,4,5,6,7,14,15,16,17,24,25,26,27,34,35,36
1330,4,5,6,7,14,15,16,17,24,25,26,27,34,35,36
1331,4,5,6,7,14,15,16,17,24,25,26,27,35,36
1332,4,5,6,7,14,15,16,17,24,25,26,27,35,36
1333,4,5,6,7,14,15,16,17,24,25,26,27,35,36
1334,4,5,6,7,14,15,16,17,24,25,26,27,35,36
1335,4,5,6,7,14,15,16,17,24,25,26,27,35,36
1336,4,5,6,7,14,15,16,17,24,25,26,27,35,36
1337,4,5,6,7,14,15,16,17,24,25,26,27,35,36
1338,4,5,6,7,14,15,16,17,24,25,26,27,35,36
1339,3,4,5,6,7,13,14,15,16,17,24,25,26,27,35
1340,3,4,5,6,7,13,14,15,16,17,24,25,26,27,35
1341,3,4,5,6,7,13,14,15,16,17,24,25,26,27,35
1342,3,4,5,6,7,13,14,15,16,17,24,25,26,27,35
1343,3,4,5,6,7,13,14,15,16,17,24,25,26,27,35
1344,3,4,5,6,7,13,14,15,16,17,24,25,26,27,35
1345,3,4,5,6,7,13,14,15,16,17,24,25,26,27,35
1346,3,4,5,6,7,13,14,15,16,17,24,25,26,27,35
1347,3,4,5,6,7,13,14,15,16,17,24,25,26,27,35
1348,3,4,5,6,7,13,14,15,16,17,24,25,26,27,35
1349,3,4,5,6,7,13,14,15,16,17,24,25,26,27,35
1350,3,4,5,6,7,13,14,15,16,17,24,25,26,27,35
1351,3,4,5,6,7,13,14,15,16,17,24,25,26,27,35
1352,3,4,5,6,7,13,14,15,16,17,24,25,26,27,35
1353,3,4,5,6,7,13,14,15,16,17,24,25,26,27,35
1354,3,4,5,6,7,13,14,15,16,17,24,25,26,27,35
1355,3,4,5,6,7,13,14,15,16,17,24,25,26,27,35
1356,3,4,5,6,7,13,14,15,16,17,24,25,26,27,35
1357,3,4,5,6,7,13,14,15,16,17,24,25,26,27,35
1358,3,4,5,6,7,13,14,15,16,17,24,25,26,27,35
1359,3,4,5,6,7,13,14,15,16,17,24,25,26,27,35
1360,3,4,5,6,7,13,14,15,16,17,24,25,26,27,35
1361,3,4,5,6,7,13,14,15,16,17,24,25,26,27,35
1362,3,4,5,6,7,13,14,15,16,17,24,25,26,27,35
1363,3,4,5,6,7,13,14,15,16,17,24,25,26,27,35
1364,3,4,5,6,7,13,14,15,16,17,24,25,26,27,35
1365,3,4,5,6,7,13,14,15,16,17,24,25,26,27,35
1366,3,4,5,6,7,13,14,15,16,17,24,25,26,27,35
1367,3,4,5,6,7,13,14,15,16,17,24,25,26,27,35
1368,3,4,5,6,7,13,14,15,16,17,24,25,26,27,35
1369,3,4,5,6,7,13,14,15,16,17,24,25,26,27,35
1370,3,4,5,6,7,13,14,15,16,17,24,25,26,27,35
1371,3,4,5,6,7,13,14,15,16,17,24,25,26,27,35
1372,3,4,5,6,7,13,14,15,16,17,24,25,26,27,35
1373,3,4,5,6,7,13,14,15,16,17,24,25,26,27,35
1374,3,4,5,6,7,13,14,15,16,17,24,25,26,27,35
1375,3,4,5,6,7,13,14,15,16,17,24,25,26,27,35
1376,3,4,5,6,7,13,14,15,16,17,24,25,26,27,35
1377,3,4,5,6,7,13,14,15,16,17,24,25,26,27,35
1378,3,4,5,6,7,13,14,15,16,17,24,25,26,27,35
1379,3,4,5,6,7,13,14,15,16,17,24,25,26,27,35
1380,3,4,5,6,7,13,14,15,16,17,24,25,26,27,35
1381,3,4,5,6,7,13,14,15,16,17,24,25,26,27,35
1382,3,4,5,6,7,13,14,15,16,17,24,25,26,27,35
1383,3,4,5,6,7,13,14,15,16,17,24,25,26,27,35
1384,3,4,5,6,7,13,14,15,16,17,24,25,26,27,35
1385,3,4,5,6,7,13,14,15,16,17,24,25,26,27,35
1386,3,4,5,6,7,13,14,15,16,17,24,25,26,27,35
1387,3,4,5,6,7,13,14,15,16,17,24,25,26,27,35
1388,3,4,5,6,7,13,14,15,16,17,24,25,26,27,35
1389,3,4,5,6,7,13,14,15,16,17,24,25,26,27,35
1390,3,4,5,6,7,13,14,15,16,17,24,25,26,27,35
1391,3,4,5,6,7,13,14,15,16,17,24,25,26,27,35
1392,3,4,5,6,7,13,14,15,16,17,24,25,26,27,35
1393,3,4,5,6,7,13,14,15,16,17,24,25,26,27,35
1394,3,4,5,6,7,13,14,15,16,17,24,25,26,27,35
1395,3,4,5,6,7,13,14,15,16,17,24,25,26,27,35
1396,3,4,5,6,7,13,14,15,16,17,24,25,26,27,35
1397,3,4,5,6,7,13,14,15,16,17,24,25,26,27,35
1398,3,4,5,6,7,13,14,15,16,17,24,25,26,27,35
1399,3,4,5,6,7,13,14,15,16,17,24,25,26,27,35
1400,3,4,5,6,7,13,14,15,16,17,24,25,26,27,35
1401,3,4,5,6,7,13,14,15,16,17,24,25,26,27,35
1402,3,4,5,6,7,13,14,15,16,17,24,25,26,27,35
1403,3,4,5,6,7,13,14,15,16,17,24,25,26,27,35,36
1404,3,4,5,6,7,13,14,15,16,17,24,25,26,27,35,36
1405,4,5,6,7,14,15,16,17,24,25,26,27,35,36
1406,4,5,6,7,14,15,16,17,24,25,26,27,35,36
1407,4,5,6,7,14,15,16,17,24,25,26,27,35,36
1408,4,5,6,7,14,15,16,17,24,25,26,27,35,36
1409,4,5,6,7,14,15,16,17,24,25,26,27,35,36
1410,4,5,6,7,14,15,16,17,24,25,26,27,35,36
1411,4,5,6,7,14,15,16,17,24,25,26,27,35,36
1412,4,5,6,7,14,15,16,17,24,25,26,27,35,36
1413,4,5,6,7,14,15,16,17,24,25,26,27,35,36
1414,4,5,6,7,14,15,16,17,24,25,26,27,35,36
1415,4,5,6,7,14,15,16,17,24,25,26,27,35,36
1416,4,5,6,7,14,15,16,17,24,25,26,27,35,36
1417,4,5,6,7,14,15,16,17,24,25,26,27,35,36
1418,4,5,6,7,14,15,16,17,24,25,26,27,35,36
1419,4,5,6,7,14,15,16,17,24,25,26,27,35,36
1420,4,5,6,7,14,15,16,17,24,25,26,27,35,36
1421,4,5,6,7,14,15,16,17,24,25,26,27,35,36
1422,4,5,6,7,14,15,16,17,24,25,26,27,35,36
1423,4,5,6,7,14,15,16,17,24,25,26,27,35,36
1424,4,5,6,7,14,15,16,17,24,25,26,27,35,36
1425,4,5,6,7,14,15,16,17,24,25,26,27,35,36
1426,4,5,6,7,14,15,16,17,24,25,26,27,35,36
1427,4,5,6,7,14,15,16,17,24,25,26,27,35,36
1428,4,5,6,7,14,15,16,17,24,25,26,27,35,36
1429,4,5,6,7,14,15,16,17,24,25,26,27,35,36
1430,4,5,6,7,14,15,16,17,24,25,26,27,35,36
1431,4,5,6,7,14,15,16,17,24,25,26,27,35,36
1432,4,5,6,7,14,15,16,17,24,25,26,27,35,36
1433,4,5,6,7,14,15,16,17,24,25,26,27,35,36
1434,4,5,6,7,14,15,16,17,24,25,26,27,35,36
1435,4,5,6,7,14,15,16,17,24,25,26,27,35,36
1436,4,5,6,7,14,15,16,17,24,25,26,27,35,36
1437,4,5,6,7,14,15,16,17,24,25,26,27,35,36
1438,4,5,6,7,14,15,16,17,24,25,26,27,35,36
1439,4,5,6,7,14,15,16,17,24,25,26,27,35,36
1440,4,5,6,7,14,15,16,17,24,25,26,27,35,36
1441,4,5,6,7,14,15,16,17,24,25,26,27,35,36
1442,4,5,6,7,14,15,16,17,24,25,26,27,35,36
1443,4,5,6,7,14,15,16,17,24,25,26,27,35,36
1444,4,5,6,7,14,15,16,17,24,25,26,27,35,36
1445,4,5,6,7,14,15,16,17,24,25,26,27,35,36
1446,4,5,6,7,14,15,16,17,24,25,26,27,35,36
1447,4,5,6,7,14,15,16,17,24,25,26,27,35,36
1448,4,5,6,7,14,15,16,17,24,25,26,27,35,36
1449,4,5,6,7,14,15,16,17,24,25,26,27,35,36
1450,4,5,6,7,14,15,16,17,24,25,26,27,35,36
1451,4,5,6,7,14,15,16,17,24,25,26,27,35,36
1452,4,5,6,7,14,15,16,17,24,25,26,27,35,36
1453,4,5,6,7,14,15,16,17,24,25,26,27,35,36
1454,4,5,6,7,14,15,16,17,24,25,26,27,35,36
1455,4,5,6,7,14,15,16,17,24,25,26,27,35,36
1456,4,5,6,7,14,15,16,17,24,25,26,27,35,36
1457,4,5,6,7,14,15,16,17,18,24,25,26,27,35,36
1458,4,5,6,7,14,15,16,17,18,24,25,26,27,35,36
1459,4,5,6,7,14,15,16,17,18,24,25,26,27,35,36
1460,4,5,6,7,14,15,16,17,18,24,25,26,27,35,36
1461,4,5,6,7,14,15,16,17,18,24,25,26,27,35,36
1462,4,5,6,7,14,15,16,17,18,24,25,26,27,35,36
1463,4,5,6,7,8,14,15,16,17,18,24,25,26,27,35,36
1464,4,5,6,7,8,14,15,16,17,18,24,25,26,27,35,36
1465,4,5,6,7,8,14,15,16,17,18,24,25,26,27,35,36
1466,4,5,6,7,8,14,15,16,17,18,24,25,26,27,35,36
1467,4,5,6,7,8,14,15,16,17,18,24,25,26,27,35,36
1468,4,5,6,7,8,14,15,16,17,18,24,25,26,27,35,36
1469,4,5,6,7,8,14,15,16,17,18,24,25,26,27,35,36
1470,4,5,6,7,8,14,15,16,17,18,24,25,26,27,35,36
1471,4,5,6,7,8,14,15,16,17,18,24,25,26,27,35,36,37
1472,4,5,6,7,8,14,15,16,17,18,24,25,26,27,35,36,37
1473,4,5,6,7,8,14,15,16,17,18,25,26,27,35,36,37
1474,4,5,6,7,8,14,15,16,17,18,25,26,27,35,36,37
1475,4,5,6,7,8,14,15,16,17,18,25,26,27,35,36,37
1476,4,5,6,7,8,14,15,16,17,18,25,26,27,35,36,37
1477,4,5,6,7,8,14,15,16,17,18,25,26,27,35,36,37
1478,4,5,6,7,8,14,15,16,17,18,25,26,27,35,36,37
1479,4,5,6,7,8,14,15,16,17,18,25,26,27,35,36,37
1480,4,5,6,7,8,14,15,16,17,18,25,26,27,35,36,37
1481,4,5,6,7,8,14,15,16,17,18,25,26,27,35,36,37
1482,4,5,6,7,8,14,15,16,17,18,25,26,27,35,36,37
1483,4,5,6,7,8,14,15,16,17,18,24,25,26,27,35,36,37
1484,4,5,6,7,8,14,15,16,17,18,24,25,26,27,35,36,37
1485,4,5,6,7,14,15,16,17,18,24,25,26,27,35,36,37
1486,4,5,6,7,14,15,16,17,18,24,25,26,27,35,36,37
1487,4,5,6,7,14,15,16,17,18,24,25,26,27,35,36,37
1488,4,5,6,7,14,15,16,17,18,24,25,26,27,35,36,37
1489,5,6,7,14,15,16,17,24,25,26,27,35,36,37
1490,5,6,7,14,15,16,17,24,25,26,27,35,36,37
1491,5,6,7,14,15,16,17,24,25,26,27,35,36,37
1492,5,6,7,14,15,16,17,24,25,26,27,35,36,37
1493,5,6,7,14,15,16,17,24,25,26,27,35,36,37
1494,5,6,7,14,15,16,17,24,25,26,27,35,36,37
1495,5,6,7,14,15,16,17,24,25,26,27,35,36,37
1496,5,6,7,14,15,16,17,24,25,26,27,35,36,37
1497,5,6,7,14,15,16,17,24,25,26,27,35,36,37
1498,5,6,7,14,15,16,17,24,25,26,27,35,36,37
1499,5,6,7,14,15,16,17,24,25,26,27,35,36,37
1500,5,6,7,14,15,16,17,24,25,26,27,35,36,37
1501,6,7,14,15,16,17,24,25,26,27,35,36,37
1502,6,7,14,15,16,17,24,25,26,27,35,36,37
1503,6,7,14,15,16,17,24,25,26,27,35,36,37
1504,6,7,14,15,16,17,24,25,26,27,35,36,37
1505,6,7,14,15,16,17,24,25,26,27,35,36,37
1506,6,7,14,15,16,17,24,25,26,27,35,36,37
1507,6,14,15,16,17,24,25,26,27,35,36,37
1508,6,14,15,16,17,24,25,26,27,35,36,37
1509,6,15,16,17,24,25,26,27,35,36,37
1510,6,15,16,17,24,25,26,27,35,36,37
1511,6,15,16,17,24,25,26,27,35,36,37
1512,6,15,16,17,24,25,26,27,35,36,37
1513,6,15,16,17,24,25,26,27,35,36,37
1514,6,15,16,17,24,25,26,27,35,36,37
1515,6,15,16,17,24,25,26,27,35,36,37
1516,6,15,16,17,24,25,26,27,35,36,37
1517,6,15,16,17,24,25,26,27,35,36,37
1518,6,15,16,17,24,25,26,27,35,36,37
1519,6,15,16,17,24,25,26,27,35,36,37
1520,6,15,16,17,24,25,26,27,35,36,37
1521,6,15,16,17,24,25,26,27,35,36,37
1522,6,15,16,17,24,25,26,27,35,36,37
1523,6,15,16,17,24,25,26,27,35,36,37
1524,6,15,16,17,24,25,26,27,35,36,37
1525,6,15,16,17,24,25,26,27,35,36,37
1526,6,15,16,17,24,25,26,27,35,36,37
1527,6,15,16,17,24,25,26,27,35,36,37
1528,6,15,16,17,24,25,26,27,35,36,37
1529,6,15,16,17,24,25,26,27,35,36,37
1530,6,15,16,17,24,25,26,27,35,36,37
1531,6,15,16,17,24,25,26,27,35,36,37
1532,6,15,16,17,24,25,26,27,35,36,37
1533,6,14,15,16,17,24,25,26,27,35,36,37
1534,6,14,15,16,17,24,25,26,27,35,36,37
1535,14,15,16,17,24,25,26,27,34,35,36,37
1536,14,15,16,17,24,25,26,27,34,35,36,37
1537,14,15,16,17,24,25,26,27,34,35,36,37
1538,14,15,16,17,24,25,26,27,34,35,36,37
1539,14,15,16,17,24,25,26,27,34,35,36,37
1540,14,15,16,17,24,25,26,27,34,35,36,37
1541,14,15,16,17,24,25,26,27,34,35,36,37
1542,14,15,16,17,24,25,26,27,34,35,36,37
1543,14,15,16,17,24,25,26,27,34,35,36,37,45,46
1544,14,15,16,17,24,25,26,27,34,35,36,37,45,46
1545,14,15,16,17,24,25,26,27,34,35,36,37,45,46
1546,14,15,16,17,24,25,26,27,34,35,36,37,45,46
1547,14,15,16,17,24,25,26,27,34,35,36,37,45,46
1548,14,15,16,17,24,25,26,27,34,35,36,37,45,46
1549,14,15,16,17,24,25,26,27,34,35,36,37,45,46
1550,14,15,16,17,24,25,26,27,34,35,36,37,45,46
1551,14,15,16,17,24,25,26,27,34,35,36,37,45,46
1552,14,15,16,17,24,25,26,27,34,35,36,37,45,46
1553,14,15,16,17,24,25,26,27,34,35,36,37,45,46
1554,14,15,16,17,24,25,26,27,34,35,36,37,45,46
1555,14,15,16,17,24,25,26,27,34,35,36,37,45,46
1556,14,15,16,17,24,25,26,27,34,35,36,37,45,46
1557,14,15,16,17,24,25,26,27,34,35,36,37,45,46
1558,14,15,16,17,24,25,26,27,34,35,36,37,45,46
1559,14,15,16,17,24,25,26,27,34,35,36,37,45,46
1560,14,15,16,17,24,25,26,27,34,35,36,37,45,46
1561,14,15,16,17,24,25,26,27,34,35,36,37,45,46
1562,14,15,16,17,24,25,26,27,34,35,36,37,45,46
1563,14,15,16,17,24,25,26,27,34,35,36,37,45,46
1564,14,15,16,17,24,25,26,27,34,35,36,37,45,46
1565,14,15,16,17,24,25,26,27,34,35,36,37,45,46
1566,14,15,16,17,24,25,26,27,34,35,36,37,45,46
1567,14,15,16,17,24,25,26,27,34,35,36,37,45,46
1568,14,15,16,17,24,25,26,27,34,35,36,37,45,46
1569,14,15,16,17,24,25,26,27,34,35,36,37,45,46
1570,14,15,16,17,24,25,26,27,34,35,36,37,45,46
1571,14,15,16,17,24,25,26,27,34,35,36,37,45,46
1572,14,15,16,17,24,25,26,27,34,35,36,37,45,46
1573,14,15,16,17,24,25,26,27,34,35,36,37,45,46
1574,14,15,16,17,24,25,26,27,34,35,36,37,45,46
1575,14,15,16,17,24,25,26,27,34,35,36,37,45,46
1576,14,15,16,17,24,25,26,27,34,35,36,37,45,46
1577,14,15,16,17,24,25,26,27,34,35,36,37,45,46
1578,14,15,16,17,24,25,26,27,34,35,36,37,45,46
1579,14,15,16,17,24,25,26,27,34,35,36,37,45,46
1580,14,15,16,17,24,25,26,27,34,35,36,37,45,46
1581,14,15,16,17,24,25,26,27,34,35,36,37,45,46
1582,14,15,16,17,24,25,26,27,34,35,36,37,45,46
1583,14,15,16,17,24,25,26,27,34,35,36,37,45,46
1584,14,15,16,17,24,25,26,27,34,35,36,37,45,46
1585,14,15,16,17,24,25,26,27,34,35,36,37,45,46
1586,14,15,16,17,24,25,26,27,34,35,36,37,45,46
1587,14,15,16,17,24,25,26,27,34,35,36,37,45,46
1588,14,15,16,17,24,25,26,27,34,35,36,37,45,46
1589,14,15,16,17,24,25,26,27,34,35,36,37,45,46
1590,14,15,16,17,24,25,26,27,34,35,36,37,45,46
1591,14,15,16,17,24,25,26,27,34,35,36,37,45,46
1592,14,15,16,17,24,25,26,27,34,35,36,37,45,46
1593,14,15,16,17,24,25,26,27,34,35,36,37,45,46
1594,14,15,16,17,24,25,26,27,34,35,36,37,45,46
1595,14,15,16,17,24,25,26,27,34,35,36,37,45,46
1596,14,15,16,17,24,25,26,27,34,35,36,37,45,46
1597,14,15,16,17,24,25,26,27,34,35,36,37,45,46
1598,14,15,16,17,24,25,26,27,34,35,36,37,45,46
1599,14,15,16,17,24,25,26,27,34,35,36,37,45,46
1600,14,15,16,17,24,25,26,27,34,35,36,37,45,46
1601,14,15,16,17,24,25,26,27,34,35,36,37,45,46
1602,14,15,16,17,24,25,26,27,34,35,36,37,45,46
1603,14,15,16,17,24,25,26,27,34,35,36,37,45,46
1604,14,15,16,17,24,25,26,27,34,35,36,37,45,46
1605,14,15,16,17,24,25,26,27,34,35,36,37,45,46
1606,14,15,16,17,24,25,26,27,34,35,36,37,45,46
1607,14,15,16,17,24,25,26,27,34,35,36,37,45,46
1608,14,15,16,17,24,25,26,27,34,35,36,37,45,46
1609,14,15,16,17,24,25,26,27,34,35,36,37,45,46
1610,14,15,16,17,24,25,26,27,34,35,36,37,45,46
1611,14,15,16,17,24,25,26,27,34,35,36,37,45,46
1612,14,15,16,17,24,25,26,27,34,35,36,37,45,46
1613,14,15,16,17,24,25,26,27,34,35,36,37,45,46
1614,14,15,16,17,24,25,26,27,34,35,36,37,45,46
1615,14,15,16,17,24,25,26,27,34,35,36,37,45,46
1616,14,15,16,17,24,25,26,27,34,35,36,37,45,46
1617,14,15,16,17,24,25,26,27,34,35,36,37,45,46
1618,14,15,16,17,24,25,26,27,34,35,36,37,45,46
1619,14,15,16,17,24,25,26,27,34,35,36,37,45,46
1620,14,15,16,17,24,25,26,27,34,35,36,37,45,46
1621,14,15,16,17,24,25,26,27,34,35,36,37,45,46
1622,14,15,16,17,24,25,26,27,34,35,36,37,45,46
1623,14,15,16,17,24,25,26,27,34,35,36,37,45,46
1624,14,15,16,17,24,25,26,27,34,35,36,37,45,46
1625,14,15,16,17,24,25,26,27,34,35,36,37,45,46
1626,14,15,16,17,24,25,26,27,34,35,36,37,45,46
1627,14,15,16,17,24,25,26,27,34,35,36,37,45,46
1628,14,15,16,17,24,25,26,27,34,35,36,37,45,46
1629,14,15,16,17,24,25,26,27,34,35,36,37,45,46
1630,14,15,16,17,24,25,26,27,34,35,36,37,45,46
1631,14,15,16,17,24,25,26,27,34,35,36,37,45,46
1632,14,15,16,17,24,25,26,27,34,35,36,37,45,46
1633,14,15,16,17,24,25,26,27,34,35,36,37,45,46
1634,14,15,16,17,24,25,26,27,34,35,36,37,45,46
1635,14,15,16,17,24,25,26,27,34,35,36,37,45,46
1636,14,15,16,17,24,25,26,27,34,35,36,37,45,46
1637,14,15,16,17,24,25,26,27,34,35,36,37,45,46
1638,14,15,16,17,24,25,26,27,34,35,36,37,45,46
1639,14,15,16,17,24,25,26,27,34,35,36,37,45,46
1640,14,15,16,17,24,25,26,27,34,35,36,37,45,46
1641,14,15,16,17,24,25,26,27,34,35,36,37,45,46
1642,14,15,16,17,24,25,26,27,34,35,36,37,45,46
1643,14,15,16,17,24,25,26,27,34,35,36,37,45,46
1644,14,15,16,17,24,25,26,27,34,35,36,37,45,46
1645,14,15,16,17,24,25,26,27,34,35,36,37,45,46
1646,14,15,16,17,24,25,26,27,34,35,36,37,45,46
1647,14,15,16,17,24,25,26,27,34,35,36,37,45,46
1648,14,15,16,17,24,25,26,27,34,35,36,37,45,46
1649,14,15,16,17,24,25,26,27,34,35,36,37,45,46
1650,14,15,16,17,24,25,26,27,34,35,36,37,45,46
1651,14,15,16,17,24,25,26,27,34,35,36,37,45,46
1652,14,15,16,17,24,25,26,27,34,35,36,37,45,46
1653,14,15,16,24,25,26,27,34,35,36,37,45,46
1654,14,15,16,24,25,26,27,34,35,36,37,45,46
1655,14,15,16,24,25,26,34,35,36,45,46
1656,14,15,16,24,25,26,34,35,36,45,46
1657,14,15,16,23,24,25,26,34,35,36,44,45
1658,14,15,16,23,24,25,26,34,35,36,44,45
1659,13,14,15,16,23,24,25,26,33,34,35,36,44,45
1660,13,14,15,16,23,24,25,26,33,34,35,36,44,45
1661,13,14,15,16,23,24,25,26,33,34,35,36,44,45
1662,13,14,15,16,23,24,25,26,33,34,35,36,44,45
1663,13,14,15,23,24,25,26,33,34,35,36,44,45
1664,13,14,15,23,24,25,26,33,34,35,36,44,45
1665,13,14,15,23,24,25,26,33,34,35,44,45
1666,13,14,15,23,24,25,26,33,34,35,44,45
1667,13,14,15,23,24,25,33,34,35,44
1668,13,14,15,23,24,25,33,34,35,44
1669,13,14,15,23,24,25,33,34,35,44
1670,13,14,15,23,24,25,33,34,35,44
1671,13,14,15,23,24,25,33,34,35,44
1672,13,14,15,23,24,25,33,34,35,44
1673,13,14,15,23,24,25,33,34,35,44
1674,13,14,15,23,24,25,33,34,35,44
1675,13,14,15,23,24,25,33,34,35,44
1676,13,14,15,23,24,25,33,34,35,44
1677,13,14,15,23,24,25,33,34,35,44
1678,13,14,15,23,24,25,33,34,35,44
1679,13,14,15,23,24,25,33,34,35,44
1680,13,14,15,23,24,25,33,34,35,44
1681,13,14,15,23,24,25,33,34,35,44
1682,13,14,15,23,24,25,33,34,35,44
1683,13,14,15,23,24,25,33,34,35,44
1684,13,14,15,23,24,25,33,34,35,44
1685,13,14,15,23,24,25,33,34,35,44
1686,13,14,15,23,24,25,33,34,35,44
1687,13,14,15,23,24,25,33,34,35,44
1688,13,14,15,23,24,25,33,34,35,44
1689,13,14,15,23,24,25,26,33,34,35,44
1690,13,14,15,23,24,25,26,33,34,35,44
1691,13,14,15,23,24,25,26,33,34,35,44
1692,13,14,15,23,24,25,26,33,34,35,44
1693,13,14,15,23,24,25,26,33,34,35,44
1694,13,14,15,23,24,25,26,33,34,35,44
1695,13,14,15,23,24,25,26,33,34,35,44
1696,13,14,15,23,24,25,26,33,34,35,44
1697,13,14,15,23,24,25,26,33,34,35,44
1698,13,14,15,23,24,25,26,33,34,35,44
1699,13,14,15,23,24,25,26,33,34,35,44
1700,13,14,15,23,24,25,26,33,34,35,44
1701,13,14,15,23,24,25,26,33,34,35,44
1702,13,14,15,23,24,25,26,33,34,35,44
1703,13,14,15,23,24,25,26,33,34,35,44
1704,13,14,15,23,24,25,26,33,34,35,44
1705,13,14,15,23,24,25,26,33,34,35,44
1706,13,14,15,23,24,25,26,33,34,35,44
1707,13,14,15,23,24,25,26,33,34,35,44
1708,13,14,15,23,24,25,26,33,34,35,44
1709,13,14,15,23,24,25,26,33,34,35,44
1710,13,14,15,23,24,25,26,33,34,35,44
1711,13,14,15,23,24,25,26,33,34,35,44
1712,13,14,15,23,24,25,26,33,34,35,44
1713,13,14,15,23,24,25,26,33,34,35,44
1714,13,14,15,23,24,25,26,33,34,35,44
1715,13,14,15,23,24,25,26,33,34,35,44
1716,13,14,15,23,24,25,26,33,34,35,44
1717,13,14,15,23,24,25,26,33,34,35,44
1718,13,14,15,23,24,25,26,33,34,35,44
1719,13,14,15,23,24,25,26,33,34,35,44
1720,13,14,15,23,24,25,26,33,34,35,44
1721,13,14,15,23,24,25,26,33,34,35,44
1722,13,14,15,23,24,25,26,33,34,35,44
1723,13,14,15,23,24,25,26,33,34,35,44,45
1724,13,14,15,23,24,25,26,33,34,35,44,45
1725,13,14,15,16,23,24,25,26,33,34,35,36,44,45
1726,13,14,15,16,23,24,25,26,33,34,35,36,44,45
1727,13,14,15,16,23,24,25,26,33,34,35,36,44,45
1728,13,14,15,16,23,24,25,26,33,34,35,36,44,45
1729,14,15,16,23,24,25,26,33,34,35,36,44,45
1730,14,15,16,23,24,25,26,33,34,35,36,44,45
1731,14,15,16,24,25,26,34,35,36,45
1732,14,15,16,24,25,26,34,35,36,45
1733,14,15,16,24,25,26,27,34,35,36,37,45,46
1734,14,15,16,24,25,26,27,34,35,36,37,45,46
1735,14,15,16,17,24,25,26,27,34,35,36,37,45,46
1736,14,15,16,17,24,25,26,27,34,35,36,37,45,46
1737,14,15,16,17,24,25,26,27,34,35,36,37,45,46
1738,14,15,16,17,24,25,26,27,34,35,36,37,45,46
1739,14,15,16,17,24,25,26,27,34,35,36,37,45,46
1740,14,15,16,17,24,25,26,27,34,35,36,37,45,46
1741,15,16,17,24,25,26,27,34,35,36,37,45,46
1742,15,16,17,24,25,26,27,34,35,36,37,45,46
1743,15,16,17,24,25,26,27,35,36,37,45,46
1744,15,16,17,24,25,26,27,35,36,37,45,46
1745,15,16,17,25,26,27,35,36,37,45,46
1746,15,16,17,25,26,27,35,36,37,45,46
1747,15,16,17,25,26,27,35,36,37,45,46
1748,15,16,17,25,26,27,35,36,37,45,46
1749,15,16,17,25,26,27,35,36,37,45,46,47
1750,15,16,17,25,26,27,35,36,37,45,46,47
1751,15,16,17,25,26,27,35,36,37,45,46,47
1752,15,16,17,25,26,27,35,36,37,45,46,47
1753,15,16,17,25,26,27,35,36,37,45,46,47
1754,15,16,17,25,26,27,35,36,37,45,46,47
1755,15,16,17,25,26,27,35,36,37,45,46,47
1756,15,16,17,25,26,27,35,36,37,45,46,47
1757,15,16,17,25,26,27,35,36,37,45,46,47
1758,15,16,17,25,26,27,35,36,37,45,46,47
1759,15,16,17,25,26,27,35,36,37,45,46,47
1760,15,16,17,25,26,27,35,36,37,45,46,47
1761,15,16,17,25,26,27,35,36,37,45,46,47
1762,15,16,17,25,26,27,35,36,37,45,46,47
1763,15,16,17,25,26,27,35,36,37,45,46,47
1764,15,16,17,25,26,27,35,36,37,45,46,47
1765,15,16,17,25,26,27,35,36,37,45,46,47
1766,15,16,17,25,26,27,35,36,37,45,46,47
1767,15,16,17,25,26,27,35,36,37,45,46,47
1768,15,16,17,25,26,27,35,36,37,45,46,47
1769,15,16,17,25,26,27,35,36,37,45,46,47
1770,15,16,17,25,26,27,35,36,37,45,46,47
1771,15,16,17,25,26,27,35,36,37,45,46,47
1772,15,16,17,25,26,27,35,36,37,45,46,47
1773,15,16,17,25,26,27,35,36,37,45,46,47
1774,15,16,17,25,26,27,35,36,37,45,46,47
1775,15,16,17,25,26,27,35,36,37,45,46,47
1776,15,16,17,25,26,27,35,36,37,45,46,47
1777,15,16,17,25,26,27,35,36,37,45,46,47
1778,15,16,17,25,26,27,35,36,37,45,46,47
1779,15,16,17,25,26,27,35,36,37,45,46,47
1780,15,16,17,25,26,27,35,36,37,45,46,47
1781,15,16,17,25,26,27,35,36,37,45,46
1782,15,16,17,25,26,27,35,36,37,45,46
1783,15,16,17,25,26,27,35,36,37,45,46
1784,15,16,17,25,26,27,35,36,37,45,46
1785,15,16,17,25,26,27,35,36,37,45,46
1786,15,16,17,25,26,27,35,36,37,45,46
1787,15,16,17,25,26,27,35,36,37,45,46
1788,15,16,17,25,26,27,35,36,37,45,46
1789,15,16,17,25,26,27,35,36,37,45,46,47
1790,15,16,17,25,26,27,35,36,37,45,46,47
1791,15,16,17,25,26,27,35,36,37,45,46,47
1792,15,16,17,25,26,27,35,36,37,45,46,47
1793,15,16,17,25,26,27,35,36,37,45,46,47
1794,15,16,17,25,26,27,35,36,37,45,46,47
1795,15,16,17,25,26,27,35,36,37,45,46,47
1796,15,16,17,25,26,27,35,36,37,45,46,47
1797,15,16,17,25,26,27,35,36,37,45,46,47
1798,15,16,17,25,26,27,35,36,37,45,46,47
1799,15,16,17,25,26,27,35,36,37,45,46,47
1800,15,16,17,25,26,27,35,36,37,45,46,47
