1,7,8,12,13,14,17,18,19,22,23
2,7,8,12,13,14,17,18,19,22,23
3,7,8,12,13,14,17,18,19,22,23
4,7,8,12,13,14,17,18,19,22,23
5,7,8,12,13,14,17,18,19,22,23
6,7,8,12,13,14,17,18,19,22,23
7,7,8,12,13,14,17,18,19,22,23
8,7,8,12,13,14,17,18,19,22,23
9,7,8,12,13,14,17,18,19,22,23
10,7,8,12,13,14,17,18,19,22,23
11,7,8,12,13,14,17,18,19,22,23
12,7,8,12,13,14,17,18,19,22,23
13,7,8,12,13,14,17,18,19,22,23
14,7,8,12,13,14,17,18,19,22,23
15,7,8,12,13,14,17,18,19,22,23
16,7,8,12,13,14,17,18,19,22,23
17,7,8,12,13,14,17,18,19,22,23
18,7,8,12,13,14,17,18,19,22,23
19,7,8,12,13,14,17,18,19,22,23
20,7,8,12,13,14,17,18,19,22,23
21,7,8,12,13,14,17,18,19,22,23
22,7,8,12,13,14,17,18,19,22,23
23,7,8,12,13,14,17,18,19,22,23
24,7,8,12,13,14,17,18,19,22,23
25,7,8,12,13,14,17,18,19,22,23
26,7,8,12,13,14,17,18,19,22,23
27,7,8,12,13,14,17,18,19,22,23
28,7,8,12,13,14,17,18,19,22,23
29,7,8,12,13,14,17,18,19,22,23
30,7,8,12,13,14,17,18,19,22,23
31,7,8,12,13,14,17,18,19,22,23
32,7,8,12,13,14,17,18,19,22,23
33,7,8,12,13,14,17,18,19,22,23
34,7,8,12,13,14,17,18,19,22,23
35,7,8,12,13,14,17,18,19,22,23
36,7,8,12,13,14,17,18,19,22,23
37,7,8,12,13,14,17,18,19,22,23
38,7,8,12,13,14,17,18,19,22,23
39,7,8,12,13,14,17,18,19,22,23
40,7,8,12,13,14,17,18,19,22,23
41,7,8,12,13,14,17,18,19,22,23
42,7,8,12,13,14,17,18,19,22,23
43,7,8,12,13,14,17,18,19,22,23
44,7,8,12,13,14,17,18,19,22,23
45,7,8,12,13,14,17,18,19,22,23
46,7,8,12,13,14,17,18,19,22,23
47,7,8,12,13,14,17,18,19,22,23
48,7,8,12,13,14,17,18,19,22,23
49,7,8,12,13,14,17,18,19,23
50,7,8,12,13,14,17,18,19,23
51,7,8,9,12,13,14,17,18,19,23
52,7,8,9,12,13,14,17,18,19,23
53,7,8,9,12,13,14,17,18,19,23
54,7,8,9,12,13,14,17,18,19,23
55,7,8,9,12,13,14,17,18,19,23
56,7,8,9,12,13,14,17,18,19,23
57,7,8,9,12,13,14,17,18,19,23
58,7,8,9,12,13,14,17,18,19,23
59,8,9,12,13,14,17,18,19,23,24
60,8,9,12,13,14,17,18,19,23,24
61,8,9,12,13,14,17,18,19,23,24
62,8,9,12,13,14,17,18,19,23,24
63,8,9,12,13,14,17,18,19,23,24
64,8,9,12,13,14,17,18,19,23,24
65,8,9,12,13,14,17,18,19,23,24
66,8,9,12,13,14,17,18,19,23,24
67,8,9,12,13,14,17,18,19,23,24
68,8,9,12,13,14,17,18,19,23,24
69,8,9,13,14,18,19,23,24
70,8,9,13,14,18,19,23,24
71,8,9,13,14,18,19,23,24
72,8,9,13,14,18,19,23,24
73,8,9,13,14,18,19,23,24
74,8,9,13,14,18,19,23,24
75,8,9,13,14,18,19,23,24
76,8,9,13,14,18,19,23,24
77,8,9,13,14,18,19,23,24
78,8,9,13,14,18,19,23,24
79,8,9,13,14,18,19,23,24
80,8,9,13,14,18,19,23,24
81,8,9,13,14,18,19,23,24
82,8,9,13,14,18,19,23,24
83,8,9,13,14,18,19,23,24
84,8,9,13,14,18,19,23,24
85,8,9,13,14,18,19,23,24
86,8,9,13,14,18,19,23,24
87,8,9,13,14,18,19,23,24
88,8,9,13,14,18,19,23,24
89,8,9,13,14,18,19,23,24
90,8,9,13,14,18,19,23,24
91,8,9,13,14,18,19,23,24
92,8,9,13,14,18,19,23,24
93,8,9,13,14,18,19,23,24
94,8,9,13,14,18,19,23,24
95,8,9,13,14,18,19,23,24
96,8,9,13,14,18,19,23,24
97,8,9,13,14,15,18,19,20,23,24
98,8,9,13,14,15,18,19,20,23,24
99,8,9,13,14,15,18,19,20,23,24
100,8,9,13,14,15,18,19,20,23,24
101,8,9,10,13,14,15,18,19,20,24
102,8,9,10,13,14,15,18,19,20,24
103,8,9,10,13,14,15,18,19,20,24
104,8,9,10,13,14,15,18,19,20,24
105,8,9,10,13,14,15,18,19,20,24
106,8,9,10,13,14,15,18,19,20,24
107,9,10,13,14,15,18,19,20,24
108,9,10,13,14,15,18,19,20,24
109,9,10,13,14,15,18,19,20,24,25
110,9,10,13,14,15,18,19,20,24,25
111,9,10,14,15,19,20,24,25
112,9,10,14,15,19,20,24,25
113,9,10,14,15,19,20,24,25
114,9,10,14,15,19,20,24,25
115,9,10,14,15,19,20,24,25
116,9,10,14,15,19,20,24,25
117,9,10,14,15,19,20,24,25
118,9,10,14,15,19,20,24,25
119,9,10,14,15,19,20,24,25
120,9,10,14,15,19,20,24,25
121,9,10,14,15,19,20,24,25
122,9,10,14,15,19,20,24,25
123,9,10,14,15,19,20,24,25
124,9,10,14,15,19,20,24,25
125,9,10,14,15,19,20,24,25
126,9,10,14,15,19,20,24,25
127,9,10,14,15,19,20,24,25
128,9,10,14,15,19,20,24,25
129,9,10,14,15,19,20,24,25
130,9,10,14,15,19,20,24,25
131,9,10,14,15,19,20,24,25
132,9,10,14,15,19,20,24,25
133,9,10,14,15,19,20,24,25
134,9,10,14,15,19,20,24,25
135,9,10,14,15,19,20,24,25
136,9,10,14,15,19,20,24,25
137,9,10,14,15,19,20,24,25
138,9,10,14,15,19,20,24,25
139,9,10,14,15,19,20,24,25
140,9,10,14,15,19,20,24,25
141,9,10,14,15,19,20,24,25
142,9,10,14,15,19,20,24,25
143,9,10,14,15,19,20,24,25
144,9,10,14,15,19,20,24,25
145,9,10,14,15,19,20,24
146,9,10,14,15,19,20,24
147,9,10,14,15,19,20,24
148,9,10,14,15,19,20,24
149,9,10,14,15,19,20,24
150,9,10,14,15,19,20,24
151,9,10,13,14,15,18,19,20,24
152,9,10,13,14,15,18,19,20,24
153,8,9,10,13,14,15,18,19,20,24
154,8,9,10,13,14,15,18,19,20,24
155,8,9,10,13,14,15,18,19,20,24
156,8,9,10,13,14,15,18,19,20,24
157,8,9,10,13,14,15,18,19,20,24
158,8,9,10,13,14,15,18,19,20,24
159,8,9,10,13,14,15,18,19,20,24
160,8,9,10,13,14,15,18,19,20,24
161,8,9,13,14,15,18,19,24
162,8,9,13,14,15,18,19,24
163,8,9,13,14,18,19,24
164,8,9,13,14,18,19,24
165,8,9,13,14,18,19,23,24
166,8,9,13,14,18,19,23,24
167,8,9,13,14,18,19,23,24
168,8,9,13,14,18,19,23,24
169,8,9,13,14,18,19,23,24
170,8,9,13,14,18,19,23,24
171,8,9,13,14,18,19,23,24
172,8,9,13,14,18,19,23,24
173,8,9,13,14,18,19,23,24
174,8,9,13,14,18,19,23,24
175,8,9,13,14,18,19,23,24
176,8,9,13,14,18,19,23,24
177,8,9,13,14,18,19,23,24
178,8,9,13,14,18,19,23,24
179,8,9,13,14,18,19,23,24
180,8,9,13,14,18,19,23,24
181,8,9,13,14,18,19,23,24
182,8,9,13,14,18,19,23,24
183,8,9,13,14,18,19,23
184,8,9,13,14,18,19,23
185,8,9,12,13,14,17,18,19,23
186,8,9,12,13,14,17,18,19,23
187,8,9,12,13,14,17,18,19,23
188,8,9,12,13,14,17,18,19,23
189,7,8,9,12,13,14,17,18,19,23
190,7,8,9,12,13,14,17,18,19,23
191,7,8,9,12,13,14,17,18,19,23
192,7,8,9,12,13,14,17,18,19,23
193,7,8,9,12,13,14,17,18,19,23
194,7,8,9,12,13,14,17,18,19,23
195,7,8,9,12,13,14,17,18,19,23
196,7,8,9,12,13,14,17,18,19,23
197,7,8,12,13,14,17,18,19,23
198,7,8,12,13,14,17,18,19,23
199,7,8,12,13,17,18,23
200,7,8,12,13,17,18,23
201,7,8,12,13,17,18,22,23
202,7,8,12,13,17,18,22,23
203,7,8,12,13,17,18,22,23
204,7,8,12,13,17,18,22,23
205,7,8,12,13,17,18,22,23
206,7,8,12,13,17,18,22,23
207,7,8,12,13,17,18,22,23
208,7,8,12,13,17,18,22,23
209,7,8,12,13,17,18,22,23
210,7,8,12,13,17,18,22,23
211,7,8,12,13,17,18,22,23
212,7,8,12,13,17,18,22,23
213,7,8,12,13,17,18,22
214,7,8,12,13,17,18,22
215,7,8,12,13,17,18,22
216,7,8,12,13,17,18,22
217,7,8,11,12,13,16,17,18,22
218,7,8,11,12,13,16,17,18,22
219,6,7,8,11,12,13,16,17,18,22
220,6,7,8,11,12,13,16,17,18,22
221,6,7,8,11,12,13,16,17,18,22
222,6,7,8,11,12,13,16,17,18,22
223,6,7,8,11,12,13,16,17,18,22
224,6,7,8,11,12,13,16,17,18,22
225,6,7,11,12,13,16,17,18,22
226,6,7,11,12,13,16,17,18,22
227,6,7,11,12,16,17,22
228,6,7,11,12,16,17,22
229,6,7,11,12,16,17,22
230,6,7,11,12,16,17,22
231,6,7,11,12,16,17,22
232,6,7,11,12,16,17,22
233,6,7,11,12,16,17,22
234,6,7,11,12,16,17,22
235,6,7,11,12,16,17,22
236,6,7,11,12,16,17,22
237,6,7,11,12,16,17,21,22
238,6,7,11,12,16,17,21,22
239,6,7,11,12,16,17,21,22
240,6,7,11,12,16,17,21,22
241,6,7,11,12,16,17,21,22
242,6,7,11,12,16,17,21,22
243,6,7,11,12,16,17,21,22
244,6,7,11,12,16,17,21,22
245,6,7,11,12,16,17,21,22
246,6,7,11,12,16,17,21,22
247,6,7,11,12,16,17,21,22
248,6,7,11,12,16,17,21,22
249,6,7,11,12,16,17,21,22
250,6,7,11,12,16,17,21,22
251,6,7,11,12,16,17,21,22
252,6,7,11,12,16,17,21,22
253,6,7,11,12,16,17,21,22
254,6,7,11,12,16,17,21,22
255,6,7,11,12,16,17,21,22
256,6,7,11,12,16,17,21,22
257,6,7,11,12,16,17,21,22
258,6,7,11,12,16,17,21,22
259,6,7,11,12,16,17,21,22
260,6,7,11,12,16,17,21,22
261,6,7,11,12,16,17,21,22
262,6,7,11,12,16,17,21,22
263,6,7,11,12,13,16,17,18,21,22
264,6,7,11,12,13,16,17,18,21,22
265,6,7,8,11,12,13,16,17,18,21,22
266,6,7,8,11,12,13,16,17,18,21,22
267,7,8,11,12,13,16,17,18,22,23
268,7,8,11,12,13,16,17,18,22,23
269,7,8,11,12,13,16,17,18,22,23
270,7,8,11,12,13,16,17,18,22,23
271,7,8,12,13,17,18,22,23
272,7,8,12,13,17,18,22,23
273,7,8,12,13,17,18,22,23
274,7,8,12,13,17,18,22,23
275,7,8,12,13,17,18,22,23
276,7,8,12,13,17,18,22,23
277,7,8,12,13,17,18,22,23
278,7,8,12,13,17,18,22,23
279,7,8,12,13,17,18,22,23
280,7,8,12,13,17,18,22,23
281,7,8,12,13,17,18,22,23
282,7,8,12,13,17,18,22,23
283,7,8,12,13,17,18,22,23
284,7,8,12,13,17,18,22,23
285,7,8,12,13,17,18,22,23
286,7,8,12,13,17,18,22,23
287,7,8,12,13,17,18,22,23
288,7,8,12,13,17,18,22,23
289,7,8,12,13,17,18,22,23
290,7,8,12,13,17,18,22,23
291,7,8,12,13,17,18,22,23
292,7,8,12,13,17,18,22,23
293,8,12,13,17,18,22,23
294,8,12,13,17,18,22,23
295,8,12,13,17,18,22,23
296,8,12,13,17,18,22,23
297,8,12,13,17,18,22,23
298,8,12,13,17,18,22,23
299,8,12,13,17,18,22,23
300,8,12,13,17,18,22,23
301,8,12,13,17,18,22,23
302,8,12,13,17,18,22,23
303,8,12,13,17,18,22,23
304,8,12,13,17,18,22,23
305,8,12,13,17,18,19,22,23
306,8,12,13,17,18,19,22,23
307,8,12,13,14,17,18,19,22,23
308,8,12,13,14,17,18,19,22,23
309,8,12,13,14,17,18,19,22,23
310,8,12,13,14,17,18,19,22,23
311,8,12,13,14,17,18,19,22,23
312,8,12,13,14,17,18,19,22,23
313,8,12,13,14,17,18,19,22,23
314,8,12,13,14,17,18,19,22,23
315,8,12,13,14,17,18,19,22,23
316,8,12,13,14,17,18,19,22,23
317,8,12,13,14,17,18,19,22,23
318,8,12,13,14,17,18,19,22,23
319,8,12,13,14,17,18,19,22,23
320,8,12,13,14,17,18,19,22,23
321,7,8,12,13,14,17,18,19,22,23
322,7,8,12,13,14,17,18,19,22,23
323,7,8,12,13,14,17,18,19,22,23
324,7,8,12,13,14,17,18,19,22,23
325,7,8,12,13,17,18,22,23
326,7,8,12,13,17,18,22,23
327,7,8,12,13,17,18,22,23
328,7,8,12,13,17,18,22,23
329,7,8,12,13,14,17,18,19,22,23
330,7,8,12,13,14,17,18,19,22,23
331,7,8,12,13,14,17,18,19,22,23
332,7,8,12,13,14,17,18,19,22,23
333,7,8,12,13,14,17,18,19,22,23
334,7,8,12,13,14,17,18,19,22,23
335,7,8,12,13,17,18,22,23
336,7,8,12,13,17,18,22,23
337,7,8,12,13,17,18,22,23
338,7,8,12,13,17,18,22,23
339,7,8,12,13,17,18,22,23
340,7,8,12,13,17,18,22,23
341,7,8,12,13,17,18,22,23
342,7,8,12,13,17,18,22,23
343,7,8,12,13,17,18,22,23
344,7,8,12,13,17,18,22,23
345,7,8,12,13,17,18,22,23
346,7,8,12,13,17,18,22,23
347,7,8,12,13,17,18,22,23
348,7,8,12,13,17,18,22,23
349,7,8,12,13,17,18,22,23
350,7,8,12,13,17,18,22,23
351,7,8,12,13,17,18,22,23
352,7,8,12,13,17,18,22,23
353,7,8,12,13,17,18,22,23
354,7,8,12,13,17,18,22,23
355,7,8,12,13,17,18,22,23
356,7,8,12,13,17,18,22,23
357,7,8,12,13,17,18,22,23
358,7,8,12,13,17,18,22,23
359,7,8,12,13,17,18,22,23
360,7,8,12,13,17,18,22,23
361,7,8,12,13,17,18,22,23
362,7,8,12,13,17,18,22,23
363,7,8,12,13,17,18,22,23
364,7,8,12,13,17,18,22,23
365,7,8,12,13,17,18,22,23
366,7,8,12,13,17,18,22,23
367,7,8,12,13,17,18,22,23
368,7,8,12,13,17,18,22,23
369,7,8,12,13,17,18,22,23
370,7,8,12,13,17,18,22,23
371,7,8,12,13,17,18,22,23
372,7,8,12,13,17,18,22,23
373,7,8,12,13,17,18,22,23
374,7,8,12,13,17,18,22,23
375,7,8,12,13,17,18,22,23
376,7,8,12,13,17,18,22,23
377,7,8,12,13,17,18,22,23
378,7,8,12,13,17,18,22,23
379,7,8,12,13,17,18,22,23
380,7,8,12,13,17,18,22,23
381,7,8,12,13,17,18,22,23
382,7,8,12,13,17,18,22,23
383,7,8,12,13,17,18,22,23
384,7,8,12,13,17,18,22,23
385,7,8,12,13,17,18,22,23
386,7,8,12,13,17,18,22,23
387,7,8,12,13,17,18,22,23
388,7,8,12,13,17,18,22,23
389,7,8,12,13,17,18,22,23
390,7,8,12,13,17,18,22,23
391,7,8,12,13,17,18,22,23
392,7,8,12,13,17,18,22,23
393,7,8,12,13,17,18,22,23
394,7,8,12,13,17,18,22,23
395,7,8,12,13,17,18,22,23
396,7,8,12,13,17,18,22,23
397,7,8,12,13,17,18,22,23
398,7,8,12,13,17,18,22,23
399,7,8,12,13,17,18,22,23
400,7,8,12,13,17,18,22,23
401,7,8,12,13,17,18,22,23
402,7,8,12,13,17,18,22,23
403,7,8,12,13,17,18,22,23
404,7,8,12,13,17,18,22,23
405,7,8,12,13,17,18,22,23
406,7,8,12,13,17,18,22,23
407,7,8,12,13,17,18,22,23
408,7,8,12,13,17,18,22,23
409,7,8,12,13,17,18,22,23
410,7,8,12,13,17,18,22,23
411,7,8,12,13,17,18,22,23
412,7,8,12,13,17,18,22,23
413,7,8,12,13,17,18,22,23
414,7,8,12,13,17,18,22,23
415,7,8,12,13,17,18,22,23
416,7,8,12,13,17,18,22,23
417,7,8,12,13,17,18,22,23
418,7,8,12,13,17,18,22,23
419,7,8,12,13,17,18,22,23
420,7,8,12,13,17,18,22,23
421,7,8,12,13,17,18,22,23
422,7,8,12,13,17,18,22,23
423,7,8,12,13,17,18,22,23
424,7,8,12,13,17,18,22,23
425,7,8,12,13,17,18,22,23
426,7,8,12,13,17,18,22,23
427,7,8,12,13,17,18,22,23
428,7,8,12,13,17,18,22,23
429,7,8,12,13,17,18,22,23
430,7,8,12,13,17,18,22,23
431,7,8,12,13,17,18,22,23
432,7,8,12,13,17,18,22,23
433,7,8,12,13,17,18,22,23
434,7,8,12,13,17,18,22,23
435,7,8,12,13,17,18,22,23
436,7,8,12,13,17,18,22,23
437,7,8,12,13,17,18,22,23
438,7,8,12,13,17,18,22,23
439,7,8,12,13,17,18,22,23
440,7,8,12,13,17,18,22,23
441,7,8,12,13,17,18,22,23
442,7,8,12,13,17,18,22,23
443,7,8,12,13,14,17,18,19,22,23
444,7,8,12,13,14,17,18,19,22,23
445,7,8,12,13,14,17,18,19,22,23
446,7,8,12,13,14,17,18,19,22,23
447,7,8,12,13,14,17,18,19,22,23
448,7,8,12,13,14,17,18,19,22,23
449,7,8,12,13,14,17,18,19,22,23
450,7,8,12,13,14,17,18,19,22,23
451,7,8,12,13,14,17,18,19,22,23
452,7,8,12,13,14,17,18,19,22,23
453,7,8,12,13,14,17,18,19,22,23
454,7,8,12,13,14,17,18,19,22,23
455,7,8,12,13,14,17,18,19,22,23
456,7,8,12,13,14,17,18,19,22,23
457,7,8,12,13,14,17,18,19,22,23
458,7,8,12,13,14,17,18,19,22,23
459,7,8,12,13,14,17,18,19,22,23
460,7,8,12,13,14,17,18,19,22,23
461,7,8,12,13,14,17,18,19,22,23
462,7,8,12,13,14,17,18,19,22,23
463,7,8,12,13,14,17,18,19,22,23
464,7,8,12,13,14,17,18,19,22,23
465,8,12,13,14,17,18,19,22,23,24
466,8,12,13,14,17,18,19,22,23,24
467,8,12,13,14,17,18,19,22,23,24
468,8,12,13,14,17,18,19,22,23,24
469,8,12,13,14,17,18,19,22,23,24
470,8,12,13,14,17,18,19,22,23,24
471,8,12,13,14,17,18,19,22,23,24
472,8,12,13,14,17,18,19,22,23,24
473,8,12,13,14,17,18,19,22,23,24
474,8,12,13,14,17,18,19,22,23,24
475,8,12,13,14,17,18,19,22,23,24
476,8,12,13,14,17,18,19,22,23,24
477,8,12,13,14,17,18,19,22,23,24
478,8,12,13,14,17,18,19,22,23,24
479,8,12,13,14,17,18,19,22,23,24
480,8,12,13,14,17,18,19,22,23,24
481,8,12,13,14,17,18,19,22,23,24
482,8,12,13,14,17,18,19,22,23,24
483,8,12,13,14,17,18,19,22,23,24
484,8,12,13,14,17,18,19,22,23,24
485,8,12,13,14,17,18,19,22,23,24
486,8,12,13,14,17,18,19,22,23,24
487,8,12,13,14,17,18,19,22,23,24
488,8,12,13,14,17,18,19,22,23,24
489,8,12,13,14,17,18,19,22,23,24
490,8,12,13,14,17,18,19,22,23,24
491,8,12,13,14,17,18,19,22,23,24
492,8,12,13,14,17,18,19,22,23,24
493,12,13,14,17,18,19,22,23,24
494,12,13,14,17,18,19,22,23,24
495,12,13,14,17,18,19,22,23,24
496,12,13,14,17,18,19,22,23,24
497,12,13,14,17,18,19,22,23,24
498,12,13,14,17,18,19,22,23,24
499,12,13,14,17,18,19,22,23,24
500,12,13,14,17,18,19,22,23,24
501,12,13,14,17,18,19,21,22,23,24,25
502,12,13,14,17,18,19,21,22,23,24,25
503,12,13,14,17,18,19,21,22,23,24,25
504,12,13,14,17,18,19,21,22,23,24,25
505,12,13,14,17,18,19,21,22,23,24,25
506,12,13,14,17,18,19,21,22,23,24,25
507,12,13,14,17,18,19,21,22,23,24,25
508,12,13,14,17,18,19,21,22,23,24,25
509,12,13,14,17,18,19,21,22,23,24,25
510,12,13,14,17,18,19,21,22,23,24,25
511,12,13,14,17,18,19,21,22,23,24,25
512,12,13,14,17,18,19,21,22,23,24,25
513,12,13,14,17,18,19,21,22,23,24,25
514,12,13,14,17,18,19,21,22,23,24,25
515,12,13,14,17,18,19,21,22,23,24,25
516,12,13,14,17,18,19,21,22,23,24,25
517,12,13,14,17,18,19,21,22,23,24,25
518,12,13,14,17,18,19,21,22,23,24,25
519,12,13,14,17,18,19,21,22,23,24,25
520,12,13,14,17,18,19,21,22,23,24,25
521,12,13,14,17,18,19,21,22,23,24,25
522,12,13,14,17,18,19,21,22,23,24,25
523,12,13,14,17,18,19,21,22,23,24,25
524,12,13,14,17,18,19,21,22,23,24,25
525,12,13,14,17,18,19,21,22,23,24,25
526,12,13,14,17,18,19,21,22,23,24,25
527,12,13,14,17,18,19,22,23,24
528,12,13,14,17,18,19,22,23,24
529,12,13,14,17,18,19,22,23,24
530,12,13,14,17,18,19,22,23,24
531,12,13,14,17,18,19,22,23,24
532,12,13,14,17,18,19,22,23,24
533,8,12,13,14,17,18,19,22,23,24
534,8,12,13,14,17,18,19,22,23,24
535,8,12,13,14,17,18,19,22,23,24
536,8,12,13,14,17,18,19,22,23,24
537,8,12,13,14,17,18,19,22,23,24
538,8,12,13,14,17,18,19,22,23,24
539,8,12,13,14,17,18,19,22,23,24
540,8,12,13,14,17,18,19,22,23,24
541,8,12,13,14,17,18,19,22,23,24
542,8,12,13,14,17,18,19,22,23,24
543,8,12,13,14,17,18,19,22,23,24
544,8,12,13,14,17,18,19,22,23,24
545,8,12,13,14,17,18,19,22,23,24
546,8,12,13,14,17,18,19,22,23,24
547,8,12,13,14,17,18,19,22,23,24
548,8,12,13,14,17,18,19,22,23,24
549,8,12,13,14,17,18,19,22,23,24
550,8,12,13,14,17,18,19,22,23,24
551,8,12,13,14,17,18,19,22,23,24
552,8,12,13,14,17,18,19,22,23,24
553,8,12,13,14,17,18,19,22,23,24
554,8,12,13,14,17,18,19,22,23,24
555,8,12,13,14,17,18,19,22,23,24
556,8,12,13,14,17,18,19,22,23,24
557,8,12,13,14,17,18,19,22,23,24
558,8,12,13,14,17,18,19,22,23,24
559,8,12,13,14,17,18,19,22,23,24
560,8,12,13,14,17,18,19,22,23,24
561,8,12,13,14,17,18,19,22,23,24
562,8,12,13,14,17,18,19,22,23,24
563,8,12,13,14,17,18,19,22,23,24
564,8,12,13,14,17,18,19,22,23,24
565,8,12,13,14,17,18,19,22,23,24
566,8,12,13,14,17,18,19,22,23,24
567,8,12,13,14,17,18,19,22,23,24
568,8,12,13,14,17,18,19,22,23,24
569,8,12,13,14,17,18,19,22,23,24
570,8,12,13,14,17,18,19,22,23,24
571,8,12,13,14,17,18,19,22,23
572,8,12,13,14,17,18,19,22,23
573,8,12,13,14,17,18,19,22,23
574,8,12,13,14,17,18,19,22,23
575,8,12,13,14,17,18,19,22,23
576,8,12,13,14,17,18,19,22,23
577,8,12,13,14,17,18,19,22,23
578,8,12,13,14,17,18,19,22,23
579,8,12,13,14,17,18,19,22,23
580,8,12,13,14,17,18,19,22,23
581,8,12,13,14,17,18,19,22,23
582,8,12,13,14,17,18,19,22,23
583,7,8,12,13,14,17,18,19,22,23
584,7,8,12,13,14,17,18,19,22,23
585,7,8,12,13,14,17,18,19,22,23
586,7,8,12,13,14,17,18,19,22,23
587,7,8,12,13,14,17,18,19,22,23
588,7,8,12,13,14,17,18,19,22,23
589,7,8,12,13,14,17,18,19,22,23
590,7,8,12,13,14,17,18,19,22,23
591,7,8,12,13,14,17,18,19,22,23
592,7,8,12,13,14,17,18,19,22,23
593,7,8,12,13,14,17,18,19,23
594,7,8,12,13,14,17,18,19,23
595,7,8,12,13,14,17,18,19,23
596,7,8,12,13,14,17,18,19,23
597,7,8,12,13,14,17,18,19,23
598,7,8,12,13,14,17,18,19,23
599,7,8,12,13,14,17,18,19,23
600,7,8,12,13,14,17,18,19,23
601,7,8,12,13,14,17,18,19,23
602,7,8,12,13,14,17,18,19,23
603,7,8,12,13,14,17,18,19,23
604,7,8,12,13,14,17,18,19,23
605,7,8,12,13,14,17,18,23
606,7,8,12,13,14,17,18,23
607,7,8,12,13,17,18,23
608,7,8,12,13,17,18,23
609,7,8,12,13,17,18,23
610,7,8,12,13,17,18,23
611,7,8,12,13,17,18,23
612,7,8,12,13,17,18,23
613,7,8,12,13,17,18,23
614,7,8,12,13,17,18,23
615,7,8,12,13,17,18,23
616,7,8,12,13,17,18,23
617,7,8,12,13,17,18,23
618,7,8,12,13,17,18,23
619,7,8,12,13,17,18,23
620,7,8,12,13,17,18,23
621,7,8,12,13,17,18,23
622,7,8,12,13,17,18,23
623,7,8,12,13,17,18,23
624,7,8,12,13,17,18,23
625,7,8,12,13,17,18,22,23
626,7,8,12,13,17,18,22,23
627,7,8,12,13,17,18,22,23
628,7,8,12,13,17,18,22,23
629,7,8,12,13,17,18,22,23
630,7,8,12,13,17,18,22,23
631,7,8,12,13,17,18,22,23
632,7,8,12,13,17,18,22,23
633,7,8,12,13,17,18,22,23
634,7,8,12,13,17,18,22,23
635,7,8,12,13,17,18,22,23
636,7,8,12,13,17,18,22,23
637,7,8,12,13,17,18,22,23
638,7,8,12,13,17,18,22,23
639,7,8,12,13,17,18,22,23
640,7,8,12,13,17,18,22,23
641,7,8,12,13,17,18,22,23
642,7,8,12,13,17,18,22,23
643,7,8,12,13,17,18,22,23
644,7,8,12,13,17,18,22,23
645,7,8,12,13,17,18,22,23
646,7,8,12,13,17,18,22,23
647,7,8,12,13,17,18,22,23
648,7,8,12,13,17,18,22,23
649,7,8,12,13,17,18,22,23
650,7,8,12,13,17,18,22,23
651,7,8,12,13,17,18,22,23
652,7,8,12,13,17,18,22,23
653,7,8,12,13,17,18,22,23
654,7,8,12,13,17,18,22,23
655,7,8,12,13,17,18,22,23
656,7,8,12,13,17,18,22,23
657,7,8,12,13,17,18,22,23
658,7,8,12,13,17,18,22,23
659,7,8,12,13,17,18,22,23
660,7,8,12,13,17,18,22,23
661,7,8,12,13,17,18,22,23
662,7,8,12,13,17,18,22,23
663,7,8,12,13,17,18,22,23
664,7,8,12,13,17,18,22,23
665,7,8,12,13,17,18,22,23
666,7,8,12,13,17,18,22,23
667,7,8,12,13,17,18,22,23
668,7,8,12,13,17,18,22,23
669,7,8,12,13,17,18,22,23
670,7,8,12,13,17,18,22,23
671,7,8,12,13,17,18,22,23
672,7,8,12,13,17,18,22,23
673,7,8,12,13,17,18,22,23
674,7,8,12,13,17,18,22,23
675,7,8,12,13,17,18,22,23
676,7,8,12,13,17,18,22,23
677,7,8,12,13,17,18,22,23
678,7,8,12,13,17,18,22,23
679,7,8,12,13,17,18,22,23
680,7,8,12,13,17,18,22,23
681,7,8,12,13,17,18,22,23
682,7,8,12,13,17,18,22,23
683,7,8,12,13,17,18,22,23
684,7,8,12,13,17,18,22,23
685,7,8,12,13,17,18,22,23
686,7,8,12,13,17,18,22,23
687,7,8,12,13,17,18,22,23
688,7,8,12,13,17,18,22,23
689,7,8,12,13,17,18,22,23
690,7,8,12,13,17,18,22,23
691,7,8,12,13,17,18,22,23
692,7,8,12,13,17,18,22,23
693,7,8,12,13,17,18,22,23
694,7,8,12,13,17,18,22,23
695,7,8,12,13,17,18,22,23
696,7,8,12,13,17,18,22,23
697,7,8,12,13,14,17,18,19,22,23
698,7,8,12,13,14,17,18,19,22,23
699,7,8,12,13,14,17,18,19,23
700,7,8,12,13,14,17,18,19,23
701,7,8,12,13,14,17,18,19,23
702,7,8,12,13,14,17,18,19,23
703,7,8,9,12,13,14,17,18,19,23
704,7,8,9,12,13,14,17,18,19,23
705,7,8,9,12,13,14,17,18,19,23
706,7,8,9,12,13,14,17,18,19,23
707,7,8,9,12,13,14,17,18,19,23
708,7,8,9,12,13,14,17,18,19,23
709,7,8,9,12,13,14,17,18,19,23
710,7,8,9,12,13,14,17,18,19,23
711,7,8,9,12,13,14,17,18,19,23
712,7,8,9,12,13,14,17,18,19,23
713,7,8,9,12,13,14,17,18,19,23
714,7,8,9,12,13,14,17,18,19,23
715,8,9,12,13,14,17,18,19,23
716,8,9,12,13,14,17,18,19,23
717,8,9,12,13,14,17,18,19,23
718,8,9,12,13,14,17,18,19,23
719,8,9,12,13,14,17,18,19,23
720,8,9,12,13,14,17,18,19,23
721,8,9,12,13,14,17,18,19,23,24
722,8,9,12,13,14,17,18,19,23,24
723,8,9,12,13,14,17,18,19,23,24
724,8,9,12,13,14,17,18,19,23,24
725,8,9,12,13,14,17,18,19,23,24
726,8,9,12,13,14,17,18,19,23,24
727,8,9,12,13,14,17,18,19,23,24
728,8,9,12,13,14,17,18,19,23,24
729,8,9,12,13,14,17,18,19,23,24
730,8,9,12,13,14,17,18,19,23,24
731,8,9,12,13,14,17,18,19,23,24
732,8,9,12,13,14,17,18,19,23,24
733,8,9,12,13,14,17,18,19,23,24
734,8,9,12,13,14,17,18,19,23,24
735,8,9,12,13,14,17,18,19,23,24
736,8,9,12,13,14,17,18,19,23,24
737,8,9,12,13,14,17,18,19,23,24
738,8,9,12,13,14,17,18,19,23,24
739,8,9,12,13,14,17,18,19,23,24
740,8,9,12,13,14,17,18,19,23,24
741,8,9,12,13,14,17,18,19,23,24
742,8,9,12,13,14,17,18,19,23,24
743,8,9,12,13,14,17,18,19,23,24
744,8,9,12,13,14,17,18,19,23,24
745,8,9,13,14,18,19,23,24
746,8,9,13,14,18,19,23,24
747,8,9,13,14,18,19,23,24
748,8,9,13,14,18,19,23,24
749,8,9,13,14,18,19,23,24
750,8,9,13,14,18,19,23,24
751,8,9,13,14,18,19,23,24
752,8,9,13,14,18,19,23,24
753,8,9,13,14,18,19,23,24
754,8,9,13,14,18,19,23,24
755,8,9,13,14,18,19,23,24
756,8,9,13,14,18,19,23,24
757,8,9,13,14,18,19,23,24
758,8,9,13,14,18,19,23,24
759,8,9,13,14,18,19,23,24
760,8,9,13,14,18,19,23,24
761,8,9,13,14,18,19,23,24
762,8,9,13,14,18,19,23,24
763,8,9,13,14,18,19,23,24
764,8,9,13,14,18,19,23,24
765,8,9,13,14,18,19,23,24
766,8,9,13,14,18,19,23,24
767,8,9,13,14,18,19,23,24
768,8,9,13,14,18,19,23,24
769,8,9,13,14,18,19,23,24
770,8,9,13,14,18,19,23,24
771,8,9,13,14,18,19,23,24
772,8,9,13,14,18,19,23,24
773,8,9,13,14,18,19,23,24
774,8,9,13,14,18,19,23,24
775,8,9,13,14,18,19,23,24
776,8,9,13,14,18,19,23,24
777,8,9,13,14,18,19,23,24
778,8,9,13,14,18,19,23,24
779,8,9,13,14,18,19,23,24
780,8,9,13,14,18,19,23,24
781,8,9,13,14,18,19,23,24
782,8,9,13,14,18,19,23,24
783,8,9,13,14,18,19,23,24
784,8,9,13,14,18,19,23,24
785,8,9,13,14,18,19,23,24
786,8,9,13,14,18,19,23,24
787,8,9,13,14,18,19,23,24
788,8,9,13,14,18,19,23,24
789,8,9,13,14,18,19,23,24
790,8,9,13,14,18,19,23,24
791,8,9,13,14,18,19,23,24
792,8,9,13,14,18,19,23,24
793,8,9,13,14,18,19,23,24
794,8,9,13,14,18,19,23,24
795,8,9,13,14,18,19,23,24
796,8,9,13,14,18,19,23,24
797,8,9,13,14,18,19,23,24
798,8,9,13,14,18,19,23,24
799,8,9,13,14,18,19,23,24
800,8,9,13,14,18,19,23,24
801,8,9,13,14,18,19,23,24
802,8,9,13,14,18,19,23,24
803,8,9,13,14,18,19,23,24
804,8,9,13,14,18,19,23,24
805,8,9,13,14,18,19,23,24
806,8,9,13,14,18,19,23,24
807,8,9,13,14,18,19,23,24
808,8,9,13,14,18,19,23,24
809,8,9,13,14,18,19,23,24
810,8,9,13,14,18,19,23,24
811,8,9,13,14,18,19,23,24
812,8,9,13,14,18,19,23,24
813,8,9,13,14,18,19,23,24
814,8,9,13,14,18,19,23,24
815,8,9,13,14,18,19,23,24
816,8,9,13,14,18,19,23,24
817,8,9,13,14,18,19,23,24
818,8,9,13,14,18,19,23,24
819,8,9,13,14,18,19,23,24
820,8,9,13,14,18,19,23,24
821,8,9,13,14,18,19,23,24
822,8,9,13,14,18,19,23,24
823,8,9,13,14,18,19,23,24
824,8,9,13,14,18,19,23,24
825,8,9,13,14,18,19,23,24
826,8,9,13,14,18,19,23,24
827,8,9,13,14,18,19,23,24
828,8,9,13,14,18,19,23,24
829,8,9,13,14,18,19,23,24
830,8,9,13,14,18,19,23,24
831,8,9,13,14,18,19,23
832,8,9,13,14,18,19,23
833,8,9,13,14,18,19,23
834,8,9,13,14,18,19,23
835,8,9,13,14,18,19,23
836,8,9,13,14,18,19,23
837,8,9,13,14,18,19,23
838,8,9,13,14,18,19,23
839,8,9,13,14,18,19,23
840,8,9,13,14,18,19,23
841,8,9,13,14,18,19,23
842,8,9,13,14,18,19,23
843,8,9,12,13,14,18,19
844,8,9,12,13,14,18,19
845,8,9,12,13,14,18,19
846,8,9,12,13,14,18,19
847,7,8,9,12,13,14,17,18,19
848,7,8,9,12,13,14,17,18,19
849,7,8,9,12,13,14,17,18,19
850,7,8,9,12,13,14,17,18,19
851,3,7,8,9,12,13,14,17,18,19
852,3,7,8,9,12,13,14,17,18,19
853,3,7,8,9,12,13,14,17,18,19
854,3,7,8,9,12,13,14,17,18,19
855,3,7,8,9,12,13,14,17,18,19
856,3,7,8,9,12,13,14,17,18,19
857,3,7,8,9,12,13,14,17,18,19
858,3,7,8,9,12,13,14,17,18,19
859,3,7,8,9,12,13,14,17,18,19
860,3,7,8,9,12,13,14,17,18,19
861,3,7,8,9,12,13,14,17,18
862,3,7,8,9,12,13,14,17,18
863,3,7,8,12,13,14,17,18
864,3,7,8,12,13,14,17,18
865,3,7,8,12,13,14,17,18
866,3,7,8,12,13,14,17,18
867,3,7,8,12,13,17,18
868,3,7,8,12,13,17,18
869,3,7,8,12,13,17,18
870,3,7,8,12,13,17,18
871,3,7,8,12,13,17,18
872,3,7,8,12,13,17,18
873,3,7,8,12,13,17,18
874,3,7,8,12,13,17,18
875,3,7,8,12,13,17,18
876,3,7,8,12,13,17,18
877,7,8,12,13,17,18
878,7,8,12,13,17,18
879,7,8,12,13,17,18
880,7,8,12,13,17,18
881,7,8,12,13,17,18
882,7,8,12,13,17,18
883,3,7,8,12,13,17,18
884,3,7,8,12,13,17,18
885,3,7,8,12,13,17,18
886,3,7,8,12,13,17,18
887,7,8,12,13,17,18
888,7,8,12,13,17,18
889,7,8,12,13,17,18
890,7,8,12,13,17,18
891,7,8,12,13,17,18
892,7,8,12,13,17,18
893,7,8,12,13,17,18
894,7,8,12,13,17,18
895,7,8,12,13,17,18
896,7,8,12,13,17,18
897,7,8,12,13,17,18
898,7,8,12,13,17,18
899,7,8,11,12,13,17,18
900,7,8,11,12,13,17,18
901,7,8,11,12,13,17,18
902,7,8,11,12,13,17,18
903,7,8,11,12,13,17,18
904,7,8,11,12,13,17,18
905,7,8,11,12,13,17,18
906,7,8,11,12,13,17,18
907,7,8,11,12,13,16,17,18
908,7,8,11,12,13,16,17,18
909,7,8,11,12,13,16,17,18
910,7,8,11,12,13,16,17,18
911,6,7,8,11,12,13,16,17,18
912,6,7,8,11,12,13,16,17,18
913,6,7,8,11,12,13,16,17,18,22
914,6,7,8,11,12,13,16,17,18,22
915,6,7,8,11,12,13,16,17,18,22
916,6,7,8,11,12,13,16,17,18,22
917,6,7,8,11,12,13,16,17,18,22
918,6,7,8,11,12,13,16,17,18,22
919,6,7,8,11,12,13,16,17,18,22
920,6,7,8,11,12,13,16,17,18,22
921,6,7,8,11,12,13,16,17,18,22
922,6,7,8,11,12,13,16,17,18,22
923,6,7,8,11,12,13,16,17,18,22
924,6,7,8,11,12,13,16,17,18,22
925,6,7,8,11,12,13,16,17,18,22
926,6,7,8,11,12,13,16,17,18,22
927,6,7,8,11,12,13,16,17,18,22
928,6,7,8,11,12,13,16,17,18,22
929,6,7,8,11,12,13,16,17,18,22
930,6,7,8,11,12,13,16,17,18,22
931,6,7,8,11,12,13,16,17,18,22
932,6,7,8,11,12,13,16,17,18,22
933,6,7,8,11,12,13,16,17,18,22
934,6,7,8,11,12,13,16,17,18,22
935,6,7,8,11,12,13,16,17,18,22
936,6,7,8,11,12,13,16,17,18,22
937,6,7,8,11,12,13,16,17,18,22
938,6,7,8,11,12,13,16,17,18,22
939,6,7,11,12,13,16,17,18,22
940,6,7,11,12,13,16,17,18,22
941,6,7,11,12,16,17,22
942,6,7,11,12,16,17,22
943,6,7,11,12,16,17,22
944,6,7,11,12,16,17,22
945,6,7,11,12,16,17,22
946,6,7,11,12,16,17,22
947,6,7,11,12,16,17,21,22
948,6,7,11,12,16,17,21,22
949,6,7,11,12,16,17,21,22
950,6,7,11,12,16,17,21,22
951,6,7,11,12,16,17,21,22
952,6,7,11,12,16,17,21,22
953,6,7,11,12,16,17,21,22
954,6,7,11,12,16,17,21,22
955,6,7,11,12,16,17,21,22
956,6,7,11,12,16,17,21,22
957,6,7,11,12,16,17,21,22
958,6,7,11,12,16,17,21,22
959,6,7,11,12,16,17,21,22
960,6,7,11,12,16,17,21,22
961,6,7,11,12,16,17,21,22
962,6,7,11,12,16,17,21,22
963,6,7,11,12,16,17,21,22
964,6,7,11,12,16,17,21,22
965,6,7,11,12,16,17,21,22
966,6,7,11,12,16,17,21,22
967,6,7,11,12,16,17,21,22
968,6,7,11,12,16,17,21,22
969,6,7,11,12,16,17,21,22
970,6,7,11,12,16,17,21,22
971,6,7,11,12,16,17,21,22
972,6,7,11,12,16,17,21,22
973,6,7,11,12,16,17,21,22
974,6,7,11,12,16,17,21,22
975,6,7,11,12,16,17,21,22
976,6,7,11,12,16,17,21,22
977,6,7,11,12,16,17,21,22
978,6,7,11,12,16,17,21,22
979,6,7,11,12,16,17,21,22
980,6,7,11,12,16,17,21,22
981,6,7,11,12,16,17,21,22
982,6,7,11,12,16,17,21,22
983,6,7,11,12,16,17,21
984,6,7,11,12,16,17,21
985,6,7,11,12,16,17,21
986,6,7,11,12,16,17,21
987,6,7,11,12,16,17,21
988,6,7,11,12,16,17,21
989,6,7,11,12,16,17,21
990,6,7,11,12,16,17,21
991,6,7,11,12,16,17,21
992,6,7,11,12,16,17,21
993,6,7,11,12,15,16,17,21
994,6,7,11,12,15,16,17,21
995,6,7,11,12,15,16,17,21
996,6,7,11,12,15,16,17,21
997,6,7,10,11,12,15,16,17,20,21
998,6,7,10,11,12,15,16,17,20,21
999,6,7,10,11,12,15,16,17,20,21
1000,6,7,10,11,12,15,16,17,20,21
1001,6,7,10,11,12,15,16,17,20,21
1002,6,7,10,11,12,15,16,17,20,21
1003,6,7,10,11,12,15,16,17,20,21
1004,6,7,10,11,12,15,16,17,20,21
1005,6,7,10,11,12,15,16,17,20,21
1006,6,7,10,11,12,15,16,17,20,21
1007,6,7,10,11,12,15,16,17,20,21
1008,6,7,10,11,12,15,16,17,20,21
1009,6,7,10,11,12,15,16,17,20,21
1010,6,7,10,11,12,15,16,17,20,21
1011,6,7,10,11,12,15,16,17,20,21
1012,6,7,10,11,12,15,16,17,20,21
1013,6,7,10,11,12,15,16,17,20,21
1014,6,7,10,11,12,15,16,17,20,21
1015,6,7,10,11,12,15,16,17,20,21
1016,6,7,10,11,12,15,16,17,20,21
1017,6,7,10,11,12,15,16,17,20,21
1018,6,7,10,11,12,15,16,17,20,21
1019,6,7,10,11,12,15,16,17,20,21
1020,6,7,10,11,12,15,16,17,20,21
1021,6,7,10,11,12,15,16,17,20,21
1022,6,7,10,11,12,15,16,17,20,21
1023,6,7,10,11,12,15,16,17,20,21
1024,6,7,10,11,12,15,16,17,20,21
1025,6,7,11,12,15,16,17,20,21
1026,6,7,11,12,15,16,17,20,21
1027,6,7,11,12,15,16,17,21
1028,6,7,11,12,15,16,17,21
1029,6,7,11,12,16,17,21
1030,6,7,11,12,16,17,21
1031,6,7,11,12,16,17,21
1032,6,7,11,12,16,17,21
1033,6,7,11,12,16,17,21
1034,6,7,11,12,16,17,21
1035,6,7,11,12,16,17
1036,6,7,11,12,16,17
1037,6,7,11,12,16,17
1038,6,7,11,12,16,17
1039,6,7,11,12,16,17
1040,6,7,11,12,16,17
1041,6,7,11,12,16,17
1042,6,7,11,12,16,17
1043,6,7,11,12,16,17
1044,6,7,11,12,16,17
1045,6,7,11,12,16,17
1046,6,7,11,12,16,17
1047,6,7,11,12,16,17
1048,6,7,11,12,16,17
1049,6,7,11,12,16,17
1050,6,7,11,12,16,17
1051,6,7,11,12,16,17
1052,6,7,11,12,16,17
1053,6,7,11,12,16,17
1054,6,7,11,12,16,17
1055,6,7,11,12,16,17
1056,6,7,11,12,16,17
1057,6,7,11,12,16,17
1058,6,7,11,12,16,17
1059,6,7,11,12,16,17
1060,6,7,11,12,16,17
1061,6,7,11,12,16,17
1062,6,7,11,12,16,17
1063,6,7,11,12,16,17
1064,6,7,11,12,16,17
1065,6,7,11,12,16,17
1066,6,7,11,12,16,17
1067,6,7,11,12,16,17
1068,6,7,11,12,16,17
1069,6,7,11,12,16,17
1070,6,7,11,12,16,17
1071,6,7,11,12,16,17
1072,6,7,11,12,16,17
1073,6,7,11,12,16,17
1074,6,7,11,12,16,17
1075,6,7,11,12,16,17
1076,6,7,11,12,16,17
1077,6,7,11,12,16,17
1078,6,7,11,12,16,17
1079,6,7,11,12,16,17
1080,6,7,11,12,16,17
1081,6,7,11,12,16,17
1082,6,7,11,12,16,17
1083,6,7,11,12,16,17
1084,6,7,11,12,16,17
1085,6,7,11,12,16,17
1086,6,7,11,12,16,17
1087,6,7,11,12,16,17
1088,6,7,11,12,16,17
1089,6,7,11,12,16,17
1090,6,7,11,12,16,17
1091,6,7,11,12,16,17
1092,6,7,11,12,16,17
1093,6,7,11,12,16,17
1094,6,7,11,12,16,17
1095,6,7,11,12,16,17
1096,6,7,11,12,16,17
1097,6,7,11,12,16,17
1098,6,7,11,12,16,17
1099,6,7,11,12,16,17
1100,6,7,11,12,16,17
1101,6,7,11,12,16,17
1102,6,7,11,12,16,17
1103,6,7,11,12,16,17
1104,6,7,11,12,16,17
1105,6,7,11,12,16,17
1106,6,7,11,12,16,17
1107,6,7,11,12,16,17,22
1108,6,7,11,12,16,17,22
1109,6,7,11,12,16,17,22
1110,6,7,11,12,16,17,22
1111,6,7,11,12,16,17,22
1112,6,7,11,12,16,17,22
1113,6,7,11,12,16,17,22
1114,6,7,11,12,16,17,22
1115,6,7,11,12,13,16,17,22
1116,6,7,11,12,13,16,17,22
1117,6,7,11,12,13,16,17,22
1118,6,7,11,12,13,16,17,22
1119,6,7,8,11,12,13,16,17,18,22
1120,6,7,8,11,12,13,16,17,18,22
1121,6,7,8,11,12,13,16,17,18,22
1122,6,7,8,11,12,13,16,17,18,22
1123,6,7,8,11,12,13,16,17,18,22
1124,6,7,8,11,12,13,16,17,18,22
1125,6,7,8,11,12,13,16,17,18,22
1126,6,7,8,11,12,13,16,17,18,22
1127,6,7,8,11,12,13,16,17,18,22
1128,6,7,8,11,12,13,16,17,18,22
1129,6,7,8,11,12,13,16,17,18,22
1130,6,7,8,11,12,13,16,17,18,22
1131,6,7,8,11,12,13,16,17,18,22
1132,6,7,8,11,12,13,16,17,18,22
1133,6,7,8,11,12,13,16,17,18,22
1134,6,7,8,11,12,13,16,17,18,22
1135,6,7,8,11,12,13,16,17,18,22
1136,6,7,8,11,12,13,16,17,18,22
1137,6,7,8,11,12,13,16,17,18,22
1138,6,7,8,11,12,13,16,17,18,22
1139,6,7,8,11,12,13,16,17,18,22
1140,6,7,8,11,12,13,16,17,18,22
1141,6,7,8,11,12,13,16,17,18,22
1142,6,7,8,11,12,13,16,17,18,22
1143,6,7,8,11,12,13,16,17,18,22
1144,6,7,8,11,12,13,16,17,18,22
1145,6,7,8,11,12,13,16,17,18,22
1146,6,7,8,11,12,13,16,17,18,22
1147,6,7,8,11,12,13,16,17,18,22
1148,6,7,8,11,12,13,16,17,18,22
1149,6,7,8,11,12,13,16,17,18,22
1150,6,7,8,11,12,13,16,17,18,22
1151,6,7,8,11,12,13,16,17,18,22
1152,6,7,8,11,12,13,16,17,18,22
1153,6,7,8,11,12,13,16,17,18,22
1154,6,7,8,11,12,13,16,17,18,22
1155,6,7,8,11,12,13,16,17,18,22
1156,6,7,8,11,12,13,16,17,18,22
1157,6,7,8,11,12,13,16,17,18,22
1158,6,7,8,11,12,13,16,17,18,22
1159,6,7,8,11,12,13,16,17,18,22
1160,6,7,8,11,12,13,16,17,18,22
1161,6,7,8,11,12,13,16,17,18,22
1162,6,7,8,11,12,13,16,17,18,22
1163,6,7,8,11,12,13,16,17,18,22
1164,6,7,8,11,12,13,16,17,18,22
1165,6,7,8,11,12,13,16,17,18,22
1166,6,7,8,11,12,13,16,17,18,22
1167,6,7,8,11,12,13,16,17,18,22
1168,6,7,8,11,12,13,16,17,18,22
1169,6,7,8,11,12,13,16,17,18,22
1170,6,7,8,11,12,13,16,17,18,22
1171,6,7,8,11,12,13,16,17,18,22
1172,6,7,8,11,12,13,16,17,18,22
1173,6,7,8,11,12,13,16,17,18,22
1174,6,7,8,11,12,13,16,17,18,22
1175,6,7,8,11,12,13,16,17,18,22
1176,6,7,8,11,12,13,16,17,18,22
1177,6,7,8,11,12,13,16,17,18,22
1178,6,7,8,11,12,13,16,17,18,22
1179,6,7,8,11,12,13,16,17,18,22
1180,6,7,8,11,12,13,16,17,18,22
1181,6,7,8,11,12,13,16,17,18,22
1182,6,7,8,11,12,13,16,17,18,22
1183,6,7,8,11,12,13,16,17,18,22
1184,6,7,8,11,12,13,16,17,18,22
1185,6,7,8,11,12,13,16,17,18,22
1186,6,7,8,11,12,13,16,17,18,22
1187,6,7,8,11,12,13,16,17,18,22
1188,6,7,8,11,12,13,16,17,18,22
1189,6,7,8,11,12,13,16,17,18,22
1190,6,7,8,11,12,13,16,17,18,22
1191,6,7,8,11,12,13,16,17,18,22
1192,6,7,8,11,12,13,16,17,18,22
1193,6,7,8,11,12,13,16,17,18,22
1194,6,7,8,11,12,13,16,17,18,22
1195,6,7,8,11,12,13,16,17,18,22
1196,6,7,8,11,12,13,16,17,18,22
1197,6,7,8,11,12,13,16,17,18,22
1198,6,7,8,11,12,13,16,17,18,22
1199,6,7,8,11,12,13,16,17,18,22
1200,6,7,8,11,12,13,16,17,18,22
1201,6,7,8,11,12,13,16,17,18,22
1202,6,7,8,11,12,13,16,17,18,22
1203,6,7,8,11,12,13,16,17,18,22
1204,6,7,8,11,12,13,16,17,18,22
1205,6,7,8,11,12,13,16,17,18,22
1206,6,7,8,11,12,13,16,17,18,22
1207,6,7,8,11,12,13,16,17,18,22
1208,6,7,8,11,12,13,16,17,18,22
1209,6,7,8,11,12,13,16,17,18,22
1210,6,7,8,11,12,13,16,17,18,22
1211,6,7,8,11,12,13,16,17,18,22
1212,6,7,8,11,12,13,16,17,18,22
1213,6,7,8,11,12,13,16,17,18,22
1214,6,7,8,11,12,13,16,17,18,22
1215,6,7,8,11,12,13,16,17,18,22
1216,6,7,8,11,12,13,16,17,18,22
1217,6,7,8,11,12,13,16,17,18,22
1218,6,7,8,11,12,13,16,17,18,22
1219,6,7,8,11,12,13,16,17,18,22
1220,6,7,8,11,12,13,16,17,18,22
1221,6,7,8,11,12,13,16,17,18,22
1222,6,7,8,11,12,13,16,17,18,22
1223,6,7,8,11,12,13,16,17,18,22
1224,6,7,8,11,12,13,16,17,18,22
1225,6,7,8,11,12,13,16,17,18,22
1226,6,7,8,11,12,13,16,17,18,22
1227,6,7,8,11,12,13,16,17,18,22
1228,6,7,8,11,12,13,16,17,18,22
1229,6,7,8,11,12,13,16,17,18,22
1230,6,7,8,11,12,13,16,17,18,22
1231,7,8,11,12,13,16,17,18,22
1232,7,8,11,12,13,16,17,18,22
1233,7,8,11,12,13,16,17,18,22
1234,7,8,11,12,13,16,17,18,22
1235,7,8,11,12,13,16,17,18,22
1236,7,8,11,12,13,16,17,18,22
1237,7,8,11,12,13,16,17,18,22
1238,7,8,11,12,13,16,17,18,22
1239,7,8,11,12,13,16,17,18,22
1240,7,8,11,12,13,16,17,18,22
1241,7,8,11,12,13,16,17,18,22
1242,7,8,11,12,13,16,17,18,22
1243,7,8,11,12,13,16,17,18,22
1244,7,8,11,12,13,16,17,18,22
1245,7,8,11,12,13,16,17,18,22
1246,7,8,11,12,13,16,17,18,22
1247,7,8,11,12,13,16,17,18,22
1248,7,8,11,12,13,16,17,18,22
1249,7,8,11,12,13,17,18,22
1250,7,8,11,12,13,17,18,22
1251,7,8,11,12,13,17,18,22
1252,7,8,11,12,13,17,18,22
1253,7,8,11,12,13,17,18,22
1254,7,8,11,12,13,17,18,22
1255,7,8,11,12,13,17,18,22
1256,7,8,11,12,13,17,18,22
1257,7,8,11,12,13,17,18,22
1258,7,8,11,12,13,17,18,22
1259,7,8,11,12,13,17,18,22
1260,7,8,11,12,13,17,18,22
1261,7,8,11,12,13,17,18,22
1262,7,8,11,12,13,17,18,22
1263,7,8,11,12,13,17,18,22
1264,7,8,11,12,13,17,18,22
1265,7,8,11,12,13,17,18,22
1266,7,8,11,12,13,17,18,22
1267,7,8,11,12,13,17,18,22
1268,7,8,11,12,13,17,18,22
1269,7,8,11,12,13,17,18,22
1270,7,8,11,12,13,17,18,22
1271,7,8,12,13,17,18,22
1272,7,8,12,13,17,18,22
1273,7,8,12,13,17,18,22
1274,7,8,12,13,17,18,22
1275,7,8,12,13,17,18,22
1276,7,8,12,13,17,18,22
1277,7,8,12,13,17,18,22
1278,7,8,12,13,17,18,22
1279,7,8,12,13,17,18,22
1280,7,8,12,13,17,18,22
1281,7,8,12,13,17,18,22
1282,7,8,12,13,17,18,22
1283,7,8,12,13,17,18,22
1284,7,8,12,13,17,18,22
1285,7,8,12,13,17,18,22
1286,7,8,12,13,17,18,22
1287,7,8,12,13,17,18,22
1288,7,8,12,13,17,18,22
1289,7,8,12,13,17,18,22
1290,7,8,12,13,17,18,22
1291,7,8,12,13,17,18,22
1292,7,8,12,13,17,18,22
1293,7,8,12,13,17,18,22
1294,7,8,12,13,17,18,22
1295,7,8,12,13,17,18,22
1296,7,8,12,13,17,18,22
1297,7,8,12,13,17,18,22
1298,7,8,12,13,17,18,22
1299,7,8,12,13,17,18,22
1300,7,8,12,13,17,18,22
1301,7,8,12,13,17,18,22
1302,7,8,12,13,17,18,22
1303,7,8,12,13,17,18,22
1304,7,8,12,13,17,18,22
1305,7,8,12,13,17,18,22
1306,7,8,12,13,17,18,22
1307,7,8,12,13,17,18,22
1308,7,8,12,13,17,18,22
1309,7,8,12,13,17,18,22
1310,7,8,12,13,17,18,22
1311,7,8,12,13,17,18,22
1312,7,8,12,13,17,18,22
1313,7,8,12,13,17,18,22
1314,7,8,12,13,17,18,22
1315,7,8,12,13,17,18,22
1316,7,8,12,13,17,18,22
1317,7,8,12,13,17,18,22
1318,7,8,12,13,17,18,22
1319,7,8,12,13,17,18,22
1320,7,8,12,13,17,18,22
1321,7,8,12,13,17,18,22
1322,7,8,12,13,17,18,22
1323,7,8,12,13,17,18,22
1324,7,8,12,13,17,18,22
1325,7,8,12,13,17,18,22
1326,7,8,12,13,17,18,22
1327,7,8,12,13,17,18,22
1328,7,8,12,13,17,18,22
1329,7,8,12,13,17,18,22
1330,7,8,12,13,17,18,22
1331,7,8,12,13,17,18,22
1332,7,8,12,13,17,18,22
1333,7,8,11,12,13,17,18,22
1334,7,8,11,12,13,17,18,22
1335,7,8,11,12,13,17,18,22
1336,7,8,11,12,13,17,18,22
1337,7,8,11,12,13,17,18,22
1338,7,8,11,12,13,17,18,22
1339,7,8,11,12,13,17,18,22
1340,7,8,11,12,13,17,18,22
1341,7,8,11,12,13,17,18,22
1342,7,8,11,12,13,17,18,22
1343,7,8,11,12,13,17,18,22
1344,7,8,11,12,13,17,18,22
1345,7,8,11,12,13,17,18,22
1346,7,8,11,12,13,17,18,22
1347,7,8,11,12,13,17,18,22
1348,7,8,11,12,13,17,18,22
1349,7,8,11,12,13,17,18,22
1350,7,8,11,12,13,17,18,22
1351,7,8,12,13,17,18,22
1352,7,8,12,13,17,18,22
1353,7,8,12,13,17,18,22
1354,7,8,12,13,17,18,22
1355,7,8,12,13,17,18,22
1356,7,8,12,13,17,18,22
1357,7,8,12,13,17,18,22
1358,7,8,12,13,17,18,22
1359,7,8,12,13,17,18,22
1360,7,8,12,13,17,18,22
1361,7,8,12,13,17,18,22
1362,7,8,12,13,17,18,22
1363,7,8,12,13,17,18,22
1364,7,8,12,13,17,18,22
1365,7,8,12,13,17,18,22
1366,7,8,12,13,17,18,22
1367,7,8,12,13,17,18,22
1368,7,8,12,13,17,18,22
1369,7,8,12,13,17,18,22
1370,7,8,12,13,17,18,22
1371,7,8,12,13,17,18,22
1372,7,8,12,13,17,18,22
1373,7,8,12,13,17,18,22
1374,7,8,12,13,17,18,22
1375,7,8,12,13,17,18,22
1376,7,8,12,13,17,18,22
1377,7,8,12,13,17,18,22
1378,7,8,12,13,17,18,22
1379,7,8,12,13,17,18,22
1380,7,8,12,13,17,18,22
1381,7,8,12,13,17,18,22
1382,7,8,12,13,17,18,22
1383,7,8,12,13,17,18,22
1384,7,8,12,13,17,18,22
1385,7,8,12,13,17,18,22
1386,7,8,12,13,17,18,22
1387,7,8,12,13,17,18,22
1388,7,8,12,13,17,18,22
1389,7,8,12,13,17,18,22
1390,7,8,12,13,17,18,22
1391,7,8,12,13,17,18,22
1392,7,8,12,13,17,18,22
1393,7,8,12,13,17,18,22
1394,7,8,12,13,17,18,22
1395,7,8,12,13,17,18,22,23
1396,7,8,12,13,17,18,22,23
1397,7,8,12,13,17,18,22,23
1398,7,8,12,13,17,18,22,23
1399,7,8,12,13,17,18,22,23
1400,7,8,12,13,17,18,22,23
1401,7,8,12,13,17,18,22,23
1402,7,8,12,13,17,18,22,23
1403,7,8,12,13,17,18,22,23
1404,7,8,12,13,17,18,22,23
1405,7,8,12,13,17,18,22,23
1406,7,8,12,13,17,18,22,23
1407,7,8,12,13,17,18,22,23
1408,7,8,12,13,17,18,22,23
1409,7,8,12,13,17,18,22,23
1410,7,8,12,13,17,18,22,23
1411,7,8,12,13,17,18,22,23
1412,7,8,12,13,17,18,22,23
1413,7,8,12,13,17,18,22,23
1414,7,8,12,13,17,18,22,23
1415,7,8,12,13,17,18,22,23
1416,7,8,12,13,17,18,22,23
1417,7,8,12,13,17,18,22,23
1418,7,8,12,13,17,18,22,23
1419,7,8,12,13,17,18,22,23
1420,7,8,12,13,17,18,22,23
1421,7,8,12,13,17,18,22,23
1422,7,8,12,13,17,18,22,23
1423,7,8,12,13,17,18,22,23
1424,7,8,12,13,17,18,22,23
1425,7,8,12,13,17,18,22,23
1426,7,8,12,13,17,18,22,23
1427,7,8,12,13,17,18,22,23
1428,7,8,12,13,17,18,22,23
1429,7,8,12,13,17,18,22,23
1430,7,8,12,13,17,18,22,23
1431,7,8,12,13,14,17,18,22,23
1432,7,8,12,13,14,17,18,22,23
1433,7,8,12,13,14,17,18,19,22,23
1434,7,8,12,13,14,17,18,19,22,23
1435,7,8,12,13,14,17,18,19,22,23
1436,7,8,12,13,14,17,18,19,22,23
1437,7,8,12,13,14,17,18,19,22,23
1438,7,8,12,13,14,17,18,19,22,23
1439,7,8,12,13,14,17,18,19,22,23
1440,7,8,12,13,14,17,18,19,22,23
1441,7,8,12,13,14,17,18,19,22,23
1442,7,8,12,13,14,17,18,19,22,23
1443,7,8,12,13,14,17,18,19,22,23
1444,7,8,12,13,14,17,18,19,22,23
1445,7,8,12,13,14,17,18,19,22,23
1446,7,8,12,13,14,17,18,19,22,23
1447,7,8,12,13,14,17,18,19,22,23
1448,7,8,12,13,14,17,18,19,22,23
1449,7,8,12,13,14,17,18,19,23
1450,7,8,12,13,14,17,18,19,23
1451,7,8,12,13,14,17,18,19,23
1452,7,8,12,13,14,17,18,19,23
1453,7,8,9,12,13,14,17,18,19,23
1454,7,8,9,12,13,14,17,18,19,23
1455,7,8,9,12,13,14,17,18,19,23
1456,7,8,9,12,13,14,17,18,19,23
1457,7,8,9,12,13,14,17,18,19,23
1458,7,8,9,12,13,14,17,18,19,23
1459,7,8,9,12,13,14,17,18,19,23
1460,7,8,9,12,13,14,17,18,19,23
1461,7,8,9,12,13,14,17,18,19,23
1462,7,8,9,12,13,14,17,18,19,23
1463,7,8,9,12,13,14,17,18,19,23
1464,7,8,9,12,13,14,17,18,19,23
1465,7,8,9,12,13,14,17,18,19,23
1466,7,8,9,12,13,14,17,18,19,23
1467,7,8,9,12,13,14,17,18,19,23
1468,7,8,9,12,13,14,17,18,19,23
1469,7,8,9,12,13,14,17,18,19,23
1470,7,8,9,12,13,14,17,18,19,23
1471,7,8,9,12,13,14,17,18,19,23
1472,7,8,9,12,13,14,17,18,19,23
1473,7,8,9,12,13,14,17,18,19,23
1474,7,8,9,12,13,14,17,18,19,23
1475,7,8,9,12,13,14,17,18,19,23
1476,7,8,9,12,13,14,17,18,19,23
1477,7,8,9,12,13,14,17,18,19,23
1478,7,8,9,12,13,14,17,18,19,23
1479,7,8,9,12,13,14,17,18,19,23
1480,7,8,9,12,13,14,17,18,19,23
1481,7,8,9,12,13,14,17,18,19,23
1482,7,8,9,12,13,14,17,18,19,23
1483,7,8,9,12,13,14,17,18,19,23
1484,7,8,9,12,13,14,17,18,19,23
1485,7,8,9,12,13,14,17,18,19,23
1486,7,8,9,12,13,14,17,18,19,23
1487,7,8,12,13,14,17,18,23
1488,7,8,12,13,14,17,18,23
1489,7,8,12,13,17,18,23
1490,7,8,12,13,17,18,23
1491,7,8,12,13,17,18,22,23
1492,7,8,12,13,17,18,22,23
1493,7,8,12,13,17,18,22,23
1494,7,8,12,13,17,18,22,23
1495,7,8,12,13,17,18,22,23
1496,7,8,12,13,17,18,22,23
1497,7,8,12,13,17,18,22,23
1498,7,8,12,13,17,18,22,23
1499,7,8,12,13,17,18,22,23
1500,7,8,12,13,17,18,22,23
1501,7,8,12,13,17,18,22,23
1502,7,8,12,13,17,18,22,23
1503,7,8,12,13,17,18,22,23
1504,7,8,12,13,17,18,22,23
1505,7,8,12,13,17,18,22,23
1506,7,8,12,13,17,18,22,23
1507,7,8,12,13,17,18,22,23
1508,7,8,12,13,17,18,22,23
1509,7,8,12,13,17,18,22,23
1510,7,8,12,13,17,18,22,23
1511,7,8,12,13,17,18,22,23
1512,7,8,12,13,17,18,22,23
1513,7,8,12,13,17,18,22
1514,7,8,12,13,17,18,22
1515,7,8,12,13,17,18,22
1516,7,8,12,13,17,18,22
1517,7,8,12,13,17,18,22
1518,7,8,12,13,17,18,22
1519,7,8,12,13,17,18,22
1520,7,8,12,13,17,18,22
1521,7,8,12,13,17,18,22
1522,7,8,12,13,17,18,22
1523,7,8,12,13,17,18,22
1524,7,8,12,13,17,18,22
1525,7,8,11,12,13,17,18,22
1526,7,8,11,12,13,17,18,22
1527,7,8,12,13,17,18,22
1528,7,8,12,13,17,18,22
1529,7,8,12,13,17,18,22
1530,7,8,12,13,17,18,22
1531,7,8,12,13,17,18,22
1532,7,8,12,13,17,18,22
1533,7,8,11,12,13,17,18,22
1534,7,8,11,12,13,17,18,22
1535,7,8,11,12,13,17,18,22
1536,7,8,11,12,13,17,18,22
1537,7,8,11,12,13,16,17,18,22
1538,7,8,11,12,13,16,17,18,22
1539,7,8,11,12,13,16,17,18,22
1540,7,8,11,12,13,16,17,18,22
1541,6,7,8,11,12,13,16,17,18,22
1542,6,7,8,11,12,13,16,17,18,22
1543,6,7,8,11,12,13,16,17,18,22
1544,6,7,8,11,12,13,16,17,18,22
1545,6,7,8,11,12,13,16,17,18,22
1546,6,7,8,11,12,13,16,17,18,22
1547,7,8,11,12,13,16,17,18,22
1548,7,8,11,12,13,16,17,18,22
1549,7,8,11,12,13,16,17,18,22
1550,7,8,11,12,13,16,17,18,22
1551,7,8,12,13,17,18,22
1552,7,8,12,13,17,18,22
1553,7,8,12,13,17,18,22,23
1554,7,8,12,13,17,18,22,23
1555,7,8,12,13,17,18,22,23
1556,7,8,12,13,17,18,22,23
1557,7,8,12,13,17,18,22,23
1558,7,8,12,13,17,18,22,23
1559,7,8,12,13,17,18,22,23
1560,7,8,12,13,17,18,22,23
1561,7,8,12,13,17,18,22,23
1562,7,8,12,13,17,18,22,23
1563,7,8,12,13,17,18,22,23
1564,7,8,12,13,17,18,22,23
1565,7,8,12,13,17,18,22,23
1566,7,8,12,13,17,18,22,23
1567,7,8,12,13,17,18,22,23
1568,7,8,12,13,17,18,22,23
1569,7,8,12,13,17,18,22,23
1570,7,8,12,13,17,18,22,23
1571,7,8,12,13,17,18,22,23
1572,7,8,12,13,17,18,22,23
1573,7,8,12,13,14,17,18,23
1574,7,8,12,13,14,17,18,23
1575,7,8,12,13,14,17,18,19,23
1576,7,8,12,13,14,17,18,19,23
1577,7,8,12,13,14,17,18,19,23
1578,7,8,12,13,14,17,18,19,23
1579,7,8,12,13,14,17,18,19,23
1580,7,8,12,13,14,17,18,19,23
1581,7,8,12,13,14,17,18,19,23
1582,7,8,12,13,14,17,18,19,23
1583,7,8,12,13,14,17,18,19,23
1584,7,8,12,13,14,17,18,19,23
1585,7,8,12,13,14,17,18,19,23
1586,7,8,12,13,14,17,18,19,23
1587,7,8,12,13,14,17,18,19,23
1588,7,8,12,13,14,17,18,19,23
1589,7,8,12,13,14,17,18,19,23
1590,7,8,12,13,14,17,18,19,23
1591,7,8,9,12,13,14,17,18,19,23
1592,7,8,9,12,13,14,17,18,19,23
1593,7,8,9,12,13,14,17,18,19,23
1594,7,8,9,12,13,14,17,18,19,23
1595,7,8,9,12,13,14,17,18,19,23
1596,7,8,9,12,13,14,17,18,19,23
1597,7,8,9,12,13,14,17,18,19,23
1598,7,8,9,12,13,14,17,18,19,23
1599,7,8,9,12,13,14,17,18,19,23
1600,7,8,9,12,13,14,17,18,19,23
1601,7,8,9,12,13,14,17,18,19,23
1602,7,8,9,12,13,14,17,18,19,23
1603,7,8,9,12,13,14,17,18,19,23
1604,7,8,9,12,13,14,17,18,19,23
1605,7,8,9,12,13,14,17,18,19,23
1606,7,8,9,12,13,14,17,18,19,23
1607,7,8,9,12,13,14,17,18,19,23
1608,7,8,9,12,13,14,17,18,19,23
1609,7,8,9,12,13,14,17,18,19,23
1610,7,8,9,12,13,14,17,18,19,23
1611,7,8,9,12,13,14,17,18,19,23
1612,7,8,9,12,13,14,17,18,19,23
1613,7,8,9,12,13,14,17,18,19,23
1614,7,8,9,12,13,14,17,18,19,23
1615,7,8,9,12,13,14,17,18,19,23
1616,7,8,9,12,13,14,17,18,19,23
1617,7,8,9,12,13,14,17,18,19,23
1618,7,8,9,12,13,14,17,18,19,23
1619,8,9,12,13,14,17,18,19,23
1620,8,9,12,13,14,17,18,19,23
1621,8,9,12,13,14,17,18,19,23,24
1622,8,9,12,13,14,17,18,19,23,24
1623,8,9,12,13,14,17,18,19,23,24
1624,8,9,12,13,14,17,18,19,23,24
1625,8,9,12,13,14,17,18,19,23,24
1626,8,9,12,13,14,17,18,19,23,24
1627,8,9,12,13,14,17,18,19,23,24
1628,8,9,12,13,14,17,18,19,23,24
1629,8,9,13,14,18,19,23,24
1630,8,9,13,14,18,19,23,24
1631,8,9,13,14,18,19,23,24
1632,8,9,13,14,18,19,23,24
1633,8,9,13,14,18,19,23,24
1634,8,9,13,14,18,19,23,24
1635,8,9,13,14,18,19,23,24
1636,8,9,13,14,18,19,23,24
1637,8,9,13,14,18,19,23,24
1638,8,9,13,14,18,19,23,24
1639,8,9,13,14,18,19,23,24
1640,8,9,13,14,18,19,23,24
1641,8,9,13,14,18,19,23,24
1642,8,9,13,14,18,19,23,24
1643,8,9,13,14,18,19,23,24
1644,8,9,13,14,18,19,23,24
1645,8,9,13,14,18,19,23,24
1646,8,9,13,14,18,19,23,24
1647,8,9,13,14,18,19,23,24
1648,8,9,13,14,18,19,23,24
1649,8,9,13,14,18,19,23,24
1650,8,9,13,14,18,19,23,24
1651,8,9,13,14,18,19,23,24
1652,8,9,13,14,18,19,23,24
1653,8,9,13,14,18,19,23,24
1654,8,9,13,14,18,19,23,24
1655,8,9,13,14,18,19,23,24
1656,8,9,13,14,18,19,23,24
1657,8,9,13,14,18,19,23,24
1658,8,9,13,14,18,19,23,24
1659,8,9,13,14,18,19,23,24
1660,8,9,13,14,18,19,23,24
1661,8,9,13,14,18,19,23,24
1662,8,9,13,14,18,19,23,24
1663,8,9,13,14,18,19,23,24
1664,8,9,13,14,18,19,23,24
1665,8,9,13,14,18,19,23,24
1666,8,9,13,14,18,19,23,24
1667,8,9,13,14,18,19,23,24
1668,8,9,13,14,18,19,23,24
1669,8,9,13,14,18,19,23,24
1670,8,9,13,14,18,19,23,24
1671,8,9,13,14,18,19,23,24
1672,8,9,13,14,18,19,23,24
1673,8,9,13,14,18,19,23,24
1674,8,9,13,14,18,19,23,24
1675,8,9,13,14,18,19,23,24
1676,8,9,13,14,18,19,23,24
1677,8,9,13,14,18,19,23,24
1678,8,9,13,14,18,19,23,24
1679,8,9,13,14,18,19,23,24
1680,8,9,13,14,18,19,23,24
1681,8,9,13,14,18,19,23,24
1682,8,9,13,14,18,19,23,24
1683,8,9,13,14,18,19,23,24
1684,8,9,13,14,18,19,23,24
1685,8,9,13,14,18,19,23,24
1686,8,9,13,14,18,19,23,24
1687,8,9,13,14,18,19,23,24
1688,8,9,13,14,18,19,23,24
1689,8,9,13,14,18,19,23,24
1690,8,9,13,14,18,19,23,24
1691,8,9,13,14,18,19,23,24
1692,8,9,13,14,18,19,23,24
1693,8,9,13,14,18,19,23,24
1694,8,9,13,14,18,19,23,24
1695,8,9,13,14,18,19,23,24
1696,8,9,13,14,18,19,23,24
1697,8,9,13,14,18,19,23,24
1698,8,9,13,14,18,19,23,24
1699,8,9,13,14,18,19,23,24
1700,8,9,13,14,18,19,23,24
1701,8,9,13,14,18,19,23,24
1702,8,9,13,14,18,19,23,24
1703,8,9,13,14,18,19,23,24
1704,8,9,13,14,18,19,23,24
1705,8,9,13,14,18,19,23,24
1706,8,9,13,14,18,19,23,24
1707,8,9,13,14,18,19,23,24
1708,8,9,13,14,18,19,23,24
1709,8,9,13,14,18,19,23,24
1710,8,9,13,14,18,19,23,24
1711,8,9,13,14,18,19,23,24
1712,8,9,13,14,18,19,23,24
1713,8,9,13,14,18,19,23,24
1714,8,9,13,14,18,19,23,24
1715,8,9,13,14,18,19,23,24
1716,8,9,13,14,18,19,23,24
1717,8,9,13,14,18,19,23,24
1718,8,9,13,14,18,19,23,24
1719,8,9,13,14,18,19,23,24
1720,8,9,13,14,18,19,23,24
1721,8,9,13,14,18,19,23,24
1722,8,9,13,14,18,19,23,24
1723,8,9,13,14,18,19,23,24
1724,8,9,13,14,18,19,23,24
1725,8,9,13,14,18,19,23,24
1726,8,9,13,14,18,19,23,24
1727,8,9,13,14,18,19,23,24
1728,8,9,13,14,18,19,23,24
1729,8,9,13,14,18,19,23,24
1730,8,9,13,14,18,19,23,24
1731,8,9,13,14,18,19,23,24
1732,8,9,13,14,18,19,23,24
1733,8,9,13,14,18,19,23,24
1734,8,9,13,14,18,19,23,24
1735,8,9,13,14,15,18,19,20,23,24
1736,8,9,13,14,15,18,19,20,23,24
1737,8,9,13,14,15,18,19,20,23,24
1738,8,9,13,14,15,18,19,20,23,24
1739,8,9,13,14,15,18,19,20,24
1740,8,9,13,14,15,18,19,20,24
1741,8,9,13,14,15,18,19,20,24
1742,8,9,13,14,15,18,19,20,24
1743,8,9,10,13,14,15,18,19,20,24
1744,8,9,10,13,14,15,18,19,20,24
1745,8,9,10,13,14,15,18,19,20,24
1746,8,9,10,13,14,15,18,19,20,24
1747,8,9,10,13,14,15,18,19,20,24
1748,8,9,10,13,14,15,18,19,20,24
1749,9,10,13,14,15,18,19,20,24
1750,9,10,13,14,15,18,19,20,24
1751,9,10,13,14,15,18,19,20,24
1752,9,10,13,14,15,18,19,20,24
1753,9,10,14,15,19,20,24,25
1754,9,10,14,15,19,20,24,25
1755,9,10,14,15,19,20,24,25
1756,9,10,14,15,19,20,24,25
1757,9,10,14,15,19,20,24,25
1758,9,10,14,15,19,20,24,25
1759,9,10,14,15,19,20,24,25
1760,9,10,14,15,19,20,24,25
1761,9,10,14,15,19,20,24,25
1762,9,10,14,15,19,20,24,25
1763,9,10,14,15,19,20,24,25
1764,9,10,14,15,19,20,24,25
1765,9,10,11,14,15,19,20,25
1766,9,10,11,14,15,19,20,25
1767,9,10,11,14,15,16,19,20,25
1768,9,10,11,14,15,16,19,20,25
1769,9,10,11,14,15,16,19,20,25
1770,9,10,11,14,15,16,19,20,25
1771,9,10,11,14,15,16,19,20,25
1772,9,10,11,14,15,16,19,20,25
1773,6,9,10,11,14,15,16,19,20,25
1774,6,9,10,11,14,15,16,19,20,25
1775,6,9,10,11,14,15,16,19,20,25
1776,6,9,10,11,14,15,16,19,20,25
1777,6,9,10,11,14,15,16,19,20,25
1778,6,9,10,11,14,15,16,19,20,25
1779,6,9,10,11,14,15,16,19,20,25
1780,6,9,10,11,14,15,16,19,20,25
1781,6,9,10,11,14,15,16,19,20,25
1782,6,9,10,11,14,15,16,19,20,25
1783,6,9,10,11,14,15,16,19,20,25
1784,6,9,10,11,14,15,16,19,20,25
1785,6,9,10,11,14,15,16,19,20,25
1786,6,9,10,11,14,15,16,19,20,25
1787,6,9,10,11,14,15,16,19,20,25
1788,6,9,10,11,14,15,16,19,20,25
1789,6,9,10,11,14,15,16,19,20,25
1790,6,9,10,11,14,15,16,19,20,25
1791,6,9,10,11,14,15,16,19,20,25
1792,6,9,10,11,14,15,16,19,20,25
1793,6,9,10,11,14,15,16,19,20,25
1794,6,9,10,11,14,15,16,19,20,25
1795,6,9,10,11,14,15,16,19,20,25
1796,6,9,10,11,14,15,16,19,20,25
1797,6,9,10,11,14,15,16,19,20,25
1798,6,9,10,11,14,15,16,19,20,25
1799,6,9,10,11,14,15,16,19,20,25
1800,6,9,10,11,14,15,16,19,20,25
