1,5,6,14,15,16,17,24,25,26,27,34,35,36,37
2,5,6,14,15,16,17,24,25,26,27,34,35,36,37
3,5,6,14,15,16,17,24,25,26,27,34,35,36,37
4,5,6,14,15,16,17,24,25,26,27,34,35,36,37
5,5,6,14,15,16,17,24,25,26,27,34,35,36,37
6,5,6,14,15,16,17,24,25,26,27,34,35,36,37
7,5,6,14,15,16,17,24,25,26,27,34,35,36,37
8,5,6,14,15,16,17,24,25,26,27,34,35,36,37
9,5,6,14,15,16,17,24,25,26,27,34,35,36,37
10,5,6,14,15,16,17,24,25,26,27,34,35,36,37
11,5,6,14,15,16,17,24,25,26,27,34,35,36,37
12,5,6,14,15,16,17,24,25,26,27,34,35,36,37
13,6,14,15,16,17,24,25,26,27,34,35,36,37
14,6,14,15,16,17,24,25,26,27,34,35,36,37
15,6,14,15,16,17,24,25,26,27,34,35,36,37
16,6,14,15,16,17,24,25,26,27,34,35,36,37
17,14,15,16,17,24,25,26,27,34,35,36,37
18,14,15,16,17,24,25,26,27,34,35,36,37
19,14,15,16,17,24,25,26,27,34,35,36,37
20,14,15,16,17,24,25,26,27,34,35,36,37
21,14,15,16,17,24,25,26,27,34,35,36,37
22,14,15,16,17,24,25,26,27,34,35,36,37
23,14,15,16,17,24,25,26,27,34,35,36,37
24,14,15,16,17,24,25,26,27,34,35,36,37
25,14,15,16,17,24,25,26,27,34,35,36,37
26,14,15,16,17,24,25,26,27,34,35,36,37
27,14,15,16,17,24,25,26,27,34,35,36,37
28,14,15,16,17,24,25,26,27,34,35,36,37
29,14,15,16,17,24,25,26,27,34,35,36,37
30,14,15,16,17,24,25,26,27,34,35,36,37
31,14,15,16,17,24,25,26,27,34,35,36,37
32,14,15,16,17,24,25,26,27,34,35,36,37
33,14,15,16,17,24,25,26,27,34,35,36,37
34,14,15,16,17,24,25,26,27,34,35,36,37
35,14,15,16,17,24,25,26,27,34,35,36,37
36,14,15,16,17,24,25,26,27,34,35,36,37
37,14,15,16,17,24,25,26,27,34,35,36,37
38,14,15,16,17,24,25,26,27,34,35,36,37
39,14,15,16,17,24,25,26,27,34,35,36,37
40,14,15,16,17,24,25,26,27,34,35,36,37
41,14,15,16,17,24,25,26,27,34,35,36,37,45
42,14,15,16,17,24,25,26,27,34,35,36,37,45
43,14,15,16,24,25,26,27,34,35,36,37,45,46
44,14,15,16,24,25,26,27,34,35,36,37,45,46
45,14,15,16,24,25,26,27,34,35,36,37,45,46
46,14,15,16,24,25,26,27,34,35,36,37,45,46
47,14,15,16,24,25,26,34,35,36,44,45,46
48,14,15,16,24,25,26,34,35,36,44,45,46
49,14,15,16,23,24,25,26,33,34,35,36,44,45,46
50,14,15,16,23,24,25,26,33,34,35,36,44,45,46
51,14,15,16,23,24,25,26,33,34,35,36,44,45,46
52,14,15,16,23,24,25,26,33,34,35,36,44,45,46
53,14,15,16,23,24,25,26,33,34,35,36,44,45,46
54,14,15,16,23,24,25,26,33,34,35,36,44,45,46
55,13,14,15,16,23,24,25,26,33,34,35,36,43,44,45,46
56,13,14,15,16,23,24,25,26,33,34,35,36,43,44,45,46
57,13,14,15,23,24,25,26,33,34,35,36,43,44,45
58,13,14,15,23,24,25,26,33,34,35,36,43,44,45
59,13,14,15,23,24,25,26,33,34,35,36,43,44,45
60,13,14,15,23,24,25,26,33,34,35,36,43,44,45
61,13,14,15,23,24,25,26,33,34,35,36,43,44,45
62,13,14,15,23,24,25,26,33,34,35,36,43,44,45
63,13,14,15,23,24,25,26,33,34,35,36,43,44,45
64,13,14,15,23,24,25,26,33,34,35,36,43,44,45
65,13,14,15,23,24,25,26,33,34,35,36,43,44,45
66,13,14,15,23,24,25,26,33,34,35,36,43,44,45
67,13,14,15,23,24,25,26,33,34,35,36,43,44,45
68,13,14,15,23,24,25,26,33,34,35,36,43,44,45
69,13,14,15,23,24,25,26,33,34,35,36,43,44,45
70,13,14,15,23,24,25,26,33,34,35,36,43,44,45
71,13,14,15,23,24,25,26,33,34,35,36,43,44,45
72,13,14,15,23,24,25,26,33,34,35,36,43,44,45
73,13,14,15,23,24,25,26,33,34,35,36,43,44,45
74,13,14,15,23,24,25,26,33,34,35,36,43,44,45
75,13,14,15,23,24,25,26,33,34,35,36,43,44,45
76,13,14,15,23,24,25,26,33,34,35,36,43,44,45
77,13,14,15,23,24,25,26,33,34,35,36,43,44,45
78,13,14,15,23,24,25,26,33,34,35,36,43,44,45
79,13,14,15,23,24,25,26,33,34,35,43,44,45
80,13,14,15,23,24,25,26,33,34,35,43,44,45
81,13,14,15,23,24,25,33,34,35,43,44,45
82,13,14,15,23,24,25,33,34,35,43,44,45
83,13,14,15,23,24,25,33,34,35,43,44,45
84,13,14,15,23,24,25,33,34,35,43,44,45
85,13,14,15,23,24,25,33,34,35,43,44,45
86,13,14,15,23,24,25,33,34,35,43,44,45
87,13,14,15,23,24,25,33,34,35,43,44,45
88,13,14,15,23,24,25,33,34,35,43,44,45
89,13,14,15,23,24,25,33,34,35,43,44,45
90,13,14,15,23,24,25,33,34,35,43,44,45
91,13,14,15,22,23,24,25,32,33,34,35,43,44,45
92,13,14,15,22,23,24,25,32,33,34,35,43,44,45
93,13,14,15,22,23,24,25,32,33,34,35,43,44
94,13,14,15,22,23,24,25,32,33,34,35,43,44
95,13,14,15,22,23,24,25,32,33,34,35,43,44
96,13,14,15,22,23,24,25,32,33,34,35,43,44
97,13,14,15,22,23,24,25,32,33,34,35,43,44
98,13,14,15,22,23,24,25,32,33,34,35,43,44
99,13,14,15,22,23,24,25,32,33,34,35,43,44
100,13,14,15,22,23,24,25,32,33,34,35,43,44
101,12,13,14,15,22,23,24,25,32,33,34,35,43,44
102,12,13,14,15,22,23,24,25,32,33,34,35,43,44
103,12,13,14,15,22,23,24,25,32,33,34,35,43,44
104,12,13,14,15,22,23,24,25,32,33,34,35,43,44
105,12,13,14,15,22,23,24,25,32,33,34,35,43,44
106,12,13,14,15,22,23,24,25,32,33,34,35,43,44
107,12,13,14,15,22,23,24,25,32,33,34,35,43,44
108,12,13,14,15,22,23,24,25,32,33,34,35,43,44
109,12,13,14,15,22,23,24,25,32,33,34,35,43,44
110,12,13,14,15,22,23,24,25,32,33,34,35,43,44
111,12,13,14,15,22,23,24,25,32,33,34,35,43,44
112,12,13,14,15,22,23,24,25,32,33,34,35,43,44
113,12,13,14,15,22,23,24,25,32,33,34,35,43,44
114,12,13,14,15,22,23,24,25,32,33,34,35,43,44
115,12,13,14,22,23,24,25,32,33,34,35,43,44
116,12,13,14,22,23,24,25,32,33,34,35,43,44
117,12,13,14,22,23,24,25,32,33,34,35,43,44
118,12,13,14,22,23,24,25,32,33,34,35,43,44
119,12,13,14,22,23,24,25,32,33,34,35,43,44
120,12,13,14,22,23,24,25,32,33,34,35,43,44
121,12,13,14,22,23,24,25,32,33,34,35,43,44
122,12,13,14,22,23,24,25,32,33,34,35,43,44
123,12,13,14,22,23,24,25,32,33,34,35,43,44
124,12,13,14,22,23,24,25,32,33,34,35,43,44
125,12,13,14,22,23,24,25,32,33,34,35,43,44
126,12,13,14,22,23,24,25,32,33,34,35,43,44
127,12,13,14,22,23,24,25,32,33,34,43,44
128,12,13,14,22,23,24,25,32,33,34,43,44
129,12,13,14,22,23,24,25,32,33,34,43,44
130,12,13,14,22,23,24,25,32,33,34,43,44
131,12,13,14,22,23,24,25,32,33,34,43
132,12,13,14,22,23,24,25,32,33,34,43
133,12,13,14,22,23,24,25,32,33,34,43
134,12,13,14,22,23,24,25,32,33,34,43
135,12,13,14,22,23,24,25,32,33,34,43
136,12,13,14,22,23,24,25,32,33,34,43
137,12,13,14,22,23,24,25,32,33,34,35,43
138,12,13,14,22,23,24,25,32,33,34,35,43
139,12,13,14,22,23,24,25,32,33,34,35,43
140,12,13,14,22,23,24,25,32,33,34,35,43
141,12,13,14,15,22,23,24,25,32,33,34,35,43
142,12,13,14,15,22,23,24,25,32,33,34,35,43
143,12,13,14,15,22,23,24,25,32,33,34,35,43
144,12,13,14,15,22,23,24,25,32,33,34,35,43
145,12,13,14,15,22,23,24,25,32,33,34,35
146,12,13,14,15,22,23,24,25,32,33,34,35
147,12,13,14,15,22,23,24,25,32,33,34,35
148,12,13,14,15,22,23,24,25,32,33,34,35
149,12,13,14,15,22,23,24,25,32,33,34,35
150,12,13,14,15,22,23,24,25,32,33,34,35
151,12,13,14,15,22,23,24,25,32,33,34,35
152,12,13,14,15,22,23,24,25,32,33,34,35
153,12,13,14,15,22,23,24,25,32,33,34,35,44
154,12,13,14,15,22,23,24,25,32,33,34,35,44
155,13,14,15,22,23,24,25,32,33,34,35,44
156,13,14,15,22,23,24,25,32,33,34,35,44
157,13,14,15,22,23,24,25,33,34,35,44
158,13,14,15,22,23,24,25,33,34,35,44
159,13,14,15,23,24,25,33,34,35,44
160,13,14,15,23,24,25,33,34,35,44
161,13,14,15,23,24,25,33,34,35,44
162,13,14,15,23,24,25,33,34,35,44
163,13,14,15,23,24,25,33,34,35,44
164,13,14,15,23,24,25,33,34,35,44
165,13,14,15,23,24,25,33,34,35,44
166,13,14,15,23,24,25,33,34,35,44
167,13,14,15,23,24,25,33,34,35,44
168,13,14,15,23,24,25,33,34,35,44
169,13,14,15,23,24,25,26,33,34,35,44
170,13,14,15,23,24,25,26,33,34,35,44
171,13,14,15,23,24,25,26,33,34,35,44
172,13,14,15,23,24,25,26,33,34,35,44
173,13,14,15,16,23,24,25,26,33,34,35,36
174,13,14,15,16,23,24,25,26,33,34,35,36
175,13,14,15,16,23,24,25,26,33,34,35,36
176,13,14,15,16,23,24,25,26,33,34,35,36
177,13,14,15,16,23,24,25,26,33,34,35,36
178,13,14,15,16,23,24,25,26,33,34,35,36
179,13,14,15,16,23,24,25,26,33,34,35,36
180,13,14,15,16,23,24,25,26,33,34,35,36
181,13,14,15,16,23,24,25,26,33,34,35,36
182,13,14,15,16,23,24,25,26,33,34,35,36
183,14,15,16,23,24,25,26,33,34,35,36
184,14,15,16,23,24,25,26,33,34,35,36
185,14,15,16,23,24,25,26,34,35,36
186,14,15,16,23,24,25,26,34,35,36
187,14,15,16,24,25,26,34,35,36
188,14,15,16,24,25,26,34,35,36
189,14,15,16,24,25,26,34,35,36
190,14,15,16,24,25,26,34,35,36
191,14,15,16,24,25,26,34,35,36
192,14,15,16,24,25,26,34,35,36
193,14,15,16,24,25,26,34,35,36
194,14,15,16,24,25,26,34,35,36
195,14,15,16,24,25,26,34,35,36
196,14,15,16,24,25,26,34,35,36
197,14,15,16,24,25,26,34,35,36
198,14,15,16,24,25,26,34,35,36
199,14,15,16,24,25,26,27,34,35,36
200,14,15,16,24,25,26,27,34,35,36
201,14,15,16,24,25,26,27,34,35,36
202,14,15,16,24,25,26,27,34,35,36
203,14,15,16,24,25,26,27,34,35,36
204,14,15,16,24,25,26,27,34,35,36
205,14,15,16,24,25,26,27,34,35,36
206,14,15,16,24,25,26,27,34,35,36
207,14,15,16,24,25,26,27,34,35,36
208,14,15,16,24,25,26,27,34,35,36
209,14,15,16,24,25,26,27,34,35,36
210,14,15,16,24,25,26,27,34,35,36
211,14,15,16,17,24,25,26,27,34,35,36
212,14,15,16,17,24,25,26,27,34,35,36
213,14,15,16,17,24,25,26,27,34,35,36,37
214,14,15,16,17,24,25,26,27,34,35,36,37
215,14,15,16,17,24,25,26,27,34,35,36,37
216,14,15,16,17,24,25,26,27,34,35,36,37
217,6,14,15,16,17,24,25,26,27,34,35,36,37
218,6,14,15,16,17,24,25,26,27,34,35,36,37
219,6,14,15,16,17,24,25,26,27,34,35,36,37
220,6,14,15,16,17,24,25,26,27,34,35,36,37
221,6,14,15,16,17,24,25,26,27,34,35,36,37
222,6,14,15,16,17,24,25,26,27,34,35,36,37
223,6,14,15,16,17,24,25,26,27,34,35,36,37
224,6,14,15,16,17,24,25,26,27,34,35,36,37
225,6,14,15,16,17,24,25,26,27,34,35,36,37
226,6,14,15,16,17,24,25,26,27,34,35,36,37
227,14,15,16,17,24,25,26,27,34,35,36,37
228,14,15,16,17,24,25,26,27,34,35,36,37
229,14,15,16,17,24,25,26,27,35,36,37
230,14,15,16,17,24,25,26,27,35,36,37
231,6,15,16,17,24,25,26,27,35,36,37
232,6,15,16,17,24,25,26,27,35,36,37
233,15,16,17,24,25,26,27,35,36,37
234,15,16,17,24,25,26,27,35,36,37
235,6,15,16,17,25,26,27,35,36,37
236,6,15,16,17,25,26,27,35,36,37
237,6,15,16,17,25,26,27,35,36,37
238,6,15,16,17,25,26,27,35,36,37
239,6,15,16,17,25,26,27,35,36,37
240,6,15,16,17,25,26,27,35,36,37
241,6,15,16,17,25,26,27,35,36,37
242,6,15,16,17,25,26,27,35,36,37
243,6,15,16,17,25,26,27,35,36,37
244,6,15,16,17,25,26,27,35,36,37
245,6,15,16,17,25,26,27,28,35,36,37
246,6,15,16,17,25,26,27,28,35,36,37
247,15,16,17,18,25,26,27,28,35,36,37,38
248,15,16,17,18,25,26,27,28,35,36,37,38
249,7,15,16,17,18,25,26,27,28,35,36,37,38
250,7,15,16,17,18,25,26,27,28,35,36,37,38
251,7,15,16,17,18,25,26,27,28,35,36,37,38
252,7,15,16,17,18,25,26,27,28,35,36,37,38
253,7,15,16,17,18,25,26,27,28,35,36,37,38
254,7,15,16,17,18,25,26,27,28,35,36,37,38
255,7,16,17,18,25,26,27,28,36,37,38
256,7,16,17,18,25,26,27,28,36,37,38
257,7,16,17,18,26,27,28,36,37,38
258,7,16,17,18,26,27,28,36,37,38
259,7,16,17,18,26,27,28,36,37,38
260,7,16,17,18,26,27,28,36,37,38
261,7,16,17,18,26,27,28,36,37,38
262,7,16,17,18,26,27,28,36,37,38
263,7,16,17,18,26,27,28,29,36,37,38
264,7,16,17,18,26,27,28,29,36,37,38
265,7,16,17,18,19,26,27,28,29,36,37,38
266,7,16,17,18,19,26,27,28,29,36,37,38
267,7,8,16,17,18,19,26,27,28,29,36,37,38,39
268,7,8,16,17,18,19,26,27,28,29,36,37,38,39
269,7,8,16,17,18,19,26,27,28,29,36,37,38,39
270,7,8,16,17,18,19,26,27,28,29,36,37,38,39
271,8,16,17,18,19,26,27,28,29,36,37,38,39
272,8,16,17,18,19,26,27,28,29,36,37,38,39
273,8,16,17,18,19,26,27,28,29,36,37,38,39
274,8,16,17,18,19,26,27,28,29,36,37,38,39
275,8,16,17,18,19,26,27,28,29,36,37,38,39
276,8,16,17,18,19,26,27,28,29,36,37,38,39
277,8,16,17,18,19,26,27,28,29,36,37,38,39
278,8,16,17,18,19,26,27,28,29,36,37,38,39
279,8,16,17,18,19,26,27,28,29,36,37,38,39
280,8,16,17,18,19,26,27,28,29,36,37,38,39
281,8,16,17,18,19,26,27,28,29,37,38,39
282,8,16,17,18,19,26,27,28,29,37,38,39
283,8,16,17,18,19,26,27,28,29,37,38,39
284,8,16,17,18,19,26,27,28,29,37,38,39
285,8,17,18,19,26,27,28,29,37,38,39
286,8,17,18,19,26,27,28,29,37,38,39
287,8,17,18,19,27,28,29,37,38,39
288,8,17,18,19,27,28,29,37,38,39
289,8,17,18,19,27,28,29,37,38,39
290,8,17,18,19,27,28,29,37,38,39
291,8,17,18,19,27,28,29,37,38,39
292,8,17,18,19,27,28,29,37,38,39
293,8,9,17,18,19,27,28,29,37,38,39
294,8,9,17,18,19,27,28,29,37,38,39
295,8,9,17,18,19,27,28,29,37,38,39
296,8,9,17,18,19,27,28,29,37,38,39
297,8,9,17,18,19,27,28,29,37,38,39
298,8,9,17,18,19,27,28,29,37,38,39
299,8,9,17,18,19,27,28,29,37,38,39
300,8,9,17,18,19,27,28,29,37,38,39
301,8,9,17,18,19,27,28,29,37,38,39
302,8,9,17,18,19,27,28,29,37,38,39
303,8,9,17,18,19,27,28,29,37,38,39
304,8,9,17,18,19,27,28,29,37,38,39
305,8,9,17,18,19,27,28,29,37,38,39
306,8,9,17,18,19,27,28,29,37,38,39
307,8,9,17,18,19,27,28,29,37,38,39
308,8,9,17,18,19,27,28,29,37,38,39
309,8,17,18,19,27,28,29,37,38,39
310,8,17,18,19,27,28,29,37,38,39
311,8,17,18,19,26,27,28,29,37,38,39
312,8,17,18,19,26,27,28,29,37,38,39
313,8,17,18,19,26,27,28,29,37,38,39
314,8,17,18,19,26,27,28,29,37,38,39
315,8,16,17,18,19,26,27,28,29,37,38,39
316,8,16,17,18,19,26,27,28,29,37,38,39
317,8,16,17,18,19,26,27,28,29,37,38,39
318,8,16,17,18,19,26,27,28,29,37,38,39
319,8,16,17,18,19,26,27,28,29,37,38,39
320,8,16,17,18,19,26,27,28,29,37,38,39
321,8,16,17,18,19,26,27,28,29,37,38,39
322,8,16,17,18,19,26,27,28,29,37,38,39
323,8,16,17,18,19,26,27,28,29,37,38,39
324,8,16,17,18,19,26,27,28,29,37,38,39
325,8,16,17,18,19,26,27,28,29,37,38,39
326,8,16,17,18,19,26,27,28,29,37,38,39
327,8,16,17,18,19,26,27,28,29,36,37,38,39
328,8,16,17,18,19,26,27,28,29,36,37,38,39
329,8,16,17,18,19,26,27,28,29,36,37,38,39
330,8,16,17,18,19,26,27,28,29,36,37,38,39
331,16,17,18,26,27,28,29,36,37,38
332,16,17,18,26,27,28,29,36,37,38
333,16,17,18,26,27,28,36,37,38
334,16,17,18,26,27,28,36,37,38
335,15,16,17,18,25,26,27,28,35,36,37,38
336,15,16,17,18,25,26,27,28,35,36,37,38
337,15,16,17,18,25,26,27,28,35,36,37,38,46,47
338,15,16,17,18,25,26,27,28,35,36,37,38,46,47
339,15,16,17,25,26,27,28,35,36,37,38,46,47
340,15,16,17,25,26,27,28,35,36,37,38,46,47
341,15,16,17,25,26,27,35,36,37,46
342,15,16,17,25,26,27,35,36,37,46
343,15,16,17,25,26,27,35,36,37,46
344,15,16,17,25,26,27,35,36,37,46
345,15,16,17,25,26,27,35,36,37,46
346,15,16,17,25,26,27,35,36,37,46
347,15,16,17,24,25,26,27,35,36,37
348,15,16,17,24,25,26,27,35,36,37
349,14,15,16,17,24,25,26,27,34,35,36,37
350,14,15,16,17,24,25,26,27,34,35,36,37
351,14,15,16,17,24,25,26,27,34,35,36,37
352,14,15,16,17,24,25,26,27,34,35,36,37
353,14,15,16,17,24,25,26,27,34,35,36,37
354,14,15,16,17,24,25,26,27,34,35,36,37
355,14,15,16,17,24,25,26,27,34,35,36,37
356,14,15,16,17,24,25,26,27,34,35,36,37
357,6,14,15,16,17,24,25,26,27,34,35,36,37
358,6,14,15,16,17,24,25,26,27,34,35,36,37
359,6,14,15,16,17,24,25,26,27,34,35,36,37
360,6,14,15,16,17,24,25,26,27,34,35,36,37
361,6,14,15,16,17,24,25,26,27,34,35,36,37
362,6,14,15,16,17,24,25,26,27,34,35,36,37
363,6,14,15,16,17,24,25,26,27,34,35,36,37
364,6,14,15,16,17,24,25,26,27,34,35,36,37
365,6,14,15,16,17,24,25,26,27,34,35,36,37
366,6,14,15,16,17,24,25,26,27,34,35,36,37
367,6,14,15,16,17,24,25,26,27,34,35,36,37
368,6,14,15,16,17,24,25,26,27,34,35,36,37
369,6,14,15,16,17,24,25,26,27,34,35,36,37
370,6,14,15,16,17,24,25,26,27,34,35,36,37
371,6,14,15,16,17,24,25,26,27,34,35,36,37
372,6,14,15,16,17,24,25,26,27,34,35,36,37
373,6,14,15,16,17,24,25,26,27,34,35,36,37
374,6,14,15,16,17,24,25,26,27,34,35,36,37
375,5,6,14,15,16,17,24,25,26,27,34,35,36,37
376,5,6,14,15,16,17,24,25,26,27,34,35,36,37
377,5,6,14,15,16,17,24,25,26,27,34,35,36,37
378,5,6,14,15,16,17,24,25,26,27,34,35,36,37
379,5,6,14,15,16,17,24,25,26,27,34,35,36,37
380,5,6,14,15,16,17,24,25,26,27,34,35,36,37
381,5,6,14,15,16,17,24,25,26,27,34,35,36,37
382,5,6,14,15,16,17,24,25,26,27,34,35,36,37
383,5,6,14,15,16,17,24,25,26,27,34,35,36
384,5,6,14,15,16,17,24,25,26,27,34,35,36
385,5,6,14,15,16,17,24,25,26,27,34,35,36
386,5,6,14,15,16,17,24,25,26,27,34,35,36
387,5,6,14,15,16,17,24,25,26,27,34,35,36
388,5,6,14,15,16,17,24,25,26,27,34,35,36
389,5,6,14,15,16,24,25,26,27,34,35,36
390,5,6,14,15,16,24,25,26,27,34,35,36
391,5,14,15,16,24,25,26,34,35,36
392,5,14,15,16,24,25,26,34,35,36
393,5,14,15,16,24,25,26,34,35,36
394,5,14,15,16,24,25,26,34,35,36
395,5,14,15,16,24,25,26,34,35,36
396,5,14,15,16,24,25,26,34,35,36
397,5,14,15,16,23,24,25,26,34,35,36
398,5,14,15,16,23,24,25,26,34,35,36
399,5,13,14,15,16,23,24,25,26,34,35,36
400,5,13,14,15,16,23,24,25,26,34,35,36
401,5,13,14,15,16,23,24,25,26,33,34,35,36
402,5,13,14,15,16,23,24,25,26,33,34,35,36
403,5,13,14,15,16,23,24,25,26,33,34,35,36
404,5,13,14,15,16,23,24,25,26,33,34,35,36
405,5,13,14,15,16,23,24,25,26,33,34,35,36
406,5,13,14,15,16,23,24,25,26,33,34,35,36
407,5,13,14,15,16,23,24,25,26,33,34,35,36
408,5,13,14,15,16,23,24,25,26,33,34,35,36
409,4,5,13,14,15,16,23,24,25,26,33,34,35,36
410,4,5,13,14,15,16,23,24,25,26,33,34,35,36
411,4,5,13,14,15,16,23,24,25,26,33,34,35,36
412,4,5,13,14,15,16,23,24,25,26,33,34,35,36
413,4,5,13,14,15,16,23,24,25,26,33,34,35,36
414,4,5,13,14,15,16,23,24,25,26,33,34,35,36
415,4,5,13,14,15,16,23,24,25,26,33,34,35
416,4,5,13,14,15,16,23,24,25,26,33,34,35
417,4,5,13,14,15,23,24,25,26,33,34,35
418,4,5,13,14,15,23,24,25,26,33,34,35
419,4,5,13,14,15,23,24,25,33,34,35
420,4,5,13,14,15,23,24,25,33,34,35
421,4,13,14,15,23,24,25,33,34,35
422,4,13,14,15,23,24,25,33,34,35
423,4,13,14,15,23,24,25,33,34,35
424,4,13,14,15,23,24,25,33,34,35
425,4,13,14,15,22,23,24,25,33,34,35
426,4,13,14,15,22,23,24,25,33,34,35
427,4,12,13,14,15,22,23,24,25,33,34,35
428,4,12,13,14,15,22,23,24,25,33,34,35
429,4,12,13,14,15,22,23,24,25,32,33,34,35
430,4,12,13,14,15,22,23,24,25,32,33,34,35
431,4,12,13,14,15,22,23,24,25,32,33,34,35
432,4,12,13,14,15,22,23,24,25,32,33,34,35
433,3,4,12,13,14,15,22,23,24,25,32,33,34,35
434,3,4,12,13,14,15,22,23,24,25,32,33,34,35
435,3,4,12,13,14,15,22,23,24,25,32,33,34,35
436,3,4,12,13,14,15,22,23,24,25,32,33,34,35
437,3,4,12,13,14,15,22,23,24,25,32,33,34
438,3,4,12,13,14,15,22,23,24,25,32,33,34
439,3,4,12,13,14,15,22,23,24,25,32,33,34
440,3,4,12,13,14,15,22,23,24,25,32,33,34
441,3,4,12,13,14,22,23,24,25,32,33,34
442,3,4,12,13,14,22,23,24,25,32,33,34
443,3,4,12,13,14,22,23,24,32,33,34
444,3,4,12,13,14,22,23,24,32,33,34
445,3,12,13,14,22,23,24,32,33,34
446,3,12,13,14,22,23,24,32,33,34
447,3,12,13,14,22,23,24,32,33,34
448,3,12,13,14,22,23,24,32,33,34
449,3,12,13,14,22,23,24,32,33,34
450,3,12,13,14,22,23,24,32,33,34
451,3,12,13,14,22,23,24,32,33,34
452,3,12,13,14,22,23,24,32,33,34
453,3,12,13,14,22,23,24,32,33,34
454,3,12,13,14,22,23,24,32,33,34
455,3,12,13,14,22,23,24,32,33,34
456,3,12,13,14,22,23,24,32,33,34
457,3,12,13,14,22,23,24,32,33,34
458,3,12,13,14,22,23,24,32,33,34
459,3,11,12,13,14,21,22,23,24,32,33,34
460,3,11,12,13,14,21,22,23,24,32,33,34
461,3,11,12,13,14,21,22,23,24,32,33,34
462,3,11,12,13,14,21,22,23,24,32,33,34
463,3,11,12,13,14,21,22,23,24,31,32,33,34
464,3,11,12,13,14,21,22,23,24,31,32,33,34
465,2,3,11,12,13,14,21,22,23,24,31,32,33,34
466,2,3,11,12,13,14,21,22,23,24,31,32,33,34
467,2,3,11,12,13,14,21,22,23,24,31,32,33,34
468,2,3,11,12,13,14,21,22,23,24,31,32,33,34
469,2,3,11,12,13,14,21,22,23,24,31,32,33,34
470,2,3,11,12,13,14,21,22,23,24,31,32,33,34
471,2,3,11,12,13,14,21,22,23,24,31,32,33
472,2,3,11,12,13,14,21,22,23,24,31,32,33
473,2,3,11,12,13,14,21,22,23,24,31,32,33
474,2,3,11,12,13,14,21,22,23,24,31,32,33
475,2,3,11,12,13,21,22,23,24,31,32,33
476,2,3,11,12,13,21,22,23,24,31,32,33
477,2,3,11,12,13,21,22,23,31,32,33
478,2,3,11,12,13,21,22,23,31,32,33
479,2,3,11,12,13,21,22,23,31,32,33
480,2,3,11,12,13,21,22,23,31,32,33
481,2,3,11,12,13,20,21,22,23,30,31,32,33
482,2,3,11,12,13,20,21,22,23,30,31,32,33
483,2,11,12,13,20,21,22,23,30,31,32,33
484,2,11,12,13,20,21,22,23,30,31,32,33
485,1,2,11,12,13,20,21,22,23,30,31,32,33
486,1,2,11,12,13,20,21,22,23,30,31,32,33
487,1,2,11,12,13,20,21,22,23,30,31,32,33,40
488,1,2,11,12,13,20,21,22,23,30,31,32,33,40
489,1,2,11,12,13,20,21,22,23,30,31,32,33,40
490,1,2,11,12,13,20,21,22,23,30,31,32,33,40
491,1,2,11,12,13,20,21,22,23,30,31,32,40
492,1,2,11,12,13,20,21,22,23,30,31,32,40
493,1,2,11,12,13,20,21,22,23,30,31,32,40
494,1,2,11,12,13,20,21,22,23,30,31,32,40
495,1,2,10,11,12,13,20,21,22,23,30,31,32,40
496,1,2,10,11,12,13,20,21,22,23,30,31,32,40
497,1,2,10,11,12,13,20,21,22,23,30,31,32,40
498,1,2,10,11,12,13,20,21,22,23,30,31,32,40
499,11,12,20,21,22,30,31,32,40,41,42
500,11,12,20,21,22,30,31,32,40,41,42
501,11,12,20,21,22,30,31,32,40,41,42,50
502,11,12,20,21,22,30,31,32,40,41,42,50
503,11,12,20,21,22,30,31,32,40,41,50
504,11,12,20,21,22,30,31,32,40,41,50
505,11,12,20,21,22,30,31,32,40,41,50
506,11,12,20,21,22,30,31,32,40,41,50
507,11,12,20,21,22,29,30,31,32,40,41,50
508,11,12,20,21,22,29,30,31,32,40,41,50
509,11,12,20,21,22,29,30,31,32,39,40,41,50
510,11,12,20,21,22,29,30,31,32,39,40,41,50
511,11,12,20,21,22,29,30,31,32,39,40,41,50
512,11,12,20,21,22,29,30,31,32,39,40,41,50
513,11,12,20,21,22,29,30,31,32,39,40,41,50
514,11,12,20,21,22,29,30,31,32,39,40,41,50
515,11,12,19,20,21,22,29,30,31,32,39,40,41,50
516,11,12,19,20,21,22,29,30,31,32,39,40,41,50
517,11,12,19,20,21,22,29,30,31,32,39,40,41,50
518,11,12,19,20,21,22,29,30,31,32,39,40,41,50
519,11,12,19,20,21,22,29,30,31,32,39,40,41,50
520,11,12,19,20,21,22,29,30,31,32,39,40,41,50
521,11,12,19,20,21,22,29,30,31,32,39,40,41,50
522,11,12,19,20,21,22,29,30,31,32,39,40,41,50
523,11,12,19,20,21,22,29,30,31,32,39,40,41,50
524,11,12,19,20,21,22,29,30,31,32,39,40,41,50
525,11,12,19,20,21,22,29,30,31,32,39,40,41,50
526,11,12,19,20,21,22,29,30,31,32,39,40,41,50
527,11,12,19,20,21,22,29,30,31,32,39,40,41,50
528,11,12,19,20,21,22,29,30,31,32,39,40,41,50
529,11,12,19,20,21,22,29,30,31,32,39,40,41,50
530,11,12,19,20,21,22,29,30,31,32,39,40,41,50
531,11,12,19,20,21,22,29,30,31,32,39,40,41,50
532,11,12,19,20,21,22,29,30,31,32,39,40,41,50
533,11,12,19,20,21,22,29,30,31,32,39,40,41,50
534,11,12,19,20,21,22,29,30,31,32,39,40,41,50
535,11,12,19,20,21,22,29,30,31,32,39,40,41,50
536,11,12,19,20,21,22,29,30,31,32,39,40,41,50
537,11,12,19,20,21,22,29,30,31,32,39,40,41,50
538,11,12,19,20,21,22,29,30,31,32,39,40,41,50
539,11,12,19,20,21,22,29,30,31,32,39,40,41,50
540,11,12,19,20,21,22,29,30,31,32,39,40,41,50
541,11,12,19,20,21,22,29,30,31,32,39,40,41,50
542,11,12,19,20,21,22,29,30,31,32,39,40,41,50
543,11,12,19,20,21,22,29,30,31,32,39,40,41,50
544,11,12,19,20,21,22,29,30,31,32,39,40,41,50
545,11,12,19,20,21,22,29,30,31,32,39,40,50
546,11,12,19,20,21,22,29,30,31,32,39,40,50
547,11,12,19,20,21,22,29,30,31,32,39,40,50
548,11,12,19,20,21,22,29,30,31,32,39,40,50
549,11,12,19,20,21,22,29,30,31,32,39,40,50
550,11,12,19,20,21,22,29,30,31,32,39,40,50
551,11,12,19,20,21,22,29,30,31,32,39,40
552,11,12,19,20,21,22,29,30,31,32,39,40
553,11,12,19,20,21,22,29,30,31,32,39,40
554,11,12,19,20,21,22,29,30,31,32,39,40
555,11,12,19,20,21,22,29,30,31,32,39,40
556,11,12,19,20,21,22,29,30,31,32,39,40
557,11,12,19,20,21,22,29,30,31,32,39,40
558,11,12,19,20,21,22,29,30,31,32,39,40
559,11,12,19,20,21,22,29,30,31,32,39,40
560,11,12,19,20,21,22,29,30,31,32,39,40
561,11,12,19,20,21,22,29,30,31,32,39,40
562,11,12,19,20,21,22,29,30,31,32,39,40
563,11,12,19,20,21,22,29,30,31,32,39,40
564,11,12,19,20,21,22,29,30,31,32,39,40
565,11,12,19,20,21,22,29,30,31,32,39,40
566,11,12,19,20,21,22,29,30,31,32,39,40
567,11,12,19,20,21,22,29,30,31,32,39,40
568,11,12,19,20,21,22,29,30,31,32,39,40
569,11,12,19,20,21,22,29,30,31,32,39,40
570,11,12,19,20,21,22,29,30,31,32,39,40
571,10,11,12,19,20,21,22,29,30,31,39,40
572,10,11,12,19,20,21,22,29,30,31,39,40
573,10,11,12,19,20,21,22,29,30,31,39,40
574,10,11,12,19,20,21,22,29,30,31,39,40
575,10,11,12,19,20,21,22,29,30,31,39,40
576,10,11,12,19,20,21,22,29,30,31,39,40
577,10,11,12,19,20,21,22,29,30,31,39,40
578,10,11,12,19,20,21,22,29,30,31,39,40
579,10,11,12,19,20,21,22,29,30,31,39,40
580,10,11,12,19,20,21,22,29,30,31,39,40
581,10,11,12,19,20,21,22,29,30,31,39,40
582,10,11,12,19,20,21,22,29,30,31,39,40
583,10,11,12,19,20,21,22,29,30,31,39,40
584,10,11,12,19,20,21,22,29,30,31,39,40
585,10,11,12,19,20,21,22,29,30,31,39,40
586,10,11,12,19,20,21,22,29,30,31,39,40
587,10,11,12,19,20,21,22,29,30,31,39,40
588,10,11,12,19,20,21,22,29,30,31,39,40
589,10,11,12,19,20,21,22,29,30,31,39,40
590,10,11,12,19,20,21,22,29,30,31,39,40
591,10,11,12,19,20,21,22,29,30,31,39,40
592,10,11,12,19,20,21,22,29,30,31,39,40
593,10,11,12,19,20,21,22,29,30,31,39,40
594,10,11,12,19,20,21,22,29,30,31,39,40
595,10,11,12,19,20,21,22,29,30,31,39,40
596,10,11,12,19,20,21,22,29,30,31,39,40
597,10,11,12,19,20,21,22,29,30,31,39,40
598,10,11,12,19,20,21,22,29,30,31,39,40
599,10,11,12,19,20,21,22,29,30,31,32,39,40
600,10,11,12,19,20,21,22,29,30,31,32,39,40
601,10,11,12,19,20,21,22,29,30,31,32,39,40
602,10,11,12,19,20,21,22,29,30,31,32,39,40
603,10,11,12,19,20,21,22,29,30,31,32,39,40
604,10,11,12,19,20,21,22,29,30,31,32,39,40
605,10,11,12,19,20,21,22,29,30,31,32,39,40
606,10,11,12,19,20,21,22,29,30,31,32,39,40
607,10,11,12,19,20,21,22,29,30,31,32,39,40
608,10,11,12,19,20,21,22,29,30,31,32,39,40
609,10,11,12,19,20,21,22,29,30,31,32,39,40
610,10,11,12,19,20,21,22,29,30,31,32,39,40
611,10,11,12,19,20,21,22,29,30,31,32,39,40
612,10,11,12,19,20,21,22,29,30,31,32,39,40
613,10,11,12,19,20,21,22,29,30,31,32,39,40
614,10,11,12,19,20,21,22,29,30,31,32,39,40
615,10,11,12,19,20,21,22,29,30,31,32,39,40
616,10,11,12,19,20,21,22,29,30,31,32,39,40
617,10,11,12,19,20,21,22,29,30,31,32,39,40
618,10,11,12,19,20,21,22,29,30,31,32,39,40
619,10,11,12,19,20,21,22,29,30,31,39,40
620,10,11,12,19,20,21,22,29,30,31,39,40
621,10,11,12,19,20,21,22,29,30,31,39,40
622,10,11,12,19,20,21,22,29,30,31,39,40
623,10,11,12,19,20,21,22,29,30,31,39,40
624,10,11,12,19,20,21,22,29,30,31,39,40
625,9,10,11,12,19,20,21,22,29,30,31,39,40
626,9,10,11,12,19,20,21,22,29,30,31,39,40
627,9,10,11,12,19,20,21,22,29,30,31,39,40
628,9,10,11,12,19,20,21,22,29,30,31,39,40
629,9,10,11,19,20,21,22,29,30,31,39,40
630,9,10,11,19,20,21,22,29,30,31,39,40
631,9,10,11,19,20,21,22,29,30,31,39,40
632,9,10,11,19,20,21,22,29,30,31,39,40
633,9,10,11,19,20,21,29,30,31,39,40
634,9,10,11,19,20,21,29,30,31,39,40
635,9,10,11,19,20,21,22,29,30,31,39,40
636,9,10,11,19,20,21,22,29,30,31,39,40
637,9,10,11,12,19,20,21,22,29,30,31,39,40
638,9,10,11,12,19,20,21,22,29,30,31,39,40
639,10,11,12,19,20,21,22,29,30,31,39,40
640,10,11,12,19,20,21,22,29,30,31,39,40
641,10,11,12,19,20,21,22,29,30,31,39,40
642,10,11,12,19,20,21,22,29,30,31,39,40
643,10,11,12,19,20,21,22,29,30,31,32,39,40
644,10,11,12,19,20,21,22,29,30,31,32,39,40
645,10,11,12,19,20,21,22,29,30,31,32,39,40
646,10,11,12,19,20,21,22,29,30,31,32,39,40
647,10,11,12,19,20,21,22,29,30,31,32,39,40
648,10,11,12,19,20,21,22,29,30,31,32,39,40
649,1,10,11,12,19,20,21,22,29,30,31,32,39,40
650,1,10,11,12,19,20,21,22,29,30,31,32,39,40
651,1,10,11,12,19,20,21,22,29,30,31,32,39,40
652,1,10,11,12,19,20,21,22,29,30,31,32,39,40
653,1,10,11,12,19,20,21,22,29,30,31,32,39,40
654,1,10,11,12,19,20,21,22,29,30,31,32,39,40
655,1,10,11,12,19,20,21,22,29,30,31,32,39,40
656,1,10,11,12,19,20,21,22,29,30,31,32,39,40
657,11,12,19,20,21,22,29,30,31,32,40
658,11,12,19,20,21,22,29,30,31,32,40
659,11,12,20,21,22,29,30,31,32,40
660,11,12,20,21,22,29,30,31,32,40
661,11,12,20,21,22,30,31,32,40
662,11,12,20,21,22,30,31,32,40
663,11,12,20,21,22,30,31,32,40
664,11,12,20,21,22,30,31,32,40
665,1,2,10,11,12,13,20,21,22,23,30,31,32,40
666,1,2,10,11,12,13,20,21,22,23,30,31,32,40
667,1,2,10,11,12,13,20,21,22,23,30,31,32,40
668,1,2,10,11,12,13,20,21,22,23,30,31,32,40
669,1,2,11,12,13,20,21,22,23,30,31,32,40
670,1,2,11,12,13,20,21,22,23,30,31,32,40
671,1,2,11,12,13,20,21,22,23,30,31,32,33,40
672,1,2,11,12,13,20,21,22,23,30,31,32,33,40
673,1,2,11,12,13,20,21,22,23,30,31,32,33,40
674,1,2,11,12,13,20,21,22,23,30,31,32,33,40
675,1,2,11,12,13,20,21,22,23,30,31,32,33,40
676,1,2,11,12,13,20,21,22,23,30,31,32,33,40
677,1,2,11,12,13,20,21,22,23,30,31,32,33,40
678,1,2,11,12,13,20,21,22,23,30,31,32,33,40
679,1,2,11,12,13,20,21,22,23,30,31,32,33,40
680,1,2,11,12,13,20,21,22,23,30,31,32,33,40
681,1,2,11,12,13,20,21,22,23,30,31,32,33,40
682,1,2,11,12,13,20,21,22,23,30,31,32,33,40
683,1,2,11,12,13,20,21,22,23,30,31,32,33,40
684,1,2,11,12,13,20,21,22,23,30,31,32,33,40
685,1,2,11,12,13,20,21,22,23,30,31,32,33,40
686,1,2,11,12,13,20,21,22,23,30,31,32,33,40
687,1,2,11,12,13,20,21,22,23,30,31,32,33,40
688,1,2,11,12,13,20,21,22,23,30,31,32,33,40
689,1,2,11,12,13,20,21,22,23,30,31,32,33,40
690,1,2,11,12,13,20,21,22,23,30,31,32,33,40
691,1,2,11,12,13,20,21,22,23,30,31,32,33,40
692,1,2,11,12,13,20,21,22,23,30,31,32,33,40
693,1,2,11,12,13,20,21,22,23,30,31,32,33,40
694,1,2,11,12,13,20,21,22,23,30,31,32,33,40
695,1,2,11,12,13,20,21,22,23,30,31,32,33,40
696,1,2,11,12,13,20,21,22,23,30,31,32,33,40
697,2,11,12,13,20,21,22,23,30,31,32,33,40
698,2,11,12,13,20,21,22,23,30,31,32,33,40
699,2,11,12,13,20,21,22,23,30,31,32,33
700,2,11,12,13,20,21,22,23,30,31,32,33
701,2,11,12,13,21,22,23,30,31,32,33
702,2,11,12,13,21,22,23,30,31,32,33
703,11,12,13,21,22,23,31,32,33
704,11,12,13,21,22,23,31,32,33
705,11,12,13,21,22,23,31,32,33,42
706,11,12,13,21,22,23,31,32,33,42
707,11,12,13,21,22,23,31,32,33,42,43
708,11,12,13,21,22,23,31,32,33,42,43
709,11,12,13,21,22,23,31,32,33,41,42,43
710,11,12,13,21,22,23,31,32,33,41,42,43
711,11,12,13,21,22,23,31,32,33,41,42,43
712,11,12,13,21,22,23,31,32,33,41,42,43
713,11,12,13,21,22,23,24,31,32,33,41,42,43
714,11,12,13,21,22,23,24,31,32,33,41,42,43
715,11,12,13,21,22,23,24,31,32,33,41,42,43
716,11,12,13,21,22,23,24,31,32,33,41,42,43
717,11,12,13,21,22,23,24,31,32,33,42,43
718,11,12,13,21,22,23,24,31,32,33,42,43
719,11,12,13,21,22,23,24,31,32,33,42,43
720,11,12,13,21,22,23,24,31,32,33,42,43
721,11,12,13,21,22,23,24,31,32,33,42,43
722,11,12,13,21,22,23,24,31,32,33,42,43
723,11,12,13,21,22,23,24,31,32,33,42,43
724,11,12,13,21,22,23,24,31,32,33,42,43
725,11,12,13,21,22,23,24,31,32,33,41,42,43
726,11,12,13,21,22,23,24,31,32,33,41,42,43
727,11,12,13,21,22,23,31,32,33,42,43
728,11,12,13,21,22,23,31,32,33,42,43
729,11,12,13,21,22,23,31,32,33,42,43
730,11,12,13,21,22,23,31,32,33,42,43
731,11,12,13,21,22,23,31,32,33,42,43
732,11,12,13,21,22,23,31,32,33,42,43
733,11,12,13,21,22,23,31,32,33,42,43
734,11,12,13,21,22,23,31,32,33,42,43
735,11,12,13,21,22,23,31,32,33,42,43
736,11,12,13,21,22,23,31,32,33,42,43
737,11,12,13,21,22,23,31,32,33,42,43
738,11,12,13,21,22,23,31,32,33,42,43
739,11,12,13,21,22,23,31,32,33,42,43
740,11,12,13,21,22,23,31,32,33,42,43
741,11,12,13,21,22,23,31,32,33,42,43
742,11,12,13,21,22,23,31,32,33,42,43
743,11,12,13,21,22,23,31,32,33,42,43
744,11,12,13,21,22,23,31,32,33,42,43
745,11,12,13,21,22,23,31,32,33,42,43
746,11,12,13,21,22,23,31,32,33,42,43
747,11,12,13,21,22,23,31,32,33,42,43
748,11,12,13,21,22,23,31,32,33,42,43
749,11,12,13,21,22,23,31,32,33,42,43
750,11,12,13,21,22,23,31,32,33,42,43
751,11,12,13,21,22,23,31,32,33,42,43
752,11,12,13,21,22,23,31,32,33,42,43
753,11,12,13,21,22,23,31,32,33,42,43
754,11,12,13,21,22,23,31,32,33,42,43
755,11,12,13,21,22,23,31,32,33,42,43
756,11,12,13,21,22,23,31,32,33,42,43
757,11,12,13,21,22,23,31,32,33,42,43
758,11,12,13,21,22,23,31,32,33,42,43
759,11,12,13,21,22,23,31,32,33,42,43
760,11,12,13,21,22,23,31,32,33,42,43
761,11,12,13,21,22,23,31,32,33,42,43
762,11,12,13,21,22,23,31,32,33,42,43
763,11,12,13,21,22,23,31,32,33,42,43
764,11,12,13,21,22,23,31,32,33,42,43
765,11,12,13,21,22,23,31,32,33,42,43
766,11,12,13,21,22,23,31,32,33,42,43
767,11,12,13,21,22,23,31,32,33,42,43
768,11,12,13,21,22,23,31,32,33,42,43
769,11,12,13,21,22,23,31,32,33,42,43
770,11,12,13,21,22,23,31,32,33,42,43
771,11,12,13,21,22,23,31,32,33,42,43
772,11,12,13,21,22,23,31,32,33,42,43
773,11,12,13,21,22,23,31,32,33,42,43
774,11,12,13,21,22,23,31,32,33,42,43
775,11,12,13,21,22,23,31,32,33,42,43
776,11,12,13,21,22,23,31,32,33,42,43
777,11,12,13,21,22,23,31,32,33,42
778,11,12,13,21,22,23,31,32,33,42
779,11,12,13,21,22,23,31,32,33,42
780,11,12,13,21,22,23,31,32,33,42
781,11,12,13,21,22,23,31,32,33,42
782,11,12,13,21,22,23,31,32,33,42
783,11,12,13,21,22,23,31,32,33,42
784,11,12,13,21,22,23,31,32,33,42
785,11,12,13,21,22,23,24,31,32,33,34,42,43
786,11,12,13,21,22,23,24,31,32,33,34,42,43
787,11,12,13,14,21,22,23,24,31,32,33,34,42,43
788,11,12,13,14,21,22,23,24,31,32,33,34,42,43
789,11,12,13,14,21,22,23,24,31,32,33,34,42,43
790,11,12,13,14,21,22,23,24,31,32,33,34,42,43
791,11,12,13,14,21,22,23,24,31,32,33,34,42,43
792,11,12,13,14,21,22,23,24,31,32,33,34,42,43
793,11,12,13,14,21,22,23,24,31,32,33,34,42,43
794,11,12,13,14,21,22,23,24,31,32,33,34,42,43
795,11,12,13,14,21,22,23,24,31,32,33,34,42,43
796,11,12,13,14,21,22,23,24,31,32,33,34,42,43
797,11,12,13,14,21,22,23,24,31,32,33,34,42,43
798,11,12,13,14,21,22,23,24,31,32,33,34,42,43
799,12,13,14,21,22,23,24,31,32,33,34,42,43
800,12,13,14,21,22,23,24,31,32,33,34,42,43
801,12,13,14,21,22,23,24,32,33,34,42,43
802,12,13,14,21,22,23,24,32,33,34,42,43
803,12,13,14,22,23,24,32,33,34,42,43
804,12,13,14,22,23,24,32,33,34,42,43
805,12,13,14,22,23,24,32,33,34,43
806,12,13,14,22,23,24,32,33,34,43
807,12,13,14,22,23,24,32,33,34,43
808,12,13,14,22,23,24,32,33,34,43
809,12,13,14,22,23,24,32,33,34,43,44
810,12,13,14,22,23,24,32,33,34,43,44
811,12,13,14,22,23,24,32,33,34,43,44
812,12,13,14,22,23,24,32,33,34,43,44
813,12,13,14,22,23,24,32,33,34,42,43,44
814,12,13,14,22,23,24,32,33,34,42,43,44
815,12,13,14,22,23,24,25,32,33,34,42,43,44
816,12,13,14,22,23,24,25,32,33,34,42,43,44
817,12,13,14,22,23,24,25,32,33,34,35,42,43,44
818,12,13,14,22,23,24,25,32,33,34,35,42,43,44
819,12,13,14,22,23,24,25,32,33,34,35,43,44
820,12,13,14,22,23,24,25,32,33,34,35,43,44
821,12,13,14,22,23,24,25,32,33,34,35,43,44
822,12,13,14,22,23,24,25,32,33,34,35,43,44
823,12,13,14,22,23,24,25,32,33,34,35,43,44
824,12,13,14,22,23,24,25,32,33,34,35,43,44
825,12,13,14,22,23,24,25,32,33,34,35,43,44
826,12,13,14,22,23,24,25,32,33,34,35,43,44
827,12,13,14,22,23,24,25,32,33,34,35,43,44
828,12,13,14,22,23,24,25,32,33,34,35,43,44
829,12,13,14,22,23,24,25,32,33,34,35,42,43,44
830,12,13,14,22,23,24,25,32,33,34,35,42,43,44
831,12,13,14,22,23,24,25,32,33,34,35,42,43,44
832,12,13,14,22,23,24,25,32,33,34,35,42,43,44
833,12,13,14,22,23,24,25,32,33,34,35,42,43,44
834,12,13,14,22,23,24,25,32,33,34,35,42,43,44
835,12,13,14,22,23,24,25,32,33,34,35,42,43,44
836,12,13,14,22,23,24,25,32,33,34,35,42,43,44
837,12,13,14,22,23,24,25,32,33,34,35,43,44
838,12,13,14,22,23,24,25,32,33,34,35,43,44
839,12,13,14,22,23,24,25,32,33,34,35,43,44
840,12,13,14,22,23,24,25,32,33,34,35,43,44
841,12,13,14,22,23,24,25,32,33,34,35,43,44
842,12,13,14,22,23,24,25,32,33,34,35,43,44
843,12,13,14,22,23,24,25,32,33,34,35,43,44
844,12,13,14,22,23,24,25,32,33,34,35,43,44
845,12,13,14,22,23,24,25,32,33,34,35,43,44
846,12,13,14,22,23,24,25,32,33,34,35,43,44
847,12,13,14,22,23,24,25,32,33,34,35,43,44
848,12,13,14,22,23,24,25,32,33,34,35,43,44
849,12,13,14,22,23,24,25,32,33,34,35,43,44
850,12,13,14,22,23,24,25,32,33,34,35,43,44
851,12,13,14,22,23,24,25,32,33,34,35,43,44
852,12,13,14,22,23,24,25,32,33,34,35,43,44
853,12,13,14,22,23,24,25,32,33,34,35,43,44
854,12,13,14,22,23,24,25,32,33,34,35,43,44
855,12,13,14,22,23,24,25,32,33,34,35,42,43,44
856,12,13,14,22,23,24,25,32,33,34,35,42,43,44
857,12,13,14,22,23,24,25,32,33,34,35,42,43,44
858,12,13,14,22,23,24,25,32,33,34,35,42,43,44
859,12,13,14,22,23,24,25,32,33,34,35,42,43,44
860,12,13,14,22,23,24,25,32,33,34,35,42,43,44
861,12,13,14,22,23,24,25,32,33,34,35,42,43,44
862,12,13,14,22,23,24,25,32,33,34,35,42,43,44
863,12,13,14,22,23,24,25,32,33,34,35,42,43,44
864,12,13,14,22,23,24,25,32,33,34,35,42,43,44
865,12,13,14,22,23,24,25,32,33,34,35,42,43,44
866,12,13,14,22,23,24,25,32,33,34,35,42,43,44
867,12,13,14,22,23,24,25,32,33,34,35,42,43,44
868,12,13,14,22,23,24,25,32,33,34,35,42,43,44
869,12,13,14,22,23,24,25,32,33,34,35,42,43,44
870,12,13,14,22,23,24,25,32,33,34,35,42,43,44
871,12,13,14,22,23,24,25,32,33,34,35,42,43,44
872,12,13,14,22,23,24,25,32,33,34,35,42,43,44
873,12,13,14,22,23,24,25,32,33,34,35,42,43,44
874,12,13,14,22,23,24,25,32,33,34,35,42,43,44
875,12,13,14,22,23,24,25,32,33,34,35,42,43,44
876,12,13,14,22,23,24,25,32,33,34,35,42,43,44
877,12,13,14,22,23,24,25,32,33,34,35,42,43,44
878,12,13,14,22,23,24,25,32,33,34,35,42,43,44
879,12,13,14,22,23,24,25,32,33,34,35,42,43,44
880,12,13,14,22,23,24,25,32,33,34,35,42,43,44
881,12,13,14,22,23,24,25,32,33,34,35,42,43,44
882,12,13,14,22,23,24,25,32,33,34,35,42,43,44
883,12,13,14,22,23,24,25,32,33,34,35,42,43,44
884,12,13,14,22,23,24,25,32,33,34,35,42,43,44
885,12,13,14,22,23,24,25,32,33,34,35,42,43,44
886,12,13,14,22,23,24,25,32,33,34,35,42,43,44
887,12,13,14,22,23,24,25,32,33,34,35,42,43,44
888,12,13,14,22,23,24,25,32,33,34,35,42,43,44
889,12,13,14,22,23,24,25,32,33,34,35,42,43,44
890,12,13,14,22,23,24,25,32,33,34,35,42,43,44
891,12,13,14,22,23,24,25,32,33,34,35,42,43,44
892,12,13,14,22,23,24,25,32,33,34,35,42,43,44
893,12,13,14,22,23,24,25,32,33,34,35,42,43,44
894,12,13,14,22,23,24,25,32,33,34,35,42,43,44
895,12,13,14,22,23,24,25,32,33,34,35,42,43,44
896,12,13,14,22,23,24,25,32,33,34,35,42,43,44
897,12,13,14,22,23,24,25,32,33,34,35,42,43,44
898,12,13,14,22,23,24,25,32,33,34,35,42,43,44
899,12,13,14,22,23,24,25,32,33,34,35,42,43,44
900,12,13,14,22,23,24,25,32,33,34,35,42,43,44
901,12,13,14,22,23,24,25,32,33,34,35,42,43,44
902,12,13,14,22,23,24,25,32,33,34,35,42,43,44
903,12,13,14,22,23,24,25,32,33,34,35,42,43,44
904,12,13,14,22,23,24,25,32,33,34,35,42,43,44
905,12,13,14,22,23,24,25,32,33,34,35,42,43,44
906,12,13,14,22,23,24,25,32,33,34,35,42,43,44
907,12,13,14,22,23,24,25,32,33,34,35,42,43,44
908,12,13,14,22,23,24,25,32,33,34,35,42,43,44
909,12,13,14,22,23,24,25,32,33,34,35,42,43,44
910,12,13,14,22,23,24,25,32,33,34,35,42,43,44
911,12,13,14,22,23,24,25,32,33,34,35,42,43,44
912,12,13,14,22,23,24,25,32,33,34,35,42,43,44
913,12,13,14,22,23,24,25,32,33,34,35,42,43,44
914,12,13,14,22,23,24,25,32,33,34,35,42,43,44
915,12,13,14,22,23,24,25,32,33,34,35,42,43,44
916,12,13,14,22,23,24,25,32,33,34,35,42,43,44
917,12,13,14,22,23,24,25,32,33,34,35,42,43,44
918,12,13,14,22,23,24,25,32,33,34,35,42,43,44
919,12,13,14,22,23,24,25,32,33,34,35,42,43,44
920,12,13,14,22,23,24,25,32,33,34,35,42,43,44
921,12,13,14,22,23,24,25,32,33,34,35,42,43,44
922,12,13,14,22,23,24,25,32,33,34,35,42,43,44
923,12,13,14,22,23,24,25,32,33,34,35,42,43,44
924,12,13,14,22,23,24,25,32,33,34,35,42,43,44
925,12,13,14,22,23,24,25,32,33,34,35,42,43,44
926,12,13,14,22,23,24,25,32,33,34,35,42,43,44
927,12,13,14,22,23,24,25,32,33,34,35,42,43,44
928,12,13,14,22,23,24,25,32,33,34,35,42,43,44
929,12,13,14,22,23,24,25,32,33,34,35,42,43,44
930,12,13,14,22,23,24,25,32,33,34,35,42,43,44
931,12,13,14,22,23,24,25,32,33,34,35,42,43,44
932,12,13,14,22,23,24,25,32,33,34,35,42,43,44
933,12,13,14,22,23,24,25,32,33,34,35,42,43,44
934,12,13,14,22,23,24,25,32,33,34,35,42,43,44
935,12,13,14,22,23,24,25,32,33,34,35,42,43,44
936,12,13,14,22,23,24,25,32,33,34,35,42,43,44
937,12,13,14,22,23,24,25,32,33,34,35,42,43,44
938,12,13,14,22,23,24,25,32,33,34,35,42,43,44
939,12,13,14,22,23,24,25,32,33,34,35,42,43,44
940,12,13,14,22,23,24,25,32,33,34,35,42,43,44
941,12,13,14,22,23,24,25,32,33,34,35,42,43,44
942,12,13,14,22,23,24,25,32,33,34,35,42,43,44
943,12,13,14,22,23,24,25,32,33,34,35,42,43,44
944,12,13,14,22,23,24,25,32,33,34,35,42,43,44
945,12,13,14,22,23,24,25,32,33,34,35,42,43,44
946,12,13,14,22,23,24,25,32,33,34,35,42,43,44
947,12,13,14,22,23,24,25,32,33,34,35,42,43,44
948,12,13,14,22,23,24,25,32,33,34,35,42,43,44
949,12,13,14,22,23,24,25,32,33,34,35,43,44
950,12,13,14,22,23,24,25,32,33,34,35,43,44
951,12,13,14,15,22,23,24,25,32,33,34,35,43,44
952,12,13,14,15,22,23,24,25,32,33,34,35,43,44
953,12,13,14,15,22,23,24,25,32,33,34,35,43,44
954,12,13,14,15,22,23,24,25,32,33,34,35,43,44
955,12,13,14,15,22,23,24,25,32,33,34,35,43,44
956,12,13,14,15,22,23,24,25,32,33,34,35,43,44
957,12,13,14,15,22,23,24,25,32,33,34,35,43,44
958,12,13,14,15,22,23,24,25,32,33,34,35,43,44
959,12,13,14,15,22,23,24,25,32,33,34,35,43,44
960,12,13,14,15,22,23,24,25,32,33,34,35,43,44
961,12,13,14,15,22,23,24,25,32,33,34,35,43,44
962,12,13,14,15,22,23,24,25,32,33,34,35,43,44
963,12,13,14,15,22,23,24,25,32,33,34,35,43,44
964,12,13,14,15,22,23,24,25,32,33,34,35,43,44
965,12,13,14,15,22,23,24,25,32,33,34,35,44
966,12,13,14,15,22,23,24,25,32,33,34,35,44
967,12,13,14,15,22,23,24,25,32,33,34,35
968,12,13,14,15,22,23,24,25,32,33,34,35
969,12,13,14,15,22,23,24,25,32,33,34,35
970,12,13,14,15,22,23,24,25,32,33,34,35
971,12,13,14,15,22,23,24,25,32,33,34,35
972,12,13,14,15,22,23,24,25,32,33,34,35
973,12,13,14,15,22,23,24,25,33,34,35
974,12,13,14,15,22,23,24,25,33,34,35
975,13,14,15,22,23,24,25,33,34,35
976,13,14,15,22,23,24,25,33,34,35
977,4,13,14,15,22,23,24,25,33,34,35
978,4,13,14,15,22,23,24,25,33,34,35
979,4,13,14,15,23,24,25,33,34,35
980,4,13,14,15,23,24,25,33,34,35
981,4,13,14,15,23,24,25,33,34,35
982,4,13,14,15,23,24,25,33,34,35
983,4,13,14,15,23,24,25,33,34,35
984,4,13,14,15,23,24,25,33,34,35
985,4,13,14,15,23,24,25,33,34,35
986,4,13,14,15,23,24,25,33,34,35
987,4,13,14,15,23,24,25,33,34,35
988,4,13,14,15,23,24,25,33,34,35
989,4,13,14,15,23,24,25,26,33,34,35
990,4,13,14,15,23,24,25,26,33,34,35
991,4,13,14,15,23,24,25,26,33,34,35
992,4,13,14,15,23,24,25,26,33,34,35
993,4,5,13,14,15,16,23,24,25,26,33,34,35
994,4,5,13,14,15,16,23,24,25,26,33,34,35
995,4,5,13,14,15,16,23,24,25,26,33,34,35
996,4,5,13,14,15,16,23,24,25,26,33,34,35
997,4,5,13,14,15,16,23,24,25,26,33,34,35,36
998,4,5,13,14,15,16,23,24,25,26,33,34,35,36
999,5,13,14,15,16,23,24,25,26,33,34,35,36
1000,5,13,14,15,16,23,24,25,26,33,34,35,36
1001,5,13,14,15,16,23,24,25,26,33,34,35,36
1002,5,13,14,15,16,23,24,25,26,33,34,35,36
1003,5,13,14,15,16,23,24,25,26,33,34,35,36
1004,5,13,14,15,16,23,24,25,26,33,34,35,36
1005,5,13,14,15,16,23,24,25,26,33,34,35,36
1006,5,13,14,15,16,23,24,25,26,33,34,35,36
1007,5,13,14,15,16,23,24,25,26,33,34,35,36
1008,5,13,14,15,16,23,24,25,26,33,34,35,36
1009,4,5,13,14,15,16,23,24,25,26,33,34,35,36
1010,4,5,13,14,15,16,23,24,25,26,33,34,35,36
1011,4,5,13,14,15,16,23,24,25,26,33,34,35,36
1012,4,5,13,14,15,16,23,24,25,26,33,34,35,36
1013,4,5,13,14,15,16,23,24,25,26,33,34,35,36
1014,4,5,13,14,15,16,23,24,25,26,33,34,35,36
1015,5,13,14,15,16,23,24,25,26,33,34,35,36
1016,5,13,14,15,16,23,24,25,26,33,34,35,36
1017,5,13,14,15,16,23,24,25,26,33,34,35,36
1018,5,13,14,15,16,23,24,25,26,33,34,35,36
1019,5,13,14,15,16,23,24,25,26,33,34,35,36
1020,5,13,14,15,16,23,24,25,26,33,34,35,36
1021,5,13,14,15,16,23,24,25,26,33,34,35,36
1022,5,13,14,15,16,23,24,25,26,33,34,35,36
1023,5,13,14,15,16,23,24,25,26,33,34,35,36
1024,5,13,14,15,16,23,24,25,26,33,34,35,36
1025,5,13,14,15,16,23,24,25,26,33,34,35,36
1026,5,13,14,15,16,23,24,25,26,33,34,35,36
1027,5,13,14,15,16,23,24,25,26,33,34,35,36
1028,5,13,14,15,16,23,24,25,26,33,34,35,36
1029,5,13,14,15,16,23,24,25,26,33,34,35,36
1030,5,13,14,15,16,23,24,25,26,33,34,35,36
1031,5,13,14,15,16,23,24,25,26,33,34,35,36
1032,5,13,14,15,16,23,24,25,26,33,34,35,36
1033,5,13,14,15,16,23,24,25,26,33,34,35,36
1034,5,13,14,15,16,23,24,25,26,33,34,35,36
1035,5,13,14,15,16,23,24,25,26,33,34,35,36
1036,5,13,14,15,16,23,24,25,26,33,34,35,36
1037,5,13,14,15,16,23,24,25,26,33,34,35,36
1038,5,13,14,15,16,23,24,25,26,33,34,35,36
1039,5,13,14,15,16,23,24,25,26,33,34,35,36
1040,5,13,14,15,16,23,24,25,26,33,34,35,36
1041,5,13,14,15,16,23,24,25,26,33,34,35,36
1042,5,13,14,15,16,23,24,25,26,33,34,35,36
1043,5,13,14,15,16,23,24,25,26,33,34,35,36
1044,5,13,14,15,16,23,24,25,26,33,34,35,36
1045,13,14,15,16,23,24,25,26,33,34,35,36
1046,13,14,15,16,23,24,25,26,33,34,35,36
1047,13,14,15,16,23,24,25,26,33,34,35,36
1048,13,14,15,16,23,24,25,26,33,34,35,36
1049,13,14,15,16,23,24,25,26,33,34,35,36
1050,13,14,15,16,23,24,25,26,33,34,35,36
1051,13,14,15,16,23,24,25,26,33,34,35,36
1052,13,14,15,16,23,24,25,26,33,34,35,36
1053,13,14,15,23,24,25,26,33,34,35
1054,13,14,15,23,24,25,26,33,34,35
1055,13,14,15,23,24,25,33,34,35
1056,13,14,15,23,24,25,33,34,35
1057,13,14,15,23,24,25,33,34,35
1058,13,14,15,23,24,25,33,34,35
1059,13,14,15,23,24,25,33,34,35
1060,13,14,15,23,24,25,33,34,35
1061,13,14,15,22,23,24,25,33,34,35
1062,13,14,15,22,23,24,25,33,34,35
1063,12,13,14,15,22,23,24,25,32,33,34,35
1064,12,13,14,15,22,23,24,25,32,33,34,35
1065,4,12,13,14,15,22,23,24,25,32,33,34,35
1066,4,12,13,14,15,22,23,24,25,32,33,34,35
1067,4,12,13,14,15,22,23,24,25,32,33,34,35
1068,4,12,13,14,15,22,23,24,25,32,33,34,35
1069,4,12,13,14,15,22,23,24,25,32,33,34,35
1070,4,12,13,14,15,22,23,24,25,32,33,34,35
1071,4,12,13,14,15,22,23,24,25,32,33,34,35
1072,4,12,13,14,15,22,23,24,25,32,33,34,35
1073,4,12,13,14,15,22,23,24,25,32,33,34,35
1074,4,12,13,14,15,22,23,24,25,32,33,34,35
1075,4,12,13,14,15,22,23,24,25,32,33,34,35
1076,4,12,13,14,15,22,23,24,25,32,33,34,35
1077,4,12,13,14,15,22,23,24,25,32,33,34,35
1078,4,12,13,14,15,22,23,24,25,32,33,34,35
1079,4,12,13,14,15,22,23,24,25,32,33,34,35
1080,4,12,13,14,15,22,23,24,25,32,33,34,35
1081,4,12,13,14,15,22,23,24,25,32,33,34,35
1082,4,12,13,14,15,22,23,24,25,32,33,34,35
1083,4,12,13,14,15,22,23,24,25,32,33,34,35
1084,4,12,13,14,15,22,23,24,25,32,33,34,35
1085,4,12,13,14,15,22,23,24,25,32,33,34,35
1086,4,12,13,14,15,22,23,24,25,32,33,34,35
1087,4,12,13,14,15,22,23,24,25,32,33,34,35
1088,4,12,13,14,15,22,23,24,25,32,33,34,35
1089,4,12,13,14,15,22,23,24,25,32,33,34,35
1090,4,12,13,14,15,22,23,24,25,32,33,34,35
1091,4,12,13,14,15,22,23,24,25,32,33,34,35
1092,4,12,13,14,15,22,23,24,25,32,33,34,35
1093,4,12,13,14,15,22,23,24,25,32,33,34,35
1094,4,12,13,14,15,22,23,24,25,32,33,34,35
1095,4,12,13,14,15,22,23,24,25,32,33,34,35
1096,4,12,13,14,15,22,23,24,25,32,33,34,35
1097,4,12,13,14,15,22,23,24,25,32,33,34,35
1098,4,12,13,14,15,22,23,24,25,32,33,34,35
1099,4,12,13,14,15,22,23,24,25,32,33,34,35
1100,4,12,13,14,15,22,23,24,25,32,33,34,35
1101,4,12,13,14,15,22,23,24,25,32,33,34,35
1102,4,12,13,14,15,22,23,24,25,32,33,34,35
1103,4,12,13,14,15,22,23,24,25,32,33,34,35
1104,4,12,13,14,15,22,23,24,25,32,33,34,35
1105,3,4,12,13,14,15,22,23,24,25,32,33,34,35
1106,3,4,12,13,14,15,22,23,24,25,32,33,34,35
1107,3,4,12,13,14,15,22,23,24,25,32,33,34,35
1108,3,4,12,13,14,15,22,23,24,25,32,33,34,35
1109,3,4,12,13,14,15,22,23,24,25,32,33,34,35
1110,3,4,12,13,14,15,22,23,24,25,32,33,34,35
1111,3,4,12,13,14,15,22,23,24,25,32,33,34,35
1112,3,4,12,13,14,15,22,23,24,25,32,33,34,35
1113,3,4,12,13,14,15,22,23,24,25,32,33,34,35
1114,3,4,12,13,14,15,22,23,24,25,32,33,34,35
1115,4,12,13,14,15,22,23,24,25,32,33,34,35
1116,4,12,13,14,15,22,23,24,25,32,33,34,35
1117,4,12,13,14,15,22,23,24,25,32,33,34,35
1118,4,12,13,14,15,22,23,24,25,32,33,34,35
1119,4,12,13,14,15,22,23,24,25,32,33,34,35
1120,4,12,13,14,15,22,23,24,25,32,33,34,35
1121,4,12,13,14,15,22,23,24,25,32,33,34,35
1122,4,12,13,14,15,22,23,24,25,32,33,34,35
1123,4,12,13,14,15,22,23,24,25,32,33,34,35
1124,4,12,13,14,15,22,23,24,25,32,33,34,35
1125,4,12,13,14,15,22,23,24,25,32,33,34,35
1126,4,12,13,14,15,22,23,24,25,32,33,34,35
1127,4,12,13,14,15,22,23,24,25,32,33,34,35
1128,4,12,13,14,15,22,23,24,25,32,33,34,35
1129,4,12,13,14,15,22,23,24,25,32,33,34,35
1130,4,12,13,14,15,22,23,24,25,32,33,34,35
1131,4,12,13,14,15,22,23,24,25,32,33,34,35
1132,4,12,13,14,15,22,23,24,25,32,33,34,35
1133,3,4,12,13,14,15,22,23,24,25,32,33,34,35
1134,3,4,12,13,14,15,22,23,24,25,32,33,34,35
1135,3,4,12,13,14,15,22,23,24,25,32,33,34,35
1136,3,4,12,13,14,15,22,23,24,25,32,33,34,35
1137,3,4,12,13,14,15,22,23,24,25,32,33,34,35
1138,3,4,12,13,14,15,22,23,24,25,32,33,34,35
1139,3,4,12,13,14,15,22,23,24,25,32,33,34,35
1140,3,4,12,13,14,15,22,23,24,25,32,33,34,35
1141,3,4,12,13,14,15,22,23,24,25,32,33,34,35
1142,3,4,12,13,14,15,22,23,24,25,32,33,34,35
1143,3,4,12,13,14,15,22,23,24,25,32,33,34,35
1144,3,4,12,13,14,15,22,23,24,25,32,33,34,35
1145,3,4,12,13,14,15,22,23,24,25,32,33,34,35
1146,3,4,12,13,14,15,22,23,24,25,32,33,34,35
1147,3,4,12,13,14,15,22,23,24,25,32,33,34,35
1148,3,4,12,13,14,15,22,23,24,25,32,33,34,35
1149,3,4,12,13,14,15,22,23,24,25,32,33,34,35
1150,3,4,12,13,14,15,22,23,24,25,32,33,34,35
1151,3,4,12,13,14,15,22,23,24,25,32,33,34,35
1152,3,4,12,13,14,15,22,23,24,25,32,33,34,35
1153,3,4,12,13,14,15,22,23,24,25,32,33,34,35
1154,3,4,12,13,14,15,22,23,24,25,32,33,34,35
1155,3,4,12,13,14,15,22,23,24,25,32,33,34,35
1156,3,4,12,13,14,15,22,23,24,25,32,33,34,35
1157,3,4,12,13,14,15,22,23,24,25,32,33,34,35
1158,3,4,12,13,14,15,22,23,24,25,32,33,34,35
1159,3,4,12,13,14,15,22,23,24,25,32,33,34,35
1160,3,4,12,13,14,15,22,23,24,25,32,33,34,35
1161,3,4,12,13,14,15,22,23,24,25,32,33,34,35
1162,3,4,12,13,14,15,22,23,24,25,32,33,34,35
1163,3,4,12,13,14,15,22,23,24,25,32,33,34,35
1164,3,4,12,13,14,15,22,23,24,25,32,33,34,35
1165,3,4,12,13,14,15,22,23,24,25,32,33,34,35
1166,3,4,12,13,14,15,22,23,24,25,32,33,34,35
1167,3,4,12,13,14,15,22,23,24,25,32,33,34,35
1168,3,4,12,13,14,15,22,23,24,25,32,33,34,35
1169,3,4,12,13,14,15,22,23,24,25,32,33,34,35
1170,3,4,12,13,14,15,22,23,24,25,32,33,34,35
1171,3,4,12,13,14,15,22,23,24,25,32,33,34,35
1172,3,4,12,13,14,15,22,23,24,25,32,33,34,35
1173,4,12,13,14,15,22,23,24,25,32,33,34,35
1174,4,12,13,14,15,22,23,24,25,32,33,34,35
1175,4,12,13,14,15,22,23,24,25,32,33,34,35
1176,4,12,13,14,15,22,23,24,25,32,33,34,35
1177,4,12,13,14,15,22,23,24,25,32,33,34,35
1178,4,12,13,14,15,22,23,24,25,32,33,34,35
1179,4,12,13,14,15,22,23,24,25,33,34,35
1180,4,12,13,14,15,22,23,24,25,33,34,35
1181,4,12,13,14,15,22,23,24,25,33,34,35
1182,4,12,13,14,15,22,23,24,25,33,34,35
1183,4,12,13,14,15,22,23,24,25,33,34,35
1184,4,12,13,14,15,22,23,24,25,33,34,35
1185,4,12,13,14,15,22,23,24,25,33,34,35
1186,4,12,13,14,15,22,23,24,25,33,34,35
1187,4,12,13,14,15,22,23,24,25,33,34,35
1188,4,12,13,14,15,22,23,24,25,33,34,35
1189,4,12,13,14,15,22,23,24,25,33,34,35
1190,4,12,13,14,15,22,23,24,25,33,34,35
1191,4,12,13,14,15,22,23,24,25,33,34,35
1192,4,12,13,14,15,22,23,24,25,33,34,35
1193,4,12,13,14,15,22,23,24,25,33,34,35
1194,4,12,13,14,15,22,23,24,25,33,34,35
1195,4,12,13,14,15,22,23,24,25,33,34,35
1196,4,12,13,14,15,22,23,24,25,33,34,35
1197,4,12,13,14,15,22,23,24,25,33,34,35
1198,4,12,13,14,15,22,23,24,25,33,34,35
1199,4,12,13,14,15,22,23,24,25,33,34,35
1200,4,12,13,14,15,22,23,24,25,33,34,35
1201,4,12,13,14,15,22,23,24,25,33,34,35
1202,4,12,13,14,15,22,23,24,25,33,34,35
1203,4,12,13,14,15,22,23,24,25,33,34,35
1204,4,12,13,14,15,22,23,24,25,33,34,35
1205,4,12,13,14,15,22,23,24,25,33,34,35
1206,4,12,13,14,15,22,23,24,25,33,34,35
1207,4,12,13,14,15,22,23,24,25,33,34,35
1208,4,12,13,14,15,22,23,24,25,33,34,35
1209,4,12,13,14,15,22,23,24,25,33,34,35
1210,4,12,13,14,15,22,23,24,25,33,34,35
1211,4,12,13,14,15,22,23,24,25,33,34,35
1212,4,12,13,14,15,22,23,24,25,33,34,35
1213,4,12,13,14,15,22,23,24,25,33,34,35
1214,4,12,13,14,15,22,23,24,25,33,34,35
1215,4,12,13,14,15,22,23,24,25,33,34,35
1216,4,12,13,14,15,22,23,24,25,33,34,35
1217,4,12,13,14,15,22,23,24,25,33,34,35
1218,4,12,13,14,15,22,23,24,25,33,34,35
1219,4,12,13,14,15,22,23,24,25,33,34,35
1220,4,12,13,14,15,22,23,24,25,33,34,35
1221,4,12,13,14,15,22,23,24,25,33,34,35
1222,4,12,13,14,15,22,23,24,25,33,34,35
1223,4,12,13,14,15,22,23,24,25,33,34,35
1224,4,12,13,14,15,22,23,24,25,33,34,35
1225,4,12,13,14,15,22,23,24,25,33,34,35
1226,4,12,13,14,15,22,23,24,25,33,34,35
1227,4,12,13,14,15,22,23,24,25,33,34,35
1228,4,12,13,14,15,22,23,24,25,33,34,35
1229,4,12,13,14,15,22,23,24,25,33,34,35
1230,4,12,13,14,15,22,23,24,25,33,34,35
1231,4,12,13,14,15,22,23,24,25,33,34,35
1232,4,12,13,14,15,22,23,24,25,33,34,35
1233,4,12,13,14,15,22,23,24,25,33,34,35
1234,4,12,13,14,15,22,23,24,25,33,34,35
1235,4,12,13,14,15,22,23,24,25,33,34,35
1236,4,12,13,14,15,22,23,24,25,33,34,35
1237,4,12,13,14,15,22,23,24,25,33,34,35
1238,4,12,13,14,15,22,23,24,25,33,34,35
1239,4,12,13,14,15,22,23,24,25,33,34,35
1240,4,12,13,14,15,22,23,24,25,33,34,35
1241,4,12,13,14,15,22,23,24,25,33,34,35
1242,4,12,13,14,15,22,23,24,25,33,34,35
1243,4,12,13,14,15,22,23,24,25,33,34,35
1244,4,12,13,14,15,22,23,24,25,33,34,35
1245,4,12,13,14,15,22,23,24,25,33,34,35
1246,4,12,13,14,15,22,23,24,25,33,34,35
1247,4,12,13,14,15,22,23,24,25,33,34,35
1248,4,12,13,14,15,22,23,24,25,33,34,35
1249,4,12,13,14,15,22,23,24,25,33,34,35
1250,4,12,13,14,15,22,23,24,25,33,34,35
1251,4,12,13,14,15,22,23,24,25,33,34,35
1252,4,12,13,14,15,22,23,24,25,33,34,35
1253,4,12,13,14,15,22,23,24,25,33,34,35
1254,4,12,13,14,15,22,23,24,25,33,34,35
1255,4,12,13,14,15,22,23,24,25,33,34,35
1256,4,12,13,14,15,22,23,24,25,33,34,35
1257,4,12,13,14,15,22,23,24,25,33,34,35
1258,4,12,13,14,15,22,23,24,25,33,34,35
1259,4,12,13,14,15,22,23,24,25,33,34,35
1260,4,12,13,14,15,22,23,24,25,33,34,35
1261,4,12,13,14,15,22,23,24,25,33,34,35
1262,4,12,13,14,15,22,23,24,25,33,34,35
1263,4,12,13,14,15,22,23,24,25,33,34,35
1264,4,12,13,14,15,22,23,24,25,33,34,35
1265,4,12,13,14,15,22,23,24,25,33,34,35
1266,4,12,13,14,15,22,23,24,25,33,34,35
1267,4,12,13,14,15,22,23,24,25,33,34,35
1268,4,12,13,14,15,22,23,24,25,33,34,35
1269,4,12,13,14,15,22,23,24,25,33,34,35
1270,4,12,13,14,15,22,23,24,25,33,34,35
1271,4,12,13,14,15,22,23,24,25,33,34,35
1272,4,12,13,14,15,22,23,24,25,33,34,35
1273,4,12,13,14,15,22,23,24,25,33,34,35
1274,4,12,13,14,15,22,23,24,25,33,34,35
1275,4,12,13,14,15,22,23,24,25,33,34,35
1276,4,12,13,14,15,22,23,24,25,33,34,35
1277,4,12,13,14,15,22,23,24,25,33,34,35
1278,4,12,13,14,15,22,23,24,25,33,34,35
1279,4,12,13,14,15,22,23,24,25,33,34,35
1280,4,12,13,14,15,22,23,24,25,33,34,35
1281,4,12,13,14,15,22,23,24,25,33,34,35
1282,4,12,13,14,15,22,23,24,25,33,34,35
1283,4,12,13,14,15,22,23,24,25,33,34,35
1284,4,12,13,14,15,22,23,24,25,33,34,35
1285,4,12,13,14,15,22,23,24,25,33,34,35
1286,4,12,13,14,15,22,23,24,25,33,34,35
1287,4,12,13,14,15,22,23,24,25,33,34,35
1288,4,12,13,14,15,22,23,24,25,33,34,35
1289,4,12,13,14,15,22,23,24,25,33,34,35
1290,4,12,13,14,15,22,23,24,25,33,34,35
1291,4,12,13,14,15,22,23,24,25,33,34,35
1292,4,12,13,14,15,22,23,24,25,33,34,35
1293,4,12,13,14,15,22,23,24,25,33,34,35
1294,4,12,13,14,15,22,23,24,25,33,34,35
1295,4,12,13,14,15,22,23,24,25,33,34,35
1296,4,12,13,14,15,22,23,24,25,33,34,35
1297,4,12,13,14,15,22,23,24,25,33,34,35
1298,4,12,13,14,15,22,23,24,25,33,34,35
1299,4,12,13,14,15,22,23,24,25,33,34,35
1300,4,12,13,14,15,22,23,24,25,33,34,35
1301,4,12,13,14,15,22,23,24,25,33,34,35
1302,4,12,13,14,15,22,23,24,25,33,34,35
1303,4,12,13,14,15,22,23,24,25,33,34,35
1304,4,12,13,14,15,22,23,24,25,33,34,35
1305,4,13,14,15,22,23,24,25,33,34,35
1306,4,13,14,15,22,23,24,25,33,34,35
1307,13,14,15,22,23,24,25,33,34,35
1308,13,14,15,22,23,24,25,33,34,35
1309,13,14,15,22,23,24,25,33,34,35
1310,13,14,15,22,23,24,25,33,34,35
1311,13,14,15,22,23,24,25,33,34,35
1312,13,14,15,22,23,24,25,33,34,35
1313,13,14,15,23,24,25,33,34,35
1314,13,14,15,23,24,25,33,34,35
1315,13,14,15,23,24,25,33,34,35,44
1316,13,14,15,23,24,25,33,34,35,44
1317,13,14,15,23,24,25,33,34,35,44
1318,13,14,15,23,24,25,33,34,35,44
1319,13,14,15,23,24,25,33,34,35,44
1320,13,14,15,23,24,25,33,34,35,44
1321,13,14,15,23,24,25,33,34,35,44
1322,13,14,15,23,24,25,33,34,35,44
1323,13,14,15,23,24,25,33,34,35,44
1324,13,14,15,23,24,25,33,34,35,44
1325,13,14,15,23,24,25,33,34,35,44
1326,13,14,15,23,24,25,33,34,35,44
1327,13,14,15,23,24,25,33,34,35,44
1328,13,14,15,23,24,25,33,34,35,44
1329,13,14,15,23,24,25,33,34,35,44,45
1330,13,14,15,23,24,25,33,34,35,44,45
1331,13,14,15,23,24,25,33,34,35,44,45
1332,13,14,15,23,24,25,33,34,35,44,45
1333,13,14,15,23,24,25,33,34,35,44,45
1334,13,14,15,23,24,25,33,34,35,44,45
1335,13,14,15,23,24,25,33,34,35,44,45
1336,13,14,15,23,24,25,33,34,35,44,45
1337,13,14,15,23,24,25,26,33,34,35,43,44,45
1338,13,14,15,23,24,25,26,33,34,35,43,44,45
1339,13,14,15,23,24,25,26,33,34,35,36,44,45
1340,13,14,15,23,24,25,26,33,34,35,36,44,45
1341,13,14,15,23,24,25,26,33,34,35,36,44,45
1342,13,14,15,23,24,25,26,33,34,35,36,44,45
1343,13,14,15,16,23,24,25,26,33,34,35,36,44,45
1344,13,14,15,16,23,24,25,26,33,34,35,36,44,45
1345,14,15,16,23,24,25,26,33,34,35,36,44,45,46
1346,14,15,16,23,24,25,26,33,34,35,36,44,45,46
1347,14,15,16,23,24,25,26,33,34,35,36,44,45,46
1348,14,15,16,23,24,25,26,33,34,35,36,44,45,46
1349,14,15,16,23,24,25,26,33,34,35,36,44,45,46
1350,14,15,16,23,24,25,26,33,34,35,36,44,45,46
1351,14,15,16,23,24,25,26,33,34,35,36,44,45,46
1352,14,15,16,23,24,25,26,33,34,35,36,44,45,46
1353,15,16,23,24,25,26,33,34,35,36,44,45,46
1354,15,16,23,24,25,26,33,34,35,36,44,45,46
1355,15,16,24,25,26,34,35,36,44,45,46
1356,15,16,24,25,26,34,35,36,44,45,46
1357,15,16,24,25,26,27,34,35,36,37,44,45,46
1358,15,16,24,25,26,27,34,35,36,37,44,45,46
1359,15,16,24,25,26,27,34,35,36,37,44,45,46
1360,15,16,24,25,26,27,34,35,36,37,44,45,46
1361,15,16,24,25,26,27,34,35,36,37,44,45,46
1362,15,16,24,25,26,27,34,35,36,37,44,45,46
1363,15,16,24,25,26,27,34,35,36,37,44,45,46,47
1364,15,16,24,25,26,27,34,35,36,37,44,45,46,47
1365,15,16,24,25,26,27,34,35,36,37,44,45,46,47
1366,15,16,24,25,26,27,34,35,36,37,44,45,46,47
1367,15,16,24,25,26,27,34,35,36,37,44,45,46,47
1368,15,16,24,25,26,27,34,35,36,37,44,45,46,47
1369,15,16,24,25,26,27,34,35,36,37,44,45,46,47
1370,15,16,24,25,26,27,34,35,36,37,44,45,46,47
1371,15,16,24,25,26,27,34,35,36,37,44,45,46,47
1372,15,16,24,25,26,27,34,35,36,37,44,45,46,47
1373,16,24,25,26,27,34,35,36,37,44,45,46,47
1374,16,24,25,26,27,34,35,36,37,44,45,46,47
1375,16,24,25,26,27,34,35,36,37,44,45,46,47
1376,16,24,25,26,27,34,35,36,37,44,45,46,47
1377,16,24,25,26,27,34,35,36,37,44,45,46,47
1378,16,24,25,26,27,34,35,36,37,44,45,46,47
1379,16,24,25,26,27,34,35,36,37,44,45,46,47
1380,16,24,25,26,27,34,35,36,37,44,45,46,47
1381,24,25,26,27,34,35,36,37,44,45,46,47
1382,24,25,26,27,34,35,36,37,44,45,46,47
1383,24,25,26,27,34,35,36,37,44,45,46,47,48
1384,24,25,26,27,34,35,36,37,44,45,46,47,48
1385,24,25,26,27,34,35,36,37,44,45,46,47,48
1386,24,25,26,27,34,35,36,37,44,45,46,47,48
1387,24,25,26,27,34,35,36,37,44,45,46,47,48
1388,24,25,26,27,34,35,36,37,44,45,46,47,48
1389,24,25,26,27,34,35,36,37,44,45,46,47,48
1390,24,25,26,27,34,35,36,37,44,45,46,47,48
1391,24,25,26,27,34,35,36,37,44,45,46,47,48
1392,24,25,26,27,34,35,36,37,44,45,46,47,48
1393,24,25,26,27,34,35,36,37,44,45,46,47,48
1394,24,25,26,27,34,35,36,37,44,45,46,47,48
1395,24,25,26,27,34,35,36,37,44,45,46,47,48
1396,24,25,26,27,34,35,36,37,44,45,46,47,48
1397,24,25,26,27,34,35,36,37,44,45,46,47,48
1398,24,25,26,27,34,35,36,37,44,45,46,47,48
1399,24,25,26,27,34,35,36,37,44,45,46,47,48
1400,24,25,26,27,34,35,36,37,44,45,46,47,48
1401,24,25,26,27,34,35,36,37,44,45,46,47,48
1402,24,25,26,27,34,35,36,37,44,45,46,47,48
1403,24,25,26,27,34,35,36,37,44,45,46,47,48
1404,24,25,26,27,34,35,36,37,44,45,46,47,48
1405,24,25,26,27,34,35,36,37,44,45,46,47,48
1406,24,25,26,27,34,35,36,37,44,45,46,47,48
1407,24,25,26,27,34,35,36,37,44,45,46,47,48
1408,24,25,26,27,34,35,36,37,44,45,46,47,48
1409,24,25,26,27,34,35,36,37,44,45,46,47,48
1410,24,25,26,27,34,35,36,37,44,45,46,47,48
1411,24,25,26,27,34,35,36,37,44,45,46,47,48
1412,24,25,26,27,34,35,36,37,44,45,46,47,48
1413,24,25,26,27,34,35,36,37,44,45,46,47,48
1414,24,25,26,27,34,35,36,37,44,45,46,47,48
1415,24,25,26,27,34,35,36,37,44,45,46,47,48
1416,24,25,26,27,34,35,36,37,44,45,46,47,48
1417,24,25,26,27,34,35,36,37,44,45,46,47,48
1418,24,25,26,27,34,35,36,37,44,45,46,47,48
1419,24,25,26,27,34,35,36,37,44,45,46,47,48
1420,24,25,26,27,34,35,36,37,44,45,46,47,48
1421,24,25,26,27,34,35,36,37,44,45,46,47,48
1422,24,25,26,27,34,35,36,37,44,45,46,47,48
1423,24,25,26,27,34,35,36,37,44,45,46,47,48
1424,24,25,26,27,34,35,36,37,44,45,46,47,48
1425,24,25,26,27,34,35,36,37,44,45,46,47,48
1426,24,25,26,27,34,35,36,37,44,45,46,47,48
1427,24,25,26,27,34,35,36,37,44,45,46,47,48
1428,24,25,26,27,34,35,36,37,44,45,46,47,48
1429,24,25,26,27,34,35,36,37,44,45,46,47,48
1430,24,25,26,27,34,35,36,37,44,45,46,47,48
1431,24,25,26,27,34,35,36,37,44,45,46,47,48
1432,24,25,26,27,34,35,36,37,44,45,46,47,48
1433,24,25,26,27,34,35,36,37,44,45,46,47,48
1434,24,25,26,27,34,35,36,37,44,45,46,47,48
1435,24,25,26,27,34,35,36,37,44,45,46,47,48
1436,24,25,26,27,34,35,36,37,44,45,46,47,48
1437,24,25,26,27,34,35,36,37,44,45,46,47,48
1438,24,25,26,27,34,35,36,37,44,45,46,47,48
1439,24,25,26,27,34,35,36,37,44,45,46,47,48
1440,24,25,26,27,34,35,36,37,44,45,46,47,48
1441,24,25,26,27,34,35,36,37,44,45,46,47,48
1442,24,25,26,27,34,35,36,37,44,45,46,47,48
1443,24,25,26,27,34,35,36,37,44,45,46,47,48
1444,24,25,26,27,34,35,36,37,44,45,46,47,48
1445,24,25,26,27,34,35,36,37,44,45,46,47,48
1446,24,25,26,27,34,35,36,37,44,45,46,47,48
1447,24,25,26,27,34,35,36,37,44,45,46,47,48
1448,24,25,26,27,34,35,36,37,44,45,46,47,48
1449,24,25,26,27,34,35,36,37,44,45,46,47,48
1450,24,25,26,27,34,35,36,37,44,45,46,47,48
1451,24,25,26,27,34,35,36,37,44,45,46,47
1452,24,25,26,27,34,35,36,37,44,45,46,47
1453,24,25,26,27,34,35,36,37,44,45,46,47
1454,24,25,26,27,34,35,36,37,44,45,46,47
1455,24,25,26,27,34,35,36,37,44,45,46,47
1456,24,25,26,27,34,35,36,37,44,45,46,47
1457,16,24,25,26,27,34,35,36,37,44,45,46,47
1458,16,24,25,26,27,34,35,36,37,44,45,46,47
1459,16,24,25,26,27,34,35,36,37,44,45,46,47
1460,16,24,25,26,27,34,35,36,37,44,45,46,47
1461,16,24,25,26,27,34,35,36,37,44,45,46,47
1462,16,24,25,26,27,34,35,36,37,44,45,46,47
1463,16,24,25,26,27,34,35,36,37,44,45,46,47
1464,16,24,25,26,27,34,35,36,37,44,45,46,47
1465,16,24,25,26,27,34,35,36,37,44,45,46,47
1466,16,24,25,26,27,34,35,36,37,44,45,46,47
1467,16,24,25,26,27,34,35,36,37,44,45,46,47
1468,16,24,25,26,27,34,35,36,37,44,45,46,47
1469,16,24,25,26,27,34,35,36,37,44,45,46,47
1470,16,24,25,26,27,34,35,36,37,44,45,46,47
1471,16,24,25,26,27,34,35,36,37,44,45,46,47
1472,16,24,25,26,27,34,35,36,37,44,45,46,47
1473,16,24,25,26,27,34,35,36,37,44,45,46,47
1474,16,24,25,26,27,34,35,36,37,44,45,46,47
1475,16,24,25,26,27,34,35,36,37,44,45,46,47
1476,16,24,25,26,27,34,35,36,37,44,45,46,47
1477,16,24,25,26,27,34,35,36,37,44,45,46,47
1478,16,24,25,26,27,34,35,36,37,44,45,46,47
1479,16,24,25,26,27,34,35,36,37,44,45,46,47
1480,16,24,25,26,27,34,35,36,37,44,45,46,47
1481,16,24,25,26,27,34,35,36,37,44,45,46,47
1482,16,24,25,26,27,34,35,36,37,44,45,46,47
1483,16,24,25,26,27,34,35,36,37,44,45,46,47
1484,16,24,25,26,27,34,35,36,37,44,45,46,47
1485,16,24,25,26,27,34,35,36,37,44,45,46,47
1486,16,24,25,26,27,34,35,36,37,44,45,46,47
1487,16,24,25,26,27,34,35,36,37,44,45,46,47
1488,16,24,25,26,27,34,35,36,37,44,45,46,47
1489,16,24,25,26,27,34,35,36,37,44,45,46,47
1490,16,24,25,26,27,34,35,36,37,44,45,46,47
1491,16,24,25,26,27,34,35,36,37,44,45,46,47
1492,16,24,25,26,27,34,35,36,37,44,45,46,47
1493,16,24,25,26,27,34,35,36,37,44,45,46,47
1494,16,24,25,26,27,34,35,36,37,44,45,46,47
1495,16,24,25,26,27,34,35,36,37,44,45,46,47
1496,16,24,25,26,27,34,35,36,37,44,45,46,47
1497,16,24,25,26,27,34,35,36,37,44,45,46,47
1498,16,24,25,26,27,34,35,36,37,44,45,46,47
1499,16,24,25,26,27,34,35,36,37,44,45,46,47
1500,16,24,25,26,27,34,35,36,37,44,45,46,47
1501,16,24,25,26,27,34,35,36,37,44,45,46,47
1502,16,24,25,26,27,34,35,36,37,44,45,46,47
1503,16,24,25,26,27,34,35,36,37,44,45,46,47
1504,16,24,25,26,27,34,35,36,37,44,45,46,47
1505,16,24,25,26,27,34,35,36,37,44,45,46,47
1506,16,24,25,26,27,34,35,36,37,44,45,46,47
1507,16,24,25,26,27,34,35,36,37,44,45,46,47
1508,16,24,25,26,27,34,35,36,37,44,45,46,47
1509,16,24,25,26,27,34,35,36,37,44,45,46,47
1510,16,24,25,26,27,34,35,36,37,44,45,46,47
1511,16,24,25,26,27,34,35,36,37,44,45,46,47
1512,16,24,25,26,27,34,35,36,37,44,45,46,47
1513,16,24,25,26,27,34,35,36,37,44,45,46,47
1514,16,24,25,26,27,34,35,36,37,44,45,46,47
1515,16,24,25,26,27,34,35,36,37,44,45,46,47
1516,16,24,25,26,27,34,35,36,37,44,45,46,47
1517,16,24,25,26,27,34,35,36,37,44,45,46,47
1518,16,24,25,26,27,34,35,36,37,44,45,46,47
1519,16,24,25,26,27,34,35,36,37,44,45,46,47
1520,16,24,25,26,27,34,35,36,37,44,45,46,47
1521,16,24,25,26,27,34,35,36,37,44,45,46,47
1522,16,24,25,26,27,34,35,36,37,44,45,46,47
1523,16,24,25,26,27,34,35,36,37,44,45,46,47
1524,16,24,25,26,27,34,35,36,37,44,45,46,47
1525,16,24,25,26,27,34,35,36,37,44,45,46,47
1526,16,24,25,26,27,34,35,36,37,44,45,46,47
1527,16,24,25,26,27,34,35,36,37,44,45,46,47
1528,16,24,25,26,27,34,35,36,37,44,45,46,47
1529,16,24,25,26,27,34,35,36,37,44,45,46,47
1530,16,24,25,26,27,34,35,36,37,44,45,46,47
1531,16,24,25,26,27,34,35,36,37,44,45,46,47
1532,16,24,25,26,27,34,35,36,37,44,45,46,47
1533,16,24,25,26,27,34,35,36,37,44,45,46,47
1534,16,24,25,26,27,34,35,36,37,44,45,46,47
1535,16,24,25,26,27,34,35,36,37,44,45,46,47
1536,16,24,25,26,27,34,35,36,37,44,45,46,47
1537,16,24,25,26,27,34,35,36,37,44,45,46,47
1538,16,24,25,26,27,34,35,36,37,44,45,46,47
1539,15,16,24,25,26,27,34,35,36,37,44,45,46,47
1540,15,16,24,25,26,27,34,35,36,37,44,45,46,47
1541,15,16,24,25,26,27,34,35,36,37,44,45,46,47
1542,15,16,24,25,26,27,34,35,36,37,44,45,46,47
1543,15,16,24,25,26,27,34,35,36,37,44,45,46,47
1544,15,16,24,25,26,27,34,35,36,37,44,45,46,47
1545,15,16,24,25,26,27,34,35,36,37,44,45,46,47
1546,15,16,24,25,26,27,34,35,36,37,44,45,46,47
1547,15,16,24,25,26,27,34,35,36,37,44,45,46,47
1548,15,16,24,25,26,27,34,35,36,37,44,45,46,47
1549,15,16,24,25,26,27,34,35,36,37,44,45,46,47
1550,15,16,24,25,26,27,34,35,36,37,44,45,46,47
1551,15,16,24,25,26,27,34,35,36,37,44,45,46,47
1552,15,16,24,25,26,27,34,35,36,37,44,45,46,47
1553,15,16,24,25,26,27,34,35,36,37,44,45,46,47
1554,15,16,24,25,26,27,34,35,36,37,44,45,46,47
1555,15,16,24,25,26,27,34,35,36,37,44,45,46,47
1556,15,16,24,25,26,27,34,35,36,37,44,45,46,47
1557,15,16,24,25,26,27,34,35,36,37,44,45,46,47
1558,15,16,24,25,26,27,34,35,36,37,44,45,46,47
1559,15,16,24,25,26,27,34,35,36,37,44,45,46,47
1560,15,16,24,25,26,27,34,35,36,37,44,45,46,47
1561,15,16,24,25,26,27,34,35,36,37,44,45,46,47
1562,15,16,24,25,26,27,34,35,36,37,44,45,46,47
1563,15,16,24,25,26,27,34,35,36,37,44,45,46,47
1564,15,16,24,25,26,27,34,35,36,37,44,45,46,47
1565,15,16,24,25,26,27,34,35,36,37,44,45,46,47
1566,15,16,24,25,26,27,34,35,36,37,44,45,46,47
1567,15,16,24,25,26,27,34,35,36,37,44,45,46,47
1568,15,16,24,25,26,27,34,35,36,37,44,45,46,47
1569,15,16,24,25,26,27,34,35,36,37,44,45,46,47
1570,15,16,24,25,26,27,34,35,36,37,44,45,46,47
1571,15,16,24,25,26,27,34,35,36,37,44,45,46,47
1572,15,16,24,25,26,27,34,35,36,37,44,45,46,47
1573,15,16,24,25,26,27,34,35,36,37,44,45,46,47
1574,15,16,24,25,26,27,34,35,36,37,44,45,46,47
1575,15,16,24,25,26,27,34,35,36,37,44,45,46,47
1576,15,16,24,25,26,27,34,35,36,37,44,45,46,47
1577,15,16,24,25,26,27,34,35,36,37,44,45,46,47
1578,15,16,24,25,26,27,34,35,36,37,44,45,46,47
1579,15,16,24,25,26,27,34,35,36,37,44,45,46,47
1580,15,16,24,25,26,27,34,35,36,37,44,45,46,47
1581,15,16,24,25,26,27,34,35,36,37,44,45,46,47
1582,15,16,24,25,26,27,34,35,36,37,44,45,46,47
1583,15,16,24,25,26,27,34,35,36,37,44,45,46,47
1584,15,16,24,25,26,27,34,35,36,37,44,45,46,47
1585,15,16,24,25,26,27,34,35,36,37,44,45,46,47
1586,15,16,24,25,26,27,34,35,36,37,44,45,46,47
1587,15,16,24,25,26,27,34,35,36,37,44,45,46,47
1588,15,16,24,25,26,27,34,35,36,37,44,45,46,47
1589,15,16,24,25,26,27,34,35,36,37,44,45,46,47
1590,15,16,24,25,26,27,34,35,36,37,44,45,46,47
1591,15,16,24,25,26,27,34,35,36,37,44,45,46,47
1592,15,16,24,25,26,27,34,35,36,37,44,45,46,47
1593,15,16,24,25,26,27,34,35,36,37,44,45,46,47
1594,15,16,24,25,26,27,34,35,36,37,44,45,46,47
1595,15,16,24,25,26,27,34,35,36,37,44,45,46,47
1596,15,16,24,25,26,27,34,35,36,37,44,45,46,47
1597,15,16,24,25,26,27,34,35,36,37,44,45,46,47
1598,15,16,24,25,26,27,34,35,36,37,44,45,46,47
1599,15,16,24,25,26,27,34,35,36,37,44,45,46,47
1600,15,16,24,25,26,27,34,35,36,37,44,45,46,47
1601,15,16,24,25,26,27,34,35,36,37,44,45,46,47
1602,15,16,24,25,26,27,34,35,36,37,44,45,46,47
1603,15,16,24,25,26,27,34,35,36,37,44,45,46,47
1604,15,16,24,25,26,27,34,35,36,37,44,45,46,47
1605,15,16,24,25,26,27,34,35,36,37,44,45,46,47
1606,15,16,24,25,26,27,34,35,36,37,44,45,46,47
1607,15,16,24,25,26,27,34,35,36,37,44,45,46,47
1608,15,16,24,25,26,27,34,35,36,37,44,45,46,47
1609,15,16,24,25,26,27,34,35,36,37,44,45,46,47
1610,15,16,24,25,26,27,34,35,36,37,44,45,46,47
1611,15,16,24,25,26,27,34,35,36,37,44,45,46,47
1612,15,16,24,25,26,27,34,35,36,37,44,45,46,47
1613,15,16,24,25,26,27,34,35,36,37,44,45,46,47
1614,15,16,24,25,26,27,34,35,36,37,44,45,46,47
1615,15,16,24,25,26,27,34,35,36,37,44,45,46,47
1616,15,16,24,25,26,27,34,35,36,37,44,45,46,47
1617,15,16,24,25,26,27,34,35,36,37,44,45,46,47
1618,15,16,24,25,26,27,34,35,36,37,44,45,46,47
1619,15,16,24,25,26,27,34,35,36,37,44,45,46,47
1620,15,16,24,25,26,27,34,35,36,37,44,45,46,47
1621,15,16,24,25,26,27,34,35,36,37,44,45,46,47
1622,15,16,24,25,26,27,34,35,36,37,44,45,46,47
1623,15,16,24,25,26,27,34,35,36,37,44,45,46,47
1624,15,16,24,25,26,27,34,35,36,37,44,45,46,47
1625,15,16,24,25,26,27,34,35,36,37,44,45,46,47
1626,15,16,24,25,26,27,34,35,36,37,44,45,46,47
1627,15,16,24,25,26,27,34,35,36,37,44,45,46,47
1628,15,16,24,25,26,27,34,35,36,37,44,45,46,47
1629,15,16,24,25,26,27,34,35,36,37,44,45,46,47
1630,15,16,24,25,26,27,34,35,36,37,44,45,46,47
1631,15,16,24,25,26,27,34,35,36,37,44,45,46,47
1632,15,16,24,25,26,27,34,35,36,37,44,45,46,47
1633,15,16,24,25,26,27,34,35,36,37,44,45,46,47
1634,15,16,24,25,26,27,34,35,36,37,44,45,46,47
1635,15,16,24,25,26,27,34,35,36,37,44,45,46,47
1636,15,16,24,25,26,27,34,35,36,37,44,45,46,47
1637,15,16,24,25,26,27,34,35,36,37,44,45,46
1638,15,16,24,25,26,27,34,35,36,37,44,45,46
1639,15,16,24,25,26,27,34,35,36,37,44,45,46
1640,15,16,24,25,26,27,34,35,36,37,44,45,46
1641,14,15,16,24,25,26,27,34,35,36,37,44,45,46
1642,14,15,16,24,25,26,27,34,35,36,37,44,45,46
1643,14,15,16,24,25,26,27,34,35,36,37,44,45,46
1644,14,15,16,24,25,26,27,34,35,36,37,44,45,46
1645,14,15,16,24,25,26,27,34,35,36,37,44,45,46
1646,14,15,16,24,25,26,27,34,35,36,37,44,45,46
1647,14,15,16,24,25,26,27,34,35,36,37,44,45,46
1648,14,15,16,24,25,26,27,34,35,36,37,44,45,46
1649,14,15,16,24,25,26,27,34,35,36,37,44,45,46
1650,14,15,16,24,25,26,27,34,35,36,37,44,45,46
1651,14,15,16,24,25,26,27,34,35,36,37,44,45,46
1652,14,15,16,24,25,26,27,34,35,36,37,44,45,46
1653,14,15,16,24,25,26,27,34,35,36,37,44,45,46
1654,14,15,16,24,25,26,27,34,35,36,37,44,45,46
1655,14,15,16,24,25,26,27,34,35,36,37,44,45,46
1656,14,15,16,24,25,26,27,34,35,36,37,44,45,46
1657,14,15,16,24,25,26,27,34,35,36,37,44,45,46
1658,14,15,16,24,25,26,27,34,35,36,37,44,45,46
1659,14,15,16,24,25,26,27,34,35,36,37,44,45,46
1660,14,15,16,24,25,26,27,34,35,36,37,44,45,46
1661,14,15,16,24,25,26,27,34,35,36,37,44,45,46
1662,14,15,16,24,25,26,27,34,35,36,37,44,45,46
1663,14,15,16,24,25,26,27,34,35,36,37,44,45,46
1664,14,15,16,24,25,26,27,34,35,36,37,44,45,46
1665,14,15,16,24,25,26,27,34,35,36,37,44,45,46
1666,14,15,16,24,25,26,27,34,35,36,37,44,45,46
1667,14,15,16,24,25,26,27,34,35,36,37,44,45,46
1668,14,15,16,24,25,26,27,34,35,36,37,44,45,46
1669,14,15,16,24,25,26,27,34,35,36,37,44,45,46
1670,14,15,16,24,25,26,27,34,35,36,37,44,45,46
1671,14,15,16,24,25,26,27,34,35,36,37,44,45,46
1672,14,15,16,24,25,26,27,34,35,36,37,44,45,46
1673,14,15,16,24,25,26,27,34,35,36,37,44,45,46
1674,14,15,16,24,25,26,27,34,35,36,37,44,45,46
1675,14,15,16,24,25,26,27,34,35,36,37,44,45,46
1676,14,15,16,24,25,26,27,34,35,36,37,44,45,46
1677,14,15,16,24,25,26,27,34,35,36,37,44,45,46
1678,14,15,16,24,25,26,27,34,35,36,37,44,45,46
1679,14,15,16,24,25,26,27,34,35,36,37,44,45,46
1680,14,15,16,24,25,26,27,34,35,36,37,44,45,46
1681,14,15,16,24,25,26,27,34,35,36,37,44,45,46
1682,14,15,16,24,25,26,27,34,35,36,37,44,45,46
1683,14,15,16,24,25,26,27,34,35,36,37,44,45,46
1684,14,15,16,24,25,26,27,34,35,36,37,44,45,46
1685,14,15,16,24,25,26,27,34,35,36,37,44,45,46
1686,14,15,16,24,25,26,27,34,35,36,37,44,45,46
1687,15,16,23,24,25,26,33,34,35,36,44,45,46
1688,15,16,23,24,25,26,33,34,35,36,44,45,46
1689,14,15,16,23,24,25,26,33,34,35,36,44,45,46
1690,14,15,16,23,24,25,26,33,34,35,36,44,45,46
1691,14,15,23,24,25,26,33,34,35,36,43,44,45,46
1692,14,15,23,24,25,26,33,34,35,36,43,44,45,46
1693,14,15,23,24,25,26,33,34,35,36,43,44,45,46
1694,14,15,23,24,25,26,33,34,35,36,43,44,45,46
1695,14,15,23,24,25,26,33,34,35,36,43,44,45
1696,14,15,23,24,25,26,33,34,35,36,43,44,45
1697,14,15,22,23,24,25,32,33,34,35,43,44,45
1698,14,15,22,23,24,25,32,33,34,35,43,44,45
1699,13,14,15,22,23,24,25,32,33,34,35,43,44,45
1700,13,14,15,22,23,24,25,32,33,34,35,43,44,45
1701,13,14,15,22,23,24,25,32,33,34,35,43,44,45
1702,13,14,15,22,23,24,25,32,33,34,35,43,44,45
1703,13,14,15,22,23,24,25,32,33,34,35,42,43,44,45
1704,13,14,15,22,23,24,25,32,33,34,35,42,43,44,45
1705,13,14,22,23,24,25,32,33,34,35,42,43,44,45
1706,13,14,22,23,24,25,32,33,34,35,42,43,44,45
1707,12,13,14,22,23,24,25,32,33,34,35,42,43,44
1708,12,13,14,22,23,24,25,32,33,34,35,42,43,44
1709,12,13,14,22,23,24,25,32,33,34,35,42,43,44
1710,12,13,14,22,23,24,25,32,33,34,35,42,43,44
1711,12,13,14,22,23,24,25,32,33,34,35,42,43,44
1712,12,13,14,22,23,24,25,32,33,34,35,42,43,44
1713,12,13,14,22,23,24,25,32,33,34,35,42,43,44
1714,12,13,14,22,23,24,25,32,33,34,35,42,43,44
1715,12,13,14,22,23,24,25,32,33,34,35,42,43,44
1716,12,13,14,22,23,24,25,32,33,34,35,42,43,44
1717,12,13,14,22,23,24,25,32,33,34,35,42,43,44
1718,12,13,14,22,23,24,25,32,33,34,35,42,43,44
1719,12,13,14,22,23,24,25,32,33,34,42,43,44
1720,12,13,14,22,23,24,25,32,33,34,42,43,44
1721,12,13,14,22,23,24,25,32,33,34,42,43,44
1722,12,13,14,22,23,24,25,32,33,34,42,43,44
1723,12,13,14,22,23,24,32,33,34,42,43,44
1724,12,13,14,22,23,24,32,33,34,42,43,44
1725,12,13,14,22,23,24,32,33,34,42,43,44
1726,12,13,14,22,23,24,32,33,34,42,43,44
1727,12,13,14,22,23,24,32,33,34,42,43,44
1728,12,13,14,22,23,24,32,33,34,42,43,44
1729,12,13,14,22,23,24,32,33,34,42,43,44
1730,12,13,14,22,23,24,32,33,34,42,43,44
1731,12,13,14,22,23,24,32,33,34,42,43,44
1732,12,13,14,22,23,24,32,33,34,42,43,44
1733,12,13,14,22,23,24,32,33,34,42,43,44
1734,12,13,14,22,23,24,32,33,34,42,43,44
1735,12,13,14,22,23,24,32,33,34,42,43
1736,12,13,14,22,23,24,32,33,34,42,43
1737,12,13,14,21,22,23,24,31,32,33,34,42,43
1738,12,13,14,21,22,23,24,31,32,33,34,42,43
1739,11,12,13,14,21,22,23,24,31,32,33,34,42,43
1740,11,12,13,14,21,22,23,24,31,32,33,34,42,43
1741,11,12,13,14,21,22,23,24,31,32,33,34,42,43
1742,11,12,13,14,21,22,23,24,31,32,33,34,42,43
1743,11,12,13,14,21,22,23,24,31,32,33,34,42,43
1744,11,12,13,14,21,22,23,24,31,32,33,34,42,43
1745,11,12,13,14,21,22,23,24,31,32,33,34,42,43
1746,11,12,13,14,21,22,23,24,31,32,33,34,42,43
1747,11,12,13,21,22,23,24,31,32,33,34,42,43
1748,11,12,13,21,22,23,24,31,32,33,34,42,43
1749,11,12,13,21,22,23,24,31,32,33,34,42,43
1750,11,12,13,21,22,23,24,31,32,33,34,42,43
1751,11,12,13,21,22,23,24,31,32,33,34,42,43
1752,11,12,13,21,22,23,24,31,32,33,34,42,43
1753,11,12,13,21,22,23,24,31,32,33,34,42,43
1754,11,12,13,21,22,23,24,31,32,33,34,42,43
1755,11,12,13,21,22,23,24,31,32,33,34,42,43
1756,11,12,13,21,22,23,24,31,32,33,34,42,43
1757,11,12,13,21,22,23,24,31,32,33,34,42,43
1758,11,12,13,21,22,23,24,31,32,33,34,42,43
1759,11,12,13,21,22,23,24,31,32,33,34,42,43
1760,11,12,13,21,22,23,24,31,32,33,34,42,43
1761,11,12,13,21,22,23,24,31,32,33,34,42,43
1762,11,12,13,21,22,23,24,31,32,33,34,42,43
1763,11,12,13,21,22,23,24,31,32,33,34,42,43
1764,11,12,13,21,22,23,24,31,32,33,34,42,43
1765,11,12,13,21,22,23,24,31,32,33,34,41,42,43
1766,11,12,13,21,22,23,24,31,32,33,34,41,42,43
1767,11,12,13,21,22,23,24,31,32,33,34,41,42,43
1768,11,12,13,21,22,23,24,31,32,33,34,41,42,43
1769,11,12,13,21,22,23,31,32,33,41,42,43
1770,11,12,13,21,22,23,31,32,33,41,42,43
1771,11,12,13,21,22,23,31,32,33,41,42,43
1772,11,12,13,21,22,23,31,32,33,41,42,43
1773,11,12,13,21,22,23,31,32,33,41,42,43
1774,11,12,13,21,22,23,31,32,33,41,42,43
1775,11,12,13,21,22,23,30,31,32,33,40,41,42,43
1776,11,12,13,21,22,23,30,31,32,33,40,41,42,43
1777,11,12,13,21,22,23,30,31,32,33,40,41,42,43
1778,11,12,13,21,22,23,30,31,32,33,40,41,42,43
1779,11,12,13,21,22,23,30,31,32,33,40,41,42
1780,11,12,13,21,22,23,30,31,32,33,40,41,42
1781,11,12,13,21,22,23,30,31,32,33,40,41,42
1782,11,12,13,21,22,23,30,31,32,33,40,41,42
1783,11,12,13,20,21,22,23,30,31,32,33,40,41,42
1784,11,12,13,20,21,22,23,30,31,32,33,40,41,42
1785,11,12,13,20,21,22,23,30,31,32,33,40,41,42
1786,11,12,13,20,21,22,23,30,31,32,33,40,41,42
1787,11,12,13,20,21,22,23,30,31,32,33,40,41,42
1788,11,12,13,20,21,22,23,30,31,32,33,40,41,42
1789,11,12,13,20,21,22,23,30,31,32,33,40,41,42
1790,11,12,13,20,21,22,23,30,31,32,33,40,41,42
1791,11,12,13,20,21,22,23,30,31,32,33,40,41,42
1792,11,12,13,20,21,22,23,30,31,32,33,40,41,42
1793,11,12,13,20,21,22,23,30,31,32,33,40,41,42
1794,11,12,13,20,21,22,23,30,31,32,33,40,41,42
1795,11,12,13,20,21,22,23,30,31,32,33,40,41,42
1796,11,12,13,20,21,22,23,30,31,32,33,40,41,42
1797,11,12,20,21,22,23,30,31,32,33,40,41,42
1798,11,12,20,21,22,23,30,31,32,33,40,41,42
1799,11,12,20,21,22,23,30,31,32,33,40,41,42
1800,11,12,20,21,22,23,30,31,32,33,40,41,42
