1,7,8,12,13,14,17,18,19,23
2,7,8,12,13,14,17,18,19,23
3,7,8,12,13,14,17,18,19,23
4,7,8,12,13,14,17,18,19,23
5,7,8,12,13,14,17,18,19,23
6,7,8,12,13,14,17,18,19,23
7,7,8,12,13,14,17,18,19,23
8,7,8,12,13,14,17,18,19,23
9,7,8,12,13,14,17,18,19,22,23
10,7,8,12,13,14,17,18,19,22,23
11,7,8,12,13,14,17,18,19,22,23
12,7,8,12,13,14,17,18,19,22,23
13,7,8,12,13,14,17,18,19,22,23
14,7,8,12,13,14,17,18,19,22,23
15,7,8,12,13,14,17,18,19,22,23
16,7,8,12,13,14,17,18,19,22,23
17,7,8,12,13,14,17,18,19,22,23
18,7,8,12,13,14,17,18,19,22,23
19,7,8,12,13,14,17,18,19,22,23
20,7,8,12,13,14,17,18,19,22,23
21,7,8,12,13,14,17,18,19,23
22,7,8,12,13,14,17,18,19,23
23,7,8,12,13,14,17,18,19,23
24,7,8,12,13,14,17,18,19,23
25,7,8,12,13,14,17,18,19,23
26,7,8,12,13,14,17,18,19,23
27,7,8,9,12,13,14,17,18,19,23
28,7,8,9,12,13,14,17,18,19,23
29,7,8,9,12,13,14,17,18,19,23
30,7,8,9,12,13,14,17,18,19,23
31,7,8,12,13,14,17,18,19,23
32,7,8,12,13,14,17,18,19,23
33,7,8,12,13,14,17,18,19,23
34,7,8,12,13,14,17,18,19,23
35,7,8,12,13,14,17,18,23
36,7,8,12,13,14,17,18,23
37,7,8,12,13,14,17,18,23
38,7,8,12,13,14,17,18,23
39,7,8,12,13,17,18,23
40,7,8,12,13,17,18,23
41,7,8,12,13,17,18,23
42,7,8,12,13,17,18,23
43,7,8,12,13,17,18,23
44,7,8,12,13,17,18,23
45,7,8,12,13,17,18,22,23
46,7,8,12,13,17,18,22,23
47,7,8,12,13,17,18,22,23
48,7,8,12,13,17,18,22,23
49,7,8,12,13,17,18,22,23
50,7,8,12,13,17,18,22,23
51,7,8,12,13,17,18,22,23
52,7,8,12,13,17,18,22,23
53,7,8,12,13,17,18,22,23
54,7,8,12,13,17,18,22,23
55,7,8,12,13,17,18,22,23
56,7,8,12,13,17,18,22,23
57,7,8,12,13,17,18,22,23
58,7,8,12,13,17,18,22,23
59,7,8,12,13,17,18,22,23
60,7,8,12,13,17,18,22,23
61,7,8,11,12,13,17,18,22
62,7,8,11,12,13,17,18,22
63,7,8,11,12,13,16,17,18,22
64,7,8,11,12,13,16,17,18,22
65,6,7,8,11,12,13,16,17,18,22
66,6,7,8,11,12,13,16,17,18,22
67,6,7,8,11,12,13,16,17,18,22
68,6,7,8,11,12,13,16,17,18,22
69,6,7,8,11,12,13,16,17,18,22
70,6,7,8,11,12,13,16,17,18,22
71,6,7,11,12,13,16,17,18,22
72,6,7,11,12,13,16,17,18,22
73,6,7,11,12,13,16,17,18,21,22
74,6,7,11,12,13,16,17,18,21,22
75,6,7,11,12,13,16,17,21,22
76,6,7,11,12,13,16,17,21,22
77,6,7,11,12,16,17,21,22
78,6,7,11,12,16,17,21,22
79,6,7,11,12,16,17,21,22
80,6,7,11,12,16,17,21,22
81,6,7,11,12,16,17,21,22
82,6,7,11,12,16,17,21,22
83,6,7,11,12,16,17,21,22
84,6,7,11,12,16,17,21,22
85,6,7,11,12,16,17,21,22
86,6,7,11,12,16,17,21,22
87,6,7,11,12,16,17,21,22
88,6,7,11,12,16,17,21,22
89,6,7,11,12,16,17,21,22
90,6,7,11,12,16,17,21,22
91,6,7,11,12,16,17,21,22
92,6,7,11,12,16,17,21,22
93,6,7,11,12,16,17,21,22
94,6,7,11,12,16,17,21,22
95,6,7,11,12,16,17,21,22
96,6,7,11,12,16,17,21,22
97,6,7,11,12,16,17,21,22
98,6,7,11,12,16,17,21,22
99,6,7,11,12,16,17,21,22
100,6,7,11,12,16,17,21,22
101,6,7,11,12,16,17,21,22
102,6,7,11,12,16,17,21,22
103,6,7,11,12,16,17,21,22
104,6,7,11,12,16,17,21,22
105,6,7,11,12,16,17,21,22
106,6,7,11,12,16,17,21,22
107,6,7,11,12,16,17,21,22
108,6,7,11,12,16,17,21,22
109,6,7,11,12,16,17,21,22
110,6,7,11,12,16,17,21,22
111,6,7,11,12,16,17,21,22
112,6,7,11,12,16,17,21,22
113,6,7,11,12,16,17,21,22
114,6,7,11,12,16,17,21,22
115,6,7,11,12,16,17,21,22
116,6,7,11,12,16,17,21,22
117,6,7,11,12,16,17,21,22
118,6,7,11,12,16,17,21,22
119,6,7,11,12,16,17,21,22
120,6,7,11,12,16,17,21,22
121,6,7,11,12,16,17,21,22
122,6,7,11,12,16,17,21,22
123,6,7,11,12,16,17,21,22
124,6,7,11,12,16,17,21,22
125,6,7,11,12,16,17,21,22
126,6,7,11,12,16,17,21,22
127,6,7,11,12,16,17,21,22
128,6,7,11,12,16,17,21,22
129,6,7,11,12,16,17,21,22
130,6,7,11,12,16,17,21,22
131,6,7,11,12,16,17,21,22
132,6,7,11,12,16,17,21,22
133,6,7,11,12,16,17,21,22
134,6,7,11,12,16,17,21,22
135,6,7,11,12,13,16,17,18,21,22
136,6,7,11,12,13,16,17,18,21,22
137,7,11,12,13,16,17,18,21,22,23
138,7,11,12,13,16,17,18,21,22,23
139,7,11,12,13,16,17,18,21,22,23
140,7,11,12,13,16,17,18,21,22,23
141,7,11,12,13,16,17,18,21,22,23
142,7,11,12,13,16,17,18,21,22,23
143,7,11,12,13,16,17,18,21,22,23
144,7,11,12,13,16,17,18,21,22,23
145,7,11,12,13,16,17,18,21,22,23
146,7,11,12,13,16,17,18,21,22,23
147,7,11,12,13,16,17,18,21,22,23
148,7,11,12,13,16,17,18,21,22,23
149,11,12,13,16,17,18,21,22,23
150,11,12,13,16,17,18,21,22,23
151,12,13,16,17,18,21,22,23,24,25
152,12,13,16,17,18,21,22,23,24,25
153,12,13,16,17,18,21,22,23,24,25
154,12,13,16,17,18,21,22,23,24,25
155,12,13,16,17,18,19,21,22,23,24,25
156,12,13,16,17,18,19,21,22,23,24,25
157,12,13,16,17,18,19,21,22,23,24,25
158,12,13,16,17,18,19,21,22,23,24,25
159,12,13,16,17,18,19,21,22,23,24,25
160,12,13,16,17,18,19,21,22,23,24,25
161,12,13,16,17,18,19,21,22,23,24,25
162,12,13,16,17,18,19,21,22,23,24,25
163,13,16,17,18,19,21,22,23,24,25
164,13,16,17,18,19,21,22,23,24,25
165,13,16,17,18,19,21,22,23,24,25
166,13,16,17,18,19,21,22,23,24,25
167,13,16,17,18,19,21,22,23,24,25
168,13,16,17,18,19,21,22,23,24,25
169,13,16,17,18,19,21,22,23,24,25
170,13,16,17,18,19,21,22,23,24,25
171,16,17,18,19,21,22,23,24,25
172,16,17,18,19,21,22,23,24,25
173,16,17,18,19,21,22,23,24,25
174,16,17,18,19,21,22,23,24,25
175,16,17,18,19,20,21,22,23,24,25
176,16,17,18,19,20,21,22,23,24,25
177,16,17,18,19,20,21,22,23,24,25
178,16,17,18,19,20,21,22,23,24,25
179,16,17,18,19,20,21,22,23,24,25
180,16,17,18,19,20,21,22,23,24,25
181,16,17,18,19,20,21,22,23,24,25
182,16,17,18,19,20,21,22,23,24,25
183,16,17,18,19,20,21,22,23,24,25
184,16,17,18,19,20,21,22,23,24,25
185,16,17,18,19,20,21,22,23,24,25
186,16,17,18,19,20,21,22,23,24,25
187,13,16,17,18,19,21,22,23,24,25
188,13,16,17,18,19,21,22,23,24,25
189,13,16,17,18,19,21,22,23,24,25
190,13,16,17,18,19,21,22,23,24,25
191,13,17,18,19,21,22,23,24,25
192,13,17,18,19,21,22,23,24,25
193,12,13,14,17,18,19,21,22,23,24,25
194,12,13,14,17,18,19,21,22,23,24,25
195,12,13,14,17,18,19,21,22,23,24,25
196,12,13,14,17,18,19,21,22,23,24,25
197,8,12,13,14,17,18,19,22,23,24
198,8,12,13,14,17,18,19,22,23,24
199,8,12,13,14,17,18,19,22,23,24
200,8,12,13,14,17,18,19,22,23,24
201,8,12,13,14,17,18,19,22,23,24
202,8,12,13,14,17,18,19,22,23,24
203,8,12,13,14,17,18,19,22,23
204,8,12,13,14,17,18,19,22,23
205,7,8,12,13,14,17,18,19,22,23
206,7,8,12,13,14,17,18,19,22,23
207,7,8,12,13,14,17,18,19,22,23
208,7,8,12,13,14,17,18,19,22,23
209,7,8,12,13,14,17,18,19,22,23
210,7,8,12,13,14,17,18,19,22,23
211,7,8,12,13,14,17,18,19,22,23
212,7,8,12,13,14,17,18,19,22,23
213,7,8,12,13,14,17,18,19,22,23
214,7,8,12,13,14,17,18,19,22,23
215,7,8,12,13,14,17,18,19,23
216,7,8,12,13,14,17,18,19,23
217,7,8,12,13,14,17,18,19,23
218,7,8,12,13,14,17,18,19,23
219,7,8,12,13,14,17,18,19,23
220,7,8,12,13,14,17,18,19,23
221,7,8,12,13,14,17,18,19,23
222,7,8,12,13,14,17,18,19,23
223,7,8,9,12,13,14,17,18,19,23
224,7,8,9,12,13,14,17,18,19,23
225,7,8,9,12,13,14,17,18,19,23
226,7,8,9,12,13,14,17,18,19,23
227,7,8,9,12,13,14,17,18,19,23
228,7,8,9,12,13,14,17,18,19,23
229,7,8,9,12,13,14,17,18,19,23
230,7,8,9,12,13,14,17,18,19,23
231,7,8,9,12,13,14,17,18,19,23
232,7,8,9,12,13,14,17,18,19,23
233,7,8,9,12,13,14,17,18,19,23
234,7,8,9,12,13,14,17,18,19,23
235,7,8,9,12,13,14,17,18,19,23
236,7,8,9,12,13,14,17,18,19,23
237,7,8,9,12,13,14,17,18,19,23
238,7,8,9,12,13,14,17,18,19,23
239,7,8,9,12,13,14,17,18,19,23
240,7,8,9,12,13,14,17,18,19,23
241,7,8,9,12,13,14,17,18,19
242,7,8,9,12,13,14,17,18,19
243,7,8,9,12,13,14,17,18,19
244,7,8,9,12,13,14,17,18,19
245,7,8,9,12,13,14,17,18,19
246,7,8,9,12,13,14,17,18,19
247,7,8,9,12,13,14,17,18,19
248,7,8,9,12,13,14,17,18,19
249,7,8,9,12,13,14,17,18,19
250,7,8,9,12,13,14,17,18,19
251,7,8,9,12,13,14,17,18,19
252,7,8,9,12,13,14,17,18,19
253,7,8,9,12,13,14,17,18,19
254,7,8,9,12,13,14,17,18,19
255,8,9,12,13,14,18,19
256,8,9,12,13,14,18,19
257,8,9,13,14,18,19
258,8,9,13,14,18,19
259,8,9,13,14,18,19
260,8,9,13,14,18,19
261,4,8,9,13,14,18,19
262,4,8,9,13,14,18,19
263,4,8,9,13,14,18,19
264,4,8,9,13,14,18,19
265,4,8,9,13,14,18,19
266,4,8,9,13,14,18,19
267,4,8,9,13,14,18,19
268,4,8,9,13,14,18,19
269,4,8,9,10,13,14,15,18,19
270,4,8,9,10,13,14,15,18,19
271,4,8,9,10,13,14,15,18,19
272,4,8,9,10,13,14,15,18,19
273,4,8,9,10,13,14,15,18,19,20
274,4,8,9,10,13,14,15,18,19,20
275,4,8,9,10,13,14,15,18,19,20
276,4,8,9,10,13,14,15,18,19,20
277,4,8,9,10,13,14,15,19,20
278,4,8,9,10,13,14,15,19,20
279,4,8,9,10,13,14,15,19,20
280,4,8,9,10,13,14,15,19,20
281,4,8,9,10,13,14,15,19,20
282,4,8,9,10,13,14,15,19,20
283,4,8,9,10,13,14,15,19,20
284,4,8,9,10,13,14,15,19,20
285,4,8,9,10,13,14,15,19,20
286,4,8,9,10,13,14,15,19,20
287,4,9,10,14,15,19,20
288,4,9,10,14,15,19,20
289,4,9,10,14,15,19,20
290,4,9,10,14,15,19,20
291,4,9,10,14,15,19,20
292,4,9,10,14,15,19,20
293,5,9,10,14,15,19,20
294,5,9,10,14,15,19,20
295,9,10,14,15,19,20
296,9,10,14,15,19,20
297,9,10,14,15,19,20
298,9,10,14,15,19,20
299,9,10,14,15,19,20
300,9,10,14,15,19,20
301,9,10,14,15,19,20
302,9,10,14,15,19,20
303,9,10,14,15,19,20
304,9,10,14,15,19,20
305,9,10,14,15,19,20,25
306,9,10,14,15,19,20,25
307,9,10,14,15,19,20,24,25
308,9,10,14,15,19,20,24,25
309,9,10,14,15,19,20,24,25
310,9,10,14,15,19,20,24,25
311,9,10,14,15,19,20,24,25
312,9,10,14,15,19,20,24,25
313,9,10,11,14,15,19,20,24,25
314,9,10,11,14,15,19,20,24,25
315,9,10,11,14,15,16,19,20,24,25
316,9,10,11,14,15,16,19,20,24,25
317,9,10,11,14,15,16,19,20,24,25
318,9,10,11,14,15,16,19,20,24,25
319,9,10,11,14,15,16,19,20,25
320,9,10,11,14,15,16,19,20,25
321,9,10,11,14,15,16,19,20,25
322,9,10,11,14,15,16,19,20,25
323,9,10,11,14,15,16,19,20,25
324,9,10,11,14,15,16,19,20,25
325,9,10,11,14,15,16,19,20,25
326,9,10,11,14,15,16,19,20,25
327,9,10,11,14,15,16,19,20,25
328,9,10,11,14,15,16,19,20,25
329,6,9,10,11,14,15,16,19,20,25
330,6,9,10,11,14,15,16,19,20,25
331,6,9,10,11,14,15,16,19,20,25
332,6,9,10,11,14,15,16,19,20,25
333,6,9,10,11,14,15,16,19,20,25
334,6,9,10,11,14,15,16,19,20,25
335,6,9,10,11,14,15,16,19,20,25
336,6,9,10,11,14,15,16,19,20,25
337,6,9,10,11,14,15,16,19,20,25
338,6,9,10,11,14,15,16,19,20,25
339,6,9,10,11,14,15,16,19,20,25
340,6,9,10,11,14,15,16,19,20,25
341,6,9,10,11,14,15,16,19,20,25
342,6,9,10,11,14,15,16,19,20,25
343,6,9,10,11,14,15,16,19,20,25
344,6,9,10,11,14,15,16,19,20,25
345,6,9,10,11,14,15,16,19,20,25
346,6,9,10,11,14,15,16,19,20,25
347,6,9,10,11,14,15,16,19,20,25
348,6,9,10,11,14,15,16,19,20,25
349,6,9,10,11,14,15,16,19,20,25
350,6,9,10,11,14,15,16,19,20,25
351,6,9,10,11,14,15,16,19,20
352,6,9,10,11,14,15,16,19,20
353,6,9,10,11,14,15,16,19,20
354,6,9,10,11,14,15,16,19,20
355,6,9,10,11,14,15,16,19,20
356,6,9,10,11,14,15,16,19,20
357,6,9,10,11,14,15,16,19,20,25
358,6,9,10,11,14,15,16,19,20,25
359,6,9,10,11,14,15,16,19,20,25
360,6,9,10,11,14,15,16,19,20,25
361,6,9,10,11,14,15,16,19,20,25
362,6,9,10,11,14,15,16,19,20,25
363,9,10,11,14,15,16,19,20,25
364,9,10,11,14,15,16,19,20,25
365,9,10,11,14,15,16,19,20,24,25
366,9,10,11,14,15,16,19,20,24,25
367,9,10,11,14,15,16,19,20,24,25
368,9,10,11,14,15,16,19,20,24,25
369,10,11,14,15,16,19,20,24,25
370,10,11,14,15,16,19,20,24,25
371,10,11,14,15,16,19,20,24,25
372,10,11,14,15,16,19,20,24,25
373,10,11,14,15,16,19,20,24,25
374,10,11,14,15,16,19,20,24,25
375,10,11,14,15,16,19,20,24,25
376,10,11,14,15,16,19,20,24,25
377,10,14,15,19,20,24,25
378,10,14,15,19,20,24,25
379,9,10,14,15,19,20,24,25
380,9,10,14,15,19,20,24,25
381,9,10,14,15,19,20,24,25
382,9,10,14,15,19,20,24,25
383,9,10,14,15,19,20,24,25
384,9,10,14,15,19,20,24,25
385,9,10,14,15,19,20,24,25
386,9,10,14,15,19,20,24,25
387,9,10,14,15,19,20,24,25
388,9,10,14,15,19,20,24,25
389,9,10,14,15,19,20,24,25
390,9,10,14,15,19,20,24,25
391,9,10,14,15,19,20,24,25
392,9,10,14,15,19,20,24,25
393,9,10,14,15,19,20,24,25
394,9,10,14,15,19,20,24,25
395,9,10,14,15,19,20,24,25
396,9,10,14,15,19,20,24,25
397,9,10,14,15,19,20,24,25
398,9,10,14,15,19,20,24,25
399,9,10,14,15,19,20,24,25
400,9,10,14,15,19,20,24,25
401,9,10,14,15,19,20,24
402,9,10,14,15,19,20,24
403,9,10,14,15,19,20
404,9,10,14,15,19,20
405,9,10,14,15,19,20
406,9,10,14,15,19,20
407,9,10,14,15,19,20
408,9,10,14,15,19,20
409,9,10,14,15,19,20
410,9,10,14,15,19,20
411,9,10,14,15,19,20
412,9,10,14,15,19,20
413,9,10,14,15,19,20
414,9,10,14,15,19,20
415,9,10,14,15,19,20
416,9,10,14,15,19,20
417,9,10,14,15,19,20
418,9,10,14,15,19,20
419,9,10,14,15,19,20
420,9,10,14,15,19,20
421,9,10,14,15,19,20
422,9,10,14,15,19,20
423,9,10,14,15,19,20
424,9,10,14,15,19,20
425,9,10,14,15,19,20
426,9,10,14,15,19,20
427,9,10,14,15,19,20
428,9,10,14,15,19,20
429,4,9,10,14,15,19,20
430,4,9,10,14,15,19,20
431,4,9,10,14,15,19,20
432,4,9,10,14,15,19,20
433,4,5,9,10,14,15,19,20
434,4,5,9,10,14,15,19,20
435,4,5,9,10,14,15,19,20
436,4,5,9,10,14,15,19,20
437,4,5,9,10,14,15,19,20
438,4,5,9,10,14,15,19,20
439,4,5,9,10,14,15,19,20
440,4,5,9,10,14,15,19,20
441,4,5,9,10,14,15,19,20
442,4,5,9,10,14,15,19,20
443,4,5,9,10,14,15,19,20
444,4,5,9,10,14,15,19,20
445,4,5,9,10,14,15,19,20
446,4,5,9,10,14,15,19,20
447,9,10,14,15,19,20
448,9,10,14,15,19,20
449,9,10,14,15,19,20,24
450,9,10,14,15,19,20,24
451,9,10,14,15,19,20,24,25
452,9,10,14,15,19,20,24,25
453,9,10,14,15,19,20,24,25
454,9,10,14,15,19,20,24,25
455,9,10,14,15,19,20,24,25
456,9,10,14,15,19,20,24,25
457,9,10,13,14,15,18,19,20,24,25
458,9,10,13,14,15,18,19,20,24,25
459,9,10,13,14,15,18,19,20,24,25
460,9,10,13,14,15,18,19,20,24,25
461,9,10,13,14,15,18,19,20,24,25
462,9,10,13,14,15,18,19,20,24,25
463,9,10,13,14,15,18,19,20,24,25
464,9,10,13,14,15,18,19,20,24,25
465,9,13,14,15,18,19,20,23,24,25
466,9,13,14,15,18,19,20,23,24,25
467,9,13,14,15,18,19,20,23,24,25
468,9,13,14,15,18,19,20,23,24,25
469,9,13,14,15,18,19,20,23,24,25
470,9,13,14,15,18,19,20,23,24,25
471,9,13,14,15,18,19,20,23,24
472,9,13,14,15,18,19,20,23,24
473,9,13,14,15,18,19,20,23,24
474,9,13,14,15,18,19,20,23,24
475,9,13,14,15,18,19,20,23,24
476,9,13,14,15,18,19,20,23,24
477,9,13,14,18,19,23,24
478,9,13,14,18,19,23,24
479,9,13,14,18,19,23,24
480,9,13,14,18,19,23,24
481,8,9,13,14,18,19,23,24
482,8,9,13,14,18,19,23,24
483,8,9,13,14,18,19,23,24
484,8,9,13,14,18,19,23,24
485,8,9,13,14,18,19,23,24
486,8,9,13,14,18,19,23,24
487,8,9,13,14,18,19,23,24
488,8,9,13,14,18,19,23,24
489,8,9,13,14,18,19,23,24
490,8,9,13,14,18,19,23,24
491,8,9,13,14,18,19,23,24
492,8,9,13,14,18,19,23,24
493,8,9,13,14,18,19,23,24
494,8,9,13,14,18,19,23,24
495,8,9,13,14,18,19,23,24
496,8,9,13,14,18,19,23,24
497,8,9,13,14,18,19,23,24
498,8,9,13,14,18,19,23,24
499,8,9,12,13,14,17,18,19,23,24
500,8,9,12,13,14,17,18,19,23,24
501,8,9,12,13,14,17,18,19,23,24
502,8,9,12,13,14,17,18,19,23,24
503,8,9,12,13,14,17,18,19,23,24
504,8,9,12,13,14,17,18,19,23,24
505,8,9,12,13,14,17,18,19,23,24
506,8,9,12,13,14,17,18,19,23,24
507,8,9,12,13,14,17,18,19,23,24
508,8,9,12,13,14,17,18,19,23,24
509,7,8,9,12,13,14,17,18,19,23
510,7,8,9,12,13,14,17,18,19,23
511,7,8,9,12,13,14,17,18,19,23
512,7,8,9,12,13,14,17,18,19,23
513,7,8,9,12,13,14,17,18,19,23
514,7,8,9,12,13,14,17,18,19,23
515,7,8,9,12,13,14,17,18,19,23
516,7,8,9,12,13,14,17,18,19,23
517,7,8,9,12,13,14,17,18,19,23
518,7,8,9,12,13,14,17,18,19,23
519,7,8,9,12,13,14,17,18,19,23
520,7,8,9,12,13,14,17,18,19,23
521,7,8,9,12,13,14,17,18,19,23
522,7,8,9,12,13,14,17,18,19,23
523,7,8,9,12,13,14,17,18,19,23
524,7,8,9,12,13,14,17,18,19,23
525,7,8,9,12,13,14,17,18,19,23
526,7,8,9,12,13,14,17,18,19,23
527,7,8,9,12,13,14,17,18,19,23
528,7,8,9,12,13,14,17,18,19,23
529,7,8,9,12,13,14,17,18,19,23
530,7,8,9,12,13,14,17,18,19,23
531,7,8,9,12,13,14,17,18,19,23
532,7,8,9,12,13,14,17,18,19,23
533,7,8,9,12,13,14,17,18,19,23
534,7,8,9,12,13,14,17,18,19,23
535,7,8,9,12,13,14,17,18,19,23
536,7,8,9,12,13,14,17,18,19,23
537,7,8,9,12,13,14,17,18,19,23
538,7,8,9,12,13,14,17,18,19,23
539,7,8,9,12,13,14,17,18,19,23
540,7,8,9,12,13,14,17,18,19,23
541,7,8,9,12,13,14,17,18,19,23
542,7,8,9,12,13,14,17,18,19,23
543,7,8,9,12,13,14,17,18,19,23
544,7,8,9,12,13,14,17,18,19,23
545,7,8,12,13,14,17,18,19,23
546,7,8,12,13,14,17,18,19,23
547,7,8,12,13,14,17,18,19,23
548,7,8,12,13,14,17,18,19,23
549,7,8,12,13,14,17,18,19,23
550,7,8,12,13,14,17,18,19,23
551,7,8,12,13,14,17,18,19,23
552,7,8,12,13,14,17,18,19,23
553,7,8,12,13,14,17,18,19,23
554,7,8,12,13,14,17,18,19,23
555,7,8,12,13,14,17,18,19,23
556,7,8,12,13,14,17,18,19,23
557,7,8,12,13,14,17,18,19,23
558,7,8,12,13,14,17,18,19,23
559,7,8,12,13,14,17,18,19,23
560,7,8,12,13,14,17,18,19,23
561,7,8,12,13,14,17,18,19,23
562,7,8,12,13,14,17,18,19,23
563,7,8,12,13,14,17,18,19,23
564,7,8,12,13,14,17,18,19,23
565,7,8,12,13,14,17,18,19,23
566,7,8,12,13,14,17,18,19,23
567,7,8,12,13,14,17,18,19,23
568,7,8,12,13,14,17,18,19,23
569,7,8,12,13,14,17,18,19,22,23
570,7,8,12,13,14,17,18,19,22,23
571,7,8,12,13,14,17,18,19,22,23
572,7,8,12,13,14,17,18,19,22,23
573,7,8,12,13,14,17,18,19,22,23
574,7,8,12,13,14,17,18,19,22,23
575,7,8,12,13,14,17,18,19,22,23
576,7,8,12,13,14,17,18,19,22,23
577,7,8,12,13,14,17,18,19,22,23
578,7,8,12,13,14,17,18,19,22,23
579,7,8,12,13,14,17,18,19,22,23
580,7,8,12,13,14,17,18,19,22,23
581,7,8,12,13,14,17,18,19,22,23
582,7,8,12,13,14,17,18,19,22,23
583,7,8,12,13,14,17,18,19,22,23
584,7,8,12,13,14,17,18,19,22,23
585,7,8,12,13,14,17,18,19,22,23
586,7,8,12,13,14,17,18,19,22,23
587,7,8,12,13,14,17,18,19,22,23
588,7,8,12,13,14,17,18,19,22,23
589,7,8,12,13,14,17,18,19,22,23
590,7,8,12,13,14,17,18,19,22,23
591,7,8,12,13,14,17,18,19,22,23
592,7,8,12,13,14,17,18,19,22,23
593,7,8,12,13,14,17,18,19,22,23
594,7,8,12,13,14,17,18,19,22,23
595,7,8,12,13,14,17,18,19,22,23
596,7,8,12,13,14,17,18,19,22,23
597,7,8,12,13,14,17,18,19,22,23
598,7,8,12,13,14,17,18,19,22,23
599,7,8,12,13,17,18,22,23
600,7,8,12,13,17,18,22,23
601,7,8,12,13,17,18,22,23
602,7,8,12,13,17,18,22,23
603,7,8,12,13,17,18,22,23
604,7,8,12,13,17,18,22,23
605,7,8,12,13,17,18,22,23
606,7,8,12,13,17,18,22,23
607,7,8,12,13,17,18,22,23
608,7,8,12,13,17,18,22,23
609,7,8,12,13,17,18,22,23
610,7,8,12,13,17,18,22,23
611,7,8,12,13,17,18,22,23
612,7,8,12,13,17,18,22,23
613,7,8,12,13,17,18,22,23
614,7,8,12,13,17,18,22,23
615,7,8,12,13,17,18,22,23
616,7,8,12,13,17,18,22,23
617,7,8,12,13,17,18,22,23
618,7,8,12,13,17,18,22,23
619,7,8,12,13,17,18,22,23
620,7,8,12,13,17,18,22,23
621,7,8,12,13,17,18,22,23
622,7,8,12,13,17,18,22,23
623,7,8,12,13,17,18,22,23
624,7,8,12,13,17,18,22,23
625,7,8,12,13,17,18,22,23
626,7,8,12,13,17,18,22,23
627,7,8,12,13,17,18,22,23
628,7,8,12,13,17,18,22,23
629,7,8,12,13,17,18,22,23
630,7,8,12,13,17,18,22,23
631,7,8,12,13,17,18,22,23
632,7,8,12,13,17,18,22,23
633,7,8,12,13,17,18
634,7,8,12,13,17,18
635,7,8,12,13,17,18
636,7,8,12,13,17,18
637,7,8,12,13,17,18
638,7,8,12,13,17,18
639,7,8,12,13,17,18
640,7,8,12,13,17,18
641,7,8,12,13,17,18
642,7,8,12,13,17,18
643,7,8,11,12,13,17,18
644,7,8,11,12,13,17,18
645,7,8,11,12,13,17,18
646,7,8,11,12,13,17,18
647,7,8,12,13,17,18
648,7,8,12,13,17,18
649,7,8,11,12,13,17,18
650,7,8,11,12,13,17,18
651,2,7,8,11,12,13,17,18
652,2,7,8,11,12,13,17,18
653,2,7,8,11,12,13,17,18
654,2,7,8,11,12,13,17,18
655,2,7,8,11,12,13,17,18
656,2,7,8,11,12,13,17,18
657,2,7,8,11,12,13,17,18
658,2,7,8,11,12,13,17,18
659,2,7,8,11,12,13,17,18
660,2,7,8,11,12,13,17,18
661,2,7,8,11,12,13,17,18
662,2,7,8,11,12,13,17,18
663,2,7,8,11,12,13,17,18
664,2,7,8,11,12,13,17,18
665,7,8,11,12,13,17,18
666,7,8,11,12,13,17,18
667,7,8,11,12,13,17,18
668,7,8,11,12,13,17,18
669,7,8,12,13,17,18
670,7,8,12,13,17,18
671,7,8,12,13,17,18
672,7,8,12,13,17,18
673,7,8,12,13,17,18
674,7,8,12,13,17,18
675,7,8,12,13,17,18
676,7,8,12,13,17,18
677,7,8,12,13,17,18
678,7,8,12,13,17,18
679,7,8,12,13,17,18
680,7,8,12,13,17,18
681,7,8,12,13,17,18
682,7,8,12,13,17,18
683,7,8,12,13,17,18
684,7,8,12,13,17,18
685,7,8,12,13,17,18
686,7,8,12,13,17,18
687,7,8,12,13,17,18
688,7,8,12,13,17,18
689,7,8,12,13,17,18
690,7,8,12,13,17,18
691,7,8,12,13,17,18,22,23
692,7,8,12,13,17,18,22,23
693,7,8,12,13,17,18,22,23
694,7,8,12,13,17,18,22,23
695,7,8,12,13,17,18,23
696,7,8,12,13,17,18,23
697,7,8,12,13,17,18,23
698,7,8,12,13,17,18,23
699,7,8,12,13,17,18,23
700,7,8,12,13,17,18,23
701,7,8,12,13,17,18,23
702,7,8,12,13,17,18,23
703,7,8,12,13,17,18
704,7,8,12,13,17,18
705,7,8,12,13,14,17,18
706,7,8,12,13,14,17,18
707,7,8,12,13,14,17,18
708,7,8,12,13,14,17,18
709,7,8,9,12,13,14,17,18,19
710,7,8,9,12,13,14,17,18,19
711,7,8,9,12,13,14,17,18,19
712,7,8,9,12,13,14,17,18,19
713,7,8,9,12,13,14,17,18,19
714,7,8,9,12,13,14,17,18,19
715,7,8,9,12,13,14,17,18,19
716,7,8,9,12,13,14,17,18,19
717,7,8,9,12,13,14,17,18,19
718,7,8,9,12,13,14,17,18,19
719,7,8,9,12,13,14,17,18,19
720,7,8,9,12,13,14,17,18,19
721,7,8,9,12,13,14,17,18,19
722,7,8,9,12,13,14,17,18,19
723,7,8,9,12,13,14,17,18,19
724,7,8,9,12,13,14,17,18,19
725,7,8,9,12,13,14,17,18,19
726,7,8,9,12,13,14,17,18,19
727,7,8,9,12,13,14,17,18,19
728,7,8,9,12,13,14,17,18,19
729,7,8,9,12,13,14,17,18,19
730,7,8,9,12,13,14,17,18,19
731,7,8,9,12,13,14,17,18,19,23
732,7,8,9,12,13,14,17,18,19,23
733,7,8,9,12,13,14,17,18,19,23
734,7,8,9,12,13,14,17,18,19,23
735,7,8,9,12,13,14,17,18,19,23
736,7,8,9,12,13,14,17,18,19,23
737,7,8,9,12,13,14,17,18,19,23
738,7,8,9,12,13,14,17,18,19,23
739,7,8,9,12,13,14,17,18,19,23
740,7,8,9,12,13,14,17,18,19,23
741,7,8,9,12,13,14,17,18,19,23
742,7,8,9,12,13,14,17,18,19,23
743,7,8,9,12,13,14,17,18,19,23
744,7,8,9,12,13,14,17,18,19,23
745,7,8,9,12,13,14,17,18,19,23
746,7,8,9,12,13,14,17,18,19,23
747,7,8,9,12,13,14,17,18,19,23
748,7,8,9,12,13,14,17,18,19,23
749,7,8,9,12,13,14,17,18,19,23
750,7,8,9,12,13,14,17,18,19,23
751,7,8,9,12,13,14,17,18,19,23
752,7,8,9,12,13,14,17,18,19,23
753,7,8,9,12,13,14,17,18,19,23
754,7,8,9,12,13,14,17,18,19,23
755,7,8,9,12,13,14,17,18,19,23
756,7,8,9,12,13,14,17,18,19,23
757,7,8,9,12,13,14,17,18,19,23
758,7,8,9,12,13,14,17,18,19,23
759,7,8,9,12,13,14,17,18,19,23
760,7,8,9,12,13,14,17,18,19,23
761,7,8,9,12,13,14,17,18,19,23
762,7,8,9,12,13,14,17,18,19,23
763,7,8,9,12,13,14,17,18,19,23
764,7,8,9,12,13,14,17,18,19,23
765,7,8,9,12,13,14,17,18,19,23
766,7,8,9,12,13,14,17,18,19,23
767,7,8,9,12,13,14,17,18,19,23
768,7,8,9,12,13,14,17,18,19,23
769,7,8,9,12,13,14,17,18,19,23
770,7,8,9,12,13,14,17,18,19,23
771,7,8,9,12,13,14,17,18,19,23
772,7,8,9,12,13,14,17,18,19,23
773,7,8,9,12,13,14,17,18,19,23
774,7,8,9,12,13,14,17,18,19,23
775,7,8,9,12,13,14,17,18,19,23
776,7,8,9,12,13,14,17,18,19,23
777,7,8,9,12,13,14,17,18,19,23
778,7,8,9,12,13,14,17,18,19,23
779,7,8,9,12,13,14,17,18,19,23
780,7,8,9,12,13,14,17,18,19,23
781,7,8,9,12,13,14,17,18,19,23
782,7,8,9,12,13,14,17,18,19,23
783,7,8,9,12,13,14,17,18,19,23
784,7,8,9,12,13,14,17,18,19,23
785,7,8,9,12,13,14,17,18,19,23
786,7,8,9,12,13,14,17,18,19,23
787,7,8,9,12,13,14,17,18,19,23
788,7,8,9,12,13,14,17,18,19,23
789,7,8,9,12,13,14,17,18,19,23
790,7,8,9,12,13,14,17,18,19,23
791,7,8,12,13,14,17,18,19,23
792,7,8,12,13,14,17,18,19,23
793,7,8,12,13,14,17,18,19,23
794,7,8,12,13,14,17,18,19,23
795,7,8,12,13,14,17,18,19,23
796,7,8,12,13,14,17,18,19,23
797,7,8,12,13,14,17,18,19,23
798,7,8,12,13,14,17,18,19,23
799,7,8,12,13,14,17,18,19,23
800,7,8,12,13,14,17,18,19,23
801,7,8,12,13,14,17,18,19,23
802,7,8,12,13,14,17,18,19,23
803,7,8,12,13,14,17,18,19,23
804,7,8,12,13,14,17,18,19,23
805,7,8,12,13,14,17,18,19,23
806,7,8,12,13,14,17,18,19,23
807,7,8,12,13,14,17,18,19,23
808,7,8,12,13,14,17,18,19,23
809,7,8,12,13,14,17,18,19,23
810,7,8,12,13,14,17,18,19,23
811,7,8,12,13,14,17,18,19,23
812,7,8,12,13,14,17,18,19,23
813,7,8,12,13,14,17,18,19,23
814,7,8,12,13,14,17,18,19,23
815,7,8,12,13,14,17,18,19,23
816,7,8,12,13,14,17,18,19,23
817,7,8,12,13,14,17,18,19,23
818,7,8,12,13,14,17,18,19,23
819,7,8,12,13,14,17,18,19,23
820,7,8,12,13,14,17,18,19,23
821,7,8,12,13,14,17,18,19,23
822,7,8,12,13,14,17,18,19,23
823,7,8,12,13,14,17,18,19,23
824,7,8,12,13,14,17,18,19,23
825,7,8,12,13,14,17,18,19,23
826,7,8,12,13,14,17,18,19,23
827,7,8,12,13,14,17,18,19,23
828,7,8,12,13,14,17,18,19,23
829,7,8,12,13,14,17,18,19,23
830,7,8,12,13,14,17,18,19,23
831,7,8,12,13,14,17,18,19,23
832,7,8,12,13,14,17,18,19,23
833,7,8,12,13,14,17,18,19,23
834,7,8,12,13,14,17,18,19,23
835,7,8,12,13,14,17,18,19,23
836,7,8,12,13,14,17,18,19,23
837,7,8,12,13,14,17,18,19,23
838,7,8,12,13,14,17,18,19,23
839,7,8,12,13,14,17,18,19,23
840,7,8,12,13,14,17,18,19,23
841,7,8,12,13,14,17,18,23
842,7,8,12,13,14,17,18,23
843,7,8,12,13,17,18,23
844,7,8,12,13,17,18,23
845,7,8,12,13,17,18,23
846,7,8,12,13,17,18,23
847,7,8,12,13,17,18,23
848,7,8,12,13,17,18,23
849,7,8,12,13,17,18,23
850,7,8,12,13,17,18,23
851,7,8,12,13,17,18,23
852,7,8,12,13,17,18,23
853,7,8,12,13,17,18,23
854,7,8,12,13,17,18,23
855,7,8,12,13,17,18,23
856,7,8,12,13,17,18,23
857,7,8,12,13,17,18,23
858,7,8,12,13,17,18,23
859,7,8,12,13,17,18,23
860,7,8,12,13,17,18,23
861,7,8,12,13,17,18,23
862,7,8,12,13,17,18,23
863,7,8,12,13,17,18,23
864,7,8,12,13,17,18,23
865,7,8,12,13,17,18,23
866,7,8,12,13,17,18,23
867,7,8,12,13,17,18,23
868,7,8,12,13,17,18,23
869,7,8,12,13,17,18,23
870,7,8,12,13,17,18,23
871,7,8,12,13,17,18,23
872,7,8,12,13,17,18,23
873,7,8,12,13,17,18,23
874,7,8,12,13,17,18,23
875,7,8,12,13,17,18,23
876,7,8,12,13,17,18,23
877,7,8,12,13,17,18,23
878,7,8,12,13,17,18,23
879,7,8,12,13,17,18,23
880,7,8,12,13,17,18,23
881,7,8,12,13,17,18,23
882,7,8,12,13,17,18,23
883,7,8,12,13,17,18,23
884,7,8,12,13,17,18,23
885,7,8,12,13,14,17,18,23
886,7,8,12,13,14,17,18,23
887,7,8,12,13,14,17,18,23
888,7,8,12,13,14,17,18,23
889,7,8,12,13,14,17,18,19,23
890,7,8,12,13,14,17,18,19,23
891,7,8,9,12,13,14,17,18,19,23
892,7,8,9,12,13,14,17,18,19,23
893,7,8,9,12,13,14,17,18,19,23
894,7,8,9,12,13,14,17,18,19,23
895,7,8,9,12,13,14,17,18,19,23
896,7,8,9,12,13,14,17,18,19,23
897,7,8,9,12,13,14,17,18,19,23
898,7,8,9,12,13,14,17,18,19,23
899,7,8,9,12,13,14,17,18,19,23
900,7,8,9,12,13,14,17,18,19,23
901,7,8,9,12,13,14,17,18,19,23
902,7,8,9,12,13,14,17,18,19,23
903,7,8,9,12,13,14,17,18,19,23
904,7,8,9,12,13,14,17,18,19,23
905,7,8,9,12,13,14,17,18,19,23
906,7,8,9,12,13,14,17,18,19,23
907,7,8,9,12,13,14,17,18,19,23
908,7,8,9,12,13,14,17,18,19,23
909,8,9,12,13,14,17,18,19,23
910,8,9,12,13,14,17,18,19,23
911,8,9,12,13,14,17,18,19,23,24
912,8,9,12,13,14,17,18,19,23,24
913,8,9,12,13,14,17,18,19,23,24
914,8,9,12,13,14,17,18,19,23,24
915,8,9,12,13,14,17,18,19,23,24
916,8,9,12,13,14,17,18,19,23,24
917,8,9,12,13,14,17,18,19,23,24
918,8,9,12,13,14,17,18,19,23,24
919,8,9,12,13,14,17,18,19,23,24
920,8,9,12,13,14,17,18,19,23,24
921,8,9,13,14,18,19,23,24
922,8,9,13,14,18,19,23,24
923,8,9,13,14,18,19,23,24
924,8,9,13,14,18,19,23,24
925,8,9,13,14,18,19,23,24
926,8,9,13,14,18,19,23,24
927,8,9,13,14,18,19,23,24
928,8,9,13,14,18,19,23,24
929,8,9,13,14,18,19,23,24
930,8,9,13,14,18,19,23,24
931,8,9,13,14,18,19,23,24
932,8,9,13,14,18,19,23,24
933,8,9,13,14,18,19,23,24
934,8,9,13,14,18,19,23,24
935,8,9,13,14,18,19,23,24
936,8,9,13,14,18,19,23,24
937,8,9,13,14,18,19,23,24
938,8,9,13,14,18,19,23,24
939,8,9,13,14,18,19,23,24
940,8,9,13,14,18,19,23,24
941,8,9,13,14,18,19,23,24
942,8,9,13,14,18,19,23,24
943,8,9,13,14,18,19,23,24
944,8,9,13,14,18,19,23,24
945,8,9,13,14,18,19,23,24
946,8,9,13,14,18,19,23,24
947,8,9,13,14,18,19,23,24
948,8,9,13,14,18,19,23,24
949,8,9,13,14,18,19,23,24
950,8,9,13,14,18,19,23,24
951,8,9,13,14,18,19,23,24
952,8,9,13,14,18,19,23,24
953,8,9,13,14,18,19,23,24
954,8,9,13,14,18,19,23,24
955,8,9,13,14,18,19,23,24
956,8,9,13,14,18,19,23,24
957,8,9,13,14,18,19,23,24
958,8,9,13,14,18,19,23,24
959,8,9,13,14,18,19,23,24
960,8,9,13,14,18,19,23,24
961,8,9,13,14,18,19,23,24
962,8,9,13,14,18,19,23,24
963,8,9,13,14,18,19,23,24
964,8,9,13,14,18,19,23,24
965,8,9,12,13,14,17,18,19,23,24
966,8,9,12,13,14,17,18,19,23,24
967,8,9,12,13,14,17,18,19,23,24
968,8,9,12,13,14,17,18,19,23,24
969,8,9,12,13,14,17,18,19,23,24
970,8,9,12,13,14,17,18,19,23,24
971,8,9,12,13,14,17,18,19,23,24
972,8,9,12,13,14,17,18,19,23,24
973,8,9,12,13,14,17,18,19,23,24
974,8,9,12,13,14,17,18,19,23,24
975,8,9,12,13,14,17,18,19,23,24
976,8,9,12,13,14,17,18,19,23,24
977,8,9,12,13,14,17,18,19,23,24
978,8,9,12,13,14,17,18,19,23,24
979,8,9,12,13,14,17,18,19,23,24
980,8,9,12,13,14,17,18,19,23,24
981,8,9,12,13,14,17,18,19,23,24
982,8,9,12,13,14,17,18,19,23,24
983,8,9,12,13,14,17,18,19,23,24
984,8,9,12,13,14,17,18,19,23,24
985,8,9,12,13,14,17,18,19,23,24
986,8,9,12,13,14,17,18,19,23,24
987,8,9,12,13,14,17,18,19,23,24
988,8,9,12,13,14,17,18,19,23,24
989,8,9,12,13,14,17,18,19,23,24
990,8,9,12,13,14,17,18,19,23,24
991,8,9,12,13,14,17,18,19,23,24
992,8,9,12,13,14,17,18,19,23,24
993,8,9,12,13,14,17,18,19,23,24
994,8,9,12,13,14,17,18,19,23,24
995,8,9,12,13,14,17,18,19,23,24
996,8,9,12,13,14,17,18,19,23,24
997,8,9,12,13,14,17,18,19,23,24
998,8,9,12,13,14,17,18,19,23,24
999,8,9,12,13,14,17,18,19,23,24
1000,8,9,12,13,14,17,18,19,23,24
1001,8,9,12,13,14,17,18,19,23,24
1002,8,9,12,13,14,17,18,19,23,24
1003,8,9,12,13,14,17,18,19,23,24
1004,8,9,12,13,14,17,18,19,23,24
1005,8,9,12,13,14,17,18,19,23,24
1006,8,9,12,13,14,17,18,19,23,24
1007,8,9,12,13,14,17,18,19,23,24
1008,8,9,12,13,14,17,18,19,23,24
1009,8,9,12,13,14,17,18,19,23,24
1010,8,9,12,13,14,17,18,19,23,24
1011,8,9,12,13,14,17,18,19,23,24
1012,8,9,12,13,14,17,18,19,23,24
1013,8,9,12,13,14,17,18,19,23,24
1014,8,9,12,13,14,17,18,19,23,24
1015,8,9,12,13,14,17,18,19,23,24
1016,8,9,12,13,14,17,18,19,23,24
1017,8,9,12,13,14,17,18,19,23,24
1018,8,9,12,13,14,17,18,19,23,24
1019,8,9,12,13,14,17,18,19,23,24
1020,8,9,12,13,14,17,18,19,23,24
1021,8,9,12,13,14,17,18,19,23,24
1022,8,9,12,13,14,17,18,19,23,24
1023,8,9,12,13,14,17,18,19,23,24
1024,8,9,12,13,14,17,18,19,23,24
1025,8,9,12,13,14,17,18,19,23,24
1026,8,9,12,13,14,17,18,19,23,24
1027,8,9,12,13,14,17,18,19,23,24
1028,8,9,12,13,14,17,18,19,23,24
1029,8,9,12,13,14,17,18,19,23,24
1030,8,9,12,13,14,17,18,19,23,24
1031,8,9,12,13,14,17,18,19,23,24
1032,8,9,12,13,14,17,18,19,23,24
1033,8,9,12,13,14,17,18,19,23,24
1034,8,9,12,13,14,17,18,19,23,24
1035,8,9,12,13,14,17,18,19,23,24
1036,8,9,12,13,14,17,18,19,23,24
1037,8,9,12,13,14,17,18,19,23,24
1038,8,9,12,13,14,17,18,19,23,24
1039,8,9,12,13,14,17,18,19,23,24
1040,8,9,12,13,14,17,18,19,23,24
1041,8,9,12,13,14,17,18,19,23,24
1042,8,9,12,13,14,17,18,19,23,24
1043,8,9,12,13,14,17,18,19,23,24
1044,8,9,12,13,14,17,18,19,23,24
1045,8,9,12,13,14,17,18,19,23,24
1046,8,9,12,13,14,17,18,19,23,24
1047,8,9,13,14,17,18,19,23,24
1048,8,9,13,14,17,18,19,23,24
1049,8,9,13,14,17,18,19,23,24
1050,8,9,13,14,17,18,19,23,24
1051,8,9,13,14,18,19,23,24
1052,8,9,13,14,18,19,23,24
1053,8,9,13,14,18,19,23,24
1054,8,9,13,14,18,19,23,24
1055,8,9,13,14,18,19,23,24
1056,8,9,13,14,18,19,23,24
1057,8,9,13,14,17,18,19,23,24
1058,8,9,13,14,17,18,19,23,24
1059,8,9,13,14,17,18,19,23,24
1060,8,9,13,14,17,18,19,23,24
1061,8,9,12,13,14,17,18,19,23,24
1062,8,9,12,13,14,17,18,19,23,24
1063,8,9,12,13,14,17,18,19,23,24
1064,8,9,12,13,14,17,18,19,23,24
1065,8,9,12,13,14,17,18,19,23,24
1066,8,9,12,13,14,17,18,19,23,24
1067,8,9,12,13,14,17,18,19,23,24
1068,8,9,12,13,14,17,18,19,23,24
1069,8,9,12,13,14,17,18,19,22,23,24
1070,8,9,12,13,14,17,18,19,22,23,24
1071,8,9,12,13,14,17,18,19,22,23,24
1072,8,9,12,13,14,17,18,19,22,23,24
1073,8,9,12,13,14,17,18,19,22,23,24
1074,8,9,12,13,14,17,18,19,22,23,24
1075,8,9,12,13,14,17,18,19,22,23,24
1076,8,9,12,13,14,17,18,19,22,23,24
1077,8,9,12,13,14,17,18,19,22,23,24
1078,8,9,12,13,14,17,18,19,22,23,24
1079,8,9,12,13,14,17,18,19,22,23,24
1080,8,9,12,13,14,17,18,19,22,23,24
1081,8,9,12,13,14,17,18,19,22,23,24
1082,8,9,12,13,14,17,18,19,22,23,24
1083,8,12,13,14,17,18,19,22,23,24
1084,8,12,13,14,17,18,19,22,23,24
1085,8,12,13,14,17,18,19,22,23,24
1086,8,12,13,14,17,18,19,22,23,24
1087,8,12,13,14,17,18,19,22,23,24
1088,8,12,13,14,17,18,19,22,23,24
1089,8,12,13,14,17,18,19,22,23,24
1090,8,12,13,14,17,18,19,22,23,24
1091,8,12,13,14,17,18,19,22,23,24
1092,8,12,13,14,17,18,19,22,23,24
1093,8,12,13,14,17,18,19,22,23,24
1094,8,12,13,14,17,18,19,22,23,24
1095,8,9,12,13,14,17,18,19,22,23,24
1096,8,9,12,13,14,17,18,19,22,23,24
1097,8,9,12,13,14,17,18,19,22,23,24
1098,8,9,12,13,14,17,18,19,22,23,24
1099,8,9,12,13,14,17,18,19,22,23,24
1100,8,9,12,13,14,17,18,19,22,23,24
1101,8,9,12,13,14,17,18,19,22,23,24
1102,8,9,12,13,14,17,18,19,22,23,24
1103,8,9,12,13,14,17,18,19,22,23,24
1104,8,9,12,13,14,17,18,19,22,23,24
1105,8,12,13,14,17,18,19,22,23,24
1106,8,12,13,14,17,18,19,22,23,24
1107,7,8,12,13,14,17,18,19,22,23,24
1108,7,8,12,13,14,17,18,19,22,23,24
1109,7,8,12,13,14,17,18,19,22,23
1110,7,8,12,13,14,17,18,19,22,23
1111,7,8,12,13,14,17,18,19,22,23
1112,7,8,12,13,14,17,18,19,22,23
1113,7,8,12,13,14,17,18,19,22,23
1114,7,8,12,13,14,17,18,19,22,23
1115,7,8,12,13,14,17,18,19,22,23
1116,7,8,12,13,14,17,18,19,22,23
1117,7,8,12,13,14,17,18,19,22,23
1118,7,8,12,13,14,17,18,19,22,23
1119,7,8,12,13,14,17,18,19,22,23
1120,7,8,12,13,14,17,18,19,22,23
1121,7,8,12,13,14,17,18,19,22,23
1122,7,8,12,13,14,17,18,19,22,23
1123,7,8,12,13,14,17,18,19,22,23
1124,7,8,12,13,14,17,18,19,22,23
1125,7,8,12,13,14,17,18,22,23
1126,7,8,12,13,14,17,18,22,23
1127,7,8,12,13,17,18,22,23
1128,7,8,12,13,17,18,22,23
1129,7,8,12,13,17,18,22,23
1130,7,8,12,13,17,18,22,23
1131,7,8,12,13,17,18,22,23
1132,7,8,12,13,17,18,22,23
1133,7,8,12,13,17,18,22,23
1134,7,8,12,13,17,18,22,23
1135,7,8,12,13,17,18,22,23
1136,7,8,12,13,17,18,22,23
1137,7,8,12,13,17,18,22,23
1138,7,8,12,13,17,18,22,23
1139,7,8,12,13,17,18,22,23
1140,7,8,12,13,17,18,22,23
1141,7,8,12,13,17,18,23
1142,7,8,12,13,17,18,23
1143,7,8,12,13,17,18,23
1144,7,8,12,13,17,18,23
1145,7,8,12,13,17,18,23
1146,7,8,12,13,17,18,23
1147,7,8,12,13,17,18,23
1148,7,8,12,13,17,18,23
1149,7,8,12,13,17,18,22,23
1150,7,8,12,13,17,18,22,23
1151,7,8,12,13,17,18,22,23
1152,7,8,12,13,17,18,22,23
1153,7,8,12,13,17,18,22,23
1154,7,8,12,13,17,18,22,23
1155,7,8,12,13,17,18,23
1156,7,8,12,13,17,18,23
1157,7,8,12,13,17,18,23
1158,7,8,12,13,17,18,23
1159,7,8,12,13,17,18,23
1160,7,8,12,13,17,18,23
1161,7,8,12,13,17,18
1162,7,8,12,13,17,18
1163,7,8,12,13,17,18
1164,7,8,12,13,17,18
1165,7,8,12,13,17,18
1166,7,8,12,13,17,18
1167,7,8,12,13,17,18
1168,7,8,12,13,17,18
1169,7,8,12,13,17,18,22
1170,7,8,12,13,17,18,22
1171,7,8,12,13,17,18,22
1172,7,8,12,13,17,18,22
1173,7,8,12,13,17,18,22
1174,7,8,12,13,17,18,22
1175,7,8,12,13,17,18,22
1176,7,8,12,13,17,18,22
1177,7,8,12,13,17,18,22
1178,7,8,12,13,17,18,22
1179,7,8,12,13,17,18,22
1180,7,8,12,13,17,18,22
1181,7,8,12,13,17,18,22
1182,7,8,12,13,17,18,22
1183,7,8,12,13,17,18,22
1184,7,8,12,13,17,18,22
1185,7,8,12,13,17,18,22
1186,7,8,12,13,17,18,22
1187,7,8,12,13,17,18,22
1188,7,8,12,13,17,18,22
1189,7,8,12,13,17,18,22
1190,7,8,12,13,17,18,22
1191,7,8,12,13,17,18,22
1192,7,8,12,13,17,18,22
1193,7,8,12,13,17,18,22
1194,7,8,12,13,17,18,22
1195,7,8,12,13,17,18,22
1196,7,8,12,13,17,18,22
1197,7,8,12,13,17,18,22
1198,7,8,12,13,17,18,22
1199,7,8,12,13,17,18,22
1200,7,8,12,13,17,18,22
1201,7,8,12,13,17,18,22
1202,7,8,12,13,17,18,22
1203,7,8,12,13,17,18,22
1204,7,8,12,13,17,18,22
1205,7,8,12,13,17,18,22
1206,7,8,12,13,17,18,22
1207,7,8,12,13,17,18,22
1208,7,8,12,13,17,18,22
1209,7,8,12,13,17,18,22
1210,7,8,12,13,17,18,22
1211,7,8,12,13,17,18,22
1212,7,8,12,13,17,18,22
1213,7,8,12,13,17,18,22
1214,7,8,12,13,17,18,22
1215,7,8,12,13,17,18,22
1216,7,8,12,13,17,18,22
1217,7,8,12,13,17,18,22
1218,7,8,12,13,17,18,22
1219,7,8,12,13,17,18,22
1220,7,8,12,13,17,18,22
1221,7,8,12,13,17,18,22
1222,7,8,12,13,17,18,22
1223,7,8,12,13,17,18,22
1224,7,8,12,13,17,18,22
1225,7,8,12,13,17,18,22
1226,7,8,12,13,17,18,22
1227,7,8,12,13,17,18,22
1228,7,8,12,13,17,18,22
1229,7,8,12,13,17,18,22
1230,7,8,12,13,17,18,22
1231,7,8,12,13,17,18,22
1232,7,8,12,13,17,18,22
1233,7,8,12,13,17,18,22
1234,7,8,12,13,17,18,22
1235,7,8,12,13,17,18,22
1236,7,8,12,13,17,18,22
1237,7,8,12,13,17,18,22
1238,7,8,12,13,17,18,22
1239,7,8,12,13,17,18,22
1240,7,8,12,13,17,18,22
1241,7,8,12,13,17,18,22
1242,7,8,12,13,17,18,22
1243,7,8,12,13,17,18,22
1244,7,8,12,13,17,18,22
1245,7,8,12,13,17,18,22
1246,7,8,12,13,17,18,22
1247,7,8,12,13,17,18,22
1248,7,8,12,13,17,18,22
1249,7,8,12,13,17,18,22
1250,7,8,12,13,17,18,22
1251,7,8,12,13,17,18,22
1252,7,8,12,13,17,18,22
1253,7,8,12,13,17,18,22
1254,7,8,12,13,17,18,22
1255,7,8,12,13,17,18,22
1256,7,8,12,13,17,18,22
1257,7,8,12,13,17,18,22
1258,7,8,12,13,17,18,22
1259,7,8,12,13,17,18,22
1260,7,8,12,13,17,18,22
1261,7,8,12,13,17,18,22
1262,7,8,12,13,17,18,22
1263,7,8,12,13,17,18,22
1264,7,8,12,13,17,18,22
1265,7,8,12,13,17,18,22
1266,7,8,12,13,17,18,22
1267,7,8,12,13,17,18,22
1268,7,8,12,13,17,18,22
1269,7,8,12,13,17,18,22
1270,7,8,12,13,17,18,22
1271,7,8,12,13,17,18,22
1272,7,8,12,13,17,18,22
1273,7,8,12,13,17,18,22
1274,7,8,12,13,17,18,22
1275,7,8,12,13,17,18,22
1276,7,8,12,13,17,18,22
1277,7,8,12,13,17,18,22
1278,7,8,12,13,17,18,22
1279,7,8,12,13,17,18,22
1280,7,8,12,13,17,18,22
1281,7,8,12,13,17,18,22
1282,7,8,12,13,17,18,22
1283,7,8,12,13,17,18,22
1284,7,8,12,13,17,18,22
1285,7,8,12,13,17,18,22
1286,7,8,12,13,17,18,22
1287,7,8,12,13,17,18,22
1288,7,8,12,13,17,18,22
1289,7,8,12,13,17,18,22
1290,7,8,12,13,17,18,22
1291,7,8,12,13,17,18,22
1292,7,8,12,13,17,18,22
1293,7,8,12,13,17,18,22
1294,7,8,12,13,17,18,22
1295,7,8,12,13,17,18,22
1296,7,8,12,13,17,18,22
1297,7,8,12,13,17,18,22
1298,7,8,12,13,17,18,22
1299,7,8,12,13,17,18,22
1300,7,8,12,13,17,18,22
1301,7,8,12,13,17,18,22
1302,7,8,12,13,17,18,22
1303,7,8,12,13,17,18,22
1304,7,8,12,13,17,18,22
1305,7,8,12,13,17,18,22
1306,7,8,12,13,17,18,22
1307,7,8,12,13,17,18,22
1308,7,8,12,13,17,18,22
1309,7,8,12,13,17,18,22
1310,7,8,12,13,17,18,22
1311,7,8,12,13,17,18,22
1312,7,8,12,13,17,18,22
1313,7,8,12,13,17,18,22
1314,7,8,12,13,17,18,22
1315,7,8,12,13,17,18,22
1316,7,8,12,13,17,18,22
1317,7,8,12,13,17,18,22
1318,7,8,12,13,17,18,22
1319,7,8,12,13,17,18,22
1320,7,8,12,13,17,18,22
1321,7,8,12,13,17,18,22
1322,7,8,12,13,17,18,22
1323,7,8,12,13,17,18,22
1324,7,8,12,13,17,18,22
1325,7,8,12,13,17,18,22
1326,7,8,12,13,17,18,22
1327,7,8,12,13,17,18,22
1328,7,8,12,13,17,18,22
1329,7,8,12,13,17,18,22
1330,7,8,12,13,17,18,22
1331,7,8,12,13,17,18,22
1332,7,8,12,13,17,18,22
1333,7,8,12,13,17,18,22
1334,7,8,12,13,17,18,22
1335,7,8,12,13,17,18,22
1336,7,8,12,13,17,18,22
1337,7,8,12,13,17,18,22
1338,7,8,12,13,17,18,22
1339,7,8,12,13,17,18,22
1340,7,8,12,13,17,18,22
1341,7,8,12,13,17,18,22
1342,7,8,12,13,17,18,22
1343,7,8,12,13,17,18,22
1344,7,8,12,13,17,18,22
1345,7,8,12,13,17,18,22
1346,7,8,12,13,17,18,22
1347,7,8,12,13,17,18,22
1348,7,8,12,13,17,18,22
1349,7,8,12,13,17,18,22
1350,7,8,12,13,17,18,22
1351,7,8,12,13,17,18,22
1352,7,8,12,13,17,18,22
1353,7,8,12,13,17,18,22
1354,7,8,12,13,17,18,22
1355,7,8,12,13,17,18,22
1356,7,8,12,13,17,18,22
1357,7,8,12,13,17,18,22
1358,7,8,12,13,17,18,22
1359,7,8,12,13,17,18,22
1360,7,8,12,13,17,18,22
1361,7,8,12,13,17,18
1362,7,8,12,13,17,18
1363,7,8,12,13,17,18
1364,7,8,12,13,17,18
1365,7,8,12,13,17,18
1366,7,8,12,13,17,18
1367,7,8,12,13,17,18
1368,7,8,12,13,17,18
1369,7,8,12,13,17,18
1370,7,8,12,13,17,18
1371,7,8,12,13,17,18
1372,7,8,12,13,17,18
1373,7,8,11,12,13,17,18,22
1374,7,8,11,12,13,17,18,22
1375,7,8,11,12,13,17,18,22
1376,7,8,11,12,13,17,18,22
1377,7,8,12,13,17,18,22
1378,7,8,12,13,17,18,22
1379,7,8,12,13,17,18,22
1380,7,8,12,13,17,18,22
1381,7,8,12,13,17,18,22
1382,7,8,12,13,17,18,22
1383,7,8,12,13,17,18,22
1384,7,8,12,13,17,18,22
1385,7,8,11,12,13,17,18,22
1386,7,8,11,12,13,17,18,22
1387,7,8,11,12,13,17,18,22
1388,7,8,11,12,13,17,18,22
1389,7,8,11,12,13,17,18,22
1390,7,8,11,12,13,17,18,22
1391,7,8,11,12,13,17,18,22
1392,7,8,11,12,13,17,18,22
1393,7,8,11,12,13,17,18,22
1394,7,8,11,12,13,17,18,22
1395,7,8,11,12,13,17,18,22
1396,7,8,11,12,13,17,18,22
1397,7,8,11,12,13,17,18,22
1398,7,8,11,12,13,17,18,22
1399,7,8,11,12,13,17,18,22
1400,7,8,11,12,13,17,18,22
1401,7,8,11,12,13,17,18,22
1402,7,8,11,12,13,17,18,22
1403,7,8,11,12,13,17,18,22
1404,7,8,11,12,13,17,18,22
1405,7,8,11,12,13,17,18,22
1406,7,8,11,12,13,17,18,22
1407,7,8,11,12,13,17,18,22
1408,7,8,11,12,13,17,18,22
1409,7,8,11,12,13,17,18,22
1410,7,8,11,12,13,17,18,22
1411,7,8,11,12,13,17,18,22
1412,7,8,11,12,13,17,18,22
1413,7,8,11,12,13,16,17,18,22
1414,7,8,11,12,13,16,17,18,22
1415,7,8,11,12,13,16,17,18,22
1416,7,8,11,12,13,16,17,18,22
1417,7,8,11,12,13,16,17,18,22
1418,7,8,11,12,13,16,17,18,22
1419,7,8,11,12,13,16,17,18,22
1420,7,8,11,12,13,16,17,18,22
1421,7,8,11,12,13,16,17,18,22
1422,7,8,11,12,13,16,17,18,22
1423,7,8,11,12,13,16,17,18,22
1424,7,8,11,12,13,16,17,18,22
1425,7,8,11,12,13,16,17,18,22
1426,7,8,11,12,13,16,17,18,22
1427,7,8,11,12,13,16,17,18,22
1428,7,8,11,12,13,16,17,18,22
1429,7,8,11,12,13,16,17,18,22
1430,7,8,11,12,13,16,17,18,22
1431,7,8,11,12,13,16,17,18,22
1432,7,8,11,12,13,16,17,18,22
1433,7,8,11,12,13,16,17,18,22
1434,7,8,11,12,13,16,17,18,22
1435,7,8,11,12,13,16,17,18,22
1436,7,8,11,12,13,16,17,18,22
1437,7,8,11,12,13,16,17,18,22
1438,7,8,11,12,13,16,17,18,22
1439,7,8,11,12,13,16,17,18,22
1440,7,8,11,12,13,16,17,18,22
1441,7,8,11,12,13,16,17,18,22
1442,7,8,11,12,13,16,17,18,22
1443,7,8,11,12,13,16,17,18,22
1444,7,8,11,12,13,16,17,18,22
1445,7,8,11,12,13,16,17,18,22,23
1446,7,8,11,12,13,16,17,18,22,23
1447,7,8,11,12,13,16,17,18,22,23
1448,7,8,11,12,13,16,17,18,22,23
1449,7,8,11,12,13,16,17,18,22,23
1450,7,8,11,12,13,16,17,18,22,23
1451,7,8,11,12,13,16,17,18,22,23
1452,7,8,11,12,13,16,17,18,22,23
1453,7,8,11,12,13,16,17,18,22,23
1454,7,8,11,12,13,16,17,18,22,23
1455,7,8,11,12,13,16,17,18,22,23
1456,7,8,11,12,13,16,17,18,22,23
1457,7,8,11,12,13,16,17,18,22,23
1458,7,8,11,12,13,16,17,18,22,23
1459,7,8,11,12,13,16,17,18,22,23
1460,7,8,11,12,13,16,17,18,22,23
1461,7,8,11,12,13,16,17,18,22,23
1462,7,8,11,12,13,16,17,18,22,23
1463,7,8,11,12,13,16,17,18,22,23
1464,7,8,11,12,13,16,17,18,22,23
1465,7,8,11,12,13,16,17,18,22,23
1466,7,8,11,12,13,16,17,18,22,23
1467,7,8,11,12,13,16,17,18,22,23
1468,7,8,11,12,13,16,17,18,22,23
1469,7,8,11,12,13,16,17,18,22,23
1470,7,8,11,12,13,16,17,18,22,23
1471,7,8,11,12,13,16,17,18,22,23
1472,7,8,11,12,13,16,17,18,22,23
1473,7,8,11,12,13,16,17,18,22,23
1474,7,8,11,12,13,16,17,18,22,23
1475,7,8,11,12,13,16,17,18,22,23
1476,7,8,11,12,13,16,17,18,22,23
1477,7,8,11,12,13,16,17,18,22,23
1478,7,8,11,12,13,16,17,18,22,23
1479,7,8,11,12,13,16,17,18,22,23
1480,7,8,11,12,13,16,17,18,22,23
1481,7,8,11,12,13,16,17,18,22,23
1482,7,8,11,12,13,16,17,18,22,23
1483,7,8,11,12,13,16,17,18,22,23
1484,7,8,11,12,13,16,17,18,22,23
1485,7,8,11,12,13,16,17,18,22,23
1486,7,8,11,12,13,16,17,18,22,23
1487,7,8,11,12,13,16,17,18,22,23
1488,7,8,11,12,13,16,17,18,22,23
1489,7,8,11,12,13,16,17,18,22,23
1490,7,8,11,12,13,16,17,18,22,23
1491,7,8,11,12,13,16,17,18,22,23
1492,7,8,11,12,13,16,17,18,22,23
1493,7,8,11,12,13,16,17,18,22,23
1494,7,8,11,12,13,16,17,18,22,23
1495,7,8,11,12,13,16,17,18,22,23
1496,7,8,11,12,13,16,17,18,22,23
1497,7,8,11,12,13,16,17,18,22,23
1498,7,8,11,12,13,16,17,18,22,23
1499,7,8,11,12,13,16,17,18,22,23
1500,7,8,11,12,13,16,17,18,22,23
1501,7,8,11,12,13,16,17,18,22,23
1502,7,8,11,12,13,16,17,18,22,23
1503,7,8,11,12,13,16,17,18,22,23
1504,7,8,11,12,13,16,17,18,22,23
1505,7,8,11,12,13,17,18,22,23
1506,7,8,11,12,13,17,18,22,23
1507,7,8,12,13,17,18,22,23
1508,7,8,12,13,17,18,22,23
1509,7,8,12,13,17,18,22,23
1510,7,8,12,13,17,18,22,23
1511,7,8,12,13,17,18,22,23
1512,7,8,12,13,17,18,22,23
1513,7,8,12,13,17,18,22,23
1514,7,8,12,13,17,18,22,23
1515,7,8,12,13,17,18,22,23
1516,7,8,12,13,17,18,22,23
1517,7,8,12,13,17,18,22,23
1518,7,8,12,13,17,18,22,23
1519,7,8,12,13,17,18,22,23
1520,7,8,12,13,17,18,22,23
1521,7,8,12,13,17,18,22,23
1522,7,8,12,13,17,18,22,23
1523,7,8,12,13,17,18,22,23
1524,7,8,12,13,17,18,22,23
1525,7,8,12,13,17,18,22,23
1526,7,8,12,13,17,18,22,23
1527,7,8,12,13,17,18,22,23
1528,7,8,12,13,17,18,22,23
1529,7,8,12,13,17,18,22,23
1530,7,8,12,13,17,18,22,23
1531,7,8,12,13,17,18,22,23
1532,7,8,12,13,17,18,22,23
1533,7,8,12,13,17,18,22,23
1534,7,8,12,13,17,18,22,23
1535,7,8,12,13,17,18,22,23
1536,7,8,12,13,17,18,22,23
1537,7,8,12,13,17,18,22,23
1538,7,8,12,13,17,18,22,23
1539,7,8,12,13,17,18,22,23
1540,7,8,12,13,17,18,22,23
1541,7,8,12,13,17,18,22,23
1542,7,8,12,13,17,18,22,23
1543,7,8,12,13,17,18,22,23
1544,7,8,12,13,17,18,22,23
1545,7,8,12,13,17,18,22,23
1546,7,8,12,13,17,18,22,23
1547,7,8,12,13,17,18,22,23
1548,7,8,12,13,17,18,22,23
1549,7,8,11,12,13,16,17,18,22,23
1550,7,8,11,12,13,16,17,18,22,23
1551,7,8,11,12,13,16,17,18,22,23
1552,7,8,11,12,13,16,17,18,22,23
1553,7,8,11,12,13,16,17,18,22,23
1554,7,8,11,12,13,16,17,18,22,23
1555,7,8,11,12,13,16,17,18,22,23
1556,7,8,11,12,13,16,17,18,22,23
1557,7,8,12,13,17,18,22,23
1558,7,8,12,13,17,18,22,23
1559,7,8,12,13,17,18,22,23
1560,7,8,12,13,17,18,22,23
1561,7,8,12,13,17,18,22,23
1562,7,8,12,13,17,18,22,23
1563,7,8,12,13,17,18,22,23
1564,7,8,12,13,17,18,22,23
1565,7,8,12,13,17,18,22,23
1566,7,8,12,13,17,18,22,23
1567,7,8,12,13,17,18,22,23
1568,7,8,12,13,17,18,22,23
1569,8,12,13,17,18,22,23
1570,8,12,13,17,18,22,23
1571,8,12,13,17,18,22,23
1572,8,12,13,17,18,22,23
1573,8,12,13,14,17,18,19,22,23
1574,8,12,13,14,17,18,19,22,23
1575,8,12,13,14,17,18,19,22,23,24
1576,8,12,13,14,17,18,19,22,23,24
1577,8,12,13,14,17,18,19,22,23,24
1578,8,12,13,14,17,18,19,22,23,24
1579,8,12,13,14,17,18,19,22,23,24
1580,8,12,13,14,17,18,19,22,23,24
1581,8,12,13,14,17,18,19,22,23,24
1582,8,12,13,14,17,18,19,22,23,24
1583,8,12,13,14,17,18,19,22,23,24
1584,8,12,13,14,17,18,19,22,23,24
1585,8,12,13,14,17,18,19,22,23,24
1586,8,12,13,14,17,18,19,22,23,24
1587,8,12,13,14,17,18,19,22,23,24
1588,8,12,13,14,17,18,19,22,23,24
1589,8,9,12,13,14,17,18,19,22,23,24
1590,8,9,12,13,14,17,18,19,22,23,24
1591,8,9,12,13,14,17,18,19,23,24
1592,8,9,12,13,14,17,18,19,23,24
1593,8,9,13,14,18,19,23,24
1594,8,9,13,14,18,19,23,24
1595,8,9,13,14,18,19,23,24
1596,8,9,13,14,18,19,23,24
1597,8,9,13,14,18,19,23,24
1598,8,9,13,14,18,19,23,24
1599,8,9,13,14,18,19,23,24
1600,8,9,13,14,18,19,23,24
1601,8,9,13,14,18,19,23,24
1602,8,9,13,14,18,19,23,24
1603,8,9,13,14,18,19,23,24
1604,8,9,13,14,18,19,23,24
1605,8,9,13,14,18,19,23,24
1606,8,9,13,14,18,19,23,24
1607,8,9,13,14,18,19,23,24
1608,8,9,13,14,18,19,23,24
1609,8,9,13,14,15,18,19,23,24
1610,8,9,13,14,15,18,19,23,24
1611,8,9,13,14,15,18,19,20,24
1612,8,9,13,14,15,18,19,20,24
1613,8,9,10,13,14,15,18,19,20,24
1614,8,9,10,13,14,15,18,19,20,24
1615,8,9,10,13,14,15,18,19,20,24
1616,8,9,10,13,14,15,18,19,20,24
1617,9,10,13,14,15,18,19,20,24
1618,9,10,13,14,15,18,19,20,24
1619,9,10,14,15,19,20,24
1620,9,10,14,15,19,20,24
1621,9,10,14,15,19,20,24,25
1622,9,10,14,15,19,20,24,25
1623,9,10,14,15,19,20,24,25
1624,9,10,14,15,19,20,24,25
1625,9,10,14,15,19,20,24,25
1626,9,10,14,15,19,20,24,25
1627,9,10,14,15,19,20,24,25
1628,9,10,14,15,19,20,24,25
1629,9,10,14,15,19,20,24,25
1630,9,10,14,15,19,20,24,25
1631,9,10,14,15,19,20,24,25
1632,9,10,14,15,19,20,24,25
1633,9,10,14,15,19,20,24,25
1634,9,10,14,15,19,20,24,25
1635,9,10,14,15,19,20,25
1636,9,10,14,15,19,20,25
1637,9,10,14,15,19,20,25
1638,9,10,14,15,19,20,25
1639,9,10,14,15,19,20,25
1640,9,10,14,15,19,20,25
1641,9,10,11,14,15,19,20,25
1642,9,10,11,14,15,19,20,25
1643,9,10,11,14,15,19,20
1644,9,10,11,14,15,19,20
1645,6,9,10,11,14,15,16,19,20
1646,6,9,10,11,14,15,16,19,20
1647,6,9,10,11,14,15,16,19,20
1648,6,9,10,11,14,15,16,19,20
1649,6,9,10,11,14,15,16,19,20
1650,6,9,10,11,14,15,16,19,20
1651,6,9,10,11,14,15,16,19,20
1652,6,9,10,11,14,15,16,19,20
1653,6,9,10,11,14,15,16,19,20,25
1654,6,9,10,11,14,15,16,19,20,25
1655,6,9,10,11,14,15,16,19,20,25
1656,6,9,10,11,14,15,16,19,20,25
1657,6,9,10,11,14,15,16,19,20,25
1658,6,9,10,11,14,15,16,19,20,25
1659,6,10,11,14,15,16,19,20,25
1660,6,10,11,14,15,16,19,20,25
1661,6,10,11,14,15,16,20,25
1662,6,10,11,14,15,16,20,25
1663,6,10,11,15,16,20,25
1664,6,10,11,15,16,20,25
1665,6,10,11,15,16,20,25
1666,6,10,11,15,16,20,25
1667,6,10,11,15,16,20,25
1668,6,10,11,15,16,20,25
1669,6,10,11,15,16,20
1670,6,10,11,15,16,20
1671,6,10,11,15,16,20,25
1672,6,10,11,15,16,20,25
1673,6,10,11,15,16,20,25
1674,6,10,11,15,16,20,25
1675,6,10,11,15,16,20,25
1676,6,10,11,15,16,20,25
1677,6,10,11,15,16,20,25
1678,6,10,11,15,16,20,25
1679,6,10,11,15,16,20,25
1680,6,10,11,15,16,20,25
1681,6,10,11,15,16,20,25
1682,6,10,11,15,16,20,25
1683,6,10,11,15,16,20,25
1684,6,10,11,15,16,20,25
1685,6,10,11,15,16,20,25
1686,6,10,11,15,16,20,25
1687,6,10,11,15,16,20,25
1688,6,10,11,15,16,20,25
1689,6,10,11,15,16,20,25
1690,6,10,11,15,16,20,25
1691,6,10,11,15,16,20,25
1692,6,10,11,15,16,20,25
1693,6,10,11,14,15,16,20,25
1694,6,10,11,14,15,16,20,25
1695,6,10,11,14,15,16,19,20,25
1696,6,10,11,14,15,16,19,20,25
1697,6,10,11,14,15,16,19,20,25
1698,6,10,11,14,15,16,19,20,25
1699,6,10,11,14,15,16,19,20,25
1700,6,10,11,14,15,16,19,20,25
1701,6,10,11,14,15,16,19,20,25
1702,6,10,11,14,15,16,19,20,25
1703,6,10,11,14,15,16,19,20,25
1704,6,10,11,14,15,16,19,20,25
1705,6,10,11,14,15,16,19,20,25
1706,6,10,11,14,15,16,19,20,25
1707,6,10,11,14,15,16,19,20,21,25
1708,6,10,11,14,15,16,19,20,21,25
1709,6,10,11,14,15,16,19,20,21,25
1710,6,10,11,14,15,16,19,20,21,25
1711,6,10,11,15,16,20,21,25
1712,6,10,11,15,16,20,21,25
1713,6,10,11,15,16,20,21,25
1714,6,10,11,15,16,20,21,25
1715,6,10,11,15,16,20,21,25
1716,6,10,11,15,16,20,21,25
1717,6,10,11,15,16,20,21,25
1718,6,10,11,15,16,20,21,25
1719,6,10,11,15,16,20,21,25
1720,6,10,11,15,16,20,21,25
1721,6,10,11,15,16,20,21,25
1722,6,10,11,15,16,20,21,25
1723,6,10,11,15,16,20,21,25
1724,6,10,11,15,16,20,21,25
1725,10,11,14,15,16,19,20,21,25
1726,10,11,14,15,16,19,20,21,25
1727,10,11,14,15,16,19,20,21,25
1728,10,11,14,15,16,19,20,21,25
1729,10,11,15,16,19,20,21,25
1730,10,11,15,16,19,20,21,25
1731,10,11,15,16,20,21,25
1732,10,11,15,16,20,21,25
1733,6,10,11,15,16,20,21,25
1734,6,10,11,15,16,20,21,25
1735,6,10,11,15,16,20,21,25
1736,6,10,11,15,16,20,21,25
1737,6,10,11,15,16,20,21,25
1738,6,10,11,15,16,20,21,25
1739,6,10,11,15,16,20,21,25
1740,6,10,11,15,16,20,21,25
1741,6,10,11,15,16,20,21,25
1742,6,10,11,15,16,20,21,25
1743,6,10,11,15,16,20,21,25
1744,6,10,11,15,16,20,21,25
1745,6,10,11,15,16,20,21,25
1746,6,10,11,15,16,20,21,25
1747,6,10,11,15,16,20,21,25
1748,6,10,11,15,16,20,21,25
1749,6,10,11,15,16,20,21,25
1750,6,10,11,15,16,20,21,25
1751,6,10,11,15,16,20,21,25
1752,6,10,11,15,16,20,21,25
1753,6,10,11,15,16,20
1754,6,10,11,15,16,20
1755,6,10,11,15,16,20
1756,6,10,11,15,16,20
1757,1,6,10,11,15,16,20
1758,1,6,10,11,15,16,20
1759,1,6,10,11,15,16,20
1760,1,6,10,11,15,16,20
1761,1,6,10,11,15,16,20
1762,1,6,10,11,15,16,20
1763,6,10,11,15,16,20
1764,6,10,11,15,16,20
1765,6,10,11,15,16,20
1766,6,10,11,15,16,20
1767,6,10,11,15,16,20
1768,6,10,11,15,16,20
1769,6,10,11,15,16,20
1770,6,10,11,15,16,20
1771,6,10,11,15,16,20
1772,6,10,11,15,16,20
1773,6,10,11,15,16,20
1774,6,10,11,15,16,20
1775,6,10,11,15,16,20
1776,6,10,11,15,16,20
1777,6,10,11,15,16,20
1778,6,10,11,15,16,20
1779,1,6,10,11,15,16,20
1780,1,6,10,11,15,16,20
1781,1,6,10,11,15,16,20
1782,1,6,10,11,15,16,20
1783,1,6,10,11,15,16,20
1784,1,6,10,11,15,16,20
1785,6,10,11,15,16,20
1786,6,10,11,15,16,20
1787,6,10,11,15,16,20
1788,6,10,11,15,16,20
1789,6,10,11,15,16,20
1790,6,10,11,15,16,20
1791,6,10,11,15,16,20
1792,6,10,11,15,16,20
1793,6,10,11,15,16,20
1794,6,10,11,15,16,20
1795,6,10,11,15,16,20
1796,6,10,11,15,16,20
1797,1,6,10,11,15,16,20
1798,1,6,10,11,15,16,20
1799,1,6,10,11,15,16,20
1800,1,6,10,11,15,16,20
