1,3,7,8,9,12,13,14,17,18,19
2,3,7,8,9,12,13,14,17,18,19
3,3,7,8,9,12,13,14,17,18,19
4,3,7,8,9,12,13,14,17,18,19
5,3,7,8,9,12,13,14,17,18,19
6,3,7,8,9,12,13,14,17,18,19
7,3,7,8,9,12,13,14,17,18,19
8,3,7,8,9,12,13,14,17,18,19
9,3,7,8,9,12,13,14,17,18,19
10,3,7,8,9,12,13,14,17,18,19
11,3,7,8,9,12,13,14,17,18,19
12,3,7,8,9,12,13,14,17,18,19
13,3,7,8,9,12,13,14,17,18,19
14,3,7,8,9,12,13,14,17,18,19
15,3,7,8,9,12,13,14,17,18,19
16,3,7,8,9,12,13,14,17,18,19
17,3,7,8,9,12,13,14,17,18,19
18,3,7,8,9,12,13,14,17,18,19
19,3,7,8,9,12,13,14,17,18,19
20,3,7,8,9,12,13,14,17,18,19
21,3,7,8,9,12,13,14,17,18,19
22,3,7,8,9,12,13,14,17,18,19
23,3,7,8,9,12,13,14,17,18,19
24,3,7,8,9,12,13,14,17,18,19
25,3,7,8,9,12,13,14,17,18,19
26,3,7,8,9,12,13,14,17,18,19
27,3,7,8,9,12,13,14,17,18,19
28,3,7,8,9,12,13,14,17,18,19
29,3,7,8,9,12,13,14,17,18,19
30,3,7,8,9,12,13,14,17,18,19
31,3,7,8,9,12,13,14,17,18,19
32,3,7,8,9,12,13,14,17,18,19
33,7,8,12,13,17,18
34,7,8,12,13,17,18
35,7,8,12,13,17,18
36,7,8,12,13,17,18
37,7,8,11,12,13,17,18,22
38,7,8,11,12,13,17,18,22
39,6,7,8,11,12,13,16,17,18,22
40,6,7,8,11,12,13,16,17,18,22
41,6,7,8,11,12,13,16,17,18,22
42,6,7,8,11,12,13,16,17,18,22
43,6,7,8,11,12,13,16,17,18,22
44,6,7,8,11,12,13,16,17,18,22
45,6,7,8,11,12,13,16,17,18,22
46,6,7,8,11,12,13,16,17,18,22
47,6,7,11,12,13,16,17,18,22
48,6,7,11,12,13,16,17,18,22
49,6,7,11,12,13,16,17,18,21,22
50,6,7,11,12,13,16,17,18,21,22
51,6,7,11,12,13,16,17,18,21,22
52,6,7,11,12,13,16,17,18,21,22
53,6,7,11,12,16,17,21,22
54,6,7,11,12,16,17,21,22
55,6,7,11,12,16,17,21,22
56,6,7,11,12,16,17,21,22
57,6,7,11,12,16,17,21,22
58,6,7,11,12,16,17,21,22
59,6,7,11,12,16,17,21,22
60,6,7,11,12,16,17,21,22
61,6,7,11,12,16,17,21,22
62,6,7,11,12,16,17,21,22
63,6,7,11,12,16,17,21,22
64,6,7,11,12,16,17,21,22
65,6,7,11,12,15,16,17,20,21,22
66,6,7,11,12,15,16,17,20,21,22
67,6,7,11,12,15,16,17,20,21,22
68,6,7,11,12,15,16,17,20,21,22
69,6,10,11,12,15,16,17,20,21,25
70,6,10,11,12,15,16,17,20,21,25
71,6,10,11,12,15,16,17,20,21,25
72,6,10,11,12,15,16,17,20,21,25
73,6,10,11,12,15,16,17,20,21,25
74,6,10,11,12,15,16,17,20,21,25
75,6,10,11,12,15,16,17,20,21,25
76,6,10,11,12,15,16,17,20,21,25
77,6,10,11,12,15,16,17,20,21,25
78,6,10,11,12,15,16,17,20,21,25
79,6,10,11,12,15,16,17,20,21,25
80,6,10,11,12,15,16,17,20,21,25
81,6,10,11,15,16,20,21,25
82,6,10,11,15,16,20,21,25
83,6,10,11,15,16,20,21,25
84,6,10,11,15,16,20,21,25
85,6,10,11,15,16,20,21,25
86,6,10,11,15,16,20,21,25
87,6,10,11,15,16,20,21,25
88,6,10,11,15,16,20,21,25
89,6,10,11,15,16,20,21,25
90,6,10,11,15,16,20,21,25
91,6,10,11,15,16,20,21,25
92,6,10,11,15,16,20,21,25
93,6,10,11,15,16,20,21,25
94,6,10,11,15,16,20,21,25
95,6,10,11,15,16,20,21,25
96,6,10,11,15,16,20,21,25
97,6,10,11,15,16,20,21,25
98,6,10,11,15,16,20,21,25
99,6,10,11,15,16,20,21,25
100,6,10,11,15,16,20,21,25
101,6,10,11,15,16,20,21,25
102,6,10,11,15,16,20,21,25
103,6,10,11,15,16,20,21,25
104,6,10,11,15,16,20,21,25
105,6,10,11,15,16,20,21,25
106,6,10,11,15,16,20,21,25
107,6,10,11,15,16,20,21,25
108,6,10,11,15,16,20,21,25
109,6,10,11,15,16,20,21,25
110,6,10,11,15,16,20,21,25
111,6,10,11,15,16,20,21
112,6,10,11,15,16,20,21
113,6,7,10,11,12,15,16,17,20,21
114,6,7,10,11,12,15,16,17,20,21
115,6,7,10,11,12,15,16,17,20,21
116,6,7,11,12,16,17,21
117,6,7,11,12,16,17,21
118,6,7,11,12,16,17
119,6,7,11,12,16,17
120,6,7,11,12,16,17
121,6,7,11,12,16,17
122,6,7,11,12,16,17
123,6,7,11,12,16,17
124,6,7,11,12,13,16,17
125,6,7,11,12,13,16,17
126,6,7,8,11,12,13,16,17,18
127,6,7,8,11,12,13,16,17,18
128,6,7,8,11,12,13,16,17,18
129,6,7,8,11,12,13,16,17,18
130,7,8,12,13,17,18
131,7,8,12,13,17,18
132,7,8,12,13,17,18
133,7,8,12,13,17,18
134,3,7,8,12,13,17,18
135,3,7,8,12,13,17,18
136,7,8,12,13,17,18
137,7,8,12,13,17,18
138,7,8,12,13,17,18
139,7,8,12,13,17,18
140,7,8,9,12,13,14,17,18,19
141,7,8,9,12,13,14,17,18,19
142,7,8,9,12,13,14,17,18,19
143,7,8,9,12,13,14,17,18,19
144,7,8,9,12,13,14,17,18,19
145,7,8,9,12,13,14,17,18,19
146,7,8,9,12,13,14,17,18,19
147,7,8,9,12,13,14,17,18,19
148,8,9,12,13,14,18,19
149,8,9,12,13,14,18,19
150,8,9,13,14,18,19
151,8,9,13,14,18,19
152,8,9,13,14,18,19
153,8,9,13,14,18,19
154,8,9,13,14,18,19
155,8,9,13,14,18,19
156,8,9,13,14,18,19
157,8,9,13,14,18,19
158,8,9,13,14,18,19
159,8,9,13,14,18,19
160,8,9,13,14,18,19
161,8,9,13,14,18,19
162,8,9,13,14,18,19
163,8,9,13,14,18,19
164,8,9,13,14,18,19
165,8,9,13,14,18,19
166,8,9,13,14,18,19
167,8,9,13,14,18,19
168,8,9,13,14,18,19
169,8,9,13,14,18,19
170,8,9,13,14,15,18,19
171,8,9,13,14,15,18,19
172,8,9,10,13,14,15,18,19,20
173,8,9,10,13,14,15,18,19,20
174,8,9,10,13,14,15,18,19,20
175,8,9,10,13,14,15,18,19,20
176,8,9,10,13,14,15,18,19,20
177,8,9,10,13,14,15,18,19,20
178,8,9,10,13,14,15,18,19,20
179,8,9,10,13,14,15,18,19,20
180,8,9,10,13,14,15,18,19,20
181,8,9,10,13,14,15,18,19,20
182,4,8,9,10,13,14,15,18,19,20
183,4,8,9,10,13,14,15,18,19,20
184,4,8,9,10,13,14,15,18,19,20
185,4,8,9,10,13,14,15,18,19,20
186,4,8,9,10,13,14,15,18,19,20
187,4,8,9,10,13,14,15,18,19,20
188,4,8,9,10,13,14,15,18,19,20
189,4,8,9,10,13,14,15,18,19,20
190,4,8,9,10,13,14,15,18,19,20
191,4,8,9,10,13,14,15,18,19,20
192,4,8,9,10,13,14,15,18,19,20
193,4,8,9,10,13,14,15,18,19,20
194,4,8,9,10,13,14,15,18,19,20
195,4,8,9,10,13,14,15,18,19,20
196,8,9,10,13,14,15,18,19,20
197,8,9,10,13,14,15,18,19,20
198,4,9,10,13,14,15,19,20
199,4,9,10,13,14,15,19,20
200,4,9,10,14,15,19,20
201,4,9,10,14,15,19,20
202,4,9,10,14,15,19,20
203,4,9,10,14,15,19,20
204,4,9,10,14,15,19,20
205,4,9,10,14,15,19,20
206,9,10,14,15,19,20
207,9,10,14,15,19,20
208,9,10,14,15,19,20
209,9,10,14,15,19,20
210,4,9,10,14,15,19,20
211,4,9,10,14,15,19,20
212,4,5,9,10,14,15,19,20
213,4,5,9,10,14,15,19,20
214,4,5,9,10,14,15,19,20
215,4,5,9,10,14,15,19,20
216,4,5,9,10,14,15,19,20
217,4,5,9,10,14,15,19,20
218,4,5,9,10,14,15,19,20
219,4,5,9,10,14,15,19,20
220,4,5,9,10,14,15,19,20
221,4,5,9,10,14,15,19,20
222,4,5,9,10,14,15,19,20
223,4,5,9,10,14,15,19,20
224,4,5,9,10,14,15,19,20
225,4,5,9,10,14,15,19,20
226,4,8,9,10,13,14,15,19,20
227,4,8,9,10,13,14,15,19,20
228,4,8,9,10,13,14,15,18,19
229,4,8,9,10,13,14,15,18,19
230,4,8,9,13,14,18,19
231,4,8,9,13,14,18,19
232,3,4,8,9,13,14,18,19
233,3,4,8,9,13,14,18,19
234,3,4,8,9,13,14,18,19
235,3,4,8,9,13,14,18,19
236,3,7,8,9,12,13,14,18,19
237,3,7,8,9,12,13,14,18,19
238,3,7,8,9,12,13,14,17,18,19
239,3,7,8,9,12,13,14,17,18,19
240,3,7,8,9,12,13,14,17,18,19
241,3,7,8,9,12,13,14,17,18,19
242,3,7,8,9,12,13,14,17,18,19
243,3,7,8,9,12,13,14,17,18,19
244,3,7,8,9,12,13,14,17,18
245,3,7,8,9,12,13,14,17,18
246,3,7,8,9,12,13,14,17,18
247,3,7,8,9,12,13,14,17,18
248,3,7,8,9,12,13,14,17,18
249,3,7,8,9,12,13,14,17,18
250,3,7,8,9,12,13,14,17,18
251,3,7,8,9,12,13,14,17,18
252,3,7,8,9,12,13,14,17,18
253,3,7,8,9,12,13,14,17,18
254,3,7,8,12,13,14,17,18
255,3,7,8,12,13,14,17,18
256,3,7,8,12,13,17,18
257,3,7,8,12,13,17,18
258,3,7,8,12,13,17,18
259,3,7,8,12,13,17,18
260,3,7,8,12,13,17,18
261,3,7,8,12,13,17,18
262,2,3,7,8,12,13,17,18
263,2,3,7,8,12,13,17,18
264,2,3,7,8,12,13,17,18
265,2,3,7,8,12,13,17,18
266,2,3,7,8,12,13,17,18
267,2,3,7,8,12,13,17,18
268,2,3,7,8,12,13,17,18
269,2,3,7,8,12,13,17,18
270,2,3,7,8,12,13,17,18
271,2,3,7,8,12,13,17,18
272,2,3,7,8,12,13,17,18
273,2,3,7,8,12,13,17,18
274,2,3,7,8,12,13,17,18
275,2,3,7,8,12,13,17,18
276,2,3,7,8,12,13,17,18
277,2,3,7,8,12,13,17,18
278,2,3,7,8,12,13,17,18
279,2,3,7,8,12,13,17,18
280,2,3,7,8,12,13,17,18
281,2,3,7,8,12,13,17,18
282,2,3,7,8,12,13,17,18
283,2,3,7,8,12,13,17,18
284,2,3,7,8,12,13,17,18
285,2,3,7,8,12,13,17,18
286,2,3,7,8,12,13,17,18
287,2,3,7,8,12,13,17,18
288,2,3,7,8,12,13,17,18
289,2,3,7,8,12,13,17,18
290,2,7,8,12,13,17,18
291,2,7,8,12,13,17,18
292,2,6,7,8,11,12,13,17,18
293,2,6,7,8,11,12,13,17,18
294,2,6,7,8,11,12,13,16,17,18
295,2,6,7,8,11,12,13,16,17,18
296,2,6,7,8,11,12,13,16,17,18
297,2,6,7,8,11,12,13,16,17,18
298,2,6,7,8,11,12,13,16,17
299,2,6,7,8,11,12,13,16,17
300,2,6,7,8,11,12,13,16,17
301,2,6,7,8,11,12,13,16,17
302,2,6,7,8,11,12,13,16,17
303,2,6,7,8,11,12,13,16,17
304,2,6,7,8,11,12,13,16,17
305,2,6,7,8,11,12,13,16,17
306,2,6,7,8,11,12,13,16,17
307,2,6,7,8,11,12,13,16,17
308,2,6,7,8,11,12,13,16,17
309,2,6,7,8,11,12,13,16,17
310,2,6,7,8,11,12,13,16,17
311,2,6,7,8,11,12,13,16,17
312,2,6,7,8,11,12,13,16,17
313,2,6,7,8,11,12,13,16,17
314,2,6,7,8,11,12,13,16,17
315,2,6,7,8,11,12,13,16,17
316,2,6,7,8,11,12,13,16,17
317,2,6,7,8,11,12,13,16,17
318,2,6,7,8,11,12,13,16,17
319,2,6,7,8,11,12,13,16,17
320,2,6,7,8,11,12,13,16,17
321,2,6,7,8,11,12,13,16,17
322,2,6,7,8,11,12,13,16,17
323,2,6,7,8,11,12,13,16,17
324,2,6,7,8,11,12,13,16,17,18
325,2,6,7,8,11,12,13,16,17,18
326,2,6,7,8,11,12,13,16,17,18
327,2,6,7,8,11,12,13,16,17,18
328,2,7,8,12,13,17,18
329,2,7,8,12,13,17,18
330,2,3,7,8,12,13,17,18
331,2,3,7,8,12,13,17,18
332,3,7,8,12,13,17,18
333,3,7,8,12,13,17,18
334,3,7,8,12,13,17,18
335,3,7,8,12,13,17,18
336,3,7,8,12,13,14,17,18
337,3,7,8,12,13,14,17,18
338,3,7,8,9,12,13,14,17,18,19
339,3,7,8,9,12,13,14,17,18,19
340,3,7,8,9,12,13,14,17,18,19
341,3,7,8,9,12,13,14,17,18,19
342,3,7,8,9,12,13,14,17,18,19
343,3,7,8,9,12,13,14,17,18,19
344,3,7,8,9,12,13,14,17,18,19
345,3,7,8,9,12,13,14,17,18,19
346,3,7,8,9,12,13,14,17,18,19
347,3,7,8,9,12,13,14,17,18,19
348,3,7,8,9,12,13,14,17,18,19
349,3,7,8,9,12,13,14,17,18,19
350,3,7,8,9,12,13,14,17,18,19
351,3,7,8,9,12,13,14,17,18,19
352,3,7,8,9,12,13,14,17,18,19
353,3,7,8,9,12,13,14,17,18,19
354,3,7,8,9,12,13,14,17,18,19
355,3,7,8,9,12,13,14,17,18,19
356,3,7,8,9,12,13,14,17,18,19
357,3,7,8,9,12,13,14,17,18,19
358,3,7,8,9,12,13,14,17,18,19
359,3,7,8,9,12,13,14,17,18,19
360,3,7,8,9,12,13,14,17,18,19
361,3,7,8,9,12,13,14,17,18,19
362,3,7,8,9,12,13,14,17,18,19
363,3,7,8,9,12,13,14,17,18,19
364,3,7,8,9,12,13,14,17,18,19
365,3,7,8,9,12,13,14,17,18,19
366,3,7,8,9,12,13,14,17,18,19
367,3,7,8,9,12,13,14,17,18,19
368,3,7,8,9,12,13,14,17,18,19
369,3,7,8,9,12,13,14,17,18,19
370,3,7,8,9,12,13,14,17,18,19
371,3,7,8,9,12,13,14,17,18,19
372,3,7,8,9,12,13,14,17,18,19
373,3,7,8,9,12,13,14,17,18,19
374,3,7,8,9,12,13,14,17,18,19
375,3,7,8,9,12,13,14,17,18,19
376,3,7,8,9,12,13,14,17,18,19
377,3,7,8,9,12,13,14,17,18,19
378,3,7,8,9,12,13,14,17,18,19
379,3,7,8,9,12,13,14,17,18,19
380,3,7,8,9,12,13,14,17,18,19
381,3,7,8,9,12,13,14,17,18,19
382,3,7,8,9,12,13,14,17,18,19
383,3,7,8,9,12,13,14,17,18,19
384,3,7,8,9,12,13,14,17,18,19
385,3,7,8,9,12,13,14,17,18,19
386,3,7,8,9,12,13,14,17,18,19
387,3,7,8,9,12,13,14,17,18,19
388,3,7,8,9,12,13,14,17,18,19
389,3,7,8,9,12,13,14,17,18,19
390,3,7,8,9,12,13,14,17,18,19
391,3,7,8,9,12,13,14,17,18,19
392,3,7,8,9,12,13,14,17,18,19
393,3,7,8,9,12,13,14,17,18,19
394,3,7,8,9,12,13,14,17,18,19
395,3,7,8,9,12,13,14,17,18,19
396,3,7,8,9,12,13,14,17,18,19
397,3,7,8,9,12,13,14,17,18,19
398,3,7,8,9,12,13,14,17,18,19
399,3,7,8,9,12,13,14,17,18,19
400,3,7,8,9,12,13,14,18,19
401,3,7,8,9,12,13,14,18,19
402,3,7,8,9,12,13,14,18,19
403,3,7,8,9,12,13,14,18,19
404,3,7,8,9,12,13,14,18,19
405,3,7,8,9,12,13,14,18,19
406,3,7,8,9,12,13,14,17,18,19
407,3,7,8,9,12,13,14,17,18,19
408,3,7,8,9,12,13,14,17,18,19
409,3,7,8,9,12,13,14,17,18,19
410,3,7,8,9,12,13,14,17,18,19
411,3,7,8,9,12,13,14,17,18,19
412,3,7,8,9,12,13,14,17,18,19
413,3,7,8,9,12,13,14,17,18,19
414,3,7,8,9,12,13,14,17,18,19
415,3,7,8,9,12,13,14,17,18,19
416,3,7,8,9,12,13,14,17,18,19
417,3,7,8,9,12,13,14,17,18,19
418,3,7,8,9,12,13,14,17,18,19
419,3,7,8,9,12,13,14,17,18,19
420,3,7,8,9,12,13,14,17,18,19
421,3,7,8,9,12,13,14,17,18,19
422,3,7,8,9,12,13,14,18,19
423,3,7,8,9,12,13,14,18,19
424,3,7,8,9,12,13,14,18,19
425,3,7,8,9,12,13,14,18,19
426,3,7,8,9,12,13,14,18,19
427,3,7,8,9,12,13,14,18,19
428,3,7,8,9,12,13,14,18,19
429,3,7,8,9,12,13,14,18,19
430,3,7,8,9,12,13,14,18,19
431,3,7,8,9,12,13,14,18,19
432,3,7,8,9,12,13,14,18,19
433,3,7,8,9,12,13,14,18,19
434,3,7,8,9,12,13,14,18,19
435,3,7,8,9,12,13,14,18,19
436,3,7,8,9,12,13,14,18,19
437,3,7,8,9,12,13,14,18,19
438,3,7,8,9,12,13,14,18,19
439,3,7,8,9,12,13,14,18,19
440,3,7,8,9,12,13,14,18,19
441,3,7,8,9,12,13,14,18,19
442,3,7,8,9,12,13,14,18,19
443,3,7,8,9,12,13,14,18,19
444,3,7,8,9,12,13,14,18,19
445,3,7,8,9,12,13,14,18,19
446,3,7,8,9,12,13,14,18,19
447,3,7,8,9,12,13,14,18,19
448,3,7,8,9,12,13,14,18,19
449,3,7,8,9,12,13,14,18,19
450,3,7,8,9,12,13,14,18,19
451,3,7,8,9,12,13,14,18,19
452,3,7,8,9,12,13,14,18,19
453,3,7,8,9,12,13,14,18,19
454,3,7,8,9,12,13,14,18,19
455,3,7,8,9,12,13,14,18,19
456,3,7,8,9,12,13,14,18,19
457,3,7,8,9,12,13,14,18,19
458,3,7,8,9,12,13,14,18,19
459,3,7,8,9,12,13,14,18,19
460,3,4,7,8,9,12,13,14,18,19
461,3,4,7,8,9,12,13,14,18,19
462,3,4,7,8,9,12,13,14,18,19
463,3,4,7,8,9,12,13,14,18,19
464,3,4,7,8,9,12,13,14,18,19
465,3,4,7,8,9,12,13,14,18,19
466,3,4,7,8,9,12,13,14,18,19
467,3,4,7,8,9,12,13,14,18,19
468,3,4,7,8,9,12,13,14,18,19
469,3,4,7,8,9,12,13,14,18,19
470,3,4,7,8,9,12,13,14,18,19
471,3,4,7,8,9,12,13,14,18,19
472,3,4,7,8,9,12,13,14,18,19
473,3,4,7,8,9,12,13,14,18,19
474,3,4,7,8,9,12,13,14,18,19
475,3,4,7,8,9,12,13,14,18,19
476,3,4,7,8,9,12,13,14,18,19
477,3,4,7,8,9,12,13,14,18,19
478,3,4,7,8,9,12,13,14,18,19
479,3,4,7,8,9,12,13,14,18,19
480,3,4,7,8,9,12,13,14,18,19
481,3,4,7,8,9,12,13,14,18,19
482,3,4,7,8,9,12,13,14,18,19
483,3,4,7,8,9,12,13,14,18,19
484,3,4,7,8,9,12,13,14,18,19
485,3,4,7,8,9,12,13,14,18,19
486,3,4,7,8,9,12,13,14,18,19
487,3,4,7,8,9,12,13,14,18,19
488,3,4,7,8,9,12,13,14,18,19
489,3,4,7,8,9,12,13,14,18,19
490,3,4,7,8,9,12,13,14,18,19
491,3,4,7,8,9,12,13,14,18,19
492,3,4,7,8,9,12,13,14,18,19
493,3,4,7,8,9,12,13,14,18,19
494,3,4,7,8,9,12,13,14,18,19
495,3,4,7,8,9,12,13,14,18,19
496,3,4,7,8,9,12,13,14,18,19
497,3,4,7,8,9,12,13,14,18,19
498,3,4,7,8,9,12,13,14,18,19
499,3,4,7,8,9,12,13,14,18,19
500,3,4,7,8,9,12,13,14,18,19
501,3,4,7,8,9,12,13,14,18,19
502,3,7,8,9,12,13,14,18,19
503,3,7,8,9,12,13,14,18,19
504,3,7,8,9,12,13,14,18,19
505,3,7,8,9,12,13,14,18,19
506,3,7,8,9,12,13,14,18,19
507,3,7,8,9,12,13,14,18,19
508,3,7,8,9,12,13,14,18,19
509,3,7,8,9,12,13,14,18,19
510,3,7,8,9,12,13,14,18,19
511,3,7,8,9,12,13,14,18,19
512,3,7,8,9,12,13,14,18,19
513,3,7,8,9,12,13,14,18,19
514,3,7,8,9,12,13,14,17,18,19
515,3,7,8,9,12,13,14,17,18,19
516,3,7,8,9,12,13,14,17,18,19
517,3,7,8,9,12,13,14,17,18,19
518,3,7,8,9,12,13,14,17,18,19
519,3,7,8,9,12,13,14,17,18,19
520,7,8,9,12,13,14,17,18,19
521,7,8,9,12,13,14,17,18,19
522,7,8,9,12,13,14,17,18,19,23
523,7,8,9,12,13,14,17,18,19,23
524,7,8,9,12,13,14,17,18,19,23
525,7,8,9,12,13,14,17,18,19,23
526,8,9,12,13,14,17,18,19,23,24
527,8,9,12,13,14,17,18,19,23,24
528,8,9,12,13,14,17,18,19,23,24
529,8,9,12,13,14,17,18,19,23,24
530,8,9,12,13,14,17,18,19,23,24
531,8,9,12,13,14,17,18,19,23,24
532,8,9,12,13,14,17,18,19,23,24
533,8,9,12,13,14,17,18,19,23,24
534,8,9,12,13,14,17,18,19,23,24
535,8,9,12,13,14,17,18,19,23,24
536,8,9,12,13,14,17,18,19,23,24
537,8,9,12,13,14,17,18,19,23,24
538,8,9,12,13,14,17,18,19,23,24
539,8,9,12,13,14,17,18,19,23,24
540,8,9,12,13,14,17,18,19,23,24
541,8,9,12,13,14,17,18,19,23,24
542,8,9,12,13,14,17,18,19,23,24
543,8,9,12,13,14,17,18,19,23,24
544,8,9,12,13,14,17,18,19,23,24
545,8,9,12,13,14,17,18,19,23,24
546,8,9,12,13,14,17,18,19,23,24
547,8,9,12,13,14,17,18,19,23,24
548,8,9,12,13,14,17,18,19,23,24
549,8,9,12,13,14,17,18,19,23,24
550,8,9,12,13,14,17,18,19,23,24
551,8,9,12,13,14,17,18,19,23,24
552,8,9,12,13,14,17,18,19,23,24
553,8,9,12,13,14,17,18,19,23,24
554,8,9,12,13,14,17,18,19,23,24
555,8,9,12,13,14,17,18,19,23,24
556,8,9,12,13,14,17,18,19,23
557,8,9,12,13,14,17,18,19,23
558,8,9,12,13,14,17,18,19,23
559,8,9,12,13,14,17,18,19,23
560,8,9,12,13,14,17,18,19,23
561,8,9,12,13,14,17,18,19,23
562,8,9,12,13,14,17,18,19,23
563,8,9,12,13,14,17,18,19,23
564,8,9,12,13,14,17,18,19,23
565,8,9,12,13,14,17,18,19,23
566,8,9,12,13,14,17,18,19,23
567,8,9,12,13,14,17,18,19,23
568,8,9,12,13,14,17,18,19,23
569,8,9,12,13,14,17,18,19,23
570,8,9,12,13,14,17,18,19,23
571,8,9,12,13,14,17,18,19,23
572,8,9,12,13,14,17,18,19,23
573,8,9,12,13,14,17,18,19,23
574,8,9,12,13,14,17,18,19,23
575,8,9,12,13,14,17,18,19,23
576,8,9,12,13,14,17,18,19,23
577,8,9,12,13,14,17,18,19,23
578,8,9,12,13,14,17,18,19,23
579,8,9,12,13,14,17,18,19,23
580,8,9,12,13,14,17,18,19,23
581,8,9,12,13,14,17,18,19,23
582,8,9,12,13,14,17,18,19,23
583,8,9,12,13,14,17,18,19,23
584,8,9,12,13,14,17,18,19,23
585,8,9,12,13,14,17,18,19,23
586,8,9,12,13,14,17,18,19,23
587,8,9,12,13,14,17,18,19,23
588,8,9,12,13,14,17,18,19,23
589,8,9,12,13,14,17,18,19,23
590,8,9,12,13,14,17,18,19,23
591,8,9,12,13,14,17,18,19,23
592,8,9,12,13,14,17,18,19,23
593,8,9,12,13,14,17,18,19,23
594,8,9,12,13,14,17,18,19,23
595,8,9,12,13,14,17,18,19,23
596,8,9,12,13,14,17,18,19,23
597,8,9,12,13,14,17,18,19,23
598,8,9,12,13,14,17,18,19,23
599,8,9,12,13,14,17,18,19,23
600,8,9,12,13,14,17,18,19,23
601,8,9,12,13,14,17,18,19,23
602,8,9,12,13,14,18,19,23
603,8,9,12,13,14,18,19,23
604,8,9,13,14,18,19,23
605,8,9,13,14,18,19,23
606,8,9,13,14,18,19,23
607,8,9,13,14,18,19,23
608,8,9,13,14,18,19,23,24
609,8,9,13,14,18,19,23,24
610,8,9,13,14,18,19,23,24
611,8,9,13,14,18,19,23,24
612,8,9,13,14,18,19,23,24
613,8,9,13,14,18,19,23,24
614,8,9,13,14,18,19,23,24
615,8,9,13,14,18,19,23,24
616,8,9,13,14,18,19,23,24
617,8,9,13,14,18,19,23,24
618,8,9,13,14,18,19,23,24
619,8,9,13,14,18,19,23,24
620,8,9,13,14,18,19,23,24
621,8,9,13,14,18,19,23,24
622,8,9,13,14,18,19,23,24
623,8,9,13,14,18,19,23,24
624,8,9,13,14,18,19,23,24
625,8,9,13,14,18,19,23,24
626,8,9,13,14,18,19,23,24
627,8,9,13,14,18,19,23,24
628,8,9,13,14,18,19,23,24
629,8,9,13,14,18,19,23,24
630,8,9,13,14,18,19,23,24
631,8,9,13,14,18,19,23,24
632,8,9,13,14,18,19,23,24
633,8,9,13,14,18,19,23,24
634,8,9,13,14,18,19,23,24
635,8,9,13,14,18,19,23,24
636,8,9,13,14,18,19,23,24
637,8,9,13,14,18,19,23,24
638,8,9,13,14,18,19,23,24
639,8,9,13,14,18,19,23,24
640,8,9,13,14,18,19,23,24
641,8,9,13,14,18,19,23,24
642,8,9,13,14,18,19,23,24
643,8,9,13,14,18,19,23,24
644,8,9,13,14,18,19,23,24
645,8,9,13,14,18,19,23,24
646,8,9,13,14,18,19,23,24
647,8,9,13,14,18,19,23,24
648,8,9,13,14,18,19,23,24
649,8,9,13,14,18,19,23,24
650,8,9,13,14,18,19,23,24
651,8,9,13,14,18,19,23,24
652,8,9,13,14,18,19,23,24
653,8,9,13,14,18,19,23,24
654,8,9,13,14,18,19,23,24
655,8,9,13,14,18,19,23,24
656,8,9,13,14,18,19,23,24
657,8,9,13,14,18,19,23,24
658,8,9,13,14,18,19,23,24
659,8,9,13,14,18,19,23,24
660,8,9,13,14,18,19,23,24
661,8,9,13,14,18,19,23,24
662,8,9,13,14,18,19,23,24
663,8,9,13,14,18,19,23,24
664,8,9,13,14,18,19,23,24
665,8,9,13,14,18,19,23,24
666,8,9,13,14,18,19,23,24
667,8,9,13,14,18,19,23,24
668,8,9,13,14,18,19,23,24
669,8,9,13,14,18,19,23,24
670,8,9,13,14,18,19,23,24
671,8,9,13,14,18,19,23,24
672,8,9,13,14,18,19,23,24
673,8,9,13,14,18,19,23,24
674,8,9,13,14,18,19,23,24
675,8,9,13,14,18,19,23,24
676,8,9,13,14,18,19,23,24
677,8,9,13,14,18,19,23,24
678,8,9,13,14,18,19,23,24
679,8,9,13,14,18,19,23,24
680,8,9,13,14,18,19,23,24
681,8,9,13,14,18,19,23,24
682,8,9,13,14,18,19,23,24
683,8,9,13,14,18,19,23,24
684,8,9,13,14,18,19,23,24
685,8,9,13,14,18,19,23,24
686,8,9,13,14,18,19,23,24
687,8,9,13,14,18,19,23,24
688,8,9,13,14,18,19,23,24
689,8,9,13,14,18,19,23,24
690,8,9,13,14,18,19,23,24
691,8,9,13,14,18,19,23,24
692,8,9,13,14,18,19,23,24
693,8,9,13,14,18,19,23,24
694,8,9,13,14,18,19,23,24
695,8,9,13,14,18,19,23,24
696,8,9,13,14,18,19,23,24
697,8,9,13,14,18,19,23,24
698,8,9,13,14,18,19,23,24
699,8,9,13,14,18,19,23,24
700,8,9,13,14,18,19,23,24
701,8,9,13,14,18,19,23,24
702,8,9,13,14,18,19,23,24
703,8,9,13,14,18,19,23,24
704,8,9,13,14,18,19,23,24
705,8,9,13,14,18,19,23,24
706,8,9,13,14,18,19,23,24
707,8,9,13,14,18,19,23,24
708,8,9,13,14,18,19,23,24
709,8,9,13,14,18,19,23,24
710,8,9,13,14,18,19,23,24
711,8,9,13,14,18,19,23,24
712,8,9,13,14,18,19,23,24
713,8,9,13,14,18,19,23,24
714,8,9,13,14,18,19,23,24
715,8,9,13,14,18,19,23,24
716,8,9,13,14,18,19,23,24
717,8,9,13,14,18,19,23,24
718,8,9,13,14,18,19,23,24
719,8,9,13,14,18,19,23,24
720,8,9,13,14,18,19,23,24
721,8,9,13,14,18,19,23,24
722,8,9,13,14,18,19,23,24
723,8,9,13,14,18,19,23,24
724,8,9,13,14,18,19,23,24
725,8,9,13,14,18,19,23,24
726,8,9,13,14,18,19,23,24
727,8,9,13,14,18,19,23,24
728,8,9,13,14,18,19,23,24
729,8,9,13,14,18,19,23,24
730,8,9,13,14,18,19,23,24
731,8,9,13,14,18,19,23,24
732,8,9,13,14,18,19,23,24
733,8,9,13,14,18,19,23,24
734,8,9,13,14,18,19,23,24
735,8,9,13,14,18,19,23,24
736,8,9,13,14,18,19,23,24
737,8,9,13,14,18,19,23,24
738,8,9,13,14,18,19
739,8,9,13,14,18,19
740,8,9,13,14,18,19
741,8,9,13,14,18,19
742,8,9,13,14,18,19
743,8,9,13,14,18,19
744,8,9,13,14,18,19
745,8,9,13,14,18,19
746,8,9,13,14,18,19
747,8,9,13,14,18,19
748,8,9,13,14,18,19
749,8,9,13,14,18,19
750,8,9,13,14,18,19
751,8,9,13,14,18,19
752,8,9,13,14,18,19
753,8,9,13,14,18,19
754,8,9,13,14,18,19
755,8,9,13,14,18,19
756,8,9,13,14,18,19
757,8,9,13,14,18,19
758,8,9,13,14,18,19
759,8,9,13,14,18,19
760,3,8,9,13,14,18,19
761,3,8,9,13,14,18,19
762,3,8,9,13,14,18,19
763,3,8,9,13,14,18,19
764,3,8,9,13,14,18,19
765,3,8,9,13,14,18,19
766,3,8,9,13,14,18,19
767,3,8,9,13,14,18,19
768,3,8,9,13,14,18,19
769,3,8,9,13,14,18,19
770,3,8,9,12,13,14,18,19
771,3,8,9,12,13,14,18,19
772,3,7,8,9,12,13,14,18,19
773,3,7,8,9,12,13,14,18,19
774,3,7,8,9,12,13,14,18,19
775,3,7,8,9,12,13,14,18,19
776,3,7,8,9,12,13,14,17,18,19
777,3,7,8,9,12,13,14,17,18,19
778,3,7,8,9,12,13,14,17,18,19
779,3,7,8,9,12,13,14,17,18,19
780,3,7,8,9,12,13,14,17,18,19
781,3,7,8,9,12,13,14,17,18,19
782,3,7,8,9,12,13,14,17,18,19
783,3,7,8,9,12,13,14,17,18,19
784,3,7,8,9,12,13,14,17,18,19
785,3,7,8,9,12,13,14,17,18,19
786,3,7,8,9,12,13,14,18,19
787,3,7,8,9,12,13,14,18,19
788,3,7,8,9,12,13,14,18,19
789,3,7,8,9,12,13,14,18,19
790,3,8,9,12,13,14,18,19
791,3,8,9,12,13,14,18,19
792,8,9,12,13,14,18,19
793,8,9,12,13,14,18,19
794,8,9,13,14,18,19
795,8,9,13,14,18,19
796,8,9,13,14,18,19
797,8,9,13,14,18,19
798,8,9,13,14,18,19
799,8,9,13,14,18,19
800,8,9,13,14,18,19,23
801,8,9,13,14,18,19,23
802,8,9,13,14,18,19,23,24
803,8,9,13,14,18,19,23,24
804,8,9,13,14,18,19,23,24
805,8,9,13,14,18,19,23,24
806,8,9,13,14,18,19,23,24
807,8,9,13,14,18,19,23,24
808,8,9,13,14,18,19,23,24
809,8,9,13,14,18,19,23,24
810,8,9,13,14,18,19,23,24
811,8,9,13,14,18,19,23,24
812,8,9,13,14,18,19,23
813,8,9,13,14,18,19,23
814,8,9,13,14,18,19,23
815,8,9,13,14,18,19,23
816,8,9,13,14,18,19,23
817,8,9,13,14,18,19,23
818,8,9,13,14,18,19,23
819,8,9,13,14,18,19,23
820,8,9,13,14,18,19,23
821,8,9,13,14,18,19,23
822,8,9,13,14,18,19,23
823,8,9,13,14,18,19,23
824,8,9,13,14,18,19,23
825,8,9,13,14,18,19,23
826,8,9,13,14,18,19,23,24
827,8,9,13,14,18,19,23,24
828,8,9,13,14,18,19,23
829,8,9,13,14,18,19,23
830,8,9,13,14,18,19,23
831,8,9,13,14,18,19,23
832,8,9,13,14,18,19,23
833,8,9,13,14,18,19,23
834,8,9,13,14,18,19,23
835,8,9,13,14,18,19,23
836,8,9,13,14,18,19,23
837,8,9,13,14,18,19,23
838,8,9,13,14,18,19,23
839,8,9,13,14,18,19,23
840,8,9,13,14,18,19,23
841,8,9,13,14,18,19,23
842,8,9,13,14,18,19,23
843,8,9,13,14,18,19,23
844,8,9,13,14,18,19,23
845,8,9,13,14,18,19,23
846,8,9,13,14,18,19,23
847,8,9,13,14,18,19,23
848,8,9,13,14,18,19,23,24
849,8,9,13,14,18,19,23,24
850,8,9,13,14,18,19,23,24
851,8,9,13,14,18,19,23,24
852,8,9,13,14,18,19,23,24
853,8,9,13,14,18,19,23,24
854,8,9,13,14,18,19,23,24
855,8,9,13,14,18,19,23,24
856,8,9,13,14,18,19,23,24
857,8,9,13,14,18,19,23,24
858,8,9,13,14,18,19,23,24
859,8,9,13,14,18,19,23,24
860,8,9,13,14,18,19,23,24
861,8,9,13,14,18,19,23,24
862,8,9,13,14,18,19,23,24
863,8,9,13,14,18,19,23,24
864,8,9,13,14,18,19,23,24
865,8,9,13,14,18,19,23,24
866,8,9,13,14,18,19,23,24
867,8,9,13,14,18,19,23,24
868,8,9,13,14,18,19,23,24
869,8,9,13,14,18,19,23,24
870,8,9,13,14,18,19,23,24
871,8,9,13,14,18,19,23,24
872,8,9,13,14,18,19,23,24
873,8,9,13,14,18,19,23,24
874,8,9,13,14,18,19,23,24
875,8,9,13,14,18,19,23,24
876,8,9,13,14,18,19,23,24
877,8,9,13,14,18,19,23,24
878,8,9,13,14,18,19,23,24
879,8,9,13,14,18,19,23,24
880,8,9,13,14,18,19,23,24
881,8,9,13,14,18,19,23,24
882,8,9,13,14,18,19,23,24
883,8,9,13,14,18,19,23,24
884,8,9,13,14,18,19,23,24
885,8,9,13,14,18,19,23,24
886,8,9,13,14,18,19,23,24
887,8,9,13,14,18,19,23,24
888,8,9,13,14,18,19,23,24
889,8,9,13,14,18,19,23,24
890,8,9,13,14,18,19,23,24
891,8,9,13,14,18,19,23,24
892,8,9,13,14,18,19,23,24
893,8,9,13,14,18,19,23,24
894,8,9,13,14,18,19,23,24
895,8,9,13,14,18,19,23,24
896,8,9,13,14,18,19,23
897,8,9,13,14,18,19,23
898,8,9,13,14,18,19
899,8,9,13,14,18,19
900,8,9,13,14,18,19
901,8,9,13,14,18,19
902,8,9,13,14,18,19
903,8,9,13,14,18,19
904,8,9,13,14,18,19
905,8,9,13,14,18,19
906,3,8,9,13,14,18,19
907,3,8,9,13,14,18,19
908,3,8,9,13,14,18,19
909,3,8,9,13,14,18,19
910,3,8,9,13,14,18,19
911,3,8,9,13,14,18,19
912,3,8,9,13,14,18,19
913,3,8,9,13,14,18,19
914,3,8,9,13,14,18,19
915,3,8,9,13,14,18,19
916,3,8,9,13,14,18,19
917,3,8,9,13,14,18,19
918,3,8,9,13,14,18,19
919,3,8,9,13,14,18,19
920,3,8,9,13,14,18,19
921,3,8,9,13,14,18,19
922,3,8,9,13,14,18,19
923,3,8,9,13,14,18,19
924,3,8,9,13,14,18,19
925,3,8,9,13,14,18,19
926,3,8,9,13,14,18,19
927,3,8,9,13,14,18,19
928,3,8,9,13,14,18,19
929,3,8,9,13,14,18,19
930,8,9,13,14,18,19
931,8,9,13,14,18,19
932,8,9,13,14,18,19
933,8,9,13,14,18,19
934,8,9,13,14,18,19
935,8,9,13,14,18,19
936,8,9,13,14,18,19
937,8,9,13,14,18,19
938,8,9,13,14,18,19
939,8,9,13,14,18,19
940,8,9,13,14,18,19
941,8,9,13,14,18,19
942,8,9,13,14,18,19
943,8,9,13,14,18,19
944,8,9,13,14,18,19
945,8,9,13,14,18,19
946,8,9,13,14,18,19
947,8,9,13,14,18,19
948,8,9,13,14,18,19
949,8,9,13,14,18,19
950,8,9,13,14,18,19
951,8,9,13,14,18,19
952,8,9,13,14,18,19
953,8,9,13,14,18,19
954,8,9,13,14,18,19
955,8,9,13,14,18,19
956,8,9,13,14,18,19
957,8,9,13,14,18,19
958,8,9,13,14,18,19
959,8,9,13,14,18,19
960,8,9,13,14,18,19
961,8,9,13,14,18,19
962,8,9,13,14,18,19
963,8,9,13,14,18,19
964,8,9,13,14,18,19
965,8,9,13,14,18,19
966,8,9,13,14,18,19
967,8,9,13,14,18,19
968,8,9,13,14,18,19
969,8,9,13,14,18,19
970,8,9,13,14,18,19
971,8,9,13,14,18,19
972,8,9,13,14,18,19
973,8,9,13,14,18,19
974,8,9,13,14,18,19
975,8,9,13,14,18,19
976,8,9,13,14,18,19
977,8,9,13,14,18,19
978,8,9,13,14,18,19
979,8,9,13,14,18,19
980,8,9,13,14,18,19
981,8,9,13,14,18,19
982,8,9,13,14,18,19
983,8,9,13,14,18,19
984,8,9,13,14,18,19
985,8,9,13,14,18,19
986,8,9,13,14,18,19
987,8,9,13,14,18,19
988,8,9,13,14,18,19
989,8,9,13,14,18,19
990,8,9,13,14,18,19
991,8,9,13,14,18,19
992,8,9,13,14,18,19
993,8,9,13,14,18,19
994,8,9,13,14,18,19
995,8,9,13,14,18,19
996,8,9,13,14,18,19
997,8,9,13,14,18,19
998,8,9,13,14,18,19
999,8,9,13,14,18,19
1000,8,9,13,14,18,19
1001,8,9,13,14,18,19
1002,8,9,13,14,18,19
1003,8,9,13,14,18,19
1004,8,9,13,14,18,19
1005,8,9,13,14,18,19
1006,8,9,13,14,18,19
1007,8,9,13,14,18,19
1008,8,9,13,14,18,19
1009,8,9,13,14,18,19
1010,8,9,13,14,18,19
1011,8,9,13,14,18,19
1012,8,9,13,14,18,19
1013,8,9,13,14,18,19
1014,8,9,13,14,18,19
1015,8,9,13,14,18,19
1016,8,9,13,14,18,19
1017,8,9,13,14,18,19
1018,8,9,13,14,18,19
1019,8,9,13,14,18,19
1020,8,9,13,14,18,19
1021,8,9,13,14,18,19
1022,8,9,13,14,18,19
1023,8,9,13,14,18,19
1024,8,9,13,14,18,19
1025,8,9,13,14,18,19
1026,8,9,13,14,18,19
1027,8,9,13,14,18,19
1028,8,9,13,14,18,19
1029,8,9,13,14,18,19
1030,8,9,13,14,18,19
1031,8,9,13,14,18,19
1032,8,9,13,14,18,19
1033,8,9,13,14,18,19
1034,8,9,13,14,18,19
1035,8,9,13,14,18,19
1036,8,9,13,14,18,19
1037,8,9,13,14,18,19
1038,8,9,13,14,18,19
1039,8,9,13,14,18,19
1040,8,9,13,14,18,19
1041,8,9,13,14,18,19
1042,3,8,9,13,14,18,19
1043,3,8,9,13,14,18,19
1044,3,8,9,13,14,18,19
1045,3,8,9,13,14,18,19
1046,3,8,9,13,14,18,19
1047,3,8,9,13,14,18,19
1048,3,8,9,13,14,18,19
1049,3,8,9,13,14,18,19
1050,3,8,9,13,14,18,19
1051,3,8,9,13,14,18,19
1052,3,8,9,13,14,18,19
1053,3,8,9,13,14,18,19
1054,3,8,9,13,14,18,19
1055,3,8,9,13,14,18,19
1056,3,8,9,13,14,18,19
1057,3,8,9,13,14,18,19
1058,3,8,9,13,14,18,19
1059,3,8,9,13,14,18,19
1060,3,8,9,13,14,18,19
1061,3,8,9,13,14,18,19
1062,3,8,9,13,14,18,19
1063,3,8,9,13,14,18,19
1064,3,8,9,13,14,18,19
1065,3,8,9,13,14,18,19
1066,3,8,9,13,14,18,19
1067,3,8,9,13,14,18,19
1068,3,8,9,13,14,18,19
1069,3,8,9,13,14,18,19
1070,3,8,9,13,14,18,19
1071,3,8,9,13,14,18,19
1072,3,8,9,13,14,18,19
1073,3,8,9,13,14,18,19
1074,3,8,9,13,14,18,19
1075,3,8,9,13,14,18,19
1076,3,8,9,13,14,18,19
1077,3,8,9,13,14,18,19
1078,3,8,9,13,14,18,19
1079,3,8,9,13,14,18,19
1080,3,8,9,13,14,18,19
1081,3,8,9,13,14,18,19
1082,3,8,9,13,14,18,19
1083,3,8,9,13,14,18,19
1084,3,8,9,13,14,18,19
1085,3,8,9,13,14,18,19
1086,3,8,9,13,14,18,19
1087,3,8,9,13,14,18,19
1088,3,8,9,13,14,18,19
1089,3,8,9,13,14,18,19
1090,3,8,9,13,14,18,19
1091,3,8,9,13,14,18,19
1092,3,8,9,13,14,18,19
1093,3,8,9,13,14,18,19
1094,3,8,9,13,14,18,19
1095,3,8,9,13,14,18,19
1096,3,8,9,13,14,18,19
1097,3,8,9,13,14,18,19
1098,3,8,9,13,14,18,19
1099,3,8,9,13,14,18,19
1100,3,8,9,13,14,18,19
1101,3,8,9,13,14,18,19
1102,3,8,9,13,14,18,19
1103,3,8,9,13,14,18,19
1104,3,8,9,13,14,18,19
1105,3,8,9,13,14,18,19
1106,3,8,9,13,14,18,19
1107,3,8,9,13,14,18,19
1108,3,8,9,13,14,18,19
1109,3,8,9,13,14,18,19
1110,3,8,9,13,14,18,19
1111,3,8,9,13,14,18,19
1112,3,8,9,13,14,18,19
1113,3,8,9,13,14,18,19
1114,3,8,9,13,14,18,19
1115,3,8,9,13,14,18,19
1116,3,8,9,13,14,18,19
1117,3,8,9,13,14,18,19
1118,3,8,9,13,14,18,19
1119,3,8,9,13,14,18,19
1120,3,8,9,13,14,18,19
1121,3,8,9,13,14,18,19
1122,3,8,9,13,14,18,19
1123,3,8,9,13,14,18,19
1124,3,8,9,13,14,18,19
1125,3,8,9,13,14,18,19
1126,3,8,9,13,14,18,19
1127,3,8,9,13,14,18,19
1128,3,8,9,13,14,18,19
1129,3,8,9,13,14,18,19
1130,3,8,9,13,14,18,19
1131,3,8,9,13,14,18,19
1132,3,8,9,13,14,18,19
1133,3,8,9,13,14,18,19
1134,3,8,9,13,14,18,19
1135,3,8,9,13,14,18,19
1136,3,8,9,13,14,18,19
1137,3,8,9,13,14,18,19
1138,3,8,9,13,14,18,19
1139,3,8,9,13,14,18,19
1140,3,8,9,13,14,18,19
1141,3,8,9,13,14,18,19
1142,3,8,9,13,14,18,19
1143,3,8,9,13,14,18,19
1144,3,8,9,13,14,18,19
1145,3,8,9,13,14,18,19
1146,3,8,9,13,14,18,19
1147,3,8,9,13,14,18,19
1148,3,8,9,13,14,18,19
1149,3,8,9,13,14,18,19
1150,3,8,9,13,14,18,19
1151,3,8,9,13,14,18,19
1152,3,8,9,13,14,18,19
1153,3,8,9,13,14,18,19
1154,3,8,9,13,14,18,19
1155,3,8,9,13,14,18,19
1156,3,8,9,13,14,18,19
1157,3,8,9,13,14,18,19
1158,3,8,9,13,14,18,19
1159,3,8,9,13,14,18,19
1160,3,8,9,13,14,18,19
1161,3,8,9,13,14,18,19
1162,3,8,9,13,14,18,19
1163,3,8,9,13,14,18,19
1164,3,8,9,13,14,18,19
1165,3,8,9,13,14,18,19
1166,3,8,9,13,14,18,19
1167,3,8,9,13,14,18,19
1168,3,8,9,13,14,18,19
1169,3,8,9,13,14,18,19
1170,3,8,9,13,14,18,19
1171,3,8,9,13,14,18,19
1172,3,8,9,13,14,18,19
1173,3,8,9,13,14,18,19
1174,3,8,9,13,14,18,19
1175,3,8,9,13,14,18,19
1176,3,8,9,13,14,18,19
1177,3,8,9,13,14,18,19
1178,3,8,9,13,14,18,19
1179,3,8,9,13,14,18,19
1180,3,8,9,13,14,18,19
1181,3,8,9,13,14,18,19
1182,3,8,9,13,14,18,19
1183,3,8,9,13,14,18,19
1184,3,8,9,13,14,18,19
1185,3,8,9,13,14,18,19
1186,3,8,9,13,14,18,19
1187,3,8,9,13,14,18,19
1188,3,8,9,13,14,18,19
1189,3,8,9,13,14,18,19
1190,3,8,9,13,14,18,19
1191,3,8,9,13,14,18,19
1192,3,8,9,13,14,18,19
1193,3,8,9,13,14,18,19
1194,3,8,9,12,13,14,18,19
1195,3,8,9,12,13,14,18,19
1196,3,8,9,12,13,14,18,19
1197,3,8,9,12,13,14,18,19
1198,3,8,9,12,13,14,18,19
1199,3,8,9,12,13,14,18,19
1200,3,8,9,12,13,14,18,19
1201,3,8,9,12,13,14,18,19
1202,3,8,9,12,13,14,18,19
1203,3,8,9,12,13,14,18,19
1204,3,8,9,12,13,14,18,19
1205,3,8,9,12,13,14,18,19
1206,3,8,9,12,13,14,18,19
1207,3,8,9,12,13,14,18,19
1208,3,8,9,12,13,14,18,19
1209,3,8,9,12,13,14,18,19
1210,3,8,9,12,13,14,18,19
1211,3,8,9,12,13,14,18,19
1212,3,8,9,12,13,14,18,19
1213,3,8,9,12,13,14,18,19
1214,3,8,9,12,13,14,18,19
1215,3,8,9,12,13,14,18,19
1216,3,8,9,12,13,14,18,19
1217,3,8,9,12,13,14,18,19
1218,3,8,9,12,13,14,18,19
1219,3,8,9,12,13,14,18,19
1220,3,8,9,12,13,14,18,19
1221,3,8,9,12,13,14,18,19
1222,3,8,9,12,13,14,18,19
1223,3,8,9,12,13,14,18,19
1224,3,8,9,12,13,14,18,19
1225,3,8,9,12,13,14,18,19
1226,8,9,12,13,14,18,19
1227,8,9,12,13,14,18,19
1228,8,9,12,13,14,18,19
1229,8,9,12,13,14,18,19
1230,8,9,12,13,14,18,19
1231,8,9,12,13,14,18,19
1232,8,9,12,13,14,18,19,23
1233,8,9,12,13,14,18,19,23
1234,8,9,12,13,14,17,18,19,23
1235,8,9,12,13,14,17,18,19,23
1236,8,9,12,13,14,17,18,19,23
1237,8,9,12,13,14,17,18,19,23
1238,8,9,12,13,14,17,18,19,23
1239,8,9,12,13,14,17,18,19,23
1240,8,9,12,13,14,17,18,19,23
1241,8,9,12,13,14,17,18,19,23
1242,8,9,12,13,14,17,18,19,23
1243,8,9,12,13,14,17,18,19,23
1244,8,9,12,13,14,17,18,19,23
1245,8,9,12,13,14,17,18,19,23
1246,8,9,12,13,14,17,18,19,23
1247,8,9,12,13,14,17,18,19,23
1248,8,9,12,13,14,17,18,19,23
1249,8,9,12,13,14,17,18,19,23
1250,8,9,12,13,14,17,18,19,23
1251,8,9,12,13,14,17,18,19,23
1252,8,9,12,13,14,17,18,19,23
1253,8,9,12,13,14,17,18,19,23
1254,8,9,12,13,14,17,18,19,23
1255,8,9,12,13,14,17,18,19,23
1256,8,9,12,13,14,17,18,19,23
1257,8,9,12,13,14,17,18,19,23
1258,8,9,12,13,14,17,18,19,23
1259,8,9,12,13,14,17,18,19,23
1260,8,9,12,13,14,17,18,19,23
1261,8,9,12,13,14,17,18,19,23
1262,8,9,12,13,14,17,18,19,23
1263,8,9,12,13,14,17,18,19,23
1264,8,9,12,13,14,17,18,19,23
1265,8,9,12,13,14,17,18,19,23
1266,8,9,12,13,14,17,18,19,23
1267,8,9,12,13,14,17,18,19,23
1268,8,9,12,13,14,17,18,19,23
1269,8,9,12,13,14,17,18,19,23
1270,8,9,12,13,14,17,18,19,23
1271,8,9,12,13,14,17,18,19,23
1272,8,9,12,13,14,17,18,19,23
1273,8,9,12,13,14,17,18,19,23
1274,8,9,12,13,14,17,18,19,23
1275,8,9,12,13,14,17,18,19,23
1276,7,8,9,12,13,14,17,18,19,23
1277,7,8,9,12,13,14,17,18,19,23
1278,7,8,9,12,13,14,17,18,19,23
1279,7,8,9,12,13,14,17,18,19,23
1280,7,8,9,12,13,14,17,18,19,23
1281,7,8,9,12,13,14,17,18,19,23
1282,7,8,9,12,13,14,17,18,19,23
1283,7,8,9,12,13,14,17,18,19,23
1284,7,8,9,12,13,14,17,18,19,23
1285,7,8,9,12,13,14,17,18,19,23
1286,7,8,9,12,13,14,17,18,19,23
1287,7,8,9,12,13,14,17,18,19,23
1288,7,8,9,12,13,14,17,18,19,23
1289,7,8,9,12,13,14,17,18,19,23
1290,7,8,9,12,13,14,17,18,19,23
1291,7,8,9,12,13,14,17,18,19,23
1292,7,8,9,12,13,14,17,18,19,23
1293,7,8,9,12,13,14,17,18,19,23
1294,7,8,9,12,13,14,17,18,19,23
1295,7,8,9,12,13,14,17,18,19,23
1296,7,8,9,12,13,14,17,18,19,23
1297,7,8,9,12,13,14,17,18,19,23
1298,7,8,9,12,13,14,17,18,19
1299,7,8,9,12,13,14,17,18,19
1300,7,8,9,12,13,14,17,18,19,23
1301,7,8,9,12,13,14,17,18,19,23
1302,7,8,9,12,13,14,17,18,19,23
1303,7,8,9,12,13,14,17,18,19,23
1304,7,8,9,12,13,14,17,18,19,23
1305,7,8,9,12,13,14,17,18,19,23
1306,7,8,9,12,13,14,17,18,19,23
1307,7,8,9,12,13,14,17,18,19,23
1308,7,8,9,12,13,14,17,18,19,23
1309,7,8,9,12,13,14,17,18,19,23
1310,7,8,9,12,13,14,17,18,19
1311,7,8,9,12,13,14,17,18,19
1312,7,8,9,12,13,14,17,18,19
1313,7,8,9,12,13,14,17,18,19
1314,7,8,9,12,13,14,17,18,19
1315,7,8,9,12,13,14,17,18,19
1316,7,8,9,12,13,14,17,18,19
1317,7,8,9,12,13,14,17,18,19
1318,7,8,9,12,13,14,17,18,19
1319,7,8,9,12,13,14,17,18,19
1320,7,8,9,12,13,14,17,18,19
1321,7,8,9,12,13,14,17,18,19
1322,7,8,9,12,13,14,17,18,19
1323,7,8,9,12,13,14,17,18,19
1324,7,8,9,12,13,14,17,18,19
1325,7,8,9,12,13,14,17,18,19
1326,7,8,9,12,13,14,17,18,19
1327,7,8,9,12,13,14,17,18,19
1328,7,8,9,12,13,14,17,18,19
1329,7,8,9,12,13,14,17,18,19
1330,7,8,9,12,13,14,17,18,19
1331,7,8,9,12,13,14,17,18,19
1332,7,8,9,12,13,14,17,18,19
1333,7,8,9,12,13,14,17,18,19
1334,7,8,9,12,13,14,17,18,19
1335,7,8,9,12,13,14,17,18,19
1336,7,8,9,12,13,14,17,18,19
1337,7,8,9,12,13,14,17,18,19
1338,7,8,9,12,13,14,17,18,19
1339,7,8,9,12,13,14,17,18,19
1340,7,8,9,12,13,14,17,18,19
1341,7,8,9,12,13,14,17,18,19
1342,7,8,9,12,13,14,17,18,19
1343,7,8,9,12,13,14,17,18,19
1344,7,8,9,12,13,14,17,18,19
1345,7,8,9,12,13,14,17,18,19
1346,7,8,9,12,13,14,17,18,19
1347,7,8,9,12,13,14,17,18,19
1348,7,8,9,12,13,14,17,18,19
1349,7,8,9,12,13,14,17,18,19
1350,7,8,9,12,13,14,17,18,19
1351,7,8,9,12,13,14,17,18,19
1352,7,8,9,12,13,14,17,18,19
1353,7,8,9,12,13,14,17,18,19
1354,7,8,9,12,13,14,17,18,19
1355,7,8,9,12,13,14,17,18,19
1356,7,8,9,12,13,14,17,18,19
1357,7,8,9,12,13,14,17,18,19
1358,7,8,9,12,13,14,17,18,19
1359,7,8,9,12,13,14,17,18,19
1360,7,8,9,12,13,14,17,18,19
1361,7,8,9,12,13,14,17,18,19
1362,7,8,9,12,13,14,17,18,19
1363,7,8,9,12,13,14,17,18,19
1364,7,8,9,12,13,14,17,18,19
1365,7,8,9,12,13,14,17,18,19
1366,7,8,9,12,13,14,17,18,19
1367,7,8,9,12,13,14,17,18,19
1368,7,8,9,12,13,14,17,18,19
1369,7,8,9,12,13,14,17,18,19
1370,7,8,9,12,13,14,17,18,19
1371,7,8,9,12,13,14,17,18,19
1372,7,8,9,12,13,14,17,18,19
1373,7,8,9,12,13,14,17,18,19
1374,3,7,8,12,13,14,17,18
1375,3,7,8,12,13,14,17,18
1376,3,7,8,12,13,17,18
1377,3,7,8,12,13,17,18
1378,2,3,7,8,12,13,17,18
1379,2,3,7,8,12,13,17,18
1380,2,6,7,8,11,12,13,17,18
1381,2,6,7,8,11,12,13,17,18
1382,2,6,7,8,11,12,13,16,17,18
1383,2,6,7,8,11,12,13,16,17,18
1384,2,6,7,8,11,12,13,16,17,18
1385,2,6,7,8,11,12,13,16,17,18
1386,2,6,7,8,11,12,13,16,17,18
1387,2,6,7,8,11,12,13,16,17,18
1388,2,6,7,8,11,12,13,16,17,18
1389,2,6,7,8,11,12,13,16,17,18
1390,2,6,7,8,11,12,13,16,17,18
1391,2,6,7,8,11,12,13,16,17,18
1392,2,6,7,8,11,12,13,16,17,18
1393,2,6,7,8,11,12,13,16,17,18
1394,2,6,7,8,11,12,13,16,17,18
1395,2,6,7,8,11,12,13,16,17,18
1396,2,6,7,8,11,12,13,16,17,18
1397,2,6,7,8,11,12,13,16,17,18
1398,2,6,7,8,11,12,13,16,17,18
1399,2,6,7,8,11,12,13,16,17,18
1400,2,6,7,8,11,12,13,16,17,18
1401,2,6,7,8,11,12,13,16,17,18
1402,2,6,7,8,11,12,13,16,17,18
1403,2,6,7,8,11,12,13,16,17,18
1404,2,6,7,8,11,12,13,16,17,18
1405,2,6,7,8,11,12,13,16,17,18
1406,2,6,7,8,11,12,13,16,17,18
1407,2,6,7,8,11,12,13,16,17,18
1408,2,6,7,8,11,12,13,16,17,18
1409,2,6,7,8,11,12,13,16,17,18
1410,2,6,7,8,11,12,13,16,17
1411,2,6,7,8,11,12,13,16,17
1412,2,6,7,11,12,13,16,17
1413,2,6,7,11,12,13,16,17
1414,2,6,7,11,12,16,17
1415,2,6,7,11,12,16,17
1416,2,6,7,11,12,16,17
1417,2,6,7,11,12,16,17
1418,2,6,7,11,12,16,17
1419,2,6,7,11,12,16,17
1420,2,6,7,11,12,16,17
1421,2,6,7,11,12,16,17
1422,2,6,7,11,12,16,17
1423,2,6,7,11,12,16,17
1424,1,2,6,7,11,12,16,17
1425,1,2,6,7,11,12,16,17
1426,1,2,6,7,11,12,16,17
1427,1,2,6,7,11,12,16,17
1428,1,6,7,11,12,16,17
1429,1,6,7,11,12,16,17
1430,1,6,7,10,11,12,15,16,17
1431,1,6,7,10,11,12,15,16,17
1432,1,6,7,10,11,12,15,16,17,20
1433,1,6,7,10,11,12,15,16,17,20
1434,1,6,7,10,11,12,15,16,17,20
1435,1,6,7,10,11,12,15,16,17,20
1436,6,7,10,11,12,15,16,17,20
1437,6,7,10,11,12,15,16,17,20
1438,6,10,11,12,15,16,20
1439,6,10,11,12,15,16,20
1440,6,10,11,15,16,20
1441,6,10,11,15,16,20
1442,1,6,10,11,15,16,20
1443,1,6,10,11,15,16,20
1444,1,6,10,11,15,16,20
1445,1,6,10,11,15,16,20
1446,1,6,10,11,15,16,20
1447,1,6,10,11,15,16,20
1448,1,5,6,10,11,15,16,20
1449,1,5,6,10,11,15,16,20
1450,1,5,6,10,11,15,16,20
1451,1,5,6,10,11,15,16,20
1452,1,5,6,10,11,15,16,20
1453,1,5,6,10,11,15,16,20
1454,1,5,6,10,11,15,16,20
1455,1,5,6,10,11,15,16,20
1456,6,10,11,15,16,20
1457,6,10,11,15,16,20
1458,6,10,11,15,16,20
1459,6,10,11,15,16,20
1460,5,6,10,11,15,16,20
1461,5,6,10,11,15,16,20
1462,5,6,10,11,15,16,20
1463,5,6,10,11,15,16,20
1464,5,6,10,11,15,16,20
1465,5,6,10,11,15,16,20
1466,5,6,10,11,15,16,20
1467,5,6,10,11,15,16,20
1468,5,6,10,11,15,16,20
1469,5,6,10,11,15,16,20
1470,6,10,11,15,16,20
1471,6,10,11,15,16,20
1472,6,10,11,15,16,20
1473,6,10,11,15,16,20
1474,6,10,11,15,16,20
1475,6,10,11,15,16,20
1476,6,10,11,15,16,20
1477,6,10,11,15,16,20
1478,6,10,11,15,16,20
1479,6,10,11,15,16,20
1480,6,10,11,15,16,20
1481,6,10,11,15,16,20
1482,6,10,11,15,16,20
1483,6,10,11,15,16,20
1484,6,10,11,15,16,20
1485,6,10,11,15,16,20
1486,6,10,11,15,16,20
1487,6,10,11,15,16,20
1488,6,10,11,15,16,20
1489,6,10,11,15,16,20
1490,6,10,11,15,16,20
1491,6,10,11,15,16,20
1492,6,10,11,15,16,20
1493,6,10,11,15,16,20
1494,6,10,11,15,16,20
1495,6,10,11,15,16,20
1496,6,10,11,15,16,20
1497,6,10,11,15,16,20
1498,6,10,11,15,16,20
1499,6,10,11,15,16,20
1500,6,10,11,15,16,20
1501,6,10,11,15,16,20
1502,6,10,11,15,16,20
1503,6,10,11,15,16,20
1504,6,10,11,15,16,20
1505,6,10,11,15,16,20
1506,6,10,11,15,16,20
1507,6,10,11,15,16,20
1508,6,10,11,15,16,20
1509,6,10,11,15,16,20
1510,6,10,11,15,16,20
1511,6,10,11,15,16,20
1512,6,10,11,15,16,20,21
1513,6,10,11,15,16,20,21
1514,6,10,11,15,16,20,21
1515,6,10,11,15,16,20,21
1516,6,10,11,15,16,20,21
1517,6,10,11,15,16,20,21
1518,6,10,11,15,16,20,21
1519,6,10,11,15,16,20,21
1520,6,10,11,15,16,20,21
1521,6,10,11,15,16,20,21
1522,6,10,11,15,16,20,21
1523,6,10,11,15,16,20,21
1524,6,10,11,15,16,20,21
1525,6,10,11,15,16,20,21
1526,6,10,11,15,16,20,21
1527,6,10,11,15,16,20,21
1528,6,10,11,15,16,20,21
1529,6,10,11,15,16,20,21
1530,6,10,11,15,16,20,21
1531,6,10,11,15,16,20,21
1532,6,10,11,15,16,20,21
1533,6,10,11,15,16,20,21
1534,6,10,11,15,16,20,21
1535,6,10,11,15,16,20,21
1536,6,10,11,15,16,20,21
1537,6,10,11,15,16,20,21
1538,6,10,11,15,16,20,21
1539,6,10,11,15,16,20,21
1540,6,10,11,15,16,20,21
1541,6,10,11,15,16,20,21
1542,6,10,11,15,16,20,21
1543,6,10,11,15,16,20,21
1544,6,10,11,15,16,20,21
1545,6,10,11,15,16,20,21
1546,6,10,11,15,16,20,21
1547,6,10,11,15,16,20,21
1548,6,10,11,15,16,20,21
1549,6,10,11,15,16,20,21
1550,6,10,11,15,16,20,21
1551,6,10,11,15,16,20,21
1552,6,10,11,15,16,20,21
1553,6,10,11,15,16,20,21
1554,6,10,11,15,16,20,21
1555,6,10,11,15,16,20,21
1556,6,10,11,15,16,20,21
1557,6,10,11,15,16,20,21
1558,6,10,11,15,16,20,21
1559,6,10,11,15,16,20,21
1560,6,10,11,15,16,20,21
1561,6,10,11,15,16,20,21
1562,6,10,11,15,16,20,21
1563,6,10,11,15,16,20,21
1564,6,10,11,15,16,20,21
1565,6,10,11,15,16,20,21
1566,6,10,11,15,16,20,21
1567,6,10,11,15,16,20,21
1568,6,10,11,15,16,20,21
1569,6,10,11,15,16,20,21
1570,6,10,11,15,16,20,21
1571,6,10,11,15,16,20,21
1572,6,10,11,15,16,20,21
1573,6,10,11,15,16,20,21
1574,6,10,11,15,16,20,21
1575,6,10,11,15,16,20,21
1576,6,10,11,12,15,16,20
1577,6,10,11,12,15,16,20
1578,6,7,10,11,12,15,16,17,20
1579,6,7,10,11,12,15,16,17,20
1580,6,7,10,11,12,15,16,17,20
1581,6,7,10,11,12,15,16,17,20
1582,6,7,11,12,15,16,17
1583,6,7,11,12,15,16,17
1584,6,7,11,12,16,17
1585,6,7,11,12,16,17
1586,6,7,11,12,16,17
1587,6,7,11,12,16,17
1588,6,7,11,12,16,17
1589,6,7,11,12,16,17
1590,6,7,11,12,16,17
1591,6,7,11,12,16,17
1592,6,7,11,12,16,17
1593,6,7,11,12,16,17
1594,6,7,11,12,16,17
1595,6,7,11,12,16,17
1596,6,7,11,12,16,17
1597,6,7,11,12,16,17
1598,6,7,11,12,16,17
1599,6,7,11,12,16,17
1600,6,7,11,12,16,17
1601,6,7,11,12,16,17
1602,6,7,11,12,16,17,21,22
1603,6,7,11,12,16,17,21,22
1604,6,7,11,12,16,17,21,22
1605,6,7,11,12,16,17,21,22
1606,6,7,11,12,16,17,21,22
1607,6,7,11,12,16,17,21,22
1608,6,7,11,12,13,16,17,18,21,22
1609,6,7,11,12,13,16,17,18,21,22
1610,6,7,11,12,13,16,17,18,21,22
1611,6,7,11,12,13,16,17,18,21,22
1612,7,11,12,13,16,17,18,21,22,23
1613,7,11,12,13,16,17,18,21,22,23
1614,7,11,12,13,16,17,18,21,22,23
1615,7,11,12,13,16,17,18,21,22,23
1616,7,11,12,13,16,17,18,21,22,23
1617,7,11,12,13,16,17,18,21,22,23
1618,7,11,12,13,16,17,18,21,22,23
1619,7,11,12,13,16,17,18,21,22,23
1620,7,8,11,12,13,16,17,18,21,22,23
1621,7,8,11,12,13,16,17,18,21,22,23
1622,7,8,11,12,13,16,17,18,21,22,23
1623,7,8,11,12,13,16,17,18,21,22,23
1624,7,8,11,12,13,16,17,18,22,23
1625,7,8,11,12,13,16,17,18,22,23
1626,7,8,11,12,13,16,17,18,22,23
1627,7,8,11,12,13,16,17,18,22,23
1628,7,8,12,13,17,18,22,23
1629,7,8,12,13,17,18,22,23
1630,7,8,12,13,17,18,22,23
1631,7,8,12,13,17,18,22,23
1632,8,12,13,17,18,22,23
1633,8,12,13,17,18,22,23
1634,8,12,13,17,18,19,22,23,24
1635,8,12,13,17,18,19,22,23,24
1636,8,12,13,14,17,18,19,22,23,24
1637,8,12,13,14,17,18,19,22,23,24
1638,8,12,13,14,17,18,19,22,23,24
1639,8,12,13,14,17,18,19,22,23,24
1640,8,12,13,14,17,18,19,22,23,24
1641,8,12,13,14,17,18,19,22,23,24
1642,8,12,13,14,17,18,19,22,23,24
1643,8,12,13,14,17,18,19,22,23,24
1644,8,12,13,14,17,18,19,22,23,24
1645,8,12,13,14,17,18,19,22,23,24
1646,8,12,13,14,17,18,19,22,23,24
1647,8,12,13,14,17,18,19,22,23,24
1648,8,12,13,14,17,18,19,22,23,24
1649,8,12,13,14,17,18,19,22,23,24
1650,8,12,13,14,17,18,19,22,23,24
1651,8,12,13,14,17,18,19,22,23,24
1652,8,12,13,14,17,18,19,22,23,24
1653,8,12,13,14,17,18,19,22,23,24
1654,8,12,13,14,17,18,19,22,23,24
1655,8,12,13,14,17,18,19,22,23,24
1656,8,12,13,14,17,18,19,22,23,24
1657,8,12,13,14,17,18,19,22,23,24
1658,8,12,13,14,17,18,19,22,23,24
1659,8,12,13,14,17,18,19,22,23,24
1660,8,12,13,17,18,19,22,23,24
1661,8,12,13,17,18,19,22,23,24
1662,7,8,12,13,17,18,22,23
1663,7,8,12,13,17,18,22,23
1664,7,8,11,12,13,16,17,18,21,22,23
1665,7,8,11,12,13,16,17,18,21,22,23
1666,6,7,11,12,16,17,21,22
1667,6,7,11,12,16,17,21,22
1668,6,7,11,12,16,17,21,22
1669,6,7,11,12,16,17,21,22
1670,6,7,11,12,15,16,17,20,21
1671,6,7,11,12,15,16,17,20,21
1672,6,10,11,12,15,16,17,20,21
1673,6,10,11,12,15,16,17,20,21
1674,6,10,11,15,16,20,21
1675,6,10,11,15,16,20,21
1676,6,10,11,15,16,20,21
1677,6,10,11,15,16,20,21
1678,6,10,11,15,16,20
1679,6,10,11,15,16,20
1680,6,10,11,15,16,20
1681,6,10,11,15,16,20
1682,6,10,11,15,16,20
1683,6,10,11,15,16,20
1684,6,10,11,15,16,20
1685,6,10,11,15,16,20
1686,6,10,11,15,16,20
1687,6,10,11,15,16,20
1688,6,10,11,15,16,20
1689,6,10,11,15,16,20
1690,5,6,10,11,15,16,20
1691,5,6,10,11,15,16,20
1692,5,6,10,11,15,16,20
1693,5,6,10,11,15,16,20
1694,5,6,10,11,15,16,20
1695,5,6,10,11,15,16,20
1696,5,6,9,10,11,14,15,16,19,20
1697,5,6,9,10,11,14,15,16,19,20
1698,5,6,9,10,11,14,15,16,19,20
1699,5,6,9,10,11,14,15,16,19,20
1700,6,9,10,11,14,15,16,19,20
1701,6,9,10,11,14,15,16,19,20
1702,6,9,10,11,14,15,16,19,20
1703,6,9,10,11,14,15,16,19,20
1704,9,10,11,14,15,19,20
1705,9,10,11,14,15,19,20
1706,9,10,14,15,19,20
1707,9,10,14,15,19,20
1708,9,10,14,15,19,20
1709,9,10,14,15,19,20
1710,9,10,14,15,19,20
1711,9,10,14,15,19,20
1712,9,10,14,15,19,20,25
1713,9,10,14,15,19,20,25
1714,9,10,14,15,19,20,24,25
1715,9,10,14,15,19,20,24,25
1716,9,10,14,15,19,20,24,25
1717,9,10,14,15,19,20,24,25
1718,9,10,14,15,19,20,24,25
1719,9,10,14,15,19,20,24,25
1720,9,10,14,15,19,20,24,25
1721,9,10,14,15,19,20,24,25
1722,9,10,14,15,19,20,24,25
1723,9,10,14,15,19,20,24,25
1724,9,10,14,15,19,20,24,25
1725,9,10,14,15,19,20,24,25
1726,9,10,14,15,19,20,25
1727,9,10,14,15,19,20,25
1728,9,10,14,15,19,20,25
1729,9,10,14,15,19,20,25
1730,9,10,11,14,15,16,19,20,25
1731,9,10,11,14,15,16,19,20,25
1732,6,9,10,11,14,15,16,19,20,25
1733,6,9,10,11,14,15,16,19,20,25
1734,6,9,10,11,14,15,16,19,20,25
1735,6,9,10,11,14,15,16,19,20,25
1736,6,9,10,11,14,15,16,19,20,25
1737,6,9,10,11,14,15,16,19,20,25
1738,6,9,10,11,14,15,16,19,20
1739,6,9,10,11,14,15,16,19,20
1740,6,10,11,15,16,20
1741,6,10,11,15,16,20
1742,6,10,11,15,16,20
1743,6,10,11,15,16,20
1744,5,6,10,11,15,16,20
1745,5,6,10,11,15,16,20
1746,1,6,10,11,15,16,20
1747,1,6,10,11,15,16,20
1748,6,10,11,15,16,20
1749,6,10,11,15,16,20
1750,6,10,11,12,15,16,20
1751,6,10,11,12,15,16,20
1752,6,7,10,11,12,15,16,17,20
1753,6,7,10,11,12,15,16,17,20
1754,6,7,10,11,12,15,16,17,20
1755,6,7,10,11,12,15,16,17,20
1756,6,7,10,11,12,15,16,17,20
1757,6,7,10,11,12,15,16,17,20
1758,6,7,10,11,12,15,16,17,20
1759,6,7,10,11,12,15,16,17,20
1760,6,7,10,11,12,15,16,17,20
1761,6,7,10,11,12,15,16,17,20
1762,6,7,10,11,12,15,16,17,20
1763,6,7,10,11,12,15,16,17,20
1764,6,7,10,11,12,15,16,17,20
1765,6,7,10,11,12,15,16,17,20
1766,6,7,10,11,12,15,16,17,20
1767,6,7,10,11,12,15,16,17,20
1768,6,7,10,11,12,15,16,17,20
1769,6,7,10,11,12,15,16,17,20
1770,6,7,10,11,12,15,16,17,20
1771,6,7,10,11,12,15,16,17,20
1772,6,7,10,11,12,15,16,17,20
1773,6,7,10,11,12,15,16,17,20
1774,6,7,10,11,12,15,16,17,20
1775,6,7,10,11,12,15,16,17,20
1776,6,7,10,11,12,15,16,17,20
1777,6,7,10,11,12,15,16,17,20
1778,6,7,10,11,12,15,16,17,20
1779,6,7,10,11,12,15,16,17,20
1780,6,7,10,11,12,15,16,17,20
1781,6,7,10,11,12,15,16,17,20
1782,6,7,10,11,12,15,16,17,20,21
1783,6,7,10,11,12,15,16,17,20,21
1784,6,7,11,12,15,16,17,21
1785,6,7,11,12,15,16,17,21
1786,6,7,11,12,16,17,21
1787,6,7,11,12,16,17,21
1788,6,7,11,12,16,17,21
1789,6,7,11,12,16,17,21
1790,6,7,11,12,16,17,21,22
1791,6,7,11,12,16,17,21,22
1792,6,7,11,12,16,17,21,22
1793,6,7,11,12,16,17,21,22
1794,6,7,11,12,16,17,21,22
1795,6,7,11,12,16,17,21,22
1796,6,7,11,12,16,17,21,22
1797,6,7,11,12,16,17,21,22
1798,6,7,11,12,16,17,21,22
1799,6,7,11,12,16,17,21,22
1800,6,7,11,12,16,17,21,22
