1,3,7,8,9,12,13,14,17,18,19
2,3,7,8,9,12,13,14,17,18,19
3,3,7,8,9,12,13,14,17,18,19
4,3,7,8,9,12,13,14,17,18,19
5,3,7,8,9,12,13,14,17,18,19
6,3,7,8,9,12,13,14,17,18,19
7,3,7,8,9,12,13,14,17,18,19
8,3,7,8,9,12,13,14,17,18,19
9,3,7,8,9,12,13,14,17,18,19
10,3,7,8,9,12,13,14,17,18,19
11,3,7,8,9,12,13,14,17,18,19
12,3,7,8,9,12,13,14,17,18,19
13,3,7,8,9,12,13,14,17,18,19
14,3,7,8,9,12,13,14,17,18,19
15,3,4,7,8,9,12,13,14,18,19
16,3,4,7,8,9,12,13,14,18,19
17,3,4,7,8,9,12,13,14,18,19
18,3,4,7,8,9,12,13,14,18,19
19,3,4,7,8,9,12,13,14,18
20,3,4,7,8,9,12,13,14,18
21,3,4,7,8,9,12,13,14,18
22,3,4,7,8,9,12,13,14,18
23,3,4,7,8,9,12,13,14,18
24,3,4,7,8,9,12,13,14,18
25,3,4,7,8,9,12,13,14,18
26,3,4,7,8,9,12,13,14,18
27,3,4,7,8,9,12,13,14,18
28,3,4,7,8,9,12,13,14,18
29,3,4,7,8,9,12,13,14,18
30,3,4,7,8,9,12,13,14,18
31,3,4,7,8,9,12,13,14,18
32,3,4,7,8,9,12,13,14,18
33,3,4,7,8,9,12,13,14,18
34,3,4,7,8,9,12,13,14,18
35,3,4,7,8,9,12,13,14,18
36,3,4,7,8,9,12,13,14,18
37,3,4,7,8,9,12,13,14,18
38,3,4,7,8,9,12,13,14,18
39,3,4,7,8,9,12,13,14,18
40,3,4,7,8,9,12,13,14,18
41,3,4,7,8,9,12,13,14,18
42,3,4,7,8,9,12,13,14,18
43,3,4,7,8,9,12,13,14,18
44,3,4,7,8,9,12,13,14,18
45,3,4,7,8,9,12,13,14,18
46,3,4,7,8,9,12,13,14,18
47,3,4,7,8,9,12,13,14,18
48,3,4,7,8,9,12,13,14,18
49,3,4,7,8,9,12,13,14,18
50,3,4,7,8,9,12,13,14,18
51,2,3,4,7,8,9,12,13,14,18
52,2,3,4,7,8,9,12,13,14,18
53,2,3,4,7,8,9,12,13,14,18
54,2,3,4,7,8,9,12,13,14,18
55,3,4,7,8,9,12,13,14,18
56,3,4,7,8,9,12,13,14,18
57,3,4,7,8,9,12,13,14,18
58,3,4,7,8,9,12,13,14,18
59,3,4,7,8,9,12,13,14,18
60,3,4,7,8,9,12,13,14,18
61,3,4,7,8,9,12,13,14,18,19
62,3,4,7,8,9,12,13,14,18,19
63,3,4,7,8,9,12,13,14,18,19
64,3,4,7,8,9,12,13,14,18,19
65,3,4,7,8,9,12,13,14,18,19
66,3,4,7,8,9,12,13,14,18,19
67,3,7,8,9,12,13,14,18,19
68,3,7,8,9,12,13,14,18,19
69,3,7,8,9,12,13,14,18,19
70,3,7,8,9,12,13,14,18,19
71,3,7,8,9,12,13,14,17,18,19
72,3,7,8,9,12,13,14,17,18,19
73,3,7,8,9,12,13,14,17,18,19
74,3,7,8,9,12,13,14,17,18,19
75,3,7,8,9,12,13,14,17,18,19
76,3,7,8,9,12,13,14,17,18,19
77,3,7,8,9,12,13,14,17,18,19
78,3,7,8,9,12,13,14,17,18,19
79,3,7,8,9,12,13,14,17,18,19
80,3,7,8,9,12,13,14,17,18,19
81,3,7,8,9,12,13,14,17,18,19
82,3,7,8,9,12,13,14,17,18,19
83,3,7,8,9,12,13,14,17,18,19
84,3,7,8,9,12,13,14,17,18,19
85,3,7,8,9,12,13,14,17,18,19
86,3,7,8,9,12,13,14,17,18,19
87,3,7,8,9,12,13,14,17,18,19
88,3,7,8,9,12,13,14,17,18,19
89,3,7,8,9,12,13,14,17,18,19
90,3,7,8,9,12,13,14,17,18,19
91,3,7,8,9,12,13,14,17,18,19
92,3,7,8,9,12,13,14,17,18,19
93,3,7,8,9,12,13,14,17,18,19
94,3,7,8,9,12,13,14,17,18,19
95,3,7,8,9,12,13,14,17,18,19
96,3,7,8,9,12,13,14,17,18,19
97,3,7,8,9,12,13,14,17,18,19
98,3,7,8,9,12,13,14,17,18,19
99,3,7,8,9,12,13,14,17,18,19
100,3,7,8,9,12,13,14,17,18,19
101,3,7,8,9,12,13,14,17,18,19
102,3,7,8,9,12,13,14,17,18,19
103,3,7,8,9,12,13,14,17,18,19
104,3,7,8,9,12,13,14,17,18,19
105,3,7,8,9,12,13,14,17,18,19
106,3,7,8,9,12,13,14,17,18,19
107,3,7,8,9,12,13,14,17,18,19
108,3,7,8,9,12,13,14,17,18,19
109,3,7,8,9,12,13,14,17,18,19
110,3,7,8,9,12,13,14,17,18,19
111,3,7,8,9,12,13,14,17,18,19
112,3,7,8,9,12,13,14,17,18,19
113,3,7,8,9,12,13,14,17,18,19
114,3,7,8,9,12,13,14,17,18,19
115,3,7,8,9,12,13,14,17,18,19
116,3,7,8,9,12,13,14,17,18,19
117,3,7,8,9,12,13,14,17,18,19
118,3,7,8,9,12,13,14,17,18,19
119,3,7,8,9,12,13,14,17,18,19
120,3,7,8,9,12,13,14,17,18,19
121,3,7,8,9,12,13,14,17,18,19
122,3,7,8,9,12,13,14,17,18,19
123,3,7,8,9,12,13,14,17,18,19
124,3,7,8,9,12,13,14,17,18,19
125,3,7,8,9,12,13,14,17,18,19
126,3,7,8,9,12,13,14,17,18,19
127,3,7,8,9,12,13,14,17,18,19
128,3,7,8,9,12,13,14,17,18,19
129,3,7,8,9,12,13,14,17,18,19
130,3,7,8,9,12,13,14,17,18,19
131,3,7,8,9,12,13,14,17,18,19
132,3,7,8,9,12,13,14,17,18,19
133,3,7,8,9,12,13,14,17,18,19
134,3,7,8,9,12,13,14,17,18,19
135,3,7,8,9,12,13,14,17,18,19
136,3,7,8,9,12,13,14,17,18,19
137,3,7,8,9,12,13,14,17,18,19
138,3,7,8,9,12,13,14,17,18,19
139,3,7,8,9,12,13,14,17,18,19
140,3,7,8,9,12,13,14,17,18,19
141,3,7,8,9,12,13,14,17,18,19
142,3,7,8,9,12,13,14,17,18,19
143,3,7,8,9,12,13,14,17,18
144,3,7,8,9,12,13,14,17,18
145,3,7,8,9,12,13,14,17,18
146,3,7,8,9,12,13,14,17,18
147,3,7,8,12,13,17,18
148,3,7,8,12,13,17,18
149,3,7,8,12,13,17,18
150,3,7,8,12,13,17,18
151,3,7,8,12,13,17,18
152,3,7,8,12,13,17,18
153,2,3,7,8,12,13,17,18
154,2,3,7,8,12,13,17,18
155,2,3,7,8,12,13,17,18
156,2,3,7,8,12,13,17,18
157,2,3,7,8,12,13,17,18
158,2,3,7,8,12,13,17,18
159,2,3,7,8,12,13,17,18
160,2,3,7,8,12,13,17,18
161,2,3,7,8,12,13,17,18
162,2,3,7,8,12,13,17,18
163,2,3,7,8,12,13,17,18
164,2,3,7,8,12,13,17,18
165,2,3,7,8,12,13,17,18
166,2,3,7,8,12,13,17,18
167,2,7,8,12,13,17,18
168,2,7,8,12,13,17,18
169,2,7,8,12,13,17,18
170,2,7,8,12,13,17,18
171,2,7,8,12,13,17,18
172,2,7,8,12,13,17,18
173,2,7,8,12,13,17,18
174,2,7,8,12,13,17,18
175,2,7,8,12,13,17,18
176,2,7,8,12,13,17,18
177,2,3,7,8,12,13,17,18
178,2,3,7,8,12,13,17,18
179,2,3,7,8,12,13,17,18
180,2,3,7,8,12,13,17,18
181,3,7,8,12,13,17,18
182,3,7,8,12,13,17,18
183,3,7,8,12,13,17,18
184,3,7,8,12,13,17,18
185,3,7,8,12,13,17,18
186,3,7,8,12,13,17,18
187,3,7,8,12,13,17,18
188,3,7,8,12,13,17,18
189,3,7,8,12,13,17,18
190,3,7,8,12,13,17,18
191,3,7,8,12,13,14,17,18
192,3,7,8,12,13,14,17,18
193,3,7,8,12,13,14,17,18
194,3,7,8,12,13,14,17,18
195,3,7,8,9,12,13,14,17,18
196,3,7,8,9,12,13,14,17,18
197,3,7,8,9,12,13,14,17,18
198,3,7,8,9,12,13,14,17,18
199,3,7,8,9,12,13,14,17,18
200,3,7,8,9,12,13,14,17,18
201,3,7,8,9,12,13,14,17,18
202,3,7,8,9,12,13,14,17,18
203,3,7,8,9,12,13,14,17,18,19
204,3,7,8,9,12,13,14,17,18,19
205,3,7,8,9,12,13,14,17,18,19
206,3,7,8,9,12,13,14,17,18,19
207,3,7,8,9,12,13,14,17,18,19
208,3,7,8,9,12,13,14,17,18,19
209,3,7,8,9,12,13,14,17,18,19
210,3,7,8,9,12,13,14,17,18,19
211,3,7,8,9,12,13,14,18,19
212,3,7,8,9,12,13,14,18,19
213,3,7,8,9,12,13,14,18,19
214,3,7,8,9,12,13,14,18,19
215,3,7,8,9,12,13,14,18,19
216,3,7,8,9,12,13,14,18,19
217,3,7,8,9,12,13,14,18,19
218,3,7,8,9,12,13,14,18,19
219,3,7,8,9,12,13,14,18,19
220,3,7,8,9,12,13,14,18,19
221,3,7,8,9,12,13,14,18,19
222,3,7,8,9,12,13,14,18,19
223,3,7,8,9,12,13,14,18,19
224,3,7,8,9,12,13,14,18,19
225,3,7,8,9,12,13,14,18,19
226,3,7,8,9,12,13,14,18,19
227,3,7,8,9,12,13,14,18,19
228,3,7,8,9,12,13,14,18,19
229,3,7,8,9,12,13,14,18,19
230,3,7,8,9,12,13,14,18,19
231,3,7,8,9,12,13,14,18,19
232,3,7,8,9,12,13,14,18,19
233,3,7,8,9,12,13,14,18,19
234,3,7,8,9,12,13,14,18,19
235,3,7,8,9,12,13,14,18,19
236,3,7,8,9,12,13,14,18,19
237,3,7,8,9,12,13,14,18,19
238,3,7,8,9,12,13,14,18,19
239,3,7,8,9,12,13,14,18,19
240,3,7,8,9,12,13,14,18,19
241,3,7,8,9,12,13,14,18,19
242,3,7,8,9,12,13,14,18,19
243,3,7,8,9,12,13,14,18,19
244,3,7,8,9,12,13,14,18,19
245,3,7,8,9,12,13,14,18,19
246,3,7,8,9,12,13,14,18,19
247,3,7,8,9,12,13,14,18,19
248,3,7,8,9,12,13,14,18,19
249,3,7,8,9,12,13,14,18,19
250,3,7,8,9,12,13,14,18,19
251,3,7,8,9,12,13,14,18,19
252,3,7,8,9,12,13,14,18,19
253,3,7,8,9,12,13,14,18,19
254,3,7,8,9,12,13,14,18,19
255,3,7,8,9,12,13,14,18,19
256,3,7,8,9,12,13,14,18,19
257,3,7,8,9,12,13,14,18,19
258,3,7,8,9,12,13,14,18,19
259,3,7,8,9,12,13,14,18,19
260,3,7,8,9,12,13,14,18,19
261,3,7,8,9,12,13,14,18,19
262,3,7,8,9,12,13,14,18,19
263,3,7,8,9,12,13,14,18,19
264,3,7,8,9,12,13,14,18,19
265,3,7,8,9,12,13,14,18,19
266,3,7,8,9,12,13,14,18,19
267,3,7,8,9,12,13,14,18,19
268,3,7,8,9,12,13,14,18,19
269,3,7,8,9,12,13,14,17,18,19
270,3,7,8,9,12,13,14,17,18,19
271,3,7,8,9,12,13,14,17,18,19
272,3,7,8,9,12,13,14,17,18,19
273,3,7,8,9,12,13,14,17,18,19
274,3,7,8,9,12,13,14,17,18,19
275,3,7,8,9,12,13,14,17,18,19
276,3,7,8,9,12,13,14,17,18,19
277,3,7,8,9,12,13,14,17,18,19
278,3,7,8,9,12,13,14,17,18,19
279,3,7,8,9,12,13,14,17,18,19
280,3,7,8,9,12,13,14,17,18,19
281,3,7,8,9,12,13,14,17,18,19
282,3,7,8,9,12,13,14,17,18,19
283,3,7,8,9,12,13,14,17,18,19
284,3,7,8,9,12,13,14,17,18,19
285,3,7,8,9,12,13,14,17,18,19
286,3,7,8,9,12,13,14,17,18,19
287,3,7,8,9,12,13,14,17,18,19
288,3,7,8,9,12,13,14,17,18,19
289,3,7,8,9,12,13,14,17,18,19
290,3,7,8,9,12,13,14,17,18,19
291,3,7,8,9,12,13,14,17,18,19
292,3,7,8,9,12,13,14,17,18,19
293,3,7,8,9,12,13,14,17,18,19
294,3,7,8,9,12,13,14,17,18,19
295,3,7,8,9,12,13,14,17,18,19
296,3,7,8,9,12,13,14,17,18,19
297,3,7,8,9,12,13,14,17,18,19
298,3,7,8,9,12,13,14,17,18,19
299,3,7,8,9,12,13,14,17,18,19
300,3,7,8,9,12,13,14,17,18,19
301,3,7,8,9,12,13,14,17,18
302,3,7,8,9,12,13,14,17,18
303,3,7,8,12,13,14,17,18
304,3,7,8,12,13,14,17,18
305,3,7,8,12,13,14,17,18
306,3,7,8,12,13,14,17,18
307,3,7,8,12,13,17,18
308,3,7,8,12,13,17,18
309,3,7,8,12,13,17,18
310,3,7,8,12,13,17,18
311,3,7,8,12,13,14,17,18
312,3,7,8,12,13,14,17,18
313,3,7,8,12,13,14,17,18
314,3,7,8,12,13,14,17,18
315,3,7,8,12,13,14,17,18
316,3,7,8,12,13,14,17,18
317,3,7,8,12,13,14,17,18
318,3,7,8,12,13,14,17,18
319,3,7,8,12,13,14,17,18
320,3,7,8,12,13,14,17,18
321,3,7,8,12,13,14,17,18
322,3,7,8,12,13,14,17,18
323,3,7,8,12,13,14,17,18
324,3,7,8,12,13,14,17,18
325,3,7,8,12,13,14,17,18
326,3,7,8,12,13,14,17,18
327,3,7,8,12,13,14,17,18
328,3,7,8,12,13,14,17,18
329,3,7,8,12,13,17,18
330,3,7,8,12,13,17,18
331,3,7,8,12,13,17,18
332,3,7,8,12,13,17,18
333,3,7,8,12,13,17,18
334,3,7,8,12,13,17,18
335,3,7,8,12,13,17,18
336,3,7,8,12,13,17,18
337,7,8,12,13,17,18
338,7,8,12,13,17,18
339,3,7,8,12,13,17,18
340,3,7,8,12,13,17,18
341,3,7,8,12,13,17,18
342,3,7,8,12,13,17,18
343,2,3,7,8,12,13,17,18
344,2,3,7,8,12,13,17,18
345,2,3,7,8,12,13,17,18
346,2,3,7,8,12,13,17,18
347,2,3,7,8,12,13,17,18
348,2,3,7,8,12,13,17,18
349,2,3,7,8,12,13,17,18
350,2,3,7,8,12,13,17,18
351,2,7,8,12,13,17,18
352,2,7,8,12,13,17,18
353,2,7,8,12,13,17,18
354,2,7,8,12,13,17,18
355,2,6,7,8,11,12,13,17,18
356,2,6,7,8,11,12,13,17,18
357,2,6,7,8,11,12,13,16,17,18
358,2,6,7,8,11,12,13,16,17,18
359,2,6,7,8,11,12,13,16,17,18
360,2,6,7,8,11,12,13,16,17,18
361,6,7,8,11,12,13,16,17,18
362,6,7,8,11,12,13,16,17,18
363,6,7,8,11,12,13,16,17,18
364,6,7,8,11,12,13,16,17,18
365,6,7,11,12,13,16,17
366,6,7,11,12,13,16,17
367,6,7,11,12,16,17
368,6,7,11,12,16,17
369,6,7,11,12,16,17
370,6,7,11,12,16,17
371,6,7,11,12,16,17
372,6,7,11,12,16,17
373,6,7,11,12,16,17
374,6,7,11,12,16,17
375,6,7,11,12,16,17
376,6,7,11,12,16,17
377,6,7,11,12,16,17
378,6,7,11,12,16,17
379,6,7,11,12,16,17
380,6,7,11,12,16,17
381,6,7,11,12,16,17
382,6,7,11,12,16,17
383,6,7,11,12,16,17,21,22
384,6,7,11,12,16,17,21,22
385,6,7,11,12,16,17,21
386,6,7,11,12,16,17,21
387,6,7,11,12,16,17,21
388,6,7,11,12,16,17,21
389,6,7,11,12,16,17,21
390,6,7,11,12,16,17,21
391,6,7,11,12,15,16,17,21
392,6,7,11,12,15,16,17,21
393,6,7,11,12,15,16,17,20,21
394,6,7,11,12,15,16,17,20,21
395,6,7,10,11,12,15,16,17,20,21
396,6,7,10,11,12,15,16,17,20,21
397,6,7,10,11,12,15,16,17,20,21
398,6,7,10,11,12,15,16,17,20,21
399,6,7,10,11,12,15,16,17,20,21
400,6,7,10,11,12,15,16,17,20,21
401,6,7,10,11,12,15,16,17,20,21
402,6,7,10,11,12,15,16,17,20,21
403,6,7,10,11,12,15,16,17,20,21
404,6,7,10,11,12,15,16,17,20,21
405,6,7,10,11,12,15,16,17,20,21
406,6,7,10,11,12,15,16,17,20,21
407,6,10,11,12,15,16,17,20,21
408,6,10,11,12,15,16,17,20,21
409,6,10,11,12,15,16,17,20,21
410,6,10,11,12,15,16,17,20,21
411,6,10,11,12,15,16,20,21
412,6,10,11,12,15,16,20,21
413,6,10,11,15,16,20,21
414,6,10,11,15,16,20,21
415,6,10,11,15,16,20,21
416,6,10,11,15,16,20,21
417,6,10,11,15,16,20,21,25
418,6,10,11,15,16,20,21,25
419,1,5,6,10,11,15,16,20
420,1,5,6,10,11,15,16,20
421,1,5,6,10,11,15,16,20
422,1,5,6,10,11,15,16,20
423,1,5,6,10,11,15,16,20
424,1,5,6,10,11,15,16,20
425,1,5,6,10,11,15,16,20
426,1,5,6,10,11,15,16,20
427,1,5,6,10,11,15,16,20
428,1,5,6,10,11,15,16,20
429,1,5,6,10,11,15,16,20
430,1,5,6,10,11,15,16,20
431,1,5,6,10,11,15,16,20
432,1,5,6,10,11,15,16,20
433,1,5,6,10,11,15,16,20
434,1,5,6,10,11,15,16,20
435,1,5,6,10,11,15,16,20
436,1,5,6,10,11,15,16,20
437,1,5,6,10,11,15,16,20
438,1,5,6,10,11,15,16,20
439,1,5,6,10,11,15,16,20
440,1,5,6,10,11,15,16,20
441,1,5,6,10,11,15,16,20
442,1,5,6,10,11,15,16,20
443,1,5,6,10,11,15,16,20
444,1,5,6,10,11,15,16,20
445,1,5,6,10,11,15,16,20
446,1,5,6,10,11,15,16,20
447,1,5,6,10,11,15,16,20
448,1,5,6,10,11,15,16,20
449,1,5,6,10,11,15,16,20
450,1,5,6,10,11,15,16,20
451,1,5,6,10,11,15,16,20
452,1,5,6,10,11,15,16,20
453,1,5,6,10,11,15,16,20
454,1,5,6,10,11,15,16,20
455,1,5,6,10,11,15,16,20
456,1,5,6,10,11,15,16,20
457,1,5,6,10,11,15,16,20
458,1,5,6,10,11,15,16,20
459,1,5,6,10,11,15,16,20
460,1,5,6,10,11,15,16,20
461,1,5,6,10,11,15,16,20
462,1,5,6,10,11,15,16,20
463,1,5,6,10,11,15,16,20
464,1,5,6,10,11,15,16,20
465,1,5,6,10,11,15,16,20
466,1,5,6,10,11,15,16,20
467,1,5,6,10,11,15,16,20
468,1,5,6,10,11,15,16,20
469,1,5,6,10,11,15,16,20
470,1,5,6,10,11,15,16,20
471,1,5,6,10,11,15,16,20
472,1,5,6,10,11,15,16,20
473,1,5,6,10,11,15,16,20
474,1,5,6,10,11,15,16,20
475,1,5,6,10,11,15,16,20
476,1,5,6,10,11,15,16,20
477,1,5,6,10,11,15,16,20
478,1,5,6,10,11,15,16,20
479,1,5,6,10,11,15,16,20
480,1,5,6,10,11,15,16,20
481,1,5,6,10,11,15,16,20
482,1,5,6,10,11,15,16,20
483,1,5,6,10,11,15,16,20
484,1,5,6,10,11,15,16,20
485,1,5,6,10,11,15,16,20
486,1,5,6,10,11,15,16,20
487,1,5,6,10,11,15,16,20
488,1,5,6,10,11,15,16,20
489,1,5,6,10,11,15,16,20
490,1,5,6,10,11,15,16,20
491,1,5,6,10,11,15,16,20
492,1,5,6,10,11,15,16,20
493,1,5,6,10,11,15,16,20
494,1,5,6,10,11,15,16,20
495,1,5,6,10,11,15,16,20
496,1,5,6,10,11,15,16,20
497,1,5,6,10,11,15,16,20
498,1,5,6,10,11,15,16,20
499,1,5,6,10,11,15,16,20
500,1,5,6,10,11,15,16,20
501,1,5,6,10,11,15,16,20
502,1,5,6,10,11,15,16,20
503,1,5,6,10,11,15,16,20
504,1,5,6,10,11,15,16,20
505,1,5,6,10,11,15,16,20
506,1,5,6,10,11,15,16,20
507,1,5,6,10,11,15,16,20
508,1,5,6,10,11,15,16,20
509,1,5,6,10,11,15,16,20
510,1,5,6,10,11,15,16,20
511,1,5,6,10,11,15,16,20
512,1,5,6,10,11,15,16,20
513,1,5,6,10,11,15,16,20
514,1,5,6,10,11,15,16,20
515,1,5,6,10,11,15,16,20
516,1,5,6,10,11,15,16,20
517,6,10,11,15,16,20,21
518,6,10,11,15,16,20,21
519,6,10,11,15,16,20,21
520,6,10,11,15,16,20,21
521,6,10,11,12,15,16,20,21
522,6,10,11,12,15,16,20,21
523,6,7,10,11,12,15,16,17,20,21
524,6,7,10,11,12,15,16,17,20,21
525,6,7,10,11,12,15,16,17,20,21
526,6,7,10,11,12,15,16,17,20,21
527,6,7,11,12,15,16,17,20
528,6,7,11,12,15,16,17,20
529,6,7,11,12,16,17
530,6,7,11,12,16,17
531,6,7,11,12,16,17
532,6,7,11,12,16,17
533,6,7,11,12,16,17
534,6,7,11,12,16,17
535,6,7,11,12,16,17
536,6,7,11,12,16,17
537,6,7,11,12,16,17,21
538,6,7,11,12,16,17,21
539,6,7,11,12,16,17,21
540,6,7,11,12,16,17,21
541,6,7,11,12,16,17,21
542,6,7,11,12,16,17,21
543,6,7,11,12,16,17,21
544,6,7,11,12,16,17,21
545,6,7,11,12,16,17,21,22
546,6,7,11,12,16,17,21,22
547,6,7,11,12,16,17,21,22
548,6,7,11,12,16,17,21,22
549,6,7,11,12,16,17,21,22
550,6,7,11,12,16,17,21,22
551,6,7,11,12,16,17,21,22
552,6,7,11,12,16,17,21,22
553,6,7,11,12,16,17,21,22
554,6,7,11,12,16,17,21,22
555,6,7,11,12,16,17,21,22
556,6,7,11,12,16,17,21,22
557,6,7,11,12,16,17,21,22
558,6,7,11,12,16,17,21,22
559,6,7,11,12,16,17,21,22
560,6,7,11,12,16,17,21,22
561,6,7,11,12,16,17,21,22
562,6,7,11,12,16,17,21,22
563,6,7,11,12,16,17,22
564,6,7,11,12,16,17,22
565,6,7,11,12,16,17
566,6,7,11,12,16,17
567,6,7,8,11,12,13,16,17,18
568,6,7,8,11,12,13,16,17,18
569,6,7,8,11,12,13,16,17,18
570,6,7,8,11,12,13,16,17,18
571,7,8,11,12,13,17,18
572,7,8,11,12,13,17,18
573,7,8,12,13,17,18
574,7,8,12,13,17,18
575,7,8,12,13,17,18
576,7,8,12,13,17,18
577,7,8,12,13,17,18
578,7,8,12,13,17,18
579,7,8,12,13,17,18
580,7,8,12,13,17,18
581,3,7,8,12,13,17,18
582,3,7,8,12,13,17,18
583,3,7,8,12,13,17,18
584,3,7,8,12,13,17,18
585,3,7,8,12,13,17,18
586,3,7,8,12,13,17,18
587,3,7,8,12,13,17,18
588,3,7,8,12,13,17,18
589,3,7,8,12,13,17,18
590,3,7,8,12,13,17,18
591,3,7,8,12,13,17,18
592,3,7,8,12,13,17,18
593,3,7,8,12,13,17,18
594,3,7,8,12,13,17,18
595,3,7,8,12,13,17,18
596,3,7,8,12,13,17,18
597,3,7,8,12,13,17,18
598,3,7,8,12,13,17,18
599,3,7,8,12,13,17,18
600,3,7,8,12,13,17,18
601,3,7,8,12,13,17,18
602,3,7,8,12,13,17,18
603,3,7,8,12,13,17,18
604,3,7,8,12,13,17,18
605,3,7,8,12,13,17,18
606,3,7,8,12,13,17,18
607,3,7,8,12,13,17,18
608,3,7,8,12,13,17,18
609,3,7,8,12,13,17,18
610,3,7,8,12,13,17,18
611,7,8,12,13,17,18
612,7,8,12,13,17,18
613,7,8,12,13,17,18
614,7,8,12,13,17,18
615,7,8,12,13,17,18
616,7,8,12,13,17,18
617,7,8,12,13,17,18
618,7,8,12,13,17,18
619,7,8,12,13,17,18
620,7,8,12,13,17,18
621,7,8,12,13,17,18
622,7,8,12,13,17,18
623,7,8,12,13,17,18
624,7,8,12,13,17,18
625,7,8,12,13,17,18
626,7,8,12,13,17,18
627,7,8,12,13,17,18
628,7,8,12,13,17,18
629,7,8,12,13,17,18
630,7,8,12,13,17,18
631,7,8,12,13,17,18
632,7,8,12,13,17,18
633,7,8,12,13,17,18
634,7,8,12,13,17,18
635,7,8,12,13,17,18
636,7,8,12,13,17,18
637,7,8,12,13,17,18
638,7,8,12,13,17,18
639,7,8,12,13,17,18
640,7,8,12,13,17,18
641,7,8,12,13,17,18
642,7,8,12,13,17,18
643,7,8,12,13,17,18
644,7,8,12,13,17,18
645,7,8,12,13,17,18
646,7,8,12,13,17,18
647,7,8,12,13,17,18
648,7,8,12,13,17,18
649,7,8,12,13,17,18
650,7,8,12,13,17,18
651,7,8,12,13,17,18
652,7,8,12,13,17,18
653,7,8,12,13,17,18
654,7,8,12,13,17,18
655,7,8,12,13,17,18
656,7,8,12,13,17,18
657,7,8,12,13,17,18
658,7,8,12,13,17,18
659,7,8,12,13,17,18
660,7,8,12,13,17,18
661,3,7,8,12,13,17,18
662,3,7,8,12,13,17,18
663,3,7,8,12,13,17,18
664,3,7,8,12,13,17,18
665,3,7,8,12,13,17,18
666,3,7,8,12,13,17,18
667,3,7,8,12,13,17,18
668,3,7,8,12,13,17,18
669,3,7,8,12,13,14,17,18
670,3,7,8,12,13,14,17,18
671,3,7,8,12,13,14,17,18
672,3,7,8,12,13,14,17,18
673,7,8,12,13,14,17,18
674,7,8,12,13,14,17,18
675,7,8,9,12,13,14,17,18
676,7,8,9,12,13,14,17,18
677,7,8,9,12,13,14,17,18
678,7,8,9,12,13,14,17,18
679,3,7,8,9,12,13,14,17,18
680,3,7,8,9,12,13,14,17,18
681,3,7,8,9,12,13,14,17,18
682,3,7,8,9,12,13,14,17,18
683,3,7,8,9,12,13,14,17,18
684,3,7,8,9,12,13,14,17,18
685,7,8,9,12,13,14,17,18
686,7,8,9,12,13,14,17,18
687,7,8,9,12,13,14,17,18
688,7,8,9,12,13,14,17,18
689,7,8,9,12,13,14,17,18
690,7,8,9,12,13,14,17,18
691,7,8,9,12,13,14,17,18
692,7,8,9,12,13,14,17,18
693,7,8,9,12,13,14,17,18
694,7,8,9,12,13,14,17,18
695,7,8,9,12,13,14,17,18
696,7,8,9,12,13,14,17,18
697,7,8,12,13,14,17,18
698,7,8,12,13,14,17,18
699,7,8,12,13,14,17,18
700,7,8,12,13,14,17,18
701,7,8,12,13,14,17,18
702,7,8,12,13,14,17,18
703,7,8,12,13,17,18
704,7,8,12,13,17,18
705,7,8,12,13,17,18
706,7,8,12,13,17,18
707,7,8,12,13,17,18
708,7,8,12,13,17,18
709,7,8,12,13,17,18
710,7,8,12,13,17,18
711,7,8,12,13,17,18
712,7,8,12,13,17,18
713,7,8,12,13,17,18
714,7,8,12,13,17,18
715,7,8,12,13,17,18
716,7,8,12,13,17,18
717,7,8,12,13,17,18
718,7,8,12,13,17,18
719,7,8,12,13,17,18
720,7,8,12,13,17,18
721,7,8,12,13,17,18
722,7,8,12,13,17,18
723,7,8,12,13,17,18
724,7,8,12,13,17,18
725,7,8,12,13,17,18
726,7,8,12,13,17,18
727,7,8,12,13,14,17,18
728,7,8,12,13,14,17,18
729,7,8,12,13,14,17,18
730,7,8,12,13,14,17,18
731,7,8,12,13,14,17,18
732,7,8,12,13,14,17,18
733,7,8,12,13,14,17,18
734,7,8,12,13,14,17,18
735,7,8,12,13,14,17,18
736,7,8,12,13,14,17,18
737,7,8,12,13,14,17,18
738,7,8,12,13,14,17,18
739,7,8,12,13,14,17,18
740,7,8,12,13,14,17,18
741,7,8,12,13,14,17,18
742,7,8,12,13,14,17,18
743,7,8,12,13,14,17,18
744,7,8,12,13,14,17,18
745,7,8,12,13,14,17,18
746,7,8,12,13,14,17,18
747,7,8,12,13,14,17,18
748,7,8,12,13,14,17,18
749,7,8,12,13,14,17,18
750,7,8,12,13,14,17,18
751,7,8,12,13,14,17,18
752,7,8,12,13,14,17,18
753,7,8,12,13,14,17,18
754,7,8,12,13,14,17,18
755,7,8,12,13,14,17,18
756,7,8,12,13,14,17,18
757,7,8,12,13,14,17,18
758,7,8,12,13,14,17,18
759,7,8,9,12,13,14,17,18,19
760,7,8,9,12,13,14,17,18,19
761,7,8,9,12,13,14,17,18,19
762,7,8,9,12,13,14,17,18,19
763,7,8,9,12,13,14,17,18,19
764,7,8,9,12,13,14,17,18,19
765,7,8,9,12,13,14,17,18,19
766,7,8,9,12,13,14,17,18,19
767,7,8,9,12,13,14,17,18,19
768,7,8,9,12,13,14,17,18,19
769,7,8,9,12,13,14,17,18,19
770,7,8,9,12,13,14,17,18,19
771,7,8,9,12,13,14,17,18,19
772,7,8,9,12,13,14,17,18,19
773,7,8,9,12,13,14,17,18,19
774,7,8,9,12,13,14,17,18,19
775,7,8,9,12,13,14,17,18,19
776,7,8,9,12,13,14,17,18,19
777,7,8,9,12,13,14,17,18,19
778,7,8,9,12,13,14,17,18,19
779,7,8,9,12,13,14,17,18,19
780,7,8,9,12,13,14,17,18,19
781,7,8,9,12,13,14,17,18,19
782,7,8,9,12,13,14,17,18,19
783,7,8,9,12,13,14,17,18,19
784,7,8,9,12,13,14,17,18,19
785,7,8,9,12,13,14,17,18,19
786,7,8,9,12,13,14,17,18,19
787,7,8,9,12,13,14,17,18,19
788,7,8,9,12,13,14,17,18,19
789,7,8,9,12,13,14,17,18,19
790,7,8,9,12,13,14,17,18,19
791,7,8,9,12,13,14,17,18,19
792,7,8,9,12,13,14,17,18,19
793,7,8,9,12,13,14,17,18,19
794,7,8,9,12,13,14,17,18,19
795,7,8,9,12,13,14,17,18,19
796,7,8,9,12,13,14,17,18,19
797,7,8,9,12,13,14,17,18,19
798,7,8,9,12,13,14,17,18,19
799,7,8,9,12,13,14,17,18,19
800,7,8,9,12,13,14,17,18,19
801,7,8,9,12,13,14,17,18,19
802,7,8,9,12,13,14,17,18,19
803,7,8,9,12,13,14,17,18,19
804,7,8,9,12,13,14,17,18,19
805,7,8,9,12,13,14,17,18,19
806,7,8,9,12,13,14,17,18,19
807,7,8,9,12,13,14,17,18,19
808,7,8,9,12,13,14,17,18,19
809,7,8,9,12,13,14,17,18,19
810,7,8,9,12,13,14,17,18,19
811,7,8,9,12,13,14,17,18,19
812,7,8,9,12,13,14,17,18,19
813,7,8,9,12,13,14,17,18,19
814,7,8,9,12,13,14,17,18,19
815,7,8,9,12,13,14,17,18,19
816,7,8,9,12,13,14,17,18,19
817,7,8,9,12,13,14,17,18,19
818,7,8,9,12,13,14,17,18,19
819,7,8,9,12,13,14,17,18,19
820,7,8,9,12,13,14,17,18,19
821,7,8,9,12,13,14,17,18,19
822,7,8,9,12,13,14,17,18,19
823,7,8,9,12,13,14,17,18,19
824,7,8,9,12,13,14,17,18,19
825,7,8,9,12,13,14,17,18,19
826,7,8,9,12,13,14,17,18,19
827,7,8,9,12,13,14,17,18,19
828,7,8,9,12,13,14,17,18,19
829,7,8,9,12,13,14,17,18,19
830,7,8,9,12,13,14,17,18,19
831,7,8,9,12,13,14,17,18,19
832,7,8,9,12,13,14,17,18,19
833,8,9,12,13,14,18,19
834,8,9,12,13,14,18,19
835,8,9,13,14,18,19
836,8,9,13,14,18,19
837,8,9,13,14,18,19
838,8,9,13,14,18,19
839,8,9,13,14,18,19
840,8,9,13,14,18,19
841,8,9,13,14,18,19
842,8,9,13,14,18,19
843,8,9,13,14,18,19
844,8,9,13,14,18,19
845,8,9,13,14,18,19
846,8,9,13,14,18,19
847,8,9,13,14,18,19
848,8,9,13,14,18,19
849,8,9,13,14,18,19
850,8,9,13,14,18,19
851,8,9,13,14,18,19
852,8,9,13,14,18,19
853,8,9,13,14,18,19
854,8,9,13,14,18,19
855,8,9,13,14,18,19
856,8,9,13,14,18,19
857,8,9,13,14,18,19
858,8,9,13,14,18,19
859,8,9,13,14,18,19
860,8,9,13,14,18,19
861,8,9,13,14,18,19
862,8,9,13,14,18,19
863,8,9,13,14,18,19
864,8,9,13,14,18,19
865,8,9,13,14,18,19
866,8,9,13,14,18,19
867,4,8,9,13,14,18,19
868,4,8,9,13,14,18,19
869,4,8,9,13,14,18,19
870,4,8,9,13,14,18,19
871,4,8,9,13,14,18,19
872,4,8,9,13,14,18,19
873,4,8,9,13,14,18,19
874,4,8,9,13,14,18,19
875,4,8,9,13,14,18,19
876,4,8,9,13,14,18,19
877,8,9,13,14,18,19
878,8,9,13,14,18,19
879,8,9,13,14,18,19
880,8,9,13,14,18,19
881,8,9,13,14,18,19
882,8,9,13,14,18,19
883,8,9,13,14,18,19
884,8,9,13,14,18,19
885,8,9,13,14,18,19
886,8,9,13,14,18,19
887,8,9,13,14,18,19
888,8,9,13,14,18,19
889,8,9,13,14,18,19
890,8,9,13,14,18,19
891,8,9,13,14,18,19
892,8,9,13,14,18,19
893,8,9,13,14,18,19
894,8,9,13,14,18,19
895,8,9,13,14,18,19,23
896,8,9,13,14,18,19,23
897,8,9,13,14,18,19,23
898,8,9,13,14,18,19,23
899,8,9,13,14,18,19,23
900,8,9,13,14,18,19,23
901,8,9,12,13,14,18,19,23
902,8,9,12,13,14,18,19,23
903,8,9,12,13,14,17,18,19,23
904,8,9,12,13,14,17,18,19,23
905,8,9,12,13,14,17,18,19,23
906,8,9,12,13,14,17,18,19,23
907,8,9,12,13,14,17,18,19,23
908,8,9,12,13,14,17,18,19,23
909,8,9,12,13,14,17,18,19,23
910,8,9,12,13,14,17,18,19,23
911,7,8,9,12,13,14,17,18,19,23
912,7,8,9,12,13,14,17,18,19,23
913,7,8,9,12,13,14,17,18,19,23
914,7,8,9,12,13,14,17,18,19,23
915,7,8,9,12,13,14,17,18,19,23
916,7,8,9,12,13,14,17,18,19,23
917,7,8,9,12,13,14,17,18,19,23
918,7,8,9,12,13,14,17,18,19,23
919,7,8,9,12,13,14,17,18,19,23
920,7,8,9,12,13,14,17,18,19,23
921,7,8,9,12,13,14,17,18,19,23
922,7,8,9,12,13,14,17,18,19,23
923,7,8,9,12,13,14,17,18,19,23
924,7,8,9,12,13,14,17,18,19,23
925,7,8,9,12,13,14,17,18,19,23
926,7,8,9,12,13,14,17,18,19,23
927,7,8,9,12,13,14,17,18,19,23
928,7,8,9,12,13,14,17,18,19,23
929,7,8,9,12,13,14,17,18,19,23
930,7,8,9,12,13,14,17,18,19,23
931,7,8,9,12,13,14,17,18,19,23
932,7,8,9,12,13,14,17,18,19,23
933,7,8,9,12,13,14,17,18,19,23
934,7,8,9,12,13,14,17,18,19,23
935,7,8,9,12,13,14,17,18,19,23
936,7,8,9,12,13,14,17,18,19,23
937,7,8,9,12,13,14,17,18,19,23
938,7,8,9,12,13,14,17,18,19,23
939,7,8,9,12,13,14,17,18,19,23
940,7,8,9,12,13,14,17,18,19,23
941,7,8,9,12,13,14,17,18,19,23
942,7,8,9,12,13,14,17,18,19,23
943,7,8,9,12,13,14,17,18,19,23
944,7,8,9,12,13,14,17,18,19,23
945,7,8,9,12,13,14,17,18,19,23
946,7,8,9,12,13,14,17,18,19,23
947,7,8,9,12,13,14,17,18,19,23
948,7,8,9,12,13,14,17,18,19,23
949,7,8,9,12,13,14,17,18,19,23
950,7,8,9,12,13,14,17,18,19,23
951,8,9,12,13,14,17,18,19,23
952,8,9,12,13,14,17,18,19,23
953,8,9,12,13,14,17,18,19,23
954,8,9,12,13,14,17,18,19,23
955,8,9,12,13,14,17,18,19,23
956,8,9,12,13,14,17,18,19,23
957,8,9,12,13,14,17,18,19,23
958,8,9,12,13,14,17,18,19,23
959,8,9,12,13,14,17,18,19,23
960,8,9,12,13,14,17,18,19,23
961,8,9,12,13,14,17,18,19,23
962,8,9,12,13,14,17,18,19,23
963,7,8,9,12,13,14,17,18,19,23
964,7,8,9,12,13,14,17,18,19,23
965,7,8,9,12,13,14,17,18,19,23
966,7,8,9,12,13,14,17,18,19,23
967,7,8,9,12,13,14,17,18,19,23
968,7,8,9,12,13,14,17,18,19,23
969,7,8,9,12,13,14,17,18,19,23
970,7,8,9,12,13,14,17,18,19,23
971,7,8,9,12,13,14,17,18,19,23
972,7,8,9,12,13,14,17,18,19,23
973,7,8,9,12,13,14,17,18,19,23
974,7,8,9,12,13,14,17,18,19,23
975,7,8,9,12,13,14,17,18,19,23
976,7,8,9,12,13,14,17,18,19,23
977,7,8,9,12,13,14,17,18,19,23
978,7,8,9,12,13,14,17,18,19,23
979,7,8,9,12,13,14,17,18,19,23
980,7,8,9,12,13,14,17,18,19,23
981,7,8,9,12,13,14,17,18,19,23
982,7,8,9,12,13,14,17,18,19,23
983,7,8,9,12,13,14,17,18,19,23
984,7,8,9,12,13,14,17,18,19,23
985,7,8,9,12,13,14,17,18,19,23
986,7,8,9,12,13,14,17,18,19,23
987,7,8,9,12,13,14,17,18,19,23
988,7,8,9,12,13,14,17,18,19,23
989,7,8,9,12,13,14,17,18,19,23
990,7,8,9,12,13,14,17,18,19,23
991,7,8,9,12,13,14,17,18,19,23
992,7,8,9,12,13,14,17,18,19,23
993,7,8,9,12,13,14,17,18,19,23
994,7,8,9,12,13,14,17,18,19,23
995,7,8,9,12,13,14,17,18,19,23
996,7,8,9,12,13,14,17,18,19,23
997,7,8,9,12,13,14,17,18,19,23
998,7,8,9,12,13,14,17,18,19,23
999,7,8,9,12,13,14,17,18,19,23
1000,7,8,9,12,13,14,17,18,19,23
1001,7,8,9,12,13,14,17,18,19,23
1002,7,8,9,12,13,14,17,18,19,23
1003,7,8,9,12,13,14,17,18,19,23
1004,7,8,9,12,13,14,17,18,19,23
1005,7,8,9,12,13,14,17,18,19,23
1006,7,8,9,12,13,14,17,18,19,23
1007,7,8,9,12,13,14,17,18,19,23
1008,7,8,9,12,13,14,17,18,19,23
1009,7,8,9,12,13,14,17,18,19,23
1010,7,8,9,12,13,14,17,18,19,23
1011,7,8,9,12,13,14,17,18,19,23
1012,7,8,9,12,13,14,17,18,19,23
1013,7,8,9,12,13,14,17,18,19,23
1014,7,8,9,12,13,14,17,18,19,23
1015,7,8,9,12,13,14,17,18,19,23
1016,7,8,9,12,13,14,17,18,19,23
1017,7,8,9,12,13,14,17,18,19,23
1018,7,8,9,12,13,14,17,18,19,23
1019,7,8,9,12,13,14,17,18,19,23
1020,7,8,9,12,13,14,17,18,19,23
1021,7,8,9,12,13,14,17,18,19,23
1022,7,8,9,12,13,14,17,18,19,23
1023,7,8,9,12,13,14,17,18,19,23
1024,7,8,9,12,13,14,17,18,19,23
1025,7,8,9,12,13,14,17,18,19,23
1026,7,8,9,12,13,14,17,18,19,23
1027,7,8,9,12,13,14,17,18,19,23
1028,7,8,9,12,13,14,17,18,19,23
1029,7,8,9,12,13,14,17,18,19,23
1030,7,8,9,12,13,14,17,18,19,23
1031,7,8,9,12,13,14,17,18,19,23
1032,7,8,9,12,13,14,17,18,19,23
1033,7,8,9,12,13,14,17,18,19,23
1034,7,8,9,12,13,14,17,18,19,23
1035,7,8,9,12,13,14,17,18,19,23
1036,7,8,9,12,13,14,17,18,19,23
1037,7,8,9,12,13,14,17,18,19,23
1038,7,8,9,12,13,14,17,18,19,23
1039,7,8,9,12,13,14,17,18,19,23
1040,7,8,9,12,13,14,17,18,19,23
1041,7,8,9,12,13,14,17,18,19,23
1042,7,8,9,12,13,14,17,18,19,23
1043,7,8,9,12,13,14,17,18,19,23
1044,7,8,9,12,13,14,17,18,19,23
1045,7,8,9,12,13,14,17,18,19,23
1046,7,8,9,12,13,14,17,18,19,23
1047,7,8,9,12,13,14,17,18,19,23
1048,7,8,9,12,13,14,17,18,19,23
1049,7,8,9,12,13,14,17,18,19,23
1050,7,8,9,12,13,14,17,18,19,23
1051,7,8,9,12,13,14,17,18,19,23
1052,7,8,9,12,13,14,17,18,19,23
1053,7,8,9,12,13,14,17,18,19,23
1054,7,8,9,12,13,14,17,18,19,23
1055,7,8,12,13,14,17,18,19,23
1056,7,8,12,13,14,17,18,19,23
1057,7,8,12,13,14,17,18,19,23
1058,7,8,12,13,14,17,18,19,23
1059,7,8,12,13,14,17,18,19,23
1060,7,8,12,13,14,17,18,19,23
1061,7,8,9,12,13,14,17,18,19,23
1062,7,8,9,12,13,14,17,18,19,23
1063,7,8,9,12,13,14,17,18,19,23
1064,7,8,9,12,13,14,17,18,19,23
1065,7,8,9,12,13,14,17,18,19,23
1066,7,8,9,12,13,14,17,18,19,23
1067,7,8,9,12,13,14,17,18,19,23
1068,7,8,9,12,13,14,17,18,19,23
1069,7,8,9,12,13,14,17,18,19,23
1070,7,8,9,12,13,14,17,18,19,23
1071,7,8,9,12,13,14,17,18,19,23
1072,7,8,9,12,13,14,17,18,19,23
1073,7,8,9,12,13,14,17,18,19,23
1074,7,8,9,12,13,14,17,18,19,23
1075,7,8,9,12,13,14,17,18,19,23
1076,7,8,9,12,13,14,17,18,19,23
1077,7,8,9,12,13,14,17,18,19,23
1078,7,8,9,12,13,14,17,18,19,23
1079,7,8,9,12,13,14,17,18,19,23
1080,7,8,9,12,13,14,17,18,19,23
1081,7,8,9,12,13,14,17,18,19,23
1082,7,8,9,12,13,14,17,18,19,23
1083,7,8,9,12,13,14,17,18,19,23
1084,7,8,9,12,13,14,17,18,19,23
1085,7,8,9,12,13,14,17,18,19,23
1086,7,8,9,12,13,14,17,18,19,23
1087,7,8,9,12,13,14,17,18,19,23
1088,7,8,9,12,13,14,17,18,19,23
1089,7,8,9,12,13,14,17,18,19,23
1090,7,8,9,12,13,14,17,18,19,23
1091,7,8,9,12,13,14,17,18,19,23
1092,7,8,9,12,13,14,17,18,19,23
1093,7,8,9,12,13,14,17,18,19,23
1094,7,8,9,12,13,14,17,18,19,23
1095,7,8,9,12,13,14,17,18,19,23
1096,7,8,9,12,13,14,17,18,19,23
1097,7,8,9,12,13,14,17,18,19,23
1098,7,8,9,12,13,14,17,18,19,23
1099,7,8,9,12,13,14,17,18,19,23
1100,7,8,9,12,13,14,17,18,19,23
1101,7,8,9,12,13,14,17,18,19,23
1102,7,8,9,12,13,14,17,18,19,23
1103,7,8,9,12,13,14,17,18,19,23
1104,7,8,9,12,13,14,17,18,19,23
1105,7,8,9,12,13,14,17,18,19,23
1106,7,8,9,12,13,14,17,18,19,23
1107,7,8,9,12,13,14,17,18,19,23
1108,7,8,9,12,13,14,17,18,19,23
1109,7,8,9,12,13,14,17,18,19,23
1110,7,8,9,12,13,14,17,18,19,23
1111,7,8,9,12,13,14,17,18,19,23
1112,7,8,9,12,13,14,17,18,19,23
1113,7,8,9,12,13,14,17,18,19,23
1114,7,8,9,12,13,14,17,18,19,23
1115,7,8,9,12,13,14,17,18,19,23
1116,7,8,9,12,13,14,17,18,19,23
1117,7,8,9,12,13,14,17,18,19,23
1118,7,8,9,12,13,14,17,18,19,23
1119,7,8,9,12,13,14,17,18,19,23
1120,7,8,9,12,13,14,17,18,19,23
1121,7,8,9,12,13,14,17,18,19,23
1122,7,8,9,12,13,14,17,18,19,23
1123,7,8,9,12,13,14,17,18,19,23
1124,7,8,9,12,13,14,17,18,19,23
1125,7,8,9,12,13,14,17,18,19,23
1126,7,8,9,12,13,14,17,18,19,23
1127,7,8,9,12,13,14,17,18,19,23
1128,7,8,9,12,13,14,17,18,19,23
1129,7,8,9,12,13,14,17,18,19,23
1130,7,8,9,12,13,14,17,18,19,23
1131,7,8,9,12,13,14,17,18,19,23
1132,7,8,9,12,13,14,17,18,19,23
1133,7,8,9,12,13,14,17,18,19,23
1134,7,8,9,12,13,14,17,18,19,23
1135,7,8,9,12,13,14,17,18,19,23
1136,7,8,9,12,13,14,17,18,19,23
1137,7,8,9,12,13,14,17,18,19,23
1138,7,8,9,12,13,14,17,18,19,23
1139,7,8,9,12,13,14,17,18,19,23
1140,7,8,9,12,13,14,17,18,19,23
1141,7,8,9,12,13,14,17,18,19,23
1142,7,8,9,12,13,14,17,18,19,23
1143,7,8,9,12,13,14,17,18,19,23
1144,7,8,9,12,13,14,17,18,19,23
1145,7,8,9,12,13,14,17,18,19,23
1146,7,8,9,12,13,14,17,18,19,23
1147,7,8,9,12,13,14,17,18,19,23
1148,7,8,9,12,13,14,17,18,19,23
1149,7,8,9,12,13,14,17,18,19,23
1150,7,8,9,12,13,14,17,18,19,23
1151,7,8,9,12,13,14,17,18,19,23
1152,7,8,9,12,13,14,17,18,19,23
1153,7,8,9,12,13,14,17,18,19,23
1154,7,8,9,12,13,14,17,18,19,23
1155,7,8,9,12,13,14,17,18,19,23
1156,7,8,9,12,13,14,17,18,19,23
1157,7,8,9,12,13,14,17,18,19,23
1158,7,8,9,12,13,14,17,18,19,23
1159,7,8,9,12,13,14,17,18,19,23
1160,7,8,9,12,13,14,17,18,19,23
1161,7,8,9,12,13,14,17,18,19,23
1162,7,8,9,12,13,14,17,18,19,23
1163,7,8,9,12,13,14,17,18,19,23
1164,7,8,9,12,13,14,17,18,19,23
1165,7,8,9,12,13,14,17,18,19,23
1166,7,8,9,12,13,14,17,18,19,23
1167,7,8,9,12,13,14,17,18,19,23
1168,7,8,9,12,13,14,17,18,19,23
1169,7,8,9,12,13,14,17,18,19,23
1170,7,8,9,12,13,14,17,18,19,23
1171,7,8,9,12,13,14,17,18,19,23
1172,7,8,9,12,13,14,17,18,19,23
1173,7,8,9,12,13,14,17,18,19,23
1174,7,8,9,12,13,14,17,18,19,23
1175,7,8,9,12,13,14,17,18,19,23
1176,7,8,9,12,13,14,17,18,19,23
1177,7,8,9,12,13,14,17,18,19,23
1178,7,8,9,12,13,14,17,18,19,23
1179,7,8,9,12,13,14,17,18,19,23
1180,7,8,9,12,13,14,17,18,19,23
1181,7,8,9,12,13,14,17,18,19,23
1182,7,8,9,12,13,14,17,18,19,23
1183,7,8,9,12,13,14,17,18,19,23
1184,7,8,9,12,13,14,17,18,19,23
1185,7,8,9,12,13,14,17,18,19,23
1186,7,8,9,12,13,14,17,18,19,23
1187,7,8,9,12,13,14,17,18,19,23
1188,7,8,9,12,13,14,17,18,19,23
1189,7,8,9,12,13,14,17,18,19,23
1190,7,8,9,12,13,14,17,18,19,23
1191,7,8,9,12,13,14,17,18,19,23
1192,7,8,9,12,13,14,17,18,19,23
1193,7,8,9,12,13,14,17,18,19,23
1194,7,8,9,12,13,14,17,18,19,23
1195,7,8,9,12,13,14,17,18,19,23
1196,7,8,9,12,13,14,17,18,19,23
1197,7,8,9,12,13,14,17,18,19,23
1198,7,8,9,12,13,14,17,18,19,23
1199,7,8,9,12,13,14,17,18,19,23
1200,7,8,9,12,13,14,17,18,19,23
1201,7,8,9,12,13,14,17,18,19,23
1202,7,8,9,12,13,14,17,18,19,23
1203,7,8,9,12,13,14,17,18,19,23
1204,7,8,9,12,13,14,17,18,19,23
1205,7,8,9,12,13,14,17,18,19,23
1206,7,8,9,12,13,14,17,18,19,23
1207,7,8,9,12,13,14,17,18,19,23
1208,7,8,9,12,13,14,17,18,19,23
1209,7,8,9,12,13,14,17,18,19,23
1210,7,8,9,12,13,14,17,18,19,23
1211,7,8,9,12,13,14,17,18,19,23
1212,7,8,9,12,13,14,17,18,19,23
1213,7,8,9,12,13,14,17,18,19,23
1214,7,8,9,12,13,14,17,18,19,23
1215,7,8,9,12,13,14,17,18,19,23
1216,7,8,9,12,13,14,17,18,19,23
1217,7,8,9,12,13,14,17,18,19,23
1218,7,8,9,12,13,14,17,18,19,23
1219,7,8,9,12,13,14,17,18,19,23
1220,7,8,9,12,13,14,17,18,19,23
1221,7,8,9,12,13,14,17,18,19,23
1222,7,8,9,12,13,14,17,18,19,23
1223,7,8,9,12,13,14,17,18,19,23
1224,7,8,9,12,13,14,17,18,19,23
1225,7,8,12,13,14,17,18,19,23
1226,7,8,12,13,14,17,18,19,23
1227,7,8,12,13,14,17,18,19,23
1228,7,8,12,13,14,17,18,19,23
1229,7,8,12,13,14,17,18,23
1230,7,8,12,13,14,17,18,23
1231,7,8,12,13,14,17,18,23
1232,7,8,12,13,14,17,18,23
1233,7,8,12,13,17,18,23
1234,7,8,12,13,17,18,23
1235,7,8,12,13,17,18,23
1236,7,8,12,13,17,18,23
1237,7,8,12,13,17,18,23
1238,7,8,12,13,17,18,23
1239,7,8,12,13,17,18,23
1240,7,8,12,13,17,18,23
1241,7,8,12,13,17,18,23
1242,7,8,12,13,17,18,23
1243,7,8,12,13,17,18,23
1244,7,8,12,13,17,18,23
1245,7,8,12,13,17,18,23
1246,7,8,12,13,17,18,23
1247,7,8,12,13,17,18,23
1248,7,8,12,13,17,18,23
1249,7,8,12,13,17,18,22,23
1250,7,8,12,13,17,18,22,23
1251,7,8,12,13,17,18,22,23
1252,7,8,12,13,17,18,22,23
1253,7,8,12,13,17,18,22,23
1254,7,8,12,13,17,18,22,23
1255,7,8,12,13,17,18,22,23
1256,7,8,12,13,17,18,22,23
1257,7,8,12,13,17,18,22,23
1258,7,8,12,13,17,18,22,23
1259,7,8,12,13,17,18,22,23
1260,7,8,12,13,17,18,22,23
1261,7,8,12,13,17,18,22,23
1262,7,8,12,13,17,18,22,23
1263,7,8,12,13,17,18,22,23
1264,7,8,12,13,17,18,22,23
1265,7,8,12,13,17,18,22,23
1266,7,8,12,13,17,18,22,23
1267,7,8,12,13,17,18,22,23
1268,7,8,12,13,17,18,22,23
1269,7,8,12,13,17,18,22,23
1270,7,8,12,13,17,18,22,23
1271,7,8,12,13,17,18,22,23
1272,7,8,12,13,17,18,22,23
1273,7,8,12,13,17,18,22,23
1274,7,8,12,13,17,18,22,23
1275,7,8,12,13,17,18,22,23
1276,7,8,12,13,17,18,22,23
1277,7,8,12,13,17,18,22,23
1278,7,8,12,13,17,18,22,23
1279,7,8,12,13,17,18,22,23
1280,7,8,12,13,17,18,22,23
1281,7,8,12,13,17,18,22,23
1282,7,8,12,13,17,18,22,23
1283,7,8,12,13,17,18,23
1284,7,8,12,13,17,18,23
1285,7,8,12,13,17,18,23
1286,7,8,12,13,17,18,23
1287,7,8,12,13,14,17,18,19,23
1288,7,8,12,13,14,17,18,19,23
1289,7,8,9,12,13,14,17,18,19,23
1290,7,8,9,12,13,14,17,18,19,23
1291,7,8,9,12,13,14,17,18,19,23
1292,7,8,9,12,13,14,17,18,19,23
1293,7,8,9,12,13,14,17,18,19,23
1294,7,8,9,12,13,14,17,18,19,23
1295,7,8,9,12,13,14,17,18,19,23
1296,7,8,9,12,13,14,17,18,19,23
1297,7,8,9,12,13,14,17,18,19,23
1298,7,8,9,12,13,14,17,18,19,23
1299,8,9,12,13,14,17,18,19
1300,8,9,12,13,14,17,18,19
1301,8,9,12,13,14,18,19
1302,8,9,12,13,14,18,19
1303,8,9,12,13,14,18,19
1304,8,9,12,13,14,18,19
1305,8,9,12,13,14,18,19
1306,8,9,12,13,14,18,19
1307,8,9,12,13,14,18,19
1308,8,9,12,13,14,18,19
1309,8,9,12,13,14,18,19
1310,8,9,12,13,14,18,19
1311,8,9,12,13,14,18,19
1312,8,9,12,13,14,18,19
1313,8,9,12,13,14,18,19
1314,8,9,12,13,14,18,19
1315,8,9,12,13,14,18,19
1316,8,9,12,13,14,18,19
1317,8,9,12,13,14,18,19
1318,8,9,12,13,14,18,19
1319,8,9,12,13,14,18,19
1320,8,9,12,13,14,18,19
1321,8,9,12,13,14,18,19
1322,8,9,12,13,14,18,19
1323,8,9,12,13,14,18,19
1324,8,9,12,13,14,18,19
1325,8,9,12,13,14,18,19
1326,8,9,12,13,14,18,19
1327,8,9,12,13,14,18,19
1328,8,9,12,13,14,18,19
1329,7,8,9,12,13,14,17,18,19
1330,7,8,9,12,13,14,17,18,19
1331,7,8,9,12,13,14,17,18,19,23
1332,7,8,9,12,13,14,17,18,19,23
1333,7,8,9,12,13,14,17,18,19,23
1334,7,8,9,12,13,14,17,18,19,23
1335,7,8,12,13,17,18,23
1336,7,8,12,13,17,18,23
1337,7,8,12,13,17,18,22,23
1338,7,8,12,13,17,18,22,23
1339,7,8,12,13,17,18,22,23
1340,7,8,12,13,17,18,22,23
1341,7,8,12,13,17,18,22,23
1342,7,8,12,13,17,18,22,23
1343,7,8,12,13,17,18,22,23
1344,7,8,12,13,17,18,22,23
1345,7,8,12,13,17,18,22,23
1346,7,8,12,13,17,18,22,23
1347,7,8,12,13,17,18,22,23
1348,7,8,12,13,17,18,22,23
1349,7,8,12,13,17,18,22,23
1350,7,8,12,13,17,18,22,23
1351,7,8,12,13,17,18,22,23
1352,7,8,12,13,17,18,22,23
1353,7,8,12,13,17,18,22,23
1354,7,8,12,13,17,18,22,23
1355,7,8,12,13,17,18,22,23
1356,7,8,12,13,17,18,22,23
1357,7,8,12,13,17,18,22
1358,7,8,12,13,17,18,22
1359,7,8,12,13,17,18,22
1360,7,8,12,13,17,18,22
1361,7,8,12,13,17,18
1362,7,8,12,13,17,18
1363,7,8,12,13,17,18
1364,7,8,12,13,17,18
1365,7,8,12,13,17,18
1366,7,8,12,13,17,18
1367,7,8,12,13,17,18
1368,7,8,12,13,17,18
1369,7,8,12,13,17,18
1370,7,8,12,13,17,18
1371,7,8,11,12,13,17,18
1372,7,8,11,12,13,17,18
1373,7,8,11,12,13,17,18
1374,7,8,11,12,13,17,18
1375,6,7,8,11,12,13,16,17,18
1376,6,7,8,11,12,13,16,17,18
1377,2,6,7,8,11,12,13,16,17,18
1378,2,6,7,8,11,12,13,16,17,18
1379,2,6,7,8,11,12,13,16,17,18
1380,2,6,7,8,11,12,13,16,17,18
1381,2,6,7,8,11,12,13,16,17,18
1382,2,6,7,8,11,12,13,16,17,18
1383,2,6,7,8,11,12,13,16,17,18
1384,2,6,7,8,11,12,13,16,17,18
1385,2,6,7,8,11,12,13,16,17,18
1386,2,6,7,8,11,12,13,16,17,18
1387,2,6,7,8,11,12,13,16,17,18
1388,2,6,7,8,11,12,13,16,17,18
1389,2,6,7,8,11,12,13,16,17,18
1390,2,6,7,8,11,12,13,16,17,18
1391,2,6,7,8,11,12,13,16,17,18
1392,2,6,7,8,11,12,13,16,17,18
1393,2,6,7,8,11,12,13,16,17,18
1394,2,6,7,8,11,12,13,16,17,18
1395,2,6,7,8,11,12,13,16,17,18
1396,2,6,7,8,11,12,13,16,17,18
1397,6,7,8,11,12,13,16,17,18
1398,6,7,8,11,12,13,16,17,18
1399,6,7,8,11,12,13,16,17,18
1400,6,7,8,11,12,13,16,17,18
1401,6,7,8,11,12,13,16,17,18
1402,6,7,8,11,12,13,16,17,18
1403,6,7,8,11,12,13,16,17,18
1404,6,7,8,11,12,13,16,17,18
1405,6,7,8,11,12,13,16,17,18
1406,6,7,8,11,12,13,16,17,18
1407,6,7,8,11,12,13,16,17,18
1408,6,7,8,11,12,13,16,17,18
1409,6,7,8,11,12,13,16,17,18
1410,6,7,8,11,12,13,16,17,18
1411,6,7,8,11,12,13,16,17,18
1412,6,7,8,11,12,13,16,17,18
1413,6,7,8,11,12,13,16,17,18
1414,6,7,8,11,12,13,16,17,18
1415,6,7,8,11,12,13,16,17,18
1416,6,7,8,11,12,13,16,17,18
1417,6,7,8,11,12,13,16,17,18
1418,6,7,8,11,12,13,16,17,18
1419,6,7,8,11,12,13,16,17,18
1420,6,7,8,11,12,13,16,17,18
1421,6,7,8,11,12,13,16,17,18
1422,6,7,8,11,12,13,16,17,18
1423,6,7,8,11,12,13,16,17,18
1424,6,7,8,11,12,13,16,17,18
1425,6,7,8,11,12,13,16,17,18
1426,6,7,8,11,12,13,16,17,18
1427,6,7,8,11,12,13,16,17,18
1428,6,7,8,11,12,13,16,17,18
1429,6,7,8,11,12,13,16,17,18
1430,6,7,8,11,12,13,16,17,18
1431,6,7,8,11,12,13,16,17,18
1432,6,7,8,11,12,13,16,17,18
1433,6,7,8,11,12,13,16,17,18
1434,6,7,8,11,12,13,16,17,18
1435,6,7,8,11,12,13,16,17,18
1436,6,7,8,11,12,13,16,17,18
1437,6,7,8,11,12,13,16,17,18
1438,6,7,8,11,12,13,16,17,18
1439,6,7,8,11,12,13,16,17,18
1440,6,7,8,11,12,13,16,17,18
1441,6,7,8,11,12,13,16,17,18
1442,6,7,8,11,12,13,16,17,18
1443,6,7,8,11,12,13,16,17,18
1444,6,7,8,11,12,13,16,17,18
1445,6,7,8,11,12,13,16,17,18
1446,6,7,8,11,12,13,16,17,18
1447,6,7,8,11,12,13,16,17,18
1448,6,7,8,11,12,13,16,17,18
1449,6,7,8,11,12,13,16,17,18
1450,6,7,8,11,12,13,16,17,18
1451,6,7,8,11,12,13,16,17,18
1452,6,7,8,11,12,13,16,17,18
1453,6,7,8,11,12,13,16,17,18
1454,6,7,8,11,12,13,16,17,18
1455,6,7,8,11,12,13,16,17,18
1456,6,7,8,11,12,13,16,17,18
1457,6,7,8,11,12,13,16,17,18
1458,6,7,8,11,12,13,16,17,18
1459,6,7,8,11,12,13,16,17,18
1460,6,7,8,11,12,13,16,17,18
1461,7,8,12,13,17,18
1462,7,8,12,13,17,18
1463,7,8,12,13,17,18
1464,7,8,12,13,17,18
1465,7,8,12,13,17,18
1466,7,8,12,13,17,18
1467,7,8,12,13,17,18
1468,7,8,12,13,17,18
1469,7,8,12,13,17,18
1470,7,8,12,13,17,18
1471,7,8,12,13,17,18
1472,7,8,12,13,17,18
1473,7,8,12,13,17,18
1474,7,8,12,13,17,18
1475,7,8,12,13,17,18
1476,7,8,12,13,17,18
1477,7,8,12,13,17,18
1478,7,8,12,13,17,18
1479,7,8,12,13,17,18
1480,7,8,12,13,17,18
1481,7,8,12,13,17,18
1482,7,8,12,13,17,18
1483,7,8,12,13,17,18
1484,7,8,12,13,17,18
1485,7,8,12,13,17,18
1486,7,8,12,13,17,18
1487,7,8,12,13,17,18
1488,7,8,12,13,17,18
1489,7,8,12,13,17,18
1490,7,8,12,13,17,18
1491,7,8,12,13,17,18
1492,7,8,12,13,17,18
1493,7,8,12,13,17,18
1494,7,8,12,13,17,18
1495,7,8,12,13,14,17,18
1496,7,8,12,13,14,17,18
1497,7,8,12,13,14,17,18
1498,7,8,12,13,14,17,18
1499,7,8,9,12,13,14,17,18,19,23
1500,7,8,9,12,13,14,17,18,19,23
1501,7,8,9,12,13,14,17,18,19,23
1502,7,8,9,12,13,14,17,18,19,23
1503,7,8,9,12,13,14,17,18,19,23
1504,7,8,9,12,13,14,17,18,19,23
1505,7,8,9,12,13,14,17,18,19,23
1506,7,8,9,12,13,14,17,18,19,23
1507,7,8,9,12,13,14,17,18,19,23
1508,7,8,9,12,13,14,17,18,19,23
1509,7,8,9,12,13,14,17,18,19,23
1510,7,8,9,12,13,14,17,18,19,23
1511,7,8,9,12,13,14,17,18,19,23
1512,7,8,9,12,13,14,17,18,19,23
1513,7,8,9,12,13,14,17,18,19,23
1514,7,8,9,12,13,14,17,18,19,23
1515,7,8,9,12,13,14,17,18,19,23
1516,7,8,9,12,13,14,17,18,19,23
1517,7,8,9,12,13,14,17,18,19,23
1518,7,8,9,12,13,14,17,18,19,23
1519,7,8,9,12,13,14,17,18,19,23
1520,7,8,9,12,13,14,17,18,19,23
1521,7,8,9,12,13,14,17,18,19,23
1522,7,8,9,12,13,14,17,18,19,23
1523,7,8,9,12,13,14,17,18,19,23
1524,7,8,9,12,13,14,17,18,19,23
1525,7,8,9,12,13,14,17,18,19,23
1526,7,8,9,12,13,14,17,18,19,23
1527,7,8,9,12,13,14,17,18,19,23
1528,7,8,9,12,13,14,17,18,19,23
1529,7,8,9,12,13,14,17,18,19,23
1530,7,8,9,12,13,14,17,18,19,23
1531,7,8,9,12,13,14,17,18,19,23
1532,7,8,9,12,13,14,17,18,19,23
1533,8,9,12,13,14,18,19,23
1534,8,9,12,13,14,18,19,23
1535,8,9,13,14,18,19,23
1536,8,9,13,14,18,19,23
1537,8,9,13,14,18,19,23
1538,8,9,13,14,18,19,23
1539,8,9,13,14,18,19,23
1540,8,9,13,14,18,19,23
1541,8,9,13,14,18,19,23
1542,8,9,13,14,18,19,23
1543,8,9,13,14,18,19,23
1544,8,9,13,14,18,19,23
1545,8,9,13,14,18,19,23
1546,8,9,13,14,18,19,23
1547,8,9,12,13,14,18,19,23
1548,8,9,12,13,14,18,19,23
1549,8,9,12,13,14,18,19,23
1550,8,9,12,13,14,18,19,23
1551,8,9,12,13,14,18,19,23
1552,8,9,12,13,14,18,19,23
1553,8,9,12,13,14,18,19,23
1554,8,9,12,13,14,18,19,23
1555,8,9,12,13,14,18,19,23
1556,8,9,12,13,14,18,19,23
1557,8,9,12,13,14,18,19,23
1558,8,9,12,13,14,18,19,23
1559,8,9,12,13,14,18,19,23
1560,8,9,12,13,14,18,19,23
1561,8,9,12,13,14,17,18,19,23
1562,8,9,12,13,14,17,18,19,23
1563,7,8,9,12,13,14,17,18,19,23
1564,7,8,9,12,13,14,17,18,19,23
1565,7,8,9,12,13,14,17,18,19,23
1566,7,8,9,12,13,14,17,18,19,23
1567,7,8,12,13,14,17,18,19,23
1568,7,8,12,13,14,17,18,19,23
1569,7,8,12,13,14,17,18,23
1570,7,8,12,13,14,17,18,23
1571,7,8,12,13,17,18,23
1572,7,8,12,13,17,18,23
1573,7,8,12,13,17,18,23
1574,7,8,12,13,17,18,23
1575,7,8,12,13,17,18,23
1576,7,8,12,13,17,18,23
1577,7,8,12,13,17,18,23
1578,7,8,12,13,17,18,23
1579,7,8,12,13,17,18,23
1580,7,8,12,13,17,18,23
1581,7,8,12,13,17,18,22,23
1582,7,8,12,13,17,18,22,23
1583,7,8,12,13,17,18,22,23
1584,7,8,12,13,17,18,22,23
1585,7,8,12,13,17,18,22,23
1586,7,8,12,13,17,18,22,23
1587,7,8,12,13,17,18,22,23
1588,7,8,12,13,17,18,22,23
1589,7,8,12,13,17,18,22,23
1590,7,8,12,13,17,18,22,23
1591,7,8,12,13,17,18,22,23
1592,7,8,12,13,17,18,22,23
1593,7,8,12,13,17,18,22,23
1594,7,8,12,13,17,18,22,23
1595,7,8,12,13,17,18,22,23
1596,7,8,12,13,17,18,22,23
1597,7,8,12,13,17,18,22,23
1598,7,8,12,13,17,18,22,23
1599,7,8,12,13,17,18,22,23
1600,7,8,12,13,17,18,22,23
1601,7,8,12,13,17,18,22,23
1602,7,8,12,13,17,18,22,23
1603,7,8,12,13,17,18,22,23
1604,7,8,12,13,17,18,22,23
1605,7,8,12,13,17,18,22,23
1606,7,8,12,13,17,18,22,23
1607,7,8,12,13,17,18,22,23
1608,7,8,12,13,17,18,22,23
1609,7,8,12,13,17,18,22,23
1610,7,8,12,13,17,18,22,23
1611,7,8,12,13,17,18,23
1612,7,8,12,13,17,18,23
1613,7,8,12,13,17,18,23
1614,7,8,12,13,17,18,23
1615,7,8,12,13,17,18,23
1616,7,8,12,13,17,18,23
1617,7,8,12,13,17,18,23
1618,7,8,12,13,17,18,23
1619,7,8,12,13,17,18,23
1620,7,8,12,13,17,18,23
1621,7,8,12,13,17,18,23
1622,7,8,12,13,17,18,23
1623,7,8,12,13,17,18,23
1624,7,8,12,13,17,18,23
1625,7,8,12,13,17,18,23
1626,7,8,12,13,17,18,23
1627,7,8,12,13,17,18,23
1628,7,8,12,13,17,18,23
1629,7,8,12,13,17,18,23
1630,7,8,12,13,17,18,23
1631,7,8,12,13,17,18,23
1632,7,8,12,13,17,18,23
1633,7,8,12,13,17,18,23
1634,7,8,12,13,17,18,23
1635,7,8,12,13,17,18,23
1636,7,8,12,13,17,18,23
1637,7,8,12,13,17,18,22,23
1638,7,8,12,13,17,18,22,23
1639,7,8,12,13,17,18,22,23
1640,7,8,12,13,17,18,22,23
1641,7,8,12,13,17,18,22,23
1642,7,8,12,13,17,18,22,23
1643,7,8,12,13,17,18,22,23
1644,7,8,12,13,17,18,22,23
1645,7,8,12,13,17,18,22,23
1646,7,8,12,13,17,18,22,23
1647,7,8,12,13,17,18,22,23
1648,7,8,12,13,17,18,22,23
1649,7,8,12,13,17,18,22
1650,7,8,12,13,17,18,22
1651,7,8,12,13,17,18,22
1652,7,8,12,13,17,18,22
1653,7,8,12,13,17,18,22
1654,7,8,12,13,17,18,22
1655,7,8,12,13,17,18,22
1656,7,8,12,13,17,18,22
1657,7,8,12,13,17,18,22
1658,7,8,12,13,17,18,22
1659,7,8,12,13,17,18,22
1660,7,8,12,13,17,18,22
1661,7,8,12,13,17,18,22
1662,7,8,12,13,17,18,22
1663,7,8,11,12,13,17,18,22
1664,7,8,11,12,13,17,18,22
1665,7,8,11,12,13,17,18,22
1666,7,8,11,12,13,17,18,22
1667,7,8,11,12,13,17,18,22
1668,7,8,11,12,13,17,18,22
1669,7,8,11,12,13,17,18,22
1670,7,8,11,12,13,17,18,22
1671,7,8,11,12,13,17,18,22
1672,7,8,11,12,13,17,18,22
1673,7,8,11,12,13,17,18,22
1674,7,8,11,12,13,17,18,22
1675,7,8,11,12,13,17,18,22
1676,7,8,11,12,13,17,18,22
1677,7,8,11,12,13,17,18,22
1678,7,8,11,12,13,17,18,22
1679,7,8,11,12,13,17,18,22
1680,7,8,11,12,13,17,18,22
1681,7,8,11,12,13,17,18,22
1682,7,8,11,12,13,17,18,22
1683,7,8,11,12,13,17,18,22
1684,7,8,11,12,13,17,18,22
1685,7,8,11,12,13,17,18,22
1686,7,8,11,12,13,17,18,22
1687,7,8,11,12,13,17,18,22
1688,7,8,11,12,13,17,18,22
1689,7,8,11,12,13,17,18,22
1690,7,8,11,12,13,17,18,22
1691,7,8,11,12,13,17,18,22
1692,7,8,11,12,13,17,18,22
1693,7,8,11,12,13,17,18,22
1694,7,8,11,12,13,17,18,22
1695,7,8,11,12,13,17,18,22
1696,7,8,11,12,13,17,18,22
1697,7,8,11,12,13,17,18,22
1698,7,8,11,12,13,17,18,22
1699,7,8,11,12,13,17,18,22
1700,7,8,11,12,13,17,18,22
1701,7,8,11,12,13,17,18,22
1702,7,8,11,12,13,17,18,22
1703,7,8,11,12,13,17,18,22
1704,7,8,11,12,13,17,18,22
1705,7,8,11,12,13,17,18,22
1706,7,8,11,12,13,17,18,22
1707,7,8,11,12,13,17,18,22
1708,7,8,11,12,13,17,18,22
1709,7,8,11,12,13,17,18,22
1710,7,8,11,12,13,17,18,22
1711,7,8,11,12,13,17,18,22
1712,7,8,11,12,13,17,18,22
1713,7,8,12,13,17,18
1714,7,8,12,13,17,18
1715,7,8,12,13,17,18
1716,7,8,12,13,17,18
1717,7,8,12,13,17,18
1718,7,8,12,13,17,18
1719,7,8,12,13,17,18
1720,7,8,12,13,17,18
1721,7,8,12,13,17,18
1722,7,8,12,13,17,18
1723,7,8,12,13,17,18
1724,7,8,12,13,17,18
1725,7,8,12,13,17,18
1726,7,8,12,13,17,18
1727,7,8,12,13,17,18
1728,7,8,12,13,17,18
1729,7,8,12,13,17,18
1730,7,8,12,13,17,18
1731,7,8,12,13,17,18
1732,7,8,12,13,17,18
1733,7,8,12,13,17,18
1734,7,8,12,13,17,18
1735,7,8,12,13,17,18
1736,7,8,12,13,17,18
1737,7,8,12,13,17,18
1738,7,8,12,13,17,18
1739,7,8,12,13,17,18
1740,7,8,12,13,17,18
1741,7,8,12,13,17,18
1742,7,8,12,13,17,18
1743,7,8,12,13,17,18
1744,7,8,12,13,17,18
1745,7,8,12,13,17,18
1746,7,8,12,13,17,18
1747,7,8,12,13,17,18
1748,7,8,12,13,17,18
1749,3,7,8,12,13,17,18
1750,3,7,8,12,13,17,18
1751,3,7,8,9,12,13,14,17,18
1752,3,7,8,9,12,13,14,17,18
1753,3,7,8,9,12,13,14,17,18,19
1754,3,7,8,9,12,13,14,17,18,19
1755,3,7,8,9,12,13,14,17,18,19
1756,3,7,8,9,12,13,14,17,18,19
1757,3,7,8,9,12,13,14,17,18,19
1758,3,7,8,9,12,13,14,17,18,19
1759,3,7,8,9,12,13,14,17,18,19
1760,3,7,8,9,12,13,14,17,18,19
1761,3,7,8,9,12,13,14,17,18,19
1762,3,7,8,9,12,13,14,17,18,19
1763,3,7,8,9,12,13,14,17,18,19
1764,3,7,8,9,12,13,14,17,18,19
1765,3,7,8,9,12,13,14,18,19
1766,3,7,8,9,12,13,14,18,19
1767,3,7,8,9,12,13,14,18,19
1768,3,7,8,9,12,13,14,18,19
1769,3,7,8,9,12,13,14,18,19
1770,3,7,8,9,12,13,14,18,19
1771,3,7,8,9,12,13,14,18,19
1772,3,7,8,9,12,13,14,18,19
1773,3,7,8,9,12,13,14,18,19
1774,3,7,8,9,12,13,14,18,19
1775,3,7,8,9,12,13,14,18,19
1776,3,7,8,9,12,13,14,18,19
1777,3,7,8,9,12,13,14,18,19
1778,3,7,8,9,12,13,14,18,19
1779,3,7,8,9,12,13,14,18,19
1780,3,7,8,9,12,13,14,18,19
1781,3,7,8,9,12,13,14,18,19
1782,3,7,8,9,12,13,14,18,19
1783,3,7,8,9,12,13,14,18,19
1784,3,7,8,9,12,13,14,18,19
1785,3,7,8,9,12,13,14,18,19
1786,3,7,8,9,12,13,14,18,19
1787,3,7,8,9,12,13,14,18,19
1788,3,7,8,9,12,13,14,18,19
1789,3,7,8,9,12,13,14,18,19
1790,3,7,8,9,12,13,14,18,19
1791,3,7,8,9,12,13,14,18,19
1792,3,7,8,9,12,13,14,18,19
1793,3,7,8,9,12,13,14,18,19
1794,3,7,8,9,12,13,14,18,19
1795,3,7,8,9,12,13,14,18,19
1796,3,7,8,9,12,13,14,18,19
1797,3,7,8,9,12,13,14,18,19
1798,3,7,8,9,12,13,14,18,19
1799,3,7,8,9,12,13,14,18,19
1800,3,7,8,9,12,13,14,18,19
