1,14,15,16,17,24,25,26,27,34,35,36,37,46
2,14,15,16,17,24,25,26,27,34,35,36,37,46
3,14,15,16,17,24,25,26,27,34,35,36,37,46
4,14,15,16,17,24,25,26,27,34,35,36,37,46
5,14,15,16,17,24,25,26,27,34,35,36,37,46
6,14,15,16,17,24,25,26,27,34,35,36,37,46
7,14,15,16,17,24,25,26,27,34,35,36,37,46
8,14,15,16,17,24,25,26,27,34,35,36,37,46
9,14,15,16,17,24,25,26,27,34,35,36,37,45,46
10,14,15,16,17,24,25,26,27,34,35,36,37,45,46
11,14,15,16,17,24,25,26,27,34,35,36,37,45,46
12,14,15,16,17,24,25,26,27,34,35,36,37,45,46
13,14,15,16,17,24,25,26,27,34,35,36,37,45,46
14,14,15,16,17,24,25,26,27,34,35,36,37,45,46
15,14,15,16,17,24,25,26,27,34,35,36,37,45,46
16,14,15,16,17,24,25,26,27,34,35,36,37,45,46
17,14,15,16,17,24,25,26,27,34,35,36,37,45,46
18,14,15,16,17,24,25,26,27,34,35,36,37,45,46
19,14,15,16,17,24,25,26,27,34,35,36,37,45,46
20,14,15,16,17,24,25,26,27,34,35,36,37,45,46
21,14,15,16,17,24,25,26,27,34,35,36,37,45,46
22,14,15,16,17,24,25,26,27,34,35,36,37,45,46
23,14,15,16,17,24,25,26,27,34,35,36,37,45,46
24,14,15,16,17,24,25,26,27,34,35,36,37,45,46
25,14,15,16,17,24,25,26,27,34,35,36,37,45,46
26,14,15,16,17,24,25,26,27,34,35,36,37,45,46
27,14,15,16,17,24,25,26,27,34,35,36,37,45,46
28,14,15,16,17,24,25,26,27,34,35,36,37,45,46
29,14,15,16,17,24,25,26,27,34,35,36,37,45,46
30,14,15,16,17,24,25,26,27,34,35,36,37,45,46
31,14,15,16,17,24,25,26,27,34,35,36,37,45,46
32,14,15,16,17,24,25,26,27,34,35,36,37,45,46
33,14,15,16,17,24,25,26,27,34,35,36,37,45,46
34,14,15,16,17,24,25,26,27,34,35,36,37,45,46
35,14,15,16,17,24,25,26,27,34,35,36,37,45,46
36,14,15,16,17,24,25,26,27,34,35,36,37,45,46
37,14,15,16,17,24,25,26,27,34,35,36,37,45,46
38,14,15,16,17,24,25,26,27,34,35,36,37,45,46
39,14,15,16,17,24,25,26,27,34,35,36,37,45,46
40,14,15,16,17,24,25,26,27,34,35,36,37,45,46
41,14,15,16,17,24,25,26,27,34,35,36,37,45,46
42,14,15,16,17,24,25,26,27,34,35,36,37,45,46
43,14,15,16,17,24,25,26,27,34,35,36,37,45,46
44,14,15,16,17,24,25,26,27,34,35,36,37,45,46
45,14,15,16,17,24,25,26,27,34,35,36,37,45,46
46,14,15,16,17,24,25,26,27,34,35,36,37,45,46
47,14,15,16,17,24,25,26,27,34,35,36,37,45,46
48,14,15,16,17,24,25,26,27,34,35,36,37,45,46
49,14,15,16,17,24,25,26,27,34,35,36,37,45,46
50,14,15,16,17,24,25,26,27,34,35,36,37,45,46
51,14,15,16,17,24,25,26,27,34,35,36,37,45,46
52,14,15,16,17,24,25,26,27,34,35,36,37,45,46
53,14,15,16,17,24,25,26,27,34,35,36,37,45,46
54,14,15,16,17,24,25,26,27,34,35,36,37,45,46
55,14,15,16,17,24,25,26,27,34,35,36,37,45,46
56,14,15,16,17,24,25,26,27,34,35,36,37,45,46
57,14,15,16,17,24,25,26,27,34,35,36,37,45,46
58,14,15,16,17,24,25,26,27,34,35,36,37,45,46
59,14,15,16,17,24,25,26,27,34,35,36,37,45,46
60,14,15,16,17,24,25,26,27,34,35,36,37,45,46
61,14,15,16,17,24,25,26,27,34,35,36,37,45,46
62,14,15,16,17,24,25,26,27,34,35,36,37,45,46
63,14,15,16,17,24,25,26,27,34,35,36,37,45,46
64,14,15,16,17,24,25,26,27,34,35,36,37,45,46
65,14,15,16,17,24,25,26,27,34,35,36,37,45,46
66,14,15,16,17,24,25,26,27,34,35,36,37,45,46
67,14,15,16,17,24,25,26,27,34,35,36,37,45,46
68,14,15,16,17,24,25,26,27,34,35,36,37,45,46
69,14,15,16,17,24,25,26,27,34,35,36,37,45,46
70,14,15,16,17,24,25,26,27,34,35,36,37,45,46
71,14,15,16,17,24,25,26,27,34,35,36,37,45,46
72,14,15,16,17,24,25,26,27,34,35,36,37,45,46
73,14,15,16,17,24,25,26,27,34,35,36,37,45,46
74,14,15,16,17,24,25,26,27,34,35,36,37,45,46
75,14,15,16,17,24,25,26,27,34,35,36,37,45,46
76,14,15,16,17,24,25,26,27,34,35,36,37,45,46
77,14,15,16,17,24,25,26,27,34,35,36,37,45,46
78,14,15,16,17,24,25,26,27,34,35,36,37,45,46
79,14,15,16,17,24,25,26,27,34,35,36,37,45,46
80,14,15,16,17,24,25,26,27,34,35,36,37,45,46
81,14,15,16,17,24,25,26,27,34,35,36,37,45,46
82,14,15,16,17,24,25,26,27,34,35,36,37,45,46
83,14,15,16,17,24,25,26,27,34,35,36,37,45,46
84,14,15,16,17,24,25,26,27,34,35,36,37,45,46
85,14,15,16,17,24,25,26,27,34,35,36,37,45,46
86,14,15,16,17,24,25,26,27,34,35,36,37,45,46
87,14,15,16,17,24,25,26,27,34,35,36,37
88,14,15,16,17,24,25,26,27,34,35,36,37
89,14,15,16,17,24,25,26,27,34,35,36,37
90,14,15,16,17,24,25,26,27,34,35,36,37
91,14,15,16,17,24,25,26,27,34,35,36,37
92,14,15,16,17,24,25,26,27,34,35,36,37
93,14,15,16,17,24,25,26,27,34,35,36,37
94,14,15,16,17,24,25,26,27,34,35,36,37
95,14,15,16,17,24,25,26,27,34,35,36,37
96,14,15,16,17,24,25,26,27,34,35,36,37
97,14,15,16,17,24,25,26,27,34,35,36,37
98,14,15,16,17,24,25,26,27,34,35,36,37
99,14,15,16,17,24,25,26,27,34,35,36,37
100,14,15,16,17,24,25,26,27,34,35,36,37
101,14,15,16,17,24,25,26,27,34,35,36,37
102,14,15,16,17,24,25,26,27,34,35,36,37
103,14,15,16,24,25,26,27,34,35,36
104,14,15,16,24,25,26,27,34,35,36
105,14,15,16,24,25,26,27,34,35,36
106,14,15,16,24,25,26,27,34,35,36
107,14,15,16,24,25,26,34,35,36
108,14,15,16,24,25,26,34,35,36
109,14,15,16,24,25,26,34,35,36
110,14,15,16,24,25,26,34,35,36
111,14,15,16,24,25,26,34,35,36
112,14,15,16,24,25,26,34,35,36
113,14,15,16,23,24,25,26,34,35,36
114,14,15,16,23,24,25,26,34,35,36
115,13,14,15,16,23,24,25,26,33,34,35,36,45
116,13,14,15,16,23,24,25,26,33,34,35,36,45
117,13,14,15,16,23,24,25,26,33,34,35,36,44,45
118,13,14,15,16,23,24,25,26,33,34,35,36,44,45
119,13,14,15,16,23,24,25,26,33,34,35,36,44,45
120,13,14,15,16,23,24,25,26,33,34,35,36,44,45
121,13,14,15,16,23,24,25,26,33,34,35,36,44,45
122,13,14,15,16,23,24,25,26,33,34,35,36,44,45
123,13,14,15,16,23,24,25,26,33,34,35,36,44,45
124,13,14,15,16,23,24,25,26,33,34,35,36,44,45
125,13,14,15,16,23,24,25,26,33,34,35,36,44,45
126,13,14,15,16,23,24,25,26,33,34,35,36,44,45
127,13,14,15,23,24,25,26,33,34,35,36,44
128,13,14,15,23,24,25,26,33,34,35,36,44
129,13,14,15,23,24,25,26,33,34,35,44
130,13,14,15,23,24,25,26,33,34,35,44
131,13,14,15,23,24,25,33,34,35,44
132,13,14,15,23,24,25,33,34,35,44
133,13,14,15,23,24,25,33,34,35,44
134,13,14,15,23,24,25,33,34,35,44
135,13,14,15,22,23,24,25,32,33,34,35
136,13,14,15,22,23,24,25,32,33,34,35
137,12,13,14,15,22,23,24,25,32,33,34,35
138,12,13,14,15,22,23,24,25,32,33,34,35
139,12,13,14,15,22,23,24,25,32,33,34,35
140,12,13,14,15,22,23,24,25,32,33,34,35
141,12,13,14,15,22,23,24,25,32,33,34,35
142,12,13,14,15,22,23,24,25,32,33,34,35
143,12,13,14,15,22,23,24,25,32,33,34,35
144,12,13,14,15,22,23,24,25,32,33,34,35
145,12,13,14,15,22,23,24,25,32,33,34,35
146,12,13,14,15,22,23,24,25,32,33,34,35
147,12,13,14,15,22,23,24,25,32,33,34,35
148,12,13,14,15,22,23,24,25,32,33,34,35
149,12,13,14,22,23,24,25,32,33,34
150,12,13,14,22,23,24,25,32,33,34
151,12,13,14,22,23,24,25,32,33,34
152,12,13,14,22,23,24,25,32,33,34
153,12,13,14,22,23,24,32,33,34,43
154,12,13,14,22,23,24,32,33,34,43
155,12,13,14,15,22,23,24,25,32,33,34,35,43
156,12,13,14,15,22,23,24,25,32,33,34,35,43
157,12,13,14,15,22,23,24,25,32,33,34,35
158,12,13,14,15,22,23,24,25,32,33,34,35
159,12,13,14,15,22,23,24,25,32,33,34,35
160,12,13,14,15,22,23,24,25,32,33,34,35
161,12,13,14,15,22,23,24,25,32,33,34,35
162,12,13,14,15,22,23,24,25,32,33,34,35
163,12,13,14,15,22,23,24,25,32,33,34,35
164,12,13,14,15,22,23,24,25,32,33,34,35
165,13,14,15,23,24,25,33,34,35
166,13,14,15,23,24,25,33,34,35
167,13,14,15,16,23,24,25,26,33,34,35,36
168,13,14,15,16,23,24,25,26,33,34,35,36
169,13,14,15,16,23,24,25,26,33,34,35,36
170,13,14,15,16,23,24,25,26,33,34,35,36
171,13,14,15,16,23,24,25,26,33,34,35,36
172,13,14,15,16,23,24,25,26,33,34,35,36
173,13,14,15,16,23,24,25,26,33,34,35,36
174,13,14,15,16,23,24,25,26,33,34,35,36
175,14,15,16,23,24,25,26,34,35,36
176,14,15,16,23,24,25,26,34,35,36
177,5,14,15,16,24,25,26,34,35,36
178,5,14,15,16,24,25,26,34,35,36
179,5,14,15,16,24,25,26,27,34,35,36
180,5,14,15,16,24,25,26,27,34,35,36
181,5,6,14,15,16,17,24,25,26,27,34,35,36
182,5,6,14,15,16,17,24,25,26,27,34,35,36
183,5,6,14,15,16,17,24,25,26,27,34,35,36,37
184,5,6,14,15,16,17,24,25,26,27,34,35,36,37
185,5,6,14,15,16,17,24,25,26,27,34,35,36,37
186,5,6,14,15,16,17,24,25,26,27,34,35,36,37
187,6,14,15,16,17,24,25,26,27,34,35,36,37
188,6,14,15,16,17,24,25,26,27,34,35,36,37
189,6,14,15,16,17,24,25,26,27,34,35,36,37
190,6,14,15,16,17,24,25,26,27,34,35,36,37
191,6,14,15,16,17,24,25,26,27,34,35,36,37
192,6,14,15,16,17,24,25,26,27,34,35,36,37
193,6,14,15,16,17,24,25,26,27,34,35,36,37
194,6,14,15,16,17,24,25,26,27,34,35,36,37
195,6,14,15,16,17,24,25,26,27,34,35,36,37
196,6,14,15,16,17,24,25,26,27,34,35,36,37
197,6,14,15,16,17,24,25,26,27,34,35,36,37
198,6,14,15,16,17,24,25,26,27,34,35,36,37
199,6,14,15,16,17,24,25,26,27,34,35,36,37
200,6,14,15,16,17,24,25,26,27,34,35,36,37
201,6,14,15,16,17,24,25,26,27,35,36,37
202,6,14,15,16,17,24,25,26,27,35,36,37
203,5,6,14,15,16,17,24,25,26,27,35,36,37
204,5,6,14,15,16,17,24,25,26,27,35,36,37
205,5,6,7,14,15,16,17,24,25,26,27,35,36,37
206,5,6,7,14,15,16,17,24,25,26,27,35,36,37
207,5,6,7,14,15,16,17,24,25,26,27,35,36,37
208,5,6,7,14,15,16,17,24,25,26,27,35,36,37
209,5,6,7,14,15,16,17,24,25,26,27,35,36,37
210,5,6,7,14,15,16,17,24,25,26,27,35,36,37
211,5,6,7,14,15,16,17,24,25,26,27,35,36,37
212,5,6,7,14,15,16,17,24,25,26,27,35,36,37
213,5,6,7,14,15,16,17,24,25,26,27,35,36,37
214,5,6,7,14,15,16,17,24,25,26,27,35,36,37
215,5,6,7,14,15,16,17,24,25,26,27,35,36,37
216,5,6,7,14,15,16,17,24,25,26,27,35,36,37
217,5,6,7,14,15,16,17,24,25,26,27,35,36,37
218,5,6,7,14,15,16,17,24,25,26,27,35,36,37
219,5,6,7,14,15,16,17,24,25,26,27,35,36,37
220,5,6,7,14,15,16,17,24,25,26,27,35,36,37
221,5,6,7,14,15,16,17,24,25,26,27,35,36,37
222,5,6,7,14,15,16,17,24,25,26,27,35,36,37
223,5,6,7,14,15,16,17,24,25,26,27,35,36,37
224,5,6,7,14,15,16,17,24,25,26,27,35,36,37
225,5,6,7,14,15,16,17,24,25,26,27,35,36,37
226,5,6,7,14,15,16,17,24,25,26,27,35,36,37
227,5,6,7,14,15,16,17,24,25,26,27,35,36,37
228,5,6,7,14,15,16,17,24,25,26,27,35,36,37
229,5,6,7,14,15,16,17,24,25,26,27,35,36,37
230,5,6,7,14,15,16,17,24,25,26,27,35,36,37
231,5,6,7,14,15,16,17,24,25,26,27,35,36,37
232,5,6,7,14,15,16,17,24,25,26,27,35,36,37
233,5,6,7,14,15,16,17,24,25,26,27,35,36,37
234,5,6,7,14,15,16,17,24,25,26,27,35,36,37
235,5,6,7,14,15,16,17,24,25,26,27,35,36,37
236,5,6,7,14,15,16,17,24,25,26,27,35,36,37
237,5,6,7,14,15,16,17,24,25,26,27,35,36,37
238,5,6,7,14,15,16,17,24,25,26,27,35,36,37
239,5,6,7,14,15,16,17,24,25,26,27,35,36,37
240,5,6,7,14,15,16,17,24,25,26,27,35,36,37
241,5,6,7,14,15,16,17,24,25,26,27,35,36,37
242,5,6,7,14,15,16,17,24,25,26,27,35,36,37
243,5,6,7,14,15,16,17,24,25,26,27,35,36,37
244,5,6,7,14,15,16,17,24,25,26,27,35,36,37
245,5,6,7,14,15,16,17,24,25,26,27,35,36,37
246,5,6,7,14,15,16,17,24,25,26,27,35,36,37
247,5,6,7,14,15,16,17,24,25,26,27,35,36,37
248,5,6,7,14,15,16,17,24,25,26,27,35,36,37
249,5,6,7,14,15,16,17,24,25,26,27,35,36,37
250,5,6,7,14,15,16,17,24,25,26,27,35,36,37
251,5,6,7,14,15,16,17,24,25,26,27,35,36,37
252,5,6,7,14,15,16,17,24,25,26,27,35,36,37
253,5,6,7,14,15,16,17,24,25,26,27,35,36,37
254,5,6,7,14,15,16,17,24,25,26,27,35,36,37
255,5,6,7,14,15,16,17,24,25,26,27,35,36,37
256,5,6,7,14,15,16,17,24,25,26,27,35,36,37
257,5,6,7,14,15,16,17,24,25,26,27,35,36,37
258,5,6,7,14,15,16,17,24,25,26,27,35,36,37
259,5,6,7,14,15,16,17,24,25,26,27,35,36,37
260,5,6,7,14,15,16,17,24,25,26,27,35,36,37
261,5,6,7,14,15,16,17,24,25,26,27,35,36,37
262,5,6,7,14,15,16,17,24,25,26,27,35,36,37
263,5,6,7,14,15,16,17,24,25,26,27,35,36,37
264,5,6,7,14,15,16,17,24,25,26,27,35,36,37
265,5,6,7,14,15,16,17,24,25,26,27,35,36,37
266,5,6,7,14,15,16,17,24,25,26,27,35,36,37
267,5,6,7,14,15,16,17,24,25,26,27,35,36,37
268,5,6,7,14,15,16,17,24,25,26,27,35,36,37
269,5,6,7,14,15,16,17,24,25,26,27,35,36,37
270,5,6,7,14,15,16,17,24,25,26,27,35,36,37
271,5,6,7,14,15,16,17,24,25,26,27,35,36,37
272,5,6,7,14,15,16,17,24,25,26,27,35,36,37
273,5,6,14,15,16,17,24,25,26,27,35,36,37
274,5,6,14,15,16,17,24,25,26,27,35,36,37
275,5,6,14,15,16,17,24,25,26,27,34,35,36,37
276,5,6,14,15,16,17,24,25,26,27,34,35,36,37
277,5,6,14,15,16,17,24,25,26,27,34,35,36,37
278,5,6,14,15,16,17,24,25,26,27,34,35,36,37
279,6,14,15,16,17,24,25,26,27,34,35,36,37
280,6,14,15,16,17,24,25,26,27,34,35,36,37
281,6,14,15,16,17,24,25,26,27,34,35,36,37
282,6,14,15,16,17,24,25,26,27,34,35,36,37
283,6,14,15,16,17,24,25,26,27,34,35,36,37
284,6,14,15,16,17,24,25,26,27,34,35,36,37
285,6,14,15,16,17,24,25,26,27,34,35,36,37
286,6,14,15,16,17,24,25,26,27,34,35,36,37
287,6,14,15,16,17,24,25,26,27,34,35,36,37
288,6,14,15,16,17,24,25,26,27,34,35,36,37
289,14,15,16,17,24,25,26,27,34,35,36,37
290,14,15,16,17,24,25,26,27,34,35,36,37
291,14,15,16,17,24,25,26,27,34,35,36,37
292,14,15,16,17,24,25,26,27,34,35,36,37
293,14,15,16,17,24,25,26,27,34,35,36,37
294,14,15,16,17,24,25,26,27,34,35,36,37
295,14,15,16,17,24,25,26,27,34,35,36,37
296,14,15,16,17,24,25,26,27,34,35,36,37
297,14,15,16,17,24,25,26,27,34,35,36,37
298,14,15,16,17,24,25,26,27,34,35,36,37
299,14,15,16,17,24,25,26,27,34,35,36,37
300,14,15,16,17,24,25,26,27,34,35,36,37
301,14,15,16,17,24,25,26,27,34,35,36,37
302,14,15,16,17,24,25,26,27,34,35,36,37
303,14,15,16,17,24,25,26,27,34,35,36,37
304,14,15,16,17,24,25,26,27,34,35,36,37
305,14,15,16,17,24,25,26,27,34,35,36,37,45
306,14,15,16,17,24,25,26,27,34,35,36,37,45
307,14,15,16,17,24,25,26,27,34,35,36,37,45,46
308,14,15,16,17,24,25,26,27,34,35,36,37,45,46
309,14,15,16,17,24,25,26,27,34,35,36,37,45,46
310,14,15,16,17,24,25,26,27,34,35,36,37,45,46
311,14,15,16,17,24,25,26,27,34,35,36,37,45,46
312,14,15,16,17,24,25,26,27,34,35,36,37,45,46
313,14,15,16,17,24,25,26,27,34,35,36,37,45,46
314,14,15,16,17,24,25,26,27,34,35,36,37,45,46
315,14,15,16,17,24,25,26,27,34,35,36,37,45,46
316,14,15,16,17,24,25,26,27,34,35,36,37,45,46
317,14,15,16,17,24,25,26,27,34,35,36,37,45,46
318,14,15,16,17,24,25,26,27,34,35,36,37,45,46
319,14,15,16,17,24,25,26,27,34,35,36,37,45,46
320,14,15,16,17,24,25,26,27,34,35,36,37,45,46
321,14,15,16,17,24,25,26,27,34,35,36,37,45,46
322,14,15,16,17,24,25,26,27,34,35,36,37,45,46
323,14,15,16,17,24,25,26,27,34,35,36,37,45,46
324,14,15,16,17,24,25,26,27,34,35,36,37,45,46
325,14,15,16,17,24,25,26,27,34,35,36,37,45,46
326,14,15,16,17,24,25,26,27,34,35,36,37,45,46
327,14,15,16,17,24,25,26,27,34,35,36,37,45,46
328,14,15,16,17,24,25,26,27,34,35,36,37,45,46
329,14,15,16,17,24,25,26,27,34,35,36,37,45,46
330,14,15,16,17,24,25,26,27,34,35,36,37,45,46
331,14,15,16,17,24,25,26,27,34,35,36,37,45,46
332,14,15,16,17,24,25,26,27,34,35,36,37,45,46
333,14,15,16,17,24,25,26,27,34,35,36,37,45,46
334,14,15,16,17,24,25,26,27,34,35,36,37,45,46
335,14,15,16,17,24,25,26,27,34,35,36,37,45,46
336,14,15,16,17,24,25,26,27,34,35,36,37,45,46
337,14,15,16,17,24,25,26,27,34,35,36,37,46
338,14,15,16,17,24,25,26,27,34,35,36,37,46
339,14,15,16,17,24,25,26,27,34,35,36,37,46
340,14,15,16,17,24,25,26,27,34,35,36,37,46
341,14,15,16,17,24,25,26,27,34,35,36,37,46
342,14,15,16,17,24,25,26,27,34,35,36,37,46
343,14,15,16,17,24,25,26,27,34,35,36,37
344,14,15,16,17,24,25,26,27,34,35,36,37
345,14,15,16,17,24,25,26,27,34,35,36,37
346,14,15,16,17,24,25,26,27,34,35,36,37
347,14,15,16,17,24,25,26,27,34,35,36,37
348,14,15,16,17,24,25,26,27,34,35,36,37
349,15,16,17,24,25,26,27,34,35,36,37
350,15,16,17,24,25,26,27,34,35,36,37
351,15,16,17,24,25,26,27,35,36,37
352,15,16,17,24,25,26,27,35,36,37
353,15,16,17,24,25,26,27,35,36,37
354,15,16,17,24,25,26,27,35,36,37
355,15,16,17,25,26,27,35,36,37
356,15,16,17,25,26,27,35,36,37
357,15,16,17,25,26,27,35,36,37
358,15,16,17,25,26,27,35,36,37
359,15,16,17,25,26,27,35,36,37
360,15,16,17,25,26,27,35,36,37
361,15,16,17,25,26,27,35,36,37
362,15,16,17,25,26,27,35,36,37
363,15,16,17,25,26,27,35,36,37
364,15,16,17,25,26,27,35,36,37
365,15,16,17,25,26,27,35,36,37
366,15,16,17,25,26,27,35,36,37
367,15,16,17,24,25,26,27,35,36,37
368,15,16,17,24,25,26,27,35,36,37
369,15,16,17,24,25,26,27,35,36,37
370,15,16,17,24,25,26,27,35,36,37
371,15,16,17,24,25,26,27,35,36,37
372,15,16,17,24,25,26,27,35,36,37
373,15,16,17,24,25,26,27,34,35,36,37
374,15,16,17,24,25,26,27,34,35,36,37
375,15,16,17,24,25,26,27,34,35,36,37
376,15,16,17,24,25,26,27,34,35,36,37
377,15,16,17,24,25,26,27,34,35,36,37
378,15,16,17,24,25,26,27,34,35,36,37
379,15,16,17,24,25,26,27,34,35,36,37
380,15,16,17,24,25,26,27,34,35,36,37
381,14,15,16,17,24,25,26,27,34,35,36,37
382,14,15,16,17,24,25,26,27,34,35,36,37
383,14,15,16,17,24,25,26,27,34,35,36,37
384,14,15,16,17,24,25,26,27,34,35,36,37
385,14,15,16,17,24,25,26,27,34,35,36,37,46
386,14,15,16,17,24,25,26,27,34,35,36,37,46
387,14,15,16,17,24,25,26,27,34,35,36,37,46
388,14,15,16,17,24,25,26,27,34,35,36,37,46
389,14,15,16,17,24,25,26,27,34,35,36,37,46
390,14,15,16,17,24,25,26,27,34,35,36,37,46
391,14,15,16,17,24,25,26,27,34,35,36,37,46
392,14,15,16,17,24,25,26,27,34,35,36,37,46
393,14,15,16,17,24,25,26,27,34,35,36,37,46
394,14,15,16,17,24,25,26,27,34,35,36,37,46
395,14,15,16,17,24,25,26,27,34,35,36,37,46
396,14,15,16,17,24,25,26,27,34,35,36,37,46
397,14,15,16,17,24,25,26,27,34,35,36,37,46
398,14,15,16,17,24,25,26,27,34,35,36,37,46
399,14,15,16,17,24,25,26,27,34,35,36,37,46
400,14,15,16,17,24,25,26,27,34,35,36,37,46
401,14,15,16,17,24,25,26,27,34,35,36,37,46
402,14,15,16,17,24,25,26,27,34,35,36,37,46
403,14,15,16,17,24,25,26,27,34,35,36,37,46
404,14,15,16,17,24,25,26,27,34,35,36,37,46
405,14,15,16,17,24,25,26,27,34,35,36,37
406,14,15,16,17,24,25,26,27,34,35,36,37
407,14,15,16,17,24,25,26,27,34,35,36,37
408,14,15,16,17,24,25,26,27,34,35,36,37
409,14,15,16,17,24,25,26,27,34,35,36,37
410,14,15,16,17,24,25,26,27,34,35,36,37
411,14,15,16,17,24,25,26,27,34,35,36,37
412,14,15,16,17,24,25,26,27,34,35,36,37
413,14,15,16,17,24,25,26,27,34,35,36,37
414,14,15,16,17,24,25,26,27,34,35,36,37
415,14,15,16,17,24,25,26,27,34,35,36,37
416,14,15,16,17,24,25,26,27,34,35,36,37
417,14,15,16,17,24,25,26,27,34,35,36,37
418,14,15,16,17,24,25,26,27,34,35,36,37
419,14,15,16,17,24,25,26,27,34,35,36,37
420,14,15,16,17,24,25,26,27,34,35,36,37
421,14,15,16,17,24,25,26,27,34,35,36,37
422,14,15,16,17,24,25,26,27,34,35,36,37
423,14,15,16,17,24,25,26,27,34,35,36,37
424,14,15,16,17,24,25,26,27,34,35,36,37
425,14,15,16,17,24,25,26,27,34,35,36,37
426,14,15,16,17,24,25,26,27,34,35,36,37
427,14,15,16,17,24,25,26,27,34,35,36,37,45,46
428,14,15,16,17,24,25,26,27,34,35,36,37,45,46
429,14,15,16,17,24,25,26,27,34,35,36,37,45,46
430,14,15,16,17,24,25,26,27,34,35,36,37,45,46
431,14,15,16,17,24,25,26,27,34,35,36,37,45,46
432,14,15,16,17,24,25,26,27,34,35,36,37,45,46
433,14,15,16,17,24,25,26,27,34,35,36,37,45,46
434,14,15,16,17,24,25,26,27,34,35,36,37,45,46
435,14,15,16,17,24,25,26,27,34,35,36,37,45,46
436,14,15,16,17,24,25,26,27,34,35,36,37,45,46
437,14,15,16,24,25,26,27,34,35,36,37,45,46
438,14,15,16,24,25,26,27,34,35,36,37,45,46
439,14,15,16,24,25,26,27,34,35,36,37,45,46
440,14,15,16,24,25,26,27,34,35,36,37,45,46
441,14,15,16,24,25,26,27,34,35,36,45,46
442,14,15,16,24,25,26,27,34,35,36,45,46
443,14,15,16,24,25,26,34,35,36,45,46
444,14,15,16,24,25,26,34,35,36,45,46
445,14,15,16,24,25,26,34,35,36,45
446,14,15,16,24,25,26,34,35,36,45
447,14,15,16,24,25,26,34,35,36,45
448,14,15,16,24,25,26,34,35,36,45
449,14,15,16,24,25,26,34,35,36,45
450,14,15,16,24,25,26,34,35,36,45
451,14,15,16,24,25,26,34,35,36,45
452,14,15,16,24,25,26,34,35,36,45
453,14,15,16,24,25,26,34,35,36,45
454,14,15,16,24,25,26,34,35,36,45
455,14,15,16,24,25,26,34,35,36,45
456,14,15,16,24,25,26,34,35,36,45
457,14,15,16,24,25,26,34,35,36,45
458,14,15,16,24,25,26,34,35,36,45
459,14,15,16,24,25,26,34,35,36,45,46
460,14,15,16,24,25,26,34,35,36,45,46
461,14,15,16,24,25,26,34,35,36,45,46
462,14,15,16,24,25,26,34,35,36,45,46
463,14,15,16,24,25,26,34,35,36,45,46
464,14,15,16,24,25,26,34,35,36,45,46
465,14,15,16,24,25,26,34,35,36,45,46
466,14,15,16,24,25,26,34,35,36,45,46
467,14,15,16,24,25,26,34,35,36,45,46
468,14,15,16,24,25,26,34,35,36,45,46
469,14,15,16,24,25,26,27,34,35,36,45,46
470,14,15,16,24,25,26,27,34,35,36,45,46
471,14,15,16,24,25,26,27,34,35,36,45,46
472,14,15,16,24,25,26,27,34,35,36,45,46
473,14,15,16,24,25,26,27,34,35,36,45,46
474,14,15,16,24,25,26,27,34,35,36,45,46
475,14,15,16,24,25,26,27,34,35,36,45,46
476,14,15,16,24,25,26,27,34,35,36,45,46
477,14,15,16,24,25,26,34,35,36,45,46
478,14,15,16,24,25,26,34,35,36,45,46
479,14,15,16,24,25,26,34,35,36,45,46
480,14,15,16,24,25,26,34,35,36,45,46
481,14,15,16,24,25,26,34,35,36,45,46
482,14,15,16,24,25,26,34,35,36,45,46
483,14,15,16,24,25,26,34,35,36,45
484,14,15,16,24,25,26,34,35,36,45
485,14,15,16,24,25,26,34,35,36,45
486,14,15,16,24,25,26,34,35,36,45
487,14,15,16,24,25,26,34,35,36,45
488,14,15,16,24,25,26,34,35,36,45
489,14,15,16,24,25,26,34,35,36,45
490,14,15,16,24,25,26,34,35,36,45
491,14,15,16,24,25,26,34,35,36,45
492,14,15,16,24,25,26,34,35,36,45
493,14,15,16,24,25,26,34,35,36,45
494,14,15,16,24,25,26,34,35,36,45
495,14,15,16,24,25,26,34,35,36,45
496,14,15,16,24,25,26,34,35,36,45
497,14,15,16,24,25,26,34,35,36,45
498,14,15,16,24,25,26,34,35,36,45
499,14,15,16,24,25,26,34,35,36,45,46
500,14,15,16,24,25,26,34,35,36,45,46
501,14,15,16,24,25,26,27,34,35,36,45,46
502,14,15,16,24,25,26,27,34,35,36,45,46
503,14,15,16,24,25,26,27,34,35,36,37,45,46
504,14,15,16,24,25,26,27,34,35,36,37,45,46
505,14,15,16,24,25,26,27,34,35,36,37,45,46
506,14,15,16,24,25,26,27,34,35,36,37,45,46
507,14,15,16,17,24,25,26,27,34,35,36,37,45,46
508,14,15,16,17,24,25,26,27,34,35,36,37,45,46
509,14,15,16,17,24,25,26,27,34,35,36,37,45,46
510,14,15,16,17,24,25,26,27,34,35,36,37,45,46
511,14,15,16,17,24,25,26,27,34,35,36,37,45,46
512,14,15,16,17,24,25,26,27,34,35,36,37,45,46
513,14,15,16,17,24,25,26,27,34,35,36,37,45,46
514,14,15,16,17,24,25,26,27,34,35,36,37,45,46
515,14,15,16,17,24,25,26,27,34,35,36,37,45,46
516,14,15,16,17,24,25,26,27,34,35,36,37,45,46
517,14,15,16,17,24,25,26,27,34,35,36,37,45,46
518,14,15,16,17,24,25,26,27,34,35,36,37,45,46
519,14,15,16,17,24,25,26,27,34,35,36,37,45,46
520,14,15,16,17,24,25,26,27,34,35,36,37,45,46
521,14,15,16,17,24,25,26,27,34,35,36,37,45,46
522,14,15,16,17,24,25,26,27,34,35,36,37,45,46
523,14,15,16,17,24,25,26,27,34,35,36,37,45,46
524,14,15,16,17,24,25,26,27,34,35,36,37,45,46
525,14,15,16,17,24,25,26,27,34,35,36,37,45,46
526,14,15,16,17,24,25,26,27,34,35,36,37,45,46
527,14,15,16,17,24,25,26,27,34,35,36,37,45,46
528,14,15,16,17,24,25,26,27,34,35,36,37,45,46
529,14,15,16,17,24,25,26,27,34,35,36,37,45,46
530,14,15,16,17,24,25,26,27,34,35,36,37,45,46
531,14,15,16,17,24,25,26,27,34,35,36,37,45,46
532,14,15,16,17,24,25,26,27,34,35,36,37,45,46
533,14,15,16,17,24,25,26,27,34,35,36,37,45,46
534,14,15,16,17,24,25,26,27,34,35,36,37,45,46
535,14,15,16,17,24,25,26,27,34,35,36,37,45,46
536,14,15,16,17,24,25,26,27,34,35,36,37,45,46
537,14,15,16,17,24,25,26,27,34,35,36,37,45,46
538,14,15,16,17,24,25,26,27,34,35,36,37,45,46
539,14,15,16,17,24,25,26,27,34,35,36,37,45,46
540,14,15,16,17,24,25,26,27,34,35,36,37,45,46
541,14,15,16,17,24,25,26,27,34,35,36,37,45,46
542,14,15,16,17,24,25,26,27,34,35,36,37,45,46
543,14,15,16,17,24,25,26,27,34,35,36,37,45,46
544,14,15,16,17,24,25,26,27,34,35,36,37,45,46
545,14,15,16,17,24,25,26,27,34,35,36,37,45,46
546,14,15,16,17,24,25,26,27,34,35,36,37,45,46
547,14,15,16,17,24,25,26,27,34,35,36,37,45,46
548,14,15,16,17,24,25,26,27,34,35,36,37,45,46
549,14,15,16,17,24,25,26,27,34,35,36,37,45,46
550,14,15,16,17,24,25,26,27,34,35,36,37,45,46
551,14,15,16,17,24,25,26,27,34,35,36,37,45,46
552,14,15,16,17,24,25,26,27,34,35,36,37,45,46
553,14,15,16,17,24,25,26,27,34,35,36,37,45,46
554,14,15,16,17,24,25,26,27,34,35,36,37,45,46
555,14,15,16,17,24,25,26,27,34,35,36,37,45,46
556,14,15,16,17,24,25,26,27,34,35,36,37,45,46
557,14,15,16,17,24,25,26,27,34,35,36,37,45,46
558,14,15,16,17,24,25,26,27,34,35,36,37,45,46
559,14,15,16,17,24,25,26,27,34,35,36,37,45,46
560,14,15,16,17,24,25,26,27,34,35,36,37,45,46
561,14,15,16,17,24,25,26,27,34,35,36,37,45,46
562,14,15,16,17,24,25,26,27,34,35,36,37,45,46
563,14,15,16,17,24,25,26,27,34,35,36,37,45,46
564,14,15,16,17,24,25,26,27,34,35,36,37,45,46
565,14,15,16,17,24,25,26,27,34,35,36,37,45,46
566,14,15,16,17,24,25,26,27,34,35,36,37,45,46
567,14,15,16,17,24,25,26,27,34,35,36,37,45,46
568,14,15,16,17,24,25,26,27,34,35,36,37,45,46
569,14,15,16,17,24,25,26,27,34,35,36,37,45,46
570,14,15,16,17,24,25,26,27,34,35,36,37,45,46
571,14,15,16,24,25,26,27,34,35,36,37,45,46
572,14,15,16,24,25,26,27,34,35,36,37,45,46
573,14,15,16,24,25,26,27,34,35,36,37,45,46
574,14,15,16,24,25,26,27,34,35,36,37,45,46
575,14,15,16,24,25,26,27,34,35,36,37,45,46
576,14,15,16,24,25,26,27,34,35,36,37,45,46
577,14,15,16,24,25,26,27,34,35,36,37,45,46
578,14,15,16,24,25,26,27,34,35,36,37,45,46
579,14,15,16,24,25,26,27,34,35,36,45,46
580,14,15,16,24,25,26,27,34,35,36,45,46
581,14,15,16,24,25,26,34,35,36,45,46
582,14,15,16,24,25,26,34,35,36,45,46
583,14,15,16,24,25,26,34,35,36,45,46
584,14,15,16,24,25,26,34,35,36,45,46
585,14,15,16,24,25,26,34,35,36,45,46
586,14,15,16,24,25,26,34,35,36,45,46
587,14,15,16,24,25,26,34,35,36,45,46
588,14,15,16,24,25,26,34,35,36,45,46
589,14,15,16,24,25,26,34,35,36,45,46
590,14,15,16,24,25,26,34,35,36,45,46
591,14,15,16,24,25,26,34,35,36,45,46
592,14,15,16,24,25,26,34,35,36,45,46
593,14,15,16,24,25,26,34,35,36,45,46
594,14,15,16,24,25,26,34,35,36,45,46
595,14,15,16,24,25,26,34,35,36,45,46
596,14,15,16,24,25,26,34,35,36,45,46
597,14,15,16,24,25,26,27,34,35,36,45,46
598,14,15,16,24,25,26,27,34,35,36,45,46
599,14,15,16,24,25,26,27,34,35,36,37,45,46
600,14,15,16,24,25,26,27,34,35,36,37,45,46
601,14,15,16,24,25,26,27,34,35,36,37,45,46
602,14,15,16,24,25,26,27,34,35,36,37,45,46
603,14,15,16,24,25,26,27,34,35,36,37,45,46
604,14,15,16,24,25,26,27,34,35,36,37,45,46
605,14,15,16,24,25,26,27,34,35,36,37,45,46
606,14,15,16,24,25,26,27,34,35,36,37,45,46
607,14,15,16,24,25,26,27,34,35,36,37,45,46
608,14,15,16,24,25,26,27,34,35,36,37,45,46
609,14,15,16,24,25,26,27,34,35,36,37,45,46
610,14,15,16,24,25,26,27,34,35,36,37,45,46
611,14,15,16,24,25,26,27,34,35,36,45,46
612,14,15,16,24,25,26,27,34,35,36,45,46
613,14,15,16,24,25,26,27,34,35,36,45,46
614,14,15,16,24,25,26,27,34,35,36,45,46
615,14,15,16,24,25,26,34,35,36,45,46
616,14,15,16,24,25,26,34,35,36,45,46
617,14,15,16,24,25,26,34,35,36,45,46
618,14,15,16,24,25,26,34,35,36,45,46
619,14,15,16,24,25,26,34,35,36,45,46
620,14,15,16,24,25,26,34,35,36,45,46
621,14,15,16,24,25,26,34,35,36,45,46
622,14,15,16,24,25,26,34,35,36,45,46
623,14,15,16,24,25,26,34,35,36,45,46
624,14,15,16,24,25,26,34,35,36,45,46
625,14,15,16,24,25,26,34,35,36,45,46
626,14,15,16,24,25,26,34,35,36,45,46
627,14,15,16,24,25,26,27,34,35,36,45,46
628,14,15,16,24,25,26,27,34,35,36,45,46
629,14,15,16,24,25,26,27,34,35,36,37,45,46
630,14,15,16,24,25,26,27,34,35,36,37,45,46
631,14,15,16,24,25,26,27,34,35,36,37,45,46
632,14,15,16,24,25,26,27,34,35,36,37,45,46
633,14,15,16,24,25,26,27,34,35,36,37,45,46
634,14,15,16,24,25,26,27,34,35,36,37,45,46
635,14,15,16,17,24,25,26,27,34,35,36,37,45,46
636,14,15,16,17,24,25,26,27,34,35,36,37,45,46
637,14,15,16,17,24,25,26,27,34,35,36,37,45,46
638,14,15,16,17,24,25,26,27,34,35,36,37,45,46
639,14,15,16,17,24,25,26,27,34,35,36,37,45,46
640,14,15,16,17,24,25,26,27,34,35,36,37,45,46
641,14,15,16,17,24,25,26,27,34,35,36,37,45,46
642,14,15,16,17,24,25,26,27,34,35,36,37,45,46
643,14,15,16,17,24,25,26,27,34,35,36,37,45,46
644,14,15,16,17,24,25,26,27,34,35,36,37,45,46
645,14,15,16,17,24,25,26,27,34,35,36,37,45,46
646,14,15,16,17,24,25,26,27,34,35,36,37,45,46
647,14,15,16,17,24,25,26,27,34,35,36,37,45,46
648,14,15,16,17,24,25,26,27,34,35,36,37,45,46
649,15,16,17,24,25,26,27,34,35,36,37,45,46
650,15,16,17,24,25,26,27,34,35,36,37,45,46
651,15,16,17,24,25,26,27,34,35,36,37,45,46
652,15,16,17,24,25,26,27,34,35,36,37,45,46
653,15,16,17,25,26,27,35,36,37,45,46
654,15,16,17,25,26,27,35,36,37,45,46
655,15,16,17,25,26,27,35,36,37,46
656,15,16,17,25,26,27,35,36,37,46
657,15,16,17,25,26,27,35,36,37,46
658,15,16,17,25,26,27,35,36,37,46
659,15,16,17,25,26,27,35,36,37,46
660,15,16,17,25,26,27,35,36,37,46
661,15,16,17,25,26,27,35,36,37,46
662,15,16,17,25,26,27,35,36,37,46
663,15,16,17,25,26,27,28,35,36,37,46
664,15,16,17,25,26,27,28,35,36,37,46
665,15,16,17,25,26,27,28,35,36,37,46
666,15,16,17,25,26,27,28,35,36,37,46
667,15,16,17,25,26,27,28,35,36,37,46,47
668,15,16,17,25,26,27,28,35,36,37,46,47
669,15,16,17,25,26,27,28,35,36,37,46,47
670,15,16,17,25,26,27,28,35,36,37,46,47
671,15,16,17,25,26,27,28,35,36,37,46,47
672,15,16,17,25,26,27,28,35,36,37,46,47
673,15,16,17,25,26,27,28,35,36,37,46
674,15,16,17,25,26,27,28,35,36,37,46
675,15,16,17,25,26,27,28,35,36,37,46
676,15,16,17,25,26,27,28,35,36,37,46
677,15,16,17,25,26,27,35,36,37,46
678,15,16,17,25,26,27,35,36,37,46
679,15,16,17,25,26,27,35,36,37,46
680,15,16,17,25,26,27,35,36,37,46
681,15,16,17,25,26,27,35,36,37,46
682,15,16,17,25,26,27,35,36,37,46
683,15,16,17,25,26,27,35,36,37,46
684,15,16,17,25,26,27,35,36,37,46
685,15,16,17,24,25,26,27,35,36,37,46
686,15,16,17,24,25,26,27,35,36,37,46
687,15,16,17,24,25,26,27,34,35,36,37,45,46
688,15,16,17,24,25,26,27,34,35,36,37,45,46
689,14,15,16,17,24,25,26,27,34,35,36,37,45,46
690,14,15,16,17,24,25,26,27,34,35,36,37,45,46
691,14,15,16,17,24,25,26,27,34,35,36,37,45,46
692,14,15,16,17,24,25,26,27,34,35,36,37,45,46
693,14,15,16,17,24,25,26,27,34,35,36,37,45,46
694,14,15,16,17,24,25,26,27,34,35,36,37,45,46
695,14,15,16,17,24,25,26,27,34,35,36,37,45,46
696,14,15,16,17,24,25,26,27,34,35,36,37,45,46
697,14,15,16,17,24,25,26,27,34,35,36,37,45,46
698,14,15,16,17,24,25,26,27,34,35,36,37,45,46
699,14,15,16,17,24,25,26,27,34,35,36,37,45,46
700,14,15,16,17,24,25,26,27,34,35,36,37,45,46
701,14,15,16,24,25,26,27,34,35,36,45,46
702,14,15,16,24,25,26,27,34,35,36,45,46
703,14,15,16,24,25,26,34,35,36,45
704,14,15,16,24,25,26,34,35,36,45
705,14,15,16,24,25,26,34,35,36,45
706,14,15,16,24,25,26,34,35,36,45
707,14,15,16,23,24,25,26,33,34,35,36,44,45
708,14,15,16,23,24,25,26,33,34,35,36,44,45
709,13,14,15,16,23,24,25,26,33,34,35,36,44,45
710,13,14,15,16,23,24,25,26,33,34,35,36,44,45
711,13,14,15,16,23,24,25,26,33,34,35,36,44,45
712,13,14,15,16,23,24,25,26,33,34,35,36,44,45
713,13,14,15,16,23,24,25,26,33,34,35,36,44,45
714,13,14,15,16,23,24,25,26,33,34,35,36,44,45
715,13,14,15,16,23,24,25,26,33,34,35,36,44,45
716,13,14,15,16,23,24,25,26,33,34,35,36,44,45
717,13,14,15,16,23,24,25,26,33,34,35,36,44,45
718,13,14,15,16,23,24,25,26,33,34,35,36,44,45
719,14,15,16,23,24,25,26,33,34,35,36,44,45
720,14,15,16,23,24,25,26,33,34,35,36,44,45
721,14,15,16,23,24,25,26,34,35,36,44,45
722,14,15,16,23,24,25,26,34,35,36,44,45
723,14,15,16,24,25,26,34,35,36,44,45,46
724,14,15,16,24,25,26,34,35,36,44,45,46
725,14,15,16,24,25,26,34,35,36,45,46
726,14,15,16,24,25,26,34,35,36,45,46
727,14,15,16,24,25,26,27,34,35,36,37,45,46
728,14,15,16,24,25,26,27,34,35,36,37,45,46
729,14,15,16,24,25,26,27,34,35,36,37,45,46
730,14,15,16,24,25,26,27,34,35,36,37,45,46
731,14,15,16,17,24,25,26,27,34,35,36,37,45,46
732,14,15,16,17,24,25,26,27,34,35,36,37,45,46
733,14,15,16,17,24,25,26,27,34,35,36,37,45,46
734,14,15,16,17,24,25,26,27,34,35,36,37,45,46
735,14,15,16,17,24,25,26,27,34,35,36,37,45,46
736,14,15,16,17,24,25,26,27,34,35,36,37,45,46
737,14,15,16,17,24,25,26,27,34,35,36,37,45,46
738,14,15,16,17,24,25,26,27,34,35,36,37,45,46
739,14,15,16,17,24,25,26,27,34,35,36,37,45,46
740,14,15,16,17,24,25,26,27,34,35,36,37,45,46
741,14,15,16,17,24,25,26,27,34,35,36,37,45,46
742,14,15,16,17,24,25,26,27,34,35,36,37,45,46
743,14,15,16,17,24,25,26,27,34,35,36,37,45,46
744,14,15,16,17,24,25,26,27,34,35,36,37,45,46
745,14,15,16,17,24,25,26,27,34,35,36,37,45,46
746,14,15,16,17,24,25,26,27,34,35,36,37,45,46
747,14,15,16,17,24,25,26,27,34,35,36,37,45,46
748,14,15,16,17,24,25,26,27,34,35,36,37,45,46
749,14,15,16,17,24,25,26,27,34,35,36,37,45,46
750,14,15,16,17,24,25,26,27,34,35,36,37,45,46
751,14,15,16,17,24,25,26,27,34,35,36,37,45,46
752,14,15,16,17,24,25,26,27,34,35,36,37,45,46
753,14,15,16,17,24,25,26,27,34,35,36,37,45,46
754,14,15,16,17,24,25,26,27,34,35,36,37,45,46
755,14,15,16,17,24,25,26,27,34,35,36,37,45,46
756,14,15,16,17,24,25,26,27,34,35,36,37,45,46
757,14,15,16,17,24,25,26,27,34,35,36,37,45,46
758,14,15,16,17,24,25,26,27,34,35,36,37,45,46
759,14,15,16,17,24,25,26,27,34,35,36,37,45,46
760,14,15,16,17,24,25,26,27,34,35,36,37,45,46
761,14,15,16,17,24,25,26,27,34,35,36,37,45,46
762,14,15,16,17,24,25,26,27,34,35,36,37,45,46
763,14,15,16,17,24,25,26,27,34,35,36,37,45,46
764,14,15,16,17,24,25,26,27,34,35,36,37,45,46
765,14,15,16,17,24,25,26,27,34,35,36,37,45,46
766,14,15,16,17,24,25,26,27,34,35,36,37,45,46
767,14,15,16,17,24,25,26,27,34,35,36,37,45,46
768,14,15,16,17,24,25,26,27,34,35,36,37,45,46
769,14,15,16,17,24,25,26,27,34,35,36,37,45,46
770,14,15,16,17,24,25,26,27,34,35,36,37,45,46
771,14,15,16,17,24,25,26,27,34,35,36,37,45,46
772,14,15,16,17,24,25,26,27,34,35,36,37,45,46
773,14,15,16,17,24,25,26,27,34,35,36,37,45,46
774,14,15,16,17,24,25,26,27,34,35,36,37,45,46
775,14,15,16,17,24,25,26,27,34,35,36,37,45,46
776,14,15,16,17,24,25,26,27,34,35,36,37,45,46
777,14,15,16,17,24,25,26,27,34,35,36,37,45,46
778,14,15,16,17,24,25,26,27,34,35,36,37,45,46
779,14,15,16,17,24,25,26,27,34,35,36,37,45,46
780,14,15,16,17,24,25,26,27,34,35,36,37,45,46
781,14,15,16,17,24,25,26,27,34,35,36,37,45,46
782,14,15,16,17,24,25,26,27,34,35,36,37,45,46
783,14,15,16,17,24,25,26,27,34,35,36,37,45,46
784,14,15,16,17,24,25,26,27,34,35,36,37,45,46
785,14,15,16,17,24,25,26,27,34,35,36,37,45,46
786,14,15,16,17,24,25,26,27,34,35,36,37,45,46
787,14,15,16,17,24,25,26,27,34,35,36,37,45,46
788,14,15,16,17,24,25,26,27,34,35,36,37,45,46
789,14,15,16,17,24,25,26,27,34,35,36,37,45,46
790,14,15,16,17,24,25,26,27,34,35,36,37,45,46
791,14,15,16,17,24,25,26,27,34,35,36,37,45,46
792,14,15,16,17,24,25,26,27,34,35,36,37,45,46
793,15,16,17,24,25,26,27,34,35,36,37,45,46
794,15,16,17,24,25,26,27,34,35,36,37,45,46
795,15,16,17,24,25,26,27,34,35,36,37,45,46
796,15,16,17,24,25,26,27,34,35,36,37,45,46
797,15,16,17,24,25,26,27,34,35,36,37,45,46
798,15,16,17,24,25,26,27,34,35,36,37,45,46
799,15,16,17,24,25,26,27,34,35,36,37,45,46
800,15,16,17,24,25,26,27,34,35,36,37,45,46
801,15,16,17,24,25,26,27,34,35,36,37,45,46
802,15,16,17,24,25,26,27,34,35,36,37,45,46
803,15,16,17,24,25,26,27,34,35,36,37,45,46
804,15,16,17,24,25,26,27,34,35,36,37,45,46
805,15,16,17,24,25,26,27,34,35,36,37,45,46
806,15,16,17,24,25,26,27,34,35,36,37,45,46
807,15,16,17,24,25,26,27,34,35,36,37,45,46
808,15,16,17,24,25,26,27,34,35,36,37,45,46
809,15,16,17,24,25,26,27,34,35,36,37,45,46
810,15,16,17,24,25,26,27,34,35,36,37,45,46
811,15,16,17,24,25,26,27,34,35,36,37,45,46
812,15,16,17,24,25,26,27,34,35,36,37,45,46
813,15,16,17,24,25,26,27,35,36,37,45,46,47
814,15,16,17,24,25,26,27,35,36,37,45,46,47
815,15,16,17,25,26,27,35,36,37,45,46,47
816,15,16,17,25,26,27,35,36,37,45,46,47
817,15,16,17,25,26,27,35,36,37,45,46,47
818,15,16,17,25,26,27,35,36,37,45,46,47
819,15,16,17,25,26,27,35,36,37,45,46,47
820,15,16,17,25,26,27,35,36,37,45,46,47
821,15,16,17,25,26,27,35,36,37,45,46,47
822,15,16,17,25,26,27,35,36,37,45,46,47
823,15,16,17,25,26,27,35,36,37,45,46,47
824,15,16,17,25,26,27,35,36,37,45,46,47
825,15,16,17,25,26,27,35,36,37,45,46,47
826,15,16,17,25,26,27,35,36,37,45,46,47
827,15,16,17,25,26,27,35,36,37,45,46,47
828,15,16,17,25,26,27,35,36,37,45,46,47
829,15,16,17,25,26,27,35,36,37,45,46,47
830,15,16,17,25,26,27,35,36,37,45,46,47
831,15,16,17,25,26,27,35,36,37,45,46,47
832,15,16,17,25,26,27,35,36,37,45,46,47
833,15,16,17,25,26,27,35,36,37,45,46,47
834,15,16,17,25,26,27,35,36,37,45,46,47
835,15,16,17,25,26,27,35,36,37,45,46,47
836,15,16,17,25,26,27,35,36,37,45,46,47
837,15,16,17,25,26,27,35,36,37,45,46,47
838,15,16,17,25,26,27,35,36,37,45,46,47
839,15,16,17,25,26,27,35,36,37,45,46,47
840,15,16,17,25,26,27,35,36,37,45,46,47
841,15,16,17,25,26,27,35,36,37,45,46,47
842,15,16,17,25,26,27,35,36,37,45,46,47
843,15,16,17,25,26,27,35,36,37,45,46,47
844,15,16,17,25,26,27,35,36,37,45,46,47
845,15,16,17,25,26,27,35,36,37,45,46,47
846,15,16,17,25,26,27,35,36,37,45,46,47
847,15,16,17,25,26,27,35,36,37,45,46,47
848,15,16,17,25,26,27,35,36,37,45,46,47
849,15,16,17,25,26,27,35,36,37,45,46,47
850,15,16,17,25,26,27,35,36,37,45,46,47
851,15,16,17,25,26,27,35,36,37,45,46,47
852,15,16,17,25,26,27,35,36,37,45,46,47
853,15,16,17,25,26,27,35,36,37,45,46,47
854,15,16,17,25,26,27,35,36,37,45,46,47
855,15,16,17,25,26,27,35,36,37,45,46,47
856,15,16,17,25,26,27,35,36,37,45,46,47
857,15,16,17,25,26,27,35,36,37,45,46,47
858,15,16,17,25,26,27,35,36,37,45,46,47
859,15,16,17,25,26,27,35,36,37,45,46,47
860,15,16,17,25,26,27,35,36,37,45,46,47
861,15,16,17,25,26,27,35,36,37,45,46,47
862,15,16,17,25,26,27,35,36,37,45,46,47
863,15,16,17,25,26,27,35,36,37,46,47
864,15,16,17,25,26,27,35,36,37,46,47
865,15,16,17,25,26,27,28,35,36,37,46,47
866,15,16,17,25,26,27,28,35,36,37,46,47
867,15,16,17,25,26,27,28,35,36,37,46,47
868,15,16,17,25,26,27,28,35,36,37,46,47
869,15,16,17,25,26,27,28,35,36,37,38,46,47
870,15,16,17,25,26,27,28,35,36,37,38,46,47
871,15,16,17,25,26,27,28,35,36,37,38,46,47
872,15,16,17,25,26,27,28,35,36,37,38,46,47
873,15,16,17,25,26,27,28,35,36,37,38,46,47
874,15,16,17,25,26,27,28,35,36,37,38,46,47
875,15,16,17,25,26,27,28,35,36,37,38,46,47
876,15,16,17,25,26,27,28,35,36,37,38,46,47
877,15,16,17,25,26,27,28,35,36,37,38,46,47
878,15,16,17,25,26,27,28,35,36,37,38,46,47
879,15,16,17,25,26,27,28,35,36,37,38,46,47
880,15,16,17,25,26,27,28,35,36,37,38,46,47
881,15,16,17,25,26,27,28,35,36,37,38,46,47
882,15,16,17,25,26,27,28,35,36,37,38,46,47
883,15,16,17,25,26,27,28,35,36,37,38,46,47
884,15,16,17,25,26,27,28,35,36,37,38,46,47
885,15,16,17,25,26,27,28,35,36,37,38,46,47
886,15,16,17,25,26,27,28,35,36,37,38,46,47
887,15,16,17,25,26,27,28,35,36,37,38,46,47
888,15,16,17,25,26,27,28,35,36,37,38,46,47
889,15,16,17,25,26,27,28,35,36,37,38,46,47
890,15,16,17,25,26,27,28,35,36,37,38,46,47
891,15,16,17,25,26,27,28,35,36,37,38,46,47
892,15,16,17,25,26,27,28,35,36,37,38,46,47
893,15,16,17,25,26,27,28,35,36,37,38,46,47
894,15,16,17,25,26,27,28,35,36,37,38,46,47
895,15,16,17,25,26,27,28,35,36,37,38,46,47
896,15,16,17,25,26,27,28,35,36,37,38,46,47
897,15,16,17,25,26,27,28,35,36,37,38,46,47
898,15,16,17,25,26,27,28,35,36,37,38,46,47
899,15,16,17,25,26,27,28,35,36,37,46,47
900,15,16,17,25,26,27,28,35,36,37,46,47
901,15,16,17,25,26,27,28,35,36,37,46,47
902,15,16,17,25,26,27,28,35,36,37,46,47
903,15,16,17,25,26,27,35,36,37,45,46,47
904,15,16,17,25,26,27,35,36,37,45,46,47
905,15,16,17,25,26,27,35,36,37,45,46,47
906,15,16,17,25,26,27,35,36,37,45,46,47
907,15,16,17,25,26,27,35,36,37,45,46,47
908,15,16,17,25,26,27,35,36,37,45,46,47
909,15,16,17,25,26,27,35,36,37,45,46,47
910,15,16,17,25,26,27,35,36,37,45,46,47
911,15,16,17,25,26,27,35,36,37,45,46,47
912,15,16,17,25,26,27,35,36,37,45,46,47
913,15,16,17,25,26,27,35,36,37,45,46,47
914,15,16,17,25,26,27,35,36,37,45,46,47
915,15,16,17,24,25,26,27,35,36,37,45,46,47
916,15,16,17,24,25,26,27,35,36,37,45,46,47
917,15,16,17,24,25,26,27,35,36,37,45,46,47
918,15,16,17,24,25,26,27,35,36,37,45,46,47
919,15,16,17,24,25,26,27,34,35,36,37,45,46,47
920,15,16,17,24,25,26,27,34,35,36,37,45,46,47
921,15,16,17,24,25,26,27,34,35,36,37,45,46
922,15,16,17,24,25,26,27,34,35,36,37,45,46
923,15,16,17,24,25,26,27,34,35,36,37,45,46
924,15,16,17,24,25,26,27,34,35,36,37,45,46
925,15,16,17,24,25,26,27,34,35,36,37,45,46
926,15,16,17,24,25,26,27,34,35,36,37,45,46
927,15,16,17,24,25,26,27,34,35,36,37,45,46
928,15,16,17,24,25,26,27,34,35,36,37,45,46
929,15,16,17,24,25,26,27,34,35,36,37,45,46
930,15,16,17,24,25,26,27,34,35,36,37,45,46
931,15,16,17,24,25,26,27,34,35,36,37,45,46
932,15,16,17,24,25,26,27,34,35,36,37,45,46
933,15,16,17,24,25,26,27,34,35,36,37,45,46
934,15,16,17,24,25,26,27,34,35,36,37,45,46
935,14,15,16,17,24,25,26,27,34,35,36,37,45,46
936,14,15,16,17,24,25,26,27,34,35,36,37,45,46
937,14,15,16,17,24,25,26,27,34,35,36,37,45,46
938,14,15,16,17,24,25,26,27,34,35,36,37,45,46
939,14,15,16,17,24,25,26,27,34,35,36,37,45,46
940,14,15,16,17,24,25,26,27,34,35,36,37,45,46
941,14,15,16,17,24,25,26,27,34,35,36,37,45,46
942,14,15,16,17,24,25,26,27,34,35,36,37,45,46
943,14,15,16,17,24,25,26,27,34,35,36,37,45,46
944,14,15,16,17,24,25,26,27,34,35,36,37,45,46
945,14,15,16,17,24,25,26,27,34,35,36,37,45,46
946,14,15,16,17,24,25,26,27,34,35,36,37,45,46
947,14,15,16,17,24,25,26,27,34,35,36,37,45,46
948,14,15,16,17,24,25,26,27,34,35,36,37,45,46
949,14,15,16,17,24,25,26,27,34,35,36,37,45,46
950,14,15,16,17,24,25,26,27,34,35,36,37,45,46
951,15,16,17,24,25,26,27,34,35,36,37,45,46
952,15,16,17,24,25,26,27,34,35,36,37,45,46
953,15,16,17,24,25,26,27,34,35,36,37,45,46
954,15,16,17,24,25,26,27,34,35,36,37,45,46
955,15,16,17,24,25,26,27,34,35,36,37,45,46
956,15,16,17,24,25,26,27,34,35,36,37,45,46
957,15,16,17,24,25,26,27,34,35,36,37,45,46
958,15,16,17,24,25,26,27,34,35,36,37,45,46
959,15,16,17,24,25,26,27,34,35,36,37,45,46
960,15,16,17,24,25,26,27,34,35,36,37,45,46
961,15,16,17,24,25,26,27,34,35,36,37,45,46
962,15,16,17,24,25,26,27,34,35,36,37,45,46
963,15,16,17,24,25,26,27,34,35,36,37,45,46
964,15,16,17,24,25,26,27,34,35,36,37,45,46
965,15,16,17,24,25,26,27,34,35,36,37,45,46
966,15,16,17,24,25,26,27,34,35,36,37,45,46
967,15,16,17,24,25,26,27,34,35,36,37,45,46
968,15,16,17,24,25,26,27,34,35,36,37,45,46
969,15,16,17,24,25,26,27,34,35,36,37,45,46
970,15,16,17,24,25,26,27,34,35,36,37,45,46
971,15,16,17,24,25,26,27,34,35,36,37,45,46
972,15,16,17,24,25,26,27,34,35,36,37,45,46
973,15,16,17,24,25,26,27,34,35,36,37,45,46
974,15,16,17,24,25,26,27,34,35,36,37,45,46
975,15,16,17,24,25,26,27,34,35,36,37,45,46
976,15,16,17,24,25,26,27,34,35,36,37,45,46
977,15,16,17,24,25,26,27,34,35,36,37,45,46
978,15,16,17,24,25,26,27,34,35,36,37,45,46
979,15,16,17,24,25,26,27,34,35,36,37,45,46
980,15,16,17,24,25,26,27,34,35,36,37,45,46
981,15,16,17,24,25,26,27,34,35,36,37,45,46
982,15,16,17,24,25,26,27,34,35,36,37,45,46
983,15,16,17,24,25,26,27,34,35,36,37,45,46
984,15,16,17,24,25,26,27,34,35,36,37,45,46
985,15,16,17,24,25,26,27,34,35,36,37,45,46
986,15,16,17,24,25,26,27,34,35,36,37,45,46
987,15,16,17,24,25,26,27,34,35,36,37,45,46
988,15,16,17,24,25,26,27,34,35,36,37,45,46
989,15,16,17,24,25,26,27,34,35,36,37,45,46
990,15,16,17,24,25,26,27,34,35,36,37,45,46
991,15,16,17,24,25,26,27,34,35,36,37,45,46
992,15,16,17,24,25,26,27,34,35,36,37,45,46
993,15,16,17,24,25,26,27,34,35,36,37,45,46
994,15,16,17,24,25,26,27,34,35,36,37,45,46
995,15,16,17,24,25,26,27,34,35,36,37,45,46
996,15,16,17,24,25,26,27,34,35,36,37,45,46
997,15,16,17,24,25,26,27,34,35,36,37,45,46
998,15,16,17,24,25,26,27,34,35,36,37,45,46
999,14,15,16,17,24,25,26,27,34,35,36,37,45,46
1000,14,15,16,17,24,25,26,27,34,35,36,37,45,46
1001,14,15,16,17,24,25,26,27,34,35,36,37,45,46
1002,14,15,16,17,24,25,26,27,34,35,36,37,45,46
1003,14,15,16,17,24,25,26,27,34,35,36,37,45,46
1004,14,15,16,17,24,25,26,27,34,35,36,37,45,46
1005,14,15,16,17,24,25,26,27,34,35,36,37,45,46
1006,14,15,16,17,24,25,26,27,34,35,36,37,45,46
1007,14,15,16,17,24,25,26,27,34,35,36,37,45,46
1008,14,15,16,17,24,25,26,27,34,35,36,37,45,46
1009,14,15,16,24,25,26,27,34,35,36,37,45,46
1010,14,15,16,24,25,26,27,34,35,36,37,45,46
1011,14,15,16,24,25,26,27,34,35,36,37,45,46
1012,14,15,16,24,25,26,27,34,35,36,37,45,46
1013,14,15,16,24,25,26,27,34,35,36,37,45,46
1014,14,15,16,24,25,26,27,34,35,36,37,45,46
1015,14,15,16,24,25,26,27,34,35,36,37,45,46
1016,14,15,16,24,25,26,27,34,35,36,37,45,46
1017,14,15,16,24,25,26,27,34,35,36,37,45,46
1018,14,15,16,24,25,26,27,34,35,36,37,45,46
1019,14,15,16,24,25,26,27,34,35,36,37,45,46
1020,14,15,16,24,25,26,27,34,35,36,37,45,46
1021,14,15,16,24,25,26,27,34,35,36,37,45,46
1022,14,15,16,24,25,26,27,34,35,36,37,45,46
1023,14,15,16,24,25,26,27,34,35,36,37,45,46
1024,14,15,16,24,25,26,27,34,35,36,37,45,46
1025,14,15,16,24,25,26,27,34,35,36,37,45,46
1026,14,15,16,24,25,26,27,34,35,36,37,45,46
1027,14,15,16,24,25,26,27,34,35,36,37,45,46
1028,14,15,16,24,25,26,27,34,35,36,37,45,46
1029,14,15,16,24,25,26,27,34,35,36,37,45,46
1030,14,15,16,24,25,26,27,34,35,36,37,45,46
1031,14,15,16,24,25,26,27,34,35,36,37,45,46
1032,14,15,16,24,25,26,27,34,35,36,37,45,46
1033,14,15,16,24,25,26,27,34,35,36,37,45,46
1034,14,15,16,24,25,26,27,34,35,36,37,45,46
1035,14,15,16,24,25,26,27,34,35,36,37,45,46
1036,14,15,16,24,25,26,27,34,35,36,37,45,46
1037,14,15,16,24,25,26,27,34,35,36,37,45,46
1038,14,15,16,24,25,26,27,34,35,36,37,45,46
1039,14,15,16,24,25,26,27,34,35,36,37,45,46
1040,14,15,16,24,25,26,27,34,35,36,37,45,46
1041,14,15,16,24,25,26,27,34,35,36,37,45,46
1042,14,15,16,24,25,26,27,34,35,36,37,45,46
1043,14,15,16,24,25,26,27,34,35,36,37,45,46
1044,14,15,16,24,25,26,27,34,35,36,37,45,46
1045,14,15,16,24,25,26,27,34,35,36,37,45,46
1046,14,15,16,24,25,26,27,34,35,36,37,45,46
1047,14,15,16,24,25,26,27,34,35,36,37,45,46
1048,14,15,16,24,25,26,27,34,35,36,37,45,46
1049,14,15,16,24,25,26,27,34,35,36,37,45,46
1050,14,15,16,24,25,26,27,34,35,36,37,45,46
1051,14,15,16,24,25,26,27,34,35,36,37,44,45,46
1052,14,15,16,24,25,26,27,34,35,36,37,44,45,46
1053,14,15,16,24,25,26,27,34,35,36,37,44,45,46
1054,14,15,16,24,25,26,27,34,35,36,37,44,45,46
1055,14,15,16,24,25,26,27,34,35,36,37,44,45,46
1056,14,15,16,24,25,26,27,34,35,36,37,44,45,46
1057,14,15,16,24,25,26,27,34,35,36,37,44,45,46
1058,14,15,16,24,25,26,27,34,35,36,37,44,45,46
1059,14,15,16,24,25,26,27,34,35,36,37,44,45,46
1060,14,15,16,24,25,26,27,34,35,36,37,44,45,46
1061,14,15,16,24,25,26,27,34,35,36,37,44,45,46
1062,14,15,16,24,25,26,27,34,35,36,37,44,45,46
1063,14,15,16,24,25,26,27,34,35,36,37,44,45,46
1064,14,15,16,24,25,26,27,34,35,36,37,44,45,46
1065,14,15,16,24,25,26,27,34,35,36,37,44,45,46
1066,14,15,16,24,25,26,27,34,35,36,37,44,45,46
1067,14,15,16,24,25,26,27,34,35,36,37,44,45,46
1068,14,15,16,24,25,26,27,34,35,36,37,44,45,46
1069,14,15,16,24,25,26,27,34,35,36,37,45,46
1070,14,15,16,24,25,26,27,34,35,36,37,45,46
1071,14,15,16,24,25,26,27,34,35,36,37,45,46
1072,14,15,16,24,25,26,27,34,35,36,37,45,46
1073,14,15,16,24,25,26,27,34,35,36,37,45,46
1074,14,15,16,24,25,26,27,34,35,36,37,45,46
1075,14,15,16,24,25,26,27,34,35,36,37,45,46
1076,14,15,16,24,25,26,27,34,35,36,37,45,46
1077,14,15,16,24,25,26,27,34,35,36,37,44,45,46
1078,14,15,16,24,25,26,27,34,35,36,37,44,45,46
1079,14,15,16,24,25,26,27,34,35,36,37,44,45,46
1080,14,15,16,24,25,26,27,34,35,36,37,44,45,46
1081,14,15,16,24,25,26,27,34,35,36,37,44,45,46
1082,14,15,16,24,25,26,27,34,35,36,37,44,45,46
1083,14,15,16,24,25,26,27,34,35,36,37,44,45,46
1084,14,15,16,24,25,26,27,34,35,36,37,44,45,46
1085,14,15,16,24,25,26,27,34,35,36,37,44,45,46
1086,14,15,16,24,25,26,27,34,35,36,37,44,45,46
1087,14,15,16,24,25,26,27,34,35,36,37,44,45,46
1088,14,15,16,24,25,26,27,34,35,36,37,44,45,46
1089,14,15,16,24,25,26,27,34,35,36,37,45,46
1090,14,15,16,24,25,26,27,34,35,36,37,45,46
1091,14,15,16,24,25,26,27,34,35,36,37,45,46
1092,14,15,16,24,25,26,27,34,35,36,37,45,46
1093,14,15,16,24,25,26,27,34,35,36,37,45,46
1094,14,15,16,24,25,26,27,34,35,36,37,45,46
1095,14,15,16,24,25,26,27,34,35,36,37,45,46
1096,14,15,16,24,25,26,27,34,35,36,37,45,46
1097,14,15,16,24,25,26,27,34,35,36,37,45,46
1098,14,15,16,24,25,26,27,34,35,36,37,45,46
1099,14,15,16,24,25,26,27,34,35,36,37,45,46
1100,14,15,16,24,25,26,27,34,35,36,37,45,46
1101,14,15,16,24,25,26,27,34,35,36,37,45,46
1102,14,15,16,24,25,26,27,34,35,36,37,45,46
1103,14,15,16,24,25,26,27,34,35,36,37,45,46
1104,14,15,16,24,25,26,27,34,35,36,37,45,46
1105,14,15,16,24,25,26,27,34,35,36,37,45,46
1106,14,15,16,24,25,26,27,34,35,36,37,45,46
1107,14,15,16,24,25,26,27,34,35,36,37,45,46
1108,14,15,16,24,25,26,27,34,35,36,37,45,46
1109,14,15,16,24,25,26,27,34,35,36,37,45,46
1110,14,15,16,24,25,26,27,34,35,36,37,45,46
1111,14,15,16,24,25,26,27,34,35,36,37,45,46
1112,14,15,16,24,25,26,27,34,35,36,37,45,46
1113,14,15,16,24,25,26,27,34,35,36,37,45,46
1114,14,15,16,24,25,26,27,34,35,36,37,45,46
1115,14,15,16,24,25,26,27,34,35,36,37,45,46
1116,14,15,16,24,25,26,27,34,35,36,37,45,46
1117,14,15,16,17,24,25,26,27,34,35,36,37,45,46
1118,14,15,16,17,24,25,26,27,34,35,36,37,45,46
1119,14,15,16,17,24,25,26,27,34,35,36,37,45,46
1120,14,15,16,17,24,25,26,27,34,35,36,37,45,46
1121,14,15,16,17,24,25,26,27,34,35,36,37,45,46
1122,14,15,16,17,24,25,26,27,34,35,36,37,45,46
1123,14,15,16,17,24,25,26,27,34,35,36,37,45,46
1124,14,15,16,17,24,25,26,27,34,35,36,37,45,46
1125,14,15,16,17,24,25,26,27,34,35,36,37,45,46
1126,14,15,16,17,24,25,26,27,34,35,36,37,45,46
1127,14,15,16,17,24,25,26,27,34,35,36,37,45,46
1128,14,15,16,17,24,25,26,27,34,35,36,37,45,46
1129,14,15,16,17,24,25,26,27,34,35,36,37,45,46
1130,14,15,16,17,24,25,26,27,34,35,36,37,45,46
1131,14,15,16,17,24,25,26,27,34,35,36,37,45,46
1132,14,15,16,17,24,25,26,27,34,35,36,37,45,46
1133,14,15,16,17,24,25,26,27,34,35,36,37,45,46
1134,14,15,16,17,24,25,26,27,34,35,36,37,45,46
1135,14,15,16,17,24,25,26,27,34,35,36,37,45,46
1136,14,15,16,17,24,25,26,27,34,35,36,37,45,46
1137,14,15,16,24,25,26,27,34,35,36,37,45,46
1138,14,15,16,24,25,26,27,34,35,36,37,45,46
1139,14,15,16,24,25,26,27,34,35,36,37,44,45,46
1140,14,15,16,24,25,26,27,34,35,36,37,44,45,46
1141,14,15,16,24,25,26,34,35,36,44,45,46
1142,14,15,16,24,25,26,34,35,36,44,45,46
1143,14,15,16,24,25,26,34,35,36,44,45,46
1144,14,15,16,24,25,26,34,35,36,44,45,46
1145,14,15,16,23,24,25,26,33,34,35,36,44,45,46
1146,14,15,16,23,24,25,26,33,34,35,36,44,45,46
1147,14,15,16,23,24,25,26,33,34,35,36,44,45
1148,14,15,16,23,24,25,26,33,34,35,36,44,45
1149,14,15,16,23,24,25,26,33,34,35,36,44,45
1150,14,15,16,23,24,25,26,33,34,35,36,44,45
1151,14,15,16,23,24,25,26,33,34,35,36,44,45
1152,14,15,16,23,24,25,26,33,34,35,36,44,45
1153,14,15,16,23,24,25,26,33,34,35,36,44,45
1154,14,15,16,23,24,25,26,33,34,35,36,44,45
1155,14,15,16,23,24,25,26,33,34,35,36,44,45
1156,14,15,16,23,24,25,26,33,34,35,36,44,45
1157,14,15,16,23,24,25,26,33,34,35,36,44,45
1158,14,15,16,23,24,25,26,33,34,35,36,44,45
1159,14,15,16,23,24,25,26,33,34,35,36,44,45
1160,14,15,16,23,24,25,26,33,34,35,36,44,45
1161,14,15,16,23,24,25,26,33,34,35,36,44,45
1162,14,15,16,23,24,25,26,33,34,35,36,44,45
1163,14,15,16,23,24,25,26,33,34,35,36,44,45
1164,14,15,16,23,24,25,26,33,34,35,36,44,45
1165,14,15,16,23,24,25,26,34,35,36,44,45,46
1166,14,15,16,23,24,25,26,34,35,36,44,45,46
1167,14,15,16,24,25,26,34,35,36,44,45,46
1168,14,15,16,24,25,26,34,35,36,44,45,46
1169,14,15,16,24,25,26,34,35,36,44,45,46
1170,14,15,16,24,25,26,34,35,36,44,45,46
1171,14,15,16,24,25,26,34,35,36,44,45,46
1172,14,15,16,24,25,26,34,35,36,44,45,46
1173,14,15,16,24,25,26,27,34,35,36,44,45,46
1174,14,15,16,24,25,26,27,34,35,36,44,45,46
1175,14,15,16,24,25,26,27,34,35,36,37,45,46
1176,14,15,16,24,25,26,27,34,35,36,37,45,46
1177,14,15,16,24,25,26,27,34,35,36,37,45,46
1178,14,15,16,24,25,26,27,34,35,36,37,45,46
1179,14,15,16,24,25,26,27,34,35,36,37,45,46
1180,14,15,16,24,25,26,27,34,35,36,37,45,46
1181,14,15,16,24,25,26,27,34,35,36,37,45,46
1182,14,15,16,24,25,26,27,34,35,36,37,45,46
1183,14,15,16,24,25,26,27,34,35,36,37,45,46
1184,14,15,16,24,25,26,27,34,35,36,37,45,46
1185,14,15,16,24,25,26,27,34,35,36,37,45,46
1186,14,15,16,24,25,26,27,34,35,36,37,45,46
1187,14,15,16,17,24,25,26,27,34,35,36,37,45,46
1188,14,15,16,17,24,25,26,27,34,35,36,37,45,46
1189,14,15,16,17,24,25,26,27,34,35,36,37,45,46
1190,14,15,16,17,24,25,26,27,34,35,36,37,45,46
1191,14,15,16,17,24,25,26,27,34,35,36,37,45,46
1192,14,15,16,17,24,25,26,27,34,35,36,37,45,46
1193,14,15,16,17,24,25,26,27,34,35,36,37,45,46
1194,14,15,16,17,24,25,26,27,34,35,36,37,45,46
1195,14,15,16,17,24,25,26,27,34,35,36,37,45,46
1196,14,15,16,17,24,25,26,27,34,35,36,37,45,46
1197,14,15,16,17,24,25,26,27,34,35,36,37,45,46
1198,14,15,16,17,24,25,26,27,34,35,36,37,45,46
1199,14,15,16,17,24,25,26,27,34,35,36,37,45,46
1200,14,15,16,17,24,25,26,27,34,35,36,37,45,46
1201,14,15,16,17,24,25,26,27,34,35,36,37,45,46
1202,14,15,16,17,24,25,26,27,34,35,36,37,45,46
1203,14,15,16,17,24,25,26,27,34,35,36,37,45,46
1204,14,15,16,17,24,25,26,27,34,35,36,37,45,46
1205,14,15,16,17,24,25,26,27,34,35,36,37,45,46
1206,14,15,16,17,24,25,26,27,34,35,36,37,45,46
1207,14,15,16,17,24,25,26,27,34,35,36,37,45,46
1208,14,15,16,17,24,25,26,27,34,35,36,37,45,46
1209,14,15,16,17,24,25,26,27,34,35,36,37,45,46
1210,14,15,16,17,24,25,26,27,34,35,36,37,45,46
1211,14,15,16,17,24,25,26,27,34,35,36,37,45,46
1212,14,15,16,17,24,25,26,27,34,35,36,37,45,46
1213,14,15,16,17,24,25,26,27,34,35,36,37,45,46
1214,14,15,16,17,24,25,26,27,34,35,36,37,45,46
1215,14,15,16,17,24,25,26,27,34,35,36,37,45,46
1216,14,15,16,17,24,25,26,27,34,35,36,37,45,46
1217,14,15,16,17,24,25,26,27,34,35,36,37,45,46
1218,14,15,16,17,24,25,26,27,34,35,36,37,45,46
1219,14,15,16,17,24,25,26,27,34,35,36,37,45,46
1220,14,15,16,17,24,25,26,27,34,35,36,37,45,46
1221,14,15,16,17,24,25,26,27,34,35,36,37,45,46
1222,14,15,16,17,24,25,26,27,34,35,36,37,45,46
1223,14,15,16,17,24,25,26,27,34,35,36,37,45,46
1224,14,15,16,17,24,25,26,27,34,35,36,37,45,46
1225,14,15,16,17,24,25,26,27,34,35,36,37,45,46
1226,14,15,16,17,24,25,26,27,34,35,36,37,45,46
1227,14,15,16,17,24,25,26,27,34,35,36,37,45,46
1228,14,15,16,17,24,25,26,27,34,35,36,37,45,46
1229,14,15,16,17,24,25,26,27,34,35,36,37,45,46
1230,14,15,16,17,24,25,26,27,34,35,36,37,45,46
1231,14,15,16,17,24,25,26,27,34,35,36,37,45,46
1232,14,15,16,17,24,25,26,27,34,35,36,37,45,46
1233,14,15,16,17,24,25,26,27,34,35,36,37,45,46
1234,14,15,16,17,24,25,26,27,34,35,36,37,45,46
1235,14,15,16,17,24,25,26,27,34,35,36,37,45,46
1236,14,15,16,17,24,25,26,27,34,35,36,37,45,46
1237,14,15,16,17,24,25,26,27,34,35,36,37,45,46
1238,14,15,16,17,24,25,26,27,34,35,36,37,45,46
1239,14,15,16,17,24,25,26,27,34,35,36,37,45,46
1240,14,15,16,17,24,25,26,27,34,35,36,37,45,46
1241,14,15,16,17,24,25,26,27,34,35,36,37,45,46
1242,14,15,16,17,24,25,26,27,34,35,36,37,45,46
1243,14,15,16,17,24,25,26,27,34,35,36,37,45,46
1244,14,15,16,17,24,25,26,27,34,35,36,37,45,46
1245,14,15,16,17,24,25,26,27,34,35,36,37,45,46
1246,14,15,16,17,24,25,26,27,34,35,36,37,45,46
1247,14,15,16,17,24,25,26,27,34,35,36,37,45,46
1248,14,15,16,17,24,25,26,27,34,35,36,37,45,46
1249,14,15,16,17,24,25,26,27,34,35,36,37,45,46
1250,14,15,16,17,24,25,26,27,34,35,36,37,45,46
1251,14,15,16,17,24,25,26,27,34,35,36,37,45,46
1252,14,15,16,17,24,25,26,27,34,35,36,37,45,46
1253,14,15,16,17,24,25,26,27,34,35,36,37,45,46
1254,14,15,16,17,24,25,26,27,34,35,36,37,45,46
1255,14,15,16,17,24,25,26,27,34,35,36,37,45,46
1256,14,15,16,17,24,25,26,27,34,35,36,37,45,46
1257,14,15,16,17,24,25,26,27,34,35,36,37,45,46
1258,14,15,16,17,24,25,26,27,34,35,36,37,45,46
1259,14,15,16,17,24,25,26,27,34,35,36,37,45,46
1260,14,15,16,17,24,25,26,27,34,35,36,37,45,46
1261,14,15,16,17,24,25,26,27,34,35,36,37,45,46
1262,14,15,16,17,24,25,26,27,34,35,36,37,45,46
1263,14,15,16,17,24,25,26,27,34,35,36,37,45,46
1264,14,15,16,17,24,25,26,27,34,35,36,37,45,46
1265,14,15,16,17,24,25,26,27,34,35,36,37,45,46
1266,14,15,16,17,24,25,26,27,34,35,36,37,45,46
1267,14,15,16,17,24,25,26,27,34,35,36,37,45,46
1268,14,15,16,17,24,25,26,27,34,35,36,37,45,46
1269,14,15,16,17,24,25,26,27,34,35,36,37,45,46
1270,14,15,16,17,24,25,26,27,34,35,36,37,45,46
1271,14,15,16,17,24,25,26,27,34,35,36,37,45,46
1272,14,15,16,17,24,25,26,27,34,35,36,37,45,46
1273,14,15,16,17,24,25,26,27,34,35,36,37,45,46
1274,14,15,16,17,24,25,26,27,34,35,36,37,45,46
1275,14,15,16,17,24,25,26,27,34,35,36,37,45,46
1276,14,15,16,17,24,25,26,27,34,35,36,37,45,46
1277,14,15,16,17,24,25,26,27,34,35,36,37,45,46
1278,14,15,16,17,24,25,26,27,34,35,36,37,45,46
1279,14,15,16,17,24,25,26,27,34,35,36,37,45,46
1280,14,15,16,17,24,25,26,27,34,35,36,37,45,46
1281,14,15,16,17,24,25,26,27,34,35,36,37,45,46
1282,14,15,16,17,24,25,26,27,34,35,36,37,45,46
1283,14,15,16,17,24,25,26,27,34,35,36,37,45,46
1284,14,15,16,17,24,25,26,27,34,35,36,37,45,46
1285,14,15,16,17,24,25,26,27,34,35,36,37,45,46
1286,14,15,16,17,24,25,26,27,34,35,36,37,45,46
1287,14,15,16,17,24,25,26,27,34,35,36,37,45,46
1288,14,15,16,17,24,25,26,27,34,35,36,37,45,46
1289,15,16,17,24,25,26,27,34,35,36,37,45,46
1290,15,16,17,24,25,26,27,34,35,36,37,45,46
1291,15,16,17,24,25,26,27,34,35,36,37,45,46
1292,15,16,17,24,25,26,27,34,35,36,37,45,46
1293,15,16,17,24,25,26,27,34,35,36,37,45,46
1294,15,16,17,24,25,26,27,34,35,36,37,45,46
1295,15,16,17,24,25,26,27,34,35,36,37,45,46
1296,15,16,17,24,25,26,27,34,35,36,37,45,46
1297,15,16,17,24,25,26,27,34,35,36,37,45,46
1298,15,16,17,24,25,26,27,34,35,36,37,45,46
1299,15,16,17,24,25,26,27,34,35,36,37,45,46,47
1300,15,16,17,24,25,26,27,34,35,36,37,45,46,47
1301,15,16,17,24,25,26,27,34,35,36,37,45,46,47
1302,15,16,17,24,25,26,27,34,35,36,37,45,46,47
1303,15,16,17,24,25,26,27,34,35,36,37,45,46,47
1304,15,16,17,24,25,26,27,34,35,36,37,45,46,47
1305,15,16,17,24,25,26,27,34,35,36,37,45,46,47
1306,15,16,17,24,25,26,27,34,35,36,37,45,46,47
1307,15,16,17,24,25,26,27,34,35,36,37,45,46,47
1308,15,16,17,24,25,26,27,34,35,36,37,45,46,47
1309,15,16,17,24,25,26,27,34,35,36,37,45,46,47
1310,15,16,17,24,25,26,27,34,35,36,37,45,46,47
1311,15,16,17,24,25,26,27,34,35,36,37,45,46,47
1312,15,16,17,24,25,26,27,34,35,36,37,45,46,47
1313,15,16,17,24,25,26,27,34,35,36,37,45,46,47
1314,15,16,17,24,25,26,27,34,35,36,37,45,46,47
1315,15,16,17,24,25,26,27,34,35,36,37,45,46,47
1316,15,16,17,24,25,26,27,34,35,36,37,45,46,47
1317,15,16,17,24,25,26,27,34,35,36,37,45,46,47
1318,15,16,17,24,25,26,27,34,35,36,37,45,46,47
1319,15,16,17,24,25,26,27,34,35,36,37,45,46,47
1320,15,16,17,24,25,26,27,34,35,36,37,45,46,47
1321,15,16,17,24,25,26,27,34,35,36,37,45,46,47
1322,15,16,17,24,25,26,27,34,35,36,37,45,46,47
1323,15,16,17,24,25,26,27,34,35,36,37,45,46,47
1324,15,16,17,24,25,26,27,34,35,36,37,45,46,47
1325,15,16,17,24,25,26,27,34,35,36,37,45,46,47
1326,15,16,17,24,25,26,27,34,35,36,37,45,46,47
1327,15,16,17,24,25,26,27,34,35,36,37,45,46
1328,15,16,17,24,25,26,27,34,35,36,37,45,46
1329,15,16,17,24,25,26,27,34,35,36,37,45,46
1330,15,16,17,24,25,26,27,34,35,36,37,45,46
1331,15,16,17,24,25,26,27,34,35,36,37,45,46
1332,15,16,17,24,25,26,27,34,35,36,37,45,46
1333,15,16,17,24,25,26,27,34,35,36,37,45,46
1334,15,16,17,24,25,26,27,34,35,36,37,45,46
1335,14,15,16,17,24,25,26,27,34,35,36,37,45,46
1336,14,15,16,17,24,25,26,27,34,35,36,37,45,46
1337,14,15,16,17,24,25,26,27,34,35,36,37,45,46
1338,14,15,16,17,24,25,26,27,34,35,36,37,45,46
1339,14,15,16,17,24,25,26,27,34,35,36,37,45,46
1340,14,15,16,17,24,25,26,27,34,35,36,37,45,46
1341,14,15,16,17,24,25,26,27,34,35,36,37,45,46
1342,14,15,16,17,24,25,26,27,34,35,36,37,45,46
1343,14,15,16,17,24,25,26,27,34,35,36,37,45,46
1344,14,15,16,17,24,25,26,27,34,35,36,37,45,46
1345,14,15,16,17,24,25,26,27,34,35,36,37,45,46
1346,14,15,16,17,24,25,26,27,34,35,36,37,45,46
1347,14,15,16,17,24,25,26,27,34,35,36,37,45,46
1348,14,15,16,17,24,25,26,27,34,35,36,37,45,46
1349,14,15,16,17,24,25,26,27,34,35,36,37,45,46
1350,14,15,16,17,24,25,26,27,34,35,36,37,45,46
1351,14,15,16,17,24,25,26,27,34,35,36,37,45,46
1352,14,15,16,17,24,25,26,27,34,35,36,37,45,46
1353,14,15,16,17,24,25,26,27,34,35,36,37,45,46
1354,14,15,16,17,24,25,26,27,34,35,36,37,45,46
1355,14,15,16,17,24,25,26,27,34,35,36,37,45,46
1356,14,15,16,17,24,25,26,27,34,35,36,37,45,46
1357,14,15,16,17,24,25,26,27,34,35,36,37,45,46
1358,14,15,16,17,24,25,26,27,34,35,36,37,45,46
1359,14,15,16,17,24,25,26,27,34,35,36,37,45,46
1360,14,15,16,17,24,25,26,27,34,35,36,37,45,46
1361,14,15,16,17,24,25,26,27,34,35,36,37,45,46
1362,14,15,16,17,24,25,26,27,34,35,36,37,45,46
1363,14,15,16,17,24,25,26,27,34,35,36,37,45,46
1364,14,15,16,17,24,25,26,27,34,35,36,37,45,46
1365,14,15,16,17,24,25,26,27,34,35,36,37,45,46
1366,14,15,16,17,24,25,26,27,34,35,36,37,45,46
1367,14,15,16,17,24,25,26,27,34,35,36,37,45,46
1368,14,15,16,17,24,25,26,27,34,35,36,37,45,46
1369,14,15,16,17,24,25,26,27,34,35,36,37,45,46
1370,14,15,16,17,24,25,26,27,34,35,36,37,45,46
1371,14,15,16,17,24,25,26,27,34,35,36,37,45,46
1372,14,15,16,17,24,25,26,27,34,35,36,37,45,46
1373,14,15,16,17,24,25,26,27,34,35,36,37,45,46
1374,14,15,16,17,24,25,26,27,34,35,36,37,45,46
1375,14,15,16,17,24,25,26,27,34,35,36,37,45,46
1376,14,15,16,17,24,25,26,27,34,35,36,37,45,46
1377,14,15,16,17,24,25,26,27,34,35,36,37,45,46
1378,14,15,16,17,24,25,26,27,34,35,36,37,45,46
1379,14,15,16,17,24,25,26,27,34,35,36,37,45,46
1380,14,15,16,17,24,25,26,27,34,35,36,37,45,46
1381,14,15,16,17,24,25,26,27,34,35,36,37,45,46
1382,14,15,16,17,24,25,26,27,34,35,36,37,45,46
1383,14,15,16,17,24,25,26,27,34,35,36,37,45,46
1384,14,15,16,17,24,25,26,27,34,35,36,37,45,46
1385,14,15,16,17,24,25,26,27,34,35,36,37,45,46
1386,14,15,16,17,24,25,26,27,34,35,36,37,45,46
1387,14,15,16,17,24,25,26,27,34,35,36,37,45,46
1388,14,15,16,17,24,25,26,27,34,35,36,37,45,46
1389,14,15,16,17,24,25,26,27,34,35,36,37,45,46
1390,14,15,16,17,24,25,26,27,34,35,36,37,45,46
1391,15,16,17,24,25,26,27,34,35,36,37,45,46
1392,15,16,17,24,25,26,27,34,35,36,37,45,46
1393,15,16,17,24,25,26,27,34,35,36,37,45,46
1394,15,16,17,24,25,26,27,34,35,36,37,45,46
1395,15,16,17,24,25,26,27,34,35,36,37,45,46,47
1396,15,16,17,24,25,26,27,34,35,36,37,45,46,47
1397,15,16,17,24,25,26,27,34,35,36,37,45,46,47
1398,15,16,17,24,25,26,27,34,35,36,37,45,46,47
1399,15,16,17,24,25,26,27,34,35,36,37,45,46,47
1400,15,16,17,24,25,26,27,34,35,36,37,45,46,47
1401,15,16,17,24,25,26,27,34,35,36,37,45,46,47
1402,15,16,17,24,25,26,27,34,35,36,37,45,46,47
1403,15,16,17,24,25,26,27,34,35,36,37,45,46,47
1404,15,16,17,24,25,26,27,34,35,36,37,45,46,47
1405,15,16,17,24,25,26,27,34,35,36,37,45,46,47
1406,15,16,17,24,25,26,27,34,35,36,37,45,46,47
1407,15,16,17,24,25,26,27,34,35,36,37,45,46,47
1408,15,16,17,24,25,26,27,34,35,36,37,45,46,47
1409,15,16,17,24,25,26,27,34,35,36,37,45,46
1410,15,16,17,24,25,26,27,34,35,36,37,45,46
1411,15,16,17,24,25,26,27,34,35,36,37,45,46
1412,15,16,17,24,25,26,27,34,35,36,37,45,46
1413,15,16,17,24,25,26,27,34,35,36,37,45,46
1414,15,16,17,24,25,26,27,34,35,36,37,45,46
1415,15,16,17,24,25,26,27,34,35,36,37,45,46
1416,15,16,17,24,25,26,27,34,35,36,37,45,46
1417,15,16,17,24,25,26,27,34,35,36,37,45,46
1418,15,16,17,24,25,26,27,34,35,36,37,45,46
1419,14,15,16,17,24,25,26,27,34,35,36,37,45,46
1420,14,15,16,17,24,25,26,27,34,35,36,37,45,46
1421,14,15,16,17,24,25,26,27,34,35,36,37,45,46
1422,14,15,16,17,24,25,26,27,34,35,36,37,45,46
1423,14,15,16,17,24,25,26,27,34,35,36,37,45,46
1424,14,15,16,17,24,25,26,27,34,35,36,37,45,46
1425,14,15,16,17,24,25,26,27,34,35,36,37,45,46
1426,14,15,16,17,24,25,26,27,34,35,36,37,45,46
1427,14,15,16,17,24,25,26,27,34,35,36,37,45,46
1428,14,15,16,17,24,25,26,27,34,35,36,37,45,46
1429,14,15,16,17,24,25,26,27,34,35,36,37,45,46
1430,14,15,16,17,24,25,26,27,34,35,36,37,45,46
1431,14,15,16,24,25,26,27,34,35,36,37,45,46
1432,14,15,16,24,25,26,27,34,35,36,37,45,46
1433,14,15,16,24,25,26,27,34,35,36,37,45,46
1434,14,15,16,24,25,26,27,34,35,36,37,45,46
1435,14,15,16,24,25,26,27,34,35,36,37,45,46
1436,14,15,16,24,25,26,27,34,35,36,37,45,46
1437,14,15,16,24,25,26,27,34,35,36,37,45,46
1438,14,15,16,24,25,26,27,34,35,36,37,45,46
1439,14,15,16,24,25,26,27,34,35,36,37,45,46
1440,14,15,16,24,25,26,27,34,35,36,37,45,46
1441,14,15,16,24,25,26,27,34,35,36,37,45,46
1442,14,15,16,24,25,26,27,34,35,36,37,45,46
1443,14,15,16,24,25,26,27,34,35,36,37,45,46
1444,14,15,16,24,25,26,27,34,35,36,37,45,46
1445,14,15,16,24,25,26,27,34,35,36,37,45,46
1446,14,15,16,24,25,26,27,34,35,36,37,45,46
1447,14,15,16,17,24,25,26,27,34,35,36,37,45,46
1448,14,15,16,17,24,25,26,27,34,35,36,37,45,46
1449,14,15,16,17,24,25,26,27,34,35,36,37,45,46
1450,14,15,16,17,24,25,26,27,34,35,36,37,45,46
1451,14,15,16,17,24,25,26,27,34,35,36,37,45,46
1452,14,15,16,17,24,25,26,27,34,35,36,37,45,46
1453,14,15,16,17,24,25,26,27,34,35,36,37,45,46
1454,14,15,16,17,24,25,26,27,34,35,36,37,45,46
1455,14,15,16,17,24,25,26,27,34,35,36,37,45,46
1456,14,15,16,17,24,25,26,27,34,35,36,37,45,46
1457,14,15,16,17,24,25,26,27,34,35,36,37,45,46
1458,14,15,16,17,24,25,26,27,34,35,36,37,45,46
1459,14,15,16,17,24,25,26,27,34,35,36,37,45,46
1460,14,15,16,17,24,25,26,27,34,35,36,37,45,46
1461,14,15,16,17,24,25,26,27,34,35,36,37,45,46
1462,14,15,16,17,24,25,26,27,34,35,36,37,45,46
1463,14,15,16,17,24,25,26,27,34,35,36,37,45,46
1464,14,15,16,17,24,25,26,27,34,35,36,37,45,46
1465,14,15,16,17,24,25,26,27,34,35,36,37,45,46
1466,14,15,16,17,24,25,26,27,34,35,36,37,45,46
1467,14,15,16,17,24,25,26,27,34,35,36,37,45,46
1468,14,15,16,17,24,25,26,27,34,35,36,37,45,46
1469,14,15,16,17,24,25,26,27,34,35,36,37,45,46
1470,14,15,16,17,24,25,26,27,34,35,36,37,45,46
1471,14,15,16,17,24,25,26,27,34,35,36,37,45,46
1472,14,15,16,17,24,25,26,27,34,35,36,37,45,46
1473,14,15,16,17,24,25,26,27,34,35,36,37,45,46
1474,14,15,16,17,24,25,26,27,34,35,36,37,45,46
1475,14,15,16,17,24,25,26,27,34,35,36,37,45,46
1476,14,15,16,17,24,25,26,27,34,35,36,37,45,46
1477,14,15,16,17,24,25,26,27,34,35,36,37,45,46
1478,14,15,16,17,24,25,26,27,34,35,36,37,45,46
1479,14,15,16,17,24,25,26,27,34,35,36,37,45,46
1480,14,15,16,17,24,25,26,27,34,35,36,37,45,46
1481,14,15,16,17,24,25,26,27,34,35,36,37,45,46
1482,14,15,16,17,24,25,26,27,34,35,36,37,45,46
1483,14,15,16,17,24,25,26,27,34,35,36,37,45,46
1484,14,15,16,17,24,25,26,27,34,35,36,37,45,46
1485,14,15,16,17,24,25,26,27,34,35,36,37,45,46
1486,14,15,16,17,24,25,26,27,34,35,36,37,45,46
1487,15,16,17,24,25,26,27,34,35,36,37,45,46
1488,15,16,17,24,25,26,27,34,35,36,37,45,46
1489,15,16,17,24,25,26,27,34,35,36,37,45,46
1490,15,16,17,24,25,26,27,34,35,36,37,45,46
1491,15,16,17,24,25,26,27,34,35,36,37,45,46
1492,15,16,17,24,25,26,27,34,35,36,37,45,46
1493,15,16,17,24,25,26,27,34,35,36,37,45,46
1494,15,16,17,24,25,26,27,34,35,36,37,45,46
1495,15,16,17,24,25,26,27,34,35,36,37,45,46
1496,15,16,17,24,25,26,27,34,35,36,37,45,46
1497,15,16,17,24,25,26,27,34,35,36,37,45,46
1498,15,16,17,24,25,26,27,34,35,36,37,45,46
1499,15,16,17,24,25,26,27,34,35,36,37,45,46
1500,15,16,17,24,25,26,27,34,35,36,37,45,46
1501,15,16,17,24,25,26,27,34,35,36,37,45,46
1502,15,16,17,24,25,26,27,34,35,36,37,45,46
1503,15,16,17,24,25,26,27,34,35,36,37,45,46
1504,15,16,17,24,25,26,27,34,35,36,37,45,46
1505,15,16,17,24,25,26,27,34,35,36,37,45,46
1506,15,16,17,24,25,26,27,34,35,36,37,45,46
1507,15,16,17,24,25,26,27,34,35,36,37,45,46
1508,15,16,17,24,25,26,27,34,35,36,37,45,46
1509,15,16,17,24,25,26,27,34,35,36,37,45,46
1510,15,16,17,24,25,26,27,34,35,36,37,45,46
1511,15,16,17,24,25,26,27,34,35,36,37,45,46
1512,15,16,17,24,25,26,27,34,35,36,37,45,46
1513,15,16,17,24,25,26,27,34,35,36,37,45,46
1514,15,16,17,24,25,26,27,34,35,36,37,45,46
1515,15,16,17,24,25,26,27,34,35,36,37,45,46
1516,15,16,17,24,25,26,27,34,35,36,37,45,46
1517,15,16,17,24,25,26,27,34,35,36,37,45,46
1518,15,16,17,24,25,26,27,34,35,36,37,45,46
1519,15,16,17,24,25,26,27,34,35,36,37,45,46
1520,15,16,17,24,25,26,27,34,35,36,37,45,46
1521,15,16,17,24,25,26,27,34,35,36,37,45,46
1522,15,16,17,24,25,26,27,34,35,36,37,45,46
1523,15,16,17,24,25,26,27,34,35,36,37,45,46
1524,15,16,17,24,25,26,27,34,35,36,37,45,46
1525,15,16,17,24,25,26,27,34,35,36,37,45,46
1526,15,16,17,24,25,26,27,34,35,36,37,45,46
1527,15,16,17,24,25,26,27,34,35,36,37,45,46
1528,15,16,17,24,25,26,27,34,35,36,37,45,46
1529,15,16,17,24,25,26,27,34,35,36,37,45,46
1530,15,16,17,24,25,26,27,34,35,36,37,45,46
1531,15,16,17,24,25,26,27,34,35,36,37,45,46
1532,15,16,17,24,25,26,27,34,35,36,37,45,46
1533,15,16,17,24,25,26,27,34,35,36,37,45,46
1534,15,16,17,24,25,26,27,34,35,36,37,45,46
1535,15,16,17,24,25,26,27,34,35,36,37,45,46
1536,15,16,17,24,25,26,27,34,35,36,37,45,46
1537,15,16,17,24,25,26,27,34,35,36,37,45,46
1538,15,16,17,24,25,26,27,34,35,36,37,45,46
1539,15,16,17,24,25,26,27,34,35,36,37,45,46
1540,15,16,17,24,25,26,27,34,35,36,37,45,46
1541,15,16,17,24,25,26,27,34,35,36,37,45,46
1542,15,16,17,24,25,26,27,34,35,36,37,45,46
1543,15,16,17,24,25,26,27,34,35,36,37,45,46
1544,15,16,17,24,25,26,27,34,35,36,37,45,46
1545,15,16,17,24,25,26,27,34,35,36,37,45,46
1546,15,16,17,24,25,26,27,34,35,36,37,45,46
1547,15,16,17,24,25,26,27,34,35,36,37,45,46
1548,15,16,17,24,25,26,27,34,35,36,37,45,46
1549,15,16,17,24,25,26,27,34,35,36,37,45,46
1550,15,16,17,24,25,26,27,34,35,36,37,45,46
1551,15,16,17,24,25,26,27,34,35,36,37,45,46
1552,15,16,17,24,25,26,27,34,35,36,37,45,46
1553,15,16,17,24,25,26,27,34,35,36,37,45,46
1554,15,16,17,24,25,26,27,34,35,36,37,45,46
1555,15,16,17,24,25,26,27,34,35,36,37,45,46
1556,15,16,17,24,25,26,27,34,35,36,37,45,46
1557,15,16,17,24,25,26,27,34,35,36,37,45,46
1558,15,16,17,24,25,26,27,34,35,36,37,45,46
1559,15,16,17,24,25,26,27,34,35,36,37,45,46
1560,15,16,17,24,25,26,27,34,35,36,37,45,46
1561,15,16,17,24,25,26,27,34,35,36,37,45,46
1562,15,16,17,24,25,26,27,34,35,36,37,45,46
1563,15,16,17,24,25,26,27,34,35,36,37,45,46
1564,15,16,17,24,25,26,27,34,35,36,37,45,46
1565,15,16,17,24,25,26,27,34,35,36,37,45,46
1566,15,16,17,24,25,26,27,34,35,36,37,45,46
1567,15,16,17,24,25,26,27,34,35,36,37,45,46
1568,15,16,17,24,25,26,27,34,35,36,37,45,46
1569,15,16,17,24,25,26,27,34,35,36,37,45,46
1570,15,16,17,24,25,26,27,34,35,36,37,45,46
1571,15,16,17,24,25,26,27,34,35,36,37,45,46
1572,15,16,17,24,25,26,27,34,35,36,37,45,46
1573,15,16,17,24,25,26,27,34,35,36,37,45,46
1574,15,16,17,24,25,26,27,34,35,36,37,45,46
1575,15,16,17,24,25,26,27,34,35,36,37,45,46
1576,15,16,17,24,25,26,27,34,35,36,37,45,46
1577,15,16,17,24,25,26,27,34,35,36,37,45,46
1578,15,16,17,24,25,26,27,34,35,36,37,45,46
1579,15,16,17,24,25,26,27,34,35,36,37,45,46
1580,15,16,17,24,25,26,27,34,35,36,37,45,46
1581,15,16,17,24,25,26,27,34,35,36,37,45,46
1582,15,16,17,24,25,26,27,34,35,36,37,45,46
1583,15,16,17,24,25,26,27,34,35,36,37,45,46
1584,15,16,17,24,25,26,27,34,35,36,37,45,46
1585,15,16,17,24,25,26,27,34,35,36,37,45,46
1586,15,16,17,24,25,26,27,34,35,36,37,45,46
1587,15,16,17,24,25,26,27,34,35,36,37,45,46
1588,15,16,17,24,25,26,27,34,35,36,37,45,46
1589,15,16,17,24,25,26,27,34,35,36,37,45,46
1590,15,16,17,24,25,26,27,34,35,36,37,45,46
1591,15,16,17,24,25,26,27,34,35,36,37,45,46
1592,15,16,17,24,25,26,27,34,35,36,37,45,46
1593,15,16,17,24,25,26,27,34,35,36,37,45,46
1594,15,16,17,24,25,26,27,34,35,36,37,45,46
1595,15,16,17,24,25,26,27,34,35,36,37,45,46
1596,15,16,17,24,25,26,27,34,35,36,37,45,46
1597,15,16,17,24,25,26,27,34,35,36,37,45,46
1598,15,16,17,24,25,26,27,34,35,36,37,45,46
1599,15,16,17,24,25,26,27,34,35,36,37,45,46
1600,15,16,17,24,25,26,27,34,35,36,37,45,46
1601,15,16,17,24,25,26,27,34,35,36,37,45,46
1602,15,16,17,24,25,26,27,34,35,36,37,45,46
1603,15,16,17,24,25,26,27,34,35,36,37,45,46
1604,15,16,17,24,25,26,27,34,35,36,37,45,46
1605,15,16,17,24,25,26,27,34,35,36,37,45,46
1606,15,16,17,24,25,26,27,34,35,36,37,45,46
1607,15,16,17,24,25,26,27,34,35,36,37,45,46
1608,15,16,17,24,25,26,27,34,35,36,37,45,46
1609,15,16,17,24,25,26,27,34,35,36,37,45,46
1610,15,16,17,24,25,26,27,34,35,36,37,45,46
1611,15,16,17,24,25,26,27,34,35,36,37,45,46
1612,15,16,17,24,25,26,27,34,35,36,37,45,46
1613,15,16,17,24,25,26,27,34,35,36,37,45,46
1614,15,16,17,24,25,26,27,34,35,36,37,45,46
1615,15,16,17,24,25,26,27,34,35,36,37,45,46
1616,15,16,17,24,25,26,27,34,35,36,37,45,46
1617,15,16,17,24,25,26,27,34,35,36,37,45,46
1618,15,16,17,24,25,26,27,34,35,36,37,45,46
1619,15,16,17,24,25,26,27,34,35,36,37,45,46
1620,15,16,17,24,25,26,27,34,35,36,37,45,46
1621,15,16,17,24,25,26,27,34,35,36,37,45,46
1622,15,16,17,24,25,26,27,34,35,36,37,45,46
1623,15,16,17,24,25,26,27,34,35,36,37,45,46
1624,15,16,17,24,25,26,27,34,35,36,37,45,46
1625,15,16,17,24,25,26,27,34,35,36,37,45,46
1626,15,16,17,24,25,26,27,34,35,36,37,45,46
1627,15,16,17,24,25,26,27,34,35,36,37,45,46
1628,15,16,17,24,25,26,27,34,35,36,37,45,46
1629,15,16,17,24,25,26,27,34,35,36,37,45,46
1630,15,16,17,24,25,26,27,34,35,36,37,45,46
1631,15,16,17,24,25,26,27,34,35,36,37,45,46
1632,15,16,17,24,25,26,27,34,35,36,37,45,46
1633,15,16,17,24,25,26,27,34,35,36,37,45,46
1634,15,16,17,24,25,26,27,34,35,36,37,45,46
1635,14,15,16,17,24,25,26,27,34,35,36,37,45,46
1636,14,15,16,17,24,25,26,27,34,35,36,37,45,46
1637,14,15,16,17,24,25,26,27,34,35,36,37,45,46
1638,14,15,16,17,24,25,26,27,34,35,36,37,45,46
1639,14,15,16,17,24,25,26,27,34,35,36,37,45,46
1640,14,15,16,17,24,25,26,27,34,35,36,37,45,46
1641,14,15,16,17,24,25,26,27,34,35,36,37,45,46
1642,14,15,16,17,24,25,26,27,34,35,36,37,45,46
1643,15,16,17,24,25,26,27,34,35,36,37,45,46
1644,15,16,17,24,25,26,27,34,35,36,37,45,46
1645,15,16,17,24,25,26,27,34,35,36,37,45,46
1646,15,16,17,24,25,26,27,34,35,36,37,45,46
1647,15,16,17,24,25,26,27,34,35,36,37,45,46
1648,15,16,17,24,25,26,27,34,35,36,37,45,46
1649,15,16,17,24,25,26,27,34,35,36,37,45,46
1650,15,16,17,24,25,26,27,34,35,36,37,45,46
1651,15,16,17,24,25,26,27,34,35,36,37,45,46
1652,15,16,17,24,25,26,27,34,35,36,37,45,46
1653,15,16,17,24,25,26,27,34,35,36,37,45,46
1654,15,16,17,24,25,26,27,34,35,36,37,45,46
1655,15,16,17,24,25,26,27,34,35,36,37,45,46
1656,15,16,17,24,25,26,27,34,35,36,37,45,46
1657,15,16,17,24,25,26,27,34,35,36,37,45,46
1658,15,16,17,24,25,26,27,34,35,36,37,45,46
1659,15,16,17,24,25,26,27,34,35,36,37,45,46
1660,15,16,17,24,25,26,27,34,35,36,37,45,46
1661,15,16,17,24,25,26,27,34,35,36,37,45,46
1662,15,16,17,24,25,26,27,34,35,36,37,45,46
1663,15,16,17,24,25,26,27,34,35,36,37,45,46
1664,15,16,17,24,25,26,27,34,35,36,37,45,46
1665,15,16,17,24,25,26,27,34,35,36,37,45,46
1666,15,16,17,24,25,26,27,34,35,36,37,45,46
1667,15,16,17,24,25,26,27,34,35,36,37,45,46
1668,15,16,17,24,25,26,27,34,35,36,37,45,46
1669,15,16,17,24,25,26,27,34,35,36,37,45,46
1670,15,16,17,24,25,26,27,34,35,36,37,45,46
1671,14,15,16,17,24,25,26,27,34,35,36,37,45,46
1672,14,15,16,17,24,25,26,27,34,35,36,37,45,46
1673,14,15,16,17,24,25,26,27,34,35,36,37,45,46
1674,14,15,16,17,24,25,26,27,34,35,36,37,45,46
1675,14,15,16,17,24,25,26,27,34,35,36,37,45,46
1676,14,15,16,17,24,25,26,27,34,35,36,37,45,46
1677,14,15,16,17,24,25,26,27,34,35,36,37,45,46
1678,14,15,16,17,24,25,26,27,34,35,36,37,45,46
1679,14,15,16,17,24,25,26,27,34,35,36,37,45,46
1680,14,15,16,17,24,25,26,27,34,35,36,37,45,46
1681,14,15,16,17,24,25,26,27,34,35,36,37,45,46
1682,14,15,16,17,24,25,26,27,34,35,36,37,45,46
1683,14,15,16,17,24,25,26,27,34,35,36,37,45,46
1684,14,15,16,17,24,25,26,27,34,35,36,37,45,46
1685,14,15,16,17,24,25,26,27,34,35,36,37,45,46
1686,14,15,16,17,24,25,26,27,34,35,36,37,45,46
1687,14,15,16,17,24,25,26,27,34,35,36,37,45,46
1688,14,15,16,17,24,25,26,27,34,35,36,37,45,46
1689,15,16,17,24,25,26,27,34,35,36,37,45,46
1690,15,16,17,24,25,26,27,34,35,36,37,45,46
1691,15,16,17,24,25,26,27,34,35,36,37,45,46
1692,15,16,17,24,25,26,27,34,35,36,37,45,46
1693,15,16,17,24,25,26,27,34,35,36,37,45,46
1694,15,16,17,24,25,26,27,34,35,36,37,45,46
1695,15,16,17,24,25,26,27,34,35,36,37,45,46
1696,15,16,17,24,25,26,27,34,35,36,37,45,46
1697,15,16,17,24,25,26,27,34,35,36,37,45,46
1698,15,16,17,24,25,26,27,34,35,36,37,45,46
1699,15,16,17,24,25,26,27,34,35,36,37,45,46
1700,15,16,17,24,25,26,27,34,35,36,37,45,46
1701,15,16,17,24,25,26,27,34,35,36,37,45,46
1702,15,16,17,24,25,26,27,34,35,36,37,45,46
1703,15,16,17,24,25,26,27,34,35,36,37,45,46
1704,15,16,17,24,25,26,27,34,35,36,37,45,46
1705,15,16,17,24,25,26,27,34,35,36,37,45,46
1706,15,16,17,24,25,26,27,34,35,36,37,45,46
1707,14,15,16,17,24,25,26,27,34,35,36,37,45,46
1708,14,15,16,17,24,25,26,27,34,35,36,37,45,46
1709,14,15,16,17,24,25,26,27,34,35,36,37,45,46
1710,14,15,16,17,24,25,26,27,34,35,36,37,45,46
1711,14,15,16,17,24,25,26,27,34,35,36,37,45,46
1712,14,15,16,17,24,25,26,27,34,35,36,37,45,46
1713,14,15,16,17,24,25,26,27,34,35,36,37,45,46
1714,14,15,16,17,24,25,26,27,34,35,36,37,45,46
1715,14,15,16,17,24,25,26,27,34,35,36,37,45,46
1716,14,15,16,17,24,25,26,27,34,35,36,37,45,46
1717,14,15,16,17,24,25,26,27,34,35,36,37,45,46
1718,14,15,16,17,24,25,26,27,34,35,36,37,45,46
1719,14,15,16,17,24,25,26,27,34,35,36,37,45,46
1720,14,15,16,17,24,25,26,27,34,35,36,37,45,46
1721,14,15,16,17,24,25,26,27,34,35,36,37,45,46
1722,14,15,16,17,24,25,26,27,34,35,36,37,45,46
1723,14,15,16,17,24,25,26,27,34,35,36,37,45,46
1724,14,15,16,17,24,25,26,27,34,35,36,37,45,46
1725,14,15,16,17,24,25,26,27,34,35,36,37,45,46
1726,14,15,16,17,24,25,26,27,34,35,36,37,45,46
1727,14,15,16,17,24,25,26,27,34,35,36,37,45,46
1728,14,15,16,17,24,25,26,27,34,35,36,37,45,46
1729,14,15,16,17,24,25,26,27,34,35,36,37,45,46
1730,14,15,16,17,24,25,26,27,34,35,36,37,45,46
1731,14,15,16,17,24,25,26,27,34,35,36,37,45,46
1732,14,15,16,17,24,25,26,27,34,35,36,37,45,46
1733,14,15,16,17,24,25,26,27,34,35,36,37,45,46
1734,14,15,16,17,24,25,26,27,34,35,36,37,45,46
1735,14,15,16,17,24,25,26,27,34,35,36,37,45,46
1736,14,15,16,17,24,25,26,27,34,35,36,37,45,46
1737,14,15,16,17,24,25,26,27,34,35,36,37,45,46
1738,14,15,16,17,24,25,26,27,34,35,36,37,45,46
1739,14,15,16,17,24,25,26,27,34,35,36,37,45,46
1740,14,15,16,17,24,25,26,27,34,35,36,37,45,46
1741,14,15,16,17,24,25,26,27,34,35,36,37,45,46
1742,14,15,16,17,24,25,26,27,34,35,36,37,45,46
1743,14,15,16,17,24,25,26,27,34,35,36,37,45,46
1744,14,15,16,17,24,25,26,27,34,35,36,37,45,46
1745,14,15,16,17,24,25,26,27,34,35,36,37,45,46
1746,14,15,16,17,24,25,26,27,34,35,36,37,45,46
1747,14,15,16,17,24,25,26,27,34,35,36,37,45,46
1748,14,15,16,17,24,25,26,27,34,35,36,37,45,46
1749,14,15,16,17,24,25,26,27,34,35,36,37,45,46
1750,14,15,16,17,24,25,26,27,34,35,36,37,45,46
1751,14,15,16,17,24,25,26,27,34,35,36,37,45,46
1752,14,15,16,17,24,25,26,27,34,35,36,37,45,46
1753,14,15,16,17,24,25,26,27,34,35,36,37,45,46
1754,14,15,16,17,24,25,26,27,34,35,36,37,45,46
1755,14,15,16,17,24,25,26,27,34,35,36,37,45,46
1756,14,15,16,17,24,25,26,27,34,35,36,37,45,46
1757,14,15,16,17,24,25,26,27,34,35,36,37,45,46
1758,14,15,16,17,24,25,26,27,34,35,36,37,45,46
1759,14,15,16,17,24,25,26,27,34,35,36,37,45,46
1760,14,15,16,17,24,25,26,27,34,35,36,37,45,46
1761,14,15,16,17,24,25,26,27,34,35,36,37,45,46
1762,14,15,16,17,24,25,26,27,34,35,36,37,45,46
1763,14,15,16,17,24,25,26,27,34,35,36,37,45,46
1764,14,15,16,17,24,25,26,27,34,35,36,37,45,46
1765,14,15,16,17,24,25,26,27,34,35,36,37,45,46
1766,14,15,16,17,24,25,26,27,34,35,36,37,45,46
1767,14,15,16,17,24,25,26,27,34,35,36,37,45,46
1768,14,15,16,17,24,25,26,27,34,35,36,37,45,46
1769,14,15,16,17,24,25,26,27,34,35,36,37,45,46
1770,14,15,16,17,24,25,26,27,34,35,36,37,45,46
1771,14,15,16,17,24,25,26,27,34,35,36,37,45,46
1772,14,15,16,17,24,25,26,27,34,35,36,37,45,46
1773,14,15,16,17,24,25,26,27,34,35,36,37,45,46
1774,14,15,16,17,24,25,26,27,34,35,36,37,45,46
1775,14,15,16,17,24,25,26,27,34,35,36,37,45,46
1776,14,15,16,17,24,25,26,27,34,35,36,37,45,46
1777,15,16,17,24,25,26,27,34,35,36,37,45,46
1778,15,16,17,24,25,26,27,34,35,36,37,45,46
1779,15,16,17,24,25,26,27,34,35,36,37,45,46
1780,15,16,17,24,25,26,27,34,35,36,37,45,46
1781,15,16,17,24,25,26,27,34,35,36,37,45,46
1782,15,16,17,24,25,26,27,34,35,36,37,45,46
1783,15,16,17,24,25,26,27,34,35,36,37,45,46
1784,15,16,17,24,25,26,27,34,35,36,37,45,46
1785,15,16,17,24,25,26,27,34,35,36,37,45,46
1786,15,16,17,24,25,26,27,34,35,36,37,45,46
1787,14,15,16,17,24,25,26,27,34,35,36,37,45,46
1788,14,15,16,17,24,25,26,27,34,35,36,37,45,46
1789,14,15,16,17,24,25,26,27,34,35,36,37,45,46
1790,14,15,16,17,24,25,26,27,34,35,36,37,45,46
1791,14,15,16,17,24,25,26,27,34,35,36,37,45,46
1792,14,15,16,17,24,25,26,27,34,35,36,37,45,46
1793,14,15,16,17,24,25,26,27,34,35,36,37,45,46
1794,14,15,16,17,24,25,26,27,34,35,36,37,45,46
1795,14,15,16,17,24,25,26,27,34,35,36,37,45,46
1796,14,15,16,17,24,25,26,27,34,35,36,37,45,46
1797,14,15,16,17,24,25,26,27,34,35,36,37,45,46
1798,14,15,16,17,24,25,26,27,34,35,36,37,45,46
1799,14,15,16,17,24,25,26,27,34,35,36,37,45,46
1800,14,15,16,17,24,25,26,27,34,35,36,37,45,46
