1,3,7,8,9,12,13,14,17,18,19
2,3,7,8,9,12,13,14,17,18,19
3,3,7,8,9,12,13,14,17,18,19
4,3,7,8,9,12,13,14,17,18,19
5,3,7,8,9,12,13,14,17,18,19
6,3,7,8,9,12,13,14,17,18,19
7,3,7,8,9,12,13,14,17,18,19
8,3,7,8,9,12,13,14,17,18,19
9,3,7,8,9,12,13,14,17,18,19
10,3,7,8,9,12,13,14,17,18,19
11,3,7,8,9,12,13,14,17,18,19
12,3,7,8,9,12,13,14,17,18,19
13,3,7,8,9,12,13,14,17,18,19
14,3,7,8,9,12,13,14,17,18,19
15,3,7,8,9,12,13,14,17,18,19
16,3,7,8,9,12,13,14,17,18,19
17,3,7,8,9,12,13,14,17,18,19
18,3,7,8,9,12,13,14,17,18,19
19,3,7,8,9,12,13,14,17,18,19
20,3,7,8,9,12,13,14,17,18,19
21,3,7,8,9,12,13,14,17,18,19
22,3,7,8,9,12,13,14,17,18,19
23,3,7,8,9,12,13,14,17,18,19
24,3,7,8,9,12,13,14,17,18,19
25,3,7,8,9,12,13,14,17,18,19
26,3,7,8,9,12,13,14,17,18,19
27,3,7,8,9,12,13,14,17,18,19
28,3,7,8,9,12,13,14,17,18,19
29,3,7,8,9,12,13,14,17,18,19
30,3,7,8,9,12,13,14,17,18,19
31,3,7,8,9,12,13,14,17,18,19
32,3,7,8,9,12,13,14,17,18,19
33,3,7,8,9,12,13,14,17,18,19
34,3,7,8,9,12,13,14,17,18,19
35,3,7,8,9,12,13,14,17,18,19
36,3,7,8,9,12,13,14,17,18,19
37,3,7,8,9,12,13,14,17,18,19
38,3,7,8,9,12,13,14,17,18,19
39,3,7,8,9,12,13,14,17,18,19
40,3,7,8,9,12,13,14,17,18,19
41,3,7,8,9,12,13,14,17,18,19
42,3,7,8,9,12,13,14,17,18,19
43,3,7,8,9,12,13,14,17,18,19
44,3,7,8,9,12,13,14,17,18,19
45,3,7,8,9,12,13,14,17,18,19
46,3,7,8,9,12,13,14,17,18,19
47,3,7,8,9,12,13,14,17,18,19
48,3,7,8,9,12,13,14,17,18,19
49,3,7,8,9,12,13,14,17,18,19
50,3,7,8,9,12,13,14,17,18,19
51,3,7,8,9,12,13,14,17,18,19
52,3,7,8,9,12,13,14,17,18,19
53,3,7,8,9,12,13,14,17,18,19
54,3,7,8,9,12,13,14,17,18,19
55,3,7,8,9,12,13,14,17,18,19
56,3,7,8,9,12,13,14,17,18,19
57,3,7,8,9,12,13,14,17,18,19
58,3,7,8,9,12,13,14,17,18,19
59,3,7,8,9,12,13,14,17,18,19
60,3,7,8,9,12,13,14,17,18,19
61,3,7,8,9,12,13,14,17,18,19
62,3,7,8,9,12,13,14,17,18,19
63,3,7,8,9,12,13,14,17,18,19
64,3,7,8,9,12,13,14,17,18,19
65,3,7,8,9,12,13,14,17,18,19
66,3,7,8,9,12,13,14,17,18,19
67,3,7,8,9,12,13,14,17,18,19
68,3,7,8,9,12,13,14,17,18,19
69,3,7,8,9,12,13,14,17,18,19
70,3,7,8,9,12,13,14,17,18,19
71,3,7,8,9,12,13,14,17,18,19
72,3,7,8,9,12,13,14,17,18,19
73,3,7,8,9,12,13,14,17,18,19
74,3,7,8,9,12,13,14,17,18,19
75,3,7,8,9,12,13,14,17,18,19
76,3,7,8,9,12,13,14,17,18,19
77,3,7,8,9,12,13,14,17,18,19
78,3,7,8,9,12,13,14,17,18,19
79,3,7,8,9,12,13,14,17,18,19
80,3,7,8,9,12,13,14,17,18,19
81,3,7,8,9,12,13,14,17,18,19
82,3,7,8,9,12,13,14,17,18,19
83,3,7,8,9,12,13,14,17,18,19
84,3,7,8,9,12,13,14,17,18,19
85,3,7,8,9,12,13,14,17,18,19
86,3,7,8,9,12,13,14,17,18,19
87,3,7,8,9,12,13,14,17,18,19
88,3,7,8,9,12,13,14,17,18,19
89,3,7,8,9,12,13,14,17,18,19
90,3,7,8,9,12,13,14,17,18,19
91,3,7,8,9,12,13,14,17,18,19
92,3,7,8,9,12,13,14,17,18,19
93,3,7,8,9,12,13,14,17,18,19
94,3,7,8,9,12,13,14,17,18,19
95,3,7,8,9,12,13,14,17,18,19
96,3,7,8,9,12,13,14,17,18,19
97,3,7,8,9,12,13,14,17,18,19
98,3,7,8,9,12,13,14,17,18,19
99,3,7,8,9,12,13,14,17,18,19
100,3,7,8,9,12,13,14,17,18,19
101,3,7,8,9,12,13,14,17,18,19
102,3,7,8,9,12,13,14,17,18,19
103,3,7,8,9,12,13,14,17,18,19
104,3,7,8,9,12,13,14,17,18,19
105,3,7,8,9,12,13,14,17,18,19
106,3,7,8,9,12,13,14,17,18,19
107,3,7,8,9,12,13,14,17,18,19
108,3,7,8,9,12,13,14,17,18,19
109,3,7,8,9,12,13,14,17,18,19
110,3,7,8,9,12,13,14,17,18,19
111,3,7,8,9,12,13,14,17,18,19
112,3,7,8,9,12,13,14,17,18,19
113,3,7,8,9,12,13,14,17,18,19
114,3,7,8,9,12,13,14,17,18,19
115,3,7,8,9,12,13,14,17,18,19
116,3,7,8,9,12,13,14,17,18,19
117,3,7,8,9,12,13,14,17,18,19
118,3,7,8,9,12,13,14,17,18,19
119,3,7,8,9,12,13,14,17,18,19
120,3,7,8,9,12,13,14,17,18,19
121,3,7,8,9,12,13,14,17,18,19
122,3,7,8,9,12,13,14,17,18,19
123,3,7,8,9,12,13,14,17,18,19
124,3,7,8,9,12,13,14,17,18,19
125,3,7,8,9,12,13,14,17,18,19
126,3,7,8,9,12,13,14,17,18,19
127,3,7,8,9,12,13,14,17,18,19
128,3,7,8,9,12,13,14,17,18,19
129,3,7,8,9,12,13,14,17,18,19
130,3,7,8,9,12,13,14,17,18,19
131,3,7,8,9,12,13,14,17,18,19
132,3,7,8,9,12,13,14,17,18,19
133,3,7,8,9,12,13,14,17,18,19
134,3,7,8,9,12,13,14,17,18,19
135,3,7,8,9,12,13,14,17,18,19
136,3,7,8,9,12,13,14,17,18,19
137,3,7,8,9,12,13,14,17,18,19
138,3,7,8,9,12,13,14,17,18,19
139,3,7,8,9,12,13,14,17,18,19
140,3,7,8,9,12,13,14,17,18,19
141,3,7,8,9,12,13,14,17,18,19
142,3,7,8,9,12,13,14,17,18,19
143,3,7,8,9,12,13,14,17,18,19
144,3,7,8,9,12,13,14,17,18,19
145,3,7,8,9,12,13,14,17,18,19
146,3,7,8,9,12,13,14,17,18,19
147,3,7,8,9,12,13,14,17,18,19
148,3,7,8,9,12,13,14,17,18,19
149,3,7,8,9,12,13,14,17,18,19
150,3,7,8,9,12,13,14,17,18,19
151,3,7,8,9,12,13,14,17,18,19
152,3,7,8,9,12,13,14,17,18,19
153,3,7,8,9,12,13,14,17,18,19
154,3,7,8,9,12,13,14,17,18,19
155,3,7,8,9,12,13,14,17,18,19
156,3,7,8,9,12,13,14,17,18,19
157,3,7,8,9,12,13,14,17,18,19
158,3,7,8,9,12,13,14,17,18,19
159,3,7,8,9,12,13,14,17,18,19
160,3,7,8,9,12,13,14,17,18,19
161,3,7,8,9,12,13,14,17,18,19
162,3,7,8,9,12,13,14,17,18,19
163,3,7,8,9,12,13,14,17,18
164,3,7,8,9,12,13,14,17,18
165,3,7,8,9,12,13,14,17,18
166,3,7,8,9,12,13,14,17,18
167,3,7,8,12,13,17,18
168,3,7,8,12,13,17,18
169,3,7,8,12,13,17,18
170,3,7,8,12,13,17,18
171,3,7,8,12,13,17,18
172,3,7,8,12,13,17,18
173,7,8,12,13,17,18
174,7,8,12,13,17,18
175,7,8,12,13,17,18,22
176,7,8,12,13,17,18,22
177,7,8,11,12,13,16,17,18,22
178,7,8,11,12,13,16,17,18,22
179,6,7,8,11,12,13,16,17,18,22
180,6,7,8,11,12,13,16,17,18,22
181,6,7,8,11,12,13,16,17,18,22
182,6,7,8,11,12,13,16,17,18,22
183,6,7,8,11,12,13,16,17,18,22
184,6,7,8,11,12,13,16,17,18,22
185,6,7,8,11,12,13,16,17,18,22
186,6,7,8,11,12,13,16,17,18,22
187,6,7,8,11,12,13,16,17,18,22
188,6,7,8,11,12,13,16,17,18,22
189,6,7,8,11,12,13,16,17,18,22
190,6,7,8,11,12,13,16,17,18,22
191,6,7,8,11,12,13,16,17,18,22
192,6,7,8,11,12,13,16,17,18,22
193,6,7,8,11,12,13,16,17,18,22
194,6,7,8,11,12,13,16,17,18,22
195,6,7,8,11,12,13,16,17,18,22
196,6,7,8,11,12,13,16,17,18,22
197,6,7,8,11,12,13,16,17,18,22
198,6,7,8,11,12,13,16,17,18,22
199,6,7,8,11,12,13,16,17,18,22
200,6,7,8,11,12,13,16,17,18,22
201,6,7,8,11,12,13,16,17,18,22
202,6,7,8,11,12,13,16,17,18,22
203,6,7,8,11,12,13,16,17,18,22
204,6,7,8,11,12,13,16,17,18,22
205,6,7,8,11,12,13,16,17,18,22
206,6,7,8,11,12,13,16,17,18,22
207,6,7,11,12,13,16,17,18,22
208,6,7,11,12,13,16,17,18,22
209,6,7,11,12,13,16,17,18,22
210,6,7,11,12,13,16,17,18,22
211,6,7,11,12,13,16,17,18,22
212,6,7,11,12,13,16,17,18,22
213,6,7,11,12,13,16,17,18,22
214,6,7,11,12,13,16,17,18,22
215,6,7,11,12,13,16,17,18,22
216,6,7,11,12,13,16,17,18,22
217,6,7,11,12,13,16,17,18,22
218,6,7,11,12,13,16,17,18,22
219,6,7,8,11,12,13,16,17,18,22
220,6,7,8,11,12,13,16,17,18,22
221,6,7,8,11,12,13,16,17,18,22
222,6,7,8,11,12,13,16,17,18,22
223,6,7,8,11,12,13,16,17,18,22
224,6,7,8,11,12,13,16,17,18,22
225,7,8,11,12,13,16,17,18,22
226,7,8,11,12,13,16,17,18,22
227,7,8,12,13,17,18,22,23
228,7,8,12,13,17,18,22,23
229,7,8,12,13,17,18,22,23
230,7,8,12,13,17,18,22,23
231,7,8,12,13,17,18,22,23
232,7,8,12,13,17,18,22,23
233,7,8,12,13,17,18,22,23
234,7,8,12,13,17,18,22,23
235,7,8,12,13,17,18,22,23
236,7,8,12,13,17,18,22,23
237,7,8,12,13,17,18,23
238,7,8,12,13,17,18,23
239,7,8,12,13,14,17,18,23
240,7,8,12,13,14,17,18,23
241,7,8,9,12,13,14,17,18,19,23
242,7,8,9,12,13,14,17,18,19,23
243,7,8,9,12,13,14,17,18,19,23
244,7,8,9,12,13,14,17,18,19,23
245,7,8,9,12,13,14,17,18,19,23
246,7,8,9,12,13,14,17,18,19,23
247,7,8,9,12,13,14,17,18,19,23
248,7,8,9,12,13,14,17,18,19,23
249,7,8,9,12,13,14,17,18,19,23
250,7,8,9,12,13,14,17,18,19,23
251,7,8,9,12,13,14,17,18,19,23
252,7,8,9,12,13,14,17,18,19,23
253,7,8,9,12,13,14,17,18,19,23
254,7,8,9,12,13,14,17,18,19,23
255,7,8,9,12,13,14,17,18,19,23
256,7,8,9,12,13,14,17,18,19,23
257,7,8,9,12,13,14,17,18,19,23
258,7,8,9,12,13,14,17,18,19,23
259,7,8,9,12,13,14,17,18,19,23
260,7,8,9,12,13,14,17,18,19,23
261,7,8,9,12,13,14,17,18,19,23
262,7,8,9,12,13,14,17,18,19,23
263,7,8,9,12,13,14,17,18,19,23
264,7,8,9,12,13,14,17,18,19,23
265,7,8,9,12,13,14,17,18,19,23
266,7,8,9,12,13,14,17,18,19,23
267,7,8,9,12,13,14,17,18,19,23
268,7,8,9,12,13,14,17,18,19,23
269,7,8,9,12,13,14,17,18,19,23
270,7,8,9,12,13,14,17,18,19,23
271,7,8,9,12,13,14,17,18,19,23
272,7,8,9,12,13,14,17,18,19,23
273,7,8,9,12,13,14,17,18,19,23
274,7,8,9,12,13,14,17,18,19,23
275,7,8,9,12,13,14,17,18,19,23
276,7,8,9,12,13,14,17,18,19,23
277,7,8,9,12,13,14,17,18,19,23
278,7,8,9,12,13,14,17,18,19,23
279,7,8,9,12,13,14,17,18,19,23
280,7,8,9,12,13,14,17,18,19,23
281,7,8,12,13,14,17,18,19,23
282,7,8,12,13,14,17,18,19,23
283,7,8,12,13,14,17,18,19,23
284,7,8,12,13,14,17,18,19,23
285,7,8,12,13,17,18,22,23
286,7,8,12,13,17,18,22,23
287,7,8,12,13,17,18,22,23
288,7,8,12,13,17,18,22,23
289,7,8,12,13,17,18,22,23
290,7,8,12,13,17,18,22,23
291,7,8,12,13,17,18,22,23
292,7,8,12,13,17,18,22,23
293,7,8,12,13,17,18,22,23
294,7,8,12,13,17,18,22,23
295,7,8,12,13,17,18,22,23
296,7,8,12,13,17,18,22,23
297,7,8,12,13,17,18,22,23
298,7,8,12,13,17,18,22,23
299,7,8,12,13,17,18,22,23
300,7,8,12,13,17,18,22,23
301,7,8,12,13,17,18,22,23
302,7,8,12,13,17,18,22,23
303,7,8,12,13,17,18,22,23
304,7,8,12,13,17,18,22,23
305,7,8,12,13,17,18,22,23
306,7,8,12,13,17,18,22,23
307,7,8,12,13,17,18,22,23
308,7,8,12,13,17,18,22,23
309,7,8,12,13,17,18,22,23
310,7,8,12,13,17,18,22,23
311,7,8,12,13,17,18,22,23
312,7,8,12,13,17,18,22,23
313,7,8,12,13,17,18,22,23
314,7,8,12,13,17,18,22,23
315,7,8,12,13,17,18,22,23
316,7,8,12,13,17,18,22,23
317,7,8,12,13,17,18,22,23
318,7,8,12,13,17,18,22,23
319,7,8,12,13,17,18,22,23
320,7,8,12,13,17,18,22,23
321,7,8,12,13,17,18,22,23
322,7,8,12,13,17,18,22,23
323,7,8,11,12,13,16,17,18,22
324,7,8,11,12,13,16,17,18,22
325,6,7,8,11,12,13,16,17,18,22
326,6,7,8,11,12,13,16,17,18,22
327,6,7,11,12,16,17,21,22
328,6,7,11,12,16,17,21,22
329,6,7,11,12,16,17,21,22
330,6,7,11,12,16,17,21,22
331,6,7,11,12,16,17,21,22
332,6,7,11,12,16,17,21,22
333,6,7,11,12,16,17,21,22
334,6,7,11,12,16,17,21,22
335,6,7,11,12,16,17,21,22
336,6,7,11,12,16,17,21,22
337,6,7,11,12,16,17,21,22
338,6,7,11,12,16,17,21,22
339,6,7,11,12,16,17,21,22
340,6,7,11,12,16,17,21,22
341,6,7,11,12,15,16,17,20,21,22
342,6,7,11,12,15,16,17,20,21,22
343,6,7,11,12,15,16,17,20,21,22
344,6,7,11,12,15,16,17,20,21,22
345,6,7,11,12,15,16,17,20,21,22
346,6,7,11,12,15,16,17,20,21,22
347,6,7,11,12,15,16,17,20,21,22
348,6,7,11,12,15,16,17,20,21,22
349,6,7,11,12,15,16,17,20,21,22
350,6,7,11,12,15,16,17,20,21,22
351,6,7,10,11,12,15,16,17,20,21
352,6,7,10,11,12,15,16,17,20,21
353,6,7,10,11,12,15,16,17,20,21
354,6,7,10,11,12,15,16,17,20,21
355,6,7,10,11,12,15,16,17,20,21
356,6,7,10,11,12,15,16,17,20,21
357,6,7,10,11,12,15,16,17,20,21
358,6,7,10,11,12,15,16,17,20,21
359,6,7,11,12,15,16,17,20,21,22
360,6,7,11,12,15,16,17,20,21,22
361,6,7,11,12,15,16,17,20,21,22
362,6,7,11,12,15,16,17,20,21,22
363,6,7,11,12,16,17,21,22
364,6,7,11,12,16,17,21,22
365,6,7,11,12,16,17,21,22
366,6,7,11,12,16,17,21,22
367,6,7,11,12,16,17,21,22
368,6,7,11,12,16,17,21,22
369,6,7,11,12,16,17,21,22
370,6,7,11,12,16,17,21,22
371,6,7,11,12,16,17,21,22
372,6,7,11,12,16,17,21,22
373,6,7,11,12,16,17,21,22
374,6,7,11,12,16,17,21,22
375,6,7,11,12,16,17,21,22
376,6,7,11,12,16,17,21,22
377,6,7,11,12,13,16,17,18,22
378,6,7,11,12,13,16,17,18,22
379,6,7,11,12,13,16,17,18,22
380,6,7,11,12,13,16,17,18,22
381,6,7,11,12,13,16,17,18,22
382,6,7,11,12,13,16,17,18,22
383,6,7,11,12,13,16,17,18,22
384,6,7,11,12,13,16,17,18,22
385,6,7,11,12,13,16,17,18,22
386,6,7,11,12,13,16,17,18,22
387,6,7,8,11,12,13,16,17,18,22
388,6,7,8,11,12,13,16,17,18,22
389,6,7,8,11,12,13,16,17,18,22
390,6,7,8,11,12,13,16,17,18,22
391,6,7,11,12,13,16,17,18,22
392,6,7,11,12,13,16,17,18,22
393,6,7,11,12,13,16,17,18,22
394,6,7,11,12,13,16,17,18,22
395,6,7,8,11,12,13,16,17,18,22
396,6,7,8,11,12,13,16,17,18,22
397,6,7,8,11,12,13,16,17,18,22
398,6,7,8,11,12,13,16,17,18,22
399,7,8,11,12,13,16,17,18,22,23
400,7,8,11,12,13,16,17,18,22,23
401,7,8,12,13,17,18,22,23
402,7,8,12,13,17,18,22,23
403,7,8,12,13,17,18,22,23
404,7,8,12,13,17,18,22,23
405,7,8,12,13,17,18,22,23
406,7,8,12,13,17,18,22,23
407,7,8,12,13,17,18,22,23
408,7,8,12,13,17,18,22,23
409,7,8,12,13,17,18,22,23
410,7,8,12,13,17,18,22,23
411,7,8,12,13,17,18,22,23
412,7,8,12,13,17,18,22,23
413,7,8,12,13,17,18,22,23
414,7,8,12,13,17,18,22,23
415,7,8,12,13,17,18,22,23
416,7,8,12,13,17,18,22,23
417,7,8,12,13,17,18,22,23
418,7,8,12,13,17,18,22,23
419,7,8,12,13,17,18,22,23
420,7,8,12,13,17,18,22,23
421,7,8,12,13,14,17,18,23
422,7,8,12,13,14,17,18,23
423,7,8,12,13,14,17,18,19,23
424,7,8,12,13,14,17,18,19,23
425,7,8,12,13,14,17,18,19,23
426,7,8,12,13,14,17,18,19,23
427,7,8,12,13,14,17,18,19,23
428,7,8,12,13,14,17,18,19,23
429,7,8,12,13,14,17,18,19,23
430,7,8,12,13,14,17,18,19,23
431,7,8,12,13,14,17,18,19,23
432,7,8,12,13,14,17,18,19,23
433,7,8,12,13,14,17,18,23
434,7,8,12,13,14,17,18,23
435,7,8,12,13,17,18,22,23
436,7,8,12,13,17,18,22,23
437,7,8,12,13,17,18,22,23
438,7,8,12,13,17,18,22,23
439,7,8,12,13,17,18,22,23
440,7,8,12,13,17,18,22,23
441,7,8,12,13,17,18,22,23
442,7,8,12,13,17,18,22,23
443,7,8,12,13,17,18,22,23
444,7,8,12,13,17,18,22,23
445,7,8,12,13,17,18,22,23
446,7,8,12,13,17,18,22,23
447,7,8,12,13,17,18,22,23
448,7,8,12,13,17,18,22,23
449,7,8,12,13,17,18,22,23
450,7,8,12,13,17,18,22,23
451,7,8,12,13,17,18,22,23
452,7,8,12,13,17,18,22,23
453,7,8,12,13,17,18,22,23
454,7,8,12,13,17,18,22,23
455,7,8,12,13,17,18,22,23
456,7,8,12,13,17,18,22,23
457,7,8,12,13,17,18,22,23
458,7,8,12,13,17,18,22,23
459,7,8,12,13,17,18,22,23
460,7,8,12,13,17,18,22,23
461,7,8,12,13,17,18,22,23
462,7,8,12,13,17,18,22,23
463,7,8,12,13,17,18,22,23
464,7,8,12,13,17,18,22,23
465,7,8,12,13,17,18,22,23
466,7,8,12,13,17,18,22,23
467,7,8,12,13,17,18,22,23
468,7,8,12,13,17,18,22,23
469,7,8,12,13,17,18,22,23
470,7,8,12,13,17,18,22,23
471,7,8,12,13,17,18,22,23
472,7,8,12,13,17,18,22,23
473,7,8,12,13,17,18,22,23
474,7,8,12,13,17,18,22,23
475,7,8,12,13,17,18,22,23
476,7,8,12,13,17,18,22,23
477,7,8,12,13,17,18,22,23
478,7,8,12,13,17,18,22,23
479,7,8,12,13,17,18,22,23
480,7,8,12,13,17,18,22,23
481,7,8,12,13,17,18,22,23
482,7,8,12,13,17,18,22,23
483,7,8,12,13,17,18,22,23
484,7,8,12,13,17,18,22,23
485,7,8,12,13,17,18,22,23
486,7,8,12,13,17,18,22,23
487,7,8,12,13,17,18,22,23
488,7,8,12,13,17,18,22,23
489,7,8,12,13,17,18,22,23
490,7,8,12,13,17,18,22,23
491,7,8,12,13,17,18,22,23
492,7,8,12,13,17,18,22,23
493,7,8,12,13,17,18,22,23
494,7,8,12,13,17,18,22,23
495,7,8,12,13,17,18,22,23
496,7,8,12,13,17,18,22,23
497,7,8,12,13,17,18,22,23
498,7,8,12,13,17,18,22,23
499,7,8,12,13,17,18,22,23
500,7,8,12,13,17,18,22,23
501,7,8,12,13,17,18,22,23
502,7,8,12,13,17,18,22,23
503,7,8,12,13,17,18,22,23
504,7,8,12,13,17,18,22,23
505,7,8,12,13,14,17,18,19,22,23
506,7,8,12,13,14,17,18,19,22,23
507,7,8,12,13,14,17,18,19,22,23
508,7,8,12,13,14,17,18,19,22,23
509,7,8,12,13,14,17,18,19,22,23
510,7,8,12,13,14,17,18,19,22,23
511,7,8,12,13,14,17,18,19,22,23
512,7,8,12,13,14,17,18,19,22,23
513,7,8,12,13,14,17,18,19,22,23
514,7,8,12,13,14,17,18,19,22,23
515,7,8,12,13,14,17,18,19,22,23
516,7,8,12,13,14,17,18,19,22,23
517,7,8,12,13,14,17,18,19,22,23
518,7,8,12,13,14,17,18,19,22,23
519,7,8,12,13,14,17,18,19,22,23
520,7,8,12,13,14,17,18,19,22,23
521,7,8,12,13,14,17,18,19,22,23
522,7,8,12,13,14,17,18,19,22,23
523,7,8,12,13,14,17,18,19,22,23
524,7,8,12,13,14,17,18,19,22,23
525,7,8,12,13,14,17,18,19,22,23
526,7,8,12,13,14,17,18,19,22,23
527,7,8,12,13,14,17,18,19,22,23
528,7,8,12,13,14,17,18,19,22,23
529,7,8,12,13,14,17,18,19,22,23
530,7,8,12,13,14,17,18,19,22,23
531,7,8,12,13,14,17,18,19,22,23
532,7,8,12,13,14,17,18,19,22,23
533,7,8,12,13,14,17,18,19,22,23
534,7,8,12,13,14,17,18,19,22,23
535,7,8,12,13,14,17,18,19,22,23
536,7,8,12,13,14,17,18,19,22,23
537,7,8,12,13,14,17,18,19,22,23
538,7,8,12,13,14,17,18,19,22,23
539,7,8,12,13,14,17,18,19,22,23
540,7,8,12,13,14,17,18,19,22,23
541,7,8,12,13,17,18,22,23
542,7,8,12,13,17,18,22,23
543,7,8,12,13,17,18,22,23
544,7,8,12,13,17,18,22,23
545,7,8,12,13,17,18,22,23
546,7,8,12,13,17,18,22,23
547,7,8,12,13,17,18,22,23
548,7,8,12,13,17,18,22,23
549,7,8,12,13,17,18,22,23
550,7,8,12,13,17,18,22,23
551,7,8,12,13,17,18,22,23
552,7,8,12,13,17,18,22,23
553,7,8,12,13,17,18,22,23
554,7,8,12,13,17,18,22,23
555,7,8,12,13,17,18,22,23
556,7,8,12,13,17,18,22,23
557,7,8,12,13,17,18,22,23
558,7,8,12,13,17,18,22,23
559,7,8,12,13,17,18,22,23
560,7,8,12,13,17,18,22,23
561,7,8,12,13,17,18,22,23
562,7,8,12,13,17,18,22,23
563,7,8,12,13,17,18,22,23
564,7,8,12,13,17,18,22,23
565,7,8,12,13,17,18,22,23
566,7,8,12,13,17,18,22,23
567,7,8,12,13,17,18,22,23
568,7,8,12,13,17,18,22,23
569,7,8,11,12,13,16,17,18,22,23
570,7,8,11,12,13,16,17,18,22,23
571,7,8,12,13,17,18,22,23
572,7,8,12,13,17,18,22,23
573,7,8,12,13,17,18,22,23
574,7,8,12,13,17,18,22,23
575,7,8,12,13,17,18,22,23
576,7,8,12,13,17,18,22,23
577,7,8,12,13,17,18,22,23
578,7,8,12,13,17,18,22,23
579,7,8,12,13,17,18,22,23
580,7,8,12,13,17,18,22,23
581,7,8,12,13,17,18,22,23
582,7,8,12,13,17,18,22,23
583,7,8,12,13,17,18,22,23
584,7,8,12,13,17,18,22,23
585,7,8,12,13,17,18,22,23
586,7,8,12,13,17,18,22,23
587,7,8,11,12,13,16,17,18,22,23
588,7,8,11,12,13,16,17,18,22,23
589,6,7,8,11,12,13,16,17,18,22
590,6,7,8,11,12,13,16,17,18,22
591,6,7,11,12,13,16,17,18,21,22
592,6,7,11,12,13,16,17,18,21,22
593,6,7,11,12,16,17,21,22
594,6,7,11,12,16,17,21,22
595,6,7,11,12,16,17,21,22
596,6,7,11,12,16,17,21,22
597,6,7,11,12,16,17,21,22
598,6,7,11,12,16,17,21,22
599,6,7,11,12,16,17,21,22
600,6,7,11,12,16,17,21,22
601,6,7,11,12,16,17,21,22
602,6,7,11,12,16,17,21,22
603,6,7,11,12,16,17,21,22
604,6,7,11,12,16,17,21,22
605,6,7,11,12,16,17,21,22
606,6,7,11,12,16,17,21,22
607,6,7,11,12,16,17,21,22
608,6,7,11,12,16,17,21,22
609,6,7,11,12,16,17,21,22
610,6,7,11,12,16,17,21,22
611,6,7,11,12,16,17,21,22
612,6,7,11,12,16,17,21,22
613,6,7,11,12,16,17,21,22
614,6,7,11,12,16,17,21,22
615,6,7,11,12,16,17,21,22
616,6,7,11,12,16,17,21,22
617,6,7,11,12,16,17,21,22
618,6,7,11,12,16,17,21,22
619,6,7,11,12,16,17,21,22
620,6,7,11,12,16,17,21,22
621,6,7,11,12,16,17,21,22
622,6,7,11,12,16,17,21,22
623,6,7,11,12,16,17,21,22
624,6,7,11,12,16,17,21,22
625,6,7,11,12,16,17,21,22
626,6,7,11,12,16,17,21,22
627,6,7,11,12,16,17,21,22
628,6,7,11,12,16,17,21,22
629,6,7,11,12,16,17,21,22
630,6,7,11,12,16,17,21,22
631,6,7,11,12,16,17,21,22
632,6,7,11,12,16,17,21,22
633,6,7,11,12,16,17,21,22
634,6,7,11,12,16,17,21,22
635,6,7,11,12,13,16,17,18,22
636,6,7,11,12,13,16,17,18,22
637,6,7,8,11,12,13,16,17,18,22
638,6,7,8,11,12,13,16,17,18,22
639,6,7,8,11,12,13,16,17,18,22
640,6,7,8,11,12,13,16,17,18,22
641,6,7,8,11,12,13,16,17,18,22
642,6,7,8,11,12,13,16,17,18,22
643,6,7,8,11,12,13,16,17,18,22
644,6,7,8,11,12,13,16,17,18,22
645,6,7,8,11,12,13,16,17,18,22
646,6,7,8,11,12,13,16,17,18,22
647,7,8,11,12,13,16,17,18,22
648,7,8,11,12,13,16,17,18,22
649,7,8,11,12,13,16,17,18,22
650,7,8,11,12,13,16,17,18,22
651,7,8,11,12,13,16,17,18,22
652,7,8,11,12,13,16,17,18,22
653,7,8,11,12,13,16,17,18,22
654,7,8,11,12,13,16,17,18,22
655,7,8,11,12,13,17,18,22
656,7,8,11,12,13,17,18,22
657,7,8,12,13,17,18,22,23
658,7,8,12,13,17,18,22,23
659,7,8,12,13,17,18,22,23
660,7,8,12,13,17,18,22,23
661,7,8,12,13,17,18,22,23
662,7,8,12,13,17,18,22,23
663,7,8,12,13,17,18,22,23
664,7,8,12,13,17,18,22,23
665,7,8,12,13,17,18,22,23
666,7,8,12,13,17,18,22,23
667,7,8,12,13,17,18,22,23
668,7,8,12,13,17,18,22,23
669,7,8,12,13,17,18,22,23
670,7,8,12,13,17,18,22,23
671,7,8,12,13,17,18,22,23
672,7,8,12,13,17,18,22,23
673,7,8,12,13,17,18,22,23
674,7,8,12,13,17,18,22,23
675,7,8,12,13,17,18,22,23
676,7,8,12,13,17,18,22,23
677,7,8,12,13,17,18,22,23
678,7,8,12,13,17,18,22,23
679,7,8,12,13,17,18,22,23
680,7,8,12,13,17,18,22,23
681,7,8,12,13,17,18,22,23
682,7,8,12,13,17,18,22,23
683,7,8,12,13,17,18,22,23
684,7,8,12,13,17,18,22,23
685,7,8,12,13,17,18,22,23
686,7,8,12,13,17,18,22,23
687,7,8,12,13,17,18,22,23
688,7,8,12,13,17,18,22,23
689,7,8,12,13,17,18,22,23
690,7,8,12,13,17,18,22,23
691,7,8,12,13,17,18,22,23
692,7,8,12,13,17,18,22,23
693,7,8,12,13,17,18,22,23
694,7,8,12,13,17,18,22,23
695,7,8,12,13,17,18,22,23
696,7,8,12,13,17,18,22,23
697,7,8,12,13,17,18,22,23
698,7,8,12,13,17,18,22,23
699,7,8,12,13,17,18,22,23
700,7,8,12,13,17,18,22,23
701,7,8,12,13,17,18,22,23
702,7,8,12,13,17,18,22,23
703,7,8,12,13,17,18,22,23
704,7,8,12,13,17,18,22,23
705,7,8,12,13,17,18,22,23
706,7,8,12,13,17,18,22,23
707,7,8,12,13,17,18,22,23
708,7,8,12,13,17,18,22,23
709,7,8,12,13,17,18,22,23
710,7,8,12,13,17,18,22,23
711,7,8,12,13,17,18,22,23
712,7,8,12,13,17,18,22,23
713,7,8,12,13,17,18,22,23
714,7,8,12,13,17,18,22,23
715,7,8,12,13,17,18,22,23
716,7,8,12,13,17,18,22,23
717,7,8,12,13,17,18,22,23
718,7,8,12,13,17,18,22,23
719,7,8,12,13,17,18,22,23
720,7,8,12,13,17,18,22,23
721,7,8,12,13,17,18,22,23
722,7,8,12,13,17,18,22,23
723,7,8,12,13,17,18,22,23
724,7,8,12,13,17,18,22,23
725,7,8,12,13,17,18,22,23
726,7,8,12,13,17,18,22,23
727,7,8,12,13,17,18,22,23
728,7,8,12,13,17,18,22,23
729,7,8,12,13,17,18,22,23
730,7,8,12,13,17,18,22,23
731,7,8,12,13,17,18,22,23
732,7,8,12,13,17,18,22,23
733,7,8,12,13,17,18,22,23
734,7,8,12,13,17,18,22,23
735,7,8,12,13,17,18,22,23
736,7,8,12,13,17,18,22,23
737,7,8,12,13,17,18,22,23
738,7,8,12,13,17,18,22,23
739,7,8,12,13,17,18,22,23
740,7,8,12,13,17,18,22,23
741,7,8,12,13,17,18,22,23
742,7,8,12,13,17,18,22,23
743,7,8,12,13,17,18,22,23
744,7,8,12,13,17,18,22,23
745,7,8,12,13,17,18,22,23
746,7,8,12,13,17,18,22,23
747,7,8,12,13,17,18,22,23
748,7,8,12,13,17,18,22,23
749,7,8,12,13,17,18,23
750,7,8,12,13,17,18,23
751,7,8,12,13,17,18,23
752,7,8,12,13,17,18,23
753,7,8,12,13,17,18,23
754,7,8,12,13,17,18,23
755,7,8,12,13,14,17,18,23
756,7,8,12,13,14,17,18,23
757,7,8,12,13,14,17,18,19,23
758,7,8,12,13,14,17,18,19,23
759,7,8,12,13,14,17,18,19,23
760,7,8,12,13,14,17,18,19,23
761,7,8,9,12,13,14,17,18,19,23
762,7,8,9,12,13,14,17,18,19,23
763,7,8,9,12,13,14,17,18,19,23
764,7,8,9,12,13,14,17,18,19,23
765,7,8,9,12,13,14,17,18,19,23
766,7,8,9,12,13,14,17,18,19,23
767,7,8,9,12,13,14,17,18,19,23
768,7,8,9,12,13,14,17,18,19,23
769,7,8,9,12,13,14,17,18,19,23
770,7,8,9,12,13,14,17,18,19,23
771,8,9,13,14,18,19,23,24
772,8,9,13,14,18,19,23,24
773,8,9,13,14,18,19,23,24
774,8,9,13,14,18,19,23,24
775,8,9,13,14,18,19,23,24
776,8,9,13,14,18,19,23,24
777,8,9,13,14,18,19,23,24
778,8,9,13,14,18,19,23,24
779,8,9,13,14,18,19,23,24
780,8,9,13,14,18,19,23,24
781,8,9,13,14,18,19,23,24
782,8,9,13,14,18,19,23,24
783,8,9,13,14,18,19,23,24
784,8,9,13,14,18,19,23,24
785,8,9,13,14,18,19,23,24
786,8,9,13,14,18,19,23,24
787,8,9,13,14,18,19,23,24
788,8,9,13,14,18,19,23,24
789,8,9,13,14,18,19,23,24
790,8,9,13,14,18,19,23,24
791,8,9,13,14,18,19,23,24
792,8,9,13,14,18,19,23,24
793,8,9,13,14,18,19,23,24
794,8,9,13,14,18,19,23,24
795,8,9,13,14,18,19,23,24
796,8,9,13,14,18,19,23,24
797,8,9,13,14,18,19,23,24
798,8,9,13,14,18,19,23,24
799,8,9,13,14,18,19,23,24
800,8,9,13,14,18,19,23,24
801,8,9,13,14,18,19,23,24
802,8,9,13,14,18,19,23,24
803,8,9,13,14,18,19,23,24
804,8,9,13,14,18,19,23,24
805,8,9,13,14,18,19,23,24
806,8,9,13,14,18,19,23,24
807,8,9,13,14,18,19,23,24
808,8,9,13,14,18,19,23,24
809,8,9,13,14,18,19,23,24
810,8,9,13,14,18,19,23,24
811,8,9,13,14,18,19,23,24
812,8,9,13,14,18,19,23,24
813,8,9,13,14,18,19,23,24
814,8,9,13,14,18,19,23,24
815,8,9,13,14,18,19,23,24
816,8,9,13,14,18,19,23,24
817,8,9,13,14,18,19,23,24
818,8,9,13,14,18,19,23,24
819,8,9,13,14,18,19,23,24
820,8,9,13,14,18,19,23,24
821,8,9,13,14,18,19,23,24
822,8,9,13,14,18,19,23,24
823,8,9,13,14,18,19,23,24
824,8,9,13,14,18,19,23,24
825,8,9,13,14,18,19,23,24
826,8,9,13,14,18,19,23,24
827,8,9,13,14,18,19,23,24
828,8,9,13,14,18,19,23,24
829,8,9,12,13,14,17,18,19,23,24
830,8,9,12,13,14,17,18,19,23,24
831,7,8,12,13,14,17,18,19,22,23
832,7,8,12,13,14,17,18,19,22,23
833,7,8,12,13,17,18,22,23
834,7,8,12,13,17,18,22,23
835,7,8,11,12,13,16,17,18,22,23
836,7,8,11,12,13,16,17,18,22,23
837,6,7,11,12,16,17,21,22
838,6,7,11,12,16,17,21,22
839,6,7,11,12,16,17,21,22
840,6,7,11,12,16,17,21,22
841,6,7,11,12,15,16,17,20,21,22
842,6,7,11,12,15,16,17,20,21,22
843,6,7,11,12,15,16,17,20,21,22
844,6,7,11,12,15,16,17,20,21,22
845,6,7,11,12,15,16,17,20,21,22
846,6,7,11,12,15,16,17,20,21,22
847,6,7,11,12,15,16,17,20,21,22,25
848,6,7,11,12,15,16,17,20,21,22,25
849,6,11,12,15,16,17,20,21,22,25
850,6,11,12,15,16,17,20,21,22,25
851,6,10,11,12,15,16,17,20,21,22,25
852,6,10,11,12,15,16,17,20,21,22,25
853,6,10,11,12,15,16,17,20,21,25
854,6,10,11,12,15,16,17,20,21,25
855,6,10,11,12,15,16,17,20,21,25
856,6,10,11,12,15,16,17,20,21,25
857,6,10,11,12,15,16,17,20,21,25
858,6,10,11,12,15,16,17,20,21,25
859,6,10,11,12,15,16,17,20,21,25
860,6,10,11,12,15,16,17,20,21,25
861,6,10,11,12,15,16,17,20,21,25
862,6,10,11,12,15,16,17,20,21,25
863,6,10,11,12,15,16,17,20,21,25
864,6,10,11,12,15,16,17,20,21,25
865,6,10,11,12,15,16,17,20,21,25
866,6,10,11,12,15,16,17,20,21,25
867,6,10,11,15,16,20,21,25
868,6,10,11,15,16,20,21,25
869,6,10,11,15,16,20,21,25
870,6,10,11,15,16,20,21,25
871,6,10,11,15,16,20,21,25
872,6,10,11,15,16,20,21,25
873,6,10,11,15,16,20,21,25
874,6,10,11,15,16,20,21,25
875,6,10,11,15,16,20,21,25
876,6,10,11,15,16,20,21,25
877,6,10,11,15,16,20,21,25
878,6,10,11,15,16,20,21,25
879,6,10,11,15,16,20,21,25
880,6,10,11,15,16,20,21,25
881,6,10,11,15,16,20,21,25
882,6,10,11,15,16,20,21,25
883,6,10,11,12,15,16,17,20,21,25
884,6,10,11,12,15,16,17,20,21,25
885,6,7,10,11,12,15,16,17,20,21
886,6,7,10,11,12,15,16,17,20,21
887,6,7,11,12,15,16,17,20,21,22
888,6,7,11,12,15,16,17,20,21,22
889,6,7,11,12,16,17,21,22
890,6,7,11,12,16,17,21,22
891,6,7,11,12,16,17,21,22
892,6,7,11,12,16,17,21,22
893,6,7,11,12,16,17,21,22
894,6,7,11,12,16,17,21,22
895,6,7,11,12,16,17,21,22
896,6,7,11,12,16,17,21,22
897,6,7,11,12,16,17,21,22
898,6,7,11,12,16,17,21,22
899,6,7,11,12,16,17,21,22
900,6,7,11,12,16,17,21,22
901,6,7,11,12,16,17,21,22
902,6,7,11,12,16,17,21,22
903,6,7,11,12,16,17,21,22
904,6,7,11,12,16,17,21,22
905,6,7,11,12,16,17,21,22
906,6,7,11,12,16,17,21,22
907,6,7,11,12,16,17,21,22
908,6,7,11,12,16,17,21,22
909,6,7,11,12,16,17,21,22
910,6,7,11,12,16,17,21,22
911,6,7,11,12,16,17,21,22
912,6,7,11,12,16,17,21,22
913,6,7,11,12,16,17,21,22
914,6,7,11,12,16,17,21,22
915,6,7,11,12,16,17,21,22
916,6,7,11,12,16,17,21,22
917,6,7,11,12,13,16,17,22
918,6,7,11,12,13,16,17,22
919,6,7,11,12,13,16,17,18,22
920,6,7,11,12,13,16,17,18,22
921,6,7,8,11,12,13,16,17,18,22
922,6,7,8,11,12,13,16,17,18,22
923,6,7,8,11,12,13,16,17,18,22
924,6,7,8,11,12,13,16,17,18,22
925,7,8,11,12,13,16,17,18,22
926,7,8,11,12,13,16,17,18,22
927,7,8,11,12,13,16,17,18,22
928,7,8,11,12,13,16,17,18,22
929,7,8,11,12,13,17,18,22
930,7,8,11,12,13,17,18,22
931,7,8,11,12,13,16,17,18,22
932,7,8,11,12,13,16,17,18,22
933,7,8,11,12,13,16,17,18,22
934,7,8,11,12,13,16,17,18,22
935,7,8,11,12,13,16,17,18,22
936,7,8,11,12,13,16,17,18,22
937,7,8,11,12,13,16,17,18,22
938,7,8,11,12,13,16,17,18,22
939,6,7,8,11,12,13,16,17,18,22
940,6,7,8,11,12,13,16,17,18,22
941,6,7,8,11,12,13,16,17,18,22
942,6,7,8,11,12,13,16,17,18,22
943,6,7,8,11,12,13,16,17,18,22
944,6,7,8,11,12,13,16,17,18,22
945,6,7,8,11,12,13,16,17,18,22
946,6,7,8,11,12,13,16,17,18,22
947,6,7,8,11,12,13,16,17,18,22
948,6,7,8,11,12,13,16,17,18,22
949,7,8,11,12,13,16,17,18,22
950,7,8,11,12,13,16,17,18,22
951,7,8,11,12,13,16,17,18,22
952,7,8,11,12,13,16,17,18,22
953,7,8,11,12,13,16,17,18,22
954,7,8,11,12,13,16,17,18,22
955,7,8,11,12,13,16,17,18,22
956,7,8,11,12,13,16,17,18,22
957,7,8,11,12,13,16,17,18,22
958,7,8,11,12,13,16,17,18,22
959,7,8,11,12,13,16,17,18,22
960,7,8,11,12,13,16,17,18,22
961,7,8,11,12,13,16,17,18,22
962,7,8,11,12,13,16,17,18,22
963,7,8,11,12,13,16,17,18,22
964,7,8,11,12,13,16,17,18,22
965,7,8,11,12,13,16,17,18,22
966,7,8,11,12,13,16,17,18,22
967,7,8,11,12,13,17,18,22
968,7,8,11,12,13,17,18,22
969,7,8,12,13,17,18,22,23
970,7,8,12,13,17,18,22,23
971,7,8,12,13,17,18,22,23
972,7,8,12,13,17,18,22,23
973,7,8,12,13,17,18,22,23
974,7,8,12,13,17,18,22,23
975,7,8,12,13,17,18,22,23
976,7,8,12,13,17,18,22,23
977,7,8,12,13,17,18,22,23
978,7,8,12,13,17,18,22,23
979,7,8,12,13,17,18,22,23
980,7,8,12,13,17,18,22,23
981,7,8,12,13,17,18,22,23
982,7,8,12,13,17,18,22,23
983,7,8,12,13,17,18,22,23
984,7,8,12,13,17,18,22,23
985,7,8,12,13,17,18,22,23
986,7,8,12,13,17,18,22,23
987,7,8,12,13,17,18,22,23
988,7,8,12,13,17,18,22,23
989,7,8,12,13,17,18,22,23
990,7,8,12,13,17,18,22,23
991,7,8,12,13,17,18,22,23
992,7,8,12,13,17,18,22,23
993,7,8,12,13,17,18,22,23
994,7,8,12,13,17,18,22,23
995,7,8,12,13,17,18,22,23
996,7,8,12,13,17,18,22,23
997,7,8,12,13,17,18,22,23
998,7,8,12,13,17,18,22,23
999,7,8,12,13,17,18,22,23
1000,7,8,12,13,17,18,22,23
1001,7,8,12,13,17,18,22,23
1002,7,8,12,13,17,18,22,23
1003,7,8,11,12,13,17,18,22
1004,7,8,11,12,13,17,18,22
1005,7,8,11,12,13,16,17,18,22
1006,7,8,11,12,13,16,17,18,22
1007,7,8,11,12,13,16,17,18,22
1008,7,8,11,12,13,16,17,18,22
1009,6,7,8,11,12,13,16,17,18,22
1010,6,7,8,11,12,13,16,17,18,22
1011,6,7,8,11,12,13,16,17,18,22
1012,6,7,8,11,12,13,16,17,18,22
1013,6,7,8,11,12,13,16,17,18,22
1014,6,7,8,11,12,13,16,17,18,22
1015,6,7,8,11,12,13,16,17,18,22
1016,6,7,8,11,12,13,16,17,18,22
1017,6,7,8,11,12,13,16,17,18,22
1018,6,7,8,11,12,13,16,17,18,22
1019,6,7,8,11,12,13,16,17,18,22
1020,6,7,8,11,12,13,16,17,18,22
1021,6,7,8,11,12,13,16,17,18,22
1022,6,7,8,11,12,13,16,17,18,22
1023,6,7,8,11,12,13,16,17,18,22
1024,6,7,8,11,12,13,16,17,18,22
1025,6,7,8,11,12,13,16,17,18,22
1026,6,7,8,11,12,13,16,17,18,22
1027,6,7,8,11,12,13,16,17,18,22
1028,6,7,8,11,12,13,16,17,18,22
1029,6,7,8,11,12,13,16,17,18,22
1030,6,7,8,11,12,13,16,17,18,22
1031,6,7,8,11,12,13,16,17,18,22
1032,6,7,8,11,12,13,16,17,18,22
1033,6,7,8,11,12,13,16,17,18,22
1034,6,7,8,11,12,13,16,17,18,22
1035,6,7,8,11,12,13,16,17,18,22
1036,6,7,8,11,12,13,16,17,18,22
1037,6,7,8,11,12,13,16,17,18,22
1038,6,7,8,11,12,13,16,17,18,22
1039,6,7,8,11,12,13,16,17,18,22
1040,6,7,8,11,12,13,16,17,18,22
1041,6,7,8,11,12,13,16,17,18,22
1042,6,7,8,11,12,13,16,17,18,22
1043,6,7,8,11,12,13,16,17,18,22
1044,6,7,8,11,12,13,16,17,18,22
1045,6,7,8,11,12,13,16,17,18,22
1046,6,7,8,11,12,13,16,17,18,22
1047,6,7,11,12,13,16,17,18,22
1048,6,7,11,12,13,16,17,18,22
1049,6,7,11,12,13,16,17,18,22
1050,6,7,11,12,13,16,17,18,22
1051,6,7,11,12,13,16,17,18,22
1052,6,7,11,12,13,16,17,18,22
1053,6,7,11,12,13,16,17,18,22
1054,6,7,11,12,13,16,17,18,22
1055,6,7,11,12,13,16,17,18,22
1056,6,7,11,12,13,16,17,18,22
1057,6,7,8,11,12,13,16,17,18,22
1058,6,7,8,11,12,13,16,17,18,22
1059,6,7,8,11,12,13,16,17,18,22
1060,6,7,8,11,12,13,16,17,18,22
1061,6,7,8,11,12,13,16,17,18,22
1062,6,7,8,11,12,13,16,17,18,22
1063,6,7,8,11,12,13,16,17,18,22
1064,6,7,8,11,12,13,16,17,18,22
1065,6,7,8,11,12,13,16,17,18,22
1066,6,7,8,11,12,13,16,17,18,22
1067,6,7,8,11,12,13,16,17,18,22
1068,6,7,8,11,12,13,16,17,18,22
1069,6,7,8,11,12,13,16,17,18,22
1070,6,7,8,11,12,13,16,17,18,22
1071,6,7,8,11,12,13,16,17,18,22
1072,6,7,8,11,12,13,16,17,18,22
1073,6,7,8,11,12,13,16,17,18,22
1074,6,7,8,11,12,13,16,17,18,22
1075,6,7,8,11,12,13,16,17,18,22
1076,6,7,8,11,12,13,16,17,18,22
1077,6,7,8,11,12,13,16,17,18,22
1078,6,7,8,11,12,13,16,17,18,22
1079,6,7,8,11,12,13,16,17,18,22
1080,6,7,8,11,12,13,16,17,18,22
1081,6,7,8,11,12,13,16,17,18,22
1082,6,7,8,11,12,13,16,17,18,22
1083,6,7,8,11,12,13,16,17,18,22
1084,6,7,8,11,12,13,16,17,18,22
1085,6,7,8,11,12,13,16,17,18,22
1086,6,7,8,11,12,13,16,17,18,22
1087,6,7,8,11,12,13,16,17,18,22
1088,6,7,8,11,12,13,16,17,18,22
1089,6,7,8,11,12,13,16,17,18,22
1090,6,7,8,11,12,13,16,17,18,22
1091,6,7,8,11,12,13,16,17,18,22
1092,6,7,8,11,12,13,16,17,18,22
1093,7,8,11,12,13,16,17,18,22
1094,7,8,11,12,13,16,17,18,22
1095,7,8,11,12,13,17,18,22
1096,7,8,11,12,13,17,18,22
1097,7,8,12,13,17,18,22,23
1098,7,8,12,13,17,18,22,23
1099,7,8,12,13,17,18,22,23
1100,7,8,12,13,17,18,22,23
1101,7,8,12,13,17,18,22,23
1102,7,8,12,13,17,18,22,23
1103,7,8,12,13,17,18,22,23
1104,7,8,12,13,17,18,22,23
1105,7,8,12,13,17,18,22,23
1106,7,8,12,13,17,18,22,23
1107,7,8,12,13,17,18,22,23
1108,7,8,12,13,17,18,22,23
1109,7,8,12,13,17,18,23
1110,7,8,12,13,17,18,23
1111,7,8,12,13,17,18,23
1112,7,8,12,13,17,18,23
1113,7,8,12,13,17,18,23
1114,7,8,12,13,17,18,23
1115,7,8,12,13,17,18,23
1116,7,8,12,13,17,18,23
1117,7,8,12,13,17,18,23
1118,7,8,12,13,17,18,23
1119,7,8,12,13,17,18,23
1120,7,8,12,13,17,18,23
1121,7,8,12,13,17,18,23
1122,7,8,12,13,17,18,23
1123,7,8,12,13,17,18,23
1124,7,8,12,13,17,18,23
1125,7,8,12,13,17,18,23
1126,7,8,12,13,17,18,23
1127,7,8,12,13,17,18,23
1128,7,8,12,13,17,18,23
1129,7,8,12,13,17,18,23
1130,7,8,12,13,17,18,23
1131,7,8,12,13,17,18,23
1132,7,8,12,13,17,18,23
1133,7,8,12,13,17,18,23
1134,7,8,12,13,17,18,23
1135,7,8,12,13,17,18,23
1136,7,8,12,13,17,18,23
1137,7,8,12,13,17,18,23
1138,7,8,12,13,17,18,23
1139,7,8,12,13,17,18,23
1140,7,8,12,13,17,18,23
1141,7,8,12,13,17,18,23
1142,7,8,12,13,17,18,23
1143,7,8,12,13,17,18,23
1144,7,8,12,13,17,18,23
1145,7,8,12,13,17,18,23
1146,7,8,12,13,17,18,23
1147,7,8,12,13,17,18,23
1148,7,8,12,13,17,18,23
1149,7,8,12,13,17,18,23
1150,7,8,12,13,17,18,23
1151,7,8,12,13,17,18,23
1152,7,8,12,13,17,18,23
1153,7,8,12,13,17,18,23
1154,7,8,12,13,17,18,23
1155,7,8,12,13,17,18,23
1156,7,8,12,13,17,18,23
1157,7,8,12,13,17,18,23
1158,7,8,12,13,17,18,23
1159,7,8,12,13,17,18,23
1160,7,8,12,13,17,18,23
1161,7,8,12,13,17,18,23
1162,7,8,12,13,17,18,23
1163,7,8,12,13,17,18,23
1164,7,8,12,13,17,18,23
1165,7,8,12,13,17,18,23
1166,7,8,12,13,17,18,23
1167,7,8,12,13,17,18,23
1168,7,8,12,13,17,18,23
1169,7,8,12,13,17,18,23
1170,7,8,12,13,17,18,23
1171,7,8,12,13,17,18,23
1172,7,8,12,13,17,18,23
1173,7,8,12,13,17,18,23
1174,7,8,12,13,17,18,23
1175,7,8,12,13,17,18,23
1176,7,8,12,13,17,18,23
1177,7,8,12,13,17,18,23
1178,7,8,12,13,17,18,23
1179,7,8,12,13,17,18,23
1180,7,8,12,13,17,18,23
1181,7,8,12,13,17,18,23
1182,7,8,12,13,17,18,23
1183,7,8,12,13,17,18,23
1184,7,8,12,13,17,18,23
1185,7,8,12,13,17,18,23
1186,7,8,12,13,17,18,23
1187,7,8,12,13,17,18,23
1188,7,8,12,13,17,18,23
1189,7,8,12,13,17,18,23
1190,7,8,12,13,17,18,23
1191,7,8,12,13,17,18,23
1192,7,8,12,13,17,18,23
1193,7,8,12,13,17,18,23
1194,7,8,12,13,17,18,23
1195,7,8,12,13,17,18,23
1196,7,8,12,13,17,18,23
1197,7,8,12,13,17,18,23
1198,7,8,12,13,17,18,23
1199,7,8,12,13,17,18,23
1200,7,8,12,13,17,18,23
1201,7,8,12,13,17,18,23
1202,7,8,12,13,17,18,23
1203,7,8,12,13,17,18,23
1204,7,8,12,13,17,18,23
1205,7,8,12,13,17,18,23
1206,7,8,12,13,17,18,23
1207,7,8,12,13,17,18,23
1208,7,8,12,13,17,18,23
1209,7,8,12,13,17,18,23
1210,7,8,12,13,17,18,23
1211,7,8,12,13,17,18,23
1212,7,8,12,13,17,18,23
1213,7,8,12,13,17,18,23
1214,7,8,12,13,17,18,23
1215,7,8,12,13,17,18,23
1216,7,8,12,13,17,18,23
1217,7,8,12,13,17,18,23
1218,7,8,12,13,17,18,23
1219,7,8,12,13,17,18,23
1220,7,8,12,13,17,18,23
1221,7,8,12,13,17,18,23
1222,7,8,12,13,17,18,23
1223,7,8,12,13,17,18,23
1224,7,8,12,13,17,18,23
1225,7,8,12,13,17,18,23
1226,7,8,12,13,17,18,23
1227,7,8,12,13,17,18,23
1228,7,8,12,13,17,18,23
1229,7,8,12,13,17,18,23
1230,7,8,12,13,17,18,23
1231,7,8,12,13,17,18,23
1232,7,8,12,13,17,18,23
1233,7,8,12,13,17,18,23
1234,7,8,12,13,17,18,23
1235,7,8,12,13,17,18,23
1236,7,8,12,13,17,18,23
1237,7,8,12,13,17,18,23
1238,7,8,12,13,17,18,23
1239,7,8,12,13,17,18,23
1240,7,8,12,13,17,18,23
1241,7,8,12,13,17,18,23
1242,7,8,12,13,17,18,23
1243,7,8,12,13,17,18,23
1244,7,8,12,13,17,18,23
1245,7,8,12,13,17,18,23
1246,7,8,12,13,17,18,23
1247,7,8,12,13,17,18,22,23
1248,7,8,12,13,17,18,22,23
1249,7,8,12,13,17,18,22,23
1250,7,8,12,13,17,18,22,23
1251,7,8,12,13,17,18,22,23
1252,7,8,12,13,17,18,22,23
1253,7,8,11,12,13,16,17,18,22
1254,7,8,11,12,13,16,17,18,22
1255,6,7,8,11,12,13,16,17,18,22
1256,6,7,8,11,12,13,16,17,18,22
1257,6,7,8,11,12,13,16,17,18,22
1258,6,7,8,11,12,13,16,17,18,22
1259,6,7,8,11,12,13,16,17,18,22
1260,6,7,8,11,12,13,16,17,18,22
1261,6,7,8,11,12,13,16,17,18,22
1262,6,7,8,11,12,13,16,17,18,22
1263,6,7,8,11,12,13,16,17,18,22
1264,6,7,8,11,12,13,16,17,18,22
1265,6,7,8,11,12,13,16,17,18,22
1266,6,7,8,11,12,13,16,17,18,22
1267,6,7,8,11,12,13,16,17,18,22
1268,6,7,8,11,12,13,16,17,18,22
1269,6,7,8,11,12,13,16,17,18,22
1270,6,7,8,11,12,13,16,17,18,22
1271,6,7,8,11,12,13,16,17,18,22
1272,6,7,8,11,12,13,16,17,18,22
1273,6,7,8,11,12,13,16,17,18,22
1274,6,7,8,11,12,13,16,17,18,22
1275,6,7,8,11,12,13,16,17,18,22
1276,6,7,8,11,12,13,16,17,18,22
1277,6,7,8,11,12,13,16,17,18,22
1278,6,7,8,11,12,13,16,17,18,22
1279,6,7,8,11,12,13,16,17,18,22
1280,6,7,8,11,12,13,16,17,18,22
1281,6,7,8,11,12,13,16,17,18,22
1282,6,7,8,11,12,13,16,17,18,22
1283,6,7,8,11,12,13,16,17,18,22
1284,6,7,8,11,12,13,16,17,18,22
1285,6,7,8,11,12,13,16,17,18,22
1286,6,7,8,11,12,13,16,17,18,22
1287,7,8,11,12,13,16,17,18,22,23
1288,7,8,11,12,13,16,17,18,22,23
1289,7,8,12,13,17,18,22,23
1290,7,8,12,13,17,18,22,23
1291,7,8,12,13,17,18,22,23
1292,7,8,12,13,17,18,22,23
1293,7,8,12,13,17,18,22,23
1294,7,8,12,13,17,18,22,23
1295,7,8,12,13,17,18,22,23
1296,7,8,12,13,17,18,22,23
1297,7,8,12,13,17,18,22,23
1298,7,8,12,13,17,18,22,23
1299,7,8,12,13,17,18,22,23
1300,7,8,12,13,17,18,22,23
1301,7,8,12,13,17,18,22,23
1302,7,8,12,13,17,18,22,23
1303,7,8,12,13,17,18,22,23
1304,7,8,12,13,17,18,22,23
1305,7,8,12,13,17,18,22,23
1306,7,8,12,13,17,18,22,23
1307,7,8,12,13,17,18,22,23
1308,7,8,12,13,17,18,22,23
1309,7,8,12,13,17,18,22,23
1310,7,8,12,13,17,18,22,23
1311,7,8,12,13,17,18,22,23
1312,7,8,12,13,17,18,22,23
1313,7,8,12,13,17,18,22,23
1314,7,8,12,13,17,18,22,23
1315,7,8,12,13,17,18,22,23
1316,7,8,12,13,17,18,22,23
1317,7,8,12,13,17,18,22,23
1318,7,8,12,13,17,18,22,23
1319,7,8,12,13,17,18,22,23
1320,7,8,12,13,17,18,22,23
1321,7,8,12,13,17,18,22,23
1322,7,8,12,13,17,18,22,23
1323,7,8,12,13,17,18,22,23
1324,7,8,12,13,17,18,22,23
1325,7,8,12,13,17,18,22,23
1326,7,8,12,13,17,18,22,23
1327,7,8,12,13,17,18,22,23
1328,7,8,12,13,17,18,22,23
1329,7,8,12,13,17,18,22,23
1330,7,8,12,13,17,18,22,23
1331,7,8,12,13,17,18,22,23
1332,7,8,12,13,17,18,22,23
1333,7,8,12,13,17,18,22,23
1334,7,8,12,13,17,18,22,23
1335,7,8,12,13,17,18,22,23
1336,7,8,12,13,17,18,22,23
1337,7,8,12,13,17,18,22,23
1338,7,8,12,13,17,18,22,23
1339,7,8,12,13,17,18,22,23
1340,7,8,12,13,17,18,22,23
1341,7,8,12,13,17,18,22,23
1342,7,8,12,13,17,18,22,23
1343,7,8,12,13,17,18,22,23
1344,7,8,12,13,17,18,22,23
1345,7,8,12,13,17,18,22,23
1346,7,8,12,13,17,18,22,23
1347,7,8,12,13,17,18,22,23
1348,7,8,12,13,17,18,22,23
1349,7,8,12,13,17,18,22,23
1350,7,8,12,13,17,18,22,23
1351,7,8,12,13,17,18,22,23
1352,7,8,12,13,17,18,22,23
1353,7,8,12,13,17,18,22,23
1354,7,8,12,13,17,18,22,23
1355,7,8,12,13,17,18,22,23
1356,7,8,12,13,17,18,22,23
1357,7,8,12,13,17,18,22,23
1358,7,8,12,13,17,18,22,23
1359,7,8,12,13,17,18,22,23
1360,7,8,12,13,17,18,22,23
1361,7,8,12,13,17,18,22,23
1362,7,8,12,13,17,18,22,23
1363,7,8,12,13,17,18,22,23
1364,7,8,12,13,17,18,22,23
1365,7,8,12,13,17,18,22,23
1366,7,8,12,13,17,18,22,23
1367,7,8,12,13,17,18,22,23
1368,7,8,12,13,17,18,22,23
1369,7,8,12,13,17,18,22,23
1370,7,8,12,13,17,18,22,23
1371,7,8,12,13,17,18,22,23
1372,7,8,12,13,17,18,22,23
1373,7,8,12,13,17,18,22,23
1374,7,8,12,13,17,18,22,23
1375,7,8,12,13,17,18,22,23
1376,7,8,12,13,17,18,22,23
1377,7,8,12,13,17,18,22,23
1378,7,8,12,13,17,18,22,23
1379,7,8,11,12,13,16,17,18,22
1380,7,8,11,12,13,16,17,18,22
1381,6,7,8,11,12,13,16,17,18,22
1382,6,7,8,11,12,13,16,17,18,22
1383,6,7,11,12,16,17,21,22
1384,6,7,11,12,16,17,21,22
1385,6,7,11,12,16,17,21,22
1386,6,7,11,12,16,17,21,22
1387,6,7,11,12,16,17,21,22
1388,6,7,11,12,16,17,21,22
1389,6,7,11,12,16,17,21,22
1390,6,7,11,12,16,17,21,22
1391,6,7,11,12,16,17,21,22
1392,6,7,11,12,16,17,21,22
1393,6,7,11,12,15,16,17,20,21,22
1394,6,7,11,12,15,16,17,20,21,22
1395,6,7,11,12,15,16,17,20,21
1396,6,7,11,12,15,16,17,20,21
1397,6,7,11,12,15,16,17,20,21
1398,6,7,11,12,15,16,17,20,21
1399,6,7,11,12,15,16,17,20,21
1400,6,7,11,12,15,16,17,20,21
1401,6,7,11,12,15,16,17,20,21,22
1402,6,7,11,12,15,16,17,20,21,22
1403,6,7,11,12,15,16,17,20,21,22
1404,6,7,11,12,15,16,17,20,21,22
1405,6,7,11,12,15,16,17,20,21,22
1406,6,7,11,12,15,16,17,20,21,22
1407,6,7,11,12,15,16,17,20,21,22
1408,6,7,11,12,15,16,17,20,21,22
1409,6,7,11,12,15,16,17,20,21,22
1410,6,7,11,12,15,16,17,20,21,22
1411,6,7,11,12,15,16,17,20,21
1412,6,7,11,12,15,16,17,20,21
1413,6,7,11,12,15,16,17,20,21
1414,6,7,11,12,15,16,17,20,21
1415,6,7,11,12,15,16,17,20,21
1416,6,7,11,12,15,16,17,20,21
1417,6,7,11,12,15,16,17,20,21
1418,6,7,11,12,15,16,17,20,21
1419,6,7,11,12,15,16,17,20,21
1420,6,7,11,12,15,16,17,20,21
1421,6,7,11,12,15,16,17,20,21,22
1422,6,7,11,12,15,16,17,20,21,22
1423,6,7,11,12,15,16,17,20,21,22
1424,6,7,11,12,15,16,17,20,21,22
1425,6,7,11,12,15,16,17,20,21,22
1426,6,7,11,12,15,16,17,20,21,22
1427,6,7,11,12,15,16,17,20,21,22
1428,6,7,11,12,15,16,17,20,21,22
1429,6,7,11,12,15,16,17,20,21,22
1430,6,7,11,12,15,16,17,20,21,22
1431,6,7,11,12,15,16,17,20,21,22
1432,6,7,11,12,15,16,17,20,21,22
1433,6,7,11,12,15,16,17,20,21,22
1434,6,7,11,12,15,16,17,20,21,22
1435,6,7,11,12,15,16,17,20,21,22
1436,6,7,11,12,15,16,17,20,21,22
1437,6,7,11,12,15,16,17,20,21,22
1438,6,7,11,12,15,16,17,20,21,22
1439,6,7,11,12,15,16,17,20,21,22
1440,6,7,11,12,15,16,17,20,21,22
1441,6,7,11,12,15,16,17,20,21,22
1442,6,7,11,12,15,16,17,20,21,22
1443,6,7,11,12,15,16,17,20,21,22
1444,6,7,11,12,15,16,17,20,21,22
1445,6,7,11,12,15,16,17,20,21,22
1446,6,7,11,12,15,16,17,20,21,22
1447,6,7,11,12,15,16,17,21,22
1448,6,7,11,12,15,16,17,21,22
1449,6,7,11,12,15,16,17,21,22
1450,6,7,11,12,15,16,17,21,22
1451,6,7,11,12,15,16,17,21,22
1452,6,7,11,12,15,16,17,21,22
1453,6,7,11,12,16,17,21
1454,6,7,11,12,16,17,21
1455,6,7,11,12,16,17,21
1456,6,7,11,12,16,17,21
1457,6,7,11,12,16,17,21
1458,6,7,11,12,16,17,21
1459,6,7,11,12,16,17,21,22
1460,6,7,11,12,16,17,21,22
1461,6,7,11,12,16,17,21,22
1462,6,7,11,12,16,17,21,22
1463,6,7,11,12,16,17,21,22
1464,6,7,11,12,16,17,21,22
1465,6,7,11,12,16,17,21,22
1466,6,7,11,12,16,17,21,22
1467,6,7,11,12,16,17,21,22
1468,6,7,11,12,16,17,21,22
1469,6,7,11,12,16,17,21,22
1470,6,7,11,12,16,17,21,22
1471,6,7,11,12,16,17,21,22
1472,6,7,11,12,16,17,21,22
1473,6,7,11,12,16,17,21,22
1474,6,7,11,12,16,17,21,22
1475,6,7,11,12,16,17,21,22
1476,6,7,11,12,16,17,21,22
1477,6,7,11,12,16,17,21,22
1478,6,7,11,12,16,17,21,22
1479,6,7,11,12,16,17,21,22
1480,6,7,11,12,16,17,21,22
1481,6,7,11,12,16,17,21,22
1482,6,7,11,12,16,17,21,22
1483,6,7,11,12,16,17,21,22
1484,6,7,11,12,16,17,21,22
1485,6,7,11,12,16,17,21,22
1486,6,7,11,12,16,17,21,22
1487,6,7,11,12,16,17,21,22
1488,6,7,11,12,16,17,21,22
1489,6,7,11,12,16,17,21,22
1490,6,7,11,12,16,17,21,22
1491,6,7,11,12,16,17,21,22
1492,6,7,11,12,16,17,21,22
1493,6,7,11,12,16,17,21,22
1494,6,7,11,12,16,17,21,22
1495,6,7,11,12,16,17,21,22
1496,6,7,11,12,16,17,21,22
1497,6,7,11,12,16,17,21,22
1498,6,7,11,12,16,17,21,22
1499,6,7,11,12,16,17,22
1500,6,7,11,12,16,17,22
1501,6,7,11,12,16,17,22
1502,6,7,11,12,16,17,22
1503,6,7,11,12,13,16,17,18,22
1504,6,7,11,12,13,16,17,18,22
1505,6,7,8,11,12,13,16,17,18,22
1506,6,7,8,11,12,13,16,17,18,22
1507,6,7,8,11,12,13,16,17,18,22
1508,6,7,8,11,12,13,16,17,18,22
1509,6,7,8,11,12,13,16,17,18,22
1510,6,7,8,11,12,13,16,17,18,22
1511,7,8,11,12,13,17,18,22
1512,7,8,11,12,13,17,18,22
1513,7,8,12,13,17,18,22
1514,7,8,12,13,17,18,22
1515,7,8,12,13,17,18,22,23
1516,7,8,12,13,17,18,22,23
1517,7,8,12,13,17,18,22,23
1518,7,8,12,13,17,18,22,23
1519,7,8,12,13,17,18,22,23
1520,7,8,12,13,17,18,22,23
1521,7,8,12,13,17,18,22,23
1522,7,8,12,13,17,18,22,23
1523,7,8,12,13,17,18,22,23
1524,7,8,12,13,17,18,22,23
1525,7,8,12,13,17,18,22,23
1526,7,8,12,13,17,18,22,23
1527,7,8,12,13,17,18,22,23
1528,7,8,12,13,17,18,22,23
1529,7,8,12,13,17,18,23
1530,7,8,12,13,17,18,23
1531,7,8,12,13,17,18,23
1532,7,8,12,13,17,18,23
1533,7,8,12,13,17,18,23
1534,7,8,12,13,17,18,23
1535,7,8,12,13,17,18,23
1536,7,8,12,13,17,18,23
1537,7,8,12,13,17,18,23
1538,7,8,12,13,17,18,23
1539,7,8,12,13,17,18,23
1540,7,8,12,13,17,18,23
1541,7,8,12,13,17,18,23
1542,7,8,12,13,17,18,23
1543,7,8,12,13,17,18,23
1544,7,8,12,13,17,18,23
1545,7,8,12,13,17,18,23
1546,7,8,12,13,17,18,23
1547,7,8,12,13,17,18,23
1548,7,8,12,13,17,18,23
1549,7,8,12,13,17,18,23
1550,7,8,12,13,17,18,23
1551,7,8,12,13,17,18,23
1552,7,8,12,13,17,18,23
1553,7,8,12,13,17,18,23
1554,7,8,12,13,17,18,23
1555,7,8,12,13,17,18,23
1556,7,8,12,13,17,18,23
1557,7,8,12,13,17,18,23
1558,7,8,12,13,17,18,23
1559,7,8,12,13,17,18,23
1560,7,8,12,13,17,18,23
1561,7,8,12,13,17,18,23
1562,7,8,12,13,17,18,23
1563,7,8,12,13,17,18,23
1564,7,8,12,13,17,18,23
1565,7,8,12,13,17,18,23
1566,7,8,12,13,17,18,23
1567,7,8,12,13,17,18,23
1568,7,8,12,13,17,18,23
1569,7,8,12,13,17,18,23
1570,7,8,12,13,17,18,23
1571,7,8,12,13,17,18,23
1572,7,8,12,13,17,18,23
1573,7,8,12,13,17,18,23
1574,7,8,12,13,17,18,23
1575,7,8,12,13,17,18,23
1576,7,8,12,13,17,18,23
1577,7,8,12,13,17,18,23
1578,7,8,12,13,17,18,23
1579,7,8,12,13,17,18,23
1580,7,8,12,13,17,18,23
1581,7,8,12,13,17,18,23
1582,7,8,12,13,17,18,23
1583,7,8,12,13,14,17,18,23
1584,7,8,12,13,14,17,18,23
1585,7,8,12,13,14,17,18,23
1586,7,8,12,13,14,17,18,23
1587,7,8,12,13,17,18,23
1588,7,8,12,13,17,18,23
1589,7,8,12,13,17,18,23
1590,7,8,12,13,17,18,23
1591,7,8,12,13,14,17,18,23
1592,7,8,12,13,14,17,18,23
1593,7,8,12,13,14,17,18,23
1594,7,8,12,13,14,17,18,23
1595,7,8,12,13,14,17,18,23
1596,7,8,12,13,14,17,18,23
1597,7,8,12,13,14,17,18,23
1598,7,8,12,13,14,17,18,23
1599,7,8,12,13,14,17,18,19,23
1600,7,8,12,13,14,17,18,19,23
1601,7,8,12,13,14,17,18,19,23
1602,7,8,12,13,14,17,18,19,23
1603,7,8,12,13,14,17,18,19,23
1604,7,8,12,13,14,17,18,19,23
1605,7,8,12,13,14,17,18,19,23
1606,7,8,12,13,14,17,18,19,23
1607,7,8,12,13,14,17,18,19,23
1608,7,8,12,13,14,17,18,19,23
1609,7,8,12,13,14,17,18,19,23
1610,7,8,12,13,14,17,18,19,23
1611,7,8,12,13,14,17,18,19,23
1612,7,8,12,13,14,17,18,19,23
1613,7,8,12,13,14,17,18,19,23
1614,7,8,12,13,14,17,18,19,23
1615,7,8,12,13,14,17,18,19,23
1616,7,8,12,13,14,17,18,19,23
1617,7,8,12,13,14,17,18,19,23
1618,7,8,12,13,14,17,18,19,23
1619,7,8,12,13,14,17,18,19,23
1620,7,8,12,13,14,17,18,19,23
1621,7,8,12,13,14,17,18,19,23
1622,7,8,12,13,14,17,18,19,23
1623,7,8,12,13,14,17,18,19,23
1624,7,8,12,13,14,17,18,19,23
1625,7,8,12,13,14,17,18,19,23
1626,7,8,12,13,14,17,18,19,23
1627,7,8,12,13,14,17,18,19,23
1628,7,8,12,13,14,17,18,19,23
1629,7,8,12,13,14,17,18,19,23
1630,7,8,12,13,14,17,18,19,23
1631,7,8,12,13,14,17,18,19,23
1632,7,8,12,13,14,17,18,19,23
1633,7,8,12,13,14,17,18,23
1634,7,8,12,13,14,17,18,23
1635,7,8,12,13,14,17,18,23
1636,7,8,12,13,14,17,18,23
1637,7,8,12,13,17,18,23
1638,7,8,12,13,17,18,23
1639,7,8,12,13,17,18,23
1640,7,8,12,13,17,18,23
1641,7,8,12,13,17,18,22,23
1642,7,8,12,13,17,18,22,23
1643,7,8,12,13,17,18,22,23
1644,7,8,12,13,17,18,22,23
1645,7,8,12,13,17,18,22,23
1646,7,8,12,13,17,18,22,23
1647,7,8,12,13,17,18,22,23
1648,7,8,12,13,17,18,22,23
1649,7,8,12,13,17,18,22,23
1650,7,8,12,13,17,18,22,23
1651,7,8,12,13,17,18,22,23
1652,7,8,12,13,17,18,22,23
1653,7,8,12,13,17,18,22,23
1654,7,8,12,13,17,18,22,23
1655,7,8,12,13,17,18,22,23
1656,7,8,12,13,17,18,22,23
1657,7,8,12,13,17,18,22,23
1658,7,8,12,13,17,18,22,23
1659,7,8,12,13,17,18,22,23
1660,7,8,12,13,17,18,22,23
1661,7,8,12,13,17,18,22,23
1662,7,8,12,13,17,18,22,23
1663,7,8,12,13,17,18,22,23
1664,7,8,12,13,17,18,22,23
1665,7,8,12,13,17,18,22,23
1666,7,8,12,13,17,18,22,23
1667,7,8,12,13,17,18,22,23
1668,7,8,12,13,17,18,22,23
1669,7,8,12,13,17,18,22,23
1670,7,8,12,13,17,18,22,23
1671,7,8,12,13,17,18,22,23
1672,7,8,12,13,17,18,22,23
1673,7,8,12,13,17,18,22,23
1674,7,8,12,13,17,18,22,23
1675,7,8,12,13,17,18,22,23
1676,7,8,12,13,17,18,22,23
1677,7,8,12,13,17,18,22,23
1678,7,8,12,13,17,18,22,23
1679,7,8,12,13,17,18,22,23
1680,7,8,12,13,17,18,22,23
1681,7,8,12,13,17,18,22,23
1682,7,8,12,13,17,18,22,23
1683,7,8,12,13,17,18,22,23
1684,7,8,12,13,17,18,22,23
1685,7,8,12,13,17,18,22,23
1686,7,8,12,13,17,18,22,23
1687,7,8,12,13,17,18,22,23
1688,7,8,12,13,17,18,22,23
1689,7,8,12,13,17,18,22,23
1690,7,8,12,13,17,18,22,23
1691,7,8,12,13,17,18,22,23
1692,7,8,12,13,17,18,22,23
1693,7,8,12,13,17,18,22,23
1694,7,8,12,13,17,18,22,23
1695,7,8,12,13,17,18,22,23
1696,7,8,12,13,17,18,22,23
1697,7,8,12,13,17,18,22,23
1698,7,8,12,13,17,18,22,23
1699,7,8,12,13,17,18,22,23
1700,7,8,12,13,17,18,22,23
1701,7,8,12,13,17,18,22,23
1702,7,8,12,13,17,18,22,23
1703,7,8,12,13,17,18,22,23
1704,7,8,12,13,17,18,22,23
1705,7,8,12,13,17,18,22,23
1706,7,8,12,13,17,18,22,23
1707,7,8,12,13,17,18,22,23
1708,7,8,12,13,17,18,22,23
1709,7,8,12,13,17,18,22,23
1710,7,8,12,13,17,18,22,23
1711,7,8,12,13,17,18,22,23
1712,7,8,12,13,17,18,22,23
1713,7,8,12,13,17,18,22,23
1714,7,8,12,13,17,18,22,23
1715,7,8,12,13,17,18,22,23
1716,7,8,12,13,17,18,22,23
1717,7,8,12,13,17,18,22,23
1718,7,8,12,13,17,18,22,23
1719,7,8,12,13,17,18,22,23
1720,7,8,12,13,17,18,22,23
1721,7,8,12,13,17,18,22,23
1722,7,8,12,13,17,18,22,23
1723,7,8,12,13,17,18,22,23
1724,7,8,12,13,17,18,22,23
1725,7,8,12,13,17,18,22,23
1726,7,8,12,13,17,18,22,23
1727,7,8,12,13,17,18,22,23
1728,7,8,12,13,17,18,22,23
1729,7,8,12,13,17,18,22,23
1730,7,8,12,13,17,18,22,23
1731,7,8,12,13,17,18,22,23
1732,7,8,12,13,17,18,22,23
1733,7,8,12,13,17,18,22,23
1734,7,8,12,13,17,18,22,23
1735,7,8,12,13,17,18,22,23
1736,7,8,12,13,17,18,22,23
1737,7,8,12,13,17,18,22,23
1738,7,8,12,13,17,18,22,23
1739,7,8,12,13,17,18,22,23
1740,7,8,12,13,17,18,22,23
1741,7,8,12,13,17,18,22,23
1742,7,8,12,13,17,18,22,23
1743,7,8,12,13,17,18,22,23
1744,7,8,12,13,17,18,22,23
1745,7,8,12,13,17,18,22,23
1746,7,8,12,13,17,18,22,23
1747,7,8,12,13,17,18,22,23
1748,7,8,12,13,17,18,22,23
1749,7,8,12,13,17,18,22,23
1750,7,8,12,13,17,18,22,23
1751,7,8,12,13,17,18,23
1752,7,8,12,13,17,18,23
1753,7,8,12,13,17,18,23
1754,7,8,12,13,17,18,23
1755,7,8,12,13,17,18,23
1756,7,8,12,13,17,18,23
1757,7,8,12,13,17,18,23
1758,7,8,12,13,17,18,23
1759,7,8,12,13,17,18,23
1760,7,8,12,13,17,18,23
1761,7,8,12,13,17,18,23
1762,7,8,12,13,17,18,23
1763,7,8,12,13,17,18,23
1764,7,8,12,13,17,18,23
1765,7,8,12,13,14,17,18,19,23
1766,7,8,12,13,14,17,18,19,23
1767,7,8,9,12,13,14,17,18,19,23
1768,7,8,9,12,13,14,17,18,19,23
1769,7,8,9,12,13,14,17,18,19,23
1770,7,8,9,12,13,14,17,18,19,23
1771,7,8,9,12,13,14,17,18,19,23
1772,7,8,9,12,13,14,17,18,19,23
1773,7,8,9,12,13,14,17,18,19,23
1774,7,8,9,12,13,14,17,18,19,23
1775,7,8,9,12,13,14,17,18,19,23
1776,7,8,9,12,13,14,17,18,19,23
1777,7,8,9,12,13,14,17,18,19,23
1778,7,8,9,12,13,14,17,18,19,23
1779,7,8,9,12,13,14,17,18,19,23
1780,7,8,9,12,13,14,17,18,19,23
1781,7,8,9,12,13,14,17,18,19,23
1782,7,8,9,12,13,14,17,18,19,23
1783,7,8,9,12,13,14,17,18,19,23
1784,7,8,9,12,13,14,17,18,19,23
1785,8,9,12,13,14,17,18,19,23
1786,8,9,12,13,14,17,18,19,23
1787,8,9,12,13,14,17,18,19,23
1788,8,9,12,13,14,17,18,19,23
1789,8,9,12,13,14,18,19,23
1790,8,9,12,13,14,18,19,23
1791,8,9,12,13,14,18,19,23
1792,8,9,12,13,14,18,19,23
1793,8,9,12,13,14,18,19,23
1794,8,9,12,13,14,18,19,23
1795,8,9,12,13,14,18,19,23
1796,8,9,12,13,14,18,19,23
1797,8,9,12,13,14,18,19,23
1798,8,9,12,13,14,18,19,23
1799,8,9,12,13,14,18,19,23
1800,8,9,12,13,14,18,19,23
