1,8,9,13,14,18,19,23,24
2,8,9,13,14,18,19,23,24
3,8,9,13,14,18,19,23,24
4,8,9,13,14,18,19,23,24
5,8,9,13,14,18,19,23,24
6,8,9,13,14,18,19,23,24
7,8,9,13,14,18,19,23,24
8,8,9,13,14,18,19,23,24
9,8,9,13,14,18,19,23,24
10,8,9,13,14,18,19,23,24
11,8,9,13,14,18,19,23,24
12,8,9,13,14,18,19,23,24
13,8,9,13,14,18,19,23
14,8,9,13,14,18,19,23
15,8,9,13,14,18,19,23
16,8,9,13,14,18,19,23
17,8,9,13,14,18,19
18,8,9,13,14,18,19
19,8,9,13,14,18,19
20,8,9,13,14,18,19
21,8,9,13,14,18,19
22,8,9,13,14,18,19
23,8,9,13,14,18,19
24,8,9,13,14,18,19
25,8,9,13,14,18,19
26,8,9,13,14,18,19
27,8,9,13,14,18,19
28,8,9,13,14,18,19
29,8,9,13,14,18,19
30,8,9,13,14,18,19
31,8,9,13,14,18,19
32,8,9,13,14,18,19
33,8,9,13,14,18,19
34,8,9,13,14,18,19
35,8,9,13,14,18,19
36,8,9,13,14,18,19
37,8,9,13,14,18,19
38,8,9,13,14,18,19
39,8,9,13,14,18,19
40,8,9,13,14,18,19
41,8,9,13,14,18,19
42,8,9,13,14,18,19
43,8,9,13,14,18,19,23
44,8,9,13,14,18,19,23
45,8,9,13,14,18,19,23
46,8,9,13,14,18,19,23
47,8,9,13,14,18,19,23
48,8,9,13,14,18,19,23
49,8,9,13,14,18,19,23
50,8,9,13,14,18,19,23
51,8,9,13,14,18,19,23
52,8,9,13,14,18,19,23
53,8,9,13,14,18,19,23
54,8,9,13,14,18,19,23
55,8,9,13,14,18,19,23
56,8,9,13,14,18,19,23
57,8,9,13,14,18,19,23
58,8,9,13,14,18,19,23
59,8,9,13,14,18,19,23
60,8,9,13,14,18,19,23
61,8,9,13,14,18,19,23
62,8,9,13,14,18,19,23
63,8,9,13,14,18,19,23
64,8,9,13,14,18,19,23
65,8,9,13,14,18,19,23
66,8,9,13,14,18,19,23
67,8,9,13,14,18,19,23
68,8,9,13,14,18,19,23
69,8,9,13,14,18,19,23
70,8,9,13,14,18,19,23
71,8,9,13,14,18,19,23
72,8,9,13,14,18,19,23
73,8,9,13,14,18,19,23
74,8,9,13,14,18,19,23
75,8,9,13,14,18,19,23
76,8,9,13,14,18,19,23
77,8,9,13,14,18,19,23
78,8,9,13,14,18,19,23
79,8,9,13,14,18,19,23
80,8,9,13,14,18,19,23
81,8,9,13,14,18,19,23
82,8,9,13,14,18,19,23
83,8,9,13,14,18,19,23
84,8,9,13,14,18,19,23
85,8,9,13,14,18,19,23
86,8,9,13,14,18,19,23
87,8,9,13,14,18,19,23
88,8,9,13,14,18,19,23
89,8,9,13,14,18,19,23
90,8,9,13,14,18,19,23
91,8,9,13,14,18,19,23
92,8,9,13,14,18,19,23
93,8,9,13,14,18,19,23
94,8,9,13,14,18,19,23
95,8,9,13,14,18,19,23
96,8,9,13,14,18,19,23
97,8,9,13,14,18,19,23
98,8,9,13,14,18,19,23
99,8,9,13,14,18,19,23
100,8,9,13,14,18,19,23
101,8,9,13,14,18,19,23
102,8,9,13,14,18,19,23
103,8,9,13,14,18,19,23
104,8,9,13,14,18,19,23
105,8,9,13,14,18,19,23
106,8,9,13,14,18,19,23
107,8,9,13,14,18,19,23
108,8,9,13,14,18,19,23
109,8,9,13,14,18,19,23
110,8,9,13,14,18,19,23
111,8,9,13,14,18,19,23
112,8,9,13,14,18,19,23
113,8,9,13,14,18,19,23
114,8,9,13,14,18,19,23
115,8,9,13,14,18,19,23
116,8,9,13,14,18,19,23
117,8,9,13,14,18,19,23
118,8,9,13,14,18,19,23
119,8,9,13,14,18,19,23
120,8,9,13,14,18,19,23
121,8,9,13,14,18,19,23
122,8,9,13,14,18,19,23
123,8,9,13,14,18,19,23
124,8,9,13,14,18,19,23
125,8,9,13,14,18,19,23
126,8,9,13,14,18,19,23
127,8,9,13,14,18,19,23
128,8,9,13,14,18,19,23
129,8,9,13,14,18,19,23
130,8,9,13,14,18,19,23
131,8,9,13,14,18,19,23
132,8,9,13,14,18,19,23
133,8,9,13,14,18,19,23
134,8,9,13,14,18,19,23
135,8,9,13,14,18,19,23
136,8,9,13,14,18,19,23
137,8,9,13,14,18,19,23
138,8,9,13,14,18,19,23
139,8,9,13,14,18,19,23
140,8,9,13,14,18,19,23
141,8,9,12,13,14,18,19,23
142,8,9,12,13,14,18,19,23
143,8,9,12,13,14,18,19,23
144,8,9,12,13,14,18,19,23
145,8,9,13,14,18,19,23
146,8,9,13,14,18,19,23
147,8,9,13,14,18,19,23
148,8,9,13,14,18,19,23
149,8,9,13,14,18,19,23
150,8,9,13,14,18,19,23
151,8,9,13,14,18,19,23
152,8,9,13,14,18,19,23
153,8,9,13,14,18,19,23
154,8,9,13,14,18,19,23
155,8,9,13,14,18,19,23
156,8,9,13,14,18,19,23
157,8,9,13,14,18,19,23
158,8,9,13,14,18,19,23
159,8,9,13,14,18,19,23
160,8,9,13,14,18,19,23
161,8,9,13,14,18,19,23
162,8,9,13,14,18,19,23
163,8,9,13,14,18,19,23
164,8,9,13,14,18,19,23
165,8,9,12,13,14,18,19,23
166,8,9,12,13,14,18,19,23
167,8,9,12,13,14,18,19,23
168,8,9,12,13,14,18,19,23
169,8,9,12,13,14,18,19,23
170,8,9,12,13,14,18,19,23
171,8,9,12,13,14,18,19,23
172,8,9,12,13,14,18,19,23
173,8,9,12,13,14,17,18,19,23
174,8,9,12,13,14,17,18,19,23
175,7,8,9,12,13,14,17,18,19,23
176,7,8,9,12,13,14,17,18,19,23
177,7,8,9,12,13,14,17,18,19,23
178,7,8,9,12,13,14,17,18,19,23
179,7,8,9,12,13,14,17,18,19,23
180,7,8,9,12,13,14,17,18,19,23
181,7,8,12,13,14,17,18,19,23
182,7,8,12,13,14,17,18,19,23
183,7,8,12,13,17,18,23
184,7,8,12,13,17,18,23
185,7,8,12,13,17,18,23
186,7,8,12,13,17,18,23
187,7,8,12,13,17,18,22,23
188,7,8,12,13,17,18,22,23
189,7,8,12,13,17,18,22,23
190,7,8,12,13,17,18,22,23
191,7,8,12,13,17,18,22,23
192,7,8,12,13,17,18,22,23
193,7,8,12,13,17,18,22,23
194,7,8,12,13,17,18,22,23
195,7,8,12,13,17,18,22,23
196,7,8,12,13,17,18,22,23
197,7,8,12,13,17,18,22,23
198,7,8,12,13,17,18,22,23
199,7,8,12,13,17,18,22
200,7,8,12,13,17,18,22
201,3,7,8,12,13,17,18
202,3,7,8,12,13,17,18
203,3,7,8,12,13,17,18
204,3,7,8,12,13,17,18
205,3,7,8,9,12,13,14,17,18
206,3,7,8,9,12,13,14,17,18
207,3,7,8,9,12,13,14,17,18,19
208,3,7,8,9,12,13,14,17,18,19
209,3,7,8,9,12,13,14,18,19
210,3,7,8,9,12,13,14,18,19
211,3,4,7,8,9,12,13,14,18,19
212,3,4,7,8,9,12,13,14,18,19
213,3,4,8,9,13,14,18,19
214,3,4,8,9,13,14,18,19
215,3,4,8,9,13,14,18,19
216,3,4,8,9,13,14,18,19
217,3,4,8,9,13,14,18,19
218,3,4,8,9,13,14,18,19
219,3,4,8,9,13,14,18,19
220,3,4,8,9,13,14,18,19
221,3,4,7,8,9,12,13,14,18,19
222,3,4,7,8,9,12,13,14,18,19
223,3,7,8,9,12,13,14,18,19
224,3,7,8,9,12,13,14,18,19
225,3,7,8,9,12,13,14,17,18,19
226,3,7,8,9,12,13,14,17,18,19
227,3,7,8,12,13,17,18
228,3,7,8,12,13,17,18
229,3,7,8,12,13,17,18
230,3,7,8,12,13,17,18
231,2,3,7,8,12,13,17,18
232,2,3,7,8,12,13,17,18
233,2,3,7,8,12,13,17,18
234,2,3,7,8,12,13,17,18
235,7,8,12,13,17,18,22,23
236,7,8,12,13,17,18,22,23
237,7,8,11,12,13,16,17,18,22,23
238,7,8,11,12,13,16,17,18,22,23
239,7,8,11,12,13,16,17,18,22,23
240,7,8,11,12,13,16,17,18,22,23
241,7,8,11,12,13,16,17,18,22,23
242,7,8,11,12,13,16,17,18,22,23
243,7,8,11,12,13,16,17,18,22,23
244,7,8,11,12,13,16,17,18,22,23
245,7,8,11,12,13,16,17,18,22,23
246,7,8,11,12,13,16,17,18,22,23
247,7,8,11,12,13,16,17,18,22,23
248,7,8,11,12,13,16,17,18,22,23
249,7,8,11,12,13,16,17,18,22,23
250,7,8,11,12,13,16,17,18,22,23
251,7,8,11,12,13,16,17,18,22,23
252,7,8,11,12,13,16,17,18,22,23
253,7,8,11,12,13,16,17,18,22,23
254,7,8,11,12,13,16,17,18,22,23
255,7,8,11,12,13,16,17,18,22,23
256,7,8,11,12,13,16,17,18,22,23
257,7,8,12,13,17,18,22,23
258,7,8,12,13,17,18,22,23
259,7,8,12,13,17,18
260,7,8,12,13,17,18
261,7,8,12,13,17,18
262,7,8,12,13,17,18
263,7,8,12,13,17,18
264,7,8,12,13,17,18
265,7,8,12,13,17,18,22,23
266,7,8,12,13,17,18,22,23
267,7,8,12,13,17,18,23
268,7,8,12,13,17,18,23
269,7,8,12,13,17,18,23
270,7,8,12,13,17,18,23
271,7,8,9,12,13,14,17,18,19,23
272,7,8,9,12,13,14,17,18,19,23
273,7,8,9,12,13,14,17,18,19,23
274,7,8,9,12,13,14,17,18,19,23
275,8,9,12,13,14,17,18,19,23
276,8,9,12,13,14,17,18,19,23
277,8,9,12,13,14,17,18,19,23,24
278,8,9,12,13,14,17,18,19,23,24
279,8,9,12,13,14,17,18,19,23,24
280,8,9,12,13,14,17,18,19,23,24
281,8,9,12,13,14,17,18,19,23,24
282,8,9,12,13,14,17,18,19,23,24
283,8,9,12,13,14,17,18,19,23,24
284,8,9,12,13,14,17,18,19,23,24
285,7,8,9,12,13,14,17,18,19,23
286,7,8,9,12,13,14,17,18,19,23
287,7,8,12,13,14,17,18,19,22,23
288,7,8,12,13,14,17,18,19,22,23
289,7,8,12,13,17,18,22,23
290,7,8,12,13,17,18,22,23
291,7,8,12,13,17,18,22,23
292,7,8,12,13,17,18,22,23
293,7,8,12,13,17,18,22,23
294,7,8,12,13,17,18,22,23
295,7,8,12,13,17,18,22,23
296,7,8,12,13,17,18,22,23
297,7,8,12,13,17,18,22,23
298,7,8,12,13,17,18,22,23
299,7,8,12,13,17,18,22,23
300,7,8,12,13,17,18,22,23
301,7,8,12,13,17,18,22,23
302,7,8,12,13,17,18,22,23
303,7,8,12,13,17,18,22,23
304,7,8,12,13,17,18,22,23
305,7,8,12,13,17,18,22,23
306,7,8,12,13,17,18,22,23
307,7,8,12,13,14,17,18,19,22,23
308,7,8,12,13,14,17,18,19,22,23
309,7,8,12,13,14,17,18,19,23
310,7,8,12,13,14,17,18,19,23
311,7,8,9,12,13,14,17,18,19,23
312,7,8,9,12,13,14,17,18,19,23
313,7,8,9,12,13,14,17,18,19,23
314,7,8,9,12,13,14,17,18,19,23
315,7,8,9,12,13,14,17,18,19,23
316,7,8,9,12,13,14,17,18,19,23
317,8,9,12,13,14,17,18,19,23
318,8,9,12,13,14,17,18,19,23
319,8,9,12,13,14,17,18,19,23
320,8,9,12,13,14,17,18,19,23
321,7,8,9,12,13,14,17,18,19,23
322,7,8,9,12,13,14,17,18,19,23
323,7,8,9,12,13,14,17,18,19,23
324,7,8,9,12,13,14,17,18,19,23
325,7,8,12,13,14,17,18,19,22,23
326,7,8,12,13,14,17,18,19,22,23
327,7,8,12,13,14,17,18,19,22,23
328,7,8,12,13,14,17,18,19,22,23
329,7,8,12,13,14,17,18,19,22,23
330,7,8,12,13,14,17,18,19,22,23
331,7,8,12,13,14,17,18,19,22,23
332,7,8,12,13,14,17,18,19,22,23
333,7,8,12,13,14,17,18,19,22,23
334,7,8,12,13,14,17,18,19,22,23
335,7,8,12,13,14,17,18,19,22,23
336,7,8,12,13,14,17,18,19,22,23
337,7,8,12,13,17,18,22,23
338,7,8,12,13,17,18,22,23
339,7,8,12,13,17,18,22,23
340,7,8,12,13,17,18,22,23
341,7,8,12,13,17,18,22,23
342,7,8,12,13,17,18,22,23
343,7,8,12,13,17,18,22,23
344,7,8,12,13,17,18,22,23
345,7,8,12,13,17,18,22,23
346,7,8,12,13,17,18,22,23
347,7,8,12,13,17,18,22,23
348,7,8,12,13,17,18,22,23
349,7,8,12,13,17,18,22,23
350,7,8,12,13,17,18,22,23
351,7,8,12,13,17,18,22,23
352,7,8,12,13,17,18,22,23
353,7,8,12,13,14,17,18,19,23
354,7,8,12,13,14,17,18,19,23
355,7,8,9,12,13,14,17,18,19,23
356,7,8,9,12,13,14,17,18,19,23
357,8,9,12,13,14,18,19,23,24
358,8,9,12,13,14,18,19,23,24
359,8,9,13,14,18,19,23,24
360,8,9,13,14,18,19,23,24
361,8,9,13,14,18,19,23,24
362,8,9,13,14,18,19,23,24
363,8,9,13,14,18,19,23,24
364,8,9,13,14,18,19,23,24
365,8,9,13,14,18,19,23,24
366,8,9,13,14,18,19,23,24
367,8,9,13,14,18,19,23,24
368,8,9,13,14,18,19,23,24
369,8,9,13,14,18,19,23,24
370,8,9,13,14,18,19,23,24
371,8,9,13,14,18,19,23,24
372,8,9,13,14,18,19,23,24
373,8,9,12,13,14,18,19,23,24
374,8,9,12,13,14,18,19,23,24
375,8,9,12,13,14,17,18,19,23,24
376,8,9,12,13,14,17,18,19,23,24
377,8,9,12,13,14,17,18,19,23,24
378,8,9,12,13,14,17,18,19,23,24
379,8,9,12,13,14,17,18,19,23,24
380,8,9,12,13,14,17,18,19,23,24
381,8,9,12,13,14,17,18,19,23,24
382,8,9,12,13,14,17,18,19,23,24
383,8,9,12,13,14,17,18,19,23,24
384,8,9,12,13,14,17,18,19,23,24
385,8,9,12,13,14,17,18,19,23,24
386,8,9,12,13,14,17,18,19,23,24
387,8,9,12,13,14,17,18,19,23,24
388,8,9,12,13,14,17,18,19,23,24
389,8,9,12,13,14,17,18,19,23,24
390,8,9,12,13,14,17,18,19,23,24
391,8,9,12,13,14,17,18,19,23,24
392,8,9,12,13,14,17,18,19,23,24
393,8,9,12,13,14,17,18,19,23,24
394,8,9,12,13,14,17,18,19,23,24
395,8,9,12,13,14,17,18,19,23,24
396,8,9,12,13,14,17,18,19,23,24
397,8,9,12,13,14,17,18,19,23,24
398,8,9,12,13,14,17,18,19,23,24
399,8,9,12,13,14,17,18,19,23,24
400,8,9,12,13,14,17,18,19,23,24
401,8,9,12,13,14,17,18,19,23,24
402,8,9,12,13,14,17,18,19,23,24
403,8,9,12,13,14,17,18,19,23,24
404,8,9,12,13,14,17,18,19,23,24
405,8,9,12,13,14,17,18,19,23,24
406,8,9,12,13,14,17,18,19,23,24
407,8,9,12,13,14,17,18,19,23,24
408,8,9,12,13,14,17,18,19,23,24
409,8,9,12,13,14,17,18,19,23,24
410,8,9,12,13,14,17,18,19,23,24
411,8,9,12,13,14,17,18,19,23,24
412,8,9,12,13,14,17,18,19,23,24
413,8,9,12,13,14,17,18,19,23,24
414,8,9,12,13,14,17,18,19,23,24
415,8,9,12,13,14,17,18,19,23
416,8,9,12,13,14,17,18,19,23
417,8,9,12,13,14,17,18,19,23
418,8,9,12,13,14,17,18,19,23
419,8,9,12,13,14,17,18,19,23
420,8,9,12,13,14,17,18,19,23
421,7,8,9,12,13,14,17,18,19,23
422,7,8,9,12,13,14,17,18,19,23
423,7,8,9,12,13,14,17,18,19,23
424,7,8,9,12,13,14,17,18,19,23
425,7,8,9,12,13,14,17,18,19,23
426,7,8,9,12,13,14,17,18,19,23
427,7,8,12,13,14,17,18,19,23
428,7,8,12,13,14,17,18,19,23
429,7,8,12,13,14,17,18,19,23
430,7,8,12,13,14,17,18,19,23
431,7,8,12,13,14,17,18,22,23
432,7,8,12,13,14,17,18,22,23
433,7,8,12,13,17,18,22,23
434,7,8,12,13,17,18,22,23
435,7,8,12,13,17,18,22,23
436,7,8,12,13,17,18,22,23
437,7,8,12,13,17,18,22,23
438,7,8,12,13,17,18,22,23
439,7,8,12,13,17,18,22,23
440,7,8,12,13,17,18,22,23
441,7,8,12,13,17,18,22,23
442,7,8,12,13,17,18,22,23
443,7,8,12,13,17,18,22,23
444,7,8,12,13,17,18,22,23
445,7,8,12,13,17,18,22,23
446,7,8,12,13,17,18,22,23
447,7,8,12,13,17,18,22,23
448,7,8,12,13,17,18,22,23
449,7,8,12,13,17,18,22,23
450,7,8,12,13,17,18,22,23
451,7,8,12,13,17,18,22,23
452,7,8,12,13,17,18,22,23
453,7,8,12,13,14,17,18,19,22,23
454,7,8,12,13,14,17,18,19,22,23
455,7,8,12,13,14,17,18,19,23
456,7,8,12,13,14,17,18,19,23
457,7,8,12,13,14,17,18,19,23
458,7,8,12,13,14,17,18,19,23
459,7,8,9,12,13,14,17,18,19,23
460,7,8,9,12,13,14,17,18,19,23
461,7,8,9,12,13,14,17,18,19,23
462,7,8,9,12,13,14,17,18,19,23
463,7,8,9,12,13,14,17,18,19,23
464,7,8,9,12,13,14,17,18,19,23
465,7,8,9,12,13,14,17,18,19,23
466,7,8,9,12,13,14,17,18,19,23
467,8,9,12,13,14,17,18,19,23
468,8,9,12,13,14,17,18,19,23
469,7,8,9,12,13,14,17,18,19,23
470,7,8,9,12,13,14,17,18,19,23
471,7,8,12,13,14,17,18,19,22,23
472,7,8,12,13,14,17,18,19,22,23
473,7,8,12,13,14,17,18,19,22,23
474,7,8,12,13,14,17,18,19,22,23
475,7,8,12,13,17,18,22,23
476,7,8,12,13,17,18,22,23
477,7,8,12,13,17,18,22,23
478,7,8,12,13,17,18,22,23
479,7,8,12,13,17,18,22,23
480,7,8,12,13,17,18,22,23
481,7,8,12,13,17,18,22,23
482,7,8,12,13,17,18,22,23
483,7,8,12,13,17,18,22,23
484,7,8,12,13,17,18,22,23
485,7,8,12,13,17,18,22,23
486,7,8,12,13,17,18,22,23
487,7,8,12,13,17,18,22,23
488,7,8,12,13,17,18,22,23
489,7,8,12,13,17,18,22,23
490,7,8,12,13,17,18,22,23
491,7,8,12,13,17,18,22,23
492,7,8,12,13,17,18,22,23
493,7,8,12,13,17,18,22,23
494,7,8,12,13,17,18,22,23
495,7,8,12,13,14,17,18,19,22,23
496,7,8,12,13,14,17,18,19,22,23
497,7,8,12,13,14,17,18,19,22,23
498,7,8,12,13,14,17,18,19,22,23
499,7,8,12,13,14,17,18,19,22,23
500,7,8,12,13,14,17,18,19,22,23
501,7,8,12,13,14,17,18,19,22,23
502,7,8,12,13,14,17,18,19,22,23
503,7,8,12,13,14,17,18,19,22,23
504,7,8,12,13,14,17,18,19,22,23
505,7,8,12,13,14,17,18,19,22,23
506,7,8,12,13,14,17,18,19,22,23
507,7,8,9,12,13,14,17,18,19,23
508,7,8,9,12,13,14,17,18,19,23
509,8,9,12,13,14,17,18,19,23,24
510,8,9,12,13,14,17,18,19,23,24
511,8,9,12,13,14,17,18,19,23,24
512,8,9,12,13,14,17,18,19,23,24
513,8,9,12,13,14,17,18,19,23,24
514,8,9,12,13,14,17,18,19,23,24
515,8,9,12,13,14,18,19,23,24
516,8,9,12,13,14,18,19,23,24
517,8,9,12,13,14,17,18,19,23,24
518,8,9,12,13,14,17,18,19,23,24
519,8,9,12,13,14,17,18,19,23,24
520,8,9,12,13,14,17,18,19,23,24
521,8,9,12,13,14,17,18,19,23,24
522,8,9,12,13,14,17,18,19,23,24
523,8,9,12,13,14,17,18,19,23,24
524,8,9,12,13,14,17,18,19,23,24
525,8,9,12,13,14,17,18,19,23,24
526,8,9,12,13,14,17,18,19,23,24
527,8,9,12,13,14,17,18,19,23,24
528,8,9,12,13,14,17,18,19,23,24
529,8,9,12,13,14,17,18,19,23,24
530,8,9,12,13,14,17,18,19,23,24
531,8,9,12,13,14,17,18,19,23,24
532,8,9,12,13,14,17,18,19,23,24
533,8,9,12,13,14,17,18,19,23,24
534,8,9,12,13,14,17,18,19,23,24
535,8,9,12,13,14,17,18,19,23,24
536,8,9,12,13,14,17,18,19,23,24
537,8,9,12,13,14,17,18,19,23,24
538,8,9,12,13,14,17,18,19,23,24
539,8,9,12,13,14,17,18,19,23,24
540,8,9,12,13,14,17,18,19,23,24
541,8,9,12,13,14,17,18,19,23,24
542,8,9,12,13,14,17,18,19,23,24
543,8,9,12,13,14,17,18,19,23,24
544,8,9,12,13,14,17,18,19,23,24
545,8,9,12,13,14,17,18,19,23,24
546,8,9,12,13,14,17,18,19,23,24
547,8,9,12,13,14,17,18,19,23,24
548,8,9,12,13,14,17,18,19,23,24
549,8,9,12,13,14,17,18,19,23,24
550,8,9,12,13,14,17,18,19,23,24
551,8,9,12,13,14,17,18,19,23,24
552,8,9,12,13,14,17,18,19,23,24
553,8,9,12,13,14,17,18,19,23,24
554,8,9,12,13,14,17,18,19,23,24
555,8,9,12,13,14,17,18,19,23,24
556,8,9,12,13,14,17,18,19,23,24
557,8,9,12,13,14,17,18,19,23,24
558,8,9,12,13,14,17,18,19,23,24
559,8,9,12,13,14,17,18,19,23,24
560,8,9,12,13,14,17,18,19,23,24
561,7,8,9,12,13,14,17,18,19,23
562,7,8,9,12,13,14,17,18,19,23
563,7,8,9,12,13,14,17,18,19,23
564,7,8,9,12,13,14,17,18,19,23
565,7,8,12,13,14,17,18,19,23
566,7,8,12,13,14,17,18,19,23
567,7,8,12,13,14,17,18,19,22,23
568,7,8,12,13,14,17,18,19,22,23
569,7,8,12,13,14,17,18,19,22,23
570,7,8,12,13,14,17,18,19,22,23
571,7,8,12,13,14,17,18,19,22,23
572,7,8,12,13,14,17,18,19,22,23
573,7,8,12,13,14,17,18,19,22,23
574,7,8,12,13,14,17,18,19,22,23
575,7,8,12,13,14,17,18,19,22,23
576,7,8,12,13,14,17,18,19,22,23
577,7,8,12,13,14,17,18,19,23
578,7,8,12,13,14,17,18,19,23
579,7,8,12,13,14,17,18,19,23
580,7,8,12,13,14,17,18,19,23
581,7,8,12,13,14,17,18,19,23
582,7,8,12,13,14,17,18,19,23
583,7,8,9,12,13,14,17,18,19,23
584,7,8,9,12,13,14,17,18,19,23
585,7,8,9,12,13,14,17,18,19,23
586,7,8,9,12,13,14,17,18,19,23
587,7,8,12,13,14,17,18,19,23
588,7,8,12,13,14,17,18,19,23
589,7,8,12,13,14,17,18,19,23
590,7,8,12,13,14,17,18,19,23
591,7,8,12,13,14,17,18,19,22,23
592,7,8,12,13,14,17,18,19,22,23
593,7,8,12,13,17,18,22,23
594,7,8,12,13,17,18,22,23
595,7,8,12,13,17,18,22,23
596,7,8,12,13,17,18,22,23
597,7,8,12,13,17,18,22,23
598,7,8,12,13,17,18,22,23
599,7,8,12,13,17,18,22,23
600,7,8,12,13,17,18,22,23
601,7,8,12,13,17,18,22,23
602,7,8,12,13,17,18,22,23
603,7,8,12,13,17,18,22,23
604,7,8,12,13,17,18,22,23
605,7,8,12,13,17,18,22,23
606,7,8,12,13,17,18,22,23
607,7,8,12,13,17,18,22,23
608,7,8,12,13,17,18,22,23
609,7,8,12,13,17,18,22,23
610,7,8,12,13,17,18,22,23
611,7,8,12,13,17,18,22,23
612,7,8,12,13,17,18,22,23
613,7,8,12,13,17,18,22,23
614,7,8,12,13,17,18,22,23
615,7,8,12,13,17,18,22,23
616,7,8,12,13,17,18,22,23
617,7,8,12,13,17,18,22,23
618,7,8,12,13,17,18,22,23
619,7,8,12,13,17,18,22,23
620,7,8,12,13,17,18,22,23
621,7,8,12,13,17,18,22,23
622,7,8,12,13,17,18,22,23
623,7,8,12,13,17,18,22,23
624,7,8,12,13,17,18,22,23
625,7,8,12,13,14,17,18,19,22,23
626,7,8,12,13,14,17,18,19,22,23
627,7,8,12,13,14,17,18,19,23
628,7,8,12,13,14,17,18,19,23
629,7,8,12,13,14,17,18,19,23
630,7,8,12,13,14,17,18,19,23
631,7,8,12,13,14,17,18,19,23
632,7,8,12,13,14,17,18,19,23
633,7,8,12,13,14,17,18,19,23
634,7,8,12,13,14,17,18,19,23
635,7,8,12,13,14,17,18,19,23
636,7,8,12,13,14,17,18,19,23
637,7,8,12,13,14,17,18,19,23
638,7,8,12,13,14,17,18,19,23
639,7,8,12,13,14,17,18,19,23
640,7,8,12,13,14,17,18,19,23
641,7,8,12,13,14,17,18,19,23
642,7,8,12,13,14,17,18,19,23
643,7,8,12,13,14,17,18,19,23
644,7,8,12,13,14,17,18,19,23
645,7,8,9,12,13,14,17,18,19,23
646,7,8,9,12,13,14,17,18,19,23
647,7,8,9,12,13,14,17,18,19,23
648,7,8,9,12,13,14,17,18,19,23
649,7,8,9,12,13,14,17,18,19,23
650,7,8,9,12,13,14,17,18,19,23
651,7,8,9,12,13,14,17,18,19,23
652,7,8,9,12,13,14,17,18,19,23
653,7,8,9,12,13,14,17,18,19,23
654,7,8,9,12,13,14,17,18,19,23
655,7,8,9,12,13,14,17,18,19,23
656,7,8,9,12,13,14,17,18,19,23
657,8,9,12,13,14,17,18,19,23
658,8,9,12,13,14,17,18,19,23
659,8,9,12,13,14,17,18,19,23,24
660,8,9,12,13,14,17,18,19,23,24
661,8,9,12,13,14,17,18,19,23,24
662,8,9,12,13,14,17,18,19,23,24
663,8,9,12,13,14,17,18,19,23,24
664,8,9,12,13,14,17,18,19,23,24
665,8,9,12,13,14,17,18,19,23,24
666,8,9,12,13,14,17,18,19,23,24
667,8,9,12,13,14,17,18,19,23,24
668,8,9,12,13,14,17,18,19,23,24
669,8,9,12,13,14,17,18,19,23,24
670,8,9,12,13,14,17,18,19,23,24
671,8,9,12,13,14,17,18,19,23,24
672,8,9,12,13,14,17,18,19,23,24
673,8,9,12,13,14,17,18,19,23,24
674,8,9,12,13,14,17,18,19,23,24
675,8,9,12,13,14,17,18,19,23,24
676,8,9,12,13,14,17,18,19,23,24
677,8,9,12,13,14,17,18,19,23,24
678,8,9,12,13,14,17,18,19,23,24
679,8,9,12,13,14,17,18,19,23,24
680,8,9,12,13,14,17,18,19,23,24
681,8,9,12,13,14,17,18,19,23,24
682,8,9,12,13,14,17,18,19,23,24
683,8,9,12,13,14,17,18,19,23,24
684,8,9,12,13,14,17,18,19,23,24
685,8,9,12,13,14,17,18,19,23,24
686,8,9,12,13,14,17,18,19,23,24
687,8,9,12,13,14,17,18,19,23,24
688,8,9,12,13,14,17,18,19,23,24
689,8,9,12,13,14,17,18,19,23,24
690,8,9,12,13,14,17,18,19,23,24
691,8,9,12,13,14,17,18,19,23,24
692,8,9,12,13,14,17,18,19,23,24
693,8,9,12,13,14,17,18,19,23,24
694,8,9,12,13,14,17,18,19,23,24
695,8,9,12,13,14,17,18,19,23,24
696,8,9,12,13,14,17,18,19,23,24
697,8,9,12,13,14,17,18,19,23,24
698,8,9,12,13,14,17,18,19,23,24
699,8,9,12,13,14,17,18,19,23,24
700,8,9,12,13,14,17,18,19,23,24
701,8,9,12,13,14,17,18,19,23,24
702,8,9,12,13,14,17,18,19,23,24
703,8,9,12,13,14,17,18,19,23,24
704,8,9,12,13,14,17,18,19,23,24
705,8,9,12,13,14,17,18,19,23,24
706,8,9,12,13,14,17,18,19,23,24
707,8,9,12,13,14,17,18,19,23,24
708,8,9,12,13,14,17,18,19,23,24
709,8,9,12,13,14,17,18,19,23,24
710,8,9,12,13,14,17,18,19,23,24
711,8,9,12,13,14,17,18,19,23,24
712,8,9,12,13,14,17,18,19,23,24
713,8,9,12,13,14,17,18,19,23,24
714,8,9,12,13,14,17,18,19,23,24
715,8,9,12,13,14,17,18,19,23,24
716,8,9,12,13,14,17,18,19,23,24
717,8,9,12,13,14,17,18,19,23,24
718,8,9,12,13,14,17,18,19,23,24
719,8,9,12,13,14,17,18,19,23,24
720,8,9,12,13,14,17,18,19,23,24
721,8,9,12,13,14,17,18,19,23,24
722,8,9,12,13,14,17,18,19,23,24
723,8,9,12,13,14,17,18,19,23,24
724,8,9,12,13,14,17,18,19,23,24
725,8,9,12,13,14,17,18,19,23,24
726,8,9,12,13,14,17,18,19,23,24
727,8,9,12,13,14,17,18,19,23,24
728,8,9,12,13,14,17,18,19,23,24
729,8,9,12,13,14,17,18,19,23,24
730,8,9,12,13,14,17,18,19,23,24
731,8,9,12,13,14,17,18,19,23,24
732,8,9,12,13,14,17,18,19,23,24
733,8,9,12,13,14,17,18,19,23,24
734,8,9,12,13,14,17,18,19,23,24
735,8,9,12,13,14,17,18,19,23,24
736,8,9,12,13,14,17,18,19,23,24
737,8,9,12,13,14,17,18,19,23,24
738,8,9,12,13,14,17,18,19,23,24
739,8,9,12,13,14,17,18,19,23,24
740,8,9,12,13,14,17,18,19,23,24
741,8,9,12,13,14,17,18,19,23,24
742,8,9,12,13,14,17,18,19,23,24
743,8,9,12,13,14,17,18,19,23,24
744,8,9,12,13,14,17,18,19,23,24
745,8,9,12,13,14,17,18,19,23,24
746,8,9,12,13,14,17,18,19,23,24
747,8,9,12,13,14,17,18,19,23,24
748,8,9,12,13,14,17,18,19,23,24
749,8,9,12,13,14,17,18,19,23,24
750,8,9,12,13,14,17,18,19,23,24
751,8,9,12,13,14,17,18,19,23,24
752,8,9,12,13,14,17,18,19,23,24
753,8,9,12,13,14,17,18,19,23,24
754,8,9,12,13,14,17,18,19,23,24
755,8,9,12,13,14,17,18,19,23,24
756,8,9,12,13,14,17,18,19,23,24
757,8,9,12,13,14,17,18,19,23,24
758,8,9,12,13,14,17,18,19,23,24
759,8,9,12,13,14,17,18,19,23,24
760,8,9,12,13,14,17,18,19,23,24
761,8,9,12,13,14,17,18,19,23,24
762,8,9,12,13,14,17,18,19,23,24
763,8,9,12,13,14,17,18,19,23,24
764,8,9,12,13,14,17,18,19,23,24
765,8,9,12,13,14,17,18,19,23,24
766,8,9,12,13,14,17,18,19,23,24
767,8,9,12,13,14,17,18,19,23,24
768,8,9,12,13,14,17,18,19,23,24
769,8,9,12,13,14,17,18,19,23,24
770,8,9,12,13,14,17,18,19,23,24
771,8,9,12,13,14,17,18,19,23,24
772,8,9,12,13,14,17,18,19,23,24
773,8,9,12,13,14,17,18,19,23,24
774,8,9,12,13,14,17,18,19,23,24
775,8,9,12,13,14,17,18,19,23,24
776,8,9,12,13,14,17,18,19,23,24
777,8,9,12,13,14,17,18,19,23,24
778,8,9,12,13,14,17,18,19,23,24
779,8,9,12,13,14,17,18,19,23,24
780,8,9,12,13,14,17,18,19,23,24
781,8,9,12,13,14,17,18,19,23,24
782,8,9,12,13,14,17,18,19,23,24
783,8,9,12,13,14,17,18,19,23,24
784,8,9,12,13,14,17,18,19,23,24
785,8,9,12,13,14,17,18,19,23,24
786,8,9,12,13,14,17,18,19,23,24
787,8,9,12,13,14,17,18,19,23,24
788,8,9,12,13,14,17,18,19,23,24
789,8,9,12,13,14,17,18,19,23,24
790,8,9,12,13,14,17,18,19,23,24
791,8,9,12,13,14,17,18,19,23,24
792,8,9,12,13,14,17,18,19,23,24
793,8,9,12,13,14,17,18,19,23,24
794,8,9,12,13,14,17,18,19,23,24
795,8,9,12,13,14,17,18,19,23,24
796,8,9,12,13,14,17,18,19,23,24
797,8,9,12,13,14,18,19,23,24
798,8,9,12,13,14,18,19,23,24
799,8,9,12,13,14,18,19,23,24
800,8,9,12,13,14,18,19,23,24
801,8,9,12,13,14,18,19,23,24
802,8,9,12,13,14,18,19,23,24
803,8,9,13,14,18,19,23,24
804,8,9,13,14,18,19,23,24
805,8,9,13,14,18,19,23,24
806,8,9,13,14,18,19,23,24
807,8,9,13,14,18,19,23,24
808,8,9,13,14,18,19,23,24
809,8,9,13,14,18,19,23,24
810,8,9,13,14,18,19,23,24
811,8,9,13,14,18,19,23,24
812,8,9,13,14,18,19,23,24
813,8,9,13,14,18,19,23,24
814,8,9,13,14,18,19,23,24
815,8,9,13,14,18,19,23,24
816,8,9,13,14,18,19,23,24
817,8,9,13,14,18,19,23,24
818,8,9,13,14,18,19,23,24
819,8,9,13,14,18,19,23,24
820,8,9,13,14,18,19,23,24
821,8,9,13,14,18,19,23,24
822,8,9,13,14,18,19,23,24
823,8,9,13,14,18,19,23,24
824,8,9,13,14,18,19,23,24
825,8,9,13,14,18,19,23,24
826,8,9,13,14,18,19,23,24
827,8,9,13,14,18,19,23,24
828,8,9,13,14,18,19,23,24
829,8,9,13,14,18,19,23,24
830,8,9,13,14,18,19,23,24
831,8,9,13,14,18,19,23,24
832,8,9,13,14,18,19,23,24
833,8,9,13,14,18,19,23,24
834,8,9,13,14,18,19,23,24
835,8,9,13,14,18,19,23,24
836,8,9,13,14,18,19,23,24
837,8,9,13,14,18,19,23,24
838,8,9,13,14,18,19,23,24
839,8,9,13,14,18,19,23,24
840,8,9,13,14,18,19,23,24
841,8,9,13,14,18,19,23,24
842,8,9,13,14,18,19,23,24
843,8,9,13,14,18,19,23,24
844,8,9,13,14,18,19,23,24
845,8,9,13,14,18,19,23,24
846,8,9,13,14,18,19,23,24
847,8,9,13,14,18,19,23,24
848,8,9,13,14,18,19,23,24
849,8,9,13,14,18,19,23,24
850,8,9,13,14,18,19,23,24
851,8,9,13,14,18,19,23,24
852,8,9,13,14,18,19,23,24
853,8,9,13,14,18,19,23,24
854,8,9,13,14,18,19,23,24
855,8,9,13,14,18,19,23,24
856,8,9,13,14,18,19,23,24
857,8,9,13,14,18,19,23,24
858,8,9,13,14,18,19,23,24
859,8,9,13,14,18,19,23,24
860,8,9,13,14,18,19,23,24
861,8,9,13,14,18,19,23,24
862,8,9,13,14,18,19,23,24
863,8,9,13,14,18,19,23,24
864,8,9,13,14,18,19,23,24
865,8,9,13,14,18,19,23,24
866,8,9,13,14,18,19,23,24
867,8,9,13,14,18,19,24
868,8,9,13,14,18,19,24
869,8,9,13,14,15,18,19,20,24
870,8,9,13,14,15,18,19,20,24
871,8,9,10,13,14,15,18,19,20,24
872,8,9,10,13,14,15,18,19,20,24
873,8,9,10,13,14,15,18,19,20,24
874,8,9,10,13,14,15,18,19,20,24
875,8,9,10,13,14,15,18,19,20,24
876,8,9,10,13,14,15,18,19,20,24
877,8,9,10,13,14,15,18,19,20,24
878,8,9,10,13,14,15,18,19,20,24
879,8,9,13,14,15,18,19,20,24
880,8,9,13,14,15,18,19,20,24
881,8,9,13,14,15,18,19,20,24
882,8,9,13,14,15,18,19,20,24
883,8,9,13,14,15,18,19,24
884,8,9,13,14,15,18,19,24
885,8,9,13,14,18,19,23,24
886,8,9,13,14,18,19,23,24
887,8,9,13,14,18,19,23,24
888,8,9,13,14,18,19,23,24
889,8,9,13,14,18,19,23,24
890,8,9,13,14,18,19,23,24
891,8,9,13,14,18,19,23,24
892,8,9,13,14,18,19,23,24
893,8,9,13,14,15,18,19,24
894,8,9,13,14,15,18,19,24
895,8,9,10,13,14,15,18,19,20,24
896,8,9,10,13,14,15,18,19,20,24
897,8,9,10,13,14,15,18,19,20,24
898,8,9,10,13,14,15,18,19,20,24
899,8,9,10,13,14,15,18,19,20,24
900,8,9,10,13,14,15,18,19,20,24
901,8,9,10,13,14,15,18,19,20,24
902,8,9,10,13,14,15,18,19,20,24
903,8,9,10,13,14,15,18,19,20,24
904,8,9,10,13,14,15,18,19,20,24
905,8,9,13,14,18,19,23,24
906,8,9,13,14,18,19,23,24
907,8,9,13,14,18,19,23,24
908,8,9,13,14,18,19,23,24
909,8,9,13,14,18,19,23,24
910,8,9,13,14,18,19,23,24
911,8,9,13,14,18,19,23,24
912,8,9,13,14,18,19,23,24
913,8,9,13,14,18,19,23,24
914,8,9,13,14,18,19,23,24
915,8,9,13,14,18,19,23,24
916,8,9,13,14,18,19,23,24
917,8,9,13,14,18,19,23,24
918,8,9,13,14,18,19,23,24
919,8,9,13,14,18,19,23,24
920,8,9,13,14,18,19,23,24
921,8,9,13,14,18,19,23,24
922,8,9,13,14,18,19,23,24
923,8,9,13,14,18,19,23,24
924,8,9,13,14,18,19,23,24
925,8,9,13,14,18,19,23,24
926,8,9,13,14,18,19,23,24
927,8,9,13,14,18,19,23,24
928,8,9,13,14,18,19,23,24
929,8,9,12,13,14,17,18,19,23,24
930,8,9,12,13,14,17,18,19,23,24
931,8,9,12,13,14,17,18,19,23,24
932,8,9,12,13,14,17,18,19,23,24
933,8,9,12,13,14,17,18,19,23,24
934,8,9,12,13,14,17,18,19,23,24
935,7,8,9,12,13,14,17,18,19,23
936,7,8,9,12,13,14,17,18,19,23
937,7,8,9,12,13,14,17,18,19,23
938,7,8,9,12,13,14,17,18,19,23
939,7,8,9,12,13,14,17,18,19,23
940,7,8,9,12,13,14,17,18,19,23
941,7,8,9,12,13,14,17,18,19,23
942,7,8,9,12,13,14,17,18,19,23
943,7,8,9,12,13,14,17,18,19,23
944,7,8,9,12,13,14,17,18,19,23
945,7,8,9,12,13,14,17,18,19,23
946,7,8,9,12,13,14,17,18,19,23
947,8,9,12,13,14,17,18,19,23
948,8,9,12,13,14,17,18,19,23
949,8,9,13,14,18,19,23,24
950,8,9,13,14,18,19,23,24
951,8,9,13,14,18,19,23,24
952,8,9,13,14,18,19,23,24
953,8,9,13,14,18,19,23,24
954,8,9,13,14,18,19,23,24
955,8,9,13,14,18,19,23,24
956,8,9,13,14,18,19,23,24
957,8,9,13,14,18,19,23,24
958,8,9,13,14,18,19,23,24
959,8,9,13,14,18,19,23,24
960,8,9,13,14,18,19,23,24
961,8,9,13,14,18,19,23,24
962,8,9,13,14,18,19,23,24
963,8,9,13,14,18,19,23,24
964,8,9,13,14,18,19,23,24
965,8,9,13,14,18,19,23,24
966,8,9,13,14,18,19,23,24
967,8,9,13,14,18,19,23,24
968,8,9,13,14,18,19,23,24
969,8,9,13,14,18,19,23,24
970,8,9,13,14,18,19,23,24
971,8,9,13,14,18,19,23,24
972,8,9,13,14,18,19,23,24
973,8,9,13,14,18,19,23,24
974,8,9,13,14,18,19,23,24
975,8,9,13,14,18,19,23,24
976,8,9,13,14,18,19,23,24
977,8,9,13,14,18,19,23,24
978,8,9,13,14,18,19,23,24
979,8,9,13,14,18,19,23,24
980,8,9,13,14,18,19,23,24
981,8,9,13,14,18,19,23,24
982,8,9,13,14,18,19,23,24
983,8,9,13,14,18,19,23,24
984,8,9,13,14,18,19,23,24
985,8,9,13,14,18,19,23,24
986,8,9,13,14,18,19,23,24
987,8,9,13,14,18,19,23,24
988,8,9,13,14,18,19,23,24
989,8,9,13,14,18,19,23,24
990,8,9,13,14,18,19,23,24
991,8,9,13,14,18,19,23,24
992,8,9,13,14,18,19,23,24
993,8,9,13,14,18,19,23,24
994,8,9,13,14,18,19,23,24
995,8,9,13,14,18,19,23,24
996,8,9,13,14,18,19,23,24
997,8,9,13,14,18,19,23,24
998,8,9,13,14,18,19,23,24
999,8,9,13,14,18,19,23,24
1000,8,9,13,14,18,19,23,24
1001,8,9,13,14,18,19,23,24
1002,8,9,13,14,18,19,23,24
1003,8,9,13,14,18,19,23,24
1004,8,9,13,14,18,19,23,24
1005,8,9,13,14,18,19,23,24
1006,8,9,13,14,18,19,23,24
1007,8,9,13,14,18,19,23,24
1008,8,9,13,14,18,19,23,24
1009,8,9,13,14,18,19,23,24
1010,8,9,13,14,18,19,23,24
1011,8,9,13,14,18,19,23,24
1012,8,9,13,14,18,19,23,24
1013,8,9,13,14,18,19,23,24
1014,8,9,13,14,18,19,23,24
1015,8,9,13,14,18,19,23,24
1016,8,9,13,14,18,19,23,24
1017,8,9,13,14,18,19,23,24
1018,8,9,13,14,18,19,23,24
1019,8,9,13,14,18,19,23,24
1020,8,9,13,14,18,19,23,24
1021,8,9,13,14,18,19,23,24
1022,8,9,13,14,18,19,23,24
1023,8,9,13,14,18,19,23,24
1024,8,9,13,14,18,19,23,24
1025,8,9,13,14,18,19,23,24
1026,8,9,13,14,18,19,23,24
1027,8,9,13,14,18,19,23,24
1028,8,9,13,14,18,19,23,24
1029,8,9,13,14,18,19,23,24
1030,8,9,13,14,18,19,23,24
1031,8,9,13,14,18,19,23,24
1032,8,9,13,14,18,19,23,24
1033,8,9,13,14,18,19,23,24
1034,8,9,13,14,18,19,23,24
1035,8,9,13,14,18,19,23,24
1036,8,9,13,14,18,19,23,24
1037,8,9,13,14,18,19,23,24
1038,8,9,13,14,18,19,23,24
1039,8,9,13,14,18,19,23,24
1040,8,9,13,14,18,19,23,24
1041,8,9,13,14,18,19,23,24
1042,8,9,13,14,18,19,23,24
1043,8,9,13,14,18,19,23,24
1044,8,9,13,14,18,19,23,24
1045,8,9,13,14,18,19,23,24
1046,8,9,13,14,18,19,23,24
1047,8,9,13,14,18,19,23,24
1048,8,9,13,14,18,19,23,24
1049,8,9,13,14,18,19,23,24
1050,8,9,13,14,18,19,23,24
1051,8,9,12,13,14,18,19,23,24
1052,8,9,12,13,14,18,19,23,24
1053,8,9,12,13,14,17,18,19,23,24
1054,8,9,12,13,14,17,18,19,23,24
1055,8,9,12,13,14,17,18,19,23,24
1056,8,9,12,13,14,17,18,19,23,24
1057,8,9,12,13,14,17,18,19,23,24
1058,8,9,12,13,14,17,18,19,23,24
1059,8,9,12,13,14,17,18,19,23,24
1060,8,9,12,13,14,17,18,19,23,24
1061,8,9,12,13,14,17,18,19,23,24
1062,8,9,12,13,14,17,18,19,23,24
1063,8,9,12,13,14,17,18,19,23,24
1064,8,9,12,13,14,17,18,19,23,24
1065,8,9,12,13,14,17,18,19,23,24
1066,8,9,12,13,14,17,18,19,23,24
1067,8,9,12,13,14,17,18,19,23,24
1068,8,9,12,13,14,17,18,19,23,24
1069,8,9,12,13,14,17,18,19,23,24
1070,8,9,12,13,14,17,18,19,23,24
1071,8,9,12,13,14,17,18,19,23,24
1072,8,9,12,13,14,17,18,19,23,24
1073,8,9,12,13,14,17,18,19,23,24
1074,8,9,12,13,14,17,18,19,23,24
1075,8,9,12,13,14,17,18,19,23,24
1076,8,9,12,13,14,17,18,19,23,24
1077,8,9,12,13,14,17,18,19,23,24
1078,8,9,12,13,14,17,18,19,23,24
1079,8,9,12,13,14,17,18,19,23,24
1080,8,9,12,13,14,17,18,19,23,24
1081,8,9,12,13,14,17,18,19,23,24
1082,8,9,12,13,14,17,18,19,23,24
1083,8,9,12,13,14,17,18,19,23,24
1084,8,9,12,13,14,17,18,19,23,24
1085,8,9,12,13,14,17,18,19,23,24
1086,8,9,12,13,14,17,18,19,23,24
1087,8,9,12,13,14,17,18,19,23,24
1088,8,9,12,13,14,17,18,19,23,24
1089,8,9,12,13,14,17,18,19,23,24
1090,8,9,12,13,14,17,18,19,23,24
1091,8,9,12,13,14,17,18,19,23,24
1092,8,9,12,13,14,17,18,19,23,24
1093,8,9,12,13,14,17,18,19,23,24
1094,8,9,12,13,14,17,18,19,23,24
1095,8,9,12,13,14,17,18,19,23,24
1096,8,9,12,13,14,17,18,19,23,24
1097,8,9,12,13,14,17,18,19,23,24
1098,8,9,12,13,14,17,18,19,23,24
1099,8,9,12,13,14,17,18,19,23,24
1100,8,9,12,13,14,17,18,19,23,24
1101,8,9,12,13,14,17,18,19,23,24
1102,8,9,12,13,14,17,18,19,23,24
1103,8,9,12,13,14,17,18,19,23,24
1104,8,9,12,13,14,17,18,19,23,24
1105,8,9,12,13,14,17,18,19,23,24
1106,8,9,12,13,14,17,18,19,23,24
1107,8,9,12,13,14,17,18,19,23,24
1108,8,9,12,13,14,17,18,19,23,24
1109,8,9,12,13,14,17,18,19,23,24
1110,8,9,12,13,14,17,18,19,23,24
1111,8,9,12,13,14,17,18,19,23,24
1112,8,9,12,13,14,17,18,19,23,24
1113,8,9,12,13,14,17,18,19,23,24
1114,8,9,12,13,14,17,18,19,23,24
1115,8,9,12,13,14,17,18,19,23,24
1116,8,9,12,13,14,17,18,19,23,24
1117,8,9,12,13,14,17,18,19,23,24
1118,8,9,12,13,14,17,18,19,23,24
1119,8,9,12,13,14,17,18,19,23,24
1120,8,9,12,13,14,17,18,19,23,24
1121,8,9,12,13,14,17,18,19,23,24
1122,8,9,12,13,14,17,18,19,23,24
1123,8,9,12,13,14,17,18,19,23,24
1124,8,9,12,13,14,17,18,19,23,24
1125,8,9,12,13,14,17,18,19,23,24
1126,8,9,12,13,14,17,18,19,23,24
1127,8,9,12,13,14,17,18,19,23,24
1128,8,9,12,13,14,17,18,19,23,24
1129,8,9,12,13,14,17,18,19,23,24
1130,8,9,12,13,14,17,18,19,23,24
1131,8,9,12,13,14,17,18,19,23,24
1132,8,9,12,13,14,17,18,19,23,24
1133,8,9,12,13,14,17,18,19,23,24
1134,8,9,12,13,14,17,18,19,23,24
1135,8,9,12,13,14,17,18,19,23,24
1136,8,9,12,13,14,17,18,19,23,24
1137,8,9,12,13,14,17,18,19,23,24
1138,8,9,12,13,14,17,18,19,23,24
1139,8,9,12,13,14,17,18,19,23,24
1140,8,9,12,13,14,17,18,19,23,24
1141,8,9,12,13,14,17,18,19,23,24
1142,8,9,12,13,14,17,18,19,23,24
1143,8,9,12,13,14,17,18,19,23,24
1144,8,9,12,13,14,17,18,19,23,24
1145,8,9,12,13,14,17,18,19,23,24
1146,8,9,12,13,14,17,18,19,23,24
1147,7,8,9,12,13,14,17,18,19,23,24
1148,7,8,9,12,13,14,17,18,19,23,24
1149,7,8,12,13,14,17,18,19,22,23
1150,7,8,12,13,14,17,18,19,22,23
1151,7,8,12,13,17,18,22,23
1152,7,8,12,13,17,18,22,23
1153,7,8,12,13,17,18,22,23
1154,7,8,12,13,17,18,22,23
1155,7,8,12,13,17,18,22,23
1156,7,8,12,13,17,18,22,23
1157,7,8,12,13,17,18,22,23
1158,7,8,12,13,17,18,22,23
1159,7,8,12,13,17,18,22,23
1160,7,8,12,13,17,18,22,23
1161,7,8,12,13,17,18,22,23
1162,7,8,12,13,17,18,22,23
1163,7,8,12,13,17,18,22,23
1164,7,8,12,13,17,18,22,23
1165,7,8,12,13,17,18,22
1166,7,8,12,13,17,18,22
1167,7,8,12,13,17,18,22,23
1168,7,8,12,13,17,18,22,23
1169,7,8,12,13,17,18,22,23
1170,7,8,12,13,17,18,22,23
1171,7,8,12,13,17,18,22,23
1172,7,8,12,13,17,18,22,23
1173,7,8,12,13,17,18,22,23
1174,7,8,12,13,17,18,22,23
1175,7,8,12,13,17,18,22,23
1176,7,8,12,13,17,18,22,23
1177,7,8,12,13,14,17,18,22,23
1178,7,8,12,13,14,17,18,22,23
1179,7,8,12,13,14,17,18,19,22,23
1180,7,8,12,13,14,17,18,19,22,23
1181,7,8,9,12,13,14,17,18,19,23
1182,7,8,9,12,13,14,17,18,19,23
1183,7,8,9,12,13,14,17,18,19,23
1184,7,8,9,12,13,14,17,18,19,23
1185,7,8,9,12,13,14,17,18,19,23
1186,7,8,9,12,13,14,17,18,19,23
1187,7,8,9,12,13,14,17,18,19,23
1188,7,8,9,12,13,14,17,18,19,23
1189,7,8,9,12,13,14,17,18,19,23
1190,7,8,9,12,13,14,17,18,19,23
1191,7,8,9,12,13,14,17,18,19,23
1192,7,8,9,12,13,14,17,18,19,23
1193,8,9,12,13,14,17,18,19,23
1194,8,9,12,13,14,17,18,19,23
1195,8,9,12,13,14,17,18,19,23
1196,8,9,12,13,14,17,18,19,23
1197,8,9,12,13,14,17,18,19,23
1198,8,9,12,13,14,17,18,19,23
1199,8,9,12,13,14,17,18,19,23
1200,8,9,12,13,14,17,18,19,23
1201,8,9,12,13,14,17,18,19,23
1202,8,9,12,13,14,17,18,19,23
1203,8,9,12,13,14,17,18,19,23
1204,8,9,12,13,14,17,18,19,23
1205,8,9,12,13,14,17,18,19,23
1206,8,9,12,13,14,17,18,19,23
1207,8,9,12,13,14,17,18,19,23
1208,8,9,12,13,14,17,18,19,23
1209,8,9,12,13,14,17,18,19,23
1210,8,9,12,13,14,17,18,19,23
1211,8,9,12,13,14,17,18,19,23
1212,8,9,12,13,14,17,18,19,23
1213,8,9,12,13,14,17,18,19,23
1214,8,9,12,13,14,17,18,19,23
1215,8,9,12,13,14,17,18,19,23
1216,8,9,12,13,14,17,18,19,23
1217,8,9,12,13,14,17,18,19,23
1218,8,9,12,13,14,17,18,19,23
1219,8,9,12,13,14,17,18,19,23
1220,8,9,12,13,14,17,18,19,23
1221,8,9,12,13,14,17,18,19,23
1222,8,9,12,13,14,17,18,19,23
1223,8,9,12,13,14,17,18,19,23
1224,8,9,12,13,14,17,18,19,23
1225,8,9,12,13,14,17,18,19,23
1226,8,9,12,13,14,17,18,19,23
1227,8,9,12,13,14,17,18,19,23
1228,8,9,12,13,14,17,18,19,23
1229,8,9,12,13,14,17,18,19,23
1230,8,9,12,13,14,17,18,19,23
1231,8,9,12,13,14,17,18,19,23
1232,8,9,12,13,14,17,18,19,23
1233,8,9,12,13,14,17,18,19,23
1234,8,9,12,13,14,17,18,19,23
1235,8,9,12,13,14,17,18,19,23
1236,8,9,12,13,14,17,18,19,23
1237,8,9,12,13,14,17,18,19,23
1238,8,9,12,13,14,17,18,19,23
1239,8,9,12,13,14,17,18,19,23
1240,8,9,12,13,14,17,18,19,23
1241,7,8,9,12,13,14,17,18,19,23
1242,7,8,9,12,13,14,17,18,19,23
1243,7,8,9,12,13,14,17,18,19,23
1244,7,8,9,12,13,14,17,18,19,23
1245,7,8,9,12,13,14,17,18,19,23
1246,7,8,9,12,13,14,17,18,19,23
1247,7,8,9,12,13,14,17,18,19,23
1248,7,8,9,12,13,14,17,18,19,23
1249,7,8,9,12,13,14,17,18,19,23
1250,7,8,9,12,13,14,17,18,19,23
1251,7,8,9,12,13,14,17,18,19,23
1252,7,8,9,12,13,14,17,18,19,23
1253,7,8,9,12,13,14,17,18,19,23
1254,7,8,9,12,13,14,17,18,19,23
1255,7,8,9,12,13,14,17,18,19,23
1256,7,8,9,12,13,14,17,18,19,23
1257,7,8,9,12,13,14,17,18,19,23
1258,7,8,9,12,13,14,17,18,19,23
1259,7,8,9,12,13,14,17,18,19,23
1260,7,8,9,12,13,14,17,18,19,23
1261,7,8,9,12,13,14,17,18,19,23
1262,7,8,9,12,13,14,17,18,19,23
1263,7,8,9,12,13,14,17,18,19,23
1264,7,8,9,12,13,14,17,18,19,23
1265,7,8,9,12,13,14,17,18,19,23
1266,7,8,9,12,13,14,17,18,19,23
1267,7,8,9,12,13,14,17,18,19,23
1268,7,8,9,12,13,14,17,18,19,23
1269,7,8,9,12,13,14,17,18,19,23
1270,7,8,9,12,13,14,17,18,19,23
1271,7,8,9,12,13,14,17,18,19,23
1272,7,8,9,12,13,14,17,18,19,23
1273,7,8,9,12,13,14,17,18,19,23
1274,7,8,9,12,13,14,17,18,19,23
1275,7,8,9,12,13,14,17,18,19,23
1276,7,8,9,12,13,14,17,18,19,23
1277,7,8,9,12,13,14,17,18,19,23
1278,7,8,9,12,13,14,17,18,19,23
1279,7,8,9,12,13,14,17,18,19,23
1280,7,8,9,12,13,14,17,18,19,23
1281,7,8,9,12,13,14,17,18,19,23
1282,7,8,9,12,13,14,17,18,19,23
1283,7,8,9,12,13,14,17,18,19,23
1284,7,8,9,12,13,14,17,18,19,23
1285,7,8,9,12,13,14,17,18,19,23
1286,7,8,9,12,13,14,17,18,19,23
1287,8,9,12,13,14,17,18,19,23
1288,8,9,12,13,14,17,18,19,23
1289,8,9,12,13,14,17,18,19,23
1290,8,9,12,13,14,17,18,19,23
1291,8,9,12,13,14,17,18,19,23
1292,8,9,12,13,14,17,18,19,23
1293,8,9,12,13,14,17,18,19,23
1294,8,9,12,13,14,17,18,19,23
1295,8,9,12,13,14,17,18,19,23
1296,8,9,12,13,14,17,18,19,23
1297,8,9,12,13,14,17,18,19,23
1298,8,9,12,13,14,17,18,19,23
1299,8,9,12,13,14,17,18,19,23,24
1300,8,9,12,13,14,17,18,19,23,24
1301,8,9,12,13,14,18,19,23,24
1302,8,9,12,13,14,18,19,23,24
1303,8,9,13,14,18,19,23,24
1304,8,9,13,14,18,19,23,24
1305,8,9,13,14,18,19,23,24
1306,8,9,13,14,18,19,23,24
1307,8,9,13,14,18,19,23,24
1308,8,9,13,14,18,19,23,24
1309,8,9,13,14,18,19,23,24
1310,8,9,13,14,18,19,23,24
1311,8,9,13,14,18,19,23,24
1312,8,9,13,14,18,19,23,24
1313,8,9,13,14,18,19,23,24
1314,8,9,13,14,18,19,23,24
1315,8,9,13,14,18,19,23,24
1316,8,9,13,14,18,19,23,24
1317,8,9,13,14,18,19,23,24
1318,8,9,13,14,18,19,23,24
1319,8,9,13,14,18,19,23,24
1320,8,9,13,14,18,19,23,24
1321,8,9,13,14,18,19,23,24
1322,8,9,13,14,18,19,23,24
1323,8,9,13,14,18,19,23,24
1324,8,9,13,14,18,19,23,24
1325,8,9,13,14,18,19,23,24
1326,8,9,13,14,18,19,23,24
1327,8,9,13,14,18,19,23,24
1328,8,9,13,14,18,19,23,24
1329,8,9,13,14,18,19,23,24
1330,8,9,13,14,18,19,23,24
1331,8,9,13,14,18,19,23,24
1332,8,9,13,14,18,19,23,24
1333,8,9,12,13,14,18,19,23,24
1334,8,9,12,13,14,18,19,23,24
1335,8,9,12,13,14,18,19,23,24
1336,8,9,12,13,14,18,19,23,24
1337,8,9,12,13,14,17,18,19,23,24
1338,8,9,12,13,14,17,18,19,23,24
1339,8,9,12,13,14,17,18,19,23,24
1340,8,9,12,13,14,17,18,19,23,24
1341,8,9,12,13,14,17,18,19,23
1342,8,9,12,13,14,17,18,19,23
1343,8,9,12,13,14,17,18,19,23
1344,8,9,12,13,14,17,18,19,23
1345,8,9,12,13,14,17,18,19,23
1346,8,9,12,13,14,17,18,19,23
1347,8,9,12,13,14,17,18,19,23
1348,8,9,12,13,14,17,18,19,23
1349,8,9,12,13,14,17,18,19,23
1350,8,9,12,13,14,17,18,19,23
1351,8,9,12,13,14,17,18,19,23
1352,8,9,12,13,14,17,18,19,23
1353,8,9,12,13,14,17,18,19,23
1354,8,9,12,13,14,17,18,19,23
1355,8,9,12,13,14,17,18,19,23
1356,8,9,12,13,14,17,18,19,23
1357,8,9,12,13,14,17,18,19,23,24
1358,8,9,12,13,14,17,18,19,23,24
1359,8,9,12,13,14,17,18,19,23
1360,8,9,12,13,14,17,18,19,23
1361,8,9,12,13,14,17,18,19,23
1362,8,9,12,13,14,17,18,19,23
1363,8,9,12,13,14,17,18,19,23
1364,8,9,12,13,14,17,18,19,23
1365,8,9,12,13,14,17,18,19,23
1366,8,9,12,13,14,17,18,19,23
1367,8,9,12,13,14,17,18,19,23
1368,8,9,12,13,14,17,18,19,23
1369,8,9,12,13,14,17,18,19,23
1370,8,9,12,13,14,17,18,19,23
1371,8,9,12,13,14,17,18,19,23
1372,8,9,12,13,14,17,18,19,23
1373,8,9,12,13,14,17,18,19,23
1374,8,9,12,13,14,17,18,19,23
1375,8,9,12,13,14,17,18,19,23
1376,8,9,12,13,14,17,18,19,23
1377,8,9,12,13,14,17,18,19,23
1378,8,9,12,13,14,17,18,19,23
1379,8,9,12,13,14,17,18,19,23
1380,8,9,12,13,14,17,18,19,23
1381,8,9,12,13,14,17,18,19,23
1382,8,9,12,13,14,17,18,19,23
1383,8,9,12,13,14,17,18,19,23
1384,8,9,12,13,14,17,18,19,23
1385,8,9,12,13,14,17,18,19,23
1386,8,9,12,13,14,17,18,19,23
1387,8,9,12,13,14,17,18,19,23
1388,8,9,12,13,14,17,18,19,23
1389,8,9,12,13,14,17,18,19,23
1390,8,9,12,13,14,17,18,19,23
1391,8,9,12,13,14,17,18,19,23
1392,8,9,12,13,14,17,18,19,23
1393,8,9,12,13,14,17,18,19,23
1394,8,9,12,13,14,17,18,19,23
1395,8,9,12,13,14,17,18,19,23
1396,8,9,12,13,14,17,18,19,23
1397,8,9,12,13,14,17,18,19,23
1398,8,9,12,13,14,17,18,19,23
1399,8,9,12,13,14,17,18,19,23
1400,8,9,12,13,14,17,18,19,23
1401,8,9,12,13,14,17,18,19,23
1402,8,9,12,13,14,17,18,19,23
1403,8,9,12,13,14,17,18,19,23
1404,8,9,12,13,14,17,18,19,23
1405,8,9,12,13,14,17,18,19,23
1406,8,9,12,13,14,17,18,19,23
1407,8,9,12,13,14,17,18,19,23
1408,8,9,12,13,14,17,18,19,23
1409,8,9,12,13,14,17,18,19,23
1410,8,9,12,13,14,17,18,19,23
1411,8,9,12,13,14,17,18,19,23
1412,8,9,12,13,14,17,18,19,23
1413,8,9,12,13,14,17,18,19,23
1414,8,9,12,13,14,17,18,19,23
1415,8,9,12,13,14,17,18,19,23
1416,8,9,12,13,14,17,18,19,23
1417,8,9,12,13,14,17,18,19,23
1418,8,9,12,13,14,17,18,19,23
1419,8,9,12,13,14,17,18,19,23
1420,8,9,12,13,14,17,18,19,23
1421,8,9,12,13,14,17,18,19,23
1422,8,9,12,13,14,17,18,19,23
1423,8,9,12,13,14,17,18,19,23
1424,8,9,12,13,14,17,18,19,23
1425,8,9,12,13,14,17,18,19,23
1426,8,9,12,13,14,17,18,19,23
1427,8,9,12,13,14,17,18,19,23
1428,8,9,12,13,14,17,18,19,23
1429,8,9,12,13,14,17,18,19,23
1430,8,9,12,13,14,17,18,19,23
1431,8,9,12,13,14,17,18,19,23
1432,8,9,12,13,14,17,18,19,23
1433,8,9,12,13,14,17,18,19,23
1434,8,9,12,13,14,17,18,19,23
1435,8,9,12,13,14,17,18,19,23
1436,8,9,12,13,14,17,18,19,23
1437,8,9,12,13,14,17,18,19,23
1438,8,9,12,13,14,17,18,19,23
1439,8,9,12,13,14,17,18,19,23
1440,8,9,12,13,14,17,18,19,23
1441,8,9,12,13,14,17,18,19,23
1442,8,9,12,13,14,17,18,19,23
1443,8,9,12,13,14,17,18,19,23
1444,8,9,12,13,14,17,18,19,23
1445,8,9,12,13,14,17,18,19,23
1446,8,9,12,13,14,17,18,19,23
1447,8,9,12,13,14,17,18,19,23
1448,8,9,12,13,14,17,18,19,23
1449,8,9,12,13,14,17,18,19,23
1450,8,9,12,13,14,17,18,19,23
1451,8,9,12,13,14,17,18,19,23
1452,8,9,12,13,14,17,18,19,23
1453,8,9,12,13,14,17,18,19,23
1454,8,9,12,13,14,17,18,19,23
1455,8,9,12,13,14,17,18,19,23
1456,8,9,12,13,14,17,18,19,23
1457,8,9,12,13,14,17,18,19,23
1458,8,9,12,13,14,17,18,19,23
1459,8,9,12,13,14,17,18,19,23
1460,8,9,12,13,14,17,18,19,23
1461,8,9,12,13,14,17,18,19,23
1462,8,9,12,13,14,17,18,19,23
1463,8,9,12,13,14,17,18,19,23
1464,8,9,12,13,14,17,18,19,23
1465,8,9,12,13,14,17,18,19,23
1466,8,9,12,13,14,17,18,19,23
1467,8,9,12,13,14,17,18,19,23
1468,8,9,12,13,14,17,18,19,23
1469,8,9,12,13,14,17,18,19,23
1470,8,9,12,13,14,17,18,19,23
1471,8,9,12,13,14,17,18,19,23
1472,8,9,12,13,14,17,18,19,23
1473,8,9,12,13,14,17,18,19,23
1474,8,9,12,13,14,17,18,19,23
1475,8,9,12,13,14,17,18,19,23
1476,8,9,12,13,14,17,18,19,23
1477,8,9,12,13,14,17,18,19,23
1478,8,9,12,13,14,17,18,19,23
1479,8,9,12,13,14,17,18,19,23
1480,8,9,12,13,14,17,18,19,23
1481,8,9,12,13,14,17,18,19,23
1482,8,9,12,13,14,17,18,19,23
1483,8,9,12,13,14,17,18,19,23
1484,8,9,12,13,14,17,18,19,23
1485,8,9,12,13,14,17,18,19,23
1486,8,9,12,13,14,17,18,19,23
1487,8,9,12,13,14,17,18,19,23
1488,8,9,12,13,14,17,18,19,23
1489,8,9,12,13,14,17,18,19,23
1490,8,9,12,13,14,17,18,19,23
1491,8,9,12,13,14,18,19,23
1492,8,9,12,13,14,18,19,23
1493,8,9,12,13,14,17,18,19,23
1494,8,9,12,13,14,17,18,19,23
1495,8,9,12,13,14,17,18,19,23
1496,8,9,12,13,14,17,18,19,23
1497,8,9,12,13,14,17,18,19,23
1498,8,9,12,13,14,17,18,19,23
1499,8,9,12,13,14,17,18,19,23
1500,8,9,12,13,14,17,18,19,23
1501,8,9,12,13,14,17,18,19,23
1502,8,9,12,13,14,17,18,19,23
1503,8,9,12,13,14,17,18,19,23
1504,8,9,12,13,14,17,18,19,23
1505,8,9,12,13,14,17,18,19,23
1506,8,9,12,13,14,17,18,19,23
1507,8,9,12,13,14,17,18,19,23
1508,8,9,12,13,14,17,18,19,23
1509,8,9,12,13,14,17,18,19,23
1510,8,9,12,13,14,17,18,19,23
1511,8,9,12,13,14,17,18,19,23
1512,8,9,12,13,14,17,18,19,23
1513,8,9,12,13,14,17,18,19,23
1514,8,9,12,13,14,17,18,19,23
1515,8,9,12,13,14,17,18,19,23
1516,8,9,12,13,14,17,18,19,23
1517,8,9,12,13,14,17,18,19,23
1518,8,9,12,13,14,17,18,19,23
1519,8,9,12,13,14,17,18,19,23
1520,8,9,12,13,14,17,18,19,23
1521,8,9,12,13,14,17,18,19,23
1522,8,9,12,13,14,17,18,19,23
1523,8,9,12,13,14,17,18,19,23
1524,8,9,12,13,14,17,18,19,23
1525,8,9,12,13,14,17,18,19,23
1526,8,9,12,13,14,17,18,19,23
1527,8,9,12,13,14,17,18,19,23
1528,8,9,12,13,14,17,18,19,23
1529,8,9,12,13,14,17,18,19,23
1530,8,9,12,13,14,17,18,19,23
1531,8,9,12,13,14,17,18,19,23
1532,8,9,12,13,14,17,18,19,23
1533,8,9,12,13,14,17,18,19,23
1534,8,9,12,13,14,17,18,19,23
1535,8,9,12,13,14,17,18,19,23
1536,8,9,12,13,14,17,18,19,23
1537,8,9,12,13,14,17,18,19,23
1538,8,9,12,13,14,17,18,19,23
1539,8,9,12,13,14,17,18,19,23
1540,8,9,12,13,14,17,18,19,23
1541,8,9,12,13,14,17,18,19,23
1542,8,9,12,13,14,17,18,19,23
1543,8,9,12,13,14,17,18,19,23
1544,8,9,12,13,14,17,18,19,23
1545,8,9,12,13,14,17,18,19,23
1546,8,9,12,13,14,17,18,19,23
1547,8,9,12,13,14,17,18,19,23
1548,8,9,12,13,14,17,18,19,23
1549,8,9,12,13,14,17,18,19,23,24
1550,8,9,12,13,14,17,18,19,23,24
1551,8,9,12,13,14,17,18,19,23
1552,8,9,12,13,14,17,18,19,23
1553,8,9,12,13,14,17,18,19,23
1554,8,9,12,13,14,17,18,19,23
1555,8,9,12,13,14,17,18,19,23
1556,8,9,12,13,14,17,18,19,23
1557,8,9,12,13,14,17,18,19,23
1558,8,9,12,13,14,17,18,19,23
1559,8,9,12,13,14,17,18,19,23
1560,8,9,12,13,14,17,18,19,23
1561,8,9,12,13,14,17,18,19,23
1562,8,9,12,13,14,17,18,19,23
1563,8,9,12,13,14,17,18,19,23
1564,8,9,12,13,14,17,18,19,23
1565,8,9,12,13,14,17,18,19,23
1566,8,9,12,13,14,17,18,19,23
1567,8,9,12,13,14,17,18,19,23
1568,8,9,12,13,14,17,18,19,23
1569,8,9,12,13,14,17,18,19,23
1570,8,9,12,13,14,17,18,19,23
1571,8,9,12,13,14,17,18,19,23
1572,8,9,12,13,14,17,18,19,23
1573,8,9,12,13,14,17,18,19,23
1574,8,9,12,13,14,17,18,19,23
1575,8,9,12,13,14,17,18,19,23
1576,8,9,12,13,14,17,18,19,23
1577,8,9,12,13,14,17,18,19,23
1578,8,9,12,13,14,17,18,19,23
1579,8,9,12,13,14,17,18,19,23
1580,8,9,12,13,14,17,18,19,23
1581,8,9,12,13,14,17,18,19,23
1582,8,9,12,13,14,17,18,19,23
1583,8,9,12,13,14,17,18,19,23
1584,8,9,12,13,14,17,18,19,23
1585,8,9,12,13,14,17,18,19,23
1586,8,9,12,13,14,17,18,19,23
1587,8,9,12,13,14,17,18,19,23
1588,8,9,12,13,14,17,18,19,23
1589,8,9,12,13,14,17,18,19,23
1590,8,9,12,13,14,17,18,19,23
1591,8,9,12,13,14,17,18,19,23
1592,8,9,12,13,14,17,18,19,23
1593,8,9,12,13,14,17,18,19,23
1594,8,9,12,13,14,17,18,19,23
1595,8,9,12,13,14,17,18,19,23
1596,8,9,12,13,14,17,18,19,23
1597,8,9,12,13,14,17,18,19,23
1598,8,9,12,13,14,17,18,19,23
1599,8,9,12,13,14,17,18,19,23
1600,8,9,12,13,14,17,18,19,23
1601,8,9,12,13,14,17,18,19,23
1602,8,9,12,13,14,17,18,19,23
1603,8,9,12,13,14,17,18,19,23
1604,8,9,12,13,14,17,18,19,23
1605,8,9,12,13,14,17,18,19,23
1606,8,9,12,13,14,17,18,19,23
1607,8,9,12,13,14,17,18,19,23
1608,8,9,12,13,14,17,18,19,23
1609,8,9,12,13,14,17,18,19,23
1610,8,9,12,13,14,17,18,19,23
1611,8,9,12,13,14,17,18,19,23
1612,8,9,12,13,14,17,18,19,23
1613,8,9,12,13,14,17,18,19,23
1614,8,9,12,13,14,17,18,19,23
1615,8,9,12,13,14,17,18,19,23
1616,8,9,12,13,14,17,18,19,23
1617,8,9,12,13,14,17,18,19,23
1618,8,9,12,13,14,17,18,19,23
1619,8,9,12,13,14,17,18,19,23
1620,8,9,12,13,14,17,18,19,23
1621,8,9,12,13,14,17,18,19,23
1622,8,9,12,13,14,17,18,19,23
1623,8,9,12,13,14,17,18,19,23
1624,8,9,12,13,14,17,18,19,23
1625,8,9,12,13,14,17,18,19,23
1626,8,9,12,13,14,17,18,19,23
1627,8,9,12,13,14,17,18,19,23
1628,8,9,12,13,14,17,18,19,23
1629,8,9,12,13,14,17,18,19,23
1630,8,9,12,13,14,17,18,19,23
1631,8,9,12,13,14,17,18,19,23
1632,8,9,12,13,14,17,18,19,23
1633,8,9,12,13,14,17,18,19,23
1634,8,9,12,13,14,17,18,19,23
1635,8,9,12,13,14,17,18,19,23
1636,8,9,12,13,14,17,18,19,23
1637,8,9,12,13,14,17,18,19,23
1638,8,9,12,13,14,17,18,19,23
1639,8,9,12,13,14,17,18,19,23
1640,8,9,12,13,14,17,18,19,23
1641,8,9,12,13,14,17,18,19,23
1642,8,9,12,13,14,17,18,19,23
1643,8,9,12,13,14,17,18,19,23
1644,8,9,12,13,14,17,18,19,23
1645,8,9,12,13,14,17,18,19,23
1646,8,9,12,13,14,17,18,19,23
1647,8,9,12,13,14,17,18,19,23
1648,8,9,12,13,14,17,18,19,23
1649,8,9,12,13,14,17,18,19,23
1650,8,9,12,13,14,17,18,19,23
1651,8,9,12,13,14,17,18,19,23
1652,8,9,12,13,14,17,18,19,23
1653,8,9,12,13,14,17,18,19,23
1654,8,9,12,13,14,17,18,19,23
1655,8,9,12,13,14,17,18,19,23
1656,8,9,12,13,14,17,18,19,23
1657,8,9,12,13,14,17,18,19,23
1658,8,9,12,13,14,17,18,19,23
1659,8,9,12,13,14,17,18,19,23
1660,8,9,12,13,14,17,18,19,23
1661,8,9,12,13,14,17,18,19,23
1662,8,9,12,13,14,17,18,19,23
1663,8,9,12,13,14,17,18,19,23
1664,8,9,12,13,14,17,18,19,23
1665,8,9,12,13,14,17,18,19,23
1666,8,9,12,13,14,17,18,19,23
1667,8,9,12,13,14,17,18,19,23
1668,8,9,12,13,14,17,18,19,23
1669,8,9,12,13,14,17,18,19,23
1670,8,9,12,13,14,17,18,19,23
1671,8,9,12,13,14,17,18,19,23
1672,8,9,12,13,14,17,18,19,23
1673,8,9,12,13,14,17,18,19,23
1674,8,9,12,13,14,17,18,19,23
1675,8,9,12,13,14,17,18,19,23
1676,8,9,12,13,14,17,18,19,23
1677,8,9,12,13,14,17,18,19,23
1678,8,9,12,13,14,17,18,19,23
1679,8,9,12,13,14,17,18,19,23
1680,8,9,12,13,14,17,18,19,23
1681,8,9,12,13,14,17,18,19,23
1682,8,9,12,13,14,17,18,19,23
1683,8,9,12,13,14,17,18,19,23
1684,8,9,12,13,14,17,18,19,23
1685,8,9,12,13,14,17,18,19,23
1686,8,9,12,13,14,17,18,19,23
1687,8,9,12,13,14,17,18,19,23
1688,8,9,12,13,14,17,18,19,23
1689,8,9,12,13,14,17,18,19,23
1690,8,9,12,13,14,17,18,19,23
1691,8,9,12,13,14,17,18,19,23
1692,8,9,12,13,14,17,18,19,23
1693,8,9,12,13,14,17,18,19,23
1694,8,9,12,13,14,17,18,19,23
1695,8,9,12,13,14,17,18,19,23
1696,8,9,12,13,14,17,18,19,23
1697,8,9,12,13,14,17,18,19,23
1698,8,9,12,13,14,17,18,19,23
1699,8,9,12,13,14,17,18,19,23
1700,8,9,12,13,14,17,18,19,23
1701,8,9,12,13,14,17,18,19,23
1702,8,9,12,13,14,17,18,19,23
1703,8,9,12,13,14,17,18,19,23
1704,8,9,12,13,14,17,18,19,23
1705,8,9,12,13,14,17,18,19,23
1706,8,9,12,13,14,17,18,19,23
1707,8,9,12,13,14,17,18,19,23
1708,8,9,12,13,14,17,18,19,23
1709,8,9,12,13,14,17,18,19,23
1710,8,9,12,13,14,17,18,19,23
1711,8,9,12,13,14,17,18,19,23
1712,8,9,12,13,14,17,18,19,23
1713,8,9,12,13,14,17,18,19,23
1714,8,9,12,13,14,17,18,19,23
1715,8,9,12,13,14,17,18,19,23
1716,8,9,12,13,14,17,18,19,23
1717,8,9,12,13,14,17,18,19,23
1718,8,9,12,13,14,17,18,19,23
1719,8,9,12,13,14,17,18,19,23
1720,8,9,12,13,14,17,18,19,23
1721,8,9,12,13,14,17,18,19,23
1722,8,9,12,13,14,17,18,19,23
1723,8,9,12,13,14,17,18,19,23
1724,8,9,12,13,14,17,18,19,23
1725,8,9,12,13,14,17,18,19,23
1726,8,9,12,13,14,17,18,19,23
1727,8,9,12,13,14,17,18,19,23
1728,8,9,12,13,14,17,18,19,23
1729,8,9,12,13,14,17,18,19,23
1730,8,9,12,13,14,17,18,19,23
1731,8,9,12,13,14,17,18,19,23
1732,8,9,12,13,14,17,18,19,23
1733,8,9,12,13,14,17,18,19,23
1734,8,9,12,13,14,17,18,19,23
1735,8,9,12,13,14,17,18,19,23
1736,8,9,12,13,14,17,18,19,23
1737,8,9,12,13,14,17,18,19,23
1738,8,9,12,13,14,17,18,19,23
1739,8,9,12,13,14,17,18,19,23
1740,8,9,12,13,14,17,18,19,23
1741,8,9,12,13,14,17,18,19,23
1742,8,9,12,13,14,17,18,19,23
1743,8,9,12,13,14,17,18,19,23
1744,8,9,12,13,14,17,18,19,23
1745,8,9,12,13,14,17,18,19,23
1746,8,9,12,13,14,17,18,19,23
1747,8,9,12,13,14,17,18,19,23
1748,8,9,12,13,14,17,18,19,23
1749,8,9,12,13,14,17,18,19,23
1750,8,9,12,13,14,17,18,19,23
1751,8,9,12,13,14,17,18,19,23
1752,8,9,12,13,14,17,18,19,23
1753,8,9,12,13,14,17,18,19,23
1754,8,9,12,13,14,17,18,19,23
1755,8,9,12,13,14,17,18,19,23
1756,8,9,12,13,14,17,18,19,23
1757,8,9,12,13,14,17,18,19,23
1758,8,9,12,13,14,17,18,19,23
1759,8,9,12,13,14,17,18,19,23
1760,8,9,12,13,14,17,18,19,23
1761,8,9,12,13,14,17,18,19,23
1762,8,9,12,13,14,17,18,19,23
1763,8,9,12,13,14,17,18,19,23
1764,8,9,12,13,14,17,18,19,23
1765,8,9,12,13,14,17,18,19,23
1766,8,9,12,13,14,17,18,19,23
1767,8,9,12,13,14,17,18,19,23
1768,8,9,12,13,14,17,18,19,23
1769,8,9,12,13,14,17,18,19,23
1770,8,9,12,13,14,17,18,19,23
1771,8,9,12,13,14,17,18,19,23
1772,8,9,12,13,14,17,18,19,23
1773,8,9,12,13,14,17,18,19,23
1774,8,9,12,13,14,17,18,19,23
1775,8,9,12,13,14,17,18,19,23
1776,8,9,12,13,14,17,18,19,23
1777,8,9,12,13,14,17,18,19,23
1778,8,9,12,13,14,17,18,19,23
1779,8,9,12,13,14,17,18,19,23
1780,8,9,12,13,14,17,18,19,23
1781,8,9,12,13,14,17,18,19,23
1782,8,9,12,13,14,17,18,19,23
1783,8,9,12,13,14,17,18,19,23
1784,8,9,12,13,14,17,18,19,23
1785,8,9,12,13,14,17,18,19,23
1786,8,9,12,13,14,17,18,19,23
1787,8,9,12,13,14,17,18,19,23
1788,8,9,12,13,14,17,18,19,23
1789,8,9,12,13,14,17,18,19,23
1790,8,9,12,13,14,17,18,19,23
1791,8,9,12,13,14,17,18,19,23
1792,8,9,12,13,14,17,18,19,23
1793,8,9,12,13,14,17,18,19,23
1794,8,9,12,13,14,17,18,19,23
1795,8,9,12,13,14,17,18,19,23
1796,8,9,12,13,14,17,18,19,23
1797,8,9,12,13,14,17,18,19,23
1798,8,9,12,13,14,17,18,19,23
1799,8,9,12,13,14,17,18,19,23
1800,8,9,12,13,14,17,18,19,23
