1,14,15,16,17,24,25,26,27,34,35,36,37
2,14,15,16,17,24,25,26,27,34,35,36,37
3,14,15,16,17,24,25,26,27,34,35,36,37
4,14,15,16,17,24,25,26,27,34,35,36,37
5,14,15,16,17,24,25,26,27,34,35,36,37
6,14,15,16,17,24,25,26,27,34,35,36,37
7,14,15,16,17,24,25,26,27,34,35,36,37
8,14,15,16,17,24,25,26,27,34,35,36,37
9,14,15,16,17,24,25,26,27,34,35,36,37
10,14,15,16,17,24,25,26,27,34,35,36,37
11,14,15,16,17,24,25,26,27,34,35,36,37
12,14,15,16,17,24,25,26,27,34,35,36,37
13,14,15,16,17,24,25,26,27,34,35,36,37
14,14,15,16,17,24,25,26,27,34,35,36,37
15,14,15,16,17,24,25,26,27,34,35,36,37
16,14,15,16,17,24,25,26,27,34,35,36,37
17,14,15,16,17,24,25,26,27,34,35,36,37
18,14,15,16,17,24,25,26,27,34,35,36,37
19,14,15,16,17,24,25,26,27,34,35,36,37
20,14,15,16,17,24,25,26,27,34,35,36,37
21,14,15,16,17,24,25,26,27,34,35,36,37
22,14,15,16,17,24,25,26,27,34,35,36,37
23,14,15,16,17,24,25,26,27,34,35,36,37
24,14,15,16,17,24,25,26,27,34,35,36,37
25,14,15,16,17,24,25,26,27,34,35,36,37
26,14,15,16,17,24,25,26,27,34,35,36,37
27,6,14,15,16,17,24,25,26,27,34,35,36,37
28,6,14,15,16,17,24,25,26,27,34,35,36,37
29,5,6,14,15,16,17,24,25,26,27,34,35,36,37
30,5,6,14,15,16,17,24,25,26,27,34,35,36,37
31,5,6,14,15,16,17,24,25,26,27,34,35,36,37
32,5,6,14,15,16,17,24,25,26,27,34,35,36,37
33,5,6,14,15,16,17,24,25,26,27,34,35,36,37
34,5,6,14,15,16,17,24,25,26,27,34,35,36,37
35,5,6,14,15,16,17,24,25,26,27,34,35,36,37
36,5,6,14,15,16,17,24,25,26,27,34,35,36,37
37,5,6,14,15,16,17,24,25,26,27,34,35,36,37
38,5,6,14,15,16,17,24,25,26,27,34,35,36,37
39,5,6,14,15,16,17,24,25,26,27,34,35,36,37
40,5,6,14,15,16,17,24,25,26,27,34,35,36,37
41,5,6,14,15,16,17,24,25,26,27,34,35,36,37
42,5,6,14,15,16,17,24,25,26,27,34,35,36,37
43,5,6,14,15,16,17,24,25,26,27,34,35,36,37
44,5,6,14,15,16,17,24,25,26,27,34,35,36,37
45,5,6,14,15,16,17,24,25,26,27,34,35,36,37
46,5,6,14,15,16,17,24,25,26,27,34,35,36,37
47,5,6,14,15,16,17,24,25,26,27,34,35,36,37
48,5,6,14,15,16,17,24,25,26,27,34,35,36,37
49,5,6,14,15,16,17,24,25,26,27,34,35,36,37
50,5,6,14,15,16,17,24,25,26,27,34,35,36,37
51,5,6,14,15,16,17,24,25,26,27,34,35,36,37
52,5,6,14,15,16,17,24,25,26,27,34,35,36,37
53,5,6,14,15,16,17,24,25,26,27,34,35,36,37
54,5,6,14,15,16,17,24,25,26,27,34,35,36,37
55,5,6,14,15,16,17,24,25,26,27,34,35,36,37
56,5,6,14,15,16,17,24,25,26,27,34,35,36,37
57,5,6,14,15,16,17,24,25,26,27,34,35,36,37
58,5,6,14,15,16,17,24,25,26,27,34,35,36,37
59,5,6,14,15,16,17,24,25,26,27,34,35,36,37
60,5,6,14,15,16,17,24,25,26,27,34,35,36,37
61,5,6,14,15,16,17,24,25,26,27,34,35,36,37
62,5,6,14,15,16,17,24,25,26,27,34,35,36,37
63,5,6,14,15,16,17,24,25,26,27,34,35,36,37
64,5,6,14,15,16,17,24,25,26,27,34,35,36,37
65,5,6,14,15,16,17,24,25,26,27,34,35,36,37
66,5,6,14,15,16,17,24,25,26,27,34,35,36,37
67,5,6,14,15,16,17,24,25,26,27,34,35,36,37
68,5,6,14,15,16,17,24,25,26,27,34,35,36,37
69,5,6,14,15,16,17,24,25,26,27,34,35,36,37
70,5,6,14,15,16,17,24,25,26,27,34,35,36,37
71,5,6,14,15,16,17,24,25,26,27,34,35,36,37
72,5,6,14,15,16,17,24,25,26,27,34,35,36,37
73,5,6,14,15,16,17,24,25,26,27,34,35,36,37
74,5,6,14,15,16,17,24,25,26,27,34,35,36,37
75,5,6,14,15,16,17,24,25,26,27,34,35,36,37
76,5,6,14,15,16,17,24,25,26,27,34,35,36,37
77,5,6,14,15,16,17,24,25,26,27,34,35,36,37
78,5,6,14,15,16,17,24,25,26,27,34,35,36,37
79,5,6,14,15,16,17,24,25,26,27,34,35,36,37
80,5,6,14,15,16,17,24,25,26,27,34,35,36,37
81,5,6,14,15,16,17,24,25,26,27,34,35,36,37
82,5,6,14,15,16,17,24,25,26,27,34,35,36,37
83,5,6,14,15,16,17,24,25,26,27,34,35,36,37
84,5,6,14,15,16,17,24,25,26,27,34,35,36,37
85,5,6,14,15,16,17,24,25,26,27,34,35,36,37
86,5,6,14,15,16,17,24,25,26,27,34,35,36,37
87,5,6,14,15,16,17,24,25,26,27,34,35,36,37
88,5,6,14,15,16,17,24,25,26,27,34,35,36,37
89,5,6,14,15,16,17,24,25,26,27,34,35,36,37
90,5,6,14,15,16,17,24,25,26,27,34,35,36,37
91,5,6,14,15,16,17,24,25,26,27,34,35,36,37
92,5,6,14,15,16,17,24,25,26,27,34,35,36,37
93,5,6,14,15,16,17,24,25,26,27,34,35,36,37
94,5,6,14,15,16,17,24,25,26,27,34,35,36,37
95,5,6,14,15,16,17,24,25,26,27,34,35,36,37
96,5,6,14,15,16,17,24,25,26,27,34,35,36,37
97,5,6,14,15,16,17,24,25,26,27,34,35,36,37
98,5,6,14,15,16,17,24,25,26,27,34,35,36,37
99,5,6,14,15,16,17,24,25,26,27,34,35,36,37
100,5,6,14,15,16,17,24,25,26,27,34,35,36,37
101,5,6,14,15,16,17,24,25,26,27,34,35,36,37
102,5,6,14,15,16,17,24,25,26,27,34,35,36,37
103,5,6,14,15,16,17,24,25,26,27,34,35,36,37
104,5,6,14,15,16,17,24,25,26,27,34,35,36,37
105,5,6,14,15,16,17,24,25,26,27,34,35,36,37
106,5,6,14,15,16,17,24,25,26,27,34,35,36,37
107,5,6,14,15,16,17,24,25,26,27,34,35,36,37
108,5,6,14,15,16,17,24,25,26,27,34,35,36,37
109,5,6,14,15,16,17,24,25,26,27,34,35,36,37
110,5,6,14,15,16,17,24,25,26,27,34,35,36,37
111,5,6,14,15,16,17,24,25,26,27,34,35,36,37
112,5,6,14,15,16,17,24,25,26,27,34,35,36,37
113,5,6,14,15,16,17,24,25,26,27,34,35,36,37
114,5,6,14,15,16,17,24,25,26,27,34,35,36,37
115,5,6,14,15,16,17,24,25,26,27,34,35,36,37
116,5,6,14,15,16,17,24,25,26,27,34,35,36,37
117,5,6,14,15,16,17,24,25,26,27,34,35,36,37
118,5,6,14,15,16,17,24,25,26,27,34,35,36,37
119,5,6,14,15,16,17,24,25,26,27,34,35,36,37
120,5,6,14,15,16,17,24,25,26,27,34,35,36,37
121,5,6,14,15,16,17,24,25,26,27,34,35,36,37
122,5,6,14,15,16,17,24,25,26,27,34,35,36,37
123,5,6,14,15,16,17,24,25,26,27,34,35,36,37
124,5,6,14,15,16,17,24,25,26,27,34,35,36,37
125,5,6,14,15,16,17,24,25,26,27,34,35,36,37
126,5,6,14,15,16,17,24,25,26,27,34,35,36,37
127,5,6,14,15,16,17,24,25,26,27,34,35,36,37
128,5,6,14,15,16,17,24,25,26,27,34,35,36,37
129,5,6,14,15,16,17,24,25,26,27,34,35,36,37
130,5,6,14,15,16,17,24,25,26,27,34,35,36,37
131,5,6,14,15,16,17,24,25,26,27,34,35,36,37
132,5,6,14,15,16,17,24,25,26,27,34,35,36,37
133,5,6,14,15,16,17,24,25,26,27,34,35,36,37
134,5,6,14,15,16,17,24,25,26,27,34,35,36,37
135,5,6,14,15,16,17,24,25,26,27,34,35,36,37
136,5,6,14,15,16,17,24,25,26,27,34,35,36,37
137,5,6,14,15,16,17,24,25,26,27,34,35,36,37
138,5,6,14,15,16,17,24,25,26,27,34,35,36,37
139,5,6,14,15,16,17,24,25,26,27,34,35,36,37
140,5,6,14,15,16,17,24,25,26,27,34,35,36,37
141,5,6,14,15,16,17,24,25,26,27,34,35,36,37
142,5,6,14,15,16,17,24,25,26,27,34,35,36,37
143,5,6,14,15,16,17,24,25,26,27,34,35,36,37
144,5,6,14,15,16,17,24,25,26,27,34,35,36,37
145,5,6,14,15,16,17,24,25,26,27,34,35,36,37
146,5,6,14,15,16,17,24,25,26,27,34,35,36,37
147,5,6,14,15,16,17,24,25,26,27,34,35,36,37
148,5,6,14,15,16,17,24,25,26,27,34,35,36,37
149,5,6,14,15,16,17,24,25,26,27,34,35,36,37
150,5,6,14,15,16,17,24,25,26,27,34,35,36,37
151,5,6,14,15,16,17,24,25,26,27,34,35,36,37
152,5,6,14,15,16,17,24,25,26,27,34,35,36,37
153,5,6,14,15,16,17,24,25,26,27,34,35,36,37
154,5,6,14,15,16,17,24,25,26,27,34,35,36,37
155,5,6,14,15,16,17,24,25,26,27,34,35,36,37
156,5,6,14,15,16,17,24,25,26,27,34,35,36,37
157,5,6,14,15,16,17,24,25,26,27,34,35,36,37
158,5,6,14,15,16,17,24,25,26,27,34,35,36,37
159,5,6,14,15,16,17,24,25,26,27,34,35,36,37
160,5,6,14,15,16,17,24,25,26,27,34,35,36,37
161,5,6,14,15,16,17,24,25,26,27,34,35,36,37
162,5,6,14,15,16,17,24,25,26,27,34,35,36,37
163,5,6,14,15,16,17,24,25,26,27,34,35,36,37
164,5,6,14,15,16,17,24,25,26,27,34,35,36,37
165,5,6,14,15,16,17,24,25,26,27,34,35,36,37
166,5,6,14,15,16,17,24,25,26,27,34,35,36,37
167,5,6,14,15,16,17,24,25,26,27,34,35,36,37
168,5,6,14,15,16,17,24,25,26,27,34,35,36,37
169,5,6,14,15,16,17,24,25,26,27,34,35,36,37
170,5,6,14,15,16,17,24,25,26,27,34,35,36,37
171,5,6,14,15,16,17,24,25,26,27,34,35,36,37
172,5,6,14,15,16,17,24,25,26,27,34,35,36,37
173,5,6,14,15,16,17,24,25,26,27,34,35,36,37
174,5,6,14,15,16,17,24,25,26,27,34,35,36,37
175,5,6,14,15,16,17,24,25,26,27,34,35,36,37
176,5,6,14,15,16,17,24,25,26,27,34,35,36,37
177,5,6,14,15,16,17,24,25,26,27,34,35,36,37
178,5,6,14,15,16,17,24,25,26,27,34,35,36,37
179,5,6,14,15,16,17,24,25,26,27,34,35,36,37
180,5,6,14,15,16,17,24,25,26,27,34,35,36,37
181,5,6,14,15,16,17,24,25,26,27,34,35,36,37
182,5,6,14,15,16,17,24,25,26,27,34,35,36,37
183,5,6,14,15,16,17,24,25,26,27,34,35,36,37
184,5,6,14,15,16,17,24,25,26,27,34,35,36,37
185,5,6,14,15,16,17,24,25,26,27,34,35,36,37
186,5,6,14,15,16,17,24,25,26,27,34,35,36,37
187,5,6,14,15,16,17,24,25,26,27,34,35,36,37
188,5,6,14,15,16,17,24,25,26,27,34,35,36,37
189,5,6,14,15,16,17,24,25,26,27,34,35,36,37
190,5,6,14,15,16,17,24,25,26,27,34,35,36,37
191,5,6,14,15,16,17,24,25,26,27,34,35,36,37
192,5,6,14,15,16,17,24,25,26,27,34,35,36,37
193,5,6,14,15,16,17,24,25,26,27,34,35,36,37
194,5,6,14,15,16,17,24,25,26,27,34,35,36,37
195,5,6,14,15,16,17,24,25,26,27,34,35,36,37
196,5,6,14,15,16,17,24,25,26,27,34,35,36,37
197,5,6,14,15,16,17,24,25,26,27,34,35,36,37
198,5,6,14,15,16,17,24,25,26,27,34,35,36,37
199,5,6,14,15,16,17,24,25,26,27,34,35,36,37
200,5,6,14,15,16,17,24,25,26,27,34,35,36,37
201,5,6,14,15,16,17,24,25,26,27,34,35,36,37
202,5,6,14,15,16,17,24,25,26,27,34,35,36,37
203,5,6,14,15,16,17,24,25,26,27,34,35,36,37
204,5,6,14,15,16,17,24,25,26,27,34,35,36,37
205,5,6,14,15,16,17,24,25,26,27,34,35,36,37
206,5,6,14,15,16,17,24,25,26,27,34,35,36,37
207,5,6,14,15,16,17,24,25,26,27,34,35,36
208,5,6,14,15,16,17,24,25,26,27,34,35,36
209,5,6,14,15,16,17,24,25,26,27,34,35,36
210,5,6,14,15,16,17,24,25,26,27,34,35,36
211,5,6,14,15,16,17,24,25,26,27,34,35,36
212,5,6,14,15,16,17,24,25,26,27,34,35,36
213,5,6,14,15,16,17,24,25,26,27,34,35,36
214,5,6,14,15,16,17,24,25,26,27,34,35,36
215,5,6,14,15,16,17,24,25,26,27,34,35,36
216,5,6,14,15,16,17,24,25,26,27,34,35,36
217,5,6,14,15,16,17,24,25,26,27,34,35,36
218,5,6,14,15,16,17,24,25,26,27,34,35,36
219,5,6,14,15,16,17,24,25,26,27,34,35,36
220,5,6,14,15,16,17,24,25,26,27,34,35,36
221,5,6,14,15,16,17,24,25,26,27,34,35,36
222,5,6,14,15,16,17,24,25,26,27,34,35,36
223,5,6,14,15,16,17,24,25,26,27,34,35,36
224,5,6,14,15,16,17,24,25,26,27,34,35,36
225,5,6,14,15,16,17,24,25,26,27,34,35,36
226,5,6,14,15,16,17,24,25,26,27,34,35,36
227,5,6,14,15,16,17,24,25,26,27,34,35,36
228,5,6,14,15,16,17,24,25,26,27,34,35,36
229,5,6,14,15,16,17,24,25,26,27,34,35,36
230,5,6,14,15,16,17,24,25,26,27,34,35,36
231,5,6,14,15,16,24,25,26,34,35,36
232,5,6,14,15,16,24,25,26,34,35,36
233,5,6,14,15,16,24,25,26,34,35,36
234,5,6,14,15,16,24,25,26,34,35,36
235,5,6,14,15,16,24,25,26,34,35,36
236,5,6,14,15,16,24,25,26,34,35,36
237,5,6,14,15,16,23,24,25,26,34,35,36
238,5,6,14,15,16,23,24,25,26,34,35,36
239,5,13,14,15,16,23,24,25,26,34,35,36
240,5,13,14,15,16,23,24,25,26,34,35,36
241,5,13,14,15,16,23,24,25,26,34,35,36
242,5,13,14,15,16,23,24,25,26,34,35,36
243,5,13,14,15,16,23,24,25,26,34,35,36
244,5,13,14,15,16,23,24,25,26,34,35,36
245,5,13,14,15,16,23,24,25,26,34,35,36
246,5,13,14,15,16,23,24,25,26,34,35,36
247,5,14,15,16,23,24,25,26,34,35,36
248,5,14,15,16,23,24,25,26,34,35,36
249,5,6,14,15,16,24,25,26,34,35,36
250,5,6,14,15,16,24,25,26,34,35,36
251,5,6,14,15,16,17,24,25,26,27,34,35,36
252,5,6,14,15,16,17,24,25,26,27,34,35,36
253,5,6,14,15,16,17,24,25,26,27,34,35,36,37
254,5,6,14,15,16,17,24,25,26,27,34,35,36,37
255,6,14,15,16,17,24,25,26,27,34,35,36,37
256,6,14,15,16,17,24,25,26,27,34,35,36,37
257,6,14,15,16,17,24,25,26,27,34,35,36,37
258,6,14,15,16,17,24,25,26,27,34,35,36,37
259,6,14,15,16,17,24,25,26,27,34,35,36,37
260,6,14,15,16,17,24,25,26,27,34,35,36,37
261,14,15,16,17,24,25,26,27,34,35,36,37
262,14,15,16,17,24,25,26,27,34,35,36,37
263,14,15,16,17,24,25,26,27,34,35,36,37
264,14,15,16,17,24,25,26,27,34,35,36,37
265,14,15,16,17,24,25,26,27,34,35,36,37
266,14,15,16,17,24,25,26,27,34,35,36,37
267,14,15,16,17,24,25,26,27,34,35,36,37
268,14,15,16,17,24,25,26,27,34,35,36,37
269,14,15,16,17,24,25,26,27,34,35,36,37
270,14,15,16,17,24,25,26,27,34,35,36,37
271,14,15,16,17,24,25,26,27,34,35,36,37
272,14,15,16,17,24,25,26,27,34,35,36,37
273,14,15,16,17,24,25,26,27,34,35,36,37
274,14,15,16,17,24,25,26,27,34,35,36,37
275,14,15,16,17,24,25,26,27,34,35,36,37
276,14,15,16,17,24,25,26,27,34,35,36,37
277,14,15,16,17,24,25,26,27,34,35,36,37
278,14,15,16,17,24,25,26,27,34,35,36,37
279,14,15,16,17,24,25,26,27,34,35,36,37
280,14,15,16,17,24,25,26,27,34,35,36,37
281,14,15,16,17,24,25,26,27,34,35,36,37,45,46
282,14,15,16,17,24,25,26,27,34,35,36,37,45,46
283,14,15,16,17,24,25,26,27,34,35,36,37
284,14,15,16,17,24,25,26,27,34,35,36,37
285,14,15,16,17,24,25,26,27,34,35,36,37
286,14,15,16,17,24,25,26,27,34,35,36,37
287,14,15,16,17,24,25,26,27,34,35,36,37
288,14,15,16,17,24,25,26,27,34,35,36,37
289,14,15,16,17,24,25,26,27,34,35,36,37
290,14,15,16,17,24,25,26,27,34,35,36,37
291,14,15,16,17,24,25,26,27,34,35,36,37
292,14,15,16,17,24,25,26,27,34,35,36,37
293,14,15,16,17,24,25,26,27,34,35,36,37
294,14,15,16,17,24,25,26,27,34,35,36,37
295,14,15,16,17,24,25,26,27,34,35,36,37
296,14,15,16,17,24,25,26,27,34,35,36,37
297,14,15,16,17,24,25,26,27,34,35,36,37
298,14,15,16,17,24,25,26,27,34,35,36,37
299,14,15,16,17,24,25,26,27,34,35,36,37
300,14,15,16,17,24,25,26,27,34,35,36,37
301,14,15,16,17,24,25,26,27,34,35,36,37
302,14,15,16,17,24,25,26,27,34,35,36,37
303,14,15,16,17,24,25,26,27,34,35,36,37
304,14,15,16,17,24,25,26,27,34,35,36,37
305,14,15,16,17,24,25,26,27,34,35,36,37
306,14,15,16,17,24,25,26,27,34,35,36,37
307,14,15,16,17,24,25,26,27,34,35,36,37
308,14,15,16,17,24,25,26,27,34,35,36,37
309,14,15,16,17,24,25,26,27,34,35,36,37
310,14,15,16,17,24,25,26,27,34,35,36,37
311,14,15,16,17,24,25,26,27,34,35,36,37
312,14,15,16,17,24,25,26,27,34,35,36,37
313,14,15,16,17,24,25,26,27,34,35,36,37
314,14,15,16,17,24,25,26,27,34,35,36,37
315,14,15,16,17,24,25,26,27,34,35,36,37
316,14,15,16,17,24,25,26,27,34,35,36,37
317,14,15,16,17,24,25,26,27,34,35,36,37
318,14,15,16,17,24,25,26,27,34,35,36,37
319,14,15,16,17,24,25,26,27,34,35,36,37
320,14,15,16,17,24,25,26,27,34,35,36,37
321,14,15,16,17,24,25,26,27,34,35,36,37
322,14,15,16,17,24,25,26,27,34,35,36,37
323,14,15,16,17,24,25,26,27,34,35,36,37
324,14,15,16,17,24,25,26,27,34,35,36,37
325,14,15,16,17,24,25,26,27,34,35,36,37
326,14,15,16,17,24,25,26,27,34,35,36,37
327,14,15,16,17,24,25,26,27,34,35,36,37
328,14,15,16,17,24,25,26,27,34,35,36,37
329,14,15,16,17,24,25,26,27,34,35,36,37
330,14,15,16,17,24,25,26,27,34,35,36,37
331,14,15,16,17,24,25,26,27,34,35,36,37
332,14,15,16,17,24,25,26,27,34,35,36,37
333,14,15,16,17,24,25,26,27,34,35,36,37
334,14,15,16,17,24,25,26,27,34,35,36,37
335,14,15,16,17,24,25,26,27,34,35,36,37
336,14,15,16,17,24,25,26,27,34,35,36,37
337,14,15,16,17,24,25,26,27,34,35,36,37
338,14,15,16,17,24,25,26,27,34,35,36,37
339,14,15,16,17,24,25,26,27,34,35,36,37
340,14,15,16,17,24,25,26,27,34,35,36,37
341,14,15,16,17,24,25,26,27,34,35,36,37
342,14,15,16,17,24,25,26,27,34,35,36,37
343,14,15,16,17,24,25,26,27,34,35,36,37
344,14,15,16,17,24,25,26,27,34,35,36,37
345,14,15,16,17,24,25,26,27,34,35,36,37
346,14,15,16,17,24,25,26,27,34,35,36,37
347,14,15,16,17,24,25,26,27,34,35,36,37
348,14,15,16,17,24,25,26,27,34,35,36,37
349,14,15,16,17,24,25,26,27,34,35,36,37
350,14,15,16,17,24,25,26,27,34,35,36,37
351,14,15,16,17,24,25,26,27,34,35,36,37
352,14,15,16,17,24,25,26,27,34,35,36,37
353,14,15,16,17,24,25,26,27,34,35,36,37,45,46
354,14,15,16,17,24,25,26,27,34,35,36,37,45,46
355,14,15,16,17,24,25,26,27,34,35,36,37,45,46
356,14,15,16,17,24,25,26,27,34,35,36,37,45,46
357,14,15,16,17,24,25,26,27,34,35,36,37,45,46
358,14,15,16,17,24,25,26,27,34,35,36,37,45,46
359,14,15,16,17,24,25,26,27,34,35,36,37,45,46
360,14,15,16,17,24,25,26,27,34,35,36,37,45,46
361,14,15,16,17,24,25,26,27,34,35,36,37,45,46
362,14,15,16,17,24,25,26,27,34,35,36,37,45,46
363,14,15,16,17,24,25,26,27,34,35,36,37,45,46
364,14,15,16,17,24,25,26,27,34,35,36,37,45,46
365,14,15,16,17,24,25,26,27,34,35,36,37,45,46
366,14,15,16,17,24,25,26,27,34,35,36,37,45,46
367,14,15,16,17,24,25,26,27,34,35,36,37,45,46
368,14,15,16,17,24,25,26,27,34,35,36,37,45,46
369,14,15,16,17,24,25,26,27,34,35,36,37,45,46
370,14,15,16,17,24,25,26,27,34,35,36,37,45,46
371,14,15,16,17,24,25,26,27,34,35,36,37,45,46
372,14,15,16,17,24,25,26,27,34,35,36,37,45,46
373,14,15,16,17,24,25,26,27,34,35,36,37,45,46
374,14,15,16,17,24,25,26,27,34,35,36,37,45,46
375,14,15,16,17,24,25,26,27,34,35,36,37,45,46
376,14,15,16,17,24,25,26,27,34,35,36,37,45,46
377,14,15,16,17,24,25,26,27,34,35,36,37,45,46
378,14,15,16,17,24,25,26,27,34,35,36,37,45,46
379,14,15,16,17,24,25,26,27,34,35,36,37,45,46
380,14,15,16,17,24,25,26,27,34,35,36,37,45,46
381,14,15,16,17,24,25,26,27,34,35,36,37,45,46
382,14,15,16,17,24,25,26,27,34,35,36,37,45,46
383,14,15,16,17,24,25,26,27,34,35,36,37,45,46
384,14,15,16,17,24,25,26,27,34,35,36,37,45,46
385,14,15,16,17,24,25,26,27,34,35,36,37
386,14,15,16,17,24,25,26,27,34,35,36,37
387,14,15,16,17,24,25,26,27,34,35,36,37
388,14,15,16,17,24,25,26,27,34,35,36,37
389,14,15,16,17,24,25,26,27,34,35,36,37
390,14,15,16,17,24,25,26,27,34,35,36,37
391,14,15,16,17,24,25,26,27,34,35,36,37
392,14,15,16,17,24,25,26,27,34,35,36,37
393,14,15,16,17,24,25,26,27,34,35,36,37
394,14,15,16,17,24,25,26,27,34,35,36,37
395,14,15,16,17,24,25,26,27,34,35,36,37
396,14,15,16,17,24,25,26,27,34,35,36,37
397,14,15,16,17,24,25,26,27,34,35,36,37
398,14,15,16,17,24,25,26,27,34,35,36,37
399,14,15,16,17,24,25,26,27,34,35,36,37
400,14,15,16,17,24,25,26,27,34,35,36,37
401,14,15,16,17,24,25,26,27,34,35,36,37
402,14,15,16,17,24,25,26,27,34,35,36,37
403,14,15,16,17,24,25,26,27,34,35,36,37
404,14,15,16,17,24,25,26,27,34,35,36,37
405,14,15,16,17,24,25,26,27,34,35,36,37
406,14,15,16,17,24,25,26,27,34,35,36,37
407,14,15,16,17,24,25,26,27,34,35,36,37
408,14,15,16,17,24,25,26,27,34,35,36,37
409,14,15,16,17,24,25,26,27,34,35,36,37
410,14,15,16,17,24,25,26,27,34,35,36,37
411,14,15,16,17,24,25,26,27,34,35,36,37
412,14,15,16,17,24,25,26,27,34,35,36,37
413,14,15,16,17,24,25,26,27,34,35,36,37
414,14,15,16,17,24,25,26,27,34,35,36,37
415,14,15,16,17,24,25,26,27,34,35,36,37
416,14,15,16,17,24,25,26,27,34,35,36,37
417,14,15,16,17,24,25,26,27,34,35,36,37
418,14,15,16,17,24,25,26,27,34,35,36,37
419,14,15,16,17,24,25,26,27,34,35,36,37
420,14,15,16,17,24,25,26,27,34,35,36,37
421,14,15,16,17,24,25,26,27,34,35,36,37,45
422,14,15,16,17,24,25,26,27,34,35,36,37,45
423,14,15,16,17,24,25,26,27,34,35,36,37,45,46
424,14,15,16,17,24,25,26,27,34,35,36,37,45,46
425,14,15,16,17,24,25,26,27,34,35,36,37,45,46
426,14,15,16,17,24,25,26,27,34,35,36,37,45,46
427,14,15,16,17,24,25,26,27,34,35,36,37,45
428,14,15,16,17,24,25,26,27,34,35,36,37,45
429,14,15,16,17,24,25,26,27,34,35,36,37,45
430,14,15,16,17,24,25,26,27,34,35,36,37,45
431,14,15,16,17,24,25,26,27,34,35,36,37,45
432,14,15,16,17,24,25,26,27,34,35,36,37,45
433,14,15,16,17,24,25,26,27,34,35,36,37,45
434,14,15,16,17,24,25,26,27,34,35,36,37,45
435,14,15,16,17,24,25,26,27,34,35,36,37,45
436,14,15,16,17,24,25,26,27,34,35,36,37,45
437,14,15,16,17,24,25,26,27,34,35,36,37,45
438,14,15,16,17,24,25,26,27,34,35,36,37,45
439,14,15,16,17,24,25,26,27,34,35,36,37,45
440,14,15,16,17,24,25,26,27,34,35,36,37,45
441,14,15,16,24,25,26,27,34,35,36,37,45
442,14,15,16,24,25,26,27,34,35,36,37,45
443,14,15,16,24,25,26,27,34,35,36,45
444,14,15,16,24,25,26,27,34,35,36,45
445,14,15,16,24,25,26,27,34,35,36,45
446,14,15,16,24,25,26,27,34,35,36,45
447,14,15,16,24,25,26,34,35,36,45
448,14,15,16,24,25,26,34,35,36,45
449,14,15,16,24,25,26,34,35,36,45
450,14,15,16,24,25,26,34,35,36,45
451,14,15,16,24,25,26,34,35,36,45
452,14,15,16,24,25,26,34,35,36,45
453,14,15,16,24,25,26,34,35,36,45
454,14,15,16,24,25,26,34,35,36,45
455,14,15,16,24,25,26,34,35,36,45
456,14,15,16,24,25,26,34,35,36,45
457,14,15,16,24,25,26,34,35,36,45
458,14,15,16,24,25,26,34,35,36,45
459,14,15,16,24,25,26,34,35,36,45
460,14,15,16,24,25,26,34,35,36,45
461,14,15,16,24,25,26,34,35,36,45
462,14,15,16,24,25,26,34,35,36,45
463,14,15,16,24,25,26,34,35,36,45
464,14,15,16,24,25,26,34,35,36,45
465,14,15,16,24,25,26,34,35,36,45
466,14,15,16,24,25,26,34,35,36,45
467,14,15,16,24,25,26,34,35,36,45
468,14,15,16,24,25,26,34,35,36,45
469,14,15,16,24,25,26,34,35,36,45
470,14,15,16,24,25,26,34,35,36,45
471,14,15,16,24,25,26,34,35,36,45
472,14,15,16,24,25,26,34,35,36,45
473,14,15,16,24,25,26,34,35,36,45
474,14,15,16,24,25,26,34,35,36,45
475,14,15,16,24,25,26,34,35,36,45
476,14,15,16,24,25,26,34,35,36,45
477,14,15,16,23,24,25,26,34,35,36,45
478,14,15,16,23,24,25,26,34,35,36,45
479,14,15,16,23,24,25,26,33,34,35,36,45
480,14,15,16,23,24,25,26,33,34,35,36,45
481,13,14,15,16,23,24,25,26,33,34,35,36
482,13,14,15,16,23,24,25,26,33,34,35,36
483,13,14,15,16,23,24,25,26,33,34,35,36
484,13,14,15,16,23,24,25,26,33,34,35,36
485,13,14,15,16,23,24,25,26,33,34,35,36
486,13,14,15,16,23,24,25,26,33,34,35,36
487,13,14,15,16,23,24,25,26,33,34,35,36
488,13,14,15,16,23,24,25,26,33,34,35,36
489,13,14,15,16,23,24,25,26,33,34,35,36
490,13,14,15,16,23,24,25,26,33,34,35,36
491,13,14,15,16,23,24,25,26,33,34,35,36
492,13,14,15,16,23,24,25,26,33,34,35,36
493,13,14,15,16,23,24,25,26,33,34,35,36
494,13,14,15,16,23,24,25,26,33,34,35,36
495,13,14,15,16,23,24,25,26,33,34,35,36
496,13,14,15,16,23,24,25,26,33,34,35,36
497,13,14,15,16,23,24,25,26,34,35,36
498,13,14,15,16,23,24,25,26,34,35,36
499,5,13,14,15,16,23,24,25,26,34,35,36
500,5,13,14,15,16,23,24,25,26,34,35,36
501,5,13,14,15,16,23,24,25,26,34,35,36
502,5,13,14,15,16,23,24,25,26,34,35,36
503,5,6,13,14,15,16,23,24,25,26,34,35,36
504,5,6,13,14,15,16,23,24,25,26,34,35,36
505,5,6,14,15,16,23,24,25,26,34,35,36
506,5,6,14,15,16,23,24,25,26,34,35,36
507,5,6,14,15,16,24,25,26,34,35,36
508,5,6,14,15,16,24,25,26,34,35,36
509,5,6,14,15,16,24,25,26,34,35,36
510,5,6,14,15,16,24,25,26,34,35,36
511,5,6,14,15,16,17,24,25,26,27,34,35,36
512,5,6,14,15,16,17,24,25,26,27,34,35,36
513,5,6,14,15,16,17,24,25,26,27,34,35,36
514,5,6,14,15,16,17,24,25,26,27,34,35,36
515,5,6,14,15,16,17,24,25,26,27,34,35,36
516,5,6,14,15,16,17,24,25,26,27,34,35,36
517,5,6,14,15,16,17,24,25,26,27,34,35,36
518,5,6,14,15,16,17,24,25,26,27,34,35,36
519,5,6,14,15,16,17,24,25,26,27,34,35,36
520,5,6,14,15,16,17,24,25,26,27,34,35,36
521,5,6,14,15,16,17,24,25,26,27,34,35,36
522,5,6,14,15,16,17,24,25,26,27,34,35,36
523,5,6,14,15,16,17,24,25,26,27,34,35,36
524,5,6,14,15,16,17,24,25,26,27,34,35,36
525,5,6,14,15,16,17,24,25,26,27,34,35,36
526,5,6,14,15,16,17,24,25,26,27,34,35,36
527,5,6,14,15,16,17,24,25,26,27,34,35,36
528,5,6,14,15,16,17,24,25,26,27,34,35,36
529,5,6,14,15,16,17,24,25,26,27,34,35,36
530,5,6,14,15,16,17,24,25,26,27,34,35,36
531,5,6,14,15,16,24,25,26,27,34,35,36
532,5,6,14,15,16,24,25,26,27,34,35,36
533,5,14,15,16,24,25,26,34,35,36
534,5,14,15,16,24,25,26,34,35,36
535,5,14,15,16,23,24,25,26,34,35,36
536,5,14,15,16,23,24,25,26,34,35,36
537,5,13,14,15,16,23,24,25,26,33,34,35,36
538,5,13,14,15,16,23,24,25,26,33,34,35,36
539,5,13,14,15,16,23,24,25,26,33,34,35,36
540,5,13,14,15,16,23,24,25,26,33,34,35,36
541,5,13,14,15,16,23,24,25,26,33,34,35,36
542,5,13,14,15,16,23,24,25,26,33,34,35,36
543,5,13,14,15,16,23,24,25,26,33,34,35,36
544,5,13,14,15,16,23,24,25,26,33,34,35,36
545,13,14,15,16,23,24,25,26,33,34,35,36
546,13,14,15,16,23,24,25,26,33,34,35,36
547,13,14,15,16,23,24,25,26,33,34,35,36
548,13,14,15,16,23,24,25,26,33,34,35,36
549,5,13,14,15,16,23,24,25,26,33,34,35,36
550,5,13,14,15,16,23,24,25,26,33,34,35,36
551,5,13,14,15,16,23,24,25,26,33,34,35,36
552,5,13,14,15,16,23,24,25,26,33,34,35,36
553,5,13,14,15,16,23,24,25,26,34,35,36
554,5,13,14,15,16,23,24,25,26,34,35,36
555,5,14,15,16,24,25,26,34,35,36
556,5,14,15,16,24,25,26,34,35,36
557,5,6,14,15,16,24,25,26,34,35,36
558,5,6,14,15,16,24,25,26,34,35,36
559,5,6,14,15,16,24,25,26,34,35,36
560,5,6,14,15,16,24,25,26,34,35,36
561,5,6,14,15,16,24,25,26,34,35,36
562,5,6,14,15,16,24,25,26,34,35,36
563,5,14,15,16,24,25,26,34,35,36
564,5,14,15,16,24,25,26,34,35,36
565,5,14,15,16,24,25,26,34,35,36
566,5,14,15,16,24,25,26,34,35,36
567,5,14,15,16,24,25,26,34,35,36
568,5,14,15,16,24,25,26,34,35,36
569,5,14,15,16,24,25,26,34,35,36
570,5,14,15,16,24,25,26,34,35,36
571,5,14,15,16,23,24,25,26,34,35,36
572,5,14,15,16,23,24,25,26,34,35,36
573,5,14,15,16,23,24,25,26,34,35,36
574,5,14,15,16,23,24,25,26,34,35,36
575,5,14,15,16,23,24,25,26,34,35,36
576,5,14,15,16,23,24,25,26,34,35,36
577,5,13,14,15,16,23,24,25,26,34,35,36
578,5,13,14,15,16,23,24,25,26,34,35,36
579,5,13,14,15,16,23,24,25,26,34,35,36
580,5,13,14,15,16,23,24,25,26,34,35,36
581,5,13,14,15,16,23,24,25,26,34,35,36
582,5,13,14,15,16,23,24,25,26,34,35,36
583,5,13,14,15,16,23,24,25,26,34,35,36
584,5,13,14,15,16,23,24,25,26,34,35,36
585,5,13,14,15,16,23,24,25,26,34,35,36
586,5,13,14,15,16,23,24,25,26,34,35,36
587,5,13,14,15,16,23,24,25,26,34,35,36
588,5,13,14,15,16,23,24,25,26,34,35,36
589,5,13,14,15,16,23,24,25,26,33,34,35,36
590,5,13,14,15,16,23,24,25,26,33,34,35,36
591,5,13,14,15,16,23,24,25,26,33,34,35,36
592,5,13,14,15,16,23,24,25,26,33,34,35,36
593,5,13,14,15,16,23,24,25,26,33,34,35,36
594,5,13,14,15,16,23,24,25,26,33,34,35,36
595,13,14,15,16,23,24,25,26,33,34,35,36
596,13,14,15,16,23,24,25,26,33,34,35,36
597,13,14,15,16,23,24,25,26,34,35,36
598,13,14,15,16,23,24,25,26,34,35,36
599,13,14,15,16,23,24,25,26,34,35,36
600,13,14,15,16,23,24,25,26,34,35,36
601,13,14,15,16,23,24,25,26,33,34,35,36
602,13,14,15,16,23,24,25,26,33,34,35,36
603,5,13,14,15,16,23,24,25,26,33,34,35,36
604,5,13,14,15,16,23,24,25,26,33,34,35,36
605,5,13,14,15,16,23,24,25,26,33,34,35,36
606,5,13,14,15,16,23,24,25,26,33,34,35,36
607,5,13,14,15,16,23,24,25,26,33,34,35,36
608,5,13,14,15,16,23,24,25,26,33,34,35,36
609,5,13,14,15,16,23,24,25,26,33,34,35,36
610,5,13,14,15,16,23,24,25,26,33,34,35,36
611,5,13,14,15,16,23,24,25,26,33,34,35,36
612,5,13,14,15,16,23,24,25,26,33,34,35,36
613,13,14,15,16,23,24,25,26,33,34,35,36
614,13,14,15,16,23,24,25,26,33,34,35,36
615,13,14,15,16,23,24,25,26,33,34,35,36
616,13,14,15,16,23,24,25,26,33,34,35,36
617,13,14,15,16,23,24,25,26,33,34,35,36
618,13,14,15,16,23,24,25,26,33,34,35,36
619,13,14,15,16,23,24,25,26,33,34,35,36
620,13,14,15,16,23,24,25,26,33,34,35,36
621,13,14,15,16,23,24,25,26,33,34,35,36
622,13,14,15,16,23,24,25,26,33,34,35,36
623,13,14,15,16,23,24,25,26,33,34,35,36
624,13,14,15,16,23,24,25,26,33,34,35,36
625,13,14,15,16,23,24,25,26,33,34,35,36
626,13,14,15,16,23,24,25,26,33,34,35,36
627,14,15,16,23,24,25,26,34,35,36
628,14,15,16,23,24,25,26,34,35,36
629,14,15,16,24,25,26,34,35,36
630,14,15,16,24,25,26,34,35,36
631,14,15,16,24,25,26,34,35,36
632,14,15,16,24,25,26,34,35,36
633,14,15,16,24,25,26,34,35,36
634,14,15,16,24,25,26,34,35,36
635,14,15,16,24,25,26,34,35,36
636,14,15,16,24,25,26,34,35,36
637,14,15,16,24,25,26,27,34,35,36
638,14,15,16,24,25,26,27,34,35,36
639,14,15,16,17,24,25,26,27,34,35,36
640,14,15,16,17,24,25,26,27,34,35,36
641,14,15,16,17,24,25,26,27,34,35,36,37
642,14,15,16,17,24,25,26,27,34,35,36,37
643,6,14,15,16,17,24,25,26,27,34,35,36,37
644,6,14,15,16,17,24,25,26,27,34,35,36,37
645,6,14,15,16,17,24,25,26,27,34,35,36,37
646,6,14,15,16,17,24,25,26,27,34,35,36,37
647,6,14,15,16,17,24,25,26,27,34,35,36,37
648,6,14,15,16,17,24,25,26,27,34,35,36,37
649,6,14,15,16,17,24,25,26,27,34,35,36,37
650,6,14,15,16,17,24,25,26,27,34,35,36,37
651,6,14,15,16,17,24,25,26,27,34,35,36,37
652,6,14,15,16,17,24,25,26,27,34,35,36,37
653,14,15,16,17,24,25,26,27,34,35,36,37
654,14,15,16,17,24,25,26,27,34,35,36,37
655,14,15,16,17,24,25,26,27,34,35,36,37
656,14,15,16,17,24,25,26,27,34,35,36,37
657,14,15,16,17,24,25,26,27,34,35,36,37
658,14,15,16,17,24,25,26,27,34,35,36,37
659,6,14,15,16,17,24,25,26,27,34,35,36,37
660,6,14,15,16,17,24,25,26,27,34,35,36,37
661,6,14,15,16,17,24,25,26,27,34,35,36,37
662,6,14,15,16,17,24,25,26,27,34,35,36,37
663,6,14,15,16,17,24,25,26,27,34,35,36,37
664,6,14,15,16,17,24,25,26,27,34,35,36,37
665,6,14,15,16,17,24,25,26,27,34,35,36,37
666,6,14,15,16,17,24,25,26,27,34,35,36,37
667,6,14,15,16,17,24,25,26,27,34,35,36,37
668,6,14,15,16,17,24,25,26,27,34,35,36,37
669,6,14,15,16,17,24,25,26,27,34,35,36,37
670,6,14,15,16,17,24,25,26,27,34,35,36,37
671,6,14,15,16,17,24,25,26,27,34,35,36,37
672,6,14,15,16,17,24,25,26,27,34,35,36,37
673,6,14,15,16,17,24,25,26,27,34,35,36,37
674,6,14,15,16,17,24,25,26,27,34,35,36,37
675,6,14,15,16,17,24,25,26,27,34,35,36,37
676,6,14,15,16,17,24,25,26,27,34,35,36,37
677,6,14,15,16,17,24,25,26,27,34,35,36,37
678,6,14,15,16,17,24,25,26,27,34,35,36,37
679,6,14,15,16,17,24,25,26,27,34,35,36,37
680,6,14,15,16,17,24,25,26,27,34,35,36,37
681,6,14,15,16,17,24,25,26,27,34,35,36,37
682,6,14,15,16,17,24,25,26,27,34,35,36,37
683,6,14,15,16,17,24,25,26,27,34,35,36,37
684,6,14,15,16,17,24,25,26,27,34,35,36,37
685,6,14,15,16,17,24,25,26,27,34,35,36,37
686,6,14,15,16,17,24,25,26,27,34,35,36,37
687,6,14,15,16,17,24,25,26,27,34,35,36,37
688,6,14,15,16,17,24,25,26,27,34,35,36,37
689,6,14,15,16,17,24,25,26,27,34,35,36,37
690,6,14,15,16,17,24,25,26,27,34,35,36,37
691,6,14,15,16,17,24,25,26,27,34,35,36,37
692,6,14,15,16,17,24,25,26,27,34,35,36,37
693,14,15,16,17,24,25,26,27,34,35,36,37
694,14,15,16,17,24,25,26,27,34,35,36,37
695,14,15,16,17,24,25,26,27,34,35,36,37
696,14,15,16,17,24,25,26,27,34,35,36,37
697,14,15,16,17,24,25,26,27,34,35,36,37
698,14,15,16,17,24,25,26,27,34,35,36,37
699,14,15,16,17,24,25,26,27,34,35,36,37
700,14,15,16,17,24,25,26,27,34,35,36,37
701,14,15,16,17,24,25,26,27,34,35,36,37
702,14,15,16,17,24,25,26,27,34,35,36,37
703,14,15,16,17,24,25,26,27,34,35,36,37
704,14,15,16,17,24,25,26,27,34,35,36,37
705,14,15,16,17,24,25,26,27,34,35,36,37
706,14,15,16,17,24,25,26,27,34,35,36,37
707,14,15,16,17,24,25,26,27,34,35,36,37
708,14,15,16,17,24,25,26,27,34,35,36,37
709,14,15,16,17,24,25,26,27,34,35,36,37
710,14,15,16,17,24,25,26,27,34,35,36,37
711,14,15,16,17,24,25,26,27,34,35,36,37
712,14,15,16,17,24,25,26,27,34,35,36,37
713,14,15,16,17,24,25,26,27,34,35,36,37
714,14,15,16,17,24,25,26,27,34,35,36,37
715,14,15,16,17,24,25,26,27,34,35,36,37
716,14,15,16,17,24,25,26,27,34,35,36,37
717,14,15,16,17,24,25,26,27,34,35,36,37
718,14,15,16,17,24,25,26,27,34,35,36,37
719,14,15,16,17,24,25,26,27,34,35,36,37
720,14,15,16,17,24,25,26,27,34,35,36,37
721,14,15,16,17,24,25,26,27,34,35,36,37
722,14,15,16,17,24,25,26,27,34,35,36,37
723,14,15,16,17,24,25,26,27,34,35,36,37
724,14,15,16,17,24,25,26,27,34,35,36,37
725,14,15,16,17,24,25,26,27,34,35,36,37
726,14,15,16,17,24,25,26,27,34,35,36,37
727,14,15,16,17,24,25,26,27,34,35,36,37
728,14,15,16,17,24,25,26,27,34,35,36,37
729,14,15,16,17,24,25,26,27,34,35,36,37
730,14,15,16,17,24,25,26,27,34,35,36,37
731,14,15,16,17,24,25,26,27,34,35,36,37
732,14,15,16,17,24,25,26,27,34,35,36,37
733,14,15,16,17,24,25,26,27,34,35,36,37
734,14,15,16,17,24,25,26,27,34,35,36,37
735,14,15,16,17,24,25,26,27,34,35,36,37
736,14,15,16,17,24,25,26,27,34,35,36,37
737,14,15,16,17,24,25,26,27,34,35,36,37
738,14,15,16,17,24,25,26,27,34,35,36,37
739,14,15,16,17,24,25,26,27,34,35,36,37
740,14,15,16,17,24,25,26,27,34,35,36,37
741,14,15,16,17,24,25,26,27,34,35,36,37
742,14,15,16,17,24,25,26,27,34,35,36,37
743,14,15,16,17,24,25,26,27,34,35,36,37
744,14,15,16,17,24,25,26,27,34,35,36,37
745,14,15,16,17,24,25,26,27,34,35,36,37
746,14,15,16,17,24,25,26,27,34,35,36,37
747,14,15,16,17,24,25,26,27,34,35,36,37
748,14,15,16,17,24,25,26,27,34,35,36,37
749,14,15,16,17,24,25,26,27,34,35,36,37
750,14,15,16,17,24,25,26,27,34,35,36,37
751,14,15,16,17,24,25,26,27,34,35,36,37
752,14,15,16,17,24,25,26,27,34,35,36,37
753,14,15,16,17,24,25,26,27,34,35,36,37
754,14,15,16,17,24,25,26,27,34,35,36,37
755,14,15,16,17,24,25,26,27,34,35,36,37
756,14,15,16,17,24,25,26,27,34,35,36,37
757,14,15,16,17,24,25,26,27,34,35,36,37
758,14,15,16,17,24,25,26,27,34,35,36,37
759,14,15,16,17,24,25,26,27,34,35,36,37
760,14,15,16,17,24,25,26,27,34,35,36,37
761,14,15,16,17,24,25,26,27,34,35,36,37
762,14,15,16,17,24,25,26,27,34,35,36,37
763,14,15,16,17,24,25,26,27,34,35,36,37
764,14,15,16,17,24,25,26,27,34,35,36,37
765,14,15,16,17,24,25,26,27,34,35,36,37
766,14,15,16,17,24,25,26,27,34,35,36,37
767,14,15,16,17,24,25,26,27,34,35,36,37
768,14,15,16,17,24,25,26,27,34,35,36,37
769,14,15,16,17,24,25,26,27,34,35,36,37
770,14,15,16,17,24,25,26,27,34,35,36,37
771,14,15,16,17,24,25,26,27,34,35,36,37
772,14,15,16,17,24,25,26,27,34,35,36,37
773,14,15,16,17,24,25,26,27,34,35,36,37
774,14,15,16,17,24,25,26,27,34,35,36,37
775,14,15,16,17,24,25,26,27,34,35,36,37
776,14,15,16,17,24,25,26,27,34,35,36,37
777,14,15,16,17,24,25,26,27,34,35,36,37
778,14,15,16,17,24,25,26,27,34,35,36,37
779,14,15,16,17,24,25,26,27,34,35,36,37
780,14,15,16,17,24,25,26,27,34,35,36,37
781,14,15,16,17,24,25,26,27,34,35,36,37
782,14,15,16,17,24,25,26,27,34,35,36,37
783,14,15,16,17,24,25,26,27,34,35,36,37
784,14,15,16,17,24,25,26,27,34,35,36,37
785,14,15,16,17,24,25,26,27,34,35,36,37
786,14,15,16,17,24,25,26,27,34,35,36,37
787,14,15,16,17,24,25,26,27,34,35,36,37
788,14,15,16,17,24,25,26,27,34,35,36,37
789,14,15,16,17,24,25,26,27,34,35,36,37
790,14,15,16,17,24,25,26,27,34,35,36,37
791,14,15,16,17,24,25,26,27,34,35,36,37
792,14,15,16,17,24,25,26,27,34,35,36,37
793,14,15,16,17,24,25,26,27,34,35,36,37
794,14,15,16,17,24,25,26,27,34,35,36,37
795,14,15,16,17,24,25,26,27,34,35,36,37
796,14,15,16,17,24,25,26,27,34,35,36,37
797,14,15,16,17,24,25,26,27,34,35,36,37
798,14,15,16,17,24,25,26,27,34,35,36,37
799,14,15,16,17,24,25,26,27,34,35,36,37
800,14,15,16,17,24,25,26,27,34,35,36,37
801,14,15,16,17,24,25,26,27,34,35,36,37
802,14,15,16,17,24,25,26,27,34,35,36,37
803,14,15,16,17,24,25,26,27,34,35,36,37
804,14,15,16,17,24,25,26,27,34,35,36,37
805,14,15,16,17,24,25,26,27,34,35,36,37
806,14,15,16,17,24,25,26,27,34,35,36,37
807,14,15,16,17,24,25,26,27,34,35,36,37
808,14,15,16,17,24,25,26,27,34,35,36,37
809,14,15,16,17,24,25,26,27,34,35,36,37
810,14,15,16,17,24,25,26,27,34,35,36,37
811,14,15,16,17,24,25,26,27,34,35,36,37
812,14,15,16,17,24,25,26,27,34,35,36,37
813,14,15,16,17,24,25,26,27,34,35,36,37
814,14,15,16,17,24,25,26,27,34,35,36,37
815,14,15,16,17,24,25,26,27,34,35,36,37
816,14,15,16,17,24,25,26,27,34,35,36,37
817,14,15,16,17,24,25,26,27,34,35,36,37
818,14,15,16,17,24,25,26,27,34,35,36,37
819,14,15,16,17,24,25,26,27,34,35,36,37
820,14,15,16,17,24,25,26,27,34,35,36,37
821,14,15,16,17,24,25,26,27,34,35,36,37
822,14,15,16,17,24,25,26,27,34,35,36,37
823,14,15,16,17,24,25,26,27,34,35,36,37
824,14,15,16,17,24,25,26,27,34,35,36,37
825,14,15,16,17,24,25,26,27,34,35,36,37
826,14,15,16,17,24,25,26,27,34,35,36,37
827,14,15,16,17,24,25,26,27,34,35,36,37
828,14,15,16,17,24,25,26,27,34,35,36,37
829,14,15,16,17,24,25,26,27,34,35,36,37
830,14,15,16,17,24,25,26,27,34,35,36,37
831,14,15,16,17,24,25,26,27,34,35,36,37
832,14,15,16,17,24,25,26,27,34,35,36,37
833,14,15,16,17,24,25,26,27,34,35,36,37
834,14,15,16,17,24,25,26,27,34,35,36,37
835,14,15,16,17,24,25,26,27,34,35,36,37
836,14,15,16,17,24,25,26,27,34,35,36,37
837,14,15,16,17,24,25,26,27,34,35,36,37,45,46
838,14,15,16,17,24,25,26,27,34,35,36,37,45,46
839,14,15,16,17,24,25,26,27,34,35,36,37,45,46
840,14,15,16,17,24,25,26,27,34,35,36,37,45,46
841,14,15,16,17,24,25,26,27,34,35,36,37,45,46
842,14,15,16,17,24,25,26,27,34,35,36,37,45,46
843,14,15,16,17,24,25,26,27,34,35,36,37,45,46
844,14,15,16,17,24,25,26,27,34,35,36,37,45,46
845,14,15,16,17,24,25,26,27,34,35,36,37,45,46
846,14,15,16,17,24,25,26,27,34,35,36,37,45,46
847,14,15,16,17,24,25,26,27,34,35,36,37,45,46
848,14,15,16,17,24,25,26,27,34,35,36,37,45,46
849,14,15,16,17,24,25,26,27,34,35,36,37,45,46
850,14,15,16,17,24,25,26,27,34,35,36,37,45,46
851,14,15,16,17,24,25,26,27,34,35,36,37,45,46
852,14,15,16,17,24,25,26,27,34,35,36,37,45,46
853,14,15,16,17,24,25,26,27,34,35,36,37,45,46
854,14,15,16,17,24,25,26,27,34,35,36,37,45,46
855,14,15,16,17,24,25,26,27,34,35,36,37,45,46
856,14,15,16,17,24,25,26,27,34,35,36,37,45,46
857,14,15,16,17,24,25,26,27,34,35,36,37,45,46
858,14,15,16,17,24,25,26,27,34,35,36,37,45,46
859,14,15,16,17,24,25,26,27,34,35,36,37,45,46
860,14,15,16,17,24,25,26,27,34,35,36,37,45,46
861,14,15,16,17,24,25,26,27,34,35,36,37,45,46
862,14,15,16,17,24,25,26,27,34,35,36,37,45,46
863,14,15,16,17,24,25,26,27,34,35,36,37,45,46
864,14,15,16,17,24,25,26,27,34,35,36,37,45,46
865,14,15,16,17,24,25,26,27,34,35,36,37,45,46
866,14,15,16,17,24,25,26,27,34,35,36,37,45,46
867,14,15,16,17,24,25,26,27,34,35,36,37
868,14,15,16,17,24,25,26,27,34,35,36,37
869,14,15,16,17,24,25,26,27,34,35,36,37
870,14,15,16,17,24,25,26,27,34,35,36,37
871,14,15,16,17,24,25,26,27,34,35,36,37
872,14,15,16,17,24,25,26,27,34,35,36,37
873,14,15,16,17,24,25,26,27,34,35,36,37
874,14,15,16,17,24,25,26,27,34,35,36,37
875,14,15,16,17,24,25,26,27,34,35,36,37
876,14,15,16,17,24,25,26,27,34,35,36,37
877,14,15,16,17,24,25,26,27,34,35,36,37
878,14,15,16,17,24,25,26,27,34,35,36,37
879,6,14,15,16,17,24,25,26,27,34,35,36,37
880,6,14,15,16,17,24,25,26,27,34,35,36,37
881,6,14,15,16,17,24,25,26,27,34,35,36,37
882,6,14,15,16,17,24,25,26,27,34,35,36,37
883,6,14,15,16,17,24,25,26,27,34,35,36,37
884,6,14,15,16,17,24,25,26,27,34,35,36,37
885,6,15,16,17,24,25,26,27,35,36,37
886,6,15,16,17,24,25,26,27,35,36,37
887,6,15,16,17,24,25,26,27,35,36,37
888,6,15,16,17,24,25,26,27,35,36,37
889,14,15,16,17,24,25,26,27,35,36,37
890,14,15,16,17,24,25,26,27,35,36,37
891,14,15,16,17,24,25,26,27,34,35,36,37
892,14,15,16,17,24,25,26,27,34,35,36,37
893,14,15,16,17,24,25,26,27,34,35,36,37
894,14,15,16,17,24,25,26,27,34,35,36,37
895,14,15,16,17,24,25,26,27,34,35,36,37
896,14,15,16,17,24,25,26,27,34,35,36,37
897,14,15,16,17,24,25,26,27,34,35,36,37
898,14,15,16,17,24,25,26,27,34,35,36,37
899,14,15,16,17,24,25,26,27,34,35,36,37
900,14,15,16,17,24,25,26,27,34,35,36,37
901,14,15,16,17,24,25,26,27,34,35,36,37
902,14,15,16,17,24,25,26,27,34,35,36,37
903,6,14,15,16,17,24,25,26,27,34,35,36,37
904,6,14,15,16,17,24,25,26,27,34,35,36,37
905,5,6,14,15,16,17,24,25,26,27,34,35,36,37
906,5,6,14,15,16,17,24,25,26,27,34,35,36,37
907,5,6,14,15,16,17,24,25,26,27,34,35,36
908,5,6,14,15,16,17,24,25,26,27,34,35,36
909,5,6,14,15,16,24,25,26,27,34,35,36
910,5,6,14,15,16,24,25,26,27,34,35,36
911,5,6,14,15,16,24,25,26,34,35,36
912,5,6,14,15,16,24,25,26,34,35,36
913,5,6,14,15,16,24,25,26,27,34,35,36
914,5,6,14,15,16,24,25,26,27,34,35,36
915,5,6,14,15,16,24,25,26,27,34,35,36
916,5,6,14,15,16,24,25,26,27,34,35,36
917,5,6,14,15,16,24,25,26,27,34,35,36
918,5,6,14,15,16,24,25,26,27,34,35,36
919,5,6,14,15,16,24,25,26,27,34,35,36
920,5,6,14,15,16,24,25,26,27,34,35,36
921,5,6,14,15,16,17,24,25,26,27,34,35,36
922,5,6,14,15,16,17,24,25,26,27,34,35,36
923,5,6,14,15,16,17,24,25,26,27,34,35,36
924,5,6,14,15,16,17,24,25,26,27,34,35,36
925,5,6,14,15,16,24,25,26,27,34,35,36
926,5,6,14,15,16,24,25,26,27,34,35,36
927,5,6,14,15,16,24,25,26,27,34,35,36
928,5,6,14,15,16,24,25,26,27,34,35,36
929,5,6,14,15,16,24,25,26,27,34,35,36
930,5,6,14,15,16,24,25,26,27,34,35,36
931,5,6,14,15,16,24,25,26,27,34,35,36
932,5,6,14,15,16,24,25,26,27,34,35,36
933,5,6,14,15,16,24,25,26,27,34,35,36
934,5,6,14,15,16,24,25,26,27,34,35,36
935,5,6,14,15,16,24,25,26,27,34,35,36
936,5,6,14,15,16,24,25,26,27,34,35,36
937,5,6,14,15,16,24,25,26,27,34,35,36
938,5,6,14,15,16,24,25,26,27,34,35,36
939,5,6,14,15,16,24,25,26,34,35,36
940,5,6,14,15,16,24,25,26,34,35,36
941,5,6,14,15,16,24,25,26,34,35,36
942,5,6,14,15,16,24,25,26,34,35,36
943,5,6,14,15,16,24,25,26,27,34,35,36
944,5,6,14,15,16,24,25,26,27,34,35,36
945,5,6,14,15,16,17,24,25,26,27,34,35,36
946,5,6,14,15,16,17,24,25,26,27,34,35,36
947,5,6,14,15,16,17,24,25,26,27,34,35,36
948,5,6,14,15,16,17,24,25,26,27,34,35,36
949,5,6,14,15,16,17,24,25,26,27,34,35,36,37
950,5,6,14,15,16,17,24,25,26,27,34,35,36,37
951,5,6,14,15,16,17,24,25,26,27,34,35,36,37
952,5,6,14,15,16,17,24,25,26,27,34,35,36,37
953,6,14,15,16,17,24,25,26,27,34,35,36,37
954,6,14,15,16,17,24,25,26,27,34,35,36,37
955,6,14,15,16,17,24,25,26,27,34,35,36,37
956,6,14,15,16,17,24,25,26,27,34,35,36,37
957,6,14,15,16,17,24,25,26,27,34,35,36,37
958,6,14,15,16,17,24,25,26,27,34,35,36,37
959,6,14,15,16,17,24,25,26,27,34,35,36,37
960,6,14,15,16,17,24,25,26,27,34,35,36,37
961,6,14,15,16,17,24,25,26,27,34,35,36,37
962,6,14,15,16,17,24,25,26,27,34,35,36,37
963,6,14,15,16,17,24,25,26,27,34,35,36,37
964,6,14,15,16,17,24,25,26,27,34,35,36,37
965,6,14,15,16,17,24,25,26,27,34,35,36,37
966,6,14,15,16,17,24,25,26,27,34,35,36,37
967,6,14,15,16,17,24,25,26,27,34,35,36,37
968,6,14,15,16,17,24,25,26,27,34,35,36,37
969,6,14,15,16,17,24,25,26,27,34,35,36,37
970,6,14,15,16,17,24,25,26,27,34,35,36,37
971,6,14,15,16,17,24,25,26,27,34,35,36,37
972,6,14,15,16,17,24,25,26,27,34,35,36,37
973,6,14,15,16,17,24,25,26,27,34,35,36,37
974,6,14,15,16,17,24,25,26,27,34,35,36,37
975,6,14,15,16,17,24,25,26,27,34,35,36,37
976,6,14,15,16,17,24,25,26,27,34,35,36,37
977,6,14,15,16,17,24,25,26,27,34,35,36,37
978,6,14,15,16,17,24,25,26,27,34,35,36,37
979,6,14,15,16,17,24,25,26,27,34,35,36,37
980,6,14,15,16,17,24,25,26,27,34,35,36,37
981,6,14,15,16,17,24,25,26,27,34,35,36,37
982,6,14,15,16,17,24,25,26,27,34,35,36,37
983,6,14,15,16,17,24,25,26,27,34,35,36,37
984,6,14,15,16,17,24,25,26,27,34,35,36,37
985,6,14,15,16,17,24,25,26,27,34,35,36,37
986,6,14,15,16,17,24,25,26,27,34,35,36,37
987,6,14,15,16,17,24,25,26,27,34,35,36,37
988,6,14,15,16,17,24,25,26,27,34,35,36,37
989,5,6,14,15,16,17,24,25,26,27,34,35,36
990,5,6,14,15,16,17,24,25,26,27,34,35,36
991,5,14,15,16,24,25,26,27,34,35,36
992,5,14,15,16,24,25,26,27,34,35,36
993,5,14,15,16,24,25,26,34,35,36
994,5,14,15,16,24,25,26,34,35,36
995,5,14,15,16,24,25,26,34,35,36
996,5,14,15,16,24,25,26,34,35,36
997,5,14,15,16,24,25,26,34,35,36
998,5,14,15,16,24,25,26,34,35,36
999,5,14,15,16,24,25,26,34,35,36
1000,5,14,15,16,24,25,26,34,35,36
1001,5,14,15,16,23,24,25,26,34,35,36
1002,5,14,15,16,23,24,25,26,34,35,36
1003,14,15,16,23,24,25,26,34,35,36
1004,14,15,16,23,24,25,26,34,35,36
1005,14,15,16,23,24,25,26,34,35,36
1006,14,15,16,23,24,25,26,34,35,36
1007,14,15,16,23,24,25,26,34,35,36
1008,14,15,16,23,24,25,26,34,35,36
1009,14,15,16,23,24,25,26,34,35,36
1010,14,15,16,23,24,25,26,34,35,36
1011,14,15,16,23,24,25,26,34,35,36
1012,14,15,16,23,24,25,26,34,35,36
1013,14,15,16,23,24,25,26,34,35,36
1014,14,15,16,23,24,25,26,34,35,36
1015,14,15,16,23,24,25,26,34,35,36
1016,14,15,16,23,24,25,26,34,35,36
1017,13,14,15,16,23,24,25,26,34,35,36
1018,13,14,15,16,23,24,25,26,34,35,36
1019,13,14,15,16,23,24,25,26,34,35,36
1020,13,14,15,16,23,24,25,26,34,35,36
1021,13,14,15,16,23,24,25,26,33,34,35,36
1022,13,14,15,16,23,24,25,26,33,34,35,36
1023,13,14,15,16,23,24,25,26,33,34,35,36
1024,13,14,15,16,23,24,25,26,33,34,35,36
1025,13,14,15,16,23,24,25,26,33,34,35,36
1026,13,14,15,16,23,24,25,26,33,34,35,36
1027,13,14,15,16,23,24,25,26,33,34,35,36
1028,13,14,15,16,23,24,25,26,33,34,35,36
1029,13,14,15,16,23,24,25,26,33,34,35,36
1030,13,14,15,16,23,24,25,26,33,34,35,36
1031,13,14,15,16,23,24,25,26,34,35,36
1032,13,14,15,16,23,24,25,26,34,35,36
1033,14,15,16,23,24,25,26,34,35,36
1034,14,15,16,23,24,25,26,34,35,36
1035,14,15,16,24,25,26,34,35,36
1036,14,15,16,24,25,26,34,35,36
1037,14,15,16,24,25,26,27,34,35,36
1038,14,15,16,24,25,26,27,34,35,36
1039,14,15,16,17,24,25,26,27,34,35,36,37
1040,14,15,16,17,24,25,26,27,34,35,36,37
1041,14,15,16,17,24,25,26,27,34,35,36,37
1042,14,15,16,17,24,25,26,27,34,35,36,37
1043,14,15,16,17,24,25,26,27,34,35,36,37
1044,14,15,16,17,24,25,26,27,34,35,36,37
1045,14,15,16,24,25,26,27,34,35,36
1046,14,15,16,24,25,26,27,34,35,36
1047,14,15,16,24,25,26,34,35,36
1048,14,15,16,24,25,26,34,35,36
1049,14,15,16,24,25,26,34,35,36
1050,14,15,16,24,25,26,34,35,36
1051,14,15,16,24,25,26,34,35,36
1052,14,15,16,24,25,26,34,35,36
1053,14,15,16,24,25,26,34,35,36
1054,14,15,16,24,25,26,34,35,36
1055,14,15,16,24,25,26,34,35,36
1056,14,15,16,24,25,26,34,35,36
1057,14,15,16,24,25,26,34,35,36
1058,14,15,16,24,25,26,34,35,36
1059,14,15,16,24,25,26,34,35,36
1060,14,15,16,24,25,26,34,35,36
1061,14,15,16,24,25,26,34,35,36
1062,14,15,16,24,25,26,34,35,36
1063,14,15,16,24,25,26,27,34,35,36
1064,14,15,16,24,25,26,27,34,35,36
1065,14,15,16,24,25,26,27,34,35,36
1066,14,15,16,24,25,26,27,34,35,36
1067,14,15,16,17,24,25,26,27,34,35,36,37
1068,14,15,16,17,24,25,26,27,34,35,36,37
1069,14,15,16,17,24,25,26,27,34,35,36,37
1070,14,15,16,17,24,25,26,27,34,35,36,37
1071,14,15,16,17,24,25,26,27,34,35,36,37
1072,14,15,16,17,24,25,26,27,34,35,36,37
1073,14,15,16,17,24,25,26,27,34,35,36,37
1074,14,15,16,17,24,25,26,27,34,35,36,37
1075,14,15,16,17,24,25,26,27,34,35,36,37
1076,14,15,16,17,24,25,26,27,34,35,36,37
1077,14,15,16,17,24,25,26,27,34,35,36,37
1078,14,15,16,17,24,25,26,27,34,35,36,37
1079,5,6,14,15,16,17,24,25,26,27,34,35,36,37
1080,5,6,14,15,16,17,24,25,26,27,34,35,36,37
1081,5,6,14,15,16,17,24,25,26,27,34,35,36
1082,5,6,14,15,16,17,24,25,26,27,34,35,36
1083,5,6,14,15,16,17,24,25,26,27,34,35,36
1084,5,6,14,15,16,17,24,25,26,27,34,35,36
1085,5,6,14,15,16,17,24,25,26,27,34,35,36
1086,5,6,14,15,16,17,24,25,26,27,34,35,36
1087,5,6,14,15,16,24,25,26,34,35,36
1088,5,6,14,15,16,24,25,26,34,35,36
1089,4,5,6,13,14,15,16,23,24,25,26,34,35,36
1090,4,5,6,13,14,15,16,23,24,25,26,34,35,36
1091,4,5,6,13,14,15,16,23,24,25,26,34,35,36
1092,4,5,6,13,14,15,16,23,24,25,26,34,35,36
1093,4,5,6,13,14,15,16,23,24,25,26,33,34,35
1094,4,5,6,13,14,15,16,23,24,25,26,33,34,35
1095,4,5,13,14,15,16,23,24,25,26,33,34,35
1096,4,5,13,14,15,16,23,24,25,26,33,34,35
1097,4,5,13,14,15,16,23,24,25,26,33,34,35
1098,4,5,13,14,15,16,23,24,25,26,33,34,35
1099,4,5,13,14,15,16,23,24,25,26,33,34,35
1100,4,5,13,14,15,16,23,24,25,26,33,34,35
1101,4,5,13,14,15,16,23,24,25,26,33,34,35
1102,4,5,13,14,15,16,23,24,25,26,33,34,35
1103,4,5,13,14,15,16,23,24,25,26,33,34,35
1104,4,5,13,14,15,16,23,24,25,26,33,34,35
1105,4,5,13,14,15,16,23,24,25,26,33,34,35
1106,4,5,13,14,15,16,23,24,25,26,33,34,35
1107,4,5,13,14,15,16,23,24,25,26,33,34,35,36
1108,4,5,13,14,15,16,23,24,25,26,33,34,35,36
1109,4,5,6,13,14,15,16,23,24,25,26,34,35,36
1110,4,5,6,13,14,15,16,23,24,25,26,34,35,36
1111,5,6,14,15,16,17,24,25,26,27,34,35,36
1112,5,6,14,15,16,17,24,25,26,27,34,35,36
1113,4,5,6,14,15,16,17,24,25,26,27,34,35,36
1114,4,5,6,14,15,16,17,24,25,26,27,34,35,36
1115,4,5,6,7,14,15,16,17,24,25,26,27,35,36
1116,4,5,6,7,14,15,16,17,24,25,26,27,35,36
1117,4,5,6,7,14,15,16,17,24,25,26,27,35,36
1118,4,5,6,7,14,15,16,17,24,25,26,27,35,36
1119,1,2,3,4,5,6,7,8,9,10,14,15,16,17,24,25,26,27
1120,1,2,3,4,5,6,7,8,9,10,14,15,16,17,24,25,26,27
1121,1,2,3,4,5,6,7,8,9,10,14,15,16,17,24,25,26,27
1122,1,2,3,4,5,6,7,8,9,10,14,15,16,17,24,25,26,27
1123,1,2,3,4,5,6,7,8,9,10,14,15,16,17,24,25,26,27
1124,1,2,3,4,5,6,7,8,9,10,14,15,16,17,24,25,26,27
1125,4,5,6,7,14,15,16,17,24,25,26,27,35,36
1126,4,5,6,7,14,15,16,17,24,25,26,27,35,36
1127,4,5,6,7,14,15,16,17,24,25,26,27,35,36
1128,4,5,6,7,14,15,16,17,24,25,26,27,35,36
1129,5,6,7,14,15,16,17,24,25,26,27,35,36
1130,5,6,7,14,15,16,17,24,25,26,27,35,36
1131,5,6,14,15,16,17,24,25,26,27,34,35,36,37
1132,5,6,14,15,16,17,24,25,26,27,34,35,36,37
1133,5,6,14,15,16,17,24,25,26,27,34,35,36,37
1134,5,6,14,15,16,17,24,25,26,27,34,35,36,37
1135,6,14,15,16,17,24,25,26,27,34,35,36,37
1136,6,14,15,16,17,24,25,26,27,34,35,36,37
1137,14,15,16,17,24,25,26,27,34,35,36,37
1138,14,15,16,17,24,25,26,27,34,35,36,37
1139,14,15,16,17,24,25,26,27,34,35,36,37
1140,14,15,16,17,24,25,26,27,34,35,36,37
1141,14,15,16,17,24,25,26,27,34,35,36,37
1142,14,15,16,17,24,25,26,27,34,35,36,37
1143,14,15,16,17,24,25,26,27,34,35,36,37
1144,14,15,16,17,24,25,26,27,34,35,36,37
1145,14,15,16,17,24,25,26,27,34,35,36,37,45
1146,14,15,16,17,24,25,26,27,34,35,36,37,45
1147,14,15,16,17,24,25,26,27,34,35,36,37,45,46
1148,14,15,16,17,24,25,26,27,34,35,36,37,45,46
1149,14,15,16,17,24,25,26,27,34,35,36,37,45,46
1150,14,15,16,17,24,25,26,27,34,35,36,37,45,46
1151,14,15,16,17,24,25,26,27,34,35,36,37,45,46
1152,14,15,16,17,24,25,26,27,34,35,36,37,45,46
1153,14,15,16,17,24,25,26,27,34,35,36,37,45,46
1154,14,15,16,17,24,25,26,27,34,35,36,37,45,46
1155,14,15,16,17,24,25,26,27,34,35,36,37,45,46
1156,14,15,16,17,24,25,26,27,34,35,36,37,45,46
1157,14,15,16,17,24,25,26,27,34,35,36,37,45,46
1158,14,15,16,17,24,25,26,27,34,35,36,37,45,46
1159,14,15,16,17,24,25,26,27,34,35,36,37,45,46
1160,14,15,16,17,24,25,26,27,34,35,36,37,45,46
1161,14,15,16,17,24,25,26,27,34,35,36,37,45,46
1162,14,15,16,17,24,25,26,27,34,35,36,37,45,46
1163,14,15,16,17,24,25,26,27,34,35,36,37,45,46
1164,14,15,16,17,24,25,26,27,34,35,36,37,45,46
1165,14,15,16,17,24,25,26,27,34,35,36,37,45,46
1166,14,15,16,17,24,25,26,27,34,35,36,37,45,46
1167,14,15,16,17,24,25,26,27,34,35,36,37,45,46
1168,14,15,16,17,24,25,26,27,34,35,36,37,45,46
1169,14,15,16,17,24,25,26,27,34,35,36,37,45,46
1170,14,15,16,17,24,25,26,27,34,35,36,37,45,46
1171,14,15,16,17,24,25,26,27,34,35,36,37,45,46
1172,14,15,16,17,24,25,26,27,34,35,36,37,45,46
1173,14,15,16,17,24,25,26,27,34,35,36,37,45,46
1174,14,15,16,17,24,25,26,27,34,35,36,37,45,46
1175,14,15,16,17,24,25,26,27,34,35,36,37,45,46
1176,14,15,16,17,24,25,26,27,34,35,36,37,45,46
1177,14,15,16,17,24,25,26,27,34,35,36,37,45
1178,14,15,16,17,24,25,26,27,34,35,36,37,45
1179,14,15,16,17,24,25,26,27,34,35,36,37,45
1180,14,15,16,17,24,25,26,27,34,35,36,37,45
1181,14,15,16,17,24,25,26,27,34,35,36,37,45
1182,14,15,16,17,24,25,26,27,34,35,36,37,45
1183,14,15,16,17,24,25,26,27,34,35,36,37,45
1184,14,15,16,17,24,25,26,27,34,35,36,37,45
1185,14,15,16,17,24,25,26,27,34,35,36,37
1186,14,15,16,17,24,25,26,27,34,35,36,37
1187,14,15,16,17,24,25,26,27,34,35,36,37
1188,14,15,16,17,24,25,26,27,34,35,36,37
1189,14,15,16,17,24,25,26,27,34,35,36,37
1190,14,15,16,17,24,25,26,27,34,35,36,37
1191,14,15,16,24,25,26,27,34,35,36,37
1192,14,15,16,24,25,26,27,34,35,36,37
1193,14,15,16,24,25,26,27,34,35,36
1194,14,15,16,24,25,26,27,34,35,36
1195,14,15,16,24,25,26,27,34,35,36
1196,14,15,16,24,25,26,27,34,35,36
1197,14,15,16,24,25,26,27,34,35,36
1198,14,15,16,24,25,26,27,34,35,36
1199,14,15,16,24,25,26,27,34,35,36
1200,14,15,16,24,25,26,27,34,35,36
1201,14,15,16,24,25,26,27,34,35,36
1202,14,15,16,24,25,26,27,34,35,36
1203,14,15,16,24,25,26,34,35,36
1204,14,15,16,24,25,26,34,35,36
1205,14,15,16,23,24,25,26,34,35,36
1206,14,15,16,23,24,25,26,34,35,36
1207,13,14,15,16,23,24,25,26,33,34,35,36
1208,13,14,15,16,23,24,25,26,33,34,35,36
1209,13,14,15,16,23,24,25,26,33,34,35,36
1210,13,14,15,16,23,24,25,26,33,34,35,36
1211,13,14,15,16,23,24,25,26,33,34,35,36
1212,13,14,15,16,23,24,25,26,33,34,35,36
1213,13,14,15,23,24,25,26,33,34,35
1214,13,14,15,23,24,25,26,33,34,35
1215,13,14,15,23,24,25,33,34,35
1216,13,14,15,23,24,25,33,34,35
1217,13,14,15,23,24,25,33,34,35
1218,13,14,15,23,24,25,33,34,35
1219,13,14,15,22,23,24,25,33,34,35,44
1220,13,14,15,22,23,24,25,33,34,35,44
1221,13,14,15,22,23,24,25,33,34,35,44
1222,13,14,15,22,23,24,25,33,34,35,44
1223,13,14,15,23,24,25,33,34,35,44
1224,13,14,15,23,24,25,33,34,35,44
1225,13,14,15,23,24,25,33,34,35,44
1226,13,14,15,23,24,25,33,34,35,44
1227,13,14,15,16,23,24,25,26,33,34,35,36,44
1228,13,14,15,16,23,24,25,26,33,34,35,36,44
1229,13,14,15,16,23,24,25,26,33,34,35,36
1230,13,14,15,16,23,24,25,26,33,34,35,36
1231,14,15,16,23,24,25,26,34,35,36
1232,14,15,16,23,24,25,26,34,35,36
1233,14,15,16,24,25,26,34,35,36
1234,14,15,16,24,25,26,34,35,36
1235,14,15,16,24,25,26,34,35,36
1236,14,15,16,24,25,26,34,35,36
1237,14,15,16,24,25,26,27,34,35,36
1238,14,15,16,24,25,26,27,34,35,36
1239,14,15,16,17,24,25,26,27,34,35,36,37
1240,14,15,16,17,24,25,26,27,34,35,36,37
1241,14,15,16,17,24,25,26,27,34,35,36,37
1242,14,15,16,17,24,25,26,27,34,35,36,37
1243,14,15,16,17,24,25,26,27,34,35,36,37
1244,14,15,16,17,24,25,26,27,34,35,36,37
1245,14,15,16,17,24,25,26,27,34,35,36,37
1246,14,15,16,17,24,25,26,27,34,35,36,37
1247,14,15,16,17,24,25,26,27,34,35,36,37
1248,14,15,16,17,24,25,26,27,34,35,36,37
1249,14,15,16,17,24,25,26,27,34,35,36,37
1250,14,15,16,17,24,25,26,27,34,35,36,37
1251,14,15,16,17,24,25,26,27,34,35,36,37
1252,14,15,16,17,24,25,26,27,34,35,36,37
1253,14,15,16,17,24,25,26,27,34,35,36,37
1254,14,15,16,17,24,25,26,27,34,35,36,37
1255,14,15,16,17,24,25,26,27,34,35,36,37
1256,14,15,16,17,24,25,26,27,34,35,36,37
1257,14,15,16,17,24,25,26,27,34,35,36,37
1258,14,15,16,17,24,25,26,27,34,35,36,37
1259,14,15,16,17,24,25,26,27,34,35,36,37
1260,14,15,16,17,24,25,26,27,34,35,36,37
1261,14,15,16,17,24,25,26,27,34,35,36,37
1262,14,15,16,17,24,25,26,27,34,35,36,37
1263,14,15,16,17,24,25,26,27,34,35,36,37
1264,14,15,16,17,24,25,26,27,34,35,36,37
1265,14,15,16,24,25,26,27,34,35,36,37
1266,14,15,16,24,25,26,27,34,35,36,37
1267,14,15,16,24,25,26,34,35,36
1268,14,15,16,24,25,26,34,35,36
1269,14,15,16,24,25,26,34,35,36
1270,14,15,16,24,25,26,34,35,36
1271,14,15,16,24,25,26,34,35,36
1272,14,15,16,24,25,26,34,35,36
1273,14,15,16,24,25,26,34,35,36
1274,14,15,16,24,25,26,34,35,36
1275,14,15,16,24,25,26,27,34,35,36
1276,14,15,16,24,25,26,27,34,35,36
1277,14,15,16,24,25,26,27,34,35,36,37
1278,14,15,16,24,25,26,27,34,35,36,37
1279,14,15,16,17,24,25,26,27,34,35,36,37
1280,14,15,16,17,24,25,26,27,34,35,36,37
1281,14,15,16,17,24,25,26,27,34,35,36,37
1282,14,15,16,17,24,25,26,27,34,35,36,37
1283,14,15,16,17,24,25,26,27,34,35,36,37
1284,14,15,16,17,24,25,26,27,34,35,36,37
1285,14,15,16,17,24,25,26,27,34,35,36,37
1286,14,15,16,17,24,25,26,27,34,35,36,37
1287,14,15,16,17,24,25,26,27,34,35,36,37
1288,14,15,16,17,24,25,26,27,34,35,36,37
1289,14,15,16,17,24,25,26,27,34,35,36,37,45,46
1290,14,15,16,17,24,25,26,27,34,35,36,37,45,46
1291,14,15,16,17,24,25,26,27,34,35,36,37,45,46
1292,14,15,16,17,24,25,26,27,34,35,36,37,45,46
1293,14,15,16,17,24,25,26,27,34,35,36,37,45,46
1294,14,15,16,17,24,25,26,27,34,35,36,37,45,46
1295,14,15,16,17,24,25,26,27,34,35,36,37,45,46
1296,14,15,16,17,24,25,26,27,34,35,36,37,45,46
1297,14,15,16,17,24,25,26,27,34,35,36,37,45,46
1298,14,15,16,17,24,25,26,27,34,35,36,37,45,46
1299,14,15,16,17,24,25,26,27,34,35,36,37,45,46
1300,14,15,16,17,24,25,26,27,34,35,36,37,45,46
1301,14,15,16,17,24,25,26,27,34,35,36,37,45,46
1302,14,15,16,17,24,25,26,27,34,35,36,37,45,46
1303,14,15,16,17,24,25,26,27,34,35,36,37,45,46
1304,14,15,16,17,24,25,26,27,34,35,36,37,45,46
1305,14,15,16,17,24,25,26,27,34,35,36,37,45,46
1306,14,15,16,17,24,25,26,27,34,35,36,37,45,46
1307,14,15,16,17,24,25,26,27,34,35,36,37,45,46
1308,14,15,16,17,24,25,26,27,34,35,36,37,45,46
1309,14,15,16,17,24,25,26,27,34,35,36,37,45,46
1310,14,15,16,17,24,25,26,27,34,35,36,37,45,46
1311,14,15,16,17,24,25,26,27,34,35,36,37,45,46
1312,14,15,16,17,24,25,26,27,34,35,36,37,45,46
1313,14,15,16,17,24,25,26,27,34,35,36,37,45,46
1314,14,15,16,17,24,25,26,27,34,35,36,37,45,46
1315,14,15,16,17,24,25,26,27,34,35,36,37,45,46
1316,14,15,16,17,24,25,26,27,34,35,36,37,45,46
1317,14,15,16,17,24,25,26,27,34,35,36,37,45,46
1318,14,15,16,17,24,25,26,27,34,35,36,37,45,46
1319,14,15,16,17,24,25,26,27,34,35,36,37,45,46
1320,14,15,16,17,24,25,26,27,34,35,36,37,45,46
1321,14,15,16,17,24,25,26,27,34,35,36,37,45,46
1322,14,15,16,17,24,25,26,27,34,35,36,37,45,46
1323,14,15,16,17,24,25,26,27,34,35,36,37,45
1324,14,15,16,17,24,25,26,27,34,35,36,37,45
1325,14,15,16,24,25,26,27,34,35,36
1326,14,15,16,24,25,26,27,34,35,36
1327,14,15,16,24,25,26,34,35,36
1328,14,15,16,24,25,26,34,35,36
1329,14,15,16,24,25,26,34,35,36
1330,14,15,16,24,25,26,34,35,36
1331,14,15,16,24,25,26,34,35,36
1332,14,15,16,24,25,26,34,35,36
1333,14,15,16,24,25,26,34,35,36,45
1334,14,15,16,24,25,26,34,35,36,45
1335,14,15,16,24,25,26,34,35,36,45
1336,14,15,16,24,25,26,34,35,36,45
1337,14,15,16,23,24,25,26,34,35,36,45
1338,14,15,16,23,24,25,26,34,35,36,45
1339,14,15,16,23,24,25,26,34,35,36,45
1340,14,15,16,23,24,25,26,34,35,36,45
1341,14,15,16,23,24,25,26,34,35,36,45
1342,14,15,16,23,24,25,26,34,35,36,45
1343,14,15,16,23,24,25,26,34,35,36,45
1344,14,15,16,23,24,25,26,34,35,36,45
1345,14,15,16,23,24,25,26,34,35,36,45
1346,14,15,16,23,24,25,26,34,35,36,45
1347,14,15,16,23,24,25,26,34,35,36,45
1348,14,15,16,23,24,25,26,34,35,36,45
1349,14,15,16,24,25,26,34,35,36
1350,14,15,16,24,25,26,34,35,36
1351,14,15,16,24,25,26,34,35,36
1352,14,15,16,24,25,26,34,35,36
1353,14,15,16,24,25,26,34,35,36
1354,14,15,16,24,25,26,34,35,36
1355,14,15,16,24,25,26,34,35,36
1356,14,15,16,24,25,26,34,35,36
1357,14,15,16,24,25,26,34,35,36
1358,14,15,16,24,25,26,34,35,36
1359,14,15,16,24,25,26,34,35,36
1360,14,15,16,24,25,26,34,35,36
1361,14,15,16,24,25,26,34,35,36
1362,14,15,16,24,25,26,34,35,36
1363,14,15,16,24,25,26,34,35,36
1364,14,15,16,24,25,26,34,35,36
1365,14,15,16,24,25,26,27,34,35,36,45
1366,14,15,16,24,25,26,27,34,35,36,45
1367,14,15,16,17,24,25,26,27,34,35,36,37,45
1368,14,15,16,17,24,25,26,27,34,35,36,37,45
1369,14,15,16,17,24,25,26,27,34,35,36,37,45,46
1370,14,15,16,17,24,25,26,27,34,35,36,37,45,46
1371,14,15,16,17,24,25,26,27,34,35,36,37,45,46
1372,14,15,16,17,24,25,26,27,34,35,36,37,45,46
1373,14,15,16,17,24,25,26,27,34,35,36,37,45,46
1374,14,15,16,17,24,25,26,27,34,35,36,37,45,46
1375,14,15,16,17,24,25,26,27,34,35,36,37,45,46
1376,14,15,16,17,24,25,26,27,34,35,36,37,45,46
1377,14,15,16,17,24,25,26,27,34,35,36,37,45,46
1378,14,15,16,17,24,25,26,27,34,35,36,37,45,46
1379,14,15,16,17,24,25,26,27,34,35,36,37,45,46
1380,14,15,16,17,24,25,26,27,34,35,36,37,45,46
1381,14,15,16,17,24,25,26,27,34,35,36,37,45,46
1382,14,15,16,17,24,25,26,27,34,35,36,37,45,46
1383,14,15,16,17,24,25,26,27,34,35,36,37,45,46
1384,14,15,16,17,24,25,26,27,34,35,36,37,45,46
1385,14,15,16,17,24,25,26,27,34,35,36,37,45,46
1386,14,15,16,17,24,25,26,27,34,35,36,37,45,46
1387,14,15,16,17,24,25,26,27,34,35,36,37,45,46
1388,14,15,16,17,24,25,26,27,34,35,36,37,45,46
1389,14,15,16,17,24,25,26,27,34,35,36,37,45,46
1390,14,15,16,17,24,25,26,27,34,35,36,37,45,46
1391,14,15,16,17,24,25,26,27,34,35,36,37,45,46
1392,14,15,16,17,24,25,26,27,34,35,36,37,45,46
1393,14,15,16,17,24,25,26,27,34,35,36,37,45,46
1394,14,15,16,17,24,25,26,27,34,35,36,37,45,46
1395,14,15,16,17,24,25,26,27,34,35,36,37,45,46
1396,14,15,16,17,24,25,26,27,34,35,36,37,45,46
1397,14,15,16,17,24,25,26,27,34,35,36,37,45,46
1398,14,15,16,17,24,25,26,27,34,35,36,37,45,46
1399,14,15,16,17,24,25,26,27,34,35,36,37,45,46
1400,14,15,16,17,24,25,26,27,34,35,36,37,45,46
1401,14,15,16,17,24,25,26,27,34,35,36,37,45,46
1402,14,15,16,17,24,25,26,27,34,35,36,37,45,46
1403,14,15,16,17,24,25,26,27,34,35,36,37,45,46
1404,14,15,16,17,24,25,26,27,34,35,36,37,45,46
1405,14,15,16,17,24,25,26,27,34,35,36,37,45,46
1406,14,15,16,17,24,25,26,27,34,35,36,37,45,46
1407,14,15,16,17,24,25,26,27,34,35,36,37,45,46
1408,14,15,16,17,24,25,26,27,34,35,36,37,45,46
1409,14,15,16,17,24,25,26,27,34,35,36,37,45
1410,14,15,16,17,24,25,26,27,34,35,36,37,45
1411,14,15,16,17,24,25,26,27,34,35,36,37
1412,14,15,16,17,24,25,26,27,34,35,36,37
1413,14,15,16,17,24,25,26,27,34,35,36,37
1414,14,15,16,17,24,25,26,27,34,35,36,37
1415,14,15,16,17,24,25,26,27,34,35,36,37
1416,14,15,16,17,24,25,26,27,34,35,36,37
1417,14,15,16,17,24,25,26,27,34,35,36,37
1418,14,15,16,17,24,25,26,27,34,35,36,37
1419,14,15,16,17,24,25,26,27,34,35,36,37
1420,14,15,16,17,24,25,26,27,34,35,36,37
1421,14,15,16,17,24,25,26,27,34,35,36,37
1422,14,15,16,17,24,25,26,27,34,35,36,37
1423,14,15,16,17,24,25,26,27,34,35,36,37
1424,14,15,16,17,24,25,26,27,34,35,36,37
1425,14,15,16,17,24,25,26,27,34,35,36,37
1426,14,15,16,17,24,25,26,27,34,35,36,37
1427,14,15,16,24,25,26,27,34,35,36
1428,14,15,16,24,25,26,27,34,35,36
1429,14,15,16,24,25,26,27,34,35,36
1430,14,15,16,24,25,26,27,34,35,36
1431,14,15,16,24,25,26,27,34,35,36
1432,14,15,16,24,25,26,27,34,35,36
1433,14,15,16,24,25,26,27,34,35,36
1434,14,15,16,24,25,26,27,34,35,36
1435,14,15,16,24,25,26,27,34,35,36
1436,14,15,16,24,25,26,27,34,35,36
1437,14,15,16,24,25,26,27,34,35,36
1438,14,15,16,24,25,26,27,34,35,36
1439,14,15,16,24,25,26,27,34,35,36
1440,14,15,16,24,25,26,27,34,35,36
1441,14,15,16,24,25,26,27,34,35,36
1442,14,15,16,24,25,26,27,34,35,36
1443,14,15,16,17,24,25,26,27,34,35,36,37
1444,14,15,16,17,24,25,26,27,34,35,36,37
1445,14,15,16,17,24,25,26,27,34,35,36,37
1446,14,15,16,17,24,25,26,27,34,35,36,37
1447,14,15,16,17,24,25,26,27,34,35,36,37
1448,14,15,16,17,24,25,26,27,34,35,36,37
1449,14,15,16,17,24,25,26,27,34,35,36,37
1450,14,15,16,17,24,25,26,27,34,35,36,37
1451,14,15,16,17,24,25,26,27,34,35,36,37
1452,14,15,16,17,24,25,26,27,34,35,36,37
1453,14,15,16,17,24,25,26,27,34,35,36,37
1454,14,15,16,17,24,25,26,27,34,35,36,37
1455,14,15,16,17,24,25,26,27,34,35,36,37
1456,14,15,16,17,24,25,26,27,34,35,36,37
1457,14,15,16,17,24,25,26,27,34,35,36,37
1458,14,15,16,17,24,25,26,27,34,35,36,37
1459,14,15,16,17,24,25,26,27,34,35,36,37
1460,14,15,16,17,24,25,26,27,34,35,36,37
1461,6,14,15,16,17,24,25,26,27,34,35,36,37
1462,6,14,15,16,17,24,25,26,27,34,35,36,37
1463,6,14,15,16,17,24,25,26,27,34,35,36,37
1464,6,14,15,16,17,24,25,26,27,34,35,36,37
1465,6,14,15,16,17,24,25,26,27,34,35,36,37
1466,6,14,15,16,17,24,25,26,27,34,35,36,37
1467,6,14,15,16,17,24,25,26,27,34,35,36,37
1468,6,14,15,16,17,24,25,26,27,34,35,36,37
1469,6,14,15,16,17,24,25,26,27,34,35,36,37
1470,6,14,15,16,17,24,25,26,27,34,35,36,37
1471,6,14,15,16,17,24,25,26,27,34,35,36,37
1472,6,14,15,16,17,24,25,26,27,34,35,36,37
1473,6,14,15,16,17,24,25,26,27,34,35,36,37
1474,6,14,15,16,17,24,25,26,27,34,35,36,37
1475,14,15,16,17,24,25,26,27,34,35,36,37
1476,14,15,16,17,24,25,26,27,34,35,36,37
1477,14,15,16,17,24,25,26,27,34,35,36,37
1478,14,15,16,17,24,25,26,27,34,35,36,37
1479,14,15,16,17,24,25,26,27,35,36,37
1480,14,15,16,17,24,25,26,27,35,36,37
1481,14,15,16,17,24,25,26,27,35,36,37
1482,14,15,16,17,24,25,26,27,35,36,37
1483,14,15,16,17,24,25,26,27,35,36,37
1484,14,15,16,17,24,25,26,27,35,36,37
1485,14,15,16,17,24,25,26,27,34,35,36,37
1486,14,15,16,17,24,25,26,27,34,35,36,37
1487,14,15,16,17,24,25,26,27,34,35,36,37
1488,14,15,16,17,24,25,26,27,34,35,36,37
1489,14,15,16,17,24,25,26,27,34,35,36,37
1490,14,15,16,17,24,25,26,27,34,35,36,37
1491,14,15,16,17,24,25,26,27,34,35,36,37
1492,14,15,16,17,24,25,26,27,34,35,36,37
1493,14,15,16,17,24,25,26,27,34,35,36,37
1494,14,15,16,17,24,25,26,27,34,35,36,37
1495,14,15,16,17,24,25,26,27,34,35,36,37
1496,14,15,16,17,24,25,26,27,34,35,36,37
1497,14,15,16,17,24,25,26,27,34,35,36,37
1498,14,15,16,17,24,25,26,27,34,35,36,37
1499,14,15,16,17,24,25,26,27,34,35,36,37
1500,14,15,16,17,24,25,26,27,34,35,36,37
1501,14,15,16,17,24,25,26,27,34,35,36,37
1502,14,15,16,17,24,25,26,27,34,35,36,37
1503,14,15,16,17,24,25,26,27,34,35,36,37
1504,14,15,16,17,24,25,26,27,34,35,36,37
1505,14,15,16,17,24,25,26,27,34,35,36,37
1506,14,15,16,17,24,25,26,27,34,35,36,37
1507,14,15,16,17,24,25,26,27,34,35,36,37
1508,14,15,16,17,24,25,26,27,34,35,36,37
1509,14,15,16,17,24,25,26,27,34,35,36,37
1510,14,15,16,17,24,25,26,27,34,35,36,37
1511,15,16,17,24,25,26,27,35,36,37
1512,15,16,17,24,25,26,27,35,36,37
1513,15,16,17,24,25,26,27,35,36,37
1514,15,16,17,24,25,26,27,35,36,37
1515,15,16,17,24,25,26,27,35,36,37
1516,15,16,17,24,25,26,27,35,36,37
1517,15,16,17,25,26,27,35,36,37,46
1518,15,16,17,25,26,27,35,36,37,46
1519,15,16,17,25,26,27,35,36,37,46
1520,15,16,17,25,26,27,35,36,37,46
1521,15,16,17,25,26,27,35,36,37,46
1522,15,16,17,25,26,27,35,36,37,46
1523,15,16,17,25,26,27,35,36,37,46
1524,15,16,17,25,26,27,35,36,37,46
1525,15,16,17,25,26,27,35,36,37,46
1526,15,16,17,25,26,27,35,36,37,46
1527,15,16,17,25,26,27,35,36,37,46
1528,15,16,17,25,26,27,35,36,37,46
1529,15,16,17,25,26,27,35,36,37,46
1530,15,16,17,25,26,27,35,36,37,46
1531,15,16,17,25,26,27,35,36,37,46
1532,15,16,17,25,26,27,35,36,37,46
1533,15,16,17,25,26,27,35,36,37,46
1534,15,16,17,25,26,27,35,36,37,46
1535,15,16,17,25,26,27,35,36,37,46
1536,15,16,17,25,26,27,35,36,37,46
1537,15,16,17,24,25,26,27,35,36,37,46
1538,15,16,17,24,25,26,27,35,36,37,46
1539,15,16,17,24,25,26,27,35,36,37,46
1540,15,16,17,24,25,26,27,35,36,37,46
1541,15,16,17,24,25,26,27,35,36,37,46
1542,15,16,17,24,25,26,27,35,36,37,46
1543,15,16,17,24,25,26,27,35,36,37,46
1544,15,16,17,24,25,26,27,35,36,37,46
1545,15,16,17,24,25,26,27,34,35,36,37,46
1546,15,16,17,24,25,26,27,34,35,36,37,46
1547,14,15,16,17,24,25,26,27,34,35,36,37,46
1548,14,15,16,17,24,25,26,27,34,35,36,37,46
1549,14,15,16,17,24,25,26,27,34,35,36,37,46
1550,14,15,16,17,24,25,26,27,34,35,36,37,46
1551,14,15,16,17,24,25,26,27,34,35,36,37,46
1552,14,15,16,17,24,25,26,27,34,35,36,37,46
1553,14,15,16,17,24,25,26,27,34,35,36,37,45,46
1554,14,15,16,17,24,25,26,27,34,35,36,37,45,46
1555,14,15,16,17,24,25,26,27,34,35,36,37,45,46
1556,14,15,16,17,24,25,26,27,34,35,36,37,45,46
1557,14,15,16,17,24,25,26,27,34,35,36,37,45,46
1558,14,15,16,17,24,25,26,27,34,35,36,37,45,46
1559,14,15,16,17,24,25,26,27,34,35,36,37,45,46
1560,14,15,16,17,24,25,26,27,34,35,36,37,45,46
1561,14,15,16,17,24,25,26,27,34,35,36,37
1562,14,15,16,17,24,25,26,27,34,35,36,37
1563,14,15,16,17,24,25,26,27,34,35,36,37
1564,14,15,16,17,24,25,26,27,34,35,36,37
1565,14,15,16,17,24,25,26,27,34,35,36,37
1566,14,15,16,17,24,25,26,27,34,35,36,37
1567,14,15,16,17,24,25,26,27,34,35,36,37
1568,14,15,16,17,24,25,26,27,34,35,36,37
1569,14,15,16,17,24,25,26,27,34,35,36,37
1570,14,15,16,17,24,25,26,27,34,35,36,37
1571,14,15,16,17,24,25,26,27,34,35,36,37
1572,14,15,16,17,24,25,26,27,34,35,36,37
1573,14,15,16,17,24,25,26,27,34,35,36,37
1574,14,15,16,17,24,25,26,27,34,35,36,37
1575,14,15,16,17,24,25,26,27,34,35,36,37
1576,14,15,16,17,24,25,26,27,34,35,36,37
1577,14,15,16,17,24,25,26,27,34,35,36,37
1578,14,15,16,17,24,25,26,27,34,35,36,37
1579,14,15,16,17,24,25,26,27,34,35,36,37
1580,14,15,16,17,24,25,26,27,34,35,36,37
1581,14,15,16,17,24,25,26,27,34,35,36,37
1582,14,15,16,17,24,25,26,27,34,35,36,37
1583,14,15,16,17,24,25,26,27,34,35,36,37
1584,14,15,16,17,24,25,26,27,34,35,36,37
1585,14,15,16,17,24,25,26,27,34,35,36,37
1586,14,15,16,17,24,25,26,27,34,35,36,37
1587,14,15,16,17,24,25,26,27,34,35,36,37
1588,14,15,16,17,24,25,26,27,34,35,36,37
1589,14,15,16,17,24,25,26,27,34,35,36,37
1590,14,15,16,17,24,25,26,27,34,35,36,37
1591,14,15,16,17,24,25,26,27,34,35,36,37
1592,14,15,16,17,24,25,26,27,34,35,36,37
1593,14,15,16,17,24,25,26,27,34,35,36,37
1594,14,15,16,17,24,25,26,27,34,35,36,37
1595,14,15,16,17,24,25,26,27,34,35,36,37
1596,14,15,16,17,24,25,26,27,34,35,36,37
1597,14,15,16,17,24,25,26,27,34,35,36,37
1598,14,15,16,17,24,25,26,27,34,35,36,37
1599,14,15,16,17,24,25,26,27,34,35,36,37
1600,14,15,16,17,24,25,26,27,34,35,36,37
1601,14,15,16,17,24,25,26,27,34,35,36,37
1602,14,15,16,17,24,25,26,27,34,35,36,37
1603,14,15,16,17,24,25,26,27,34,35,36,37
1604,14,15,16,17,24,25,26,27,34,35,36,37
1605,14,15,16,17,24,25,26,27,34,35,36,37
1606,14,15,16,17,24,25,26,27,34,35,36,37
1607,14,15,16,17,24,25,26,27,34,35,36,37
1608,14,15,16,17,24,25,26,27,34,35,36,37
1609,14,15,16,17,24,25,26,27,34,35,36,37
1610,14,15,16,17,24,25,26,27,34,35,36,37
1611,14,15,16,17,24,25,26,27,34,35,36,37
1612,14,15,16,17,24,25,26,27,34,35,36,37
1613,14,15,16,17,24,25,26,27,34,35,36,37
1614,14,15,16,17,24,25,26,27,34,35,36,37
1615,14,15,16,17,24,25,26,27,34,35,36,37
1616,14,15,16,17,24,25,26,27,34,35,36,37
1617,14,15,16,17,24,25,26,27,34,35,36,37
1618,14,15,16,17,24,25,26,27,34,35,36,37
1619,14,15,16,17,24,25,26,27,34,35,36,37
1620,14,15,16,17,24,25,26,27,34,35,36,37
1621,14,15,16,17,24,25,26,27,34,35,36,37
1622,14,15,16,17,24,25,26,27,34,35,36,37
1623,14,15,16,17,24,25,26,27,34,35,36,37
1624,14,15,16,17,24,25,26,27,34,35,36,37
1625,14,15,16,17,24,25,26,27,34,35,36,37
1626,14,15,16,17,24,25,26,27,34,35,36,37
1627,14,15,16,17,24,25,26,27,34,35,36,37
1628,14,15,16,17,24,25,26,27,34,35,36,37
1629,14,15,16,17,24,25,26,27,34,35,36,37
1630,14,15,16,17,24,25,26,27,34,35,36,37
1631,14,15,16,17,24,25,26,27,34,35,36,37
1632,14,15,16,17,24,25,26,27,34,35,36,37
1633,14,15,16,24,25,26,27,34,35,36
1634,14,15,16,24,25,26,27,34,35,36
1635,14,15,16,24,25,26,27,34,35,36
1636,14,15,16,24,25,26,27,34,35,36
1637,14,15,16,24,25,26,34,35,36
1638,14,15,16,24,25,26,34,35,36
1639,5,14,15,16,24,25,26,34,35,36
1640,5,14,15,16,24,25,26,34,35,36
1641,5,14,15,16,24,25,26,34,35,36
1642,5,14,15,16,24,25,26,34,35,36
1643,5,14,15,16,24,25,26,34,35,36
1644,5,14,15,16,24,25,26,34,35,36
1645,14,15,16,24,25,26,34,35,36
1646,14,15,16,24,25,26,34,35,36
1647,14,15,16,24,25,26,34,35,36
1648,14,15,16,24,25,26,34,35,36
1649,14,15,16,23,24,25,26,34,35,36
1650,14,15,16,23,24,25,26,34,35,36
1651,14,15,16,23,24,25,26,34,35,36
1652,14,15,16,23,24,25,26,34,35,36
1653,14,15,16,23,24,25,26,34,35,36
1654,14,15,16,23,24,25,26,34,35,36
1655,14,15,16,23,24,25,26,34,35,36
1656,14,15,16,23,24,25,26,34,35,36
1657,14,15,16,24,25,26,34,35,36
1658,14,15,16,24,25,26,34,35,36
1659,14,15,16,24,25,26,34,35,36
1660,14,15,16,24,25,26,34,35,36
1661,14,15,16,24,25,26,34,35,36
1662,14,15,16,24,25,26,34,35,36
1663,14,15,16,24,25,26,34,35,36
1664,14,15,16,24,25,26,34,35,36
1665,14,15,16,23,24,25,26,34,35,36
1666,14,15,16,23,24,25,26,34,35,36
1667,14,15,16,23,24,25,26,34,35,36
1668,14,15,16,23,24,25,26,34,35,36
1669,14,15,16,23,24,25,26,34,35,36
1670,14,15,16,23,24,25,26,34,35,36
1671,14,15,16,23,24,25,26,34,35,36
1672,14,15,16,23,24,25,26,34,35,36
1673,14,15,16,23,24,25,26,34,35,36
1674,14,15,16,23,24,25,26,34,35,36
1675,14,15,16,24,25,26,34,35,36
1676,14,15,16,24,25,26,34,35,36
1677,14,15,16,24,25,26,34,35,36
1678,14,15,16,24,25,26,34,35,36
1679,14,15,16,24,25,26,34,35,36
1680,14,15,16,24,25,26,34,35,36
1681,14,15,16,24,25,26,34,35,36
1682,14,15,16,24,25,26,34,35,36
1683,14,15,16,24,25,26,34,35,36
1684,14,15,16,24,25,26,34,35,36
1685,14,15,16,24,25,26,34,35,36
1686,14,15,16,24,25,26,34,35,36
1687,14,15,16,24,25,26,34,35,36
1688,14,15,16,24,25,26,34,35,36
1689,14,15,16,24,25,26,34,35,36
1690,14,15,16,24,25,26,34,35,36
1691,14,15,16,24,25,26,34,35,36
1692,14,15,16,24,25,26,34,35,36
1693,14,15,16,24,25,26,34,35,36
1694,14,15,16,24,25,26,34,35,36
1695,14,15,16,24,25,26,34,35,36
1696,14,15,16,24,25,26,34,35,36
1697,14,15,16,24,25,26,27,34,35,36
1698,14,15,16,24,25,26,27,34,35,36
1699,14,15,16,24,25,26,27,34,35,36
1700,14,15,16,24,25,26,27,34,35,36
1701,14,15,16,24,25,26,27,34,35,36
1702,14,15,16,24,25,26,27,34,35,36
1703,14,15,16,24,25,26,27,34,35,36
1704,14,15,16,24,25,26,27,34,35,36
1705,14,15,16,24,25,26,27,34,35,36
1706,14,15,16,24,25,26,27,34,35,36
1707,14,15,16,24,25,26,27,34,35,36
1708,14,15,16,24,25,26,27,34,35,36
1709,14,15,16,24,25,26,27,34,35,36
1710,14,15,16,24,25,26,27,34,35,36
1711,14,15,16,24,25,26,27,34,35,36
1712,14,15,16,24,25,26,27,34,35,36
1713,14,15,16,24,25,26,27,34,35,36
1714,14,15,16,24,25,26,27,34,35,36
1715,14,15,16,24,25,26,27,34,35,36
1716,14,15,16,24,25,26,27,34,35,36
1717,14,15,16,24,25,26,27,34,35,36
1718,14,15,16,24,25,26,27,34,35,36
1719,14,15,16,24,25,26,27,34,35,36
1720,14,15,16,24,25,26,27,34,35,36
1721,14,15,16,24,25,26,27,34,35,36
1722,14,15,16,24,25,26,27,34,35,36
1723,14,15,16,24,25,26,27,34,35,36
1724,14,15,16,24,25,26,27,34,35,36
1725,14,15,16,24,25,26,27,34,35,36
1726,14,15,16,24,25,26,27,34,35,36
1727,14,15,16,24,25,26,27,34,35,36
1728,14,15,16,24,25,26,27,34,35,36
1729,14,15,16,24,25,26,27,34,35,36
1730,14,15,16,24,25,26,27,34,35,36
1731,14,15,16,24,25,26,27,34,35,36
1732,14,15,16,24,25,26,27,34,35,36
1733,14,15,16,24,25,26,27,34,35,36
1734,14,15,16,24,25,26,27,34,35,36
1735,14,15,16,24,25,26,27,34,35,36
1736,14,15,16,24,25,26,27,34,35,36
1737,14,15,16,24,25,26,27,34,35,36
1738,14,15,16,24,25,26,27,34,35,36
1739,14,15,16,24,25,26,27,34,35,36
1740,14,15,16,24,25,26,27,34,35,36
1741,14,15,16,24,25,26,27,34,35,36
1742,14,15,16,24,25,26,27,34,35,36
1743,14,15,16,24,25,26,27,34,35,36
1744,14,15,16,24,25,26,27,34,35,36
1745,14,15,16,24,25,26,27,34,35,36
1746,14,15,16,24,25,26,27,34,35,36
1747,14,15,16,24,25,26,27,34,35,36
1748,14,15,16,24,25,26,27,34,35,36
1749,14,15,16,24,25,26,27,34,35,36
1750,14,15,16,24,25,26,27,34,35,36
1751,14,15,16,17,24,25,26,27,34,35,36,37
1752,14,15,16,17,24,25,26,27,34,35,36,37
1753,14,15,16,17,24,25,26,27,34,35,36,37
1754,14,15,16,17,24,25,26,27,34,35,36,37
1755,14,15,16,17,24,25,26,27,34,35,36,37
1756,14,15,16,17,24,25,26,27,34,35,36,37
1757,14,15,16,17,24,25,26,27,34,35,36,37
1758,14,15,16,17,24,25,26,27,34,35,36,37
1759,6,14,15,16,17,24,25,26,27,34,35,36,37
1760,6,14,15,16,17,24,25,26,27,34,35,36,37
1761,6,14,15,16,17,24,25,26,27,34,35,36,37
1762,6,14,15,16,17,24,25,26,27,34,35,36,37
1763,6,14,15,16,17,24,25,26,27,34,35,36,37
1764,6,14,15,16,17,24,25,26,27,34,35,36,37
1765,6,14,15,16,17,24,25,26,27,34,35,36,37
1766,6,14,15,16,17,24,25,26,27,34,35,36,37
1767,6,14,15,16,17,24,25,26,27,34,35,36,37
1768,6,14,15,16,17,24,25,26,27,34,35,36,37
1769,6,14,15,16,17,24,25,26,27,34,35,36,37
1770,6,14,15,16,17,24,25,26,27,34,35,36,37
1771,6,14,15,16,17,24,25,26,27,34,35,36,37
1772,6,14,15,16,17,24,25,26,27,34,35,36,37
1773,5,6,14,15,16,17,24,25,26,27,34,35,36,37
1774,5,6,14,15,16,17,24,25,26,27,34,35,36,37
1775,5,6,14,15,16,17,24,25,26,27,34,35,36,37
1776,5,6,14,15,16,17,24,25,26,27,34,35,36,37
1777,5,6,14,15,16,17,24,25,26,27,34,35,36,37
1778,5,6,14,15,16,17,24,25,26,27,34,35,36,37
1779,5,6,14,15,16,17,24,25,26,27,34,35,36,37
1780,5,6,14,15,16,17,24,25,26,27,34,35,36,37
1781,5,6,14,15,16,17,24,25,26,27,34,35,36,37
1782,5,6,14,15,16,17,24,25,26,27,34,35,36,37
1783,5,6,14,15,16,17,24,25,26,27,34,35,36,37
1784,5,6,14,15,16,17,24,25,26,27,34,35,36,37
1785,5,6,14,15,16,17,24,25,26,27,34,35,36,37
1786,5,6,14,15,16,17,24,25,26,27,34,35,36,37
1787,5,6,14,15,16,17,24,25,26,27,34,35,36,37
1788,5,6,14,15,16,17,24,25,26,27,34,35,36,37
1789,5,6,14,15,16,17,24,25,26,27,34,35,36,37
1790,5,6,14,15,16,17,24,25,26,27,34,35,36,37
1791,5,6,14,15,16,17,24,25,26,27,34,35,36,37
1792,5,6,14,15,16,17,24,25,26,27,34,35,36,37
1793,5,6,14,15,16,17,24,25,26,27,34,35,36,37
1794,5,6,14,15,16,17,24,25,26,27,34,35,36,37
1795,5,6,14,15,16,17,24,25,26,27,34,35,36,37
1796,5,6,14,15,16,17,24,25,26,27,34,35,36,37
1797,5,6,14,15,16,17,24,25,26,27,34,35,36,37
1798,5,6,14,15,16,17,24,25,26,27,34,35,36,37
1799,5,6,14,15,16,17,24,25,26,27,34,35,36,37
1800,5,6,14,15,16,17,24,25,26,27,34,35,36,37
