1,3,7,8,9,12,13,14,17,18,19
2,3,7,8,9,12,13,14,17,18,19
3,3,7,8,9,12,13,14,17,18,19
4,3,7,8,9,12,13,14,17,18,19
5,3,7,8,9,12,13,14,17,18,19
6,3,7,8,9,12,13,14,17,18,19
7,3,7,8,9,12,13,14,17,18,19
8,3,7,8,9,12,13,14,17,18,19
9,3,7,8,9,12,13,14,17,18,19
10,3,7,8,9,12,13,14,17,18,19
11,3,7,8,9,12,13,14,17,18,19
12,3,7,8,9,12,13,14,17,18,19
13,3,7,8,9,12,13,14,17,18,19
14,3,7,8,9,12,13,14,17,18,19
15,7,8,9,12,13,14,17,18,19
16,7,8,9,12,13,14,17,18,19
17,7,8,9,12,13,14,17,18,19
18,7,8,9,12,13,14,17,18,19
19,7,8,9,12,13,14,17,18,19
20,7,8,9,12,13,14,17,18,19
21,7,8,9,12,13,14,17,18,19
22,7,8,9,12,13,14,17,18,19
23,7,8,9,12,13,14,17,18,19
24,7,8,9,12,13,14,17,18,19
25,7,8,9,12,13,14,17,18,19,23
26,7,8,9,12,13,14,17,18,19,23
27,7,8,9,12,13,14,17,18,19,23
28,7,8,9,12,13,14,17,18,19,23
29,7,8,9,12,13,14,17,18,19,23
30,7,8,9,12,13,14,17,18,19,23
31,7,8,9,12,13,14,17,18,19,23
32,7,8,9,12,13,14,17,18,19,23
33,7,8,9,12,13,14,17,18,19,23
34,7,8,9,12,13,14,17,18,19,23
35,7,8,9,12,13,14,17,18,19,23
36,7,8,9,12,13,14,17,18,19,23
37,7,8,9,12,13,14,17,18,19,23
38,7,8,9,12,13,14,17,18,19,23
39,7,8,9,12,13,14,17,18,19,23
40,7,8,9,12,13,14,17,18,19,23
41,7,8,9,12,13,14,17,18,19,23
42,7,8,9,12,13,14,17,18,19,23
43,7,8,9,12,13,14,17,18,19,23
44,7,8,9,12,13,14,17,18,19,23
45,7,8,9,12,13,14,17,18,19,23
46,7,8,9,12,13,14,17,18,19,23
47,7,8,9,12,13,14,17,18,19,23
48,7,8,9,12,13,14,17,18,19,23
49,7,8,9,12,13,14,17,18,19,23
50,7,8,9,12,13,14,17,18,19,23
51,7,8,9,12,13,14,17,18,19,23
52,7,8,9,12,13,14,17,18,19,23
53,7,8,9,12,13,14,17,18,19,23
54,7,8,9,12,13,14,17,18,19,23
55,7,8,9,12,13,14,17,18,19,23
56,7,8,9,12,13,14,17,18,19,23
57,7,8,9,12,13,14,17,18,19,23
58,7,8,9,12,13,14,17,18,19,23
59,7,8,9,12,13,14,17,18,19,23
60,7,8,9,12,13,14,17,18,19,23
61,7,8,9,12,13,14,17,18,19,23
62,7,8,9,12,13,14,17,18,19,23
63,7,8,9,12,13,14,17,18,19,23
64,7,8,9,12,13,14,17,18,19,23
65,7,8,9,12,13,14,17,18,19,23
66,7,8,9,12,13,14,17,18,19,23
67,7,8,9,12,13,14,17,18,19,23
68,7,8,9,12,13,14,17,18,19,23
69,7,8,9,12,13,14,17,18,19,23
70,7,8,9,12,13,14,17,18,19,23
71,8,9,12,13,14,17,18,19,23,24
72,8,9,12,13,14,17,18,19,23,24
73,8,9,12,13,14,17,18,19,22,23,24
74,8,9,12,13,14,17,18,19,22,23,24
75,8,9,12,13,14,17,18,19,22,23,24
76,8,9,12,13,14,17,18,19,22,23,24
77,8,9,12,13,14,17,18,19,22,23,24
78,8,9,12,13,14,17,18,19,22,23,24
79,8,12,13,14,17,18,19,22,23,24
80,8,12,13,14,17,18,19,22,23,24
81,8,12,13,14,17,18,19,22,23,24
82,8,12,13,14,17,18,19,22,23,24
83,8,12,13,14,17,18,19,22,23,24
84,8,12,13,14,17,18,19,22,23,24
85,8,12,13,14,17,18,19,22,23,24
86,8,12,13,14,17,18,19,22,23,24
87,8,12,13,14,17,18,19,22,23,24
88,8,12,13,14,17,18,19,22,23,24
89,8,12,13,14,17,18,19,22,23,24
90,8,12,13,14,17,18,19,22,23,24
91,8,12,13,14,17,18,19,22,23,24
92,8,12,13,14,17,18,19,22,23,24
93,8,12,13,14,17,18,19,22,23,24
94,8,12,13,14,17,18,19,22,23,24
95,8,12,13,14,17,18,19,22,23,24
96,8,12,13,14,17,18,19,22,23,24
97,8,12,13,14,17,18,19,22,23,24
98,8,12,13,14,17,18,19,22,23,24
99,7,8,12,13,14,17,18,19,22,23,24
100,7,8,12,13,14,17,18,19,22,23,24
101,7,8,12,13,14,17,18,19,22,23
102,7,8,12,13,14,17,18,19,22,23
103,7,8,12,13,14,17,18,19,22,23
104,7,8,12,13,14,17,18,19,22,23
105,7,8,12,13,14,17,18,19,22,23
106,7,8,12,13,14,17,18,19,22,23
107,7,8,12,13,17,18,22,23
108,7,8,12,13,17,18,22,23
109,7,8,12,13,17,18,22,23
110,7,8,12,13,17,18,22,23
111,7,8,12,13,17,18,22,23
112,7,8,12,13,17,18,22,23
113,7,8,12,13,17,18,22,23
114,7,8,12,13,17,18,22,23
115,7,8,12,13,17,18,22,23
116,7,8,12,13,17,18,22,23
117,7,8,12,13,17,18,22,23
118,7,8,12,13,17,18,22,23
119,7,8,12,13,17,18,22,23
120,7,8,12,13,17,18,22,23
121,7,8,12,13,17,18,22,23
122,7,8,12,13,17,18,22,23
123,7,8,12,13,17,18,22,23
124,7,8,12,13,17,18,22,23
125,7,8,12,13,17,18,22
126,7,8,12,13,17,18,22
127,7,8,11,12,13,17,18,22
128,7,8,11,12,13,17,18,22
129,6,7,8,11,12,13,16,17,18,22
130,6,7,8,11,12,13,16,17,18,22
131,6,7,8,11,12,13,16,17,18,22
132,6,7,8,11,12,13,16,17,18,22
133,6,7,8,11,12,13,16,17,18,22
134,6,7,8,11,12,13,16,17,18,22
135,6,7,8,11,12,13,16,17,18,22
136,6,7,8,11,12,13,16,17,18,22
137,6,7,8,11,12,13,16,17,18,22
138,6,7,8,11,12,13,16,17,18,22
139,6,7,8,11,12,13,16,17,18,22
140,6,7,8,11,12,13,16,17,18,22
141,6,7,8,11,12,13,16,17,18,22
142,6,7,8,11,12,13,16,17,18,22
143,6,7,8,11,12,13,16,17,18,22
144,6,7,8,11,12,13,16,17,18,22
145,6,7,8,11,12,13,16,17,18,22
146,6,7,8,11,12,13,16,17,18,22
147,6,7,8,11,12,13,16,17,18,22
148,6,7,8,11,12,13,16,17,18,22
149,6,7,8,11,12,13,16,17,18,22
150,6,7,8,11,12,13,16,17,18,22
151,6,7,8,11,12,13,16,17,18,22
152,6,7,8,11,12,13,16,17,18,22
153,6,7,8,11,12,13,16,17,18,22
154,6,7,8,11,12,13,16,17,18,22
155,7,8,11,12,13,16,17,18,22
156,7,8,11,12,13,16,17,18,22
157,7,8,12,13,17,18,22,23
158,7,8,12,13,17,18,22,23
159,7,8,12,13,17,18,22,23
160,7,8,12,13,17,18,22,23
161,7,8,12,13,17,18,22,23
162,7,8,12,13,17,18,22,23
163,7,8,12,13,17,18,22,23
164,7,8,12,13,17,18,22,23
165,7,8,12,13,17,18,22,23
166,7,8,12,13,17,18,22,23
167,7,8,12,13,14,17,18,19,23
168,7,8,12,13,14,17,18,19,23
169,7,8,9,12,13,14,17,18,19,23
170,7,8,9,12,13,14,17,18,19,23
171,8,9,12,13,14,17,18,19,23,24
172,8,9,12,13,14,17,18,19,23,24
173,8,9,12,13,14,18,19,23,24
174,8,9,12,13,14,18,19,23,24
175,8,9,13,14,18,19,23,24
176,8,9,13,14,18,19,23,24
177,8,9,13,14,18,19,23,24
178,8,9,13,14,18,19,23,24
179,8,9,13,14,18,19,23,24
180,8,9,13,14,18,19,23,24
181,8,9,13,14,18,19,23,24
182,8,9,13,14,18,19,23,24
183,8,9,13,14,18,19,23,24
184,8,9,13,14,18,19,23,24
185,8,9,13,14,18,19,23,24
186,8,9,13,14,18,19,23,24
187,8,9,13,14,18,19,23,24
188,8,9,13,14,18,19,23,24
189,8,9,13,14,18,19,23,24
190,8,9,13,14,18,19,23,24
191,8,9,13,14,18,19,23,24
192,8,9,13,14,18,19,23,24
193,8,9,13,14,18,19,23,24
194,8,9,13,14,18,19,23,24
195,8,9,13,14,18,19,23,24
196,8,9,13,14,18,19,23,24
197,8,9,13,14,18,19
198,8,9,13,14,18,19
199,4,8,9,13,14,18,19
200,4,8,9,13,14,18,19
201,3,4,8,9,13,14,18,19
202,3,4,8,9,13,14,18,19
203,3,4,8,9,13,14,18,19
204,3,4,8,9,13,14,18,19
205,3,4,8,9,13,14,18,19
206,3,4,8,9,13,14,18,19
207,3,4,8,9,13,14,18,19
208,3,4,8,9,13,14,18,19
209,3,4,7,8,9,12,13,14,18,19
210,3,4,7,8,9,12,13,14,18,19
211,3,4,7,8,9,12,13,14,18,19
212,3,4,7,8,9,12,13,14,18,19
213,3,4,7,8,9,12,13,14,18,19
214,3,4,7,8,9,12,13,14,18,19
215,3,4,7,8,9,12,13,14,18,19
216,3,4,7,8,9,12,13,14,18,19
217,3,4,7,8,9,12,13,14,18,19
218,3,4,7,8,9,12,13,14,18,19
219,3,4,7,8,9,12,13,14,18,19
220,3,4,7,8,9,12,13,14,18,19
221,3,4,7,8,9,12,13,14,18,19
222,3,4,7,8,9,12,13,14,18,19
223,3,4,7,8,9,12,13,14,18,19
224,3,4,7,8,9,12,13,14,18,19
225,3,4,7,8,9,12,13,14,18,19
226,3,4,7,8,9,12,13,14,18,19
227,3,4,7,8,9,12,13,14,18,19
228,3,4,7,8,9,12,13,14,18,19
229,3,4,7,8,9,12,13,14,18,19
230,3,4,7,8,9,12,13,14,18,19
231,3,4,7,8,9,12,13,14,18,19
232,3,4,7,8,9,12,13,14,18,19
233,3,4,7,8,9,12,13,14,18,19
234,3,4,7,8,9,12,13,14,18,19
235,3,4,7,8,9,12,13,14,18,19
236,3,4,7,8,9,12,13,14,18,19
237,3,4,7,8,9,12,13,14,18,19
238,3,4,7,8,9,12,13,14,18,19
239,3,4,7,8,9,12,13,14,18,19
240,3,4,7,8,9,12,13,14,18,19
241,3,4,7,8,9,12,13,14,18,19
242,3,4,7,8,9,12,13,14,18,19
243,3,4,7,8,9,12,13,14,18,19
244,3,4,7,8,9,12,13,14,18,19
245,3,4,7,8,9,12,13,14,18,19
246,3,4,7,8,9,12,13,14,18,19
247,3,4,7,8,9,12,13,14,18,19
248,3,4,7,8,9,12,13,14,18,19
249,3,4,7,8,9,12,13,14,18,19
250,3,4,7,8,9,12,13,14,18,19
251,3,4,7,8,9,12,13,14,18,19
252,3,4,7,8,9,12,13,14,18,19
253,3,4,8,9,13,14,18,19
254,3,4,8,9,13,14,18,19
255,3,4,8,9,13,14,18,19
256,3,4,8,9,13,14,18,19
257,3,4,7,8,9,12,13,14,18,19
258,3,4,7,8,9,12,13,14,18,19
259,3,4,7,8,9,12,13,14,18,19
260,3,4,7,8,9,12,13,14,18,19
261,3,4,7,8,9,12,13,14,18,19
262,3,4,7,8,9,12,13,14,18,19
263,3,7,8,9,12,13,14,18,19
264,3,7,8,9,12,13,14,18,19
265,3,7,8,9,12,13,14,17,18,19
266,3,7,8,9,12,13,14,17,18,19
267,3,7,8,9,12,13,14,17,18,19
268,3,7,8,9,12,13,14,17,18,19
269,3,7,8,9,12,13,14,17,18,19
270,3,7,8,9,12,13,14,17,18,19
271,3,7,8,9,12,13,14,17,18,19
272,3,7,8,9,12,13,14,17,18,19
273,7,8,9,12,13,14,17,18,19
274,7,8,9,12,13,14,17,18,19
275,7,8,9,12,13,14,17,18,19,23
276,7,8,9,12,13,14,17,18,19,23
277,7,8,9,12,13,14,17,18,19,23
278,7,8,9,12,13,14,17,18,19,23
279,7,8,9,12,13,14,17,18,19,23
280,7,8,9,12,13,14,17,18,19,23
281,7,8,9,12,13,14,17,18,19,23
282,7,8,9,12,13,14,17,18,19,23
283,7,8,12,13,14,17,18,19,23
284,7,8,12,13,14,17,18,19,23
285,7,8,12,13,17,18,23
286,7,8,12,13,17,18,23
287,7,8,12,13,17,18,22,23
288,7,8,12,13,17,18,22,23
289,7,8,12,13,17,18,22,23
290,7,8,12,13,17,18,22,23
291,7,8,12,13,17,18,22,23
292,7,8,12,13,17,18,22,23
293,7,8,12,13,17,18,22,23
294,7,8,12,13,17,18,22,23
295,7,8,12,13,17,18,22,23
296,7,8,12,13,17,18,22,23
297,7,8,12,13,17,18,22,23
298,7,8,12,13,17,18,22,23
299,7,8,12,13,17,18,22,23
300,7,8,12,13,17,18,22,23
301,7,8,12,13,17,18,22,23
302,7,8,12,13,17,18,22,23
303,7,8,12,13,17,18,22,23
304,7,8,12,13,17,18,22,23
305,7,8,12,13,17,18,22,23
306,7,8,12,13,17,18,22,23
307,7,8,12,13,17,18,22,23
308,7,8,12,13,17,18,22,23
309,7,8,12,13,17,18,22,23
310,7,8,12,13,17,18,22,23
311,7,8,12,13,17,18,22,23
312,7,8,12,13,17,18,22,23
313,7,8,12,13,17,18,22,23
314,7,8,12,13,17,18,22,23
315,7,8,12,13,17,18,22,23
316,7,8,12,13,17,18,22,23
317,7,8,12,13,17,18,22,23
318,7,8,12,13,17,18,22,23
319,7,8,12,13,17,18,22,23
320,7,8,12,13,17,18,22,23
321,7,8,12,13,17,18,22,23
322,7,8,12,13,17,18,22,23
323,7,8,12,13,17,18,22,23
324,7,8,12,13,17,18,22,23
325,7,8,12,13,17,18,22,23
326,7,8,12,13,17,18,22,23
327,7,8,12,13,17,18,22,23
328,7,8,12,13,17,18,22,23
329,7,8,12,13,17,18,22,23
330,7,8,12,13,17,18,22,23
331,7,8,12,13,17,18,22,23
332,7,8,12,13,17,18,22,23
333,7,8,12,13,17,18,22,23
334,7,8,12,13,17,18,22,23
335,7,8,12,13,17,18,22,23
336,7,8,12,13,17,18,22,23
337,7,8,12,13,17,18,22,23
338,7,8,12,13,17,18,22,23
339,7,8,12,13,17,18,22,23
340,7,8,12,13,17,18,22,23
341,7,8,12,13,17,18,22,23
342,7,8,12,13,17,18,22,23
343,7,8,12,13,17,18,22,23
344,7,8,12,13,17,18,22,23
345,7,8,12,13,17,18,22,23
346,7,8,12,13,17,18,22,23
347,7,8,12,13,17,18,22,23
348,7,8,12,13,17,18,22,23
349,7,8,12,13,17,18,22,23
350,7,8,12,13,17,18,22,23
351,7,8,12,13,17,18,22,23
352,7,8,12,13,17,18,22,23
353,7,8,12,13,17,18,22,23
354,7,8,12,13,17,18,22,23
355,7,8,12,13,14,17,18,22,23
356,7,8,12,13,14,17,18,22,23
357,7,8,12,13,14,17,18,19,22,23
358,7,8,12,13,14,17,18,19,22,23
359,7,8,12,13,14,17,18,19,23
360,7,8,12,13,14,17,18,19,23
361,7,8,9,12,13,14,17,18,19,23
362,7,8,9,12,13,14,17,18,19,23
363,7,8,9,12,13,14,17,18,19,23
364,7,8,9,12,13,14,17,18,19,23
365,7,8,9,12,13,14,17,18,19,23
366,7,8,9,12,13,14,17,18,19,23
367,7,8,9,12,13,14,17,18,19,23
368,7,8,9,12,13,14,17,18,19,23
369,7,8,9,12,13,14,17,18,19,23
370,7,8,9,12,13,14,17,18,19,23
371,7,8,9,12,13,14,17,18,19,23
372,7,8,9,12,13,14,17,18,19,23
373,7,8,9,12,13,14,17,18,19,23
374,7,8,9,12,13,14,17,18,19,23
375,7,8,9,12,13,14,17,18,19,23
376,7,8,9,12,13,14,17,18,19,23
377,7,8,9,12,13,14,17,18,19,23
378,7,8,9,12,13,14,17,18,19,23
379,7,8,9,12,13,14,17,18,19,23
380,7,8,9,12,13,14,17,18,19,23
381,7,8,9,12,13,14,17,18,19,23
382,7,8,9,12,13,14,17,18,19,23
383,7,8,9,12,13,14,17,18,19,23
384,7,8,9,12,13,14,17,18,19,23
385,7,8,9,12,13,14,17,18,19,23
386,7,8,9,12,13,14,17,18,19,23
387,7,8,9,12,13,14,17,18,19,23
388,7,8,9,12,13,14,17,18,19,23
389,7,8,9,12,13,14,17,18,19,23
390,7,8,9,12,13,14,17,18,19,23
391,7,8,9,12,13,14,17,18,19,23
392,7,8,9,12,13,14,17,18,19,23
393,7,8,9,12,13,14,17,18,19,23
394,7,8,9,12,13,14,17,18,19,23
395,7,8,9,12,13,14,17,18,19,23
396,7,8,9,12,13,14,17,18,19,23
397,7,8,9,12,13,14,17,18,19,23
398,7,8,9,12,13,14,17,18,19,23
399,7,8,9,12,13,14,17,18,19,23
400,7,8,9,12,13,14,17,18,19,23
401,7,8,9,12,13,14,17,18,19,23
402,7,8,9,12,13,14,17,18,19,23
403,7,8,9,12,13,14,17,18,19,23
404,7,8,9,12,13,14,17,18,19,23
405,7,8,9,12,13,14,17,18,19,23
406,7,8,9,12,13,14,17,18,19,23
407,7,8,9,12,13,14,17,18,19,23
408,7,8,9,12,13,14,17,18,19,23
409,7,8,9,12,13,14,17,18,19,23
410,7,8,9,12,13,14,17,18,19,23
411,7,8,9,12,13,14,17,18,19,23
412,7,8,9,12,13,14,17,18,19,23
413,7,8,9,12,13,14,17,18,19,23
414,7,8,9,12,13,14,17,18,19,23
415,7,8,9,12,13,14,17,18,19,23
416,7,8,9,12,13,14,17,18,19,23
417,7,8,9,12,13,14,17,18,19,23
418,7,8,9,12,13,14,17,18,19,23
419,7,8,9,12,13,14,17,18,19,23
420,7,8,9,12,13,14,17,18,19,23
421,7,8,9,12,13,14,17,18,19,23
422,7,8,9,12,13,14,17,18,19,23
423,7,8,9,12,13,14,17,18,19,23
424,7,8,9,12,13,14,17,18,19,23
425,7,8,9,12,13,14,17,18,19,23
426,7,8,9,12,13,14,17,18,19,23
427,7,8,9,12,13,14,17,18,19,23
428,7,8,9,12,13,14,17,18,19,23
429,7,8,9,12,13,14,17,18,19,23
430,7,8,9,12,13,14,17,18,19,23
431,7,8,9,12,13,14,17,18,19,23
432,7,8,9,12,13,14,17,18,19,23
433,7,8,9,12,13,14,17,18,19,23
434,7,8,9,12,13,14,17,18,19,23
435,7,8,9,12,13,14,17,18,19,23
436,7,8,9,12,13,14,17,18,19,23
437,7,8,9,12,13,14,17,18,19,23
438,7,8,9,12,13,14,17,18,19,23
439,7,8,9,12,13,14,17,18,19,23
440,7,8,9,12,13,14,17,18,19,23
441,7,8,9,12,13,14,17,18,19,23
442,7,8,9,12,13,14,17,18,19,23
443,7,8,9,12,13,14,17,18,19,23
444,7,8,9,12,13,14,17,18,19,23
445,7,8,9,12,13,14,17,18,19,23
446,7,8,9,12,13,14,17,18,19,23
447,7,8,9,12,13,14,17,18,19,23
448,7,8,9,12,13,14,17,18,19,23
449,7,8,9,12,13,14,17,18,19,23
450,7,8,9,12,13,14,17,18,19,23
451,7,8,9,12,13,14,17,18,19,23
452,7,8,9,12,13,14,17,18,19,23
453,7,8,9,12,13,14,17,18,19,23
454,7,8,9,12,13,14,17,18,19,23
455,7,8,9,12,13,14,17,18,19,23
456,7,8,9,12,13,14,17,18,19,23
457,7,8,9,12,13,14,17,18,19,23
458,7,8,9,12,13,14,17,18,19,23
459,7,8,12,13,14,17,18,19,23
460,7,8,12,13,14,17,18,19,23
461,7,8,12,13,14,17,18,19,23
462,7,8,12,13,14,17,18,19,23
463,7,8,12,13,17,18,23
464,7,8,12,13,17,18,23
465,7,8,12,13,17,18,22,23
466,7,8,12,13,17,18,22,23
467,7,8,12,13,17,18,22,23
468,7,8,12,13,17,18,22,23
469,7,8,12,13,17,18,22,23
470,7,8,12,13,17,18,22,23
471,7,8,12,13,17,18,22,23
472,7,8,12,13,17,18,22,23
473,7,8,12,13,17,18,22,23
474,7,8,12,13,17,18,22,23
475,7,8,12,13,17,18,22,23
476,7,8,12,13,17,18,22,23
477,7,8,12,13,17,18,22,23
478,7,8,12,13,17,18,22,23
479,7,8,12,13,17,18,22,23
480,7,8,12,13,17,18,22,23
481,7,8,12,13,17,18,22,23
482,7,8,12,13,17,18,22,23
483,7,8,12,13,17,18,22,23
484,7,8,12,13,17,18,22,23
485,7,8,12,13,17,18,22,23
486,7,8,12,13,17,18,22,23
487,7,8,12,13,17,18,22,23
488,7,8,12,13,17,18,22,23
489,7,8,12,13,17,18,22,23
490,7,8,12,13,17,18,22,23
491,7,8,12,13,17,18,22,23
492,7,8,12,13,17,18,22,23
493,7,8,12,13,17,18,22,23
494,7,8,12,13,17,18,22,23
495,7,8,12,13,17,18,22,23
496,7,8,12,13,17,18,22,23
497,7,8,12,13,17,18,22,23
498,7,8,12,13,17,18,22,23
499,7,8,12,13,17,18,22,23
500,7,8,12,13,17,18,22,23
501,7,8,12,13,17,18,22,23
502,7,8,12,13,17,18,22,23
503,7,8,12,13,17,18,22,23
504,7,8,12,13,17,18,22,23
505,7,8,12,13,17,18,22,23
506,7,8,12,13,17,18,22,23
507,7,8,12,13,17,18,22,23
508,7,8,12,13,17,18,22,23
509,7,8,12,13,17,18,22,23
510,7,8,12,13,17,18,22,23
511,7,8,12,13,17,18,22,23
512,7,8,12,13,17,18,22,23
513,7,8,12,13,17,18,22,23
514,7,8,12,13,17,18,22,23
515,7,8,12,13,17,18,22,23
516,7,8,12,13,17,18,22,23
517,7,8,12,13,17,18,22,23
518,7,8,12,13,17,18,22,23
519,7,8,12,13,17,18,22,23
520,7,8,12,13,17,18,22,23
521,7,8,12,13,17,18,22,23
522,7,8,12,13,17,18,22,23
523,7,8,12,13,17,18,22,23
524,7,8,12,13,17,18,22,23
525,7,8,12,13,17,18,22,23
526,7,8,12,13,17,18,22,23
527,7,8,12,13,17,18,22,23
528,7,8,12,13,17,18,22,23
529,7,8,12,13,17,18,22,23
530,7,8,12,13,17,18,22,23
531,7,8,12,13,17,18,22,23
532,7,8,12,13,17,18,22,23
533,7,8,12,13,14,17,18,19,23
534,7,8,12,13,14,17,18,19,23
535,7,8,9,12,13,14,17,18,19,23
536,7,8,9,12,13,14,17,18,19,23
537,7,8,9,12,13,14,17,18,19,23
538,7,8,9,12,13,14,17,18,19,23
539,8,9,12,13,14,17,18,19,23
540,8,9,12,13,14,17,18,19,23
541,8,9,12,13,14,18,19,23
542,8,9,12,13,14,18,19,23
543,8,9,13,14,18,19,23,24
544,8,9,13,14,18,19,23,24
545,8,9,13,14,18,19,23,24
546,8,9,13,14,18,19,23,24
547,8,9,13,14,18,19,23,24
548,8,9,13,14,18,19,23,24
549,8,9,13,14,18,19,23,24
550,8,9,13,14,18,19,23,24
551,8,9,13,14,18,19,23,24
552,8,9,13,14,18,19,23,24
553,8,9,13,14,18,19,23,24
554,8,9,13,14,18,19,23,24
555,8,9,13,14,18,19,23,24
556,8,9,13,14,18,19,23,24
557,8,9,13,14,18,19,23,24
558,8,9,13,14,18,19,23,24
559,8,9,13,14,18,19,23,24
560,8,9,13,14,18,19,23,24
561,8,9,13,14,18,19,23,24
562,8,9,13,14,18,19,23,24
563,8,9,12,13,14,18,19,23,24
564,8,9,12,13,14,18,19,23,24
565,8,9,12,13,14,17,18,19,23
566,8,9,12,13,14,17,18,19,23
567,8,9,12,13,14,17,18,19,23
568,8,9,12,13,14,17,18,19,23
569,7,8,9,12,13,14,17,18,19,23
570,7,8,9,12,13,14,17,18,19,23
571,7,8,9,12,13,14,17,18,19,23
572,7,8,9,12,13,14,17,18,19,23
573,7,8,12,13,14,17,18,19,23
574,7,8,12,13,14,17,18,19,23
575,7,8,12,13,14,17,18,19,23
576,7,8,12,13,14,17,18,19,23
577,7,8,12,13,17,18,22,23
578,7,8,12,13,17,18,22,23
579,7,8,12,13,17,18,22,23
580,7,8,12,13,17,18,22,23
581,7,8,12,13,17,18,22,23
582,7,8,12,13,17,18,22,23
583,7,8,12,13,17,18,22,23
584,7,8,12,13,17,18,22,23
585,7,8,12,13,17,18,22,23
586,7,8,12,13,17,18,22,23
587,7,8,12,13,17,18,22,23
588,7,8,12,13,17,18,22,23
589,7,8,12,13,17,18,22,23
590,7,8,12,13,17,18,22,23
591,7,8,12,13,17,18,22,23
592,7,8,12,13,17,18,22,23
593,7,8,12,13,17,18,22,23
594,7,8,12,13,17,18,22,23
595,7,8,12,13,17,18,22,23
596,7,8,12,13,17,18,22,23
597,7,8,12,13,17,18,22,23
598,7,8,12,13,17,18,22,23
599,7,8,12,13,17,18,22,23
600,7,8,12,13,17,18,22,23
601,7,8,12,13,17,18,22
602,7,8,12,13,17,18,22
603,7,8,12,13,17,18
604,7,8,12,13,17,18
605,7,8,11,12,13,17,18
606,7,8,11,12,13,17,18
607,6,7,8,11,12,13,16,17,18
608,6,7,8,11,12,13,16,17,18
609,2,6,7,8,11,12,13,16,17,18
610,2,6,7,8,11,12,13,16,17,18
611,2,6,7,8,11,12,13,16,17,18
612,2,6,7,8,11,12,13,16,17,18
613,2,6,7,8,11,12,13,16,17,18
614,2,6,7,8,11,12,13,16,17,18
615,2,6,7,8,11,12,13,16,17,18
616,2,6,7,8,11,12,13,16,17,18
617,2,6,7,8,11,12,13,16,17,18
618,2,6,7,8,11,12,13,16,17,18
619,2,6,7,8,11,12,13,16,17,18
620,2,6,7,8,11,12,13,16,17,18
621,2,6,7,8,11,12,13,16,17,18
622,2,6,7,8,11,12,13,16,17,18
623,2,6,7,8,11,12,13,16,17,18
624,2,6,7,8,11,12,13,16,17,18
625,2,6,7,8,11,12,13,16,17,18
626,2,6,7,8,11,12,13,16,17,18
627,2,6,7,8,11,12,13,16,17,18
628,2,6,7,8,11,12,13,16,17,18
629,2,6,7,8,11,12,13,16,17,18
630,2,6,7,8,11,12,13,16,17,18
631,2,6,7,8,11,12,13,16,17,18
632,2,6,7,8,11,12,13,16,17,18
633,6,7,8,11,12,13,16,17,18
634,6,7,8,11,12,13,16,17,18
635,6,7,8,11,12,13,16,17,18
636,6,7,8,11,12,13,16,17,18
637,6,7,8,11,12,13,16,17,18
638,6,7,8,11,12,13,16,17,18
639,7,8,11,12,13,17,18
640,7,8,11,12,13,17,18
641,7,8,12,13,17,18
642,7,8,12,13,17,18
643,7,8,12,13,17,18
644,7,8,12,13,17,18
645,7,8,12,13,17,18
646,7,8,12,13,17,18
647,7,8,12,13,17,18
648,7,8,12,13,17,18
649,7,8,12,13,17,18
650,7,8,12,13,17,18
651,7,8,12,13,17,18
652,7,8,12,13,17,18
653,7,8,12,13,17,18
654,7,8,12,13,17,18
655,7,8,12,13,17,18
656,7,8,12,13,17,18
657,7,8,12,13,17,18
658,7,8,12,13,17,18
659,7,8,12,13,17,18,23
660,7,8,12,13,17,18,23
661,7,8,12,13,17,18,23
662,7,8,12,13,17,18,23
663,7,8,12,13,17,18,23
664,7,8,12,13,17,18,23
665,7,8,12,13,17,18,23
666,7,8,12,13,17,18,23
667,7,8,12,13,14,17,18,23
668,7,8,12,13,14,17,18,23
669,7,8,12,13,14,17,18,19,23
670,7,8,12,13,14,17,18,19,23
671,7,8,9,12,13,14,17,18,19,23
672,7,8,9,12,13,14,17,18,19,23
673,7,8,9,12,13,14,17,18,19,23
674,7,8,9,12,13,14,17,18,19,23
675,7,8,9,12,13,14,17,18,19,23
676,7,8,9,12,13,14,17,18,19,23
677,7,8,9,12,13,14,17,18,19,23
678,7,8,9,12,13,14,17,18,19,23
679,7,8,9,12,13,14,17,18,19,23
680,7,8,9,12,13,14,17,18,19,23
681,7,8,9,12,13,14,17,18,19,23
682,7,8,9,12,13,14,17,18,19,23
683,7,8,9,12,13,14,17,18,19,23
684,7,8,9,12,13,14,17,18,19,23
685,7,8,9,12,13,14,17,18,19,23
686,7,8,9,12,13,14,17,18,19,23
687,7,8,9,12,13,14,17,18,19,23
688,7,8,9,12,13,14,17,18,19,23
689,8,9,12,13,14,17,18,19,23
690,8,9,12,13,14,17,18,19,23
691,8,9,12,13,14,17,18,19,23
692,8,9,12,13,14,17,18,19,23
693,8,9,12,13,14,17,18,19,23
694,8,9,12,13,14,17,18,19,23
695,8,9,12,13,14,17,18,19,23
696,8,9,12,13,14,17,18,19,23
697,8,9,12,13,14,17,18,19,23
698,8,9,12,13,14,17,18,19,23
699,8,9,12,13,14,17,18,19,23
700,8,9,12,13,14,17,18,19,23
701,8,9,12,13,14,17,18,19,23
702,8,9,12,13,14,17,18,19,23
703,8,9,12,13,14,17,18,19,23
704,8,9,12,13,14,17,18,19,23
705,7,8,9,12,13,14,17,18,19,23
706,7,8,9,12,13,14,17,18,19,23
707,7,8,9,12,13,14,17,18,19,23
708,7,8,9,12,13,14,17,18,19,23
709,7,8,9,12,13,14,17,18,19,23
710,7,8,9,12,13,14,17,18,19,23
711,7,8,9,12,13,14,17,18,19,23
712,7,8,9,12,13,14,17,18,19,23
713,7,8,9,12,13,14,17,18,19,23
714,7,8,9,12,13,14,17,18,19,23
715,7,8,9,12,13,14,17,18,19,23
716,7,8,9,12,13,14,17,18,19,23
717,7,8,9,12,13,14,17,18,19,23
718,7,8,9,12,13,14,17,18,19,23
719,7,8,9,12,13,14,17,18,19,23
720,7,8,9,12,13,14,17,18,19,23
721,7,8,12,13,14,17,18,19,23
722,7,8,12,13,14,17,18,19,23
723,7,8,12,13,14,17,18,19,23
724,7,8,12,13,14,17,18,19,23
725,7,8,12,13,14,17,18,19,22,23
726,7,8,12,13,14,17,18,19,22,23
727,7,8,12,13,14,17,18,19,22,23
728,7,8,12,13,14,17,18,19,22,23
729,7,8,12,13,14,17,18,19,22,23
730,7,8,12,13,14,17,18,19,22,23
731,7,8,12,13,14,17,18,19,22,23
732,7,8,12,13,14,17,18,19,22,23
733,7,8,12,13,14,17,18,19,22,23
734,7,8,12,13,14,17,18,19,22,23
735,7,8,12,13,14,17,18,19,22,23
736,7,8,12,13,14,17,18,19,22,23
737,7,8,12,13,14,17,18,19,22,23
738,7,8,12,13,14,17,18,19,22,23
739,7,8,12,13,14,17,18,19,22,23
740,7,8,12,13,14,17,18,19,22,23
741,7,8,12,13,14,17,18,19,22,23
742,7,8,12,13,14,17,18,19,22,23
743,7,8,12,13,14,17,18,19,22,23
744,7,8,12,13,14,17,18,19,22,23
745,7,8,12,13,14,17,18,19,22,23
746,7,8,12,13,14,17,18,19,22,23
747,7,8,9,12,13,14,17,18,19,23
748,7,8,9,12,13,14,17,18,19,23
749,7,8,9,12,13,14,17,18,19,23
750,7,8,9,12,13,14,17,18,19,23
751,7,8,9,12,13,14,17,18,19,23
752,7,8,9,12,13,14,17,18,19,23
753,8,9,12,13,14,17,18,19,23
754,8,9,12,13,14,17,18,19,23
755,8,9,12,13,14,17,18,19,23,24
756,8,9,12,13,14,17,18,19,23,24
757,8,9,12,13,14,17,18,19,23,24
758,8,9,12,13,14,17,18,19,23,24
759,8,9,13,14,18,19,23,24
760,8,9,13,14,18,19,23,24
761,8,9,13,14,18,19,23,24
762,8,9,13,14,18,19,23,24
763,8,9,13,14,18,19,23,24
764,8,9,13,14,18,19,23,24
765,8,9,13,14,18,19,23,24
766,8,9,13,14,18,19,23,24
767,8,9,13,14,18,19,23,24
768,8,9,13,14,18,19,23,24
769,8,9,13,14,18,19,23,24
770,8,9,13,14,18,19,23,24
771,8,9,13,14,18,19,23,24
772,8,9,13,14,18,19,23,24
773,8,9,13,14,18,19,23,24
774,8,9,13,14,18,19,23,24
775,8,9,13,14,18,19,23,24
776,8,9,13,14,18,19,23,24
777,8,9,13,14,18,19,23,24
778,8,9,13,14,18,19,23,24
779,8,9,13,14,15,18,19,24
780,8,9,13,14,15,18,19,24
781,8,9,13,14,15,18,19,20,24
782,8,9,13,14,15,18,19,20,24
783,8,9,10,13,14,15,18,19,20,24
784,8,9,10,13,14,15,18,19,20,24
785,8,9,10,13,14,15,18,19,20,24
786,8,9,10,13,14,15,18,19,20,24
787,8,9,10,13,14,15,18,19,20,24
788,8,9,10,13,14,15,18,19,20,24
789,9,10,13,14,15,19,20
790,9,10,13,14,15,19,20
791,9,10,14,15,19,20
792,9,10,14,15,19,20
793,9,10,14,15,19,20
794,9,10,14,15,19,20
795,9,10,14,15,19,20
796,9,10,14,15,19,20
797,9,10,14,15,19,20
798,9,10,14,15,19,20
799,9,10,14,15,19,20
800,9,10,14,15,19,20
801,9,10,13,14,15,19,20
802,9,10,13,14,15,19,20
803,8,9,10,13,14,15,18,19,20
804,8,9,10,13,14,15,18,19,20
805,8,9,10,13,14,15,18,19,20
806,8,9,10,13,14,15,18,19,20
807,8,9,10,13,14,15,18,19,20,24
808,8,9,10,13,14,15,18,19,20,24
809,8,9,10,13,14,15,18,19,20,24
810,8,9,10,13,14,15,18,19,20,24
811,8,9,13,14,15,18,19,24
812,8,9,13,14,15,18,19,24
813,8,9,13,14,18,19,24
814,8,9,13,14,18,19,24
815,8,9,13,14,18,19,23,24
816,8,9,13,14,18,19,23,24
817,8,9,13,14,18,19,23,24
818,8,9,13,14,18,19,23,24
819,8,9,13,14,18,19,23,24
820,8,9,13,14,18,19,23,24
821,8,9,13,14,18,19,23,24
822,8,9,13,14,18,19,23,24
823,8,9,13,14,18,19,23,24
824,8,9,13,14,18,19,23,24
825,8,9,13,14,18,19,23,24
826,8,9,13,14,18,19,23,24
827,8,9,13,14,18,19,23,24
828,8,9,13,14,18,19,23,24
829,8,9,13,14,18,19,23,24
830,8,9,13,14,18,19,23,24
831,8,9,13,14,18,19,23,24
832,8,9,13,14,18,19,23,24
833,8,9,13,14,18,19,23,24
834,8,9,13,14,18,19,23,24
835,8,9,13,14,18,19,23,24
836,8,9,13,14,18,19,23,24
837,8,9,13,14,18,19,23,24
838,8,9,13,14,18,19,23,24
839,8,9,13,14,18,19,24
840,8,9,13,14,18,19,24
841,8,9,13,14,15,18,19,20,24
842,8,9,13,14,15,18,19,20,24
843,8,9,10,13,14,15,18,19,20,24
844,8,9,10,13,14,15,18,19,20,24
845,8,9,10,13,14,15,18,19,20,24
846,8,9,10,13,14,15,18,19,20,24
847,8,9,10,13,14,15,18,19,20,24
848,8,9,10,13,14,15,18,19,20,24
849,8,9,10,13,14,15,18,19,20,24
850,8,9,10,13,14,15,18,19,20,24
851,8,9,10,13,14,15,18,19,20,24
852,8,9,10,13,14,15,18,19,20,24
853,8,9,10,13,14,15,18,19,20,24
854,8,9,10,13,14,15,18,19,20,24
855,8,9,10,13,14,15,18,19,20,24
856,8,9,10,13,14,15,18,19,20,24
857,8,9,10,13,14,15,18,19,20,24
858,8,9,10,13,14,15,18,19,20,24
859,8,9,10,13,14,15,18,19,20,24
860,8,9,10,13,14,15,18,19,20,24
861,8,9,10,13,14,15,18,19,20,24
862,8,9,10,13,14,15,18,19,20,24
863,8,9,10,13,14,15,18,19,20,24
864,8,9,10,13,14,15,18,19,20,24
865,8,9,10,13,14,15,18,19,20,24
866,8,9,10,13,14,15,18,19,20,24
867,8,9,10,13,14,15,18,19,20,24
868,8,9,10,13,14,15,18,19,20,24
869,8,9,10,13,14,15,18,19,20,24
870,8,9,10,13,14,15,18,19,20,24
871,8,9,10,13,14,15,18,19,20,24
872,8,9,10,13,14,15,18,19,20,24
873,8,9,10,13,14,15,18,19,20,24
874,8,9,10,13,14,15,18,19,20,24
875,8,9,10,13,14,15,18,19,20,24
876,8,9,10,13,14,15,18,19,20,24
877,8,9,10,13,14,15,18,19,20,24
878,8,9,10,13,14,15,18,19,20,24
879,8,9,10,13,14,15,18,19,20,24
880,8,9,10,13,14,15,18,19,20,24
881,9,10,13,14,15,18,19,20,24
882,9,10,13,14,15,18,19,20,24
883,9,10,13,14,15,18,19,20,24
884,9,10,13,14,15,18,19,20,24
885,9,10,13,14,15,18,19,20,24
886,9,10,13,14,15,18,19,20,24
887,9,10,13,14,15,18,19,20,24
888,9,10,13,14,15,18,19,20,24
889,9,10,13,14,15,18,19,20,24
890,9,10,13,14,15,18,19,20,24
891,9,10,13,14,15,18,19,20,24
892,9,10,13,14,15,18,19,20,24
893,9,10,13,14,15,18,19,20,24
894,9,10,13,14,15,18,19,20,24
895,9,10,13,14,15,18,19,20,24
896,9,10,13,14,15,18,19,20,24
897,9,10,13,14,15,18,19,20,24
898,9,10,13,14,15,18,19,20,24
899,8,9,10,13,14,15,18,19,20,24
900,8,9,10,13,14,15,18,19,20,24
901,8,9,10,13,14,15,18,19,20,24
902,8,9,10,13,14,15,18,19,20,24
903,8,9,10,13,14,15,18,19,20,24
904,8,9,10,13,14,15,18,19,20,24
905,8,9,10,13,14,15,18,19,20,24
906,8,9,10,13,14,15,18,19,20,24
907,8,9,10,13,14,15,18,19,20,24
908,8,9,10,13,14,15,18,19,20,24
909,8,9,10,13,14,15,18,19,20,24
910,8,9,10,13,14,15,18,19,20,24
911,8,9,13,14,15,18,19,20,24
912,8,9,13,14,15,18,19,20,24
913,8,9,13,14,15,18,19,24
914,8,9,13,14,15,18,19,24
915,8,9,13,14,18,19,24
916,8,9,13,14,18,19,24
917,8,9,13,14,18,19,23,24
918,8,9,13,14,18,19,23,24
919,8,9,13,14,18,19,23,24
920,8,9,13,14,18,19,23,24
921,8,9,13,14,18,19,23,24
922,8,9,13,14,18,19,23,24
923,8,9,13,14,18,19,23,24
924,8,9,13,14,18,19,23,24
925,8,9,13,14,18,19,23,24
926,8,9,13,14,18,19,23,24
927,8,9,13,14,18,19,23,24
928,8,9,13,14,18,19,23,24
929,8,9,13,14,18,19,23,24
930,8,9,13,14,18,19,23,24
931,8,9,13,14,18,19,23,24
932,8,9,13,14,18,19,23,24
933,8,9,13,14,18,19,23,24
934,8,9,13,14,18,19,23,24
935,8,9,13,14,18,19,23,24
936,8,9,13,14,18,19,23,24
937,8,9,13,14,18,19,23,24
938,8,9,13,14,18,19,23,24
939,8,9,13,14,18,19,23
940,8,9,13,14,18,19,23
941,8,9,13,14,18,19,23
942,8,9,13,14,18,19,23
943,8,9,13,14,18,19,23
944,8,9,13,14,18,19,23
945,8,9,13,14,18,19,23
946,8,9,13,14,18,19,23
947,8,9,13,14,18,19,23
948,8,9,13,14,18,19,23
949,8,9,13,14,18,19,23
950,8,9,13,14,18,19,23
951,8,9,13,14,18,19,23
952,8,9,13,14,18,19,23
953,8,9,13,14,18,19,23
954,8,9,13,14,18,19,23
955,8,9,13,14,18,19,23
956,8,9,13,14,18,19,23
957,8,9,13,14,18,19,23,24
958,8,9,13,14,18,19,23,24
959,8,9,13,14,18,19,23,24
960,8,9,13,14,18,19,23,24
961,8,9,13,14,18,19,23,24
962,8,9,13,14,18,19,23,24
963,8,9,13,14,18,19,23,24
964,8,9,13,14,18,19,23,24
965,8,9,13,14,18,19,23,24
966,8,9,13,14,18,19,23,24
967,8,9,13,14,18,19,23,24
968,8,9,13,14,18,19,23,24
969,8,9,13,14,18,19,23,24
970,8,9,13,14,18,19,23,24
971,8,9,13,14,18,19,23
972,8,9,13,14,18,19,23
973,8,9,13,14,18,19,23
974,8,9,13,14,18,19,23
975,8,9,13,14,18,19,23
976,8,9,13,14,18,19,23
977,8,9,13,14,18,19,23
978,8,9,13,14,18,19,23
979,8,9,13,14,18,19,23
980,8,9,13,14,18,19,23
981,8,9,13,14,18,19,23
982,8,9,13,14,18,19,23
983,8,9,13,14,18,19,23
984,8,9,13,14,18,19,23
985,8,9,12,13,14,18,19,23
986,8,9,12,13,14,18,19,23
987,8,9,12,13,14,17,18,19,23
988,8,9,12,13,14,17,18,19,23
989,7,8,9,12,13,14,17,18,19,23
990,7,8,9,12,13,14,17,18,19,23
991,7,8,9,12,13,14,17,18,19,23
992,7,8,9,12,13,14,17,18,19,23
993,7,8,9,12,13,14,17,18,19,23
994,7,8,9,12,13,14,17,18,19,23
995,7,8,9,12,13,14,17,18,19,23
996,7,8,9,12,13,14,17,18,19,23
997,7,8,12,13,14,17,18,19,23
998,7,8,12,13,14,17,18,19,23
999,7,8,12,13,14,17,18,19,23
1000,7,8,12,13,14,17,18,19,23
1001,7,8,12,13,17,18,23
1002,7,8,12,13,17,18,23
1003,7,8,12,13,17,18,22,23
1004,7,8,12,13,17,18,22,23
1005,7,8,12,13,17,18,22,23
1006,7,8,12,13,17,18,22,23
1007,7,8,12,13,17,18,22,23
1008,7,8,12,13,17,18,22,23
1009,7,8,12,13,17,18,22,23
1010,7,8,12,13,17,18,22,23
1011,7,8,12,13,17,18,22,23
1012,7,8,12,13,17,18,22,23
1013,7,8,12,13,17,18,23
1014,7,8,12,13,17,18,23
1015,7,8,12,13,17,18,23
1016,7,8,12,13,17,18,23
1017,7,8,12,13,17,18,23
1018,7,8,12,13,17,18,23
1019,7,8,12,13,17,18,22,23
1020,7,8,12,13,17,18,22,23
1021,7,8,12,13,17,18,22,23
1022,7,8,12,13,17,18,22,23
1023,7,8,12,13,17,18,22,23
1024,7,8,12,13,17,18,22,23
1025,7,8,12,13,17,18,22,23
1026,7,8,12,13,17,18,22,23
1027,7,8,12,13,17,18,22,23
1028,7,8,12,13,17,18,22,23
1029,7,8,12,13,17,18,22,23
1030,7,8,12,13,17,18,22,23
1031,7,8,12,13,17,18,22,23
1032,7,8,12,13,17,18,22,23
1033,7,8,12,13,17,18,22,23
1034,7,8,12,13,17,18,22,23
1035,7,8,12,13,17,18,22,23
1036,7,8,12,13,17,18,22,23
1037,7,8,12,13,17,18,22,23
1038,7,8,12,13,17,18,22,23
1039,7,8,12,13,17,18,22,23
1040,7,8,12,13,17,18,22,23
1041,7,8,12,13,17,18,22,23
1042,7,8,12,13,17,18,22,23
1043,7,8,12,13,17,18,22,23
1044,7,8,12,13,17,18,22,23
1045,7,8,12,13,17,18,22,23
1046,7,8,12,13,17,18,22,23
1047,7,8,12,13,17,18,22,23
1048,7,8,12,13,17,18,22,23
1049,7,8,12,13,17,18,22,23
1050,7,8,12,13,17,18,22,23
1051,7,8,12,13,17,18,22,23
1052,7,8,12,13,17,18,22,23
1053,7,8,12,13,17,18,22,23
1054,7,8,12,13,17,18,22,23
1055,7,8,12,13,17,18,22,23
1056,7,8,12,13,17,18,22,23
1057,7,8,12,13,17,18,22,23
1058,7,8,12,13,17,18,22,23
1059,7,8,12,13,17,18,22,23
1060,7,8,12,13,17,18,22,23
1061,7,8,12,13,17,18,22,23
1062,7,8,12,13,17,18,22,23
1063,7,8,12,13,17,18,22,23
1064,7,8,12,13,17,18,22,23
1065,7,8,12,13,17,18,22,23
1066,7,8,12,13,17,18,22,23
1067,7,8,12,13,17,18,22,23
1068,7,8,12,13,17,18,22,23
1069,7,8,12,13,17,18,22,23
1070,7,8,12,13,17,18,22,23
1071,7,8,12,13,17,18,22,23
1072,7,8,12,13,17,18,22,23
1073,7,8,12,13,17,18,22,23
1074,7,8,12,13,17,18,22,23
1075,7,8,12,13,17,18,22,23
1076,7,8,12,13,17,18,22,23
1077,7,8,12,13,17,18,22,23
1078,7,8,12,13,17,18,22,23
1079,7,8,12,13,17,18,22,23
1080,7,8,12,13,17,18,22,23
1081,7,8,12,13,17,18,22,23
1082,7,8,12,13,17,18,22,23
1083,7,8,12,13,17,18,22,23
1084,7,8,12,13,17,18,22,23
1085,7,8,12,13,17,18,22,23
1086,7,8,12,13,17,18,22,23
1087,7,8,12,13,14,17,18,19,23
1088,7,8,12,13,14,17,18,19,23
1089,7,8,12,13,14,17,18,19,23
1090,7,8,12,13,14,17,18,19,23
1091,7,8,12,13,14,17,18,19,23
1092,7,8,12,13,14,17,18,19,23
1093,7,8,12,13,14,17,18,19,23
1094,7,8,12,13,14,17,18,19,23
1095,7,8,9,12,13,14,17,18,19,23
1096,7,8,9,12,13,14,17,18,19,23
1097,7,8,9,12,13,14,17,18,19,23
1098,7,8,9,12,13,14,17,18,19,23
1099,7,8,9,12,13,14,17,18,19,23
1100,7,8,9,12,13,14,17,18,19,23
1101,7,8,9,12,13,14,17,18,19,23
1102,7,8,9,12,13,14,17,18,19,23
1103,7,8,9,12,13,14,17,18,19,23
1104,7,8,9,12,13,14,17,18,19,23
1105,7,8,9,12,13,14,17,18,19,23
1106,7,8,9,12,13,14,17,18,19,23
1107,7,8,9,12,13,14,17,18,19,23
1108,7,8,9,12,13,14,17,18,19,23
1109,7,8,9,12,13,14,17,18,19,23
1110,7,8,9,12,13,14,17,18,19,23
1111,7,8,9,12,13,14,17,18,19,23
1112,7,8,9,12,13,14,17,18,19,23
1113,7,8,9,12,13,14,17,18,19,23
1114,7,8,9,12,13,14,17,18,19,23
1115,7,8,9,12,13,14,17,18,19,23
1116,7,8,9,12,13,14,17,18,19,23
1117,7,8,9,12,13,14,17,18,19,23
1118,7,8,9,12,13,14,17,18,19,23
1119,7,8,9,12,13,14,17,18,19,23
1120,7,8,9,12,13,14,17,18,19,23
1121,7,8,9,12,13,14,17,18,19,23
1122,7,8,9,12,13,14,17,18,19,23
1123,7,8,9,12,13,14,17,18,19,23
1124,7,8,9,12,13,14,17,18,19,23
1125,7,8,9,12,13,14,17,18,19,23
1126,7,8,9,12,13,14,17,18,19,23
1127,7,8,9,12,13,14,17,18,19,23
1128,7,8,9,12,13,14,17,18,19,23
1129,7,8,9,12,13,14,17,18,19,23
1130,7,8,9,12,13,14,17,18,19,23
1131,7,8,9,12,13,14,17,18,19,23
1132,7,8,9,12,13,14,17,18,19,23
1133,7,8,9,12,13,14,17,18,19,23
1134,7,8,9,12,13,14,17,18,19,23
1135,7,8,9,12,13,14,17,18,19,23
1136,7,8,9,12,13,14,17,18,19,23
1137,7,8,9,12,13,14,17,18,19,23
1138,7,8,9,12,13,14,17,18,19,23
1139,7,8,9,12,13,14,17,18,19,23
1140,7,8,9,12,13,14,17,18,19,23
1141,7,8,9,12,13,14,17,18,19,23
1142,7,8,9,12,13,14,17,18,19,23
1143,7,8,9,12,13,14,17,18,19,23
1144,7,8,9,12,13,14,17,18,19,23
1145,7,8,9,12,13,14,17,18,19,23
1146,7,8,9,12,13,14,17,18,19,23
1147,7,8,9,12,13,14,17,18,19,23
1148,7,8,9,12,13,14,17,18,19,23
1149,7,8,9,12,13,14,17,18,19,23
1150,7,8,9,12,13,14,17,18,19,23
1151,7,8,9,12,13,14,17,18,19,23
1152,7,8,9,12,13,14,17,18,19,23
1153,7,8,9,12,13,14,17,18,19,23
1154,7,8,9,12,13,14,17,18,19,23
1155,7,8,9,12,13,14,17,18,19,23
1156,7,8,9,12,13,14,17,18,19,23
1157,7,8,9,12,13,14,17,18,19,23
1158,7,8,9,12,13,14,17,18,19,23
1159,7,8,9,12,13,14,17,18,19,23
1160,7,8,9,12,13,14,17,18,19,23
1161,7,8,9,12,13,14,17,18,19,23
1162,7,8,9,12,13,14,17,18,19,23
1163,7,8,9,12,13,14,17,18,19,23
1164,7,8,9,12,13,14,17,18,19,23
1165,7,8,9,12,13,14,17,18,19,23
1166,7,8,9,12,13,14,17,18,19,23
1167,7,8,9,12,13,14,17,18,19,23
1168,7,8,9,12,13,14,17,18,19,23
1169,7,8,9,12,13,14,17,18,19,23
1170,7,8,9,12,13,14,17,18,19,23
1171,7,8,9,12,13,14,17,18,19,23
1172,7,8,9,12,13,14,17,18,19,23
1173,7,8,9,12,13,14,17,18,19,23
1174,7,8,9,12,13,14,17,18,19,23
1175,7,8,9,12,13,14,17,18,19,23
1176,7,8,9,12,13,14,17,18,19,23
1177,7,8,9,12,13,14,17,18,19,23
1178,7,8,9,12,13,14,17,18,19,23
1179,7,8,9,12,13,14,17,18,19,23
1180,7,8,9,12,13,14,17,18,19,23
1181,7,8,9,12,13,14,17,18,19,23
1182,7,8,9,12,13,14,17,18,19,23
1183,7,8,9,12,13,14,17,18,19,23
1184,7,8,9,12,13,14,17,18,19,23
1185,7,8,9,12,13,14,17,18,19,23
1186,7,8,9,12,13,14,17,18,19,23
1187,7,8,9,12,13,14,17,18,19,23
1188,7,8,9,12,13,14,17,18,19,23
1189,7,8,9,12,13,14,17,18,19,23
1190,7,8,9,12,13,14,17,18,19,23
1191,7,8,9,12,13,14,17,18,19,23
1192,7,8,9,12,13,14,17,18,19,23
1193,7,8,9,12,13,14,17,18,19,23
1194,7,8,9,12,13,14,17,18,19,23
1195,7,8,9,12,13,14,17,18,19,23
1196,7,8,9,12,13,14,17,18,19,23
1197,7,8,12,13,14,17,18,19,23
1198,7,8,12,13,14,17,18,19,23
1199,7,8,12,13,14,17,18,23
1200,7,8,12,13,14,17,18,23
1201,7,8,12,13,17,18,23
1202,7,8,12,13,17,18,23
1203,7,8,12,13,17,18,23
1204,7,8,12,13,17,18,23
1205,7,8,12,13,17,18
1206,7,8,12,13,17,18
1207,7,8,12,13,17,18
1208,7,8,12,13,17,18
1209,3,7,8,12,13,17,18
1210,3,7,8,12,13,17,18
1211,2,3,7,8,12,13,17,18
1212,2,3,7,8,12,13,17,18
1213,2,7,8,12,13,17,18
1214,2,7,8,12,13,17,18
1215,2,7,8,12,13,17,18
1216,2,7,8,12,13,17,18
1217,2,7,8,12,13,17,18
1218,2,7,8,12,13,17,18
1219,2,6,7,8,11,12,13,17,18
1220,2,6,7,8,11,12,13,17,18
1221,2,6,7,8,11,12,13,17,18
1222,2,6,7,8,11,12,13,17,18
1223,2,6,7,8,11,12,13,16,17,18
1224,2,6,7,8,11,12,13,16,17,18
1225,2,6,7,8,11,12,13,16,17,18
1226,2,6,7,8,11,12,13,16,17,18
1227,2,6,7,8,11,12,13,16,17,18
1228,2,6,7,8,11,12,13,16,17,18
1229,2,6,7,8,11,12,13,16,17,18
1230,2,6,7,8,11,12,13,16,17,18
1231,2,6,7,8,11,12,13,16,17,18
1232,2,6,7,8,11,12,13,16,17,18
1233,2,6,7,8,11,12,13,16,17,18
1234,2,6,7,8,11,12,13,16,17,18
1235,2,6,7,8,11,12,13,16,17,18
1236,2,6,7,8,11,12,13,16,17,18
1237,2,6,7,8,11,12,13,16,17,18
1238,2,6,7,8,11,12,13,16,17,18
1239,2,6,7,8,11,12,13,16,17,18
1240,2,6,7,8,11,12,13,16,17,18
1241,2,6,7,8,11,12,13,16,17,18
1242,2,6,7,8,11,12,13,16,17,18
1243,2,6,7,8,11,12,13,16,17,18
1244,2,6,7,8,11,12,13,16,17,18
1245,7,8,11,12,13,17,18
1246,7,8,11,12,13,17,18
1247,2,7,8,12,13,17,18
1248,2,7,8,12,13,17,18
1249,7,8,12,13,17,18
1250,7,8,12,13,17,18
1251,7,8,12,13,17,18
1252,7,8,12,13,17,18
1253,7,8,12,13,17,18
1254,7,8,12,13,17,18
1255,7,8,12,13,17,18
1256,7,8,12,13,17,18
1257,7,8,12,13,17,18
1258,7,8,12,13,17,18
1259,7,8,12,13,17,18
1260,7,8,12,13,17,18
1261,7,8,12,13,17,18
1262,7,8,12,13,17,18
1263,7,8,12,13,17,18
1264,7,8,12,13,17,18
1265,7,8,12,13,17,18
1266,7,8,12,13,17,18
1267,7,8,12,13,17,18
1268,7,8,12,13,17,18
1269,7,8,12,13,17,18
1270,7,8,12,13,17,18
1271,7,8,12,13,17,18
1272,7,8,12,13,17,18
1273,7,8,12,13,17,18
1274,7,8,12,13,17,18
1275,7,8,12,13,17,18
1276,7,8,12,13,17,18
1277,7,8,12,13,17,18
1278,7,8,12,13,17,18
1279,7,8,12,13,17,18
1280,7,8,12,13,17,18
1281,7,8,12,13,17,18
1282,7,8,12,13,17,18
1283,7,8,12,13,17,18
1284,7,8,12,13,17,18
1285,7,8,12,13,17,18
1286,7,8,12,13,17,18
1287,7,8,12,13,17,18
1288,7,8,12,13,17,18
1289,7,8,12,13,17,18
1290,7,8,12,13,17,18
1291,7,8,12,13,17,18,23
1292,7,8,12,13,17,18,23
1293,7,8,12,13,14,17,18,23
1294,7,8,12,13,14,17,18,23
1295,7,8,12,13,14,17,18,19,23
1296,7,8,12,13,14,17,18,19,23
1297,7,8,9,12,13,14,17,18,19,23
1298,7,8,9,12,13,14,17,18,19,23
1299,7,8,9,12,13,14,17,18,19,23
1300,7,8,9,12,13,14,17,18,19,23
1301,7,8,9,12,13,14,17,18,19,23
1302,7,8,9,12,13,14,17,18,19,23
1303,8,9,12,13,14,18,19,23
1304,8,9,12,13,14,18,19,23
1305,8,9,13,14,18,19,23
1306,8,9,13,14,18,19,23
1307,8,9,13,14,18,19,23,24
1308,8,9,13,14,18,19,23,24
1309,8,9,13,14,18,19,23,24
1310,8,9,13,14,18,19,23,24
1311,8,9,13,14,18,19,23,24
1312,8,9,13,14,18,19,23,24
1313,8,9,13,14,18,19,23,24
1314,8,9,13,14,18,19,23,24
1315,8,9,13,14,18,19,23,24
1316,8,9,13,14,18,19,23,24
1317,8,9,13,14,18,19,23,24
1318,8,9,13,14,18,19,23,24
1319,8,9,13,14,18,19,23,24
1320,8,9,13,14,18,19,23,24
1321,8,9,13,14,18,19,23,24
1322,8,9,13,14,18,19,23,24
1323,8,9,13,14,18,19,23,24
1324,8,9,13,14,18,19,23,24
1325,8,9,13,14,18,19,23,24
1326,8,9,13,14,18,19,23,24
1327,8,9,13,14,18,19,23,24
1328,8,9,13,14,18,19,23,24
1329,8,9,13,14,18,19,23,24
1330,8,9,13,14,18,19,23,24
1331,8,9,13,14,18,19,23,24
1332,8,9,13,14,18,19,23,24
1333,8,9,13,14,18,19,23,24
1334,8,9,13,14,18,19,23,24
1335,8,9,13,14,18,19,23,24
1336,8,9,13,14,18,19,23,24
1337,8,9,13,14,18,19,23
1338,8,9,13,14,18,19,23
1339,8,9,13,14,18,19,23
1340,8,9,13,14,18,19,23
1341,8,9,13,14,18,19,23
1342,8,9,13,14,18,19,23
1343,8,9,12,13,14,17,18,19,23
1344,8,9,12,13,14,17,18,19,23
1345,8,9,12,13,14,17,18,19,23
1346,8,9,12,13,14,17,18,19,23
1347,7,8,9,12,13,14,17,18,19,23
1348,7,8,9,12,13,14,17,18,19,23
1349,7,8,9,12,13,14,17,18,19,23
1350,7,8,9,12,13,14,17,18,19,23
1351,7,8,9,12,13,14,17,18,19,23
1352,7,8,9,12,13,14,17,18,19,23
1353,7,8,9,12,13,14,17,18,19,23
1354,7,8,9,12,13,14,17,18,19,23
1355,7,8,9,12,13,14,17,18,19,23
1356,7,8,9,12,13,14,17,18,19,23
1357,7,8,12,13,14,17,18,19,23
1358,7,8,12,13,14,17,18,19,23
1359,7,8,12,13,14,17,18,19,23
1360,7,8,12,13,14,17,18,19,23
1361,7,8,12,13,14,17,18,19,23
1362,7,8,12,13,14,17,18,19,23
1363,7,8,12,13,14,17,18,19,23
1364,7,8,12,13,14,17,18,19,23
1365,7,8,12,13,14,17,18,19,23
1366,7,8,12,13,14,17,18,19,23
1367,7,8,12,13,14,17,18,19,23
1368,7,8,12,13,14,17,18,19,23
1369,7,8,12,13,14,17,18,23
1370,7,8,12,13,14,17,18,23
1371,7,8,12,13,14,17,18,23
1372,7,8,12,13,14,17,18,23
1373,7,8,12,13,17,18,23
1374,7,8,12,13,17,18,23
1375,7,8,12,13,17,18,23
1376,7,8,12,13,17,18,23
1377,7,8,12,13,17,18,23
1378,7,8,12,13,17,18,23
1379,7,8,12,13,17,18,23
1380,7,8,12,13,17,18,23
1381,7,8,12,13,17,18,23
1382,7,8,12,13,17,18,23
1383,7,8,12,13,14,17,18,23
1384,7,8,12,13,14,17,18,23
1385,7,8,12,13,14,17,18,23
1386,7,8,12,13,14,17,18,23
1387,7,8,12,13,14,17,18,23
1388,7,8,12,13,14,17,18,23
1389,7,8,12,13,14,17,18,19,23
1390,7,8,12,13,14,17,18,19,23
1391,7,8,12,13,14,17,18,19,23
1392,7,8,12,13,14,17,18,19,23
1393,7,8,9,12,13,14,17,18,19,23
1394,7,8,9,12,13,14,17,18,19,23
1395,7,8,9,12,13,14,17,18,19,23
1396,7,8,9,12,13,14,17,18,19,23
1397,7,8,9,12,13,14,17,18,19,23
1398,7,8,9,12,13,14,17,18,19,23
1399,7,8,9,12,13,14,17,18,19,23
1400,7,8,9,12,13,14,17,18,19,23
1401,7,8,9,12,13,14,17,18,19,23
1402,7,8,9,12,13,14,17,18,19,23
1403,7,8,9,12,13,14,17,18,19,23
1404,7,8,9,12,13,14,17,18,19,23
1405,7,8,9,12,13,14,17,18,19,23
1406,7,8,9,12,13,14,17,18,19,23
1407,7,8,9,12,13,14,17,18,19,23
1408,7,8,9,12,13,14,17,18,19,23
1409,7,8,9,12,13,14,17,18,19,23
1410,7,8,9,12,13,14,17,18,19,23
1411,7,8,9,12,13,14,17,18,19,23
1412,7,8,9,12,13,14,17,18,19,23
1413,7,8,9,12,13,14,17,18,19,23
1414,7,8,9,12,13,14,17,18,19,23
1415,7,8,9,12,13,14,17,18,19,23
1416,7,8,9,12,13,14,17,18,19,23
1417,7,8,9,12,13,14,17,18,19,23
1418,7,8,9,12,13,14,17,18,19,23
1419,7,8,9,12,13,14,17,18,19,23
1420,7,8,9,12,13,14,17,18,19,23
1421,7,8,9,12,13,14,17,18,19,23
1422,7,8,9,12,13,14,17,18,19,23
1423,7,8,9,12,13,14,17,18,19,23
1424,7,8,9,12,13,14,17,18,19,23
1425,7,8,9,12,13,14,17,18,19,23
1426,7,8,9,12,13,14,17,18,19,23
1427,7,8,9,12,13,14,17,18,19,23
1428,7,8,9,12,13,14,17,18,19,23
1429,7,8,9,12,13,14,17,18,19,23
1430,7,8,9,12,13,14,17,18,19,23
1431,7,8,9,12,13,14,17,18,19,23
1432,7,8,9,12,13,14,17,18,19,23
1433,7,8,9,12,13,14,17,18,19,23
1434,7,8,9,12,13,14,17,18,19,23
1435,7,8,9,12,13,14,17,18,19,23
1436,7,8,9,12,13,14,17,18,19,23
1437,7,8,9,12,13,14,17,18,19,23
1438,7,8,9,12,13,14,17,18,19,23
1439,7,8,9,12,13,14,17,18,19,23
1440,7,8,9,12,13,14,17,18,19,23
1441,7,8,9,12,13,14,17,18,19,23
1442,7,8,9,12,13,14,17,18,19,23
1443,7,8,9,12,13,14,17,18,19,23
1444,7,8,9,12,13,14,17,18,19,23
1445,7,8,9,12,13,14,17,18,19,23
1446,7,8,9,12,13,14,17,18,19,23
1447,7,8,9,12,13,14,17,18,19,23
1448,7,8,9,12,13,14,17,18,19,23
1449,7,8,9,12,13,14,17,18,19,23
1450,7,8,9,12,13,14,17,18,19,23
1451,7,8,9,12,13,14,17,18,19,23
1452,7,8,9,12,13,14,17,18,19,23
1453,7,8,9,12,13,14,17,18,19,23
1454,7,8,9,12,13,14,17,18,19,23
1455,7,8,9,12,13,14,17,18,19,23
1456,7,8,9,12,13,14,17,18,19,23
1457,7,8,9,12,13,14,17,18,19,23
1458,7,8,9,12,13,14,17,18,19,23
1459,7,8,9,12,13,14,17,18,19,23
1460,7,8,9,12,13,14,17,18,19,23
1461,7,8,9,12,13,14,17,18,19,23
1462,7,8,9,12,13,14,17,18,19,23
1463,7,8,9,12,13,14,17,18,19,23
1464,7,8,9,12,13,14,17,18,19,23
1465,7,8,9,12,13,14,17,18,19,23
1466,7,8,9,12,13,14,17,18,19,23
1467,7,8,9,12,13,14,17,18,19,23
1468,7,8,9,12,13,14,17,18,19,23
1469,7,8,9,12,13,14,17,18,19,23
1470,7,8,9,12,13,14,17,18,19,23
1471,7,8,9,12,13,14,17,18,19,23
1472,7,8,9,12,13,14,17,18,19,23
1473,7,8,9,12,13,14,17,18,19,23
1474,7,8,9,12,13,14,17,18,19,23
1475,7,8,9,12,13,14,17,18,19,23
1476,7,8,9,12,13,14,17,18,19,23
1477,7,8,9,12,13,14,17,18,19,23
1478,7,8,9,12,13,14,17,18,19,23
1479,7,8,9,12,13,14,17,18,19,23
1480,7,8,9,12,13,14,17,18,19,23
1481,7,8,9,12,13,14,17,18,19,23
1482,7,8,9,12,13,14,17,18,19,23
1483,7,8,9,12,13,14,17,18,19,23
1484,7,8,9,12,13,14,17,18,19,23
1485,7,8,9,12,13,14,17,18,19,23
1486,7,8,9,12,13,14,17,18,19,23
1487,7,8,9,12,13,14,17,18,19,23
1488,7,8,9,12,13,14,17,18,19,23
1489,7,8,9,12,13,14,17,18,19,23
1490,7,8,9,12,13,14,17,18,19,23
1491,7,8,9,12,13,14,17,18,19,23
1492,7,8,9,12,13,14,17,18,19,23
1493,7,8,9,12,13,14,17,18,19,23
1494,7,8,9,12,13,14,17,18,19,23
1495,7,8,9,12,13,14,17,18,19,23
1496,7,8,9,12,13,14,17,18,19,23
1497,7,8,9,12,13,14,17,18,19,23
1498,7,8,9,12,13,14,17,18,19,23
1499,7,8,9,12,13,14,17,18,19,23
1500,7,8,9,12,13,14,17,18,19,23
1501,7,8,9,12,13,14,17,18,19,23
1502,7,8,9,12,13,14,17,18,19,23
1503,7,8,9,12,13,14,17,18,19,23
1504,7,8,9,12,13,14,17,18,19,23
1505,7,8,9,12,13,14,17,18,19,23
1506,7,8,9,12,13,14,17,18,19,23
1507,7,8,9,12,13,14,17,18,19,23
1508,7,8,9,12,13,14,17,18,19,23
1509,7,8,9,12,13,14,17,18,19,23
1510,7,8,9,12,13,14,17,18,19,23
1511,7,8,9,12,13,14,17,18,19,23
1512,7,8,9,12,13,14,17,18,19,23
1513,7,8,9,12,13,14,17,18,19,23
1514,7,8,9,12,13,14,17,18,19,23
1515,7,8,9,12,13,14,17,18,19,23
1516,7,8,9,12,13,14,17,18,19,23
1517,7,8,9,12,13,14,17,18,19,23
1518,7,8,9,12,13,14,17,18,19,23
1519,7,8,9,12,13,14,17,18,19,23
1520,7,8,9,12,13,14,17,18,19,23
1521,7,8,9,12,13,14,17,18,19,23
1522,7,8,9,12,13,14,17,18,19,23
1523,7,8,9,12,13,14,17,18,19,23
1524,7,8,9,12,13,14,17,18,19,23
1525,7,8,9,12,13,14,17,18,19,23
1526,7,8,9,12,13,14,17,18,19,23
1527,7,8,9,12,13,14,17,18,19,23
1528,7,8,9,12,13,14,17,18,19,23
1529,7,8,9,12,13,14,17,18,19,23
1530,7,8,9,12,13,14,17,18,19,23
1531,7,8,9,12,13,14,17,18,19,23
1532,7,8,9,12,13,14,17,18,19,23
1533,7,8,9,12,13,14,17,18,19,23
1534,7,8,9,12,13,14,17,18,19,23
1535,7,8,9,12,13,14,17,18,19,23
1536,7,8,9,12,13,14,17,18,19,23
1537,7,8,9,12,13,14,17,18,19,23
1538,7,8,9,12,13,14,17,18,19,23
1539,7,8,9,12,13,14,17,18,19,23
1540,7,8,9,12,13,14,17,18,19,23
1541,7,8,9,12,13,14,17,18,19,23
1542,7,8,9,12,13,14,17,18,19,23
1543,7,8,9,12,13,14,17,18,19,23
1544,7,8,9,12,13,14,17,18,19,23
1545,7,8,9,12,13,14,17,18,19,23
1546,7,8,9,12,13,14,17,18,19,23
1547,7,8,9,12,13,14,17,18,19,23
1548,7,8,9,12,13,14,17,18,19,23
1549,7,8,9,12,13,14,17,18,19,23
1550,7,8,9,12,13,14,17,18,19,23
1551,7,8,9,12,13,14,17,18,19,23
1552,7,8,9,12,13,14,17,18,19,23
1553,7,8,9,12,13,14,17,18,19,23
1554,7,8,9,12,13,14,17,18,19,23
1555,7,8,9,12,13,14,17,18,19,23
1556,7,8,9,12,13,14,17,18,19,23
1557,7,8,9,12,13,14,17,18,19,23
1558,7,8,9,12,13,14,17,18,19,23
1559,7,8,9,12,13,14,17,18,19,23
1560,7,8,9,12,13,14,17,18,19,23
1561,7,8,9,12,13,14,17,18,19,23
1562,7,8,9,12,13,14,17,18,19,23
1563,7,8,9,12,13,14,17,18,19,23
1564,7,8,9,12,13,14,17,18,19,23
1565,7,8,9,12,13,14,17,18,19,23
1566,7,8,9,12,13,14,17,18,19,23
1567,7,8,9,12,13,14,17,18,19,23
1568,7,8,9,12,13,14,17,18,19,23
1569,7,8,9,12,13,14,17,18,19,23
1570,7,8,9,12,13,14,17,18,19,23
1571,7,8,9,12,13,14,17,18,19,23
1572,7,8,9,12,13,14,17,18,19,23
1573,7,8,9,12,13,14,17,18,19,23
1574,7,8,9,12,13,14,17,18,19,23
1575,7,8,9,12,13,14,17,18,19,23
1576,7,8,9,12,13,14,17,18,19,23
1577,7,8,9,12,13,14,17,18,19,23
1578,7,8,9,12,13,14,17,18,19,23
1579,7,8,9,12,13,14,17,18,19,23
1580,7,8,9,12,13,14,17,18,19,23
1581,7,8,9,12,13,14,17,18,19,23
1582,7,8,9,12,13,14,17,18,19,23
1583,7,8,9,12,13,14,17,18,19,23
1584,7,8,9,12,13,14,17,18,19,23
1585,7,8,9,12,13,14,17,18,19,23
1586,7,8,9,12,13,14,17,18,19,23
1587,7,8,9,12,13,14,17,18,19,23
1588,7,8,9,12,13,14,17,18,19,23
1589,7,8,9,12,13,14,17,18,19,23
1590,7,8,9,12,13,14,17,18,19,23
1591,7,8,9,12,13,14,17,18,19,23
1592,7,8,9,12,13,14,17,18,19,23
1593,7,8,9,12,13,14,17,18,19,23
1594,7,8,9,12,13,14,17,18,19,23
1595,7,8,9,12,13,14,17,18,19,23
1596,7,8,9,12,13,14,17,18,19,23
1597,7,8,9,12,13,14,17,18,19,23
1598,7,8,9,12,13,14,17,18,19,23
1599,7,8,9,12,13,14,17,18,19,23
1600,7,8,9,12,13,14,17,18,19,23
1601,7,8,9,12,13,14,17,18,19,23
1602,7,8,9,12,13,14,17,18,19,23
1603,7,8,9,12,13,14,17,18,19,23
1604,7,8,9,12,13,14,17,18,19,23
1605,7,8,9,12,13,14,17,18,19,23
1606,7,8,9,12,13,14,17,18,19,23
1607,7,8,9,12,13,14,17,18,19,23
1608,7,8,9,12,13,14,17,18,19,23
1609,7,8,9,12,13,14,17,18,19,23
1610,7,8,9,12,13,14,17,18,19,23
1611,7,8,9,12,13,14,17,18,19,23
1612,7,8,9,12,13,14,17,18,19,23
1613,7,8,9,12,13,14,17,18,19,23
1614,7,8,9,12,13,14,17,18,19,23
1615,7,8,9,12,13,14,17,18,19,23
1616,7,8,9,12,13,14,17,18,19,23
1617,7,8,9,12,13,14,17,18,19,23
1618,7,8,9,12,13,14,17,18,19,23
1619,7,8,9,12,13,14,17,18,19,23
1620,7,8,9,12,13,14,17,18,19,23
1621,7,8,9,12,13,14,17,18,19,23
1622,7,8,9,12,13,14,17,18,19,23
1623,7,8,9,12,13,14,17,18,19,23
1624,7,8,9,12,13,14,17,18,19,23
1625,7,8,9,12,13,14,17,18,19,23
1626,7,8,9,12,13,14,17,18,19,23
1627,7,8,9,12,13,14,17,18,19,23
1628,7,8,9,12,13,14,17,18,19,23
1629,7,8,9,12,13,14,17,18,19,23
1630,7,8,9,12,13,14,17,18,19,23
1631,7,8,9,12,13,14,17,18,19,23
1632,7,8,9,12,13,14,17,18,19,23
1633,7,8,9,12,13,14,17,18,19,23
1634,7,8,9,12,13,14,17,18,19,23
1635,7,8,9,12,13,14,17,18,19,23
1636,7,8,9,12,13,14,17,18,19,23
1637,7,8,9,12,13,14,17,18,19,23
1638,7,8,9,12,13,14,17,18,19,23
1639,7,8,9,12,13,14,17,18,19,23
1640,7,8,9,12,13,14,17,18,19,23
1641,7,8,9,12,13,14,17,18,19,23
1642,7,8,9,12,13,14,17,18,19,23
1643,7,8,9,12,13,14,17,18,19,23
1644,7,8,9,12,13,14,17,18,19,23
1645,7,8,9,12,13,14,17,18,19,23
1646,7,8,9,12,13,14,17,18,19,23
1647,7,8,9,12,13,14,17,18,19,23
1648,7,8,9,12,13,14,17,18,19,23
1649,7,8,9,12,13,14,17,18,19,23
1650,7,8,9,12,13,14,17,18,19,23
1651,7,8,9,12,13,14,17,18,19,23
1652,7,8,9,12,13,14,17,18,19,23
1653,7,8,9,12,13,14,17,18,19,23
1654,7,8,9,12,13,14,17,18,19,23
1655,7,8,9,12,13,14,17,18,19,23
1656,7,8,9,12,13,14,17,18,19,23
1657,7,8,9,12,13,14,17,18,19,23
1658,7,8,9,12,13,14,17,18,19,23
1659,7,8,9,12,13,14,17,18,19,23
1660,7,8,9,12,13,14,17,18,19,23
1661,7,8,9,12,13,14,17,18,19,23
1662,7,8,9,12,13,14,17,18,19,23
1663,7,8,9,12,13,14,17,18,19,23
1664,7,8,9,12,13,14,17,18,19,23
1665,7,8,9,12,13,14,17,18,19,23
1666,7,8,9,12,13,14,17,18,19,23
1667,7,8,9,12,13,14,17,18,19,23
1668,7,8,9,12,13,14,17,18,19,23
1669,7,8,9,12,13,14,17,18,19,23
1670,7,8,9,12,13,14,17,18,19,23
1671,7,8,9,12,13,14,17,18,19,23
1672,7,8,9,12,13,14,17,18,19,23
1673,7,8,9,12,13,14,17,18,19,23
1674,7,8,9,12,13,14,17,18,19,23
1675,7,8,9,12,13,14,17,18,19,23
1676,7,8,9,12,13,14,17,18,19,23
1677,7,8,9,12,13,14,17,18,19,23
1678,7,8,9,12,13,14,17,18,19,23
1679,7,8,9,12,13,14,17,18,19,23
1680,7,8,9,12,13,14,17,18,19,23
1681,7,8,9,12,13,14,17,18,19,23
1682,7,8,9,12,13,14,17,18,19,23
1683,7,8,9,12,13,14,17,18,19,23
1684,7,8,9,12,13,14,17,18,19,23
1685,7,8,9,12,13,14,17,18,19,23
1686,7,8,9,12,13,14,17,18,19,23
1687,7,8,9,12,13,14,17,18,19,23
1688,7,8,9,12,13,14,17,18,19,23
1689,7,8,9,12,13,14,17,18,19,23
1690,7,8,9,12,13,14,17,18,19,23
1691,7,8,9,12,13,14,17,18,19,23
1692,7,8,9,12,13,14,17,18,19,23
1693,7,8,9,12,13,14,17,18,19,23
1694,7,8,9,12,13,14,17,18,19,23
1695,7,8,9,12,13,14,17,18,19,23
1696,7,8,9,12,13,14,17,18,19,23
1697,7,8,9,12,13,14,17,18,19,23
1698,7,8,9,12,13,14,17,18,19,23
1699,7,8,9,12,13,14,17,18,19,23
1700,7,8,9,12,13,14,17,18,19,23
1701,7,8,9,12,13,14,17,18,19,23
1702,7,8,9,12,13,14,17,18,19,23
1703,7,8,9,12,13,14,17,18,19,23
1704,7,8,9,12,13,14,17,18,19,23
1705,7,8,9,12,13,14,17,18,19,23
1706,7,8,9,12,13,14,17,18,19,23
1707,7,8,9,12,13,14,17,18,19,23
1708,7,8,9,12,13,14,17,18,19,23
1709,7,8,9,12,13,14,17,18,19,23
1710,7,8,9,12,13,14,17,18,19,23
1711,7,8,9,12,13,14,17,18,19,23
1712,7,8,9,12,13,14,17,18,19,23
1713,7,8,9,12,13,14,17,18,19,23
1714,7,8,9,12,13,14,17,18,19,23
1715,7,8,9,12,13,14,17,18,19,23
1716,7,8,9,12,13,14,17,18,19,23
1717,7,8,9,12,13,14,17,18,19,23
1718,7,8,9,12,13,14,17,18,19,23
1719,7,8,9,12,13,14,17,18,19,23
1720,7,8,9,12,13,14,17,18,19,23
1721,7,8,9,12,13,14,17,18,19,23
1722,7,8,9,12,13,14,17,18,19,23
1723,7,8,9,12,13,14,17,18,19,23
1724,7,8,9,12,13,14,17,18,19,23
1725,7,8,9,12,13,14,17,18,19,23
1726,7,8,9,12,13,14,17,18,19,23
1727,7,8,9,12,13,14,17,18,19,23
1728,7,8,9,12,13,14,17,18,19,23
1729,7,8,9,12,13,14,17,18,19,23
1730,7,8,9,12,13,14,17,18,19,23
1731,7,8,9,12,13,14,17,18,19,23
1732,7,8,9,12,13,14,17,18,19,23
1733,7,8,9,12,13,14,17,18,19,23
1734,7,8,9,12,13,14,17,18,19,23
1735,7,8,9,12,13,14,17,18,19,23
1736,7,8,9,12,13,14,17,18,19,23
1737,7,8,9,12,13,14,17,18,19,23
1738,7,8,9,12,13,14,17,18,19,23
1739,7,8,9,12,13,14,17,18,19,23
1740,7,8,9,12,13,14,17,18,19,23
1741,7,8,9,12,13,14,17,18,19,23
1742,7,8,9,12,13,14,17,18,19,23
1743,7,8,9,12,13,14,17,18,19,23
1744,7,8,9,12,13,14,17,18,19,23
1745,7,8,9,12,13,14,17,18,19,23
1746,7,8,9,12,13,14,17,18,19,23
1747,7,8,9,12,13,14,17,18,19,23
1748,7,8,9,12,13,14,17,18,19,23
1749,7,8,9,12,13,14,17,18,19,23
1750,7,8,9,12,13,14,17,18,19,23
1751,7,8,9,12,13,14,17,18,19,23
1752,7,8,9,12,13,14,17,18,19,23
1753,7,8,9,12,13,14,17,18,19,23
1754,7,8,9,12,13,14,17,18,19,23
1755,7,8,9,12,13,14,17,18,19,23
1756,7,8,9,12,13,14,17,18,19,23
1757,7,8,9,12,13,14,17,18,19,23
1758,7,8,9,12,13,14,17,18,19,23
1759,7,8,9,12,13,14,17,18,19,23
1760,7,8,9,12,13,14,17,18,19,23
1761,7,8,9,12,13,14,17,18,19,23
1762,7,8,9,12,13,14,17,18,19,23
1763,7,8,9,12,13,14,17,18,19,23
1764,7,8,9,12,13,14,17,18,19,23
1765,7,8,9,12,13,14,17,18,19,23
1766,7,8,9,12,13,14,17,18,19,23
1767,7,8,9,12,13,14,17,18,19,23
1768,7,8,9,12,13,14,17,18,19,23
1769,7,8,9,12,13,14,17,18,19,23
1770,7,8,9,12,13,14,17,18,19,23
1771,7,8,9,12,13,14,17,18,19,23
1772,7,8,9,12,13,14,17,18,19,23
1773,7,8,9,12,13,14,17,18,19,23
1774,7,8,9,12,13,14,17,18,19,23
1775,7,8,9,12,13,14,17,18,19,23
1776,7,8,9,12,13,14,17,18,19,23
1777,7,8,9,12,13,14,17,18,19,23
1778,7,8,9,12,13,14,17,18,19,23
1779,7,8,9,12,13,14,17,18,19,23
1780,7,8,9,12,13,14,17,18,19,23
1781,7,8,9,12,13,14,17,18,19,23
1782,7,8,9,12,13,14,17,18,19,23
1783,8,9,12,13,14,17,18,19,23
1784,8,9,12,13,14,17,18,19,23
1785,8,9,12,13,14,17,18,19,23
1786,8,9,12,13,14,17,18,19,23
1787,8,9,12,13,14,17,18,19,23
1788,8,9,12,13,14,17,18,19,23
1789,8,9,12,13,14,17,18,19,23
1790,8,9,12,13,14,17,18,19,23
1791,8,9,12,13,14,17,18,19,23
1792,8,9,12,13,14,17,18,19,23
1793,8,9,12,13,14,17,18,19,23
1794,8,9,12,13,14,17,18,19,23
1795,7,8,9,12,13,14,17,18,19,23
1796,7,8,9,12,13,14,17,18,19,23
1797,7,8,9,12,13,14,17,18,19,23
1798,7,8,9,12,13,14,17,18,19,23
1799,7,8,9,12,13,14,17,18,19,23
1800,7,8,9,12,13,14,17,18,19,23
