1,7,8,9,12,13,14,17,18,19,23
2,7,8,9,12,13,14,17,18,19,23
3,7,8,9,12,13,14,17,18,19,23
4,7,8,9,12,13,14,17,18,19,23
5,7,8,9,12,13,14,17,18,19,23
6,7,8,9,12,13,14,17,18,19,23
7,7,8,9,12,13,14,17,18,19,23
8,7,8,9,12,13,14,17,18,19,23
9,7,8,12,13,14,17,18,19,23
10,7,8,12,13,14,17,18,19,23
11,7,8,12,13,14,17,18,19,22,23
12,7,8,12,13,14,17,18,19,22,23
13,7,8,12,13,14,17,18,19,22,23
14,7,8,12,13,14,17,18,19,22,23
15,7,8,12,13,14,17,18,19,22,23
16,7,8,12,13,14,17,18,19,22,23
17,7,8,12,13,14,17,18,19,22,23
18,7,8,12,13,14,17,18,19,22,23
19,7,8,12,13,17,18,22,23
20,7,8,12,13,17,18,22,23
21,7,8,12,13,17,18,22,23
22,7,8,12,13,17,18,22,23
23,7,8,12,13,17,18,22,23
24,7,8,12,13,17,18,22,23
25,7,8,12,13,17,18,22,23
26,7,8,12,13,17,18,22,23
27,7,8,12,13,17,18,22,23
28,7,8,12,13,17,18,22,23
29,7,8,12,13,17,18,22,23
30,7,8,12,13,17,18,22,23
31,7,8,12,13,17,18,22,23
32,7,8,12,13,17,18,22,23
33,7,8,12,13,17,18,22,23
34,7,8,12,13,17,18,22,23
35,7,8,12,13,17,18,22,23
36,7,8,12,13,17,18,22,23
37,7,8,11,12,13,16,17,18,22,23
38,7,8,11,12,13,16,17,18,22,23
39,7,8,11,12,13,16,17,18,22,23
40,7,8,11,12,13,16,17,18,22,23
41,7,8,11,12,13,16,17,18,22,23
42,7,8,11,12,13,16,17,18,22,23
43,6,7,8,11,12,13,16,17,18,22
44,6,7,8,11,12,13,16,17,18,22
45,6,7,11,12,13,16,17,18,21,22
46,6,7,11,12,13,16,17,18,21,22
47,6,7,11,12,13,16,17,18,21,22
48,6,7,11,12,13,16,17,18,21,22
49,6,7,11,12,13,16,17,18,21,22
50,6,7,11,12,13,16,17,18,21,22
51,6,7,11,12,16,17,21,22
52,6,7,11,12,16,17,21,22
53,6,7,11,12,16,17,21,22
54,6,7,11,12,16,17,21,22
55,6,7,11,12,16,17,21,22
56,6,7,11,12,16,17,21,22
57,6,7,11,12,16,17,21,22
58,6,7,11,12,16,17,21,22
59,6,7,11,12,16,17,21,22
60,6,7,11,12,16,17,21,22
61,6,7,11,12,16,17,21,22
62,6,7,11,12,16,17,21,22
63,6,7,11,12,16,17,21,22
64,6,7,11,12,16,17,21,22
65,6,7,11,12,16,17,21,22
66,6,7,11,12,16,17,21,22
67,6,7,11,12,16,17,21,22
68,6,7,11,12,16,17,21,22
69,6,7,11,12,16,17,21,22
70,6,7,11,12,16,17,21,22
71,6,7,11,12,16,17,21
72,6,7,11,12,16,17,21
73,6,7,11,12,16,17
74,6,7,11,12,16,17
75,6,7,11,12,16,17
76,6,7,11,12,16,17
77,6,7,11,12,16,17
78,6,7,11,12,16,17
79,6,7,11,12,15,16,17
80,6,7,11,12,15,16,17
81,6,7,11,12,15,16,17
82,6,7,11,12,15,16,17
83,6,7,11,12,15,16,17
84,6,7,11,12,15,16,17
85,6,7,11,12,15,16,17
86,6,7,11,12,15,16,17
87,6,7,11,12,15,16,17
88,6,7,11,12,15,16,17
89,6,7,11,12,15,16,17
90,6,7,11,12,15,16,17
91,6,7,11,12,15,16,17
92,6,7,11,12,15,16,17
93,6,7,11,12,15,16,17
94,6,7,11,12,15,16,17
95,6,7,10,11,12,15,16,17
96,6,7,10,11,12,15,16,17
97,1,6,7,10,11,12,15,16,17
98,1,6,7,10,11,12,15,16,17
99,1,6,7,11,12,15,16,17
100,1,6,7,11,12,15,16,17
101,1,6,7,11,12,15,16,17
102,1,6,7,11,12,15,16,17
103,1,6,7,11,12,15,16,17
104,1,6,7,11,12,15,16,17
105,1,6,7,11,12,15,16,17
106,1,6,7,11,12,15,16,17
107,6,7,11,12,16,17
108,6,7,11,12,16,17
109,6,7,11,12,15,16,17
110,6,7,11,12,15,16,17
111,6,7,11,12,15,16,17,20,21
112,6,7,11,12,15,16,17,20,21
113,6,7,11,12,15,16,17,20,21
114,6,7,11,12,15,16,17,20,21
115,6,7,10,11,12,15,16,17,20,21
116,6,7,10,11,12,15,16,17,20,21
117,6,7,10,11,12,15,16,17,20,21
118,6,7,10,11,12,15,16,17,20,21
119,6,7,10,11,12,15,16,17,20,21
120,6,7,10,11,12,15,16,17,20,21
121,6,7,10,11,12,15,16,17,20,21
122,6,7,10,11,12,15,16,17,20,21
123,6,7,10,11,12,15,16,17,20,21
124,6,7,10,11,12,15,16,17,20,21
125,6,10,11,12,15,16,17,20,21
126,6,10,11,12,15,16,17,20,21
127,6,10,11,12,15,16,17,20,21
128,6,10,11,12,15,16,17,20,21
129,6,10,11,12,15,16,17,20,21
130,6,10,11,12,15,16,17,20,21
131,6,10,11,12,15,16,17,20,21
132,6,10,11,12,15,16,17,20,21
133,6,10,11,12,15,16,17,20,21
134,6,10,11,12,15,16,17,20,21
135,6,10,11,12,15,16,17,20,21
136,6,10,11,12,15,16,17,20,21
137,6,10,11,12,15,16,17,20,21
138,6,10,11,12,15,16,17,20,21
139,6,7,10,11,12,15,16,17,20,21
140,6,7,10,11,12,15,16,17,20,21
141,6,7,10,11,12,15,16,17,20,21
142,6,7,10,11,12,15,16,17,20,21
143,6,7,10,11,12,15,16,17,20,21
144,6,7,10,11,12,15,16,17,20,21
145,6,7,11,12,15,16,17,21
146,6,7,11,12,15,16,17,21
147,6,7,11,12,16,17,21
148,6,7,11,12,16,17,21
149,6,7,11,12,16,17,21,22
150,6,7,11,12,16,17,21,22
151,6,7,11,12,16,17,21,22
152,6,7,11,12,16,17,21,22
153,6,7,11,12,16,17,21,22
154,6,7,11,12,16,17,21,22
155,6,7,11,12,16,17,21,22
156,6,7,11,12,16,17,21,22
157,6,7,11,12,16,17,21,22
158,6,7,11,12,16,17,21,22
159,6,7,11,12,16,17,21,22
160,6,7,11,12,16,17,21,22
161,6,7,11,12,13,16,17,18,21,22
162,6,7,11,12,13,16,17,18,21,22
163,6,7,11,12,13,16,17,18,21,22
164,6,7,11,12,13,16,17,18,21,22
165,6,7,11,12,13,16,17,18,21,22
166,6,7,11,12,13,16,17,18,21,22
167,7,11,12,13,16,17,18,21,22,23
168,7,11,12,13,16,17,18,21,22,23
169,7,8,11,12,13,16,17,18,21,22,23
170,7,8,11,12,13,16,17,18,21,22,23
171,7,8,11,12,13,16,17,18,22,23
172,7,8,11,12,13,16,17,18,22,23
173,7,8,11,12,13,16,17,18,22,23
174,7,8,11,12,13,16,17,18,22,23
175,7,8,12,13,17,18,22,23
176,7,8,12,13,17,18,22,23
177,7,8,12,13,17,18,22,23
178,7,8,12,13,17,18,22,23
179,7,8,12,13,17,18,22,23
180,7,8,12,13,17,18,22,23
181,7,8,12,13,17,18,22,23
182,7,8,12,13,17,18,22,23
183,7,8,12,13,17,18,22,23
184,7,8,12,13,17,18,22,23
185,7,8,12,13,17,18,22,23
186,7,8,12,13,17,18,22,23
187,7,8,12,13,17,18,22,23
188,7,8,12,13,17,18,22,23
189,8,12,13,17,18,22,23
190,8,12,13,17,18,22,23
191,8,12,13,17,18,22,23
192,8,12,13,17,18,22,23
193,8,12,13,14,17,18,19,22,23
194,8,12,13,14,17,18,19,22,23
195,8,12,13,14,17,18,19,22,23,24
196,8,12,13,14,17,18,19,22,23,24
197,8,12,13,14,17,18,19,22,23,24
198,8,12,13,14,17,18,19,22,23,24
199,8,12,13,14,17,18,19,22,23,24
200,8,12,13,14,17,18,19,22,23,24
201,8,12,13,14,17,18,19,22,23,24
202,8,12,13,14,17,18,19,22,23,24
203,8,12,13,14,17,18,19,22,23,24
204,8,12,13,14,17,18,19,22,23,24
205,8,9,12,13,14,17,18,19,22,23,24
206,8,9,12,13,14,17,18,19,22,23,24
207,8,9,12,13,14,17,18,19,22,23,24
208,8,9,12,13,14,17,18,19,22,23,24
209,8,9,12,13,14,17,18,19,23,24
210,8,9,12,13,14,17,18,19,23,24
211,8,9,13,14,18,19,23,24
212,8,9,13,14,18,19,23,24
213,8,9,13,14,18,19,23,24
214,8,9,13,14,18,19,23,24
215,8,9,13,14,18,19,23,24
216,8,9,13,14,18,19,23,24
217,8,9,13,14,18,19,23,24
218,8,9,13,14,18,19,23,24
219,8,9,13,14,18,19,23,24
220,8,9,13,14,18,19,23,24
221,8,9,13,14,18,19,23,24
222,8,9,13,14,18,19,23,24
223,8,9,13,14,18,19,23,24
224,8,9,13,14,18,19,23,24
225,8,9,13,14,18,19,23,24
226,8,9,13,14,18,19,23,24
227,8,9,13,14,18,19,23,24
228,8,9,13,14,18,19,23,24
229,8,9,13,14,18,19,23,24
230,8,9,13,14,18,19,23,24
231,9,13,14,18,19,23,24
232,9,13,14,18,19,23,24
233,9,13,14,18,19,23,24
234,9,13,14,18,19,23,24
235,9,13,14,15,18,19,20,23,24
236,9,13,14,15,18,19,20,23,24
237,9,13,14,15,18,19,20,23,24
238,9,13,14,15,18,19,20,23,24
239,9,13,14,15,18,19,20,23,24,25
240,9,13,14,15,18,19,20,23,24,25
241,9,13,14,15,18,19,20,23,24,25
242,9,13,14,15,18,19,20,23,24,25
243,9,13,14,15,18,19,20,23,24,25
244,9,13,14,15,18,19,20,23,24,25
245,9,13,14,15,18,19,20,23,24,25
246,9,13,14,15,18,19,20,23,24,25
247,9,10,13,14,15,18,19,20,23,24,25
248,9,10,13,14,15,18,19,20,23,24,25
249,9,10,13,14,15,18,19,20,24,25
250,9,10,13,14,15,18,19,20,24,25
251,9,10,13,14,15,18,19,20,24,25
252,9,10,13,14,15,18,19,20,24,25
253,9,10,14,15,19,20,24,25
254,9,10,14,15,19,20,24,25
255,9,10,14,15,19,20,24,25
256,9,10,14,15,19,20,24,25
257,9,10,14,15,19,20,24,25
258,9,10,14,15,19,20,24,25
259,9,10,14,15,19,20,24,25
260,9,10,14,15,19,20,24,25
261,9,10,14,15,19,20,24,25
262,9,10,14,15,19,20,24,25
263,9,10,14,15,19,20,24,25
264,9,10,14,15,19,20,24,25
265,9,10,14,15,19,20,24,25
266,9,10,14,15,19,20,24,25
267,9,10,14,15,19,20,24,25
268,9,10,14,15,19,20,24,25
269,9,10,14,15,19,20,24,25
270,9,10,14,15,19,20,24,25
271,9,10,14,15,19,20,24,25
272,9,10,14,15,19,20,24,25
273,9,10,14,15,19,20,24,25
274,9,10,14,15,19,20,24,25
275,9,10,14,15,19,20,24,25
276,9,10,14,15,19,20,24,25
277,9,10,14,15,19,20,24,25
278,9,10,14,15,19,20,24,25
279,9,10,11,14,15,16,19,20,24,25
280,9,10,11,14,15,16,19,20,24,25
281,9,10,11,14,15,16,19,20,25
282,9,10,11,14,15,16,19,20,25
283,6,9,10,11,14,15,16,19,20,25
284,6,9,10,11,14,15,16,19,20,25
285,6,9,10,11,14,15,16,19,20,25
286,6,9,10,11,14,15,16,19,20,25
287,6,9,10,11,14,15,16,19,20,25
288,6,9,10,11,14,15,16,19,20,25
289,6,9,10,11,14,15,16,19,20,25
290,6,9,10,11,14,15,16,19,20,25
291,6,10,11,14,15,16,19,20,25
292,6,10,11,14,15,16,19,20,25
293,6,10,11,14,15,16,19,20,25
294,6,10,11,14,15,16,19,20,25
295,6,10,11,14,15,16,19,20,21,25
296,6,10,11,14,15,16,19,20,21,25
297,6,10,11,14,15,16,19,20,21,25
298,6,10,11,14,15,16,19,20,21,25
299,6,10,11,15,16,20,21,25
300,6,10,11,15,16,20,21,25
301,6,10,11,15,16,20,21,25
302,6,10,11,15,16,20,21,25
303,6,10,11,15,16,20,21,25
304,6,10,11,15,16,20,21,25
305,6,10,11,15,16,20,21,25
306,6,10,11,15,16,20,21,25
307,6,10,11,15,16,20,21,25
308,6,10,11,15,16,20,21,25
309,6,10,11,15,16,20,21,25
310,6,10,11,15,16,20,21,25
311,6,10,11,15,16,20,21,25
312,6,10,11,15,16,20,21,25
313,6,10,11,15,16,20,21,25
314,6,10,11,15,16,20,21,25
315,6,10,11,15,16,20,21,25
316,6,10,11,15,16,20,21,25
317,6,10,11,14,15,16,19,20,21,25
318,6,10,11,14,15,16,19,20,21,25
319,6,10,11,14,15,16,19,20,21,25
320,6,10,11,14,15,16,19,20,21,25
321,10,11,14,15,16,19,20,21,25
322,10,11,14,15,16,19,20,21,25
323,10,11,14,15,16,19,20,21,24,25
324,10,11,14,15,16,19,20,21,24,25
325,10,11,14,15,16,19,20,21,24,25
326,10,11,14,15,16,19,20,21,24,25
327,10,11,14,15,16,19,20,21,24,25
328,10,11,14,15,16,19,20,21,24,25
329,10,11,14,15,16,19,20,21,24,25
330,10,11,14,15,16,19,20,21,24,25
331,11,14,15,16,19,20,21,24,25
332,11,14,15,16,19,20,21,24,25
333,11,14,15,16,19,20,21,22,23,24,25
334,11,14,15,16,19,20,21,22,23,24,25
335,14,15,16,19,20,21,22,23,24,25
336,14,15,16,19,20,21,22,23,24,25
337,14,15,16,19,20,21,22,23,24,25
338,14,15,16,19,20,21,22,23,24,25
339,14,15,16,19,20,21,22,23,24,25
340,14,15,16,19,20,21,22,23,24,25
341,14,15,16,19,20,21,22,23,24,25
342,14,15,16,19,20,21,22,23,24,25
343,14,15,16,19,20,21,22,23,24,25
344,14,15,16,19,20,21,22,23,24,25
345,14,15,16,19,20,21,22,23,24,25
346,14,15,16,19,20,21,22,23,24,25
347,14,15,16,19,20,21,22,23,24,25
348,14,15,16,19,20,21,22,23,24,25
349,14,15,16,19,20,21,22,23,24,25
350,14,15,16,19,20,21,22,23,24,25
351,14,15,16,19,20,21,22,23,24,25
352,14,15,16,19,20,21,22,23,24,25
353,14,15,16,19,20,21,22,23,24,25
354,14,15,16,19,20,21,22,23,24,25
355,14,15,16,19,20,21,22,23,24,25
356,14,15,16,19,20,21,22,23,24,25
357,14,15,16,19,20,21,22,23,24,25
358,14,15,16,19,20,21,22,23,24,25
359,14,15,16,19,20,21,22,23,24,25
360,14,15,16,19,20,21,22,23,24,25
361,14,15,16,19,20,21,22,23,24,25
362,14,15,16,19,20,21,22,23,24,25
363,14,15,16,19,20,21,22,23,24,25
364,14,15,16,19,20,21,22,23,24,25
365,14,15,16,19,20,21,22,23,24,25
366,14,15,16,19,20,21,22,23,24,25
367,10,11,14,15,16,19,20,21,24,25
368,10,11,14,15,16,19,20,21,24,25
369,10,11,14,15,16,19,20,21,24,25
370,10,11,14,15,16,19,20,21,24,25
371,10,11,14,15,16,19,20,21,24,25
372,10,11,14,15,16,19,20,21,24,25
373,10,11,14,15,16,19,20,21,24,25
374,10,11,14,15,16,19,20,21,24,25
375,6,10,11,14,15,16,19,20,21,25
376,6,10,11,14,15,16,19,20,21,25
377,6,10,11,14,15,16,19,20,21,25
378,6,10,11,14,15,16,19,20,21,25
379,6,10,11,14,15,16,19,20,21,25
380,6,10,11,14,15,16,19,20,21,25
381,6,10,11,15,16,20,21,25
382,6,10,11,15,16,20,21,25
383,6,10,11,15,16,20,21,25
384,6,10,11,15,16,20,21,25
385,5,6,10,11,15,16,20
386,5,6,10,11,15,16,20
387,5,6,10,11,15,16,20
388,5,6,10,11,15,16,20
389,5,6,10,11,15,16,20
390,5,6,10,11,15,16,20
391,5,6,10,11,15,16,20
392,5,6,10,11,15,16,20
393,5,6,10,11,15,16,20
394,5,6,10,11,15,16,20
395,5,6,10,11,15,16,20
396,5,6,10,11,15,16,20
397,1,5,6,10,11,15,16,20
398,1,5,6,10,11,15,16,20
399,1,5,6,10,11,15,16,20
400,1,5,6,10,11,15,16,20
401,1,5,6,10,11,15,16,20
402,1,5,6,10,11,15,16,20
403,1,5,6,10,11,15,16,20
404,1,5,6,10,11,15,16,20
405,1,5,6,10,11,15,16,20
406,1,5,6,10,11,15,16,20
407,1,5,6,10,11,15,16,20
408,1,5,6,10,11,15,16,20
409,1,5,6,10,11,15,16,20
410,1,5,6,10,11,15,16,20
411,1,5,6,10,11,15,16,20
412,1,5,6,10,11,15,16,20
413,1,5,6,10,11,15,16,20
414,1,5,6,10,11,15,16,20
415,1,5,6,10,11,15,16,20
416,1,5,6,10,11,15,16,20
417,1,5,6,10,11,15,16,20
418,1,5,6,10,11,15,16,20
419,1,5,6,10,11,15,16,20
420,1,5,6,10,11,15,16,20
421,1,5,6,10,11,15,16,20
422,1,5,6,10,11,15,16,20
423,1,5,6,10,11,15,16,20
424,1,5,6,10,11,15,16,20
425,1,5,6,10,11,15,16,20
426,1,5,6,10,11,15,16,20
427,5,6,10,11,15,16,20
428,5,6,10,11,15,16,20
429,5,6,9,10,11,14,15,16,20
430,5,6,9,10,11,14,15,16,20
431,5,6,9,10,11,14,15,16,20
432,5,6,9,10,11,14,15,16,20
433,5,6,9,10,11,14,15,16,20
434,5,6,9,10,11,14,15,16,20
435,5,6,9,10,11,14,15,16,20
436,5,6,9,10,11,14,15,16,20
437,5,6,9,10,11,14,15,16,20
438,5,6,9,10,11,14,15,16,20
439,5,6,9,10,11,14,15,16,20
440,5,6,9,10,11,14,15,16,20
441,5,6,9,10,11,14,15,16,20
442,5,6,9,10,11,14,15,16,20
443,5,6,9,10,11,14,15,16,19,20
444,5,6,9,10,11,14,15,16,19,20
445,5,6,9,10,11,14,15,16,19,20
446,5,6,9,10,11,14,15,16,19,20
447,5,6,9,10,11,14,15,16,19,20
448,5,6,9,10,11,14,15,16,19,20
449,5,6,9,10,11,14,15,16,19,20
450,5,6,9,10,11,14,15,16,19,20
451,5,6,9,10,11,14,15,16,19,20
452,5,6,9,10,11,14,15,16,19,20
453,5,6,9,10,11,14,15,16,19,20
454,5,6,9,10,11,14,15,16,19,20
455,5,6,9,10,11,14,15,19,20
456,5,6,9,10,11,14,15,19,20
457,5,9,10,14,15,19,20
458,5,9,10,14,15,19,20
459,9,10,14,15,19,20
460,9,10,14,15,19,20
461,9,10,14,15,19,20
462,9,10,14,15,19,20
463,9,10,14,15,19,20,24,25
464,9,10,14,15,19,20,24,25
465,9,10,14,15,19,20,24,25
466,9,10,14,15,19,20,24,25
467,9,10,13,14,15,18,19,20,24,25
468,9,10,13,14,15,18,19,20,24,25
469,9,10,13,14,15,18,19,20,24
470,9,10,13,14,15,18,19,20,24
471,8,9,10,13,14,15,18,19,20,24
472,8,9,10,13,14,15,18,19,20,24
473,8,9,13,14,15,18,19,20,23,24
474,8,9,13,14,15,18,19,20,23,24
475,8,9,13,14,15,18,19,20,23,24
476,8,9,13,14,15,18,19,20,23,24
477,8,9,13,14,18,19,23,24
478,8,9,13,14,18,19,23,24
479,8,9,13,14,18,19,23,24
480,8,9,13,14,18,19,23,24
481,8,9,13,14,18,19,23,24
482,8,9,13,14,18,19,23,24
483,8,9,13,14,18,19,23,24
484,8,9,13,14,18,19,23,24
485,8,9,13,14,18,19,23,24
486,8,9,13,14,18,19,23,24
487,8,9,13,14,18,19,23,24
488,8,9,13,14,18,19,23,24
489,8,9,13,14,18,19,23,24
490,8,9,13,14,18,19,23,24
491,8,9,13,14,18,19,23,24
492,8,9,13,14,18,19,23,24
493,8,9,13,14,18,19,23,24
494,8,9,13,14,18,19,23,24
495,8,9,13,14,18,19,23,24
496,8,9,13,14,18,19,23,24
497,8,9,12,13,14,17,18,19,23,24
498,8,9,12,13,14,17,18,19,23,24
499,8,9,12,13,14,17,18,19,23,24
500,8,9,12,13,14,17,18,19,23,24
501,8,9,12,13,14,17,18,19,23,24
502,8,9,12,13,14,17,18,19,23,24
503,7,8,12,13,14,17,18,19,22,23
504,7,8,12,13,14,17,18,19,22,23
505,7,8,12,13,14,17,18,19,22,23
506,7,8,12,13,14,17,18,19,22,23
507,7,8,12,13,14,17,18,19,22,23
508,7,8,12,13,14,17,18,19,22,23
509,7,8,12,13,17,18,22,23
510,7,8,12,13,17,18,22,23
511,7,8,12,13,17,18,22,23
512,7,8,12,13,17,18,22,23
513,7,8,12,13,17,18,22,23
514,7,8,12,13,17,18,22,23
515,7,8,12,13,17,18,22,23
516,7,8,12,13,17,18,22,23
517,7,8,12,13,17,18,22,23
518,7,8,12,13,17,18,22,23
519,7,8,12,13,17,18,22,23
520,7,8,12,13,17,18,22,23
521,7,8,12,13,17,18,22,23
522,7,8,12,13,17,18,22,23
523,7,8,12,13,17,18,22,23
524,7,8,12,13,17,18,22,23
525,7,8,12,13,17,18,22,23
526,7,8,12,13,17,18,22,23
527,7,8,12,13,17,18,22,23
528,7,8,12,13,17,18,22,23
529,7,8,12,13,17,18,22,23
530,7,8,12,13,17,18,22,23
531,7,8,12,13,17,18,22,23
532,7,8,12,13,17,18,22,23
533,7,8,12,13,17,18,22,23
534,7,8,12,13,17,18,22,23
535,7,8,12,13,17,18,22,23
536,7,8,12,13,17,18,22,23
537,7,8,12,13,17,18,22,23
538,7,8,12,13,17,18,22,23
539,7,8,12,13,17,18,22,23
540,7,8,12,13,17,18,22,23
541,7,8,12,13,17,18,22,23
542,7,8,12,13,17,18,22,23
543,7,8,12,13,17,18,22,23
544,7,8,12,13,17,18,22,23
545,7,8,12,13,17,18,22,23
546,7,8,12,13,17,18,22,23
547,7,8,12,13,17,18,22,23
548,7,8,12,13,17,18,22,23
549,7,8,12,13,14,17,18,19,22,23
550,7,8,12,13,14,17,18,19,22,23
551,7,8,12,13,14,17,18,19,22,23
552,7,8,12,13,14,17,18,19,22,23
553,7,8,12,13,14,17,18,19,22,23
554,7,8,12,13,14,17,18,19,22,23
555,7,8,12,13,14,17,18,19,22,23
556,7,8,12,13,14,17,18,19,22,23
557,7,8,12,13,14,17,18,19,22,23
558,7,8,12,13,14,17,18,19,22,23
559,7,8,12,13,14,17,18,19,22,23
560,7,8,12,13,14,17,18,19,22,23
561,7,8,12,13,14,17,18,19,22,23
562,7,8,12,13,14,17,18,19,22,23
563,7,8,12,13,14,17,18,19,22,23
564,7,8,12,13,14,17,18,19,22,23
565,7,8,9,12,13,14,17,18,19,22,23
566,7,8,9,12,13,14,17,18,19,22,23
567,8,9,12,13,14,17,18,19,23,24
568,8,9,12,13,14,17,18,19,23,24
569,8,9,12,13,14,17,18,19,23,24
570,8,9,12,13,14,17,18,19,23,24
571,8,9,12,13,14,17,18,19,23,24
572,8,9,12,13,14,17,18,19,23,24
573,8,9,12,13,14,17,18,19,23,24
574,8,9,12,13,14,17,18,19,23,24
575,8,9,12,13,14,17,18,19,23,24
576,8,9,12,13,14,17,18,19,23,24
577,8,9,12,13,14,17,18,19,23,24
578,8,9,12,13,14,17,18,19,23,24
579,8,9,12,13,14,17,18,19,23,24
580,8,9,12,13,14,17,18,19,23,24
581,8,9,12,13,14,17,18,19,23,24
582,8,9,12,13,14,17,18,19,23,24
583,8,9,12,13,14,17,18,19,23,24
584,8,9,12,13,14,17,18,19,23,24
585,8,9,12,13,14,17,18,19,23,24
586,8,9,12,13,14,17,18,19,23,24
587,8,9,12,13,14,17,18,19,23,24
588,8,9,12,13,14,17,18,19,23,24
589,8,9,12,13,14,17,18,19,23,24
590,8,9,12,13,14,17,18,19,23,24
591,8,9,12,13,14,17,18,19,23,24
592,8,9,12,13,14,17,18,19,23,24
593,8,9,12,13,14,17,18,19,23,24
594,8,9,12,13,14,17,18,19,23,24
595,8,9,12,13,14,17,18,19,22,23,24
596,8,9,12,13,14,17,18,19,22,23,24
597,8,9,12,13,14,17,18,19,22,23,24
598,8,9,12,13,14,17,18,19,22,23,24
599,8,9,12,13,14,17,18,19,22,23,24
600,8,9,12,13,14,17,18,19,22,23,24
601,8,9,12,13,14,17,18,19,22,23,24
602,8,9,12,13,14,17,18,19,22,23,24
603,8,12,13,14,17,18,19,22,23,24
604,8,12,13,14,17,18,19,22,23,24
605,8,12,13,14,17,18,19,22,23,24
606,8,12,13,14,17,18,19,22,23,24
607,8,12,13,14,17,18,19,22,23,24
608,8,12,13,14,17,18,19,22,23,24
609,8,12,13,14,17,18,19,22,23,24
610,8,12,13,14,17,18,19,22,23,24
611,8,12,13,14,17,18,19,22,23,24
612,8,12,13,14,17,18,19,22,23,24
613,8,12,13,14,17,18,19,22,23,24
614,8,12,13,14,17,18,19,22,23,24
615,8,12,13,14,17,18,19,22,23,24
616,8,12,13,14,17,18,19,22,23,24
617,8,12,13,14,17,18,19,22,23,24
618,8,12,13,14,17,18,19,22,23,24
619,8,12,13,14,17,18,19,22,23,24
620,8,12,13,14,17,18,19,22,23,24
621,8,12,13,14,17,18,19,22,23,24
622,8,12,13,14,17,18,19,22,23,24
623,8,12,13,14,17,18,19,22,23,24
624,8,12,13,14,17,18,19,22,23,24
625,8,12,13,14,17,18,19,22,23,24
626,8,12,13,14,17,18,19,22,23,24
627,8,12,13,14,17,18,19,22,23,24
628,8,12,13,14,17,18,19,22,23,24
629,8,12,13,14,17,18,19,22,23,24
630,8,12,13,14,17,18,19,22,23,24
631,8,12,13,14,17,18,19,22,23,24
632,8,12,13,14,17,18,19,22,23,24
633,8,12,13,14,17,18,19,22,23,24
634,8,12,13,14,17,18,19,22,23,24
635,8,12,13,14,17,18,19,22,23,24
636,8,12,13,14,17,18,19,22,23,24
637,8,12,13,14,17,18,19,22,23,24
638,8,12,13,14,17,18,19,22,23,24
639,8,12,13,14,17,18,19,22,23,24
640,8,12,13,14,17,18,19,22,23,24
641,8,12,13,14,17,18,19,22,23,24
642,8,12,13,14,17,18,19,22,23,24
643,8,12,13,14,17,18,19,22,23,24
644,8,12,13,14,17,18,19,22,23,24
645,8,12,13,14,17,18,19,22,23,24
646,8,12,13,14,17,18,19,22,23,24
647,8,12,13,14,17,18,19,22,23,24
648,8,12,13,14,17,18,19,22,23,24
649,8,12,13,14,17,18,19,22,23,24
650,8,12,13,14,17,18,19,22,23,24
651,8,12,13,14,17,18,19,22,23,24
652,8,12,13,14,17,18,19,22,23,24
653,8,12,13,14,17,18,19,22,23,24
654,8,12,13,14,17,18,19,22,23,24
655,8,12,13,14,17,18,19,22,23,24
656,8,12,13,14,17,18,19,22,23,24
657,8,12,13,14,17,18,19,22,23,24
658,8,12,13,14,17,18,19,22,23,24
659,8,12,13,14,17,18,19,22,23,24
660,8,12,13,14,17,18,19,22,23,24
661,8,12,13,14,17,18,19,22,23,24
662,8,12,13,14,17,18,19,22,23,24
663,8,12,13,14,17,18,19,22,23,24
664,8,12,13,14,17,18,19,22,23,24
665,8,12,13,14,17,18,19,22,23,24
666,8,12,13,14,17,18,19,22,23,24
667,8,12,13,14,17,18,19,22,23,24
668,8,12,13,14,17,18,19,22,23,24
669,8,12,13,14,17,18,19,22,23,24
670,8,12,13,14,17,18,19,22,23,24
671,8,12,13,14,17,18,19,22,23,24
672,8,12,13,14,17,18,19,22,23,24
673,8,12,13,14,17,18,19,22,23,24
674,8,12,13,14,17,18,19,22,23,24
675,8,12,13,14,17,18,19,22,23,24
676,8,12,13,14,17,18,19,22,23,24
677,8,12,13,14,17,18,19,22,23,24
678,8,12,13,14,17,18,19,22,23,24
679,8,12,13,14,17,18,19,22,23,24
680,8,12,13,14,17,18,19,22,23,24
681,8,12,13,14,17,18,19,22,23,24
682,8,12,13,14,17,18,19,22,23,24
683,8,12,13,14,17,18,19,22,23,24
684,8,12,13,14,17,18,19,22,23,24
685,8,12,13,14,17,18,19,22,23,24
686,8,12,13,14,17,18,19,22,23,24
687,8,12,13,14,17,18,19,22,23,24
688,8,12,13,14,17,18,19,22,23,24
689,8,12,13,14,17,18,19,22,23,24
690,8,12,13,14,17,18,19,22,23,24
691,8,12,13,14,17,18,19,22,23,24
692,8,12,13,14,17,18,19,22,23,24
693,8,12,13,14,17,18,19,22,23,24
694,8,12,13,14,17,18,19,22,23,24
695,8,12,13,14,17,18,19,22,23,24
696,8,12,13,14,17,18,19,22,23,24
697,8,12,13,14,17,18,19,22,23,24
698,8,12,13,14,17,18,19,22,23,24
699,8,12,13,14,17,18,19,22,23,24
700,8,12,13,14,17,18,19,22,23,24
701,8,9,13,14,17,18,19,22,23,24
702,8,9,13,14,17,18,19,22,23,24
703,8,9,13,14,18,19,23,24
704,8,9,13,14,18,19,23,24
705,8,9,13,14,18,19,23,24
706,8,9,13,14,18,19,23,24
707,8,9,13,14,18,19,23,24
708,8,9,13,14,18,19,23,24
709,8,9,13,14,18,19,23,24
710,8,9,13,14,18,19,23,24
711,8,9,13,14,18,19,23,24
712,8,9,13,14,18,19,23,24
713,8,9,13,14,18,19,23,24
714,8,9,13,14,18,19,23,24
715,8,9,13,14,18,19,23,24
716,8,9,13,14,18,19,23,24
717,8,9,13,14,18,19,23,24
718,8,9,13,14,18,19,23,24
719,8,9,13,14,18,19,23,24
720,8,9,13,14,18,19,23,24
721,8,9,13,14,18,19,23,24
722,8,9,13,14,18,19,23,24
723,8,9,13,14,18,19,23,24
724,8,9,13,14,18,19,23,24
725,8,9,13,14,18,19,23,24
726,8,9,13,14,18,19,23,24
727,8,9,13,14,18,19,23,24
728,8,9,13,14,18,19,23,24
729,9,13,14,18,19,23,24
730,9,13,14,18,19,23,24
731,9,13,14,18,19,23,24
732,9,13,14,18,19,23,24
733,9,13,14,18,19,23,24
734,9,13,14,18,19,23,24
735,9,13,14,18,19,23,24
736,9,13,14,18,19,23,24
737,9,13,14,18,19,23,24
738,9,13,14,18,19,23,24
739,9,13,14,18,19,23,24
740,9,13,14,18,19,23,24
741,9,13,14,18,19,23,24
742,9,13,14,18,19,23,24
743,9,13,14,18,19,23,24
744,9,13,14,18,19,23,24
745,9,13,14,18,19,23,24
746,9,13,14,18,19,23,24
747,9,13,14,18,19,23,24
748,9,13,14,18,19,23,24
749,9,13,14,18,19,23,24
750,9,13,14,18,19,23,24
751,9,13,14,18,19,23,24
752,9,13,14,18,19,23,24
753,9,13,14,18,19,23,24
754,9,13,14,18,19,23,24
755,9,13,14,18,19,23,24
756,9,13,14,18,19,23,24
757,9,13,14,18,19,23,24
758,9,13,14,18,19,23,24
759,9,13,14,18,19,23,24
760,9,13,14,18,19,23,24
761,9,13,14,18,19,23,24
762,9,13,14,18,19,23,24
763,9,13,14,18,19,23,24
764,9,13,14,18,19,23,24
765,9,13,14,18,19,23,24
766,9,13,14,18,19,23,24
767,9,13,14,18,19,23,24
768,9,13,14,18,19,23,24
769,9,13,14,18,19,23,24
770,9,13,14,18,19,23,24
771,8,9,13,14,18,19,23,24
772,8,9,13,14,18,19,23,24
773,8,9,13,14,18,19,23,24
774,8,9,13,14,18,19,23,24
775,8,9,13,14,18,19,23,24
776,8,9,13,14,18,19,23,24
777,8,9,13,14,18,19,23,24
778,8,9,13,14,18,19,23,24
779,8,9,13,14,18,19,23,24
780,8,9,13,14,18,19,23,24
781,8,9,13,14,18,19,23,24
782,8,9,13,14,18,19,23,24
783,8,9,13,14,18,19,23,24
784,8,9,13,14,18,19,23,24
785,8,9,13,14,18,19,23,24
786,8,9,13,14,18,19,23,24
787,8,9,13,14,18,19,23,24
788,8,9,13,14,18,19,23,24
789,8,9,13,14,18,19,23,24
790,8,9,13,14,18,19,23,24
791,8,9,13,14,18,19,23,24
792,8,9,13,14,18,19,23,24
793,8,9,13,14,18,19,23,24
794,8,9,13,14,18,19,23,24
795,8,9,13,14,18,19,23,24
796,8,9,13,14,18,19,23,24
797,8,9,13,14,18,19,23,24
798,8,9,13,14,18,19,23,24
799,8,9,13,14,18,19,23,24
800,8,9,13,14,18,19,23,24
801,8,9,13,14,18,19,23,24
802,8,9,13,14,18,19,23,24
803,8,9,13,14,18,19,23,24
804,8,9,13,14,18,19,23,24
805,8,9,13,14,18,19,23,24
806,8,9,13,14,18,19,23,24
807,9,13,14,18,19,23,24
808,9,13,14,18,19,23,24
809,9,13,14,18,19,23,24
810,9,13,14,18,19,23,24
811,9,13,14,18,19,23,24
812,9,13,14,18,19,23,24
813,9,13,14,18,19,23,24
814,9,13,14,18,19,23,24
815,9,13,14,18,19,23,24
816,9,13,14,18,19,23,24
817,9,13,14,18,19,23,24
818,9,13,14,18,19,23,24
819,9,13,14,18,19,23,24
820,9,13,14,18,19,23,24
821,9,13,14,18,19,23,24
822,9,13,14,18,19,23,24
823,9,13,14,18,19,23,24
824,9,13,14,18,19,23,24
825,9,13,14,18,19,23,24
826,9,13,14,18,19,23,24
827,9,13,14,18,19,23,24
828,9,13,14,18,19,23,24
829,9,13,14,18,19,23,24
830,9,13,14,18,19,23,24
831,9,13,14,18,19,23,24
832,9,13,14,18,19,23,24
833,9,13,14,18,19,23,24
834,9,13,14,18,19,23,24
835,9,13,14,18,19,23,24
836,9,13,14,18,19,23,24
837,9,13,14,18,19,23,24
838,9,13,14,18,19,23,24
839,9,13,14,18,19,23,24
840,9,13,14,18,19,23,24
841,9,13,14,18,19,23,24
842,9,13,14,18,19,23,24
843,9,13,14,18,19,23,24
844,9,13,14,18,19,23,24
845,9,13,14,18,19,23,24
846,9,13,14,18,19,23,24
847,9,13,14,18,19,23,24
848,9,13,14,18,19,23,24
849,9,13,14,18,19,23,24
850,9,13,14,18,19,23,24
851,9,13,14,18,19,23,24
852,9,13,14,18,19,23,24
853,9,13,14,18,19,23,24
854,9,13,14,18,19,23,24
855,9,13,14,18,19,23,24
856,9,13,14,18,19,23,24
857,9,13,14,18,19,23,24
858,9,13,14,18,19,23,24
859,9,13,14,18,19,20,23,24
860,9,13,14,18,19,20,23,24
861,9,13,14,15,18,19,20,23,24
862,9,13,14,15,18,19,20,23,24
863,9,13,14,15,18,19,20,23,24,25
864,9,13,14,15,18,19,20,23,24,25
865,9,13,14,15,18,19,20,23,24,25
866,9,13,14,15,18,19,20,23,24,25
867,9,13,14,15,18,19,20,23,24,25
868,9,13,14,15,18,19,20,23,24,25
869,9,13,14,15,18,19,20,23,24,25
870,9,13,14,15,18,19,20,23,24,25
871,9,13,14,15,18,19,20,23,24,25
872,9,13,14,15,18,19,20,23,24,25
873,9,13,14,15,18,19,20,23,24,25
874,9,13,14,15,18,19,20,23,24,25
875,9,10,13,14,15,18,19,20,23,24,25
876,9,10,13,14,15,18,19,20,23,24,25
877,9,10,13,14,15,18,19,20,23,24,25
878,9,10,13,14,15,18,19,20,23,24,25
879,9,10,13,14,15,18,19,20,23,24,25
880,9,10,13,14,15,18,19,20,23,24,25
881,9,10,13,14,15,18,19,20,24,25
882,9,10,13,14,15,18,19,20,24,25
883,9,10,13,14,15,18,19,20,24,25
884,9,10,13,14,15,18,19,20,24,25
885,9,10,14,15,18,19,20,24,25
886,9,10,14,15,18,19,20,24,25
887,9,10,14,15,18,19,20,24,25
888,9,10,14,15,18,19,20,24,25
889,9,10,14,15,18,19,20,24,25
890,9,10,14,15,18,19,20,24,25
891,9,10,13,14,15,18,19,20,24,25
892,9,10,13,14,15,18,19,20,24,25
893,9,10,13,14,15,18,19,20,23,24,25
894,9,10,13,14,15,18,19,20,23,24,25
895,9,13,14,15,18,19,20,23,24,25
896,9,13,14,15,18,19,20,23,24,25
897,9,13,14,15,18,19,20,23,24,25
898,9,13,14,15,18,19,20,23,24,25
899,9,13,14,15,18,19,20,23,24
900,9,13,14,15,18,19,20,23,24
901,9,13,14,18,19,20,23,24
902,9,13,14,18,19,20,23,24
903,9,13,14,18,19,23,24
904,9,13,14,18,19,23,24
905,8,9,13,14,18,19,23,24
906,8,9,13,14,18,19,23,24
907,8,9,13,14,18,19,23,24
908,8,9,13,14,18,19,23,24
909,8,9,13,14,18,19,23,24
910,8,9,13,14,18,19,23,24
911,8,9,13,14,18,19,23,24
912,8,9,13,14,18,19,23,24
913,8,9,13,14,18,19,23,24
914,8,9,13,14,18,19,23,24
915,8,9,13,14,18,19,23,24
916,8,9,13,14,18,19,23,24
917,8,9,13,14,18,19,23,24
918,8,9,13,14,18,19,23,24
919,8,9,13,14,18,19,23,24
920,8,9,13,14,18,19,23,24
921,8,9,13,14,18,19,23,24
922,8,9,13,14,18,19,23,24
923,8,9,13,14,18,19,23,24
924,8,9,13,14,18,19,23,24
925,8,9,12,13,14,17,18,19,23,24
926,8,9,12,13,14,17,18,19,23,24
927,8,9,12,13,14,17,18,19,22,23,24
928,8,9,12,13,14,17,18,19,22,23,24
929,8,12,13,14,17,18,19,22,23,24
930,8,12,13,14,17,18,19,22,23,24
931,8,12,13,14,17,18,19,22,23,24
932,8,12,13,14,17,18,19,22,23,24
933,8,12,13,14,17,18,19,22,23,24
934,8,12,13,14,17,18,19,22,23,24
935,8,12,13,14,17,18,19,22,23,24
936,8,12,13,14,17,18,19,22,23,24
937,8,12,13,14,17,18,19,22,23
938,8,12,13,14,17,18,19,22,23
939,8,12,13,17,18,22,23
940,8,12,13,17,18,22,23
941,8,12,13,17,18,22,23
942,8,12,13,17,18,22,23
943,7,8,12,13,17,18,22,23
944,7,8,12,13,17,18,22,23
945,7,8,12,13,17,18,22,23
946,7,8,12,13,17,18,22,23
947,7,8,12,13,17,18,22,23
948,7,8,12,13,17,18,22,23
949,7,8,12,13,17,18,22,23
950,7,8,12,13,17,18,22,23
951,7,8,12,13,17,18,22,23
952,7,8,12,13,17,18,22,23
953,7,8,12,13,17,18,22,23
954,7,8,12,13,17,18,22,23
955,7,8,12,13,17,18,22,23
956,7,8,12,13,17,18,22,23
957,7,8,12,13,17,18,22,23
958,7,8,12,13,17,18,22,23
959,7,8,12,13,17,18,22,23
960,7,8,12,13,17,18,22,23
961,7,8,12,13,17,18,22,23
962,7,8,12,13,17,18,22,23
963,7,8,12,13,17,18,22,23
964,7,8,12,13,17,18,22,23
965,7,8,12,13,17,18,22,23
966,7,8,12,13,17,18,22,23
967,7,8,12,13,17,18,22,23
968,7,8,12,13,17,18,22,23
969,7,8,12,13,17,18,22,23
970,7,8,12,13,17,18,22,23
971,7,8,12,13,17,18,22,23
972,7,8,12,13,17,18,22,23
973,7,8,12,13,17,18,22,23
974,7,8,12,13,17,18,22,23
975,8,12,13,14,17,18,19,22,23
976,8,12,13,14,17,18,19,22,23
977,8,12,13,14,17,18,19,22,23,24
978,8,12,13,14,17,18,19,22,23,24
979,8,9,12,13,14,17,18,19,22,23,24
980,8,9,12,13,14,17,18,19,22,23,24
981,8,9,12,13,14,17,18,19,23,24
982,8,9,12,13,14,17,18,19,23,24
983,8,9,13,14,18,19,23,24
984,8,9,13,14,18,19,23,24
985,8,9,13,14,18,19,23,24
986,8,9,13,14,18,19,23,24
987,8,9,13,14,18,19,23,24
988,8,9,13,14,18,19,23,24
989,8,9,13,14,18,19,23,24
990,8,9,13,14,18,19,23,24
991,8,9,13,14,18,19,23,24
992,8,9,13,14,18,19,23,24
993,8,9,13,14,18,19,23,24
994,8,9,13,14,18,19,23,24
995,8,9,13,14,18,19,23,24
996,8,9,13,14,18,19,23,24
997,8,9,13,14,18,19,23,24
998,8,9,13,14,18,19,23,24
999,8,9,13,14,18,19,23,24
1000,8,9,13,14,18,19,23,24
1001,8,9,13,14,18,19,23,24
1002,8,9,13,14,18,19,23,24
1003,8,9,13,14,18,19,23,24
1004,8,9,13,14,18,19,23,24
1005,8,9,13,14,18,19,23,24
1006,8,9,13,14,18,19,23,24
1007,8,9,13,14,18,19,23,24
1008,8,9,13,14,18,19,23,24
1009,8,9,13,14,18,19,23,24
1010,8,9,13,14,18,19,23,24
1011,8,9,13,14,18,19,23,24
1012,8,9,13,14,18,19,23,24
1013,8,9,13,14,18,19,23,24
1014,8,9,13,14,18,19,23,24
1015,8,9,13,14,18,19,23,24
1016,8,9,13,14,18,19,23,24
1017,8,9,13,14,18,19,23,24
1018,8,9,13,14,18,19,23,24
1019,8,9,13,14,18,19,23,24
1020,8,9,13,14,18,19,23,24
1021,8,9,13,14,18,19,23,24
1022,8,9,13,14,18,19,23,24
1023,8,9,13,14,18,19,23,24
1024,8,9,13,14,18,19,23,24
1025,8,9,13,14,18,19,23,24
1026,8,9,13,14,18,19,23,24
1027,8,9,13,14,18,19,23,24
1028,8,9,13,14,18,19,23,24
1029,8,9,13,14,18,19,23,24
1030,8,9,13,14,18,19,23,24
1031,8,9,13,14,18,19,23,24
1032,8,9,13,14,18,19,23,24
1033,8,9,13,14,18,19,23,24
1034,8,9,13,14,18,19,23,24
1035,8,9,13,14,18,19,23,24
1036,8,9,13,14,18,19,23,24
1037,8,9,13,14,18,19,23,24
1038,8,9,13,14,18,19,23,24
1039,8,9,13,14,18,19,23,24
1040,8,9,13,14,18,19,23,24
1041,8,9,13,14,18,19,23,24
1042,8,9,13,14,18,19,23,24
1043,8,9,13,14,18,19,23,24
1044,8,9,13,14,18,19,23,24
1045,8,9,13,14,18,19,23,24
1046,8,9,13,14,18,19,23,24
1047,8,9,13,14,18,19,23,24
1048,8,9,13,14,18,19,23,24
1049,8,9,13,14,18,19,23,24
1050,8,9,13,14,18,19,23,24
1051,8,9,13,14,18,19,23,24
1052,8,9,13,14,18,19,23,24
1053,8,9,13,14,18,19,23,24
1054,8,9,13,14,18,19,23,24
1055,8,9,13,14,18,19,23,24
1056,8,9,13,14,18,19,23,24
1057,8,9,13,14,18,19,23,24
1058,8,9,13,14,18,19,23,24
1059,8,9,13,14,18,19,23,24
1060,8,9,13,14,18,19,23,24
1061,8,9,13,14,18,19,23,24
1062,8,9,13,14,18,19,23,24
1063,8,9,13,14,18,19,23,24
1064,8,9,13,14,18,19,23,24
1065,8,9,13,14,18,19,23,24
1066,8,9,13,14,18,19,23,24
1067,8,9,13,14,18,19,23,24
1068,8,9,13,14,18,19,23,24
1069,8,9,13,14,18,19,23,24
1070,8,9,13,14,18,19,23,24
1071,8,9,13,14,18,19,23,24
1072,8,9,13,14,18,19,23,24
1073,8,9,13,14,18,19,23,24
1074,8,9,13,14,18,19,23,24
1075,8,9,13,14,18,19,23,24
1076,8,9,13,14,18,19,23,24
1077,8,9,13,14,18,19,23,24
1078,8,9,13,14,18,19,23,24
1079,8,9,13,14,18,19,23,24
1080,8,9,13,14,18,19,23,24
1081,8,9,13,14,18,19,23,24
1082,8,9,13,14,18,19,23,24
1083,8,9,13,14,18,19,23,24
1084,8,9,13,14,18,19,23,24
1085,8,9,13,14,18,19,23,24
1086,8,9,13,14,18,19,23,24
1087,8,9,13,14,18,19,23,24
1088,8,9,13,14,18,19,23,24
1089,8,9,13,14,18,19,23,24
1090,8,9,13,14,18,19,23,24
1091,8,9,13,14,18,19,23,24
1092,8,9,13,14,18,19,23,24
1093,8,9,13,14,18,19,23,24
1094,8,9,13,14,18,19,23,24
1095,8,9,13,14,18,19,23,24
1096,8,9,13,14,18,19,23,24
1097,8,9,13,14,18,19,23,24
1098,8,9,13,14,18,19,23,24
1099,8,9,13,14,18,19,23,24
1100,8,9,13,14,18,19,23,24
1101,8,9,13,14,18,19,23,24
1102,8,9,13,14,18,19,23,24
1103,8,9,13,14,18,19,23,24
1104,8,9,13,14,18,19,23,24
1105,8,9,13,14,18,19,23,24
1106,8,9,13,14,18,19,23,24
1107,8,9,13,14,18,19,23,24
1108,8,9,13,14,18,19,23,24
1109,8,9,13,14,18,19,23,24
1110,8,9,13,14,18,19,23,24
1111,8,9,13,14,18,19,23,24
1112,8,9,13,14,18,19,23,24
1113,8,9,13,14,18,19,23,24
1114,8,9,13,14,18,19,23,24
1115,8,9,13,14,18,19,23,24
1116,8,9,13,14,18,19,23,24
1117,8,9,13,14,18,19,23,24
1118,8,9,13,14,18,19,23,24
1119,8,9,13,14,18,19,23,24
1120,8,9,13,14,18,19,23,24
1121,8,9,13,14,18,19,23,24
1122,8,9,13,14,18,19,23,24
1123,8,9,13,14,18,19,23,24
1124,8,9,13,14,18,19,23,24
1125,8,9,13,14,18,19,23,24
1126,8,9,13,14,18,19,23,24
1127,8,9,13,14,18,19,23,24
1128,8,9,13,14,18,19,23,24
1129,8,9,13,14,18,19,23,24
1130,8,9,13,14,18,19,23,24
1131,8,9,13,14,18,19,23,24
1132,8,9,13,14,18,19,23,24
1133,8,9,13,14,18,19,23,24
1134,8,9,13,14,18,19,23,24
1135,8,9,13,14,18,19,23,24
1136,8,9,13,14,18,19,23,24
1137,8,9,13,14,18,19,23,24
1138,8,9,13,14,18,19,23,24
1139,8,9,13,14,18,19,23,24
1140,8,9,13,14,18,19,23,24
1141,8,9,13,14,18,19,23,24
1142,8,9,13,14,18,19,23,24
1143,8,9,13,14,18,19,23,24
1144,8,9,13,14,18,19,23,24
1145,8,9,13,14,18,19,23,24
1146,8,9,13,14,18,19,23,24
1147,8,9,13,14,18,19,23,24
1148,8,9,13,14,18,19,23,24
1149,8,9,13,14,18,19,23,24
1150,8,9,13,14,18,19,23,24
1151,8,9,13,14,18,19,23,24
1152,8,9,13,14,18,19,23,24
1153,8,9,13,14,18,19,23,24
1154,8,9,13,14,18,19,23,24
1155,8,9,13,14,18,19,23,24
1156,8,9,13,14,18,19,23,24
1157,8,9,13,14,18,19,23,24
1158,8,9,13,14,18,19,23,24
1159,8,9,13,14,18,19,23,24
1160,8,9,13,14,18,19,23,24
1161,8,9,13,14,18,19,23,24
1162,8,9,13,14,18,19,23,24
1163,8,9,13,14,18,19,23,24
1164,8,9,13,14,18,19,23,24
1165,8,9,13,14,18,19,23,24
1166,8,9,13,14,18,19,23,24
1167,8,9,13,14,18,19,23,24
1168,8,9,13,14,18,19,23,24
1169,8,9,13,14,18,19,23,24
1170,8,9,13,14,18,19,23,24
1171,8,9,13,14,18,19,23,24
1172,8,9,13,14,18,19,23,24
1173,8,9,13,14,18,19,23,24
1174,8,9,13,14,18,19,23,24
1175,8,9,13,14,18,19,23,24
1176,8,9,13,14,18,19,23,24
1177,8,9,13,14,18,19,23,24
1178,8,9,13,14,18,19,23,24
1179,8,9,13,14,18,19,23,24
1180,8,9,13,14,18,19,23,24
1181,8,9,13,14,18,19,23,24
1182,8,9,13,14,18,19,23,24
1183,8,9,12,13,14,17,18,19,23,24
1184,8,9,12,13,14,17,18,19,23,24
1185,8,9,12,13,14,17,18,19,23,24
1186,8,9,12,13,14,17,18,19,23,24
1187,8,9,12,13,14,17,18,19,22,23,24
1188,8,9,12,13,14,17,18,19,22,23,24
1189,8,12,13,14,17,18,19,22,23,24
1190,8,12,13,14,17,18,19,22,23,24
1191,8,12,13,14,17,18,19,22,23,24
1192,8,12,13,14,17,18,19,22,23,24
1193,8,12,13,14,17,18,19,22,23,24
1194,8,12,13,14,17,18,19,22,23,24
1195,8,12,13,14,17,18,19,22,23,24
1196,8,12,13,14,17,18,19,22,23,24
1197,8,12,13,14,17,18,19,22,23
1198,8,12,13,14,17,18,19,22,23
1199,8,12,13,17,18,19,22,23
1200,8,12,13,17,18,19,22,23
1201,8,12,13,17,18,22,23
1202,8,12,13,17,18,22,23
1203,7,8,12,13,17,18,22,23
1204,7,8,12,13,17,18,22,23
1205,7,8,12,13,17,18,22,23
1206,7,8,12,13,17,18,22,23
1207,7,8,12,13,17,18,22,23
1208,7,8,12,13,17,18,22,23
1209,7,8,12,13,17,18,22,23
1210,7,8,12,13,17,18,22,23
1211,7,8,12,13,17,18,22,23
1212,7,8,12,13,17,18,22,23
1213,7,8,12,13,17,18,22,23
1214,7,8,12,13,17,18,22,23
1215,7,8,12,13,17,18,22,23
1216,7,8,12,13,17,18,22,23
1217,7,8,12,13,17,18,22,23
1218,7,8,12,13,17,18,22,23
1219,7,8,12,13,17,18,22,23
1220,7,8,12,13,17,18,22,23
1221,7,8,12,13,17,18,22,23
1222,7,8,12,13,17,18,22,23
1223,7,8,12,13,17,18,22,23
1224,7,8,12,13,17,18,22,23
1225,7,8,12,13,17,18,22,23
1226,7,8,12,13,17,18,22,23
1227,7,8,12,13,17,18,22,23
1228,7,8,12,13,17,18,22,23
1229,7,8,12,13,17,18,22,23
1230,7,8,12,13,17,18,22,23
1231,7,8,12,13,17,18,22,23
1232,7,8,12,13,17,18,22,23
1233,7,8,12,13,17,18,22,23
1234,7,8,12,13,17,18,22,23
1235,7,8,12,13,17,18,22,23
1236,7,8,12,13,17,18,22,23
1237,7,8,12,13,17,18,22,23
1238,7,8,12,13,17,18,22,23
1239,7,8,12,13,17,18,22,23
1240,7,8,12,13,17,18,22,23
1241,7,8,12,13,17,18,22,23
1242,7,8,12,13,17,18,22,23
1243,7,8,12,13,17,18,22,23
1244,7,8,12,13,17,18,22,23
1245,8,12,13,17,18,22,23
1246,8,12,13,17,18,22,23
1247,8,12,13,14,17,18,19,22,23
1248,8,12,13,14,17,18,19,22,23
1249,8,12,13,14,17,18,19,22,23,24
1250,8,12,13,14,17,18,19,22,23,24
1251,8,12,13,14,17,18,19,22,23,24
1252,8,12,13,14,17,18,19,22,23,24
1253,8,12,13,14,17,18,19,22,23,24
1254,8,12,13,14,17,18,19,22,23,24
1255,8,12,13,14,17,18,19,22,23,24
1256,8,12,13,14,17,18,19,22,23,24
1257,8,12,13,14,17,18,19,22,23,24
1258,8,12,13,14,17,18,19,22,23,24
1259,8,9,12,13,14,17,18,19,22,23,24
1260,8,9,12,13,14,17,18,19,22,23,24
1261,8,9,12,13,14,17,18,19,22,23,24
1262,8,9,12,13,14,17,18,19,22,23,24
1263,8,9,12,13,14,17,18,19,22,23,24
1264,8,9,12,13,14,17,18,19,22,23,24
1265,8,9,12,13,14,17,18,19,22,23,24
1266,8,9,12,13,14,17,18,19,22,23,24
1267,8,9,12,13,14,17,18,19,22,23,24
1268,8,9,12,13,14,17,18,19,22,23,24
1269,8,9,12,13,14,17,18,19,22,23,24
1270,8,9,12,13,14,17,18,19,22,23,24
1271,8,9,12,13,14,17,18,19,22,23,24
1272,8,9,12,13,14,17,18,19,22,23,24
1273,8,9,12,13,14,17,18,19,22,23,24
1274,8,9,12,13,14,17,18,19,22,23,24
1275,8,9,12,13,14,17,18,19,22,23,24
1276,8,9,12,13,14,17,18,19,22,23,24
1277,8,9,12,13,14,17,18,19,22,23,24
1278,8,9,12,13,14,17,18,19,22,23,24
1279,8,9,12,13,14,17,18,19,22,23,24
1280,8,9,12,13,14,17,18,19,22,23,24
1281,8,9,12,13,14,17,18,19,22,23,24
1282,8,9,12,13,14,17,18,19,22,23,24
1283,8,9,12,13,14,17,18,19,22,23,24
1284,8,9,12,13,14,17,18,19,22,23,24
1285,8,9,12,13,14,17,18,19,23,24
1286,8,9,12,13,14,17,18,19,23,24
1287,8,9,12,13,14,17,18,19,23,24
1288,8,9,12,13,14,17,18,19,23,24
1289,8,9,13,14,18,19,23,24
1290,8,9,13,14,18,19,23,24
1291,8,9,13,14,18,19,23,24
1292,8,9,13,14,18,19,23,24
1293,8,9,13,14,18,19,23,24
1294,8,9,13,14,18,19,23,24
1295,8,9,13,14,18,19,23,24
1296,8,9,13,14,18,19,23,24
1297,9,13,14,15,18,19,20,23,24
1298,9,13,14,15,18,19,20,23,24
1299,9,13,14,15,18,19,20,23,24,25
1300,9,13,14,15,18,19,20,23,24,25
1301,9,10,13,14,15,18,19,20,23,24,25
1302,9,10,13,14,15,18,19,20,23,24,25
1303,9,10,13,14,15,18,19,20,24,25
1304,9,10,13,14,15,18,19,20,24,25
1305,9,10,13,14,15,18,19,20,24,25
1306,9,10,13,14,15,18,19,20,24,25
1307,9,10,14,15,19,20,24,25
1308,9,10,14,15,19,20,24,25
1309,9,10,14,15,19,20,24,25
1310,9,10,14,15,19,20,24,25
1311,9,10,14,15,19,20,24,25
1312,9,10,14,15,19,20,24,25
1313,9,10,14,15,19,20,24,25
1314,9,10,14,15,19,20,24,25
1315,9,10,14,15,19,20,24,25
1316,9,10,14,15,19,20,24,25
1317,9,10,14,15,19,20,24,25
1318,9,10,14,15,19,20,24,25
1319,9,10,14,15,19,20,24,25
1320,9,10,14,15,19,20,24,25
1321,9,10,14,15,19,20,24,25
1322,9,10,14,15,19,20,24,25
1323,9,10,14,15,19,20,24,25
1324,9,10,14,15,19,20,24,25
1325,9,10,14,15,19,20,24,25
1326,9,10,14,15,19,20,24,25
1327,9,10,14,15,19,20,24,25
1328,9,10,14,15,19,20,24,25
1329,9,10,14,15,19,20,24,25
1330,9,10,14,15,19,20,24,25
1331,9,10,14,15,19,20,24,25
1332,9,10,14,15,19,20,24,25
1333,9,10,14,15,19,20,24,25
1334,9,10,14,15,19,20,24,25
1335,9,10,14,15,19,20,24,25
1336,9,10,14,15,19,20,24,25
1337,9,10,14,15,19,20,24,25
1338,9,10,14,15,19,20,24,25
1339,9,10,14,15,19,20,24,25
1340,9,10,14,15,19,20,24,25
1341,9,10,14,15,19,20,24,25
1342,9,10,14,15,19,20,24,25
1343,9,10,14,15,19,20,24,25
1344,9,10,14,15,19,20,24,25
1345,9,10,14,15,19,20,24,25
1346,9,10,14,15,19,20,24,25
1347,9,10,14,15,19,20,24,25
1348,9,10,14,15,19,20,24,25
1349,9,10,14,15,19,20,24,25
1350,9,10,14,15,19,20,24,25
1351,9,10,14,15,19,20,24,25
1352,9,10,14,15,19,20,24,25
1353,9,10,14,15,19,20,24,25
1354,9,10,14,15,19,20,24,25
1355,9,10,14,15,19,20,24,25
1356,9,10,14,15,19,20,24,25
1357,9,10,14,15,19,20,24,25
1358,9,10,14,15,19,20,24,25
1359,9,10,14,15,19,20,24,25
1360,9,10,14,15,19,20,24,25
1361,9,10,14,15,19,20,25
1362,9,10,14,15,19,20,25
1363,9,10,14,15,19,20,25
1364,9,10,14,15,19,20,25
1365,9,10,14,15,19,20,25
1366,9,10,14,15,19,20,25
1367,9,10,14,15,19,20,25
1368,9,10,14,15,19,20,25
1369,9,10,14,15,19,20,25
1370,9,10,14,15,19,20,25
1371,9,10,14,15,19,20,25
1372,9,10,14,15,19,20,25
1373,9,10,14,15,19,20,25
1374,9,10,14,15,19,20,25
1375,9,10,14,15,19,20,25
1376,9,10,14,15,19,20,25
1377,9,10,14,15,19,20,25
1378,9,10,14,15,19,20,25
1379,9,10,11,14,15,19,20,25
1380,9,10,11,14,15,19,20,25
1381,9,10,11,14,15,16,19,20,25
1382,9,10,11,14,15,16,19,20,25
1383,9,10,11,14,15,16,19,20,25
1384,9,10,11,14,15,16,19,20,25
1385,9,10,11,14,15,16,19,20,25
1386,9,10,11,14,15,16,19,20,25
1387,6,9,10,11,14,15,16,19,20,25
1388,6,9,10,11,14,15,16,19,20,25
1389,6,9,10,11,14,15,16,19,20,25
1390,6,9,10,11,14,15,16,19,20,25
1391,6,9,10,11,14,15,16,19,20,25
1392,6,9,10,11,14,15,16,19,20,25
1393,6,9,10,11,14,15,16,19,20,25
1394,6,9,10,11,14,15,16,19,20,25
1395,6,9,10,11,14,15,16,19,20,25
1396,6,9,10,11,14,15,16,19,20,25
1397,6,9,10,11,14,15,16,19,20,25
1398,6,9,10,11,14,15,16,19,20,25
1399,6,9,10,11,14,15,16,19,20,25
1400,6,9,10,11,14,15,16,19,20,25
1401,6,9,10,11,14,15,16,19,20,25
1402,6,9,10,11,14,15,16,19,20,25
1403,6,9,10,11,14,15,16,19,20,25
1404,6,9,10,11,14,15,16,19,20,25
1405,6,9,10,11,14,15,16,19,20
1406,6,9,10,11,14,15,16,19,20
1407,6,9,10,11,14,15,16,19,20
1408,6,9,10,11,14,15,16,19,20
1409,6,9,10,11,14,15,16,19,20
1410,6,9,10,11,14,15,16,19,20
1411,6,9,10,11,14,15,16,19,20
1412,6,9,10,11,14,15,16,19,20
1413,6,9,10,11,14,15,16,19,20,25
1414,6,9,10,11,14,15,16,19,20,25
1415,6,9,10,11,14,15,16,19,20,25
1416,6,9,10,11,14,15,16,19,20,25
1417,6,9,10,11,14,15,16,19,20,25
1418,6,9,10,11,14,15,16,19,20,25
1419,6,9,10,11,14,15,16,19,20,25
1420,6,9,10,11,14,15,16,19,20,25
1421,6,9,10,11,14,15,16,19,20,25
1422,6,9,10,11,14,15,16,19,20,25
1423,6,9,10,11,14,15,16,19,20,25
1424,6,9,10,11,14,15,16,19,20,25
1425,6,9,10,11,14,15,16,19,20,25
1426,6,9,10,11,14,15,16,19,20,25
1427,6,9,10,11,14,15,16,19,20,25
1428,6,9,10,11,14,15,16,19,20,25
1429,6,9,10,11,14,15,16,19,20,25
1430,6,9,10,11,14,15,16,19,20,25
1431,6,9,10,11,14,15,16,19,20,25
1432,6,9,10,11,14,15,16,19,20,25
1433,6,9,10,11,14,15,16,19,20,25
1434,6,9,10,11,14,15,16,19,20,25
1435,6,9,10,11,14,15,16,19,20,25
1436,6,9,10,11,14,15,16,19,20,25
1437,9,10,11,14,15,16,19,20,25
1438,9,10,11,14,15,16,19,20,25
1439,9,10,11,14,15,16,19,20,25
1440,9,10,11,14,15,16,19,20,25
1441,9,10,11,14,15,16,19,20,25
1442,9,10,11,14,15,16,19,20,25
1443,9,10,11,14,15,16,19,20,25
1444,9,10,11,14,15,16,19,20,25
1445,9,10,11,14,15,16,19,20,25
1446,9,10,11,14,15,16,19,20,25
1447,9,10,11,14,15,16,19,20,25
1448,9,10,11,14,15,16,19,20,25
1449,9,10,11,14,15,16,19,20,25
1450,9,10,11,14,15,16,19,20,25
1451,9,10,11,14,15,16,19,20,25
1452,9,10,11,14,15,16,19,20,25
1453,6,9,10,11,14,15,16,19,20,25
1454,6,9,10,11,14,15,16,19,20,25
1455,6,9,10,11,14,15,16,19,20,25
1456,6,9,10,11,14,15,16,19,20,25
1457,6,9,10,11,14,15,16,19,20,25
1458,6,9,10,11,14,15,16,19,20,25
1459,6,9,10,11,14,15,16,19,20,25
1460,6,9,10,11,14,15,16,19,20,25
1461,6,9,10,11,14,15,16,19,20,25
1462,6,9,10,11,14,15,16,19,20,25
1463,6,9,10,11,14,15,16,19,20,25
1464,6,9,10,11,14,15,16,19,20,25
1465,6,9,10,11,14,15,16,19,20,25
1466,6,9,10,11,14,15,16,19,20,25
1467,6,9,10,11,14,15,16,19,20
1468,6,9,10,11,14,15,16,19,20
1469,6,9,10,11,14,15,16,19,20
1470,6,9,10,11,14,15,16,19,20
1471,6,9,10,11,14,15,16,19,20
1472,6,9,10,11,14,15,16,19,20
1473,6,9,10,11,14,15,16,19,20
1474,6,9,10,11,14,15,16,19,20
1475,6,9,10,11,14,15,16,19,20
1476,6,9,10,11,14,15,16,19,20
1477,6,9,10,11,14,15,16,19,20
1478,6,9,10,11,14,15,16,19,20
1479,6,9,10,11,14,15,16,19,20
1480,6,9,10,11,14,15,16,19,20
1481,6,9,10,11,14,15,16,19,20
1482,6,9,10,11,14,15,16,19,20
1483,6,9,10,11,14,15,16,19,20
1484,6,9,10,11,14,15,16,19,20
1485,6,9,10,11,14,15,16,19,20
1486,6,9,10,11,14,15,16,19,20
1487,6,9,10,11,14,15,16,19,20
1488,6,9,10,11,14,15,16,19,20
1489,6,9,10,11,14,15,16,19,20
1490,6,9,10,11,14,15,16,19,20
1491,6,9,10,11,14,15,16,19,20
1492,6,9,10,11,14,15,16,19,20
1493,6,9,10,11,14,15,16,19,20
1494,6,9,10,11,14,15,16,19,20
1495,6,9,10,11,14,15,16,19,20
1496,6,9,10,11,14,15,16,19,20
1497,9,10,11,14,15,16,19,20
1498,9,10,11,14,15,16,19,20
1499,9,10,11,14,15,19,20,25
1500,9,10,11,14,15,19,20,25
1501,9,10,11,14,15,19,20,25
1502,9,10,11,14,15,19,20,25
1503,9,10,11,14,15,19,20,25
1504,9,10,11,14,15,19,20,25
1505,9,10,14,15,19,20,25
1506,9,10,14,15,19,20,25
1507,9,10,14,15,19,20,25
1508,9,10,14,15,19,20,25
1509,9,10,14,15,19,20,25
1510,9,10,14,15,19,20,25
1511,9,10,14,15,19,20,25
1512,9,10,14,15,19,20,25
1513,9,10,14,15,19,20,25
1514,9,10,14,15,19,20,25
1515,9,10,14,15,19,20,25
1516,9,10,14,15,19,20,25
1517,9,10,14,15,19,20,25
1518,9,10,14,15,19,20,25
1519,9,10,14,15,19,20,25
1520,9,10,14,15,19,20,25
1521,9,10,14,15,19,20,24,25
1522,9,10,14,15,19,20,24,25
1523,9,10,14,15,19,20,24,25
1524,9,10,14,15,19,20,24,25
1525,9,10,14,15,19,20,24,25
1526,9,10,14,15,19,20,24,25
1527,9,10,14,15,19,20,24,25
1528,9,10,14,15,19,20,24,25
1529,9,10,14,15,19,20,24,25
1530,9,10,14,15,19,20,24,25
1531,9,10,14,15,19,20,24,25
1532,9,10,14,15,19,20,24,25
1533,9,10,14,15,19,20,24,25
1534,9,10,14,15,19,20,24,25
1535,9,10,14,15,19,20,24,25
1536,9,10,14,15,19,20,24,25
1537,9,10,14,15,19,20,24,25
1538,9,10,14,15,19,20,24,25
1539,9,10,14,15,19,20,24,25
1540,9,10,14,15,19,20,24,25
1541,9,10,14,15,19,20,24,25
1542,9,10,14,15,19,20,24,25
1543,9,10,14,15,19,20,24,25
1544,9,10,14,15,19,20,24,25
1545,9,10,14,15,19,20,24,25
1546,9,10,14,15,19,20,24,25
1547,9,10,14,15,19,20,24,25
1548,9,10,14,15,19,20,24,25
1549,9,10,14,15,19,20,24,25
1550,9,10,14,15,19,20,24,25
1551,9,10,14,15,19,20,24,25
1552,9,10,14,15,19,20,24,25
1553,9,10,14,15,19,20,24,25
1554,9,10,14,15,19,20,24,25
1555,9,10,14,15,19,20,24,25
1556,9,10,14,15,19,20,24,25
1557,9,10,14,15,19,20,24,25
1558,9,10,14,15,19,20,24,25
1559,9,10,14,15,19,20,24,25
1560,9,10,14,15,19,20,24,25
1561,9,10,14,15,19,20,24,25
1562,9,10,14,15,19,20,24,25
1563,9,10,14,15,19,20,24,25
1564,9,10,14,15,19,20,24,25
1565,9,10,14,15,19,20,24,25
1566,9,10,14,15,19,20,24,25
1567,9,10,14,15,19,20,24,25
1568,9,10,14,15,19,20,24,25
1569,9,10,14,15,19,20,24,25
1570,9,10,14,15,19,20,24,25
1571,9,10,14,15,19,20,24,25
1572,9,10,14,15,19,20,24,25
1573,9,10,14,15,19,20,24,25
1574,9,10,14,15,19,20,24,25
1575,9,10,14,15,19,20,25
1576,9,10,14,15,19,20,25
1577,9,10,14,15,19,20,25
1578,9,10,14,15,19,20,25
1579,9,10,14,15,19,20,25
1580,9,10,14,15,19,20,25
1581,9,10,14,15,19,20,25
1582,9,10,14,15,19,20,25
1583,9,10,11,14,15,19,20,25
1584,9,10,11,14,15,19,20,25
1585,9,10,11,14,15,16,19,20,25
1586,9,10,11,14,15,16,19,20,25
1587,6,9,10,11,14,15,16,19,20,25
1588,6,9,10,11,14,15,16,19,20,25
1589,6,9,10,11,14,15,16,19,20,25
1590,6,9,10,11,14,15,16,19,20,25
1591,6,9,10,11,14,15,16,19,20,25
1592,6,9,10,11,14,15,16,19,20,25
1593,6,9,10,11,14,15,16,19,20,25
1594,6,9,10,11,14,15,16,19,20,25
1595,6,9,10,11,14,15,16,19,20,25
1596,6,9,10,11,14,15,16,19,20,25
1597,6,9,10,11,14,15,16,19,20,25
1598,6,9,10,11,14,15,16,19,20,25
1599,6,9,10,11,14,15,16,19,20,25
1600,6,9,10,11,14,15,16,19,20,25
1601,6,9,10,11,14,15,16,19,20,25
1602,6,9,10,11,14,15,16,19,20,25
1603,6,10,11,14,15,16,19,20,25
1604,6,10,11,14,15,16,19,20,25
1605,6,10,11,14,15,16,19,20,25
1606,6,10,11,14,15,16,19,20,25
1607,6,10,11,14,15,16,20,25
1608,6,10,11,14,15,16,20,25
1609,6,10,11,14,15,16,20,25
1610,6,10,11,14,15,16,20,25
1611,6,10,11,14,15,16,20,25
1612,6,10,11,14,15,16,20,25
1613,6,10,11,15,16,20,25
1614,6,10,11,15,16,20,25
1615,6,10,11,15,16,20,25
1616,6,10,11,15,16,20,25
1617,6,10,11,15,16,20,25
1618,6,10,11,15,16,20,25
1619,6,10,11,15,16,20,25
1620,6,10,11,15,16,20,25
1621,6,10,11,15,16,20,25
1622,6,10,11,15,16,20,25
1623,6,10,11,15,16,20,25
1624,6,10,11,15,16,20,25
1625,6,10,11,15,16,20,25
1626,6,10,11,15,16,20,25
1627,6,10,11,15,16,20,25
1628,6,10,11,15,16,20,25
1629,6,10,11,15,16,20,25
1630,6,10,11,15,16,20,25
1631,6,10,11,15,16,20,25
1632,6,10,11,15,16,20,25
1633,6,10,11,15,16,20,25
1634,6,10,11,15,16,20,25
1635,6,10,11,15,16,20,25
1636,6,10,11,15,16,20,25
1637,6,10,11,15,16,20,25
1638,6,10,11,15,16,20,25
1639,6,10,11,15,16,20,25
1640,6,10,11,15,16,20,25
1641,6,10,11,15,16,20,25
1642,6,10,11,15,16,20,25
1643,6,10,11,15,16,20,25
1644,6,10,11,15,16,20,25
1645,6,10,11,15,16,20,25
1646,6,10,11,15,16,20,25
1647,6,10,11,15,16,20,25
1648,6,10,11,15,16,20,25
1649,6,10,11,15,16,20,25
1650,6,10,11,15,16,20,25
1651,6,10,11,15,16,20,25
1652,6,10,11,15,16,20,25
1653,6,10,11,14,15,16,20,25
1654,6,10,11,14,15,16,20,25
1655,6,10,11,14,15,16,20,25
1656,6,10,11,14,15,16,20,25
1657,6,10,11,14,15,16,20,25
1658,6,10,11,14,15,16,20,25
1659,6,10,11,14,15,16,20,25
1660,6,10,11,14,15,16,20,25
1661,6,10,11,14,15,16,20,25
1662,6,10,11,14,15,16,20,25
1663,6,10,11,14,15,16,20,25
1664,6,10,11,14,15,16,20,25
1665,6,10,11,14,15,16,20,25
1666,6,10,11,14,15,16,20,25
1667,6,10,11,14,15,16,20,25
1668,6,10,11,14,15,16,20,25
1669,6,10,11,14,15,16,20,25
1670,6,10,11,14,15,16,20,25
1671,6,10,11,14,15,16,20,25
1672,6,10,11,14,15,16,20,25
1673,6,10,11,14,15,16,20,25
1674,6,10,11,14,15,16,20,25
1675,6,10,11,14,15,16,20,25
1676,6,10,11,14,15,16,20,25
1677,6,10,11,14,15,16,20,25
1678,6,10,11,14,15,16,20,25
1679,6,10,11,14,15,16,19,20,25
1680,6,10,11,14,15,16,19,20,25
1681,6,10,11,14,15,16,19,20,25
1682,6,10,11,14,15,16,19,20,25
1683,6,10,11,14,15,16,19,20,21,25
1684,6,10,11,14,15,16,19,20,21,25
1685,6,10,11,14,15,16,19,20,21,25
1686,6,10,11,14,15,16,19,20,21,25
1687,6,10,11,14,15,16,19,20,21,25
1688,6,10,11,14,15,16,19,20,21,25
1689,6,10,11,14,15,16,19,20,21,25
1690,6,10,11,14,15,16,19,20,21,25
1691,6,10,11,14,15,16,19,20,21,25
1692,6,10,11,14,15,16,19,20,21,25
1693,6,10,11,14,15,16,19,20,21,25
1694,6,10,11,14,15,16,19,20,21,25
1695,6,10,11,14,15,16,19,20,21,25
1696,6,10,11,14,15,16,19,20,21,25
1697,6,10,11,14,15,16,19,20,21,25
1698,6,10,11,14,15,16,19,20,21,25
1699,6,10,11,14,15,16,19,20,21,25
1700,6,10,11,14,15,16,19,20,21,25
1701,6,10,11,14,15,16,19,20,21,25
1702,6,10,11,14,15,16,19,20,21,25
1703,6,10,11,14,15,16,19,20,21,25
1704,6,10,11,14,15,16,19,20,21,25
1705,6,10,11,14,15,16,19,20,21,25
1706,6,10,11,14,15,16,19,20,21,25
1707,6,10,11,14,15,16,19,20,21,25
1708,6,10,11,14,15,16,19,20,21,25
1709,6,10,11,14,15,16,19,20,21,25
1710,6,10,11,14,15,16,19,20,21,25
1711,6,10,11,14,15,16,19,20,21,25
1712,6,10,11,14,15,16,19,20,21,25
1713,6,10,11,14,15,16,19,20,21,25
1714,6,10,11,14,15,16,19,20,21,25
1715,6,10,11,14,15,16,19,20,21,25
1716,6,10,11,14,15,16,19,20,21,25
1717,6,10,11,14,15,16,19,20,21,25
1718,6,10,11,14,15,16,19,20,21,25
1719,6,10,11,14,15,16,19,20,21,25
1720,6,10,11,14,15,16,19,20,21,25
1721,6,10,11,14,15,16,19,20,21,25
1722,6,10,11,14,15,16,19,20,21,25
1723,6,10,11,14,15,16,19,20,21,25
1724,6,10,11,14,15,16,19,20,21,25
1725,6,10,11,14,15,16,19,20,21,25
1726,6,10,11,14,15,16,19,20,21,25
1727,6,10,11,14,15,16,19,20,21,25
1728,6,10,11,14,15,16,19,20,21,25
1729,6,10,11,14,15,16,19,20,21,25
1730,6,10,11,14,15,16,19,20,21,25
1731,6,10,11,14,15,16,19,20,21,25
1732,6,10,11,14,15,16,19,20,21,25
1733,6,10,11,14,15,16,20,21,25
1734,6,10,11,14,15,16,20,21,25
1735,6,10,11,14,15,16,20,21,25
1736,6,10,11,14,15,16,20,21,25
1737,6,10,11,14,15,16,20,21,25
1738,6,10,11,14,15,16,20,21,25
1739,6,10,11,15,16,20,21,25
1740,6,10,11,15,16,20,21,25
1741,6,10,11,15,16,20,21,25
1742,6,10,11,15,16,20,21,25
1743,6,10,11,15,16,20,21,25
1744,6,10,11,15,16,20,21,25
1745,6,10,11,15,16,20,21,25
1746,6,10,11,15,16,20,21,25
1747,6,10,11,15,16,20,21,25
1748,6,10,11,15,16,20,21,25
1749,6,10,11,15,16,20,21,25
1750,6,10,11,15,16,20,21,25
1751,6,10,11,15,16,20,21,25
1752,6,10,11,15,16,20,21,25
1753,6,10,11,15,16,20,21,25
1754,6,10,11,15,16,20,21,25
1755,6,10,11,15,16,20,21,25
1756,6,10,11,15,16,20,21,25
1757,6,10,11,14,15,16,19,20,25
1758,6,10,11,14,15,16,19,20,25
1759,6,9,10,11,14,15,16,19,20,25
1760,6,9,10,11,14,15,16,19,20,25
1761,6,9,10,11,14,15,16,19,20,25
1762,6,9,10,11,14,15,16,19,20,25
1763,9,10,14,15,19,20,24,25
1764,9,10,14,15,19,20,24,25
1765,9,10,14,15,19,20,24,25
1766,9,10,14,15,19,20,24,25
1767,9,10,14,15,19,20,24,25
1768,9,10,14,15,19,20,24,25
1769,9,10,14,15,19,20,24,25
1770,9,10,14,15,19,20,24,25
1771,9,10,13,14,15,18,19,20,24,25
1772,9,10,13,14,15,18,19,20,24,25
1773,9,10,13,14,15,18,19,20,23,24,25
1774,9,10,13,14,15,18,19,20,23,24,25
1775,9,13,14,15,18,19,20,23,24,25
1776,9,13,14,15,18,19,20,23,24,25
1777,9,13,14,15,18,19,20,23,24,25
1778,9,13,14,15,18,19,20,23,24,25
1779,9,13,14,15,18,19,20,23,24,25
1780,9,13,14,15,18,19,20,23,24,25
1781,9,13,14,15,18,19,20,23,24
1782,9,13,14,15,18,19,20,23,24
1783,9,13,14,15,18,19,20,23,24
1784,9,13,14,15,18,19,20,23,24
1785,9,13,14,18,19,20,23,24
1786,9,13,14,18,19,20,23,24
1787,9,13,14,18,19,23,24
1788,9,13,14,18,19,23,24
1789,9,13,14,18,19,23,24
1790,9,13,14,18,19,23,24
1791,8,9,13,14,18,19,23,24
1792,8,9,13,14,18,19,23,24
1793,8,9,13,14,18,19,23,24
1794,8,9,13,14,18,19,23,24
1795,8,9,13,14,18,19,23,24
1796,8,9,13,14,18,19,23,24
1797,8,9,13,14,18,19,23,24
1798,8,9,13,14,18,19,23,24
1799,8,9,13,14,18,19,23,24
1800,8,9,13,14,18,19,23,24
