1,5,6,14,15,16,17,24,25,26,27,34,35,36,37
2,5,6,14,15,16,17,24,25,26,27,34,35,36,37
3,5,6,14,15,16,17,24,25,26,27,34,35,36,37
4,5,6,14,15,16,17,24,25,26,27,34,35,36,37
5,5,6,14,15,16,17,24,25,26,27,34,35,36,37
6,5,6,14,15,16,17,24,25,26,27,34,35,36,37
7,5,6,14,15,16,17,24,25,26,27,34,35,36,37
8,5,6,14,15,16,17,24,25,26,27,34,35,36,37
9,14,15,16,17,24,25,26,27,34,35,36,37
10,14,15,16,17,24,25,26,27,34,35,36,37
11,14,15,16,24,25,26,27,34,35,36,37,45
12,14,15,16,24,25,26,27,34,35,36,37,45
13,14,15,16,24,25,26,27,34,35,36,45,46
14,14,15,16,24,25,26,27,34,35,36,45,46
15,14,15,16,24,25,26,34,35,36,44,45,46
16,14,15,16,24,25,26,34,35,36,44,45,46
17,14,15,16,24,25,26,34,35,36,44,45,46
18,14,15,16,24,25,26,34,35,36,44,45,46
19,14,15,16,24,25,26,34,35,36,44,45,46
20,14,15,16,24,25,26,34,35,36,44,45,46
21,15,16,24,25,26,34,35,36,44,45,46
22,15,16,24,25,26,34,35,36,44,45,46
23,15,16,24,25,26,27,34,35,36,37,44,45,46
24,15,16,24,25,26,27,34,35,36,37,44,45,46
25,15,16,24,25,26,27,34,35,36,37,44,45,46,47
26,15,16,24,25,26,27,34,35,36,37,44,45,46,47
27,15,16,24,25,26,27,34,35,36,37,44,45,46,47
28,15,16,24,25,26,27,34,35,36,37,44,45,46,47
29,15,16,24,25,26,27,34,35,36,37,44,45,46,47
30,15,16,24,25,26,27,34,35,36,37,44,45,46,47
31,15,16,24,25,26,27,34,35,36,37,44,45,46,47
32,15,16,24,25,26,27,34,35,36,37,44,45,46,47
33,15,16,24,25,26,27,34,35,36,37,44,45,46,47
34,15,16,24,25,26,27,34,35,36,37,44,45,46,47
35,15,16,24,25,26,27,34,35,36,37,44,45,46,47
36,15,16,24,25,26,27,34,35,36,37,44,45,46,47
37,15,16,24,25,26,27,34,35,36,37,44,45,46,47
38,15,16,24,25,26,27,34,35,36,37,44,45,46,47
39,16,17,24,25,26,27,34,35,36,37,44,45,46,47
40,16,17,24,25,26,27,34,35,36,37,44,45,46,47
41,16,17,24,25,26,27,34,35,36,37,44,45,46,47
42,16,17,24,25,26,27,34,35,36,37,44,45,46,47
43,16,17,24,25,26,27,34,35,36,37,45,46,47
44,16,17,24,25,26,27,34,35,36,37,45,46,47
45,16,17,25,26,27,28,35,36,37,38,45,46,47
46,16,17,25,26,27,28,35,36,37,38,45,46,47
47,16,17,25,26,27,28,35,36,37,38,45,46,47
48,16,17,25,26,27,28,35,36,37,38,45,46,47
49,16,17,25,26,27,28,35,36,37,38,45,46,47,48
50,16,17,25,26,27,28,35,36,37,38,45,46,47,48
51,16,17,25,26,27,28,35,36,37,38,45,46,47,48
52,16,17,25,26,27,28,35,36,37,38,45,46,47,48
53,16,17,25,26,27,28,35,36,37,38,45,46,47,48
54,16,17,25,26,27,28,35,36,37,38,45,46,47,48
55,16,17,25,26,27,28,35,36,37,38,45,46,47,48
56,16,17,25,26,27,28,35,36,37,38,45,46,47,48
57,16,17,25,26,27,28,35,36,37,38,45,46,47,48
58,16,17,25,26,27,28,35,36,37,38,45,46,47,48
59,16,17,25,26,27,28,35,36,37,38,45,46,47,48
60,16,17,25,26,27,28,35,36,37,38,45,46,47,48
61,16,17,25,26,27,28,35,36,37,38,45,46,47,48
62,16,17,25,26,27,28,35,36,37,38,45,46,47,48
63,16,17,25,26,27,28,35,36,37,38,45,46,47,48
64,16,17,25,26,27,28,35,36,37,38,45,46,47,48
65,16,17,25,26,27,28,35,36,37,38,45,46,47,48
66,16,17,25,26,27,28,35,36,37,38,45,46,47,48
67,16,17,25,26,27,28,35,36,37,38,45,46,47,48
68,16,17,25,26,27,28,35,36,37,38,45,46,47,48
69,16,17,18,25,26,27,28,35,36,37,38,45,46,47,48
70,16,17,18,25,26,27,28,35,36,37,38,45,46,47,48
71,16,17,18,25,26,27,28,35,36,37,38,45,46,47,48
72,16,17,18,25,26,27,28,35,36,37,38,45,46,47,48
73,17,18,25,26,27,28,35,36,37,38,46,47,48
74,17,18,25,26,27,28,35,36,37,38,46,47,48
75,17,18,25,26,27,28,35,36,37,38,46,47,48
76,17,18,25,26,27,28,35,36,37,38,46,47,48
77,17,18,25,26,27,28,35,36,37,38,46,47,48
78,17,18,25,26,27,28,35,36,37,38,46,47,48
79,17,18,26,27,28,35,36,37,38,46,47,48
80,17,18,26,27,28,35,36,37,38,46,47,48
81,17,18,26,27,28,29,36,37,38,39,46,47,48
82,17,18,26,27,28,29,36,37,38,39,46,47,48
83,17,18,26,27,28,29,36,37,38,39,46,47,48
84,17,18,26,27,28,29,36,37,38,39,46,47,48
85,17,18,26,27,28,29,36,37,38,39,46,47,48,49
86,17,18,26,27,28,29,36,37,38,39,46,47,48,49
87,17,18,26,27,28,29,36,37,38,39,46,47,48,49
88,17,18,26,27,28,29,36,37,38,39,46,47,48,49
89,17,18,26,27,28,29,36,37,38,39,46,47,48,49
90,17,18,26,27,28,29,36,37,38,39,46,47,48,49
91,17,18,26,27,28,29,36,37,38,39,46,47,48,49
92,17,18,26,27,28,29,36,37,38,39,46,47,48,49
93,17,18,26,27,28,29,36,37,38,39,46,47,48,49
94,17,18,26,27,28,29,36,37,38,39,46,47,48,49
95,17,18,26,27,28,29,36,37,38,39,46,47,48,49
96,17,18,26,27,28,29,36,37,38,39,46,47,48,49
97,17,18,26,27,28,29,36,37,38,39,46,47,48,49
98,17,18,26,27,28,29,36,37,38,39,46,47,48,49
99,17,18,26,27,28,29,36,37,38,39,46,47,48,49
100,17,18,26,27,28,29,36,37,38,39,46,47,48,49
101,17,18,26,27,28,29,36,37,38,39,46,47,48,49
102,17,18,26,27,28,29,36,37,38,39,46,47,48,49
103,17,18,26,27,28,29,36,37,38,39,46,47,48,49
104,17,18,26,27,28,29,36,37,38,39,46,47,48,49
105,17,18,26,27,28,29,36,37,38,39,46,47,48,49
106,17,18,26,27,28,29,36,37,38,39,46,47,48,49
107,17,18,26,27,28,29,36,37,38,39,46,47,48,49
108,17,18,26,27,28,29,36,37,38,39,46,47,48,49
109,17,18,26,27,28,29,36,37,38,39,46,47,48,49
110,17,18,26,27,28,29,36,37,38,39,46,47,48,49
111,17,18,19,26,27,28,29,36,37,38,39,46,47,48,49
112,17,18,19,26,27,28,29,36,37,38,39,46,47,48,49
113,17,18,19,26,27,28,29,36,37,38,39,47,48,49
114,17,18,19,26,27,28,29,36,37,38,39,47,48,49
115,18,19,26,27,28,29,36,37,38,39,47,48,49
116,18,19,26,27,28,29,36,37,38,39,47,48,49
117,18,19,27,28,29,37,38,39,40,47,48,49
118,18,19,27,28,29,37,38,39,40,47,48,49
119,18,19,27,28,29,30,37,38,39,40,47,48,49
120,18,19,27,28,29,30,37,38,39,40,47,48,49
121,18,19,27,28,29,30,37,38,39,40,47,48,49
122,18,19,27,28,29,30,37,38,39,40,47,48,49
123,18,19,27,28,29,30,37,38,39,40,47,48,49
124,18,19,27,28,29,30,37,38,39,40,47,48,49
125,17,18,19,27,28,29,30,37,38,39,40,47,48,49
126,17,18,19,27,28,29,30,37,38,39,40,47,48,49
127,17,18,19,27,28,29,30,37,38,39,40,47,48,49
128,17,18,19,27,28,29,30,37,38,39,40,47,48,49
129,17,18,19,27,28,29,30,37,38,39,40,47,48,49
130,17,18,19,27,28,29,30,37,38,39,40,47,48,49
131,17,18,19,27,28,29,30,37,38,39,40,47,48,49,50
132,17,18,19,27,28,29,30,37,38,39,40,47,48,49,50
133,18,19,20,27,28,29,30,37,38,39,40,48,49,50
134,18,19,20,27,28,29,30,37,38,39,40,48,49,50
135,18,19,20,27,28,29,30,37,38,39,40,48,49,50
136,18,19,20,27,28,29,30,37,38,39,40,48,49,50
137,18,19,20,27,28,29,30,37,38,39,40,48,49,50
138,18,19,20,27,28,29,30,37,38,39,40,48,49,50
139,18,19,20,27,28,29,30,37,38,39,40,48,49,50
140,18,19,20,27,28,29,30,37,38,39,40,48,49,50
141,18,19,20,27,28,29,30,38,39,40,48,49,50
142,18,19,20,27,28,29,30,38,39,40,48,49,50
143,18,19,20,28,29,30,38,39,40,48,49,50
144,18,19,20,28,29,30,38,39,40,48,49,50
145,18,19,20,28,29,30,38,39,40,48,49,50
146,18,19,20,28,29,30,38,39,40,48,49,50
147,18,19,20,28,29,30,38,39,40,48,49,50
148,18,19,20,28,29,30,38,39,40,48,49,50
149,18,19,20,28,29,30,38,39,40,48,49,50
150,18,19,20,28,29,30,38,39,40,48,49,50
151,18,19,20,28,29,30,38,39,40,48,49,50
152,18,19,20,28,29,30,38,39,40,48,49,50
153,18,19,20,28,29,30,38,39,40,48,49,50
154,18,19,20,28,29,30,38,39,40,48,49,50
155,18,19,20,28,29,30,38,39,40,48,49,50
156,18,19,20,28,29,30,38,39,40,48,49,50
157,18,19,20,28,29,30,38,39,40,48,49,50
158,18,19,20,28,29,30,38,39,40,48,49,50
159,18,19,20,28,29,30,38,39,40,48,49,50
160,18,19,20,28,29,30,38,39,40,48,49,50
161,18,19,20,28,29,30,38,39,40,48,49,50
162,18,19,20,28,29,30,38,39,40,48,49,50
163,18,19,20,28,29,30,38,39,40,48,49,50
164,18,19,20,28,29,30,38,39,40,48,49,50
165,18,19,20,28,29,30,38,39,40,48,49,50
166,18,19,20,28,29,30,38,39,40,48,49,50
167,18,19,20,28,29,30,38,39,40,48,49,50
168,18,19,20,28,29,30,38,39,40,48,49,50
169,18,19,20,28,29,30,38,39,40,48,49,50
170,18,19,20,28,29,30,38,39,40,48,49,50
171,18,19,20,28,29,30,38,39,40,48,49,50
172,18,19,20,28,29,30,38,39,40,48,49,50
173,18,19,20,28,29,30,38,39,40,48,49,50
174,18,19,20,28,29,30,38,39,40,48,49,50
175,18,19,20,28,29,30,38,39,40,48,49,50
176,18,19,20,28,29,30,38,39,40,48,49,50
177,18,19,20,28,29,30,38,39,40,48,49,50
178,18,19,20,28,29,30,38,39,40,48,49,50
179,18,19,20,27,28,29,30,37,38,39,40,48,49,50
180,18,19,20,27,28,29,30,37,38,39,40,48,49,50
181,18,19,20,27,28,29,30,37,38,39,40,48,49,50
182,18,19,20,27,28,29,30,37,38,39,40,48,49,50
183,18,19,20,27,28,29,30,37,38,39,40,48,49,50
184,18,19,20,27,28,29,30,37,38,39,40,48,49,50
185,18,19,20,27,28,29,30,37,38,39,40,48,49,50
186,18,19,20,27,28,29,30,37,38,39,40,48,49,50
187,18,19,20,27,28,29,30,37,38,39,40,48,49,50
188,18,19,20,27,28,29,30,37,38,39,40,48,49,50
189,17,18,19,20,27,28,29,30,37,38,39,40,47,48,49
190,17,18,19,20,27,28,29,30,37,38,39,40,47,48,49
191,17,18,19,27,28,29,30,37,38,39,40,47,48,49
192,17,18,19,27,28,29,30,37,38,39,40,47,48,49
193,17,18,19,27,28,29,30,37,38,39,40,47,48,49
194,17,18,19,27,28,29,30,37,38,39,40,47,48,49
195,17,18,19,27,28,29,37,38,39,47,48,49
196,17,18,19,27,28,29,37,38,39,47,48,49
197,17,18,19,26,27,28,29,36,37,38,39,47,48,49
198,17,18,19,26,27,28,29,36,37,38,39,47,48,49
199,17,18,19,26,27,28,29,36,37,38,39,47,48,49
200,17,18,19,26,27,28,29,36,37,38,39,47,48,49
201,17,18,26,27,28,29,36,37,38,39,46,47,48,49
202,17,18,26,27,28,29,36,37,38,39,46,47,48,49
203,17,18,26,27,28,29,36,37,38,39,46,47,48,49
204,17,18,26,27,28,29,36,37,38,39,46,47,48,49
205,17,18,26,27,28,29,36,37,38,39,46,47,48
206,17,18,26,27,28,29,36,37,38,39,46,47,48
207,17,18,26,27,28,29,36,37,38,39,46,47,48
208,17,18,26,27,28,29,36,37,38,39,46,47,48
209,17,18,26,27,28,29,36,37,38,39,46,47,48
210,17,18,26,27,28,29,36,37,38,39,46,47,48
211,17,18,26,27,28,29,36,37,38,39,46,47,48
212,17,18,26,27,28,29,36,37,38,39,46,47,48
213,17,18,26,27,28,29,36,37,38,39,46,47,48
214,17,18,26,27,28,29,36,37,38,39,46,47,48
215,17,18,26,27,28,36,37,38,39,46,47,48
216,17,18,26,27,28,36,37,38,39,46,47,48
217,17,18,26,27,28,36,37,38,46,47,48
218,17,18,26,27,28,36,37,38,46,47,48
219,17,18,26,27,28,36,37,38,46,47,48
220,17,18,26,27,28,36,37,38,46,47,48
221,17,18,26,27,28,36,37,38,46,47,48
222,17,18,26,27,28,36,37,38,46,47,48
223,17,18,26,27,28,36,37,38,46,47,48
224,17,18,26,27,28,36,37,38,46,47,48
225,16,17,18,26,27,28,35,36,37,38,46,47,48
226,16,17,18,26,27,28,35,36,37,38,46,47,48
227,16,17,18,25,26,27,28,35,36,37,38,46,47,48
228,16,17,18,25,26,27,28,35,36,37,38,46,47,48
229,16,17,18,25,26,27,28,35,36,37,38,46,47,48
230,16,17,18,25,26,27,28,35,36,37,38,46,47,48
231,16,17,18,25,26,27,28,35,36,37,38,46,47,48
232,16,17,18,25,26,27,28,35,36,37,38,46,47,48
233,16,17,18,25,26,27,28,35,36,37,38,46,47,48
234,16,17,18,25,26,27,28,35,36,37,38,46,47,48
235,16,17,18,25,26,27,28,35,36,37,38,46,47,48
236,16,17,18,25,26,27,28,35,36,37,38,46,47,48
237,16,17,18,25,26,27,28,35,36,37,38,46,47,48
238,16,17,18,25,26,27,28,35,36,37,38,46,47,48
239,16,17,18,25,26,27,28,35,36,37,38,46,47,48
240,16,17,18,25,26,27,28,35,36,37,38,46,47,48
241,16,17,18,25,26,27,28,35,36,37,38,46,47,48
242,16,17,18,25,26,27,28,35,36,37,38,46,47,48
243,16,17,18,25,26,27,28,35,36,37,38,46,47,48
244,16,17,18,25,26,27,28,35,36,37,38,46,47,48
245,16,17,18,25,26,27,28,35,36,37,38,46,47,48
246,16,17,18,25,26,27,28,35,36,37,38,46,47,48
247,16,17,18,25,26,27,28,35,36,37,38,46,47,48
248,16,17,18,25,26,27,28,35,36,37,38,46,47,48
249,16,17,18,25,26,27,28,35,36,37,38,46,47,48
250,16,17,18,25,26,27,28,35,36,37,38,46,47,48
251,16,17,18,25,26,27,28,35,36,37,38,46,47,48
252,16,17,18,25,26,27,28,35,36,37,38,46,47,48
253,16,17,18,25,26,27,28,35,36,37,38,46,47,48
254,16,17,18,25,26,27,28,35,36,37,38,46,47,48
255,16,17,18,25,26,27,28,35,36,37,38,46,47,48
256,16,17,18,25,26,27,28,35,36,37,38,46,47,48
257,16,17,18,25,26,27,28,35,36,37,38,46,47,48
258,16,17,18,25,26,27,28,35,36,37,38,46,47,48
259,16,17,18,25,26,27,28,35,36,37,38,46,47,48
260,16,17,18,25,26,27,28,35,36,37,38,46,47,48
261,16,17,18,25,26,27,28,35,36,37,38,46,47,48
262,16,17,18,25,26,27,28,35,36,37,38,46,47,48
263,16,17,18,25,26,27,28,35,36,37,38,46,47,48
264,16,17,18,25,26,27,28,35,36,37,38,46,47,48
265,16,17,18,25,26,27,28,35,36,37,38,46,47,48
266,16,17,18,25,26,27,28,35,36,37,38,46,47,48
267,16,17,18,25,26,27,28,35,36,37,38,46,47,48
268,16,17,18,25,26,27,28,35,36,37,38,46,47,48
269,16,17,18,25,26,27,28,35,36,37,38,46,47,48
270,16,17,18,25,26,27,28,35,36,37,38,46,47,48
271,16,17,18,25,26,27,28,35,36,37,38,46,47,48
272,16,17,18,25,26,27,28,35,36,37,38,46,47,48
273,16,17,18,25,26,27,28,35,36,37,38,46,47,48
274,16,17,18,25,26,27,28,35,36,37,38,46,47,48
275,16,17,18,25,26,27,28,35,36,37,38,46,47,48
276,16,17,18,25,26,27,28,35,36,37,38,46,47,48
277,16,17,18,25,26,27,28,35,36,37,38,46,47,48
278,16,17,18,25,26,27,28,35,36,37,38,46,47,48
279,16,17,18,25,26,27,28,35,36,37,38,46,47,48
280,16,17,18,25,26,27,28,35,36,37,38,46,47,48
281,15,16,17,18,25,26,27,28,35,36,37,38,46,47,48
282,15,16,17,18,25,26,27,28,35,36,37,38,46,47,48
283,15,16,17,18,25,26,27,28,35,36,37,38,45,46,47
284,15,16,17,18,25,26,27,28,35,36,37,38,45,46,47
285,15,16,17,25,26,27,28,35,36,37,38,45,46,47
286,15,16,17,25,26,27,28,35,36,37,38,45,46,47
287,15,16,17,25,26,27,28,35,36,37,38,45,46,47
288,15,16,17,25,26,27,28,35,36,37,38,45,46,47
289,15,16,17,25,26,27,28,35,36,37,38,45,46,47
290,15,16,17,25,26,27,28,35,36,37,38,45,46,47
291,15,16,17,25,26,27,28,35,36,37,38,45,46,47
292,15,16,17,25,26,27,28,35,36,37,38,45,46,47
293,15,16,17,25,26,27,28,35,36,37,38,45,46,47
294,15,16,17,25,26,27,28,35,36,37,38,45,46,47
295,15,16,17,25,26,27,28,35,36,37,38,45,46,47
296,15,16,17,25,26,27,28,35,36,37,38,45,46,47
297,15,16,17,25,26,27,28,35,36,37,38,45,46,47
298,15,16,17,25,26,27,28,35,36,37,38,45,46,47
299,15,16,17,25,26,27,35,36,37,45,46,47
300,15,16,17,25,26,27,35,36,37,45,46,47
301,15,16,17,25,26,27,35,36,37,45,46,47
302,15,16,17,25,26,27,35,36,37,45,46,47
303,15,16,17,24,25,26,27,34,35,36,37,45,46,47
304,15,16,17,24,25,26,27,34,35,36,37,45,46,47
305,15,16,17,24,25,26,27,34,35,36,37,45,46,47
306,15,16,17,24,25,26,27,34,35,36,37,45,46,47
307,15,16,17,24,25,26,27,34,35,36,37,45,46,47
308,15,16,17,24,25,26,27,34,35,36,37,45,46,47
309,15,16,17,24,25,26,27,34,35,36,37,45,46,47
310,15,16,17,24,25,26,27,34,35,36,37,45,46,47
311,15,16,17,24,25,26,27,34,35,36,37,45,46,47
312,15,16,17,24,25,26,27,34,35,36,37,45,46,47
313,15,16,17,24,25,26,27,34,35,36,37,45,46,47
314,15,16,17,24,25,26,27,34,35,36,37,45,46,47
315,15,16,17,24,25,26,27,34,35,36,37,45,46,47
316,15,16,17,24,25,26,27,34,35,36,37,45,46,47
317,15,16,17,24,25,26,27,34,35,36,37,45,46,47
318,15,16,17,24,25,26,27,34,35,36,37,45,46,47
319,15,16,17,24,25,26,27,34,35,36,37,44,45,46,47
320,15,16,17,24,25,26,27,34,35,36,37,44,45,46,47
321,15,16,24,25,26,27,34,35,36,37,44,45,46,47
322,15,16,24,25,26,27,34,35,36,37,44,45,46,47
323,14,15,16,24,25,26,27,34,35,36,37,44,45,46,47
324,14,15,16,24,25,26,27,34,35,36,37,44,45,46,47
325,14,15,16,24,25,26,27,34,35,36,37,44,45,46
326,14,15,16,24,25,26,27,34,35,36,37,44,45,46
327,14,15,16,24,25,26,27,34,35,36,37,44,45,46
328,14,15,16,24,25,26,27,34,35,36,37,44,45,46
329,14,15,16,24,25,26,27,34,35,36,37,44,45,46
330,14,15,16,24,25,26,27,34,35,36,37,44,45,46
331,14,15,16,24,25,26,27,34,35,36,37,44,45,46
332,14,15,16,24,25,26,27,34,35,36,37,44,45,46
333,14,15,16,24,25,26,27,34,35,36,37,44,45,46
334,14,15,16,24,25,26,27,34,35,36,37,44,45,46
335,14,15,16,24,25,26,34,35,36,44,45,46
336,14,15,16,24,25,26,34,35,36,44,45,46
337,14,15,16,24,25,26,34,35,36,44,45,46
338,14,15,16,24,25,26,34,35,36,44,45,46
339,14,15,16,23,24,25,26,33,34,35,36,44,45,46
340,14,15,16,23,24,25,26,33,34,35,36,44,45,46
341,14,15,16,23,24,25,26,33,34,35,36,44,45,46
342,14,15,16,23,24,25,26,33,34,35,36,44,45,46
343,14,15,16,23,24,25,26,33,34,35,36,44,45,46
344,14,15,16,23,24,25,26,33,34,35,36,44,45,46
345,14,15,16,23,24,25,26,33,34,35,36,44,45,46
346,14,15,16,23,24,25,26,33,34,35,36,44,45,46
347,14,15,16,23,24,25,26,33,34,35,36,44,45,46
348,14,15,16,23,24,25,26,33,34,35,36,44,45,46
349,14,15,16,23,24,25,26,33,34,35,36,44,45,46
350,14,15,16,23,24,25,26,33,34,35,36,44,45,46
351,14,15,23,24,25,26,33,34,35,36,43,44,45,46
352,14,15,23,24,25,26,33,34,35,36,43,44,45,46
353,13,14,15,23,24,25,26,33,34,35,36,43,44,45,46
354,13,14,15,23,24,25,26,33,34,35,36,43,44,45,46
355,13,14,15,23,24,25,26,33,34,35,36,43,44,45,46
356,13,14,15,23,24,25,26,33,34,35,36,43,44,45,46
357,13,14,15,23,24,25,26,33,34,35,36,43,44,45
358,13,14,15,23,24,25,26,33,34,35,36,43,44,45
359,14,15,23,24,25,26,33,34,35,36,43,44,45
360,14,15,23,24,25,26,33,34,35,36,43,44,45
361,14,15,23,24,25,26,33,34,35,36,43,44,45
362,14,15,23,24,25,26,33,34,35,36,43,44,45
363,14,15,23,24,25,26,33,34,35,36,43,44,45
364,14,15,23,24,25,26,33,34,35,36,43,44,45
365,13,14,15,23,24,25,26,33,34,35,36,43,44,45
366,13,14,15,23,24,25,26,33,34,35,36,43,44,45
367,13,14,15,23,24,25,33,34,35,43,44,45
368,13,14,15,23,24,25,33,34,35,43,44,45
369,13,14,15,23,24,25,33,34,35,43,44,45
370,13,14,15,23,24,25,33,34,35,43,44,45
371,13,14,15,22,23,24,25,32,33,34,35,43,44,45
372,13,14,15,22,23,24,25,32,33,34,35,43,44,45
373,13,14,15,22,23,24,25,32,33,34,35,43,44,45
374,13,14,15,22,23,24,25,32,33,34,35,43,44,45
375,13,14,15,22,23,24,25,32,33,34,35,43,44,45
376,13,14,15,22,23,24,25,32,33,34,35,43,44,45
377,13,14,15,22,23,24,25,32,33,34,35,43,44,45
378,13,14,15,22,23,24,25,32,33,34,35,43,44,45
379,13,14,15,22,23,24,25,32,33,34,35,43,44,45
380,13,14,15,22,23,24,25,32,33,34,35,43,44,45
381,13,14,15,22,23,24,25,32,33,34,35,43,44,45
382,13,14,15,22,23,24,25,32,33,34,35,43,44,45
383,13,14,15,22,23,24,25,32,33,34,35,43,44,45
384,13,14,15,22,23,24,25,32,33,34,35,43,44,45
385,13,14,15,22,23,24,25,32,33,34,35,43,44,45
386,13,14,15,22,23,24,25,32,33,34,35,43,44,45
387,13,14,15,22,23,24,25,32,33,34,35,43,44,45
388,13,14,15,22,23,24,25,32,33,34,35,43,44,45
389,13,14,15,22,23,24,25,32,33,34,35,43,44,45
390,13,14,15,22,23,24,25,32,33,34,35,43,44,45
391,13,14,15,22,23,24,25,32,33,34,35,43,44,45
392,13,14,15,22,23,24,25,32,33,34,35,43,44,45
393,14,15,22,23,24,25,32,33,34,35,43,44,45
394,14,15,22,23,24,25,32,33,34,35,43,44,45
395,14,15,22,23,24,25,32,33,34,35,43,44,45
396,14,15,22,23,24,25,32,33,34,35,43,44,45
397,13,14,15,22,23,24,25,32,33,34,35,43,44,45
398,13,14,15,22,23,24,25,32,33,34,35,43,44,45
399,13,14,15,22,23,24,25,32,33,34,35,43,44,45
400,13,14,15,22,23,24,25,32,33,34,35,43,44,45
401,13,14,15,22,23,24,25,32,33,34,35,43,44,45
402,13,14,15,22,23,24,25,32,33,34,35,43,44,45
403,13,14,15,22,23,24,25,32,33,34,35,43,44,45
404,13,14,15,22,23,24,25,32,33,34,35,43,44,45
405,13,14,15,22,23,24,25,32,33,34,35,43,44,45
406,13,14,15,22,23,24,25,32,33,34,35,43,44,45
407,13,14,15,22,23,24,25,32,33,34,35,43,44,45
408,13,14,15,22,23,24,25,32,33,34,35,43,44,45
409,13,14,15,22,23,24,25,32,33,34,35,43,44,45
410,13,14,15,22,23,24,25,32,33,34,35,43,44,45
411,13,14,15,22,23,24,25,32,33,34,35,43,44,45
412,13,14,15,22,23,24,25,32,33,34,35,43,44,45
413,13,14,15,22,23,24,25,32,33,34,35,43,44,45
414,13,14,15,22,23,24,25,32,33,34,35,43,44,45
415,12,13,14,22,23,24,25,32,33,34,35,42,43,44,45
416,12,13,14,22,23,24,25,32,33,34,35,42,43,44,45
417,12,13,14,22,23,24,25,32,33,34,35,42,43,44
418,12,13,14,22,23,24,25,32,33,34,35,42,43,44
419,12,13,14,22,23,24,25,32,33,34,35,42,43,44
420,12,13,14,22,23,24,25,32,33,34,35,42,43,44
421,12,13,14,22,23,24,25,32,33,34,35,42,43,44
422,12,13,14,22,23,24,25,32,33,34,35,42,43,44
423,12,13,14,22,23,24,32,33,34,42,43,44
424,12,13,14,22,23,24,32,33,34,42,43,44
425,12,13,14,21,22,23,24,31,32,33,34,42,43,44
426,12,13,14,21,22,23,24,31,32,33,34,42,43,44
427,12,13,14,21,22,23,24,31,32,33,34,42,43,44
428,12,13,14,21,22,23,24,31,32,33,34,42,43,44
429,12,13,14,21,22,23,24,31,32,33,34,42,43,44
430,12,13,14,21,22,23,24,31,32,33,34,42,43,44
431,12,13,14,21,22,23,24,31,32,33,34,42,43,44
432,12,13,14,21,22,23,24,31,32,33,34,42,43,44
433,12,13,14,21,22,23,24,31,32,33,34,42,43,44
434,12,13,14,21,22,23,24,31,32,33,34,42,43,44
435,12,13,14,21,22,23,24,31,32,33,34,41,42,43,44
436,12,13,14,21,22,23,24,31,32,33,34,41,42,43,44
437,12,13,21,22,23,24,31,32,33,34,41,42,43,44
438,12,13,21,22,23,24,31,32,33,34,41,42,43,44
439,11,12,13,21,22,23,24,31,32,33,34,41,42,43,44
440,11,12,13,21,22,23,24,31,32,33,34,41,42,43,44
441,11,12,13,21,22,23,24,31,32,33,34,41,42,43
442,11,12,13,21,22,23,24,31,32,33,34,41,42,43
443,12,13,21,22,23,24,31,32,33,34,41,42,43
444,12,13,21,22,23,24,31,32,33,34,41,42,43
445,12,13,21,22,23,24,31,32,33,34,41,42,43
446,12,13,21,22,23,24,31,32,33,34,41,42,43
447,12,13,21,22,23,24,31,32,33,34,41,42,43
448,12,13,21,22,23,24,31,32,33,34,41,42,43
449,12,13,21,22,23,24,31,32,33,34,41,42,43
450,12,13,21,22,23,24,31,32,33,34,41,42,43
451,12,13,21,22,23,30,31,32,33,40,41,42,43
452,12,13,21,22,23,30,31,32,33,40,41,42,43
453,12,13,21,22,23,30,31,32,33,40,41,42,43
454,12,13,21,22,23,30,31,32,33,40,41,42,43
455,11,12,13,21,22,23,30,31,32,33,40,41,42,43
456,11,12,13,21,22,23,30,31,32,33,40,41,42,43
457,11,12,13,21,22,23,30,31,32,33,40,41,42,43
458,11,12,13,21,22,23,30,31,32,33,40,41,42,43
459,12,13,21,22,23,30,31,32,33,40,41,42,43
460,12,13,21,22,23,30,31,32,33,40,41,42,43
461,12,13,21,22,23,24,31,32,33,34,41,42,43
462,12,13,21,22,23,24,31,32,33,34,41,42,43
463,11,12,13,21,22,23,24,31,32,33,34,41,42,43,44
464,11,12,13,21,22,23,24,31,32,33,34,41,42,43,44
465,12,13,14,21,22,23,24,31,32,33,34,42,43,44
466,12,13,14,21,22,23,24,31,32,33,34,42,43,44
467,12,13,14,22,23,24,25,32,33,34,35,42,43,44
468,12,13,14,22,23,24,25,32,33,34,35,42,43,44
469,12,13,14,22,23,24,25,32,33,34,35,42,43,44
470,12,13,14,22,23,24,25,32,33,34,35,42,43,44
471,13,14,15,22,23,24,25,32,33,34,35,43,44,45
472,13,14,15,22,23,24,25,32,33,34,35,43,44,45
473,13,14,15,22,23,24,25,32,33,34,35,43,44,45
474,13,14,15,22,23,24,25,32,33,34,35,43,44,45
475,13,14,15,23,24,25,33,34,35,43,44,45
476,13,14,15,23,24,25,33,34,35,43,44,45
477,13,14,15,23,24,25,26,33,34,35,36,43,44,45
478,13,14,15,23,24,25,26,33,34,35,36,43,44,45
479,13,14,15,23,24,25,26,33,34,35,36,43,44,45
480,13,14,15,23,24,25,26,33,34,35,36,43,44,45
481,14,15,16,23,24,25,26,33,34,35,36,43,44,45,46
482,14,15,16,23,24,25,26,33,34,35,36,43,44,45,46
483,14,15,16,23,24,25,26,33,34,35,36,44,45,46
484,14,15,16,23,24,25,26,33,34,35,36,44,45,46
485,14,15,16,23,24,25,26,33,34,35,36,44,45,46
486,14,15,16,23,24,25,26,33,34,35,36,44,45,46
487,14,15,16,23,24,25,26,33,34,35,36,44,45,46
488,14,15,16,23,24,25,26,33,34,35,36,44,45,46
489,15,16,24,25,26,34,35,36,44,45,46
490,15,16,24,25,26,34,35,36,44,45,46
491,15,16,24,25,26,27,34,35,36,37,44,45,46
492,15,16,24,25,26,27,34,35,36,37,44,45,46
493,15,16,24,25,26,27,34,35,36,37,44,45,46
494,15,16,24,25,26,27,34,35,36,37,44,45,46
495,15,16,24,25,26,27,34,35,36,37,44,45,46
496,15,16,24,25,26,27,34,35,36,37,44,45,46
497,15,16,24,25,26,27,34,35,36,37,44,45,46,47
498,15,16,24,25,26,27,34,35,36,37,44,45,46,47
499,15,16,24,25,26,27,34,35,36,37,44,45,46,47
500,15,16,24,25,26,27,34,35,36,37,44,45,46,47
501,15,16,24,25,26,27,34,35,36,37,44,45,46,47
502,15,16,24,25,26,27,34,35,36,37,44,45,46,47
503,15,16,17,24,25,26,27,34,35,36,37,45,46,47
504,15,16,17,24,25,26,27,34,35,36,37,45,46,47
505,15,16,17,24,25,26,27,34,35,36,37,45,46,47
506,15,16,17,24,25,26,27,34,35,36,37,45,46,47
507,15,16,17,24,25,26,27,34,35,36,37,45,46,47
508,15,16,17,24,25,26,27,34,35,36,37,45,46,47
509,15,16,17,24,25,26,27,34,35,36,37,45,46,47
510,15,16,17,24,25,26,27,34,35,36,37,45,46,47
511,15,16,17,24,25,26,27,34,35,36,37,45,46,47
512,15,16,17,24,25,26,27,34,35,36,37,45,46,47
513,15,16,17,25,26,27,35,36,37,45,46,47
514,15,16,17,25,26,27,35,36,37,45,46,47
515,15,16,17,25,26,27,28,35,36,37,38,45,46,47
516,15,16,17,25,26,27,28,35,36,37,38,45,46,47
517,15,16,17,25,26,27,28,35,36,37,38,45,46,47
518,15,16,17,25,26,27,28,35,36,37,38,45,46,47
519,15,16,17,25,26,27,28,35,36,37,38,45,46,47
520,15,16,17,25,26,27,28,35,36,37,38,45,46,47
521,15,16,17,25,26,27,28,35,36,37,38,45,46,47
522,15,16,17,25,26,27,28,35,36,37,38,45,46,47
523,15,16,17,25,26,27,28,35,36,37,38,45,46,47
524,15,16,17,25,26,27,28,35,36,37,38,45,46,47
525,15,16,17,25,26,27,28,35,36,37,38,45,46,47
526,15,16,17,25,26,27,28,35,36,37,38,45,46,47
527,15,16,17,25,26,27,28,35,36,37,38,45,46,47
528,15,16,17,25,26,27,28,35,36,37,38,45,46,47
529,16,17,25,26,27,28,35,36,37,38,45,46,47
530,16,17,25,26,27,28,35,36,37,38,45,46,47
531,16,17,25,26,27,28,35,36,37,38,45,46,47
532,16,17,25,26,27,28,35,36,37,38,45,46,47
533,16,17,25,26,27,28,35,36,37,38,45,46,47
534,16,17,25,26,27,28,35,36,37,38,45,46,47
535,16,17,25,26,27,28,35,36,37,38,45,46,47
536,16,17,25,26,27,28,35,36,37,38,45,46,47
537,16,17,25,26,27,28,35,36,37,38,45,46,47
538,16,17,25,26,27,28,35,36,37,38,45,46,47
539,16,17,25,26,27,35,36,37,45,46,47
540,16,17,25,26,27,35,36,37,45,46,47
541,16,17,24,25,26,27,34,35,36,37,45,46,47
542,16,17,24,25,26,27,34,35,36,37,45,46,47
543,15,16,17,24,25,26,27,34,35,36,37,45,46,47
544,15,16,17,24,25,26,27,34,35,36,37,45,46,47
545,15,16,17,24,25,26,27,34,35,36,37,45,46,47
546,15,16,17,24,25,26,27,34,35,36,37,45,46,47
547,15,16,17,24,25,26,27,34,35,36,37,44,45,46,47
548,15,16,17,24,25,26,27,34,35,36,37,44,45,46,47
549,15,16,24,25,26,27,34,35,36,37,44,45,46,47
550,15,16,24,25,26,27,34,35,36,37,44,45,46,47
551,15,16,24,25,26,27,34,35,36,37,44,45,46,47
552,15,16,24,25,26,27,34,35,36,37,44,45,46,47
553,15,16,24,25,26,27,34,35,36,37,44,45,46
554,15,16,24,25,26,27,34,35,36,37,44,45,46
555,15,16,24,25,26,27,34,35,36,37,44,45,46
556,15,16,24,25,26,27,34,35,36,37,44,45,46
557,15,16,23,24,25,26,33,34,35,36,44,45,46
558,15,16,23,24,25,26,33,34,35,36,44,45,46
559,15,16,23,24,25,26,33,34,35,36,44,45,46
560,15,16,23,24,25,26,33,34,35,36,44,45,46
561,14,15,16,23,24,25,26,33,34,35,36,44,45,46
562,14,15,16,23,24,25,26,33,34,35,36,44,45,46
563,14,15,16,23,24,25,26,33,34,35,36,43,44,45,46
564,14,15,16,23,24,25,26,33,34,35,36,43,44,45,46
565,14,15,23,24,25,26,33,34,35,36,43,44,45,46
566,14,15,23,24,25,26,33,34,35,36,43,44,45,46
567,14,15,23,24,25,26,33,34,35,36,43,44,45,46
568,14,15,23,24,25,26,33,34,35,36,43,44,45,46
569,14,15,23,24,25,26,33,34,35,36,43,44,45,46
570,14,15,23,24,25,26,33,34,35,36,43,44,45,46
571,14,15,23,24,25,26,33,34,35,36,43,44,45
572,14,15,23,24,25,26,33,34,35,36,43,44,45
573,14,15,23,24,25,26,33,34,35,36,43,44,45
574,14,15,23,24,25,26,33,34,35,36,43,44,45
575,14,15,22,23,24,25,32,33,34,35,43,44,45
576,14,15,22,23,24,25,32,33,34,35,43,44,45
577,13,14,15,22,23,24,25,32,33,34,35,43,44,45
578,13,14,15,22,23,24,25,32,33,34,35,43,44,45
579,13,14,15,22,23,24,25,32,33,34,35,43,44,45
580,13,14,15,22,23,24,25,32,33,34,35,43,44,45
581,13,14,15,22,23,24,25,32,33,34,35,42,43,44,45
582,13,14,15,22,23,24,25,32,33,34,35,42,43,44,45
583,13,14,22,23,24,25,32,33,34,35,42,43,44,45
584,13,14,22,23,24,25,32,33,34,35,42,43,44,45
585,12,13,14,22,23,24,25,32,33,34,35,42,43,44
586,12,13,14,22,23,24,25,32,33,34,35,42,43,44
587,12,13,14,22,23,24,25,32,33,34,35,42,43,44
588,12,13,14,22,23,24,25,32,33,34,35,42,43,44
589,12,13,14,22,23,24,25,32,33,34,35,42,43,44
590,12,13,14,22,23,24,25,32,33,34,35,42,43,44
591,12,13,14,22,23,24,32,33,34,42,43,44
592,12,13,14,22,23,24,32,33,34,42,43,44
593,12,13,14,21,22,23,24,31,32,33,34,42,43,44
594,12,13,14,21,22,23,24,31,32,33,34,42,43,44
595,12,13,14,21,22,23,24,31,32,33,34,42,43,44
596,12,13,14,21,22,23,24,31,32,33,34,42,43,44
597,12,13,14,21,22,23,24,31,32,33,34,42,43,44
598,12,13,14,21,22,23,24,31,32,33,34,42,43,44
599,12,13,14,21,22,23,24,31,32,33,34,42,43,44
600,12,13,14,21,22,23,24,31,32,33,34,42,43,44
601,12,13,14,21,22,23,24,31,32,33,34,41,42,43,44
602,12,13,14,21,22,23,24,31,32,33,34,41,42,43,44
603,11,12,13,21,22,23,24,31,32,33,34,41,42,43
604,11,12,13,21,22,23,24,31,32,33,34,41,42,43
605,11,12,13,21,22,23,24,31,32,33,34,41,42,43
606,11,12,13,21,22,23,24,31,32,33,34,41,42,43
607,11,12,13,21,22,23,24,31,32,33,34,41,42,43
608,11,12,13,21,22,23,24,31,32,33,34,41,42,43
609,11,12,13,21,22,23,24,31,32,33,34,41,42,43
610,11,12,13,21,22,23,24,31,32,33,34,41,42,43
611,11,12,13,21,22,23,24,31,32,33,34,41,42,43
612,11,12,13,21,22,23,24,31,32,33,34,41,42,43
613,11,12,13,21,22,23,24,31,32,33,34,41,42,43
614,11,12,13,21,22,23,24,31,32,33,34,41,42,43
615,11,12,13,21,22,23,24,31,32,33,34,41,42,43
616,11,12,13,21,22,23,24,31,32,33,34,41,42,43
617,11,12,13,21,22,23,24,31,32,33,34,41,42,43
618,11,12,13,21,22,23,24,31,32,33,34,41,42,43
619,11,12,13,21,22,23,24,31,32,33,34,41,42,43
620,11,12,13,21,22,23,24,31,32,33,34,41,42,43
621,11,12,13,21,22,23,24,31,32,33,34,41,42,43
622,11,12,13,21,22,23,24,31,32,33,34,41,42,43
623,11,12,13,21,22,23,31,32,33,41,42,43
624,11,12,13,21,22,23,31,32,33,41,42,43
625,11,12,13,21,22,23,31,32,33,41,42,43
626,11,12,13,21,22,23,31,32,33,41,42,43
627,11,12,13,21,22,23,30,31,32,33,40,41,42,43
628,11,12,13,21,22,23,30,31,32,33,40,41,42,43
629,11,12,13,21,22,23,30,31,32,33,40,41,42,43
630,11,12,13,21,22,23,30,31,32,33,40,41,42,43
631,11,12,13,21,22,23,30,31,32,33,40,41,42,43
632,11,12,13,21,22,23,30,31,32,33,40,41,42,43
633,11,12,13,21,22,23,30,31,32,33,40,41,42,43
634,11,12,13,21,22,23,30,31,32,33,40,41,42,43
635,11,12,13,21,22,23,30,31,32,33,40,41,42
636,11,12,13,21,22,23,30,31,32,33,40,41,42
637,11,12,13,21,22,23,30,31,32,33,40,41,42
638,11,12,13,21,22,23,30,31,32,33,40,41,42
639,11,12,13,21,22,23,30,31,32,33,40,41,42,43
640,11,12,13,21,22,23,30,31,32,33,40,41,42,43
641,11,12,13,21,22,23,30,31,32,33,40,41,42,43
642,11,12,13,21,22,23,30,31,32,33,40,41,42,43
643,12,13,21,22,23,31,32,33,41,42,43
644,12,13,21,22,23,31,32,33,41,42,43
645,12,13,21,22,23,24,31,32,33,34,41,42,43
646,12,13,21,22,23,24,31,32,33,34,41,42,43
647,12,13,21,22,23,24,31,32,33,34,41,42,43
648,12,13,21,22,23,24,31,32,33,34,41,42,43
649,12,13,21,22,23,24,31,32,33,34,41,42,43,44
650,12,13,21,22,23,24,31,32,33,34,41,42,43,44
651,12,13,21,22,23,24,31,32,33,34,41,42,43,44
652,12,13,21,22,23,24,31,32,33,34,41,42,43,44
653,12,13,21,22,23,24,31,32,33,34,41,42,43
654,12,13,21,22,23,24,31,32,33,34,41,42,43
655,12,13,21,22,23,24,31,32,33,34,41,42,43
656,12,13,21,22,23,24,31,32,33,34,41,42,43
657,12,13,21,22,23,24,31,32,33,34,41,42,43
658,12,13,21,22,23,24,31,32,33,34,41,42,43
659,12,13,21,22,23,24,31,32,33,34,41,42,43
660,12,13,21,22,23,24,31,32,33,34,41,42,43
661,12,13,21,22,23,31,32,33,41,42,43
662,12,13,21,22,23,31,32,33,41,42,43
663,12,13,21,22,23,30,31,32,33,40,41,42,43
664,12,13,21,22,23,30,31,32,33,40,41,42,43
665,11,12,13,21,22,23,30,31,32,33,40,41,42,43
666,11,12,13,21,22,23,30,31,32,33,40,41,42,43
667,11,12,13,21,22,23,30,31,32,33,40,41,42,43,50
668,11,12,13,21,22,23,30,31,32,33,40,41,42,43,50
669,11,12,21,22,23,30,31,32,33,40,41,42,43,50
670,11,12,21,22,23,30,31,32,33,40,41,42,43,50
671,11,12,21,22,23,30,31,32,33,40,41,42,43,50
672,11,12,21,22,23,30,31,32,33,40,41,42,43,50
673,11,12,21,22,23,30,31,32,33,40,41,42,43,50
674,11,12,21,22,23,30,31,32,33,40,41,42,43,50
675,11,12,21,22,23,30,31,32,33,40,41,42,43,50
676,11,12,21,22,23,30,31,32,33,40,41,42,43,50
677,11,12,21,22,23,30,31,32,33,40,41,42,43,50
678,11,12,21,22,23,30,31,32,33,40,41,42,43,50
679,11,12,21,22,23,30,31,32,33,40,41,42,43,50
680,11,12,21,22,23,30,31,32,33,40,41,42,43,50
681,11,12,21,22,23,30,31,32,33,40,41,42,43,50
682,11,12,21,22,23,30,31,32,33,40,41,42,43,50
683,11,12,20,21,22,30,31,32,40
684,11,12,20,21,22,30,31,32,40
685,11,12,20,21,22,30,31,32,40
686,11,12,20,21,22,30,31,32,40
687,11,12,20,21,22,30,31,32,40,41
688,11,12,20,21,22,30,31,32,40,41
689,11,12,20,21,22,30,31,32,40,41
690,11,12,20,21,22,30,31,32,40,41
691,11,12,20,21,22,30,31,32,40,41
692,11,12,20,21,22,30,31,32,40,41
693,11,12,20,21,22,30,31,32,40,41
694,11,12,20,21,22,30,31,32,40,41
695,11,12,20,21,22,29,30,31,32,39,40,41,50
696,11,12,20,21,22,29,30,31,32,39,40,41,50
697,11,12,19,20,21,22,29,30,31,32,39,40,41,50
698,11,12,19,20,21,22,29,30,31,32,39,40,41,50
699,11,12,19,20,21,22,29,30,31,32,39,40,41,50
700,11,12,19,20,21,22,29,30,31,32,39,40,41,50
701,11,12,19,20,21,22,29,30,31,32,39,40,41,50
702,11,12,19,20,21,22,29,30,31,32,39,40,41,50
703,11,12,19,20,21,22,29,30,31,32,39,40,41,50
704,11,12,19,20,21,22,29,30,31,32,39,40,41,50
705,11,19,20,21,22,29,30,31,32,39,40,41,50
706,11,19,20,21,22,29,30,31,32,39,40,41,50
707,11,19,20,21,22,29,30,31,32,39,40,41,50
708,11,19,20,21,22,29,30,31,32,39,40,41,50
709,11,19,20,21,22,29,30,31,32,39,40,41,50
710,11,19,20,21,22,29,30,31,32,39,40,41,50
711,11,19,20,21,22,29,30,31,32,39,40,41,50
712,11,19,20,21,22,29,30,31,32,39,40,41,50
713,11,19,20,21,22,29,30,31,32,39,40,41,50
714,11,19,20,21,22,29,30,31,32,39,40,41,50
715,11,19,20,21,22,29,30,31,32,39,40,41,50
716,11,19,20,21,22,29,30,31,32,39,40,41,50
717,11,19,20,21,22,29,30,31,32,39,40,41,50
718,11,19,20,21,22,29,30,31,32,39,40,41,50
719,11,12,19,20,21,22,29,30,31,32,39,40,41,50
720,11,12,19,20,21,22,29,30,31,32,39,40,41,50
721,11,12,19,20,21,22,29,30,31,32,39,40,41,50
722,11,12,19,20,21,22,29,30,31,32,39,40,41,50
723,11,12,19,20,21,22,29,30,31,32,39,40,41,50
724,11,12,19,20,21,22,29,30,31,32,39,40,41,50
725,11,12,19,20,21,22,29,30,31,32,39,40,41,50
726,11,12,19,20,21,22,29,30,31,32,39,40,41,50
727,11,12,19,20,21,22,29,30,31,32,39,40,41,50
728,11,12,19,20,21,22,29,30,31,32,39,40,41,50
729,11,12,19,20,21,22,29,30,31,32,39,40
730,11,12,19,20,21,22,29,30,31,32,39,40
731,11,12,19,20,21,22,29,30,31,32,39,40
732,11,12,19,20,21,22,29,30,31,32,39,40
733,11,12,19,20,21,22,29,30,31,32,39,40
734,11,12,19,20,21,22,29,30,31,32,39,40
735,11,12,19,20,21,22,29,30,31,32,39,40
736,11,12,19,20,21,22,29,30,31,32,39,40
737,11,12,19,20,21,22,29,30,31,32,39,40
738,11,12,19,20,21,22,29,30,31,32,39,40
739,11,12,19,20,21,22,29,30,31,32,39,40
740,11,12,19,20,21,22,29,30,31,32,39,40
741,10,11,12,19,20,21,22,29,30,31,32,39,40
742,10,11,12,19,20,21,22,29,30,31,32,39,40
743,10,11,12,19,20,21,22,29,30,31,32,39,40
744,10,11,12,19,20,21,22,29,30,31,32,39,40
745,10,11,12,19,20,21,22,29,30,31,32,39,40
746,10,11,12,19,20,21,22,29,30,31,32,39,40
747,11,12,19,20,21,22,29,30,31,32,39,40
748,11,12,19,20,21,22,29,30,31,32,39,40
749,11,12,19,20,21,22,29,30,31,32,39,40
750,11,12,19,20,21,22,29,30,31,32,39,40
751,11,12,19,20,21,22,29,30,31,32,39,40
752,11,12,19,20,21,22,29,30,31,32,39,40
753,11,12,19,20,21,22,29,30,31,32,39,40
754,11,12,19,20,21,22,29,30,31,32,39,40
755,11,12,19,20,21,22,29,30,31,32,39,40
756,11,12,19,20,21,22,29,30,31,32,39,40
757,11,12,19,20,21,22,29,30,31,32,39,40
758,11,12,19,20,21,22,29,30,31,32,39,40
759,11,12,19,20,21,22,29,30,31,39,40
760,11,12,19,20,21,22,29,30,31,39,40
761,11,12,19,20,21,22,29,30,31,39,40
762,11,12,19,20,21,22,29,30,31,39,40
763,11,12,19,20,21,22,29,30,31,39,40
764,11,12,19,20,21,22,29,30,31,39,40
765,10,11,12,19,20,21,22,29,30,31,39,40
766,10,11,12,19,20,21,22,29,30,31,39,40
767,10,11,12,19,20,21,22,29,30,31,39,40
768,10,11,12,19,20,21,22,29,30,31,39,40
769,10,11,12,19,20,21,22,29,30,31,39,40
770,10,11,12,19,20,21,22,29,30,31,39,40
771,10,11,12,19,20,21,22,29,30,31,39,40
772,10,11,12,19,20,21,22,29,30,31,39,40
773,10,11,12,19,20,21,22,29,30,31,39,40
774,10,11,12,19,20,21,22,29,30,31,39,40
775,10,11,12,19,20,21,22,29,30,31,39,40
776,10,11,12,19,20,21,22,29,30,31,39,40
777,10,11,12,19,20,21,22,29,30,31,39,40
778,10,11,12,19,20,21,22,29,30,31,39,40
779,10,11,12,19,20,21,22,29,30,31,39,40
780,10,11,12,19,20,21,22,29,30,31,39,40
781,10,11,12,19,20,21,22,29,30,31,39,40
782,10,11,12,19,20,21,22,29,30,31,39,40
783,10,11,12,19,20,21,22,29,30,31,39,40
784,10,11,12,19,20,21,22,29,30,31,39,40
785,10,11,12,19,20,21,22,29,30,31,39,40
786,10,11,12,19,20,21,22,29,30,31,39,40
787,10,11,12,19,20,21,22,29,30,31,39,40
788,10,11,12,19,20,21,22,29,30,31,39,40
789,10,11,12,19,20,21,22,29,30,31,39,40
790,10,11,12,19,20,21,22,29,30,31,39,40
791,10,11,12,19,20,21,22,29,30,31,39,40
792,10,11,12,19,20,21,22,29,30,31,39,40
793,10,11,12,19,20,21,22,29,30,31,39,40
794,10,11,12,19,20,21,22,29,30,31,39,40
795,10,11,12,19,20,21,22,29,30,31,39,40
796,10,11,12,19,20,21,22,29,30,31,39,40
797,10,11,12,19,20,21,22,29,30,31,39,40
798,10,11,12,19,20,21,22,29,30,31,39,40
799,10,11,12,19,20,21,22,29,30,31,39,40
800,10,11,12,19,20,21,22,29,30,31,39,40
801,10,11,12,19,20,21,22,29,30,31,39,40
802,10,11,12,19,20,21,22,29,30,31,39,40
803,10,11,12,19,20,21,22,29,30,31,39,40
804,10,11,12,19,20,21,22,29,30,31,39,40
805,10,11,12,19,20,21,22,29,30,31,39,40
806,10,11,12,19,20,21,22,29,30,31,39,40
807,10,11,12,19,20,21,22,29,30,31,39,40
808,10,11,12,19,20,21,22,29,30,31,39,40
809,10,11,12,19,20,21,22,29,30,31,39,40
810,10,11,12,19,20,21,22,29,30,31,39,40
811,10,11,12,19,20,21,22,29,30,31,39,40
812,10,11,12,19,20,21,22,29,30,31,39,40
813,10,11,12,19,20,21,22,29,30,31,39,40
814,10,11,12,19,20,21,22,29,30,31,39,40
815,10,11,12,19,20,21,22,29,30,31,39,40
816,10,11,12,19,20,21,22,29,30,31,39,40
817,10,11,12,19,20,21,22,29,30,31,39,40
818,10,11,12,19,20,21,22,29,30,31,39,40
819,10,11,12,19,20,21,22,29,30,31,32,39,40
820,10,11,12,19,20,21,22,29,30,31,32,39,40
821,1,10,11,12,19,20,21,22,29,30,31,32,39,40
822,1,10,11,12,19,20,21,22,29,30,31,32,39,40
823,1,10,11,12,19,20,21,22,29,30,31,32,39,40
824,1,10,11,12,19,20,21,22,29,30,31,32,39,40
825,1,10,11,12,19,20,21,22,29,30,31,32,39,40
826,1,10,11,12,19,20,21,22,29,30,31,32,39,40
827,1,10,11,12,19,20,21,22,29,30,31,32,39,40
828,1,10,11,12,19,20,21,22,29,30,31,32,39,40
829,1,2,10,11,12,19,20,21,22,29,30,31,32,40
830,1,2,10,11,12,19,20,21,22,29,30,31,32,40
831,1,2,10,11,12,19,20,21,22,29,30,31,32,40
832,1,2,10,11,12,19,20,21,22,29,30,31,32,40
833,1,2,10,11,12,19,20,21,22,29,30,31,32,40
834,1,2,10,11,12,19,20,21,22,29,30,31,32,40
835,1,2,10,11,12,20,21,22,30,31,32,40
836,1,2,10,11,12,20,21,22,30,31,32,40
837,1,2,10,11,12,20,21,22,30,31,32,40
838,1,2,10,11,12,20,21,22,30,31,32,40
839,1,2,10,11,12,13,20,21,22,23,30,31,32,40
840,1,2,10,11,12,13,20,21,22,23,30,31,32,40
841,11,12,20,21,22,23,30,31,32,33,40,41,42,50
842,11,12,20,21,22,23,30,31,32,33,40,41,42,50
843,11,12,20,21,22,23,30,31,32,33,40,41,42,50
844,11,12,20,21,22,23,30,31,32,33,40,41,42,50
845,11,12,20,21,22,23,30,31,32,33,40,41,42
846,11,12,20,21,22,23,30,31,32,33,40,41,42
847,11,12,20,21,22,23,30,31,32,33,40,41,42
848,11,12,20,21,22,23,30,31,32,33,40,41,42
849,11,12,20,21,22,23,30,31,32,33,40,41,42
850,11,12,20,21,22,23,30,31,32,33,40,41,42
851,11,12,20,21,22,23,30,31,32,33,40,41,42
852,11,12,20,21,22,23,30,31,32,33,40,41,42
853,11,12,13,20,21,22,23,30,31,32,33,40,41,42
854,11,12,13,20,21,22,23,30,31,32,33,40,41,42
855,11,12,13,20,21,22,23,30,31,32,33,40,41,42
856,11,12,13,20,21,22,23,30,31,32,33,40,41,42
857,11,12,13,20,21,22,23,30,31,32,33,40,41,42
858,11,12,13,20,21,22,23,30,31,32,33,40,41,42
859,11,12,13,20,21,22,23,30,31,32,33,40,41,42
860,11,12,13,20,21,22,23,30,31,32,33,40,41,42
861,11,12,13,20,21,22,23,30,31,32,33,40,41,42
862,11,12,13,20,21,22,23,30,31,32,33,40,41,42
863,11,12,13,20,21,22,23,30,31,32,33,40,41,42
864,11,12,13,20,21,22,23,30,31,32,33,40,41,42
865,11,12,13,20,21,22,23,30,31,32,33,40,41,42
866,11,12,13,20,21,22,23,30,31,32,33,40,41,42
867,11,12,13,20,21,22,23,30,31,32,33,40,41,42
868,11,12,13,20,21,22,23,30,31,32,33,40,41,42
869,11,12,13,20,21,22,23,30,31,32,33,40,41,42
870,11,12,13,20,21,22,23,30,31,32,33,40,41,42
871,11,12,13,20,21,22,23,30,31,32,33,40,41,42
872,11,12,13,20,21,22,23,30,31,32,33,40,41,42
873,11,12,13,20,21,22,23,30,31,32,33,40,41,42
874,11,12,13,20,21,22,23,30,31,32,33,40,41,42
875,11,12,13,20,21,22,23,30,31,32,33,40,41,42
876,11,12,13,20,21,22,23,30,31,32,33,40,41,42
877,11,12,13,20,21,22,23,30,31,32,33,40
878,11,12,13,20,21,22,23,30,31,32,33,40
879,11,12,13,20,21,22,23,30,31,32,33,40
880,11,12,13,20,21,22,23,30,31,32,33,40
881,11,12,13,20,21,22,23,30,31,32,33,40
882,11,12,13,20,21,22,23,30,31,32,33,40
883,11,12,13,20,21,22,23,30,31,32,33,40
884,11,12,13,20,21,22,23,30,31,32,33,40
885,11,12,13,20,21,22,23,30,31,32,33,40
886,11,12,13,20,21,22,23,30,31,32,33,40
887,11,12,13,20,21,22,23,30,31,32,33,40
888,11,12,13,20,21,22,23,30,31,32,33,40
889,11,12,13,20,21,22,23,30,31,32,33,40,41,42
890,11,12,13,20,21,22,23,30,31,32,33,40,41,42
891,11,12,13,20,21,22,23,30,31,32,33,40,41,42
892,11,12,13,20,21,22,23,30,31,32,33,40,41,42
893,11,12,13,20,21,22,23,30,31,32,33,40,41,42
894,11,12,13,20,21,22,23,30,31,32,33,40,41,42
895,11,12,13,21,22,23,30,31,32,33,40,41,42
896,11,12,13,21,22,23,30,31,32,33,40,41,42
897,11,12,13,21,22,23,31,32,33,42
898,11,12,13,21,22,23,31,32,33,42
899,11,12,13,21,22,23,24,31,32,33,42,43
900,11,12,13,21,22,23,24,31,32,33,42,43
901,11,12,13,21,22,23,24,31,32,33,34,42,43
902,11,12,13,21,22,23,24,31,32,33,34,42,43
903,11,12,13,14,21,22,23,24,31,32,33,34,42,43
904,11,12,13,14,21,22,23,24,31,32,33,34,42,43
905,11,12,13,14,21,22,23,24,31,32,33,34,42,43
906,11,12,13,14,21,22,23,24,31,32,33,34,42,43
907,12,13,14,21,22,23,24,31,32,33,34,42,43
908,12,13,14,21,22,23,24,31,32,33,34,42,43
909,12,13,14,22,23,24,32,33,34,43
910,12,13,14,22,23,24,32,33,34,43
911,12,13,14,22,23,24,25,32,33,34,35,43,44
912,12,13,14,22,23,24,25,32,33,34,35,43,44
913,12,13,14,22,23,24,25,32,33,34,35,43,44
914,12,13,14,22,23,24,25,32,33,34,35,43,44
915,12,13,14,15,22,23,24,25,32,33,34,35,43,44
916,12,13,14,15,22,23,24,25,32,33,34,35,43,44
917,12,13,14,15,22,23,24,25,32,33,34,35,43,44
918,12,13,14,15,22,23,24,25,32,33,34,35,43,44
919,12,13,14,15,22,23,24,25,32,33,34,35,43,44
920,12,13,14,15,22,23,24,25,32,33,34,35,43,44
921,12,13,14,15,22,23,24,25,32,33,34,35,43,44
922,12,13,14,15,22,23,24,25,32,33,34,35,43,44
923,13,14,15,22,23,24,25,32,33,34,35,43,44
924,13,14,15,22,23,24,25,32,33,34,35,43,44
925,13,14,15,22,23,24,25,32,33,34,35,43,44,45
926,13,14,15,22,23,24,25,32,33,34,35,43,44,45
927,13,14,15,22,23,24,25,32,33,34,35,43,44,45
928,13,14,15,22,23,24,25,32,33,34,35,43,44,45
929,13,14,15,22,23,24,25,32,33,34,35,43,44,45
930,13,14,15,22,23,24,25,32,33,34,35,43,44,45
931,13,14,15,23,24,25,33,34,35,43,44,45
932,13,14,15,23,24,25,33,34,35,43,44,45
933,13,14,15,23,24,25,26,33,34,35,36,43,44,45
934,13,14,15,23,24,25,26,33,34,35,36,43,44,45
935,13,14,15,23,24,25,26,33,34,35,36,43,44,45
936,13,14,15,23,24,25,26,33,34,35,36,43,44,45
937,13,14,15,23,24,25,26,33,34,35,36,43,44,45
938,13,14,15,23,24,25,26,33,34,35,36,43,44,45
939,13,14,15,16,23,24,25,26,33,34,35,36,43,44,45
940,13,14,15,16,23,24,25,26,33,34,35,36,43,44,45
941,14,15,16,23,24,25,26,33,34,35,36,44,45,46
942,14,15,16,23,24,25,26,33,34,35,36,44,45,46
943,14,15,16,23,24,25,26,33,34,35,36,44,45,46
944,14,15,16,23,24,25,26,33,34,35,36,44,45,46
945,14,15,16,23,24,25,26,33,34,35,36,44,45,46
946,14,15,16,23,24,25,26,33,34,35,36,44,45,46
947,14,15,16,23,24,25,26,33,34,35,36,44,45,46
948,14,15,16,23,24,25,26,33,34,35,36,44,45,46
949,14,15,16,23,24,25,26,33,34,35,36,44,45,46
950,14,15,16,23,24,25,26,33,34,35,36,44,45,46
951,14,15,16,24,25,26,34,35,36,44,45,46
952,14,15,16,24,25,26,34,35,36,44,45,46
953,14,15,16,24,25,26,34,35,36,44,45,46
954,14,15,16,24,25,26,34,35,36,44,45,46
955,14,15,16,24,25,26,27,34,35,36,37,44,45,46
956,14,15,16,24,25,26,27,34,35,36,37,44,45,46
957,14,15,16,24,25,26,27,34,35,36,37,44,45,46
958,14,15,16,24,25,26,27,34,35,36,37,44,45,46
959,14,15,16,24,25,26,27,34,35,36,37,44,45,46
960,14,15,16,24,25,26,27,34,35,36,37,44,45,46
961,14,15,16,24,25,26,27,34,35,36,37,44,45,46
962,14,15,16,24,25,26,27,34,35,36,37,44,45,46
963,14,15,16,24,25,26,27,34,35,36,37,44,45,46
964,14,15,16,24,25,26,27,34,35,36,37,44,45,46
965,14,15,16,24,25,26,27,34,35,36,37,44,45,46,47
966,14,15,16,24,25,26,27,34,35,36,37,44,45,46,47
967,15,16,24,25,26,27,34,35,36,37,44,45,46,47
968,15,16,24,25,26,27,34,35,36,37,44,45,46,47
969,15,16,24,25,26,27,34,35,36,37,44,45,46,47
970,15,16,24,25,26,27,34,35,36,37,44,45,46,47
971,15,16,24,25,26,27,34,35,36,37,44,45,46,47
972,15,16,24,25,26,27,34,35,36,37,44,45,46,47
973,16,24,25,26,27,34,35,36,37,44,45,46,47
974,16,24,25,26,27,34,35,36,37,44,45,46,47
975,16,24,25,26,27,34,35,36,37,44,45,46,47
976,16,24,25,26,27,34,35,36,37,44,45,46,47
977,16,24,25,26,27,34,35,36,37,44,45,46,47
978,16,24,25,26,27,34,35,36,37,44,45,46,47
979,16,24,25,26,27,34,35,36,37,38,44,45,46,47,48
980,16,24,25,26,27,34,35,36,37,38,44,45,46,47,48
981,16,24,25,26,27,34,35,36,37,38,44,45,46,47,48
982,16,24,25,26,27,34,35,36,37,38,44,45,46,47,48
983,16,24,25,26,27,34,35,36,37,38,44,45,46,47,48
984,16,24,25,26,27,34,35,36,37,38,44,45,46,47,48
985,16,25,26,27,28,34,35,36,37,38,44,45,46,47,48
986,16,25,26,27,28,34,35,36,37,38,44,45,46,47,48
987,16,25,26,27,28,34,35,36,37,38,44,45,46,47,48
988,16,25,26,27,28,34,35,36,37,38,44,45,46,47,48
989,25,26,27,28,34,35,36,37,38,44,45,46,47,48
990,25,26,27,28,34,35,36,37,38,44,45,46,47,48
991,25,26,27,28,34,35,36,37,38,44,45,46,47,48
992,25,26,27,28,34,35,36,37,38,44,45,46,47,48
993,25,26,27,28,34,35,36,37,38,44,45,46,47,48
994,25,26,27,28,34,35,36,37,38,44,45,46,47,48
995,25,26,27,28,34,35,36,37,38,44,45,46,47,48,49
996,25,26,27,28,34,35,36,37,38,44,45,46,47,48,49
997,25,26,27,28,34,35,36,37,38,41,44,45,46,47,48,49
998,25,26,27,28,34,35,36,37,38,41,44,45,46,47,48,49
999,25,26,27,28,35,36,37,38,41,42,43,44,45,46,47,48,49,50
1000,25,26,27,28,35,36,37,38,41,42,43,44,45,46,47,48,49,50
1001,25,26,27,28,35,36,37,38,41,42,43,44,45,46,47,48,49,50
1002,25,26,27,28,35,36,37,38,41,42,43,44,45,46,47,48,49,50
1003,25,26,27,28,35,36,37,38,41,42,43,44,45,46,47,48,49,50
1004,25,26,27,28,35,36,37,38,41,42,43,44,45,46,47,48,49,50
1005,25,26,27,28,35,36,37,38,41,42,43,44,45,46,47,48,49,50
1006,25,26,27,28,35,36,37,38,41,42,43,44,45,46,47,48,49,50
1007,25,26,27,28,35,36,37,38,39,41,42,43,44,45,46,47,48,49,50
1008,25,26,27,28,35,36,37,38,39,41,42,43,44,45,46,47,48,49,50
1009,25,26,27,28,35,36,37,38,39,41,42,43,44,45,46,47,48,49,50
1010,25,26,27,28,35,36,37,38,39,41,42,43,44,45,46,47,48,49,50
1011,25,26,27,28,35,36,37,38,39,41,42,43,44,45,46,47,48,49,50
1012,25,26,27,28,35,36,37,38,39,41,42,43,44,45,46,47,48,49,50
1013,25,26,27,28,35,36,37,38,39,41,42,43,44,45,46,47,48,49,50
1014,25,26,27,28,35,36,37,38,39,41,42,43,44,45,46,47,48,49,50
1015,25,26,27,28,35,36,37,38,39,41,42,43,44,45,46,47,48,49,50
1016,25,26,27,28,35,36,37,38,39,41,42,43,44,45,46,47,48,49,50
1017,25,26,27,28,35,36,37,38,39,41,42,43,44,45,46,47,48,49,50
1018,25,26,27,28,35,36,37,38,39,41,42,43,44,45,46,47,48,49,50
1019,25,26,27,28,35,36,37,38,39,41,42,43,44,45,46,47,48,49,50
1020,25,26,27,28,35,36,37,38,39,41,42,43,44,45,46,47,48,49,50
1021,25,26,27,28,35,36,37,38,39,45,46,47,48,49
1022,25,26,27,28,35,36,37,38,39,45,46,47,48,49
1023,25,26,27,28,35,36,37,38,39,45,46,47,48,49
1024,25,26,27,28,35,36,37,38,39,45,46,47,48,49
1025,17,25,26,27,28,35,36,37,38,39,45,46,47,48,49
1026,17,25,26,27,28,35,36,37,38,39,45,46,47,48,49
1027,17,25,26,27,28,35,36,37,38,39,45,46,47,48,49
1028,17,25,26,27,28,35,36,37,38,39,45,46,47,48,49
1029,17,25,26,27,28,35,36,37,38,45,46,47,48
1030,17,25,26,27,28,35,36,37,38,45,46,47,48
1031,17,25,26,27,28,35,36,37,38,45,46,47,48
1032,17,25,26,27,28,35,36,37,38,45,46,47,48
1033,17,25,26,27,28,35,36,37,38,45,46,47,48
1034,17,25,26,27,28,35,36,37,38,45,46,47,48
1035,17,25,26,27,28,35,36,37,38,45,46,47,48
1036,17,25,26,27,28,35,36,37,38,45,46,47,48
1037,17,25,26,27,28,35,36,37,38,45,46,47,48
1038,17,25,26,27,28,35,36,37,38,45,46,47,48
1039,17,25,26,27,28,35,36,37,38,45,46,47,48
1040,17,25,26,27,28,35,36,37,38,45,46,47,48
1041,17,25,26,27,28,35,36,37,38,45,46,47,48
1042,17,25,26,27,28,35,36,37,38,45,46,47,48
1043,17,25,26,27,28,35,36,37,38,45,46,47,48
1044,17,25,26,27,28,35,36,37,38,45,46,47,48
1045,17,25,26,27,28,35,36,37,38,45,46,47,48
1046,17,25,26,27,28,35,36,37,38,45,46,47,48
1047,17,25,26,27,28,35,36,37,38,45,46,47,48
1048,17,25,26,27,28,35,36,37,38,45,46,47,48
1049,17,25,26,27,28,35,36,37,38,45,46,47,48
1050,17,25,26,27,28,35,36,37,38,45,46,47,48
1051,17,25,26,27,28,35,36,37,38,45,46,47,48
1052,17,25,26,27,28,35,36,37,38,45,46,47,48
1053,16,17,25,26,27,28,35,36,37,38,45,46,47,48
1054,16,17,25,26,27,28,35,36,37,38,45,46,47,48
1055,16,17,25,26,27,28,35,36,37,38,45,46,47,48
1056,16,17,25,26,27,28,35,36,37,38,45,46,47,48
1057,16,17,25,26,27,28,35,36,37,38,45,46,47,48
1058,16,17,25,26,27,28,35,36,37,38,45,46,47,48
1059,16,17,25,26,27,28,35,36,37,38,45,46,47,48
1060,16,17,25,26,27,28,35,36,37,38,45,46,47,48
1061,16,17,25,26,27,28,35,36,37,38,45,46,47,48
1062,16,17,25,26,27,28,35,36,37,38,45,46,47,48
1063,16,17,25,26,27,28,35,36,37,38,45,46,47,48
1064,16,17,25,26,27,28,35,36,37,38,45,46,47,48
1065,16,17,25,26,27,28,35,36,37,38,45,46,47,48
1066,16,17,25,26,27,28,35,36,37,38,45,46,47,48
1067,16,17,25,26,27,28,35,36,37,38,45,46,47,48
1068,16,17,25,26,27,28,35,36,37,38,45,46,47,48
1069,16,17,25,26,27,28,35,36,37,38,45,46,47,48
1070,16,17,25,26,27,28,35,36,37,38,45,46,47,48
1071,16,17,25,26,27,28,35,36,37,38,45,46,47,48
1072,16,17,25,26,27,28,35,36,37,38,45,46,47,48
1073,16,17,25,26,27,28,35,36,37,38,45,46,47,48
1074,16,17,25,26,27,28,35,36,37,38,45,46,47,48
1075,16,17,25,26,27,28,35,36,37,38,45,46,47,48
1076,16,17,25,26,27,28,35,36,37,38,45,46,47,48
1077,17,25,26,27,28,35,36,37,38,45,46,47,48
1078,17,25,26,27,28,35,36,37,38,45,46,47,48
1079,17,25,26,27,28,35,36,37,38,45,46,47,48
1080,17,25,26,27,28,35,36,37,38,45,46,47,48
1081,17,18,25,26,27,28,35,36,37,38,45,46,47,48
1082,17,18,25,26,27,28,35,36,37,38,45,46,47,48
1083,17,18,25,26,27,28,35,36,37,38,46,47,48
1084,17,18,25,26,27,28,35,36,37,38,46,47,48
1085,17,18,25,26,27,28,35,36,37,38,39,46,47,48
1086,17,18,25,26,27,28,35,36,37,38,39,46,47,48
1087,17,18,26,27,28,35,36,37,38,39,46,47,48
1088,17,18,26,27,28,35,36,37,38,39,46,47,48
1089,17,18,26,27,28,29,36,37,38,39,46,47,48
1090,17,18,26,27,28,29,36,37,38,39,46,47,48
1091,17,18,26,27,28,29,36,37,38,39,46,47,48
1092,17,18,26,27,28,29,36,37,38,39,46,47,48
1093,17,18,26,27,28,35,36,37,38,39,46,47,48
1094,17,18,26,27,28,35,36,37,38,39,46,47,48
1095,17,18,26,27,28,35,36,37,38,39,46,47,48
1096,17,18,26,27,28,35,36,37,38,39,46,47,48
1097,17,18,26,27,28,35,36,37,38,46,47,48
1098,17,18,26,27,28,35,36,37,38,46,47,48
1099,17,18,26,27,28,35,36,37,38,39,46,47,48
1100,17,18,26,27,28,35,36,37,38,39,46,47,48
1101,17,18,26,27,28,35,36,37,38,39,46,47,48
1102,17,18,26,27,28,35,36,37,38,39,46,47,48
1103,17,18,26,27,28,35,36,37,38,39,46,47,48
1104,17,18,26,27,28,35,36,37,38,39,46,47,48
1105,17,18,26,27,28,29,36,37,38,39,46,47,48
1106,17,18,26,27,28,29,36,37,38,39,46,47,48
1107,17,18,26,27,28,29,36,37,38,39,46,47,48
1108,17,18,26,27,28,29,36,37,38,39,46,47,48
1109,17,18,26,27,28,29,36,37,38,39,46,47,48
1110,17,18,26,27,28,29,36,37,38,39,46,47,48
1111,17,18,26,27,28,36,37,38,39,46,47,48
1112,17,18,26,27,28,36,37,38,39,46,47,48
1113,17,18,26,27,28,36,37,38,39,46,47,48
1114,17,18,26,27,28,36,37,38,39,46,47,48
1115,17,18,26,27,28,35,36,37,38,39,46,47,48
1116,17,18,26,27,28,35,36,37,38,39,46,47,48
1117,17,18,26,27,28,35,36,37,38,39,46,47,48
1118,17,18,26,27,28,35,36,37,38,39,46,47,48
1119,17,18,25,26,27,28,35,36,37,38,46,47,48
1120,17,18,25,26,27,28,35,36,37,38,46,47,48
1121,17,18,25,26,27,28,35,36,37,38,46,47,48
1122,17,18,25,26,27,28,35,36,37,38,46,47,48
1123,16,17,18,25,26,27,28,35,36,37,38,46,47,48
1124,16,17,18,25,26,27,28,35,36,37,38,46,47,48
1125,16,17,18,25,26,27,28,35,36,37,38,46,47,48
1126,16,17,18,25,26,27,28,35,36,37,38,46,47,48
1127,16,17,18,25,26,27,28,35,36,37,38,45,46,47,48
1128,16,17,18,25,26,27,28,35,36,37,38,45,46,47,48
1129,16,17,18,25,26,27,28,35,36,37,38,45,46,47,48
1130,16,17,18,25,26,27,28,35,36,37,38,45,46,47,48
1131,16,17,18,25,26,27,28,35,36,37,38,45,46,47,48
1132,16,17,18,25,26,27,28,35,36,37,38,45,46,47,48
1133,16,17,18,25,26,27,28,35,36,37,38,45,46,47,48
1134,16,17,18,25,26,27,28,35,36,37,38,45,46,47,48
1135,16,17,25,26,27,28,35,36,37,38,45,46,47,48
1136,16,17,25,26,27,28,35,36,37,38,45,46,47,48
1137,16,17,25,26,27,28,35,36,37,38,45,46,47,48
1138,16,17,25,26,27,28,35,36,37,38,45,46,47,48
1139,16,17,25,26,27,28,35,36,37,38,45,46,47,48
1140,16,17,25,26,27,28,35,36,37,38,45,46,47,48
1141,16,17,25,26,27,28,35,36,37,38,45,46,47,48
1142,16,17,25,26,27,28,35,36,37,38,45,46,47,48
1143,16,17,25,26,27,28,35,36,37,38,45,46,47
1144,16,17,25,26,27,28,35,36,37,38,45,46,47
1145,16,17,25,26,27,28,35,36,37,38,45,46,47
1146,16,17,25,26,27,28,35,36,37,38,45,46,47
1147,16,17,25,26,27,28,35,36,37,38,45,46,47
1148,16,17,25,26,27,28,35,36,37,38,45,46,47
1149,16,17,25,26,27,35,36,37,45,46,47
1150,16,17,25,26,27,35,36,37,45,46,47
1151,16,17,25,26,27,35,36,37,45,46,47
1152,16,17,25,26,27,35,36,37,45,46,47
1153,15,16,17,25,26,27,34,35,36,37,45,46,47
1154,15,16,17,25,26,27,34,35,36,37,45,46,47
1155,15,16,17,25,26,27,35,36,37,45,46,47
1156,15,16,17,25,26,27,35,36,37,45,46,47
1157,15,16,17,25,26,27,35,36,37,45,46,47
1158,15,16,17,25,26,27,35,36,37,45,46,47
1159,15,16,17,25,26,27,35,36,37,45,46,47
1160,15,16,17,25,26,27,35,36,37,45,46,47
1161,15,16,17,25,26,27,35,36,37,45,46,47
1162,15,16,17,25,26,27,35,36,37,45,46,47
1163,15,16,17,25,26,27,28,35,36,37,38,45,46,47
1164,15,16,17,25,26,27,28,35,36,37,38,45,46,47
1165,15,16,17,25,26,27,28,35,36,37,38,45,46,47
1166,15,16,17,25,26,27,28,35,36,37,38,45,46,47
1167,16,17,25,26,27,28,35,36,37,38,45,46,47
1168,16,17,25,26,27,28,35,36,37,38,45,46,47
1169,16,17,25,26,27,28,35,36,37,38,45,46,47
1170,16,17,25,26,27,28,35,36,37,38,45,46,47
1171,16,17,25,26,27,28,35,36,37,38,45,46,47
1172,16,17,25,26,27,28,35,36,37,38,45,46,47
1173,16,17,25,26,27,28,35,36,37,38,45,46,47
1174,16,17,25,26,27,28,35,36,37,38,45,46,47
1175,16,17,25,26,27,28,35,36,37,38,45,46,47
1176,16,17,25,26,27,28,35,36,37,38,45,46,47
1177,16,17,25,26,27,28,35,36,37,38,45,46,47
1178,16,17,25,26,27,28,35,36,37,38,45,46,47
1179,15,16,17,25,26,27,28,35,36,37,38,45,46,47
1180,15,16,17,25,26,27,28,35,36,37,38,45,46,47
1181,15,16,17,25,26,27,28,35,36,37,38,45,46,47
1182,15,16,17,25,26,27,28,35,36,37,38,45,46,47
1183,16,17,25,26,27,28,35,36,37,38,45,46,47
1184,16,17,25,26,27,28,35,36,37,38,45,46,47
1185,16,17,25,26,27,28,35,36,37,38,45,46,47
1186,16,17,25,26,27,28,35,36,37,38,45,46,47
1187,16,17,25,26,27,28,35,36,37,38,45,46,47
1188,16,17,25,26,27,28,35,36,37,38,45,46,47
1189,16,17,25,26,27,28,35,36,37,38,45,46,47
1190,16,17,25,26,27,28,35,36,37,38,45,46,47
1191,16,17,25,26,27,28,35,36,37,38,45,46,47
1192,16,17,25,26,27,28,35,36,37,38,45,46,47
1193,16,17,25,26,27,28,35,36,37,38,45,46,47
1194,16,17,25,26,27,28,35,36,37,38,45,46,47
1195,16,17,25,26,27,28,35,36,37,38,45,46,47
1196,16,17,25,26,27,28,35,36,37,38,45,46,47
1197,16,17,25,26,27,35,36,37,45,46,47
1198,16,17,25,26,27,35,36,37,45,46,47
1199,15,16,17,24,25,26,27,34,35,36,37,45,46,47
1200,15,16,17,24,25,26,27,34,35,36,37,45,46,47
1201,15,16,24,25,26,27,34,35,36,37,44,45,46,47
1202,15,16,24,25,26,27,34,35,36,37,44,45,46,47
1203,15,16,24,25,26,27,34,35,36,37,44,45,46,47
1204,15,16,24,25,26,27,34,35,36,37,44,45,46,47
1205,15,16,24,25,26,27,34,35,36,37,44,45,46,47
1206,15,16,24,25,26,27,34,35,36,37,44,45,46,47
1207,15,16,24,25,26,27,34,35,36,37,44,45,46
1208,15,16,24,25,26,27,34,35,36,37,44,45,46
1209,15,16,24,25,26,34,35,36,37,44,45,46
1210,15,16,24,25,26,34,35,36,37,44,45,46
1211,15,16,23,24,25,26,33,34,35,36,44,45,46
1212,15,16,23,24,25,26,33,34,35,36,44,45,46
1213,15,16,23,24,25,26,33,34,35,36,44,45,46
1214,15,16,23,24,25,26,33,34,35,36,44,45,46
1215,15,16,23,24,25,26,33,34,35,36,44,45,46
1216,15,16,23,24,25,26,33,34,35,36,44,45,46
1217,14,15,16,23,24,25,26,33,34,35,36,43,44,45,46
1218,14,15,16,23,24,25,26,33,34,35,36,43,44,45,46
1219,14,15,16,23,24,25,26,33,34,35,36,43,44,45,46
1220,14,15,16,23,24,25,26,33,34,35,36,43,44,45,46
1221,14,15,23,24,25,26,33,34,35,36,43,44,45,46
1222,14,15,23,24,25,26,33,34,35,36,43,44,45,46
1223,14,15,23,24,25,26,33,34,35,36,43,44,45,46
1224,14,15,23,24,25,26,33,34,35,36,43,44,45,46
1225,14,15,23,24,25,26,33,34,35,36,43,44,45,46
1226,14,15,23,24,25,26,33,34,35,36,43,44,45,46
1227,14,15,23,24,25,26,33,34,35,36,43,44,45,46
1228,14,15,23,24,25,26,33,34,35,36,43,44,45,46
1229,14,15,23,24,25,26,33,34,35,36,43,44,45,46
1230,14,15,23,24,25,26,33,34,35,36,43,44,45,46
1231,14,15,23,24,25,26,33,34,35,36,43,44,45,46
1232,14,15,23,24,25,26,33,34,35,36,43,44,45,46
1233,14,15,23,24,25,26,33,34,35,36,43,44,45,46
1234,14,15,23,24,25,26,33,34,35,36,43,44,45,46
1235,14,15,23,24,25,26,33,34,35,36,43,44,45
1236,14,15,23,24,25,26,33,34,35,36,43,44,45
1237,14,15,23,24,25,26,33,34,35,36,43,44,45
1238,14,15,23,24,25,26,33,34,35,36,43,44,45
1239,14,15,23,24,25,26,33,34,35,36,43,44,45
1240,14,15,23,24,25,26,33,34,35,36,43,44,45
1241,14,15,23,24,25,33,34,35,36,43,44,45
1242,14,15,23,24,25,33,34,35,36,43,44,45
1243,14,15,23,24,25,32,33,34,35,43,44,45
1244,14,15,23,24,25,32,33,34,35,43,44,45
1245,14,15,22,23,24,25,32,33,34,35,43,44,45
1246,14,15,22,23,24,25,32,33,34,35,43,44,45
1247,13,14,15,22,23,24,25,32,33,34,35,43,44,45
1248,13,14,15,22,23,24,25,32,33,34,35,43,44,45
1249,13,14,15,22,23,24,25,32,33,34,35,43,44,45
1250,13,14,15,22,23,24,25,32,33,34,35,43,44,45
1251,13,14,15,22,23,24,25,32,33,34,35,42,43,44,45
1252,13,14,15,22,23,24,25,32,33,34,35,42,43,44,45
1253,13,14,15,22,23,24,25,32,33,34,35,42,43,44,45
1254,13,14,15,22,23,24,25,32,33,34,35,42,43,44,45
1255,13,14,15,22,23,24,25,32,33,34,35,42,43,44,45
1256,13,14,15,22,23,24,25,32,33,34,35,42,43,44,45
1257,13,14,15,22,23,24,25,32,33,34,35,42,43,44,45
1258,13,14,15,22,23,24,25,32,33,34,35,42,43,44,45
1259,13,14,15,22,23,24,25,32,33,34,35,42,43,44,45
1260,13,14,15,22,23,24,25,32,33,34,35,42,43,44,45
1261,13,14,22,23,24,25,32,33,34,35,42,43,44,45
1262,13,14,22,23,24,25,32,33,34,35,42,43,44,45
1263,13,14,22,23,24,25,32,33,34,35,42,43,44,45
1264,13,14,22,23,24,25,32,33,34,35,42,43,44,45
1265,13,14,22,23,24,25,32,33,34,35,42,43,44,45
1266,13,14,22,23,24,25,32,33,34,35,42,43,44,45
1267,13,14,22,23,24,25,32,33,34,35,42,43,44,45
1268,13,14,22,23,24,25,32,33,34,35,42,43,44,45
1269,13,14,15,22,23,24,25,32,33,34,35,42,43,44,45
1270,13,14,15,22,23,24,25,32,33,34,35,42,43,44,45
1271,13,14,15,22,23,24,25,32,33,34,35,42,43,44,45
1272,13,14,15,22,23,24,25,32,33,34,35,42,43,44,45
1273,13,14,15,22,23,24,25,32,33,34,35,42,43,44,45
1274,13,14,15,22,23,24,25,32,33,34,35,42,43,44,45
1275,13,14,15,22,23,24,25,32,33,34,35,43,44,45
1276,13,14,15,22,23,24,25,32,33,34,35,43,44,45
1277,13,14,15,22,23,24,25,32,33,34,35,43,44,45
1278,13,14,15,22,23,24,25,32,33,34,35,43,44,45
1279,13,14,15,22,23,24,25,32,33,34,35,43,44,45
1280,13,14,15,22,23,24,25,32,33,34,35,43,44,45
1281,13,14,15,22,23,24,25,32,33,34,35,43,44,45
1282,13,14,15,22,23,24,25,32,33,34,35,43,44,45
1283,14,15,23,24,25,33,34,35,43,44,45
1284,14,15,23,24,25,33,34,35,43,44,45
1285,14,15,23,24,25,26,33,34,35,36,43,44,45
1286,14,15,23,24,25,26,33,34,35,36,43,44,45
1287,14,15,23,24,25,26,33,34,35,36,43,44,45
1288,14,15,23,24,25,26,33,34,35,36,43,44,45
1289,14,15,23,24,25,26,33,34,35,36,43,44,45,46
1290,14,15,23,24,25,26,33,34,35,36,43,44,45,46
1291,14,15,23,24,25,26,33,34,35,36,43,44,45,46
1292,14,15,23,24,25,26,33,34,35,36,43,44,45,46
1293,14,15,23,24,25,26,33,34,35,36,43,44,45,46
1294,14,15,23,24,25,26,33,34,35,36,43,44,45,46
1295,14,15,23,24,25,26,33,34,35,36,43,44,45,46
1296,14,15,23,24,25,26,33,34,35,36,43,44,45,46
1297,14,15,23,24,25,26,33,34,35,36,43,44,45,46
1298,14,15,23,24,25,26,33,34,35,36,43,44,45,46
1299,14,15,23,24,25,26,33,34,35,36,43,44,45,46
1300,14,15,23,24,25,26,33,34,35,36,43,44,45,46
1301,14,15,23,24,25,26,33,34,35,36,43,44,45,46
1302,14,15,23,24,25,26,33,34,35,36,43,44,45,46
1303,14,15,23,24,25,26,33,34,35,36,43,44,45,46
1304,14,15,23,24,25,26,33,34,35,36,43,44,45,46
1305,14,15,23,24,25,26,33,34,35,36,43,44,45,46
1306,14,15,23,24,25,26,33,34,35,36,43,44,45,46
1307,14,15,23,24,25,26,33,34,35,36,43,44,45,46
1308,14,15,23,24,25,26,33,34,35,36,43,44,45,46
1309,14,15,23,24,25,26,33,34,35,36,43,44,45,46
1310,14,15,23,24,25,26,33,34,35,36,43,44,45,46
1311,14,15,23,24,25,26,33,34,35,36,43,44,45,46
1312,14,15,23,24,25,26,33,34,35,36,43,44,45,46
1313,14,15,23,24,25,26,33,34,35,36,43,44,45
1314,14,15,23,24,25,26,33,34,35,36,43,44,45
1315,14,15,23,24,25,26,33,34,35,36,43,44,45
1316,14,15,23,24,25,26,33,34,35,36,43,44,45
1317,14,15,23,24,25,26,33,34,35,36,43,44,45
1318,14,15,23,24,25,26,33,34,35,36,43,44,45
1319,14,15,23,24,25,26,33,34,35,36,43,44,45,46
1320,14,15,23,24,25,26,33,34,35,36,43,44,45,46
1321,14,15,23,24,25,26,33,34,35,36,43,44,45,46
1322,14,15,23,24,25,26,33,34,35,36,43,44,45,46
1323,14,15,16,23,24,25,26,33,34,35,36,44,45,46
1324,14,15,16,23,24,25,26,33,34,35,36,44,45,46
1325,15,16,23,24,25,26,33,34,35,36,44,45,46
1326,15,16,23,24,25,26,33,34,35,36,44,45,46
1327,15,16,24,25,26,27,34,35,36,37,44,45,46
1328,15,16,24,25,26,27,34,35,36,37,44,45,46
1329,15,16,24,25,26,27,34,35,36,37,44,45,46
1330,15,16,24,25,26,27,34,35,36,37,44,45,46
1331,15,16,24,25,26,27,34,35,36,37,44,45,46,47
1332,15,16,24,25,26,27,34,35,36,37,44,45,46,47
1333,15,16,24,25,26,27,34,35,36,37,44,45,46,47
1334,15,16,24,25,26,27,34,35,36,37,44,45,46,47
1335,15,16,17,24,25,26,27,34,35,36,37,44,45,46,47
1336,15,16,17,24,25,26,27,34,35,36,37,44,45,46,47
1337,15,16,17,24,25,26,27,34,35,36,37,45,46,47
1338,15,16,17,24,25,26,27,34,35,36,37,45,46,47
1339,15,16,17,24,25,26,27,34,35,36,37,45,46,47
1340,15,16,17,24,25,26,27,34,35,36,37,45,46,47
1341,16,17,24,25,26,27,34,35,36,37,45,46,47
1342,16,17,24,25,26,27,34,35,36,37,45,46,47
1343,16,17,25,26,27,28,35,36,37,38,45,46,47
1344,16,17,25,26,27,28,35,36,37,38,45,46,47
1345,16,17,25,26,27,28,35,36,37,38,45,46,47
1346,16,17,25,26,27,28,35,36,37,38,45,46,47
1347,16,17,25,26,27,28,35,36,37,38,45,46,47
1348,16,17,25,26,27,28,35,36,37,38,45,46,47
1349,16,17,25,26,27,28,35,36,37,38,45,46,47
1350,16,17,25,26,27,28,35,36,37,38,45,46,47
1351,15,16,17,25,26,27,28,35,36,37,38,45,46,47,48
1352,15,16,17,25,26,27,28,35,36,37,38,45,46,47,48
1353,16,17,25,26,27,28,35,36,37,38,45,46,47,48
1354,16,17,25,26,27,28,35,36,37,38,45,46,47,48
1355,16,17,25,26,27,28,35,36,37,38,45,46,47,48
1356,16,17,25,26,27,28,35,36,37,38,45,46,47,48
1357,16,17,18,25,26,27,28,35,36,37,38,45,46,47,48
1358,16,17,18,25,26,27,28,35,36,37,38,45,46,47,48
1359,16,17,18,25,26,27,28,35,36,37,38,45,46,47,48
1360,16,17,18,25,26,27,28,35,36,37,38,45,46,47,48
1361,16,17,18,25,26,27,28,35,36,37,38,45,46,47,48
1362,16,17,18,25,26,27,28,35,36,37,38,45,46,47,48
1363,16,17,18,25,26,27,28,35,36,37,38,45,46,47,48
1364,16,17,18,25,26,27,28,35,36,37,38,45,46,47,48
1365,16,17,18,25,26,27,28,35,36,37,38,46,47,48
1366,16,17,18,25,26,27,28,35,36,37,38,46,47,48
1367,16,17,18,25,26,27,28,35,36,37,38,46,47,48
1368,16,17,18,25,26,27,28,35,36,37,38,46,47,48
1369,16,17,18,25,26,27,28,35,36,37,38,46,47,48
1370,16,17,18,25,26,27,28,35,36,37,38,46,47,48
1371,16,17,18,25,26,27,28,35,36,37,38,46,47,48
1372,16,17,18,25,26,27,28,35,36,37,38,46,47,48
1373,16,17,18,25,26,27,28,35,36,37,38,46,47,48
1374,16,17,18,25,26,27,28,35,36,37,38,46,47,48
1375,16,17,18,25,26,27,28,35,36,37,38,46,47,48
1376,16,17,18,25,26,27,28,35,36,37,38,46,47,48
1377,16,17,18,25,26,27,28,35,36,37,38,46,47,48
1378,16,17,18,25,26,27,28,35,36,37,38,46,47,48
1379,16,17,18,25,26,27,28,35,36,37,38,46,47,48
1380,16,17,18,25,26,27,28,35,36,37,38,46,47,48
1381,16,17,18,25,26,27,28,35,36,37,38,46,47,48
1382,16,17,18,25,26,27,28,35,36,37,38,46,47,48
1383,16,17,18,25,26,27,28,35,36,37,38,46,47,48
1384,16,17,18,25,26,27,28,35,36,37,38,46,47,48
1385,16,17,18,25,26,27,28,35,36,37,38,46,47,48
1386,16,17,18,25,26,27,28,35,36,37,38,46,47,48
1387,16,17,18,25,26,27,28,35,36,37,38,46,47,48
1388,16,17,18,25,26,27,28,35,36,37,38,46,47,48
1389,16,17,18,25,26,27,28,35,36,37,38,46,47,48
1390,16,17,18,25,26,27,28,35,36,37,38,46,47,48
1391,16,17,18,25,26,27,28,35,36,37,38,46,47,48
1392,16,17,18,25,26,27,28,35,36,37,38,46,47,48
1393,16,17,18,25,26,27,28,35,36,37,38,46,47,48
1394,16,17,18,25,26,27,28,35,36,37,38,46,47,48
1395,16,17,18,25,26,27,28,35,36,37,38,46,47,48
1396,16,17,18,25,26,27,28,35,36,37,38,46,47,48
1397,16,17,18,25,26,27,28,35,36,37,38,46,47,48
1398,16,17,18,25,26,27,28,35,36,37,38,46,47,48
1399,16,17,18,25,26,27,28,35,36,37,38,46,47,48
1400,16,17,18,25,26,27,28,35,36,37,38,46,47,48
1401,16,17,18,25,26,27,28,35,36,37,38,46,47,48
1402,16,17,18,25,26,27,28,35,36,37,38,46,47,48
1403,16,17,18,25,26,27,28,35,36,37,38,46,47,48
1404,16,17,18,25,26,27,28,35,36,37,38,46,47,48
1405,16,17,18,25,26,27,28,35,36,37,38,46,47,48
1406,16,17,18,25,26,27,28,35,36,37,38,46,47,48
1407,16,17,18,25,26,27,28,35,36,37,38,45,46,47,48
1408,16,17,18,25,26,27,28,35,36,37,38,45,46,47,48
1409,16,17,25,26,27,28,35,36,37,38,45,46,47,48
1410,16,17,25,26,27,28,35,36,37,38,45,46,47,48
1411,16,17,25,26,27,28,35,36,37,38,45,46,47,48
1412,16,17,25,26,27,28,35,36,37,38,45,46,47,48
1413,16,17,25,26,27,28,35,36,37,38,45,46,47
1414,16,17,25,26,27,28,35,36,37,38,45,46,47
1415,16,17,25,26,27,35,36,37,45,46,47
1416,16,17,25,26,27,35,36,37,45,46,47
1417,16,17,24,25,26,27,34,35,36,37,45,46,47
1418,16,17,24,25,26,27,34,35,36,37,45,46,47
1419,15,16,17,24,25,26,27,34,35,36,37,45,46,47
1420,15,16,17,24,25,26,27,34,35,36,37,45,46,47
1421,15,16,17,24,25,26,27,34,35,36,37,45,46,47
1422,15,16,17,24,25,26,27,34,35,36,37,45,46,47
1423,15,16,17,24,25,26,27,34,35,36,37,45,46,47
1424,15,16,17,24,25,26,27,34,35,36,37,45,46,47
1425,16,17,25,26,27,35,36,37,45,46,47
1426,16,17,25,26,27,35,36,37,45,46,47
1427,16,17,25,26,27,28,35,36,37,38,45,46,47
1428,16,17,25,26,27,28,35,36,37,38,45,46,47
1429,16,17,25,26,27,28,35,36,37,38,45,46,47
1430,16,17,25,26,27,28,35,36,37,38,45,46,47
1431,16,17,25,26,27,35,36,37,45,46,47
1432,16,17,25,26,27,35,36,37,45,46,47
1433,15,16,17,24,25,26,27,34,35,36,37,45,46,47
1434,15,16,17,24,25,26,27,34,35,36,37,45,46,47
1435,15,16,17,24,25,26,27,34,35,36,37,44,45,46,47
1436,15,16,17,24,25,26,27,34,35,36,37,44,45,46,47
1437,15,16,24,25,26,27,34,35,36,37,44,45,46,47
1438,15,16,24,25,26,27,34,35,36,37,44,45,46,47
1439,15,16,24,25,26,27,34,35,36,37,44,45,46
1440,15,16,24,25,26,27,34,35,36,37,44,45,46
1441,15,16,24,25,26,27,34,35,36,37,44,45,46
1442,15,16,24,25,26,27,34,35,36,37,44,45,46
1443,15,16,24,25,26,34,35,36,44,45,46
1444,15,16,24,25,26,34,35,36,44,45,46
1445,15,16,23,24,25,26,33,34,35,36,44,45,46
1446,15,16,23,24,25,26,33,34,35,36,44,45,46
1447,14,15,16,23,24,25,26,33,34,35,36,44,45,46
1448,14,15,16,23,24,25,26,33,34,35,36,44,45,46
1449,14,15,16,23,24,25,26,33,34,35,36,44,45,46
1450,14,15,16,23,24,25,26,33,34,35,36,44,45,46
1451,14,15,16,23,24,25,26,33,34,35,36,44,45,46
1452,14,15,16,23,24,25,26,33,34,35,36,44,45,46
1453,14,15,16,23,24,25,26,33,34,35,36,44,45,46
1454,14,15,16,23,24,25,26,33,34,35,36,44,45,46
1455,14,15,16,23,24,25,26,33,34,35,36,43,44,45,46
1456,14,15,16,23,24,25,26,33,34,35,36,43,44,45,46
1457,14,15,23,24,25,26,33,34,35,36,43,44,45,46
1458,14,15,23,24,25,26,33,34,35,36,43,44,45,46
1459,13,14,15,23,24,25,26,33,34,35,36,43,44,45,46
1460,13,14,15,23,24,25,26,33,34,35,36,43,44,45,46
1461,13,14,15,23,24,25,26,33,34,35,36,43,44,45
1462,13,14,15,23,24,25,26,33,34,35,36,43,44,45
1463,13,14,15,23,24,25,26,33,34,35,36,43,44,45
1464,13,14,15,23,24,25,26,33,34,35,36,43,44,45
1465,13,14,15,23,24,25,26,33,34,35,36,43,44,45
1466,13,14,15,23,24,25,26,33,34,35,36,43,44,45
1467,13,14,15,23,24,25,33,34,35,43,44,45
1468,13,14,15,23,24,25,33,34,35,43,44,45
1469,13,14,15,22,23,24,25,32,33,34,35,43,44,45
1470,13,14,15,22,23,24,25,32,33,34,35,43,44,45
1471,13,14,15,22,23,24,25,32,33,34,35,43,44,45
1472,13,14,15,22,23,24,25,32,33,34,35,43,44,45
1473,13,14,15,22,23,24,25,32,33,34,35,43,44,45
1474,13,14,15,22,23,24,25,32,33,34,35,43,44,45
1475,13,14,15,22,23,24,25,32,33,34,35,43,44,45
1476,13,14,15,22,23,24,25,32,33,34,35,43,44,45
1477,13,14,15,22,23,24,25,32,33,34,35,43,44,45
1478,13,14,15,22,23,24,25,32,33,34,35,43,44,45
1479,12,13,14,22,23,24,25,32,33,34,35,42,43,44
1480,12,13,14,22,23,24,25,32,33,34,35,42,43,44
1481,12,13,14,22,23,24,25,32,33,34,35,42,43,44
1482,12,13,14,22,23,24,25,32,33,34,35,42,43,44
1483,12,13,14,22,23,24,25,32,33,34,35,42,43,44
1484,12,13,14,22,23,24,25,32,33,34,35,42,43,44
1485,12,13,14,22,23,24,32,33,34,42,43,44
1486,12,13,14,22,23,24,32,33,34,42,43,44
1487,12,13,14,22,23,24,32,33,34,42,43,44
1488,12,13,14,22,23,24,32,33,34,42,43,44
1489,12,13,14,21,22,23,24,31,32,33,34,42,43,44
1490,12,13,14,21,22,23,24,31,32,33,34,42,43,44
1491,12,13,14,21,22,23,24,31,32,33,34,42,43,44
1492,12,13,14,21,22,23,24,31,32,33,34,42,43,44
1493,12,13,14,21,22,23,24,31,32,33,34,42,43,44
1494,12,13,14,21,22,23,24,31,32,33,34,42,43,44
1495,12,13,14,21,22,23,24,31,32,33,34,42,43,44
1496,12,13,14,21,22,23,24,31,32,33,34,42,43,44
1497,12,13,14,21,22,23,24,31,32,33,34,42,43,44
1498,12,13,14,21,22,23,24,31,32,33,34,42,43,44
1499,12,13,14,21,22,23,24,31,32,33,34,42,43,44
1500,12,13,14,21,22,23,24,31,32,33,34,42,43,44
1501,12,13,14,21,22,23,24,31,32,33,34,42,43,44
1502,12,13,14,21,22,23,24,31,32,33,34,42,43,44
1503,12,13,14,22,23,24,25,32,33,34,35,42,43,44
1504,12,13,14,22,23,24,25,32,33,34,35,42,43,44
1505,12,13,14,22,23,24,25,32,33,34,35,42,43,44
1506,12,13,14,22,23,24,25,32,33,34,35,42,43,44
1507,13,14,15,22,23,24,25,32,33,34,35,42,43,44,45
1508,13,14,15,22,23,24,25,32,33,34,35,42,43,44,45
1509,13,14,15,22,23,24,25,32,33,34,35,43,44,45
1510,13,14,15,22,23,24,25,32,33,34,35,43,44,45
1511,13,14,15,23,24,25,33,34,35,43,44,45
1512,13,14,15,23,24,25,33,34,35,43,44,45
1513,13,14,15,23,24,25,26,33,34,35,36,43,44,45
1514,13,14,15,23,24,25,26,33,34,35,36,43,44,45
1515,13,14,15,23,24,25,26,33,34,35,36,43,44,45
1516,13,14,15,23,24,25,26,33,34,35,36,43,44,45
1517,13,14,15,23,24,25,26,33,34,35,36,43,44,45,46
1518,13,14,15,23,24,25,26,33,34,35,36,43,44,45,46
1519,14,15,23,24,25,26,33,34,35,36,43,44,45,46
1520,14,15,23,24,25,26,33,34,35,36,43,44,45,46
1521,14,15,16,23,24,25,26,33,34,35,36,44,45,46
1522,14,15,16,23,24,25,26,33,34,35,36,44,45,46
1523,14,15,16,23,24,25,26,33,34,35,36,44,45,46
1524,14,15,16,23,24,25,26,33,34,35,36,44,45,46
1525,14,15,16,23,24,25,26,33,34,35,36,44,45,46
1526,14,15,16,23,24,25,26,33,34,35,36,44,45,46
1527,14,15,16,23,24,25,26,33,34,35,36,44,45,46
1528,14,15,16,23,24,25,26,33,34,35,36,44,45,46
1529,14,15,16,23,24,25,26,33,34,35,36,44,45,46
1530,14,15,16,23,24,25,26,33,34,35,36,44,45,46
1531,15,16,24,25,26,34,35,36,44,45,46
1532,15,16,24,25,26,34,35,36,44,45,46
1533,15,16,24,25,26,27,34,35,36,37,44,45,46
1534,15,16,24,25,26,27,34,35,36,37,44,45,46
1535,14,15,16,24,25,26,27,34,35,36,37,44,45,46
1536,14,15,16,24,25,26,27,34,35,36,37,44,45,46
1537,14,15,16,24,25,26,27,34,35,36,37,44,45,46
1538,14,15,16,24,25,26,27,34,35,36,37,44,45,46
1539,15,16,24,25,26,27,34,35,36,37,44,45,46
1540,15,16,24,25,26,27,34,35,36,37,44,45,46
1541,15,16,24,25,26,27,34,35,36,37,44,45,46,47
1542,15,16,24,25,26,27,34,35,36,37,44,45,46,47
1543,15,16,24,25,26,27,34,35,36,37,44,45,46,47
1544,15,16,24,25,26,27,34,35,36,37,44,45,46,47
1545,15,16,24,25,26,27,34,35,36,37,44,45,46,47
1546,15,16,24,25,26,27,34,35,36,37,44,45,46,47
1547,15,16,17,24,25,26,27,34,35,36,37,44,45,46,47
1548,15,16,17,24,25,26,27,34,35,36,37,44,45,46,47
1549,15,16,17,24,25,26,27,34,35,36,37,45,46,47
1550,15,16,17,24,25,26,27,34,35,36,37,45,46,47
1551,15,16,17,24,25,26,27,34,35,36,37,45,46,47
1552,15,16,17,24,25,26,27,34,35,36,37,45,46,47
1553,15,16,17,24,25,26,27,34,35,36,37,45,46,47
1554,15,16,17,24,25,26,27,34,35,36,37,45,46,47
1555,15,16,17,25,26,27,35,36,37,45,46,47
1556,15,16,17,25,26,27,35,36,37,45,46,47
1557,15,16,17,25,26,27,28,35,36,37,38,45,46,47
1558,15,16,17,25,26,27,28,35,36,37,38,45,46,47
1559,15,16,17,25,26,27,28,35,36,37,38,45,46,47
1560,15,16,17,25,26,27,28,35,36,37,38,45,46,47
1561,15,16,17,25,26,27,28,35,36,37,38,45,46,47
1562,15,16,17,25,26,27,28,35,36,37,38,45,46,47
1563,15,16,17,25,26,27,28,35,36,37,38,45,46,47
1564,15,16,17,25,26,27,28,35,36,37,38,45,46,47
1565,15,16,17,25,26,27,28,35,36,37,38,45,46,47
1566,15,16,17,25,26,27,28,35,36,37,38,45,46,47
1567,15,16,17,25,26,27,28,35,36,37,38,45,46,47
1568,15,16,17,25,26,27,28,35,36,37,38,45,46,47
1569,15,16,17,25,26,27,28,35,36,37,38,45,46,47
1570,15,16,17,25,26,27,28,35,36,37,38,45,46,47
1571,15,16,17,18,25,26,27,28,35,36,37,38,46,47
1572,15,16,17,18,25,26,27,28,35,36,37,38,46,47
1573,16,17,18,25,26,27,28,35,36,37,38,46,47,48
1574,16,17,18,25,26,27,28,35,36,37,38,46,47,48
1575,16,17,18,25,26,27,28,35,36,37,38,46,47,48
1576,16,17,18,25,26,27,28,35,36,37,38,46,47,48
1577,16,17,18,25,26,27,28,35,36,37,38,46,47,48
1578,16,17,18,25,26,27,28,35,36,37,38,46,47,48
1579,16,17,18,25,26,27,28,35,36,37,38,46,47,48
1580,16,17,18,25,26,27,28,35,36,37,38,46,47,48
1581,16,17,18,25,26,27,28,35,36,37,38,46,47,48
1582,16,17,18,25,26,27,28,35,36,37,38,46,47,48
1583,16,17,18,25,26,27,28,35,36,37,38,46,47,48
1584,16,17,18,25,26,27,28,35,36,37,38,46,47,48
1585,16,17,18,25,26,27,28,35,36,37,38,46,47,48
1586,16,17,18,25,26,27,28,35,36,37,38,46,47,48
1587,16,17,18,25,26,27,28,35,36,37,38,46,47,48
1588,16,17,18,25,26,27,28,35,36,37,38,46,47,48
1589,16,17,18,25,26,27,28,35,36,37,38,46,47,48
1590,16,17,18,25,26,27,28,35,36,37,38,46,47,48
1591,16,17,18,25,26,27,28,35,36,37,38,46,47,48
1592,16,17,18,25,26,27,28,35,36,37,38,46,47,48
1593,16,17,18,25,26,27,28,35,36,37,38,46,47,48
1594,16,17,18,25,26,27,28,35,36,37,38,46,47,48
1595,16,17,18,25,26,27,28,35,36,37,38,46,47,48
1596,16,17,18,25,26,27,28,35,36,37,38,46,47,48
1597,16,17,18,25,26,27,28,35,36,37,38,46,47,48
1598,16,17,18,25,26,27,28,35,36,37,38,46,47,48
1599,16,17,18,25,26,27,28,35,36,37,38,46,47,48
1600,16,17,18,25,26,27,28,35,36,37,38,46,47,48
1601,16,17,18,25,26,27,28,35,36,37,38,46,47,48
1602,16,17,18,25,26,27,28,35,36,37,38,46,47,48
1603,16,17,18,25,26,27,28,35,36,37,38,46,47,48
1604,16,17,18,25,26,27,28,35,36,37,38,46,47,48
1605,16,17,18,25,26,27,28,35,36,37,38,46,47,48
1606,16,17,18,25,26,27,28,35,36,37,38,46,47,48
1607,16,17,18,25,26,27,28,35,36,37,38,46,47,48
1608,16,17,18,25,26,27,28,35,36,37,38,46,47,48
1609,16,17,18,25,26,27,28,35,36,37,38,46,47,48
1610,16,17,18,25,26,27,28,35,36,37,38,46,47,48
1611,16,17,18,25,26,27,28,35,36,37,38,46,47,48
1612,16,17,18,25,26,27,28,35,36,37,38,46,47,48
1613,16,17,18,25,26,27,28,35,36,37,38,46,47,48
1614,16,17,18,25,26,27,28,35,36,37,38,46,47,48
1615,16,17,18,25,26,27,28,35,36,37,38,46,47,48
1616,16,17,18,25,26,27,28,35,36,37,38,46,47,48
1617,16,17,18,25,26,27,28,35,36,37,38,45,46,47,48
1618,16,17,18,25,26,27,28,35,36,37,38,45,46,47,48
1619,16,17,18,25,26,27,28,35,36,37,38,45,46,47,48
1620,16,17,18,25,26,27,28,35,36,37,38,45,46,47,48
1621,16,17,25,26,27,28,35,36,37,38,45,46,47,48
1622,16,17,25,26,27,28,35,36,37,38,45,46,47,48
1623,16,17,25,26,27,28,35,36,37,38,45,46,47,48
1624,16,17,25,26,27,28,35,36,37,38,45,46,47,48
1625,16,17,25,26,27,28,35,36,37,38,45,46,47,48
1626,16,17,25,26,27,28,35,36,37,38,45,46,47,48
1627,16,17,25,26,27,28,35,36,37,38,45,46,47,48
1628,16,17,25,26,27,28,35,36,37,38,45,46,47,48
1629,16,17,25,26,27,28,35,36,37,38,45,46,47,48
1630,16,17,25,26,27,28,35,36,37,38,45,46,47,48
1631,16,17,25,26,27,28,35,36,37,38,45,46,47,48
1632,16,17,25,26,27,28,35,36,37,38,45,46,47,48
1633,16,17,25,26,27,28,35,36,37,38,45,46,47,48
1634,16,17,25,26,27,28,35,36,37,38,45,46,47,48
1635,16,17,25,26,27,28,35,36,37,38,45,46,47,48
1636,16,17,25,26,27,28,35,36,37,38,45,46,47,48
1637,16,17,25,26,27,28,35,36,37,38,45,46,47
1638,16,17,25,26,27,28,35,36,37,38,45,46,47
1639,16,17,25,26,27,28,34,35,36,37,38,45,46,47
1640,16,17,25,26,27,28,34,35,36,37,38,45,46,47
1641,16,17,25,26,27,28,34,35,36,37,38,45,46,47,48
1642,16,17,25,26,27,28,34,35,36,37,38,45,46,47,48
1643,16,17,25,26,27,28,34,35,36,37,38,45,46,47,48
1644,16,17,25,26,27,28,34,35,36,37,38,45,46,47,48
1645,16,17,25,26,27,28,34,35,36,37,38,45,46,47,48
1646,16,17,25,26,27,28,34,35,36,37,38,45,46,47,48
1647,16,17,25,26,27,28,34,35,36,37,38,45,46,47,48
1648,16,17,25,26,27,28,34,35,36,37,38,45,46,47,48
1649,16,17,25,26,27,28,34,35,36,37,38,45,46,47,48
1650,16,17,25,26,27,28,34,35,36,37,38,45,46,47,48
1651,16,17,25,26,27,34,35,36,37,38,44,45,46,47,48
1652,16,17,25,26,27,34,35,36,37,38,44,45,46,47,48
1653,16,17,25,26,27,34,35,36,37,38,44,45,46,47,48
1654,16,17,25,26,27,34,35,36,37,38,44,45,46,47,48
1655,16,17,24,25,26,27,34,35,36,37,38,44,45,46,47,48
1656,16,17,24,25,26,27,34,35,36,37,38,44,45,46,47,48
1657,16,17,24,25,26,27,34,35,36,37,38,44,45,46,47,48
1658,16,17,24,25,26,27,34,35,36,37,38,44,45,46,47,48
1659,16,17,24,25,26,27,34,35,36,37,38,44,45,46,47
1660,16,17,24,25,26,27,34,35,36,37,38,44,45,46,47
1661,16,17,24,25,26,27,34,35,36,37,44,45,46,47
1662,16,17,24,25,26,27,34,35,36,37,44,45,46,47
1663,16,17,24,25,26,27,34,35,36,37,44,45,46,47
1664,16,17,24,25,26,27,34,35,36,37,44,45,46,47
1665,16,17,24,25,26,27,34,35,36,37,44,45,46,47
1666,16,17,24,25,26,27,34,35,36,37,44,45,46,47
1667,16,17,24,25,26,27,34,35,36,37,44,45,46,47
1668,16,17,24,25,26,27,34,35,36,37,44,45,46,47
1669,16,17,24,25,26,27,34,35,36,37,44,45,46,47
1670,16,17,24,25,26,27,34,35,36,37,44,45,46,47
1671,16,17,24,25,26,27,34,35,36,37,44,45,46,47
1672,16,17,24,25,26,27,34,35,36,37,44,45,46,47
1673,16,17,24,25,26,27,34,35,36,37,44,45,46,47
1674,16,17,24,25,26,27,34,35,36,37,44,45,46,47
1675,16,17,24,25,26,27,34,35,36,37,44,45,46,47
1676,16,17,24,25,26,27,34,35,36,37,44,45,46,47
1677,16,17,24,25,26,27,34,35,36,37,44,45,46,47
1678,16,17,24,25,26,27,34,35,36,37,44,45,46,47
1679,16,17,24,25,26,27,34,35,36,37,44,45,46,47
1680,16,17,24,25,26,27,34,35,36,37,44,45,46,47
1681,16,17,24,25,26,27,34,35,36,37,44,45,46,47
1682,16,17,24,25,26,27,34,35,36,37,44,45,46,47
1683,16,17,24,25,26,27,34,35,36,37,44,45,46,47
1684,16,17,24,25,26,27,34,35,36,37,44,45,46,47
1685,16,17,24,25,26,27,34,35,36,37,44,45,46,47
1686,16,17,24,25,26,27,34,35,36,37,44,45,46,47
1687,16,17,24,25,26,27,34,35,36,37,44,45,46,47
1688,16,17,24,25,26,27,34,35,36,37,44,45,46,47
1689,16,17,24,25,26,27,34,35,36,37,44,45,46,47
1690,16,17,24,25,26,27,34,35,36,37,44,45,46,47
1691,16,17,24,25,26,27,34,35,36,37,44,45,46,47
1692,16,17,24,25,26,27,34,35,36,37,44,45,46,47
1693,16,17,24,25,26,27,34,35,36,37,44,45,46,47
1694,16,17,24,25,26,27,34,35,36,37,44,45,46,47
1695,16,17,24,25,26,27,34,35,36,37,44,45,46,47
1696,16,17,24,25,26,27,34,35,36,37,44,45,46,47
1697,16,24,25,26,27,34,35,36,37,44,45,46,47
1698,16,24,25,26,27,34,35,36,37,44,45,46,47
1699,16,24,25,26,27,34,35,36,37,44,45,46,47
1700,16,24,25,26,27,34,35,36,37,44,45,46,47
1701,16,24,25,26,27,34,35,36,37,44,45,46,47
1702,16,24,25,26,27,34,35,36,37,44,45,46,47
1703,16,24,25,26,27,34,35,36,37,44,45,46,47
1704,16,24,25,26,27,34,35,36,37,44,45,46,47
1705,16,24,25,26,27,34,35,36,37,44,45,46,47
1706,16,24,25,26,27,34,35,36,37,44,45,46,47
1707,16,24,25,26,27,34,35,36,37,44,45,46,47
1708,16,24,25,26,27,34,35,36,37,44,45,46,47
1709,16,24,25,26,27,34,35,36,37,44,45,46,47
1710,16,24,25,26,27,34,35,36,37,44,45,46,47
1711,16,24,25,26,27,34,35,36,37,44,45,46,47
1712,16,24,25,26,27,34,35,36,37,44,45,46,47
1713,16,24,25,26,27,34,35,36,37,44,45,46,47
1714,16,24,25,26,27,34,35,36,37,44,45,46,47
1715,16,24,25,26,27,34,35,36,37,44,45,46,47
1716,16,24,25,26,27,34,35,36,37,44,45,46,47
1717,16,24,25,26,27,34,35,36,37,44,45,46,47
1718,16,24,25,26,27,34,35,36,37,44,45,46,47
1719,16,24,25,26,27,34,35,36,37,44,45,46,47
1720,16,24,25,26,27,34,35,36,37,44,45,46,47
1721,16,24,25,26,27,34,35,36,37,44,45,46,47
1722,16,24,25,26,27,34,35,36,37,44,45,46,47
1723,16,24,25,26,27,34,35,36,37,44,45,46,47
1724,16,24,25,26,27,34,35,36,37,44,45,46,47
1725,16,24,25,26,27,34,35,36,37,44,45,46,47
1726,16,24,25,26,27,34,35,36,37,44,45,46,47
1727,16,24,25,26,27,34,35,36,37,44,45,46,47
1728,16,24,25,26,27,34,35,36,37,44,45,46,47
1729,16,24,25,26,27,34,35,36,37,44,45,46,47
1730,16,24,25,26,27,34,35,36,37,44,45,46,47
1731,16,24,25,26,27,34,35,36,37,44,45,46,47
1732,16,24,25,26,27,34,35,36,37,44,45,46,47
1733,16,24,25,26,27,34,35,36,37,44,45,46,47
1734,16,24,25,26,27,34,35,36,37,44,45,46,47
1735,16,24,25,26,27,34,35,36,37,44,45,46,47
1736,16,24,25,26,27,34,35,36,37,44,45,46,47
1737,16,24,25,26,27,34,35,36,37,44,45,46,47
1738,16,24,25,26,27,34,35,36,37,44,45,46,47
1739,16,24,25,26,27,34,35,36,37,44,45,46,47
1740,16,24,25,26,27,34,35,36,37,44,45,46,47
1741,16,24,25,26,27,34,35,36,37,44,45,46,47
1742,16,24,25,26,27,34,35,36,37,44,45,46,47
1743,16,24,25,26,27,34,35,36,37,44,45,46,47
1744,16,24,25,26,27,34,35,36,37,44,45,46,47
1745,16,24,25,26,27,34,35,36,37,44,45,46,47
1746,16,24,25,26,27,34,35,36,37,44,45,46,47
1747,16,24,25,26,27,34,35,36,37,44,45,46,47
1748,16,24,25,26,27,34,35,36,37,44,45,46,47
1749,16,17,24,25,26,27,34,35,36,37,44,45,46,47
1750,16,17,24,25,26,27,34,35,36,37,44,45,46,47
1751,16,17,24,25,26,27,34,35,36,37,44,45,46,47
1752,16,17,24,25,26,27,34,35,36,37,44,45,46,47
1753,16,17,24,25,26,27,34,35,36,37,38,44,45,46,47
1754,16,17,24,25,26,27,34,35,36,37,38,44,45,46,47
1755,16,17,24,25,26,27,34,35,36,37,38,44,45,46,47
1756,16,17,24,25,26,27,34,35,36,37,38,44,45,46,47
1757,16,24,25,26,27,34,35,36,37,38,44,45,46,47
1758,16,24,25,26,27,34,35,36,37,38,44,45,46,47
1759,16,24,25,26,27,34,35,36,37,38,44,45,46,47,48
1760,16,24,25,26,27,34,35,36,37,38,44,45,46,47,48
1761,16,24,25,26,27,34,35,36,37,38,44,45,46,47,48
1762,16,24,25,26,27,34,35,36,37,38,44,45,46,47,48
1763,16,24,25,26,27,34,35,36,37,38,44,45,46,47,48
1764,16,24,25,26,27,34,35,36,37,38,44,45,46,47,48
1765,16,24,25,26,27,34,35,36,37,38,44,45,46,47,48
1766,16,24,25,26,27,34,35,36,37,38,44,45,46,47,48
1767,16,24,25,26,27,34,35,36,37,38,44,45,46,47,48
1768,16,24,25,26,27,34,35,36,37,38,44,45,46,47,48
1769,16,24,25,26,27,34,35,36,37,38,44,45,46,47,48
1770,16,24,25,26,27,34,35,36,37,38,44,45,46,47,48
1771,16,24,25,26,27,34,35,36,37,38,44,45,46,47,48
1772,16,24,25,26,27,34,35,36,37,38,44,45,46,47,48
1773,16,24,25,26,27,34,35,36,37,38,44,45,46,47,48
1774,16,24,25,26,27,34,35,36,37,38,44,45,46,47,48
1775,16,24,25,26,27,34,35,36,37,38,44,45,46,47,48
1776,16,24,25,26,27,34,35,36,37,38,44,45,46,47,48
1777,16,24,25,26,27,34,35,36,37,38,44,45,46,47,48
1778,16,24,25,26,27,34,35,36,37,38,44,45,46,47,48
1779,16,24,25,26,27,34,35,36,37,38,44,45,46,47,48
1780,16,24,25,26,27,34,35,36,37,38,44,45,46,47,48
1781,16,24,25,26,27,34,35,36,37,38,44,45,46,47,48
1782,16,24,25,26,27,34,35,36,37,38,44,45,46,47,48
1783,16,24,25,26,27,34,35,36,37,38,44,45,46,47,48
1784,16,24,25,26,27,34,35,36,37,38,44,45,46,47,48
1785,16,24,25,26,27,34,35,36,37,38,44,45,46,47,48
1786,16,24,25,26,27,34,35,36,37,38,44,45,46,47,48
1787,16,24,25,26,27,34,35,36,37,38,44,45,46,47,48
1788,16,24,25,26,27,34,35,36,37,38,44,45,46,47,48
1789,16,24,25,26,27,34,35,36,37,44,45,46,47
1790,16,24,25,26,27,34,35,36,37,44,45,46,47
1791,16,24,25,26,27,34,35,36,37,44,45,46,47
1792,16,24,25,26,27,34,35,36,37,44,45,46,47
1793,16,24,25,26,27,34,35,36,37,44,45,46,47
1794,16,24,25,26,27,34,35,36,37,44,45,46,47
1795,16,24,25,26,27,34,35,36,37,44,45,46,47
1796,16,24,25,26,27,34,35,36,37,44,45,46,47
1797,16,24,25,26,27,34,35,36,37,44,45,46,47
1798,16,24,25,26,27,34,35,36,37,44,45,46,47
1799,16,24,25,26,27,34,35,36,37,44,45,46,47
1800,16,24,25,26,27,34,35,36,37,44,45,46,47
