1,14,15,16,17,24,25,26,27,34,35,36,37,45,46
2,14,15,16,17,24,25,26,27,34,35,36,37,45,46
3,14,15,16,17,24,25,26,27,34,35,36,37,45,46
4,14,15,16,17,24,25,26,27,34,35,36,37,45,46
5,14,15,16,17,24,25,26,27,34,35,36,37,45,46
6,14,15,16,17,24,25,26,27,34,35,36,37,45,46
7,14,15,16,17,24,25,26,27,34,35,36,37,45,46
8,14,15,16,17,24,25,26,27,34,35,36,37,45,46
9,14,15,16,17,24,25,26,27,34,35,36,37,45,46
10,14,15,16,17,24,25,26,27,34,35,36,37,45,46
11,14,15,16,17,24,25,26,27,34,35,36,37,45,46
12,14,15,16,17,24,25,26,27,34,35,36,37,45,46
13,14,15,16,17,24,25,26,27,34,35,36,37,45,46
14,14,15,16,17,24,25,26,27,34,35,36,37,45,46
15,14,15,16,24,25,26,27,34,35,36,37,45,46
16,14,15,16,24,25,26,27,34,35,36,37,45,46
17,14,15,16,24,25,26,27,34,35,36,37,44,45,46
18,14,15,16,24,25,26,27,34,35,36,37,44,45,46
19,14,15,16,24,25,26,27,34,35,36,37,44,45,46
20,14,15,16,24,25,26,27,34,35,36,37,44,45,46
21,14,15,16,24,25,26,27,34,35,36,37,44,45,46
22,14,15,16,24,25,26,27,34,35,36,37,44,45,46
23,14,15,16,24,25,26,27,34,35,36,37,44,45,46
24,14,15,16,24,25,26,27,34,35,36,37,44,45,46
25,14,15,16,24,25,26,27,34,35,36,37,44,45,46
26,14,15,16,24,25,26,27,34,35,36,37,44,45,46
27,14,15,16,24,25,26,27,34,35,36,37,44,45,46
28,14,15,16,24,25,26,27,34,35,36,37,44,45,46
29,14,15,16,24,25,26,27,34,35,36,37,44,45,46
30,14,15,16,24,25,26,27,34,35,36,37,44,45,46
31,14,15,16,24,25,26,27,34,35,36,37,44,45,46
32,14,15,16,24,25,26,27,34,35,36,37,44,45,46
33,14,15,16,24,25,26,27,34,35,36,37,44,45,46
34,14,15,16,24,25,26,27,34,35,36,37,44,45,46
35,14,15,16,24,25,26,27,34,35,36,37,44,45,46
36,14,15,16,24,25,26,27,34,35,36,37,44,45,46
37,14,15,16,24,25,26,27,34,35,36,37,44,45,46
38,14,15,16,24,25,26,27,34,35,36,37,44,45,46
39,14,15,16,24,25,26,27,34,35,36,37,44,45,46
40,14,15,16,24,25,26,27,34,35,36,37,44,45,46
41,14,15,16,24,25,26,27,34,35,36,37,44,45,46
42,14,15,16,24,25,26,27,34,35,36,37,44,45,46
43,14,15,16,24,25,26,27,34,35,36,37,44,45,46
44,14,15,16,24,25,26,27,34,35,36,37,44,45,46
45,14,15,16,24,25,26,27,34,35,36,37,44,45,46
46,14,15,16,24,25,26,27,34,35,36,37,44,45,46
47,14,15,16,24,25,26,27,34,35,36,37,44,45,46
48,14,15,16,24,25,26,27,34,35,36,37,44,45,46
49,14,15,16,17,24,25,26,27,34,35,36,37,45,46
50,14,15,16,17,24,25,26,27,34,35,36,37,45,46
51,14,15,16,17,24,25,26,27,34,35,36,37,45,46
52,14,15,16,17,24,25,26,27,34,35,36,37,45,46
53,14,15,16,17,24,25,26,27,34,35,36,37,45,46
54,14,15,16,17,24,25,26,27,34,35,36,37,45,46
55,15,16,17,24,25,26,27,34,35,36,37,45,46
56,15,16,17,24,25,26,27,34,35,36,37,45,46
57,15,16,17,24,25,26,27,34,35,36,37,45,46,47
58,15,16,17,24,25,26,27,34,35,36,37,45,46,47
59,15,16,17,24,25,26,27,34,35,36,37,45,46,47
60,15,16,17,24,25,26,27,34,35,36,37,45,46,47
61,15,16,17,24,25,26,27,34,35,36,37,45,46,47
62,15,16,17,24,25,26,27,34,35,36,37,45,46,47
63,15,16,17,24,25,26,27,34,35,36,37,45,46,47
64,15,16,17,24,25,26,27,34,35,36,37,45,46,47
65,15,16,17,24,25,26,27,34,35,36,37,44,45,46,47
66,15,16,17,24,25,26,27,34,35,36,37,44,45,46,47
67,15,16,17,24,25,26,27,34,35,36,37,44,45,46,47
68,15,16,17,24,25,26,27,34,35,36,37,44,45,46,47
69,15,16,17,24,25,26,27,34,35,36,37,44,45,46,47
70,15,16,17,24,25,26,27,34,35,36,37,44,45,46,47
71,15,16,17,24,25,26,27,34,35,36,37,44,45,46,47
72,15,16,17,24,25,26,27,34,35,36,37,44,45,46,47
73,15,16,24,25,26,27,34,35,36,37,44,45,46,47
74,15,16,24,25,26,27,34,35,36,37,44,45,46,47
75,15,16,24,25,26,27,34,35,36,37,44,45,46,47
76,15,16,24,25,26,27,34,35,36,37,44,45,46,47
77,15,16,24,25,26,27,34,35,36,37,44,45,46,47
78,15,16,24,25,26,27,34,35,36,37,44,45,46,47
79,15,16,24,25,26,27,34,35,36,37,44,45,46,47
80,15,16,24,25,26,27,34,35,36,37,44,45,46,47
81,15,16,24,25,26,27,34,35,36,37,44,45,46,47
82,15,16,24,25,26,27,34,35,36,37,44,45,46,47
83,16,17,24,25,26,27,34,35,36,37,44,45,46,47
84,16,17,24,25,26,27,34,35,36,37,44,45,46,47
85,16,17,24,25,26,27,34,35,36,37,44,45,46,47
86,16,17,24,25,26,27,34,35,36,37,44,45,46,47
87,16,17,24,25,26,27,34,35,36,37,44,45,46,47
88,16,17,24,25,26,27,34,35,36,37,44,45,46,47
89,16,17,24,25,26,27,34,35,36,37,45,46,47
90,16,17,24,25,26,27,34,35,36,37,45,46,47
91,16,17,24,25,26,27,34,35,36,37,45,46,47
92,16,17,24,25,26,27,34,35,36,37,45,46,47
93,16,17,24,25,26,27,34,35,36,37,45,46,47
94,16,17,24,25,26,27,34,35,36,37,45,46,47
95,16,17,24,25,26,27,34,35,36,37,45,46,47
96,16,17,24,25,26,27,34,35,36,37,45,46,47
97,16,17,24,25,26,27,34,35,36,37,45,46,47
98,16,17,24,25,26,27,34,35,36,37,45,46,47
99,16,17,24,25,26,27,34,35,36,37,45,46,47
100,16,17,24,25,26,27,34,35,36,37,45,46,47
101,16,17,24,25,26,27,34,35,36,37,45,46,47
102,16,17,24,25,26,27,34,35,36,37,45,46,47
103,16,17,24,25,26,27,34,35,36,37,45,46,47
104,16,17,24,25,26,27,34,35,36,37,45,46,47
105,16,17,24,25,26,27,34,35,36,37,45,46,47
106,16,17,24,25,26,27,34,35,36,37,45,46,47
107,16,17,24,25,26,27,34,35,36,37,45,46,47
108,16,17,24,25,26,27,34,35,36,37,45,46,47
109,16,17,24,25,26,27,34,35,36,37,45,46,47
110,16,17,24,25,26,27,34,35,36,37,45,46,47
111,16,17,24,25,26,27,34,35,36,37,45,46,47
112,16,17,24,25,26,27,34,35,36,37,45,46,47
113,16,17,25,26,27,34,35,36,37,45,46,47
114,16,17,25,26,27,34,35,36,37,45,46,47
115,16,17,25,26,27,34,35,36,37,45,46,47
116,16,17,25,26,27,34,35,36,37,45,46,47
117,16,17,25,26,27,34,35,36,37,45,46,47
118,16,17,25,26,27,34,35,36,37,45,46,47
119,16,17,25,26,27,34,35,36,37,45,46,47
120,16,17,25,26,27,34,35,36,37,45,46,47
121,16,17,25,26,27,34,35,36,37,45,46,47
122,16,17,25,26,27,34,35,36,37,45,46,47
123,16,17,25,26,27,35,36,37,45,46,47
124,16,17,25,26,27,35,36,37,45,46,47
125,16,17,25,26,27,35,36,37,45,46,47
126,16,17,25,26,27,35,36,37,45,46,47
127,16,17,25,26,27,35,36,37,38,45,46,47
128,16,17,25,26,27,35,36,37,38,45,46,47
129,16,17,25,26,27,28,35,36,37,38,45,46,47
130,16,17,25,26,27,28,35,36,37,38,45,46,47
131,16,17,25,26,27,28,35,36,37,38,45,46,47
132,16,17,25,26,27,28,35,36,37,38,45,46,47
133,16,17,25,26,27,28,35,36,37,38,45,46,47
134,16,17,25,26,27,28,35,36,37,38,45,46,47
135,16,17,25,26,27,28,35,36,37,38,45,46,47
136,16,17,25,26,27,28,35,36,37,38,45,46,47
137,16,17,25,26,27,28,35,36,37,38,45,46,47
138,16,17,25,26,27,28,35,36,37,38,45,46,47
139,16,17,25,26,27,28,35,36,37,38,45,46,47
140,16,17,25,26,27,28,35,36,37,38,45,46,47
141,16,17,25,26,27,28,35,36,37,38,45,46,47
142,16,17,25,26,27,28,35,36,37,38,45,46,47
143,16,17,25,26,27,28,35,36,37,38,45,46,47
144,16,17,25,26,27,28,35,36,37,38,45,46,47
145,16,17,25,26,27,28,35,36,37,38,45,46,47
146,16,17,25,26,27,28,35,36,37,38,45,46,47
147,16,17,25,26,27,28,35,36,37,38,45,46,47
148,16,17,25,26,27,28,35,36,37,38,45,46,47
149,16,17,25,26,27,28,35,36,37,38,45,46,47
150,16,17,25,26,27,28,35,36,37,38,45,46,47
151,16,17,25,26,27,28,35,36,37,38,45,46,47
152,16,17,25,26,27,28,35,36,37,38,45,46,47
153,16,17,25,26,27,28,35,36,37,38,45,46,47
154,16,17,25,26,27,28,35,36,37,38,45,46,47
155,16,17,25,26,27,28,35,36,37,38,45,46,47
156,16,17,25,26,27,28,35,36,37,38,45,46,47
157,16,17,25,26,27,28,35,36,37,38,45,46,47
158,16,17,25,26,27,28,35,36,37,38,45,46,47
159,16,17,25,26,27,28,35,36,37,38,45,46,47
160,16,17,25,26,27,28,35,36,37,38,45,46,47
161,16,17,25,26,27,28,35,36,37,38,45,46,47
162,16,17,25,26,27,28,35,36,37,38,45,46,47
163,16,17,25,26,27,28,35,36,37,38,45,46,47
164,16,17,25,26,27,28,35,36,37,38,45,46,47
165,16,17,25,26,27,28,35,36,37,38,45,46,47
166,16,17,25,26,27,28,35,36,37,38,45,46,47
167,16,17,25,26,27,28,35,36,37,38,45,46,47
168,16,17,25,26,27,28,35,36,37,38,45,46,47
169,16,17,25,26,27,28,35,36,37,38,45,46,47
170,16,17,25,26,27,28,35,36,37,38,45,46,47
171,16,17,25,26,27,28,35,36,37,38,45,46,47
172,16,17,25,26,27,28,35,36,37,38,45,46,47
173,16,17,25,26,27,28,35,36,37,38,45,46,47
174,16,17,25,26,27,28,35,36,37,38,45,46,47
175,16,17,25,26,27,28,35,36,37,38,45,46,47
176,16,17,25,26,27,28,35,36,37,38,45,46,47
177,16,17,25,26,27,28,35,36,37,38,45,46,47
178,16,17,25,26,27,28,35,36,37,38,45,46,47
179,16,17,25,26,27,28,35,36,37,38,45,46,47
180,16,17,25,26,27,28,35,36,37,38,45,46,47
181,16,17,25,26,27,28,35,36,37,38,45,46,47
182,16,17,25,26,27,28,35,36,37,38,45,46,47
183,16,17,25,26,27,28,35,36,37,38,45,46,47
184,16,17,25,26,27,28,35,36,37,38,45,46,47
185,16,17,25,26,27,28,35,36,37,38,45,46,47
186,16,17,25,26,27,28,35,36,37,38,45,46,47
187,16,17,25,26,27,28,35,36,37,38,45,46,47
188,16,17,25,26,27,28,35,36,37,38,45,46,47
189,16,17,25,26,27,28,35,36,37,38,45,46,47
190,16,17,25,26,27,28,35,36,37,38,45,46,47
191,16,17,25,26,27,28,35,36,37,38,45,46,47
192,16,17,25,26,27,28,35,36,37,38,45,46,47
193,16,17,25,26,27,28,35,36,37,38,45,46,47
194,16,17,25,26,27,28,35,36,37,38,45,46,47
195,16,17,25,26,27,28,35,36,37,38,45,46,47
196,16,17,25,26,27,28,35,36,37,38,45,46,47
197,16,17,25,26,27,28,35,36,37,38,45,46,47
198,16,17,25,26,27,28,35,36,37,38,45,46,47
199,16,17,25,26,27,28,35,36,37,38,45,46,47
200,16,17,25,26,27,28,35,36,37,38,45,46,47
201,16,17,25,26,27,28,35,36,37,38,45,46,47
202,16,17,25,26,27,28,35,36,37,38,45,46,47
203,16,17,25,26,27,28,35,36,37,38,45,46,47
204,16,17,25,26,27,28,35,36,37,38,45,46,47
205,16,17,25,26,27,28,35,36,37,38,45,46,47
206,16,17,25,26,27,28,35,36,37,38,45,46,47
207,16,17,25,26,27,28,35,36,37,38,45,46,47
208,16,17,25,26,27,28,35,36,37,38,45,46,47
209,16,17,25,26,27,28,35,36,37,38,45,46,47
210,16,17,25,26,27,28,35,36,37,38,45,46,47
211,16,17,25,26,27,28,35,36,37,38,45,46,47
212,16,17,25,26,27,28,35,36,37,38,45,46,47
213,16,17,25,26,27,28,35,36,37,38,45,46,47
214,16,17,25,26,27,28,35,36,37,38,45,46,47
215,16,17,25,26,27,28,35,36,37,38,45,46,47
216,16,17,25,26,27,28,35,36,37,38,45,46,47
217,16,17,25,26,27,28,35,36,37,38,45,46,47
218,16,17,25,26,27,28,35,36,37,38,45,46,47
219,16,17,25,26,27,28,35,36,37,38,45,46,47
220,16,17,25,26,27,28,35,36,37,38,45,46,47
221,16,17,25,26,27,28,35,36,37,38,45,46,47
222,16,17,25,26,27,28,35,36,37,38,45,46,47
223,16,17,25,26,27,28,35,36,37,38,45,46,47
224,16,17,25,26,27,28,35,36,37,38,45,46,47
225,16,17,25,26,27,28,35,36,37,38,45,46,47
226,16,17,25,26,27,28,35,36,37,38,45,46,47
227,16,17,25,26,27,28,35,36,37,38,45,46,47
228,16,17,25,26,27,28,35,36,37,38,45,46,47
229,16,17,25,26,27,28,35,36,37,38,45,46,47
230,16,17,25,26,27,28,35,36,37,38,45,46,47
231,16,17,25,26,27,28,35,36,37,38,45,46,47
232,16,17,25,26,27,28,35,36,37,38,45,46,47
233,16,17,25,26,27,28,35,36,37,38,45,46,47
234,16,17,25,26,27,28,35,36,37,38,45,46,47
235,16,17,25,26,27,28,35,36,37,38,45,46,47
236,16,17,25,26,27,28,35,36,37,38,45,46,47
237,16,17,25,26,27,35,36,37,38,45,46,47
238,16,17,25,26,27,35,36,37,38,45,46,47
239,16,17,25,26,27,35,36,37,38,45,46,47
240,16,17,25,26,27,35,36,37,38,45,46,47
241,16,17,25,26,27,35,36,37,38,45,46,47
242,16,17,25,26,27,35,36,37,38,45,46,47
243,16,17,25,26,27,35,36,37,38,45,46,47
244,16,17,25,26,27,35,36,37,38,45,46,47
245,16,17,25,26,27,35,36,37,38,45,46,47
246,16,17,25,26,27,35,36,37,38,45,46,47
247,16,17,25,26,27,35,36,37,38,45,46,47
248,16,17,25,26,27,35,36,37,38,45,46,47
249,16,17,25,26,27,35,36,37,38,45,46,47
250,16,17,25,26,27,35,36,37,38,45,46,47
251,16,17,25,26,27,35,36,37,38,45,46,47
252,16,17,25,26,27,35,36,37,38,45,46,47
253,16,17,25,26,27,35,36,37,45,46,47
254,16,17,25,26,27,35,36,37,45,46,47
255,16,17,25,26,27,35,36,37,45,46,47
256,16,17,25,26,27,35,36,37,45,46,47
257,16,17,25,26,27,35,36,37,45,46,47
258,16,17,25,26,27,35,36,37,45,46,47
259,16,17,25,26,27,35,36,37,45,46,47
260,16,17,25,26,27,35,36,37,45,46,47
261,16,17,25,26,27,34,35,36,37,45,46,47
262,16,17,25,26,27,34,35,36,37,45,46,47
263,16,17,25,26,27,34,35,36,37,45,46,47
264,16,17,25,26,27,34,35,36,37,45,46,47
265,16,17,25,26,27,34,35,36,37,45,46,47
266,16,17,25,26,27,34,35,36,37,45,46,47
267,16,17,25,26,27,34,35,36,37,45,46,47
268,16,17,25,26,27,34,35,36,37,45,46,47
269,16,17,25,26,27,34,35,36,37,45,46,47
270,16,17,25,26,27,34,35,36,37,45,46,47
271,16,17,25,26,27,34,35,36,37,45,46,47
272,16,17,25,26,27,34,35,36,37,45,46,47
273,16,17,25,26,27,34,35,36,37,45,46,47
274,16,17,25,26,27,34,35,36,37,45,46,47
275,16,17,25,26,27,34,35,36,37,45,46,47
276,16,17,25,26,27,34,35,36,37,45,46,47
277,16,17,25,26,27,34,35,36,37,45,46,47
278,16,17,25,26,27,34,35,36,37,45,46,47
279,16,17,25,26,27,35,36,37,45,46,47
280,16,17,25,26,27,35,36,37,45,46,47
281,16,17,25,26,27,35,36,37,45,46,47
282,16,17,25,26,27,35,36,37,45,46,47
283,16,17,25,26,27,35,36,37,45,46,47
284,16,17,25,26,27,35,36,37,45,46,47
285,16,17,25,26,27,35,36,37,45,46,47
286,16,17,25,26,27,35,36,37,45,46,47
287,16,17,25,26,27,35,36,37,45,46,47
288,16,17,25,26,27,35,36,37,45,46,47
289,16,17,25,26,27,35,36,37,38,45,46,47
290,16,17,25,26,27,35,36,37,38,45,46,47
291,16,17,25,26,27,35,36,37,38,45,46,47
292,16,17,25,26,27,35,36,37,38,45,46,47
293,16,17,25,26,27,35,36,37,38,45,46,47
294,16,17,25,26,27,35,36,37,38,45,46,47
295,16,17,25,26,27,35,36,37,38,45,46,47
296,16,17,25,26,27,35,36,37,38,45,46,47
297,16,17,25,26,27,35,36,37,38,45,46,47
298,16,17,25,26,27,35,36,37,38,45,46,47
299,16,17,25,26,27,28,35,36,37,38,45,46,47
300,16,17,25,26,27,28,35,36,37,38,45,46,47
301,16,17,25,26,27,28,35,36,37,38,45,46,47
302,16,17,25,26,27,28,35,36,37,38,45,46,47
303,16,17,25,26,27,28,35,36,37,38,45,46,47
304,16,17,25,26,27,28,35,36,37,38,45,46,47
305,16,17,25,26,27,28,35,36,37,38,45,46,47
306,16,17,25,26,27,28,35,36,37,38,45,46,47
307,16,17,25,26,27,28,35,36,37,38,45,46,47
308,16,17,25,26,27,28,35,36,37,38,45,46,47
309,16,17,25,26,27,28,35,36,37,38,45,46,47
310,16,17,25,26,27,28,35,36,37,38,45,46,47
311,16,17,25,26,27,28,35,36,37,38,45,46,47
312,16,17,25,26,27,28,35,36,37,38,45,46,47
313,16,17,25,26,27,28,35,36,37,38,45,46,47
314,16,17,25,26,27,28,35,36,37,38,45,46,47
315,16,17,25,26,27,28,35,36,37,38,45,46,47
316,16,17,25,26,27,28,35,36,37,38,45,46,47
317,16,17,25,26,27,28,35,36,37,38,45,46,47
318,16,17,25,26,27,28,35,36,37,38,45,46,47
319,16,17,25,26,27,28,35,36,37,38,45,46,47
320,16,17,25,26,27,28,35,36,37,38,45,46,47
321,16,17,25,26,27,28,35,36,37,38,45,46,47
322,16,17,25,26,27,28,35,36,37,38,45,46,47
323,16,17,25,26,27,28,35,36,37,38,45,46,47
324,16,17,25,26,27,28,35,36,37,38,45,46,47
325,16,17,25,26,27,28,35,36,37,38,45,46,47
326,16,17,25,26,27,28,35,36,37,38,45,46,47
327,16,17,25,26,27,28,35,36,37,38,45,46,47
328,16,17,25,26,27,28,35,36,37,38,45,46,47
329,16,17,25,26,27,28,35,36,37,38,45,46,47
330,16,17,25,26,27,28,35,36,37,38,45,46,47
331,16,17,25,26,27,28,35,36,37,38,45,46,47
332,16,17,25,26,27,28,35,36,37,38,45,46,47
333,16,17,25,26,27,28,35,36,37,38,45,46,47
334,16,17,25,26,27,28,35,36,37,38,45,46,47
335,16,17,25,26,27,28,35,36,37,38,45,46,47
336,16,17,25,26,27,28,35,36,37,38,45,46,47
337,16,17,25,26,27,28,35,36,37,38,45,46,47
338,16,17,25,26,27,28,35,36,37,38,45,46,47
339,16,17,25,26,27,28,35,36,37,38,45,46,47
340,16,17,25,26,27,28,35,36,37,38,45,46,47
341,16,17,25,26,27,28,35,36,37,38,45,46,47
342,16,17,25,26,27,28,35,36,37,38,45,46,47
343,16,17,25,26,27,28,35,36,37,38,45,46,47
344,16,17,25,26,27,28,35,36,37,38,45,46,47
345,16,17,25,26,27,28,35,36,37,38,45,46,47
346,16,17,25,26,27,28,35,36,37,38,45,46,47
347,16,17,25,26,27,28,35,36,37,38,45,46,47
348,16,17,25,26,27,28,35,36,37,38,45,46,47
349,16,17,25,26,27,28,35,36,37,38,45,46,47
350,16,17,25,26,27,28,35,36,37,38,45,46,47
351,16,17,25,26,27,28,35,36,37,38,45,46,47
352,16,17,25,26,27,28,35,36,37,38,45,46,47
353,16,17,25,26,27,28,35,36,37,38,45,46,47
354,16,17,25,26,27,28,35,36,37,38,45,46,47
355,16,17,25,26,27,28,35,36,37,38,45,46,47
356,16,17,25,26,27,28,35,36,37,38,45,46,47
357,16,17,25,26,27,28,35,36,37,38,45,46,47
358,16,17,25,26,27,28,35,36,37,38,45,46,47
359,16,17,25,26,27,28,35,36,37,38,45,46,47
360,16,17,25,26,27,28,35,36,37,38,45,46,47
361,16,17,25,26,27,28,35,36,37,38,45,46,47
362,16,17,25,26,27,28,35,36,37,38,45,46,47
363,16,17,25,26,27,28,35,36,37,38,45,46,47
364,16,17,25,26,27,28,35,36,37,38,45,46,47
365,16,17,25,26,27,28,35,36,37,38,45,46,47
366,16,17,25,26,27,28,35,36,37,38,45,46,47
367,16,17,25,26,27,28,35,36,37,38,45,46,47
368,16,17,25,26,27,28,35,36,37,38,45,46,47
369,16,17,25,26,27,28,35,36,37,38,45,46,47
370,16,17,25,26,27,28,35,36,37,38,45,46,47
371,16,17,25,26,27,28,35,36,37,38,45,46,47
372,16,17,25,26,27,28,35,36,37,38,45,46,47
373,16,17,25,26,27,28,35,36,37,38,45,46,47
374,16,17,25,26,27,28,35,36,37,38,45,46,47
375,16,17,25,26,27,28,35,36,37,38,45,46,47
376,16,17,25,26,27,28,35,36,37,38,45,46,47
377,16,17,25,26,27,28,35,36,37,38,45,46,47
378,16,17,25,26,27,28,35,36,37,38,45,46,47
379,16,17,25,26,27,28,35,36,37,38,45,46,47
380,16,17,25,26,27,28,35,36,37,38,45,46,47
381,16,17,25,26,27,28,35,36,37,38,45,46,47
382,16,17,25,26,27,28,35,36,37,38,45,46,47
383,16,17,25,26,27,28,35,36,37,38,45,46,47
384,16,17,25,26,27,28,35,36,37,38,45,46,47
385,16,17,25,26,27,28,35,36,37,38,45,46,47
386,16,17,25,26,27,28,35,36,37,38,45,46,47
387,16,17,25,26,27,28,35,36,37,38,45,46,47
388,16,17,25,26,27,28,35,36,37,38,45,46,47
389,16,17,25,26,27,28,35,36,37,38,45,46,47
390,16,17,25,26,27,28,35,36,37,38,45,46,47
391,16,17,25,26,27,28,35,36,37,38,45,46,47
392,16,17,25,26,27,28,35,36,37,38,45,46,47
393,16,17,25,26,27,28,35,36,37,38,45,46,47
394,16,17,25,26,27,28,35,36,37,38,45,46,47
395,16,17,25,26,27,28,35,36,37,38,45,46,47
396,16,17,25,26,27,28,35,36,37,38,45,46,47
397,16,17,25,26,27,28,35,36,37,38,45,46,47
398,16,17,25,26,27,28,35,36,37,38,45,46,47
399,16,17,25,26,27,28,35,36,37,38,45,46,47
400,16,17,25,26,27,28,35,36,37,38,45,46,47
401,16,17,25,26,27,28,35,36,37,38,45,46,47
402,16,17,25,26,27,28,35,36,37,38,45,46,47
403,16,17,25,26,27,28,35,36,37,38,45,46,47
404,16,17,25,26,27,28,35,36,37,38,45,46,47
405,16,17,25,26,27,28,35,36,37,38,45,46,47
406,16,17,25,26,27,28,35,36,37,38,45,46,47
407,16,17,25,26,27,28,35,36,37,38,45,46,47
408,16,17,25,26,27,28,35,36,37,38,45,46,47
409,16,17,25,26,27,28,35,36,37,38,45,46,47
410,16,17,25,26,27,28,35,36,37,38,45,46,47
411,16,17,25,26,27,28,35,36,37,38,45,46,47
412,16,17,25,26,27,28,35,36,37,38,45,46,47
413,16,17,25,26,27,28,35,36,37,38,45,46,47
414,16,17,25,26,27,28,35,36,37,38,45,46,47
415,16,17,25,26,27,28,35,36,37,38,45,46,47
416,16,17,25,26,27,28,35,36,37,38,45,46,47
417,16,17,25,26,27,28,35,36,37,38,45,46,47,48
418,16,17,25,26,27,28,35,36,37,38,45,46,47,48
419,16,17,25,26,27,28,35,36,37,38,45,46,47,48
420,16,17,25,26,27,28,35,36,37,38,45,46,47,48
421,16,17,25,26,27,28,35,36,37,38,45,46,47,48
422,16,17,25,26,27,28,35,36,37,38,45,46,47,48
423,16,17,25,26,27,28,35,36,37,38,45,46,47,48
424,16,17,25,26,27,28,35,36,37,38,45,46,47,48
425,16,17,25,26,27,28,35,36,37,38,45,46,47,48
426,16,17,25,26,27,28,35,36,37,38,45,46,47,48
427,16,17,25,26,27,28,35,36,37,38,45,46,47,48
428,16,17,25,26,27,28,35,36,37,38,45,46,47,48
429,16,17,25,26,27,28,35,36,37,38,45,46,47,48
430,16,17,25,26,27,28,35,36,37,38,45,46,47,48
431,16,17,25,26,27,28,35,36,37,38,45,46,47,48
432,16,17,25,26,27,28,35,36,37,38,45,46,47,48
433,16,17,25,26,27,28,35,36,37,38,45,46,47,48
434,16,17,25,26,27,28,35,36,37,38,45,46,47,48
435,16,17,25,26,27,28,35,36,37,38,45,46,47,48
436,16,17,25,26,27,28,35,36,37,38,45,46,47,48
437,16,17,25,26,27,28,35,36,37,38,45,46,47,48
438,16,17,25,26,27,28,35,36,37,38,45,46,47,48
439,16,17,25,26,27,28,35,36,37,38,45,46,47,48
440,16,17,25,26,27,28,35,36,37,38,45,46,47,48
441,16,17,25,26,27,28,35,36,37,38,45,46,47,48
442,16,17,25,26,27,28,35,36,37,38,45,46,47,48
443,16,17,25,26,27,28,35,36,37,38,45,46,47,48
444,16,17,25,26,27,28,35,36,37,38,45,46,47,48
445,16,17,25,26,27,28,35,36,37,38,45,46,47,48
446,16,17,25,26,27,28,35,36,37,38,45,46,47,48
447,16,17,25,26,27,28,35,36,37,38,45,46,47,48
448,16,17,25,26,27,28,35,36,37,38,45,46,47,48
449,16,17,25,26,27,28,35,36,37,38,45,46,47,48
450,16,17,25,26,27,28,35,36,37,38,45,46,47,48
451,16,17,25,26,27,28,35,36,37,38,45,46,47,48
452,16,17,25,26,27,28,35,36,37,38,45,46,47,48
453,16,17,25,26,27,28,35,36,37,38,45,46,47,48
454,16,17,25,26,27,28,35,36,37,38,45,46,47,48
455,16,17,25,26,27,28,35,36,37,38,45,46,47,48
456,16,17,25,26,27,28,35,36,37,38,45,46,47,48
457,16,17,25,26,27,28,35,36,37,38,45,46,47,48
458,16,17,25,26,27,28,35,36,37,38,45,46,47,48
459,16,17,25,26,27,28,35,36,37,38,45,46,47,48
460,16,17,25,26,27,28,35,36,37,38,45,46,47,48
461,16,17,25,26,27,28,35,36,37,38,45,46,47,48
462,16,17,25,26,27,28,35,36,37,38,45,46,47,48
463,16,17,25,26,27,28,35,36,37,38,45,46,47,48
464,16,17,25,26,27,28,35,36,37,38,45,46,47,48
465,16,17,25,26,27,28,35,36,37,38,45,46,47,48
466,16,17,25,26,27,28,35,36,37,38,45,46,47,48
467,16,17,25,26,27,28,35,36,37,38,45,46,47,48
468,16,17,25,26,27,28,35,36,37,38,45,46,47,48
469,16,17,25,26,27,28,35,36,37,38,45,46,47,48
470,16,17,25,26,27,28,35,36,37,38,45,46,47,48
471,16,17,25,26,27,28,35,36,37,38,45,46,47,48
472,16,17,25,26,27,28,35,36,37,38,45,46,47,48
473,16,17,25,26,27,28,35,36,37,38,45,46,47,48
474,16,17,25,26,27,28,35,36,37,38,45,46,47,48
475,16,17,25,26,27,28,35,36,37,38,45,46,47,48
476,16,17,25,26,27,28,35,36,37,38,45,46,47,48
477,16,17,25,26,27,28,35,36,37,38,45,46,47,48
478,16,17,25,26,27,28,35,36,37,38,45,46,47,48
479,16,17,25,26,27,28,35,36,37,38,45,46,47,48
480,16,17,25,26,27,28,35,36,37,38,45,46,47,48
481,16,17,25,26,27,28,35,36,37,38,45,46,47,48
482,16,17,25,26,27,28,35,36,37,38,45,46,47,48
483,16,17,25,26,27,28,35,36,37,38,45,46,47,48
484,16,17,25,26,27,28,35,36,37,38,45,46,47,48
485,16,17,25,26,27,28,35,36,37,38,45,46,47,48
486,16,17,25,26,27,28,35,36,37,38,45,46,47,48
487,16,17,25,26,27,28,35,36,37,38,45,46,47,48
488,16,17,25,26,27,28,35,36,37,38,45,46,47,48
489,16,17,25,26,27,28,35,36,37,38,45,46,47,48
490,16,17,25,26,27,28,35,36,37,38,45,46,47,48
491,16,17,25,26,27,28,35,36,37,38,45,46,47,48
492,16,17,25,26,27,28,35,36,37,38,45,46,47,48
493,16,17,25,26,27,28,35,36,37,38,45,46,47,48
494,16,17,25,26,27,28,35,36,37,38,45,46,47,48
495,16,17,25,26,27,28,35,36,37,38,45,46,47,48
496,16,17,25,26,27,28,35,36,37,38,45,46,47,48
497,16,17,25,26,27,28,35,36,37,38,45,46,47,48
498,16,17,25,26,27,28,35,36,37,38,45,46,47,48
499,16,17,25,26,27,28,35,36,37,38,45,46,47,48
500,16,17,25,26,27,28,35,36,37,38,45,46,47,48
501,16,17,25,26,27,28,35,36,37,38,45,46,47,48
502,16,17,25,26,27,28,35,36,37,38,45,46,47,48
503,16,17,25,26,27,28,35,36,37,38,45,46,47,48
504,16,17,25,26,27,28,35,36,37,38,45,46,47,48
505,16,17,25,26,27,28,35,36,37,38,45,46,47,48
506,16,17,25,26,27,28,35,36,37,38,45,46,47,48
507,16,17,25,26,27,28,35,36,37,38,45,46,47,48
508,16,17,25,26,27,28,35,36,37,38,45,46,47,48
509,16,17,25,26,27,28,35,36,37,38,45,46,47,48
510,16,17,25,26,27,28,35,36,37,38,45,46,47,48
511,16,17,25,26,27,28,35,36,37,38,45,46,47,48
512,16,17,25,26,27,28,35,36,37,38,45,46,47,48
513,16,17,25,26,27,28,35,36,37,38,45,46,47,48
514,16,17,25,26,27,28,35,36,37,38,45,46,47,48
515,16,17,25,26,27,28,35,36,37,38,45,46,47,48
516,16,17,25,26,27,28,35,36,37,38,45,46,47,48
517,16,17,25,26,27,28,35,36,37,38,45,46,47,48
518,16,17,25,26,27,28,35,36,37,38,45,46,47,48
519,16,17,25,26,27,28,35,36,37,38,45,46,47,48
520,16,17,25,26,27,28,35,36,37,38,45,46,47,48
521,16,17,25,26,27,28,35,36,37,38,45,46,47,48
522,16,17,25,26,27,28,35,36,37,38,45,46,47,48
523,16,17,25,26,27,28,35,36,37,38,45,46,47,48
524,16,17,25,26,27,28,35,36,37,38,45,46,47,48
525,16,17,25,26,27,28,35,36,37,38,45,46,47,48
526,16,17,25,26,27,28,35,36,37,38,45,46,47,48
527,16,17,25,26,27,28,35,36,37,38,45,46,47,48
528,16,17,25,26,27,28,35,36,37,38,45,46,47,48
529,16,17,25,26,27,28,35,36,37,38,45,46,47,48
530,16,17,25,26,27,28,35,36,37,38,45,46,47,48
531,16,17,25,26,27,28,35,36,37,38,45,46,47,48
532,16,17,25,26,27,28,35,36,37,38,45,46,47,48
533,16,17,25,26,27,28,35,36,37,38,45,46,47,48
534,16,17,25,26,27,28,35,36,37,38,45,46,47,48
535,16,17,25,26,27,28,35,36,37,38,45,46,47,48
536,16,17,25,26,27,28,35,36,37,38,45,46,47,48
537,16,17,25,26,27,28,35,36,37,38,45,46,47,48
538,16,17,25,26,27,28,35,36,37,38,45,46,47,48
539,16,17,25,26,27,28,35,36,37,38,45,46,47,48
540,16,17,25,26,27,28,35,36,37,38,45,46,47,48
541,16,17,25,26,27,28,35,36,37,38,45,46,47,48
542,16,17,25,26,27,28,35,36,37,38,45,46,47,48
543,16,17,25,26,27,28,35,36,37,38,45,46,47,48
544,16,17,25,26,27,28,35,36,37,38,45,46,47,48
545,16,17,25,26,27,28,35,36,37,38,45,46,47,48
546,16,17,25,26,27,28,35,36,37,38,45,46,47,48
547,16,17,25,26,27,28,35,36,37,38,45,46,47,48
548,16,17,25,26,27,28,35,36,37,38,45,46,47,48
549,16,17,25,26,27,28,35,36,37,38,45,46,47,48
550,16,17,25,26,27,28,35,36,37,38,45,46,47,48
551,16,17,25,26,27,28,35,36,37,38,45,46,47,48
552,16,17,25,26,27,28,35,36,37,38,45,46,47,48
553,16,17,25,26,27,28,35,36,37,38,45,46,47,48
554,16,17,25,26,27,28,35,36,37,38,45,46,47,48
555,16,17,25,26,27,28,35,36,37,38,45,46,47,48
556,16,17,25,26,27,28,35,36,37,38,45,46,47,48
557,16,17,25,26,27,28,35,36,37,38,45,46,47,48
558,16,17,25,26,27,28,35,36,37,38,45,46,47,48
559,16,17,25,26,27,28,35,36,37,38,45,46,47,48
560,16,17,25,26,27,28,35,36,37,38,45,46,47,48
561,16,17,25,26,27,28,35,36,37,38,45,46,47,48
562,16,17,25,26,27,28,35,36,37,38,45,46,47,48
563,16,17,25,26,27,28,35,36,37,38,45,46,47,48
564,16,17,25,26,27,28,35,36,37,38,45,46,47,48
565,16,17,25,26,27,28,35,36,37,38,45,46,47,48
566,16,17,25,26,27,28,35,36,37,38,45,46,47,48
567,16,17,25,26,27,28,35,36,37,38,45,46,47,48
568,16,17,25,26,27,28,35,36,37,38,45,46,47,48
569,16,17,25,26,27,28,35,36,37,38,45,46,47,48
570,16,17,25,26,27,28,35,36,37,38,45,46,47,48
571,16,17,25,26,27,28,35,36,37,38,45,46,47,48
572,16,17,25,26,27,28,35,36,37,38,45,46,47,48
573,16,17,25,26,27,28,35,36,37,38,45,46,47,48
574,16,17,25,26,27,28,35,36,37,38,45,46,47,48
575,16,17,25,26,27,28,35,36,37,38,45,46,47,48
576,16,17,25,26,27,28,35,36,37,38,45,46,47,48
577,16,17,25,26,27,28,35,36,37,38,45,46,47,48
578,16,17,25,26,27,28,35,36,37,38,45,46,47,48
579,16,17,25,26,27,28,35,36,37,38,45,46,47,48
580,16,17,25,26,27,28,35,36,37,38,45,46,47,48
581,16,17,25,26,27,28,35,36,37,38,45,46,47,48
582,16,17,25,26,27,28,35,36,37,38,45,46,47,48
583,16,17,25,26,27,28,35,36,37,38,45,46,47,48
584,16,17,25,26,27,28,35,36,37,38,45,46,47,48
585,16,17,25,26,27,28,35,36,37,38,45,46,47,48
586,16,17,25,26,27,28,35,36,37,38,45,46,47,48
587,16,17,25,26,27,28,35,36,37,38,45,46,47,48
588,16,17,25,26,27,28,35,36,37,38,45,46,47,48
589,16,17,25,26,27,28,35,36,37,38,45,46,47,48
590,16,17,25,26,27,28,35,36,37,38,45,46,47,48
591,16,17,25,26,27,28,35,36,37,38,45,46,47,48
592,16,17,25,26,27,28,35,36,37,38,45,46,47,48
593,16,17,25,26,27,28,35,36,37,38,45,46,47,48
594,16,17,25,26,27,28,35,36,37,38,45,46,47,48
595,16,17,25,26,27,28,35,36,37,38,45,46,47,48
596,16,17,25,26,27,28,35,36,37,38,45,46,47,48
597,16,17,25,26,27,28,35,36,37,38,45,46,47,48
598,16,17,25,26,27,28,35,36,37,38,45,46,47,48
599,16,17,25,26,27,28,35,36,37,38,45,46,47,48
600,16,17,25,26,27,28,35,36,37,38,45,46,47,48
601,16,17,25,26,27,28,35,36,37,38,45,46,47,48
602,16,17,25,26,27,28,35,36,37,38,45,46,47,48
603,16,17,25,26,27,28,35,36,37,38,45,46,47,48
604,16,17,25,26,27,28,35,36,37,38,45,46,47,48
605,16,17,25,26,27,28,35,36,37,38,45,46,47,48
606,16,17,25,26,27,28,35,36,37,38,45,46,47,48
607,16,17,25,26,27,28,35,36,37,38,45,46,47
608,16,17,25,26,27,28,35,36,37,38,45,46,47
609,16,17,24,25,26,27,34,35,36,37,45,46,47
610,16,17,24,25,26,27,34,35,36,37,45,46,47
611,15,16,17,24,25,26,27,34,35,36,37,45,46,47
612,15,16,17,24,25,26,27,34,35,36,37,45,46,47
613,15,16,24,25,26,27,34,35,36,37,44,45,46,47
614,15,16,24,25,26,27,34,35,36,37,44,45,46,47
615,15,16,24,25,26,27,34,35,36,37,44,45,46,47
616,15,16,24,25,26,27,34,35,36,37,44,45,46,47
617,15,16,24,25,26,27,34,35,36,37,44,45,46,47
618,15,16,24,25,26,27,34,35,36,37,44,45,46,47
619,15,16,24,25,26,27,34,35,36,37,44,45,46,47
620,15,16,24,25,26,27,34,35,36,37,44,45,46,47
621,15,16,24,25,26,27,34,35,36,37,44,45,46
622,15,16,24,25,26,27,34,35,36,37,44,45,46
623,15,16,24,25,26,27,34,35,36,37,44,45,46
624,15,16,24,25,26,27,34,35,36,37,44,45,46
625,15,16,24,25,26,34,35,36,44,45,46
626,15,16,24,25,26,34,35,36,44,45,46
627,15,16,23,24,25,26,33,34,35,36,44,45,46
628,15,16,23,24,25,26,33,34,35,36,44,45,46
629,15,16,23,24,25,26,33,34,35,36,44,45,46
630,15,16,23,24,25,26,33,34,35,36,44,45,46
631,14,15,16,23,24,25,26,33,34,35,36,44,45,46
632,14,15,16,23,24,25,26,33,34,35,36,44,45,46
633,14,15,16,23,24,25,26,33,34,35,36,44,45,46
634,14,15,16,23,24,25,26,33,34,35,36,44,45,46
635,14,15,16,23,24,25,26,33,34,35,36,43,44,45,46
636,14,15,16,23,24,25,26,33,34,35,36,43,44,45,46
637,14,15,16,23,24,25,26,33,34,35,36,43,44,45,46
638,14,15,16,23,24,25,26,33,34,35,36,43,44,45,46
639,14,15,16,23,24,25,26,33,34,35,36,43,44,45,46
640,14,15,16,23,24,25,26,33,34,35,36,43,44,45,46
641,14,15,16,23,24,25,26,33,34,35,36,43,44,45,46
642,14,15,16,23,24,25,26,33,34,35,36,43,44,45,46
643,14,15,16,23,24,25,26,33,34,35,36,43,44,45,46
644,14,15,16,23,24,25,26,33,34,35,36,43,44,45,46
645,14,15,23,24,25,26,33,34,35,36,43,44,45,46
646,14,15,23,24,25,26,33,34,35,36,43,44,45,46
647,14,15,23,24,25,26,33,34,35,36,43,44,45,46
648,14,15,23,24,25,26,33,34,35,36,43,44,45,46
649,14,15,23,24,25,26,33,34,35,36,43,44,45,46
650,14,15,23,24,25,26,33,34,35,36,43,44,45,46
651,14,15,23,24,25,26,33,34,35,36,43,44,45,46
652,14,15,23,24,25,26,33,34,35,36,43,44,45,46
653,14,15,23,24,25,26,33,34,35,36,43,44,45,46
654,14,15,23,24,25,26,33,34,35,36,43,44,45,46
655,14,15,23,24,25,26,33,34,35,36,43,44,45,46
656,14,15,23,24,25,26,33,34,35,36,43,44,45,46
657,14,15,23,24,25,26,33,34,35,36,43,44,45,46
658,14,15,23,24,25,26,33,34,35,36,43,44,45,46
659,14,15,23,24,25,26,33,34,35,36,43,44,45,46
660,14,15,23,24,25,26,33,34,35,36,43,44,45,46
661,14,15,23,24,25,26,33,34,35,36,43,44,45,46
662,14,15,23,24,25,26,33,34,35,36,43,44,45,46
663,14,15,23,24,25,26,33,34,35,36,43,44,45,46
664,14,15,23,24,25,26,33,34,35,36,43,44,45,46
665,14,15,23,24,25,26,33,34,35,36,43,44,45,46
666,14,15,23,24,25,26,33,34,35,36,43,44,45,46
667,14,15,23,24,25,26,33,34,35,36,43,44,45,46
668,14,15,23,24,25,26,33,34,35,36,43,44,45,46
669,14,15,23,24,25,26,33,34,35,36,43,44,45,46
670,14,15,23,24,25,26,33,34,35,36,43,44,45,46
671,14,15,23,24,25,26,33,34,35,36,43,44,45,46
672,14,15,23,24,25,26,33,34,35,36,43,44,45,46
673,14,15,23,24,25,26,33,34,35,36,43,44,45,46
674,14,15,23,24,25,26,33,34,35,36,43,44,45,46
675,14,15,23,24,25,26,33,34,35,36,43,44,45,46
676,14,15,23,24,25,26,33,34,35,36,43,44,45,46
677,14,15,23,24,25,26,33,34,35,36,43,44,45,46
678,14,15,23,24,25,26,33,34,35,36,43,44,45,46
679,14,15,23,24,25,26,33,34,35,36,43,44,45,46
680,14,15,23,24,25,26,33,34,35,36,43,44,45,46
681,14,15,23,24,25,26,33,34,35,36,43,44,45,46
682,14,15,23,24,25,26,33,34,35,36,43,44,45,46
683,14,15,23,24,25,26,33,34,35,36,43,44,45,46
684,14,15,23,24,25,26,33,34,35,36,43,44,45,46
685,14,15,23,24,25,26,33,34,35,36,43,44,45,46
686,14,15,23,24,25,26,33,34,35,36,43,44,45,46
687,14,15,23,24,25,26,33,34,35,36,43,44,45,46
688,14,15,23,24,25,26,33,34,35,36,43,44,45,46
689,14,15,23,24,25,26,33,34,35,36,43,44,45,46
690,14,15,23,24,25,26,33,34,35,36,43,44,45,46
691,14,15,23,24,25,26,33,34,35,36,43,44,45,46
692,14,15,23,24,25,26,33,34,35,36,43,44,45,46
693,14,15,23,24,25,26,33,34,35,36,43,44,45,46
694,14,15,23,24,25,26,33,34,35,36,43,44,45,46
695,14,15,23,24,25,26,33,34,35,36,43,44,45,46
696,14,15,23,24,25,26,33,34,35,36,43,44,45,46
697,14,15,23,24,25,26,33,34,35,36,43,44,45,46
698,14,15,23,24,25,26,33,34,35,36,43,44,45,46
699,14,15,23,24,25,26,33,34,35,36,43,44,45,46
700,14,15,23,24,25,26,33,34,35,36,43,44,45,46
701,14,15,23,24,25,26,33,34,35,36,43,44,45,46
702,14,15,23,24,25,26,33,34,35,36,43,44,45,46
703,14,15,23,24,25,26,33,34,35,36,43,44,45,46
704,14,15,23,24,25,26,33,34,35,36,43,44,45,46
705,14,15,23,24,25,26,33,34,35,36,43,44,45,46
706,14,15,23,24,25,26,33,34,35,36,43,44,45,46
707,14,15,23,24,25,26,33,34,35,36,43,44,45,46
708,14,15,23,24,25,26,33,34,35,36,43,44,45,46
709,14,15,23,24,25,26,33,34,35,36,43,44,45,46
710,14,15,23,24,25,26,33,34,35,36,43,44,45,46
711,14,15,23,24,25,26,33,34,35,36,43,44,45,46
712,14,15,23,24,25,26,33,34,35,36,43,44,45,46
713,14,15,23,24,25,26,33,34,35,36,43,44,45,46
714,14,15,23,24,25,26,33,34,35,36,43,44,45,46
715,14,15,23,24,25,26,33,34,35,36,43,44,45,46
716,14,15,23,24,25,26,33,34,35,36,43,44,45,46
717,14,15,23,24,25,26,33,34,35,36,43,44,45,46
718,14,15,23,24,25,26,33,34,35,36,43,44,45,46
719,14,15,23,24,25,26,33,34,35,36,43,44,45,46
720,14,15,23,24,25,26,33,34,35,36,43,44,45,46
721,14,15,23,24,25,26,33,34,35,36,43,44,45,46
722,14,15,23,24,25,26,33,34,35,36,43,44,45,46
723,14,15,23,24,25,26,33,34,35,36,43,44,45,46
724,14,15,23,24,25,26,33,34,35,36,43,44,45,46
725,14,15,23,24,25,26,33,34,35,36,43,44,45,46
726,14,15,23,24,25,26,33,34,35,36,43,44,45,46
727,14,15,23,24,25,26,33,34,35,36,43,44,45,46
728,14,15,23,24,25,26,33,34,35,36,43,44,45,46
729,14,15,23,24,25,26,33,34,35,36,43,44,45,46
730,14,15,23,24,25,26,33,34,35,36,43,44,45,46
731,14,15,23,24,25,26,33,34,35,36,43,44,45,46
732,14,15,23,24,25,26,33,34,35,36,43,44,45,46
733,14,15,23,24,25,26,33,34,35,36,43,44,45,46
734,14,15,23,24,25,26,33,34,35,36,43,44,45,46
735,14,15,23,24,25,26,33,34,35,36,43,44,45,46
736,14,15,23,24,25,26,33,34,35,36,43,44,45,46
737,14,15,23,24,25,26,33,34,35,36,43,44,45,46
738,14,15,23,24,25,26,33,34,35,36,43,44,45,46
739,14,15,23,24,25,26,33,34,35,36,43,44,45,46
740,14,15,23,24,25,26,33,34,35,36,43,44,45,46
741,14,15,23,24,25,26,33,34,35,36,43,44,45,46
742,14,15,23,24,25,26,33,34,35,36,43,44,45,46
743,14,15,23,24,25,26,33,34,35,36,43,44,45,46
744,14,15,23,24,25,26,33,34,35,36,43,44,45,46
745,14,15,23,24,25,26,33,34,35,36,43,44,45,46
746,14,15,23,24,25,26,33,34,35,36,43,44,45,46
747,14,15,23,24,25,26,33,34,35,36,43,44,45,46
748,14,15,23,24,25,26,33,34,35,36,43,44,45,46
749,14,15,23,24,25,26,33,34,35,36,43,44,45,46
750,14,15,23,24,25,26,33,34,35,36,43,44,45,46
751,14,15,23,24,25,26,33,34,35,36,43,44,45,46
752,14,15,23,24,25,26,33,34,35,36,43,44,45,46
753,14,15,23,24,25,26,33,34,35,36,43,44,45,46
754,14,15,23,24,25,26,33,34,35,36,43,44,45,46
755,14,15,23,24,25,26,33,34,35,36,43,44,45,46
756,14,15,23,24,25,26,33,34,35,36,43,44,45,46
757,14,15,23,24,25,26,33,34,35,36,43,44,45,46
758,14,15,23,24,25,26,33,34,35,36,43,44,45,46
759,14,15,23,24,25,26,33,34,35,36,43,44,45,46
760,14,15,23,24,25,26,33,34,35,36,43,44,45,46
761,14,15,23,24,25,26,33,34,35,36,43,44,45,46
762,14,15,23,24,25,26,33,34,35,36,43,44,45,46
763,14,15,23,24,25,26,33,34,35,36,43,44,45,46
764,14,15,23,24,25,26,33,34,35,36,43,44,45,46
765,14,15,23,24,25,26,33,34,35,36,43,44,45,46
766,14,15,23,24,25,26,33,34,35,36,43,44,45,46
767,14,15,23,24,25,26,33,34,35,36,43,44,45,46
768,14,15,23,24,25,26,33,34,35,36,43,44,45,46
769,14,15,23,24,25,26,33,34,35,36,43,44,45,46
770,14,15,23,24,25,26,33,34,35,36,43,44,45,46
771,14,15,23,24,25,26,33,34,35,36,43,44,45,46
772,14,15,23,24,25,26,33,34,35,36,43,44,45,46
773,14,15,23,24,25,26,33,34,35,36,43,44,45,46
774,14,15,23,24,25,26,33,34,35,36,43,44,45,46
775,14,15,23,24,25,26,33,34,35,36,43,44,45,46
776,14,15,23,24,25,26,33,34,35,36,43,44,45,46
777,14,15,23,24,25,26,33,34,35,36,43,44,45,46
778,14,15,23,24,25,26,33,34,35,36,43,44,45,46
779,14,15,23,24,25,26,33,34,35,36,43,44,45,46
780,14,15,23,24,25,26,33,34,35,36,43,44,45,46
781,14,15,23,24,25,26,33,34,35,36,43,44,45,46
782,14,15,23,24,25,26,33,34,35,36,43,44,45,46
783,14,15,23,24,25,26,33,34,35,36,43,44,45,46
784,14,15,23,24,25,26,33,34,35,36,43,44,45,46
785,14,15,23,24,25,26,33,34,35,36,43,44,45,46
786,14,15,23,24,25,26,33,34,35,36,43,44,45,46
787,14,15,23,24,25,26,33,34,35,36,43,44,45,46
788,14,15,23,24,25,26,33,34,35,36,43,44,45,46
789,14,15,23,24,25,26,33,34,35,36,43,44,45,46
790,14,15,23,24,25,26,33,34,35,36,43,44,45,46
791,14,15,23,24,25,26,33,34,35,36,43,44,45,46
792,14,15,23,24,25,26,33,34,35,36,43,44,45,46
793,14,15,23,24,25,26,33,34,35,36,43,44,45,46
794,14,15,23,24,25,26,33,34,35,36,43,44,45,46
795,14,15,23,24,25,26,33,34,35,36,43,44,45,46
796,14,15,23,24,25,26,33,34,35,36,43,44,45,46
797,14,15,23,24,25,26,33,34,35,36,43,44,45,46
798,14,15,23,24,25,26,33,34,35,36,43,44,45,46
799,14,15,23,24,25,26,33,34,35,36,43,44,45,46
800,14,15,23,24,25,26,33,34,35,36,43,44,45,46
801,14,15,23,24,25,26,33,34,35,36,43,44,45,46
802,14,15,23,24,25,26,33,34,35,36,43,44,45,46
803,14,15,23,24,25,26,33,34,35,36,43,44,45,46
804,14,15,23,24,25,26,33,34,35,36,43,44,45,46
805,14,15,23,24,25,26,33,34,35,36,43,44,45,46
806,14,15,23,24,25,26,33,34,35,36,43,44,45,46
807,14,15,23,24,25,26,33,34,35,36,43,44,45,46
808,14,15,23,24,25,26,33,34,35,36,43,44,45,46
809,14,15,23,24,25,26,33,34,35,36,43,44,45,46
810,14,15,23,24,25,26,33,34,35,36,43,44,45,46
811,14,15,23,24,25,26,33,34,35,36,43,44,45,46
812,14,15,23,24,25,26,33,34,35,36,43,44,45,46
813,14,15,23,24,25,26,33,34,35,36,43,44,45,46
814,14,15,23,24,25,26,33,34,35,36,43,44,45,46
815,14,15,23,24,25,26,33,34,35,36,43,44,45,46
816,14,15,23,24,25,26,33,34,35,36,43,44,45,46
817,14,15,23,24,25,26,33,34,35,36,43,44,45,46
818,14,15,23,24,25,26,33,34,35,36,43,44,45,46
819,14,15,23,24,25,26,33,34,35,36,43,44,45,46
820,14,15,23,24,25,26,33,34,35,36,43,44,45,46
821,14,15,23,24,25,26,33,34,35,36,43,44,45,46
822,14,15,23,24,25,26,33,34,35,36,43,44,45,46
823,14,15,23,24,25,26,33,34,35,36,43,44,45,46
824,14,15,23,24,25,26,33,34,35,36,43,44,45,46
825,14,15,23,24,25,26,33,34,35,36,43,44,45,46
826,14,15,23,24,25,26,33,34,35,36,43,44,45,46
827,14,15,23,24,25,26,33,34,35,36,43,44,45,46
828,14,15,23,24,25,26,33,34,35,36,43,44,45,46
829,14,15,23,24,25,26,33,34,35,36,43,44,45,46
830,14,15,23,24,25,26,33,34,35,36,43,44,45,46
831,14,15,23,24,25,26,33,34,35,36,43,44,45,46
832,14,15,23,24,25,26,33,34,35,36,43,44,45,46
833,14,15,23,24,25,26,33,34,35,36,43,44,45,46
834,14,15,23,24,25,26,33,34,35,36,43,44,45,46
835,14,15,23,24,25,26,33,34,35,36,43,44,45,46
836,14,15,23,24,25,26,33,34,35,36,43,44,45,46
837,14,15,23,24,25,26,33,34,35,36,43,44,45,46
838,14,15,23,24,25,26,33,34,35,36,43,44,45,46
839,14,15,23,24,25,26,33,34,35,36,43,44,45,46
840,14,15,23,24,25,26,33,34,35,36,43,44,45,46
841,14,15,23,24,25,26,33,34,35,36,43,44,45,46
842,14,15,23,24,25,26,33,34,35,36,43,44,45,46
843,14,15,23,24,25,26,33,34,35,36,43,44,45,46
844,14,15,23,24,25,26,33,34,35,36,43,44,45,46
845,14,15,23,24,25,26,33,34,35,36,43,44,45,46
846,14,15,23,24,25,26,33,34,35,36,43,44,45,46
847,14,15,23,24,25,26,33,34,35,36,43,44,45,46
848,14,15,23,24,25,26,33,34,35,36,43,44,45,46
849,14,15,23,24,25,26,33,34,35,36,43,44,45,46
850,14,15,23,24,25,26,33,34,35,36,43,44,45,46
851,14,15,23,24,25,26,33,34,35,36,43,44,45,46
852,14,15,23,24,25,26,33,34,35,36,43,44,45,46
853,14,15,23,24,25,26,33,34,35,36,43,44,45,46
854,14,15,23,24,25,26,33,34,35,36,43,44,45,46
855,14,15,23,24,25,26,33,34,35,36,43,44,45,46
856,14,15,23,24,25,26,33,34,35,36,43,44,45,46
857,14,15,23,24,25,26,33,34,35,36,43,44,45,46
858,14,15,23,24,25,26,33,34,35,36,43,44,45,46
859,14,15,23,24,25,26,33,34,35,36,43,44,45,46
860,14,15,23,24,25,26,33,34,35,36,43,44,45,46
861,14,15,23,24,25,26,33,34,35,36,43,44,45,46
862,14,15,23,24,25,26,33,34,35,36,43,44,45,46
863,14,15,23,24,25,26,33,34,35,36,43,44,45,46
864,14,15,23,24,25,26,33,34,35,36,43,44,45,46
865,14,15,23,24,25,26,33,34,35,36,43,44,45,46
866,14,15,23,24,25,26,33,34,35,36,43,44,45,46
867,14,15,23,24,25,26,33,34,35,36,43,44,45,46
868,14,15,23,24,25,26,33,34,35,36,43,44,45,46
869,14,15,23,24,25,26,33,34,35,36,43,44,45,46
870,14,15,23,24,25,26,33,34,35,36,43,44,45,46
871,14,15,23,24,25,26,33,34,35,36,43,44,45,46
872,14,15,23,24,25,26,33,34,35,36,43,44,45,46
873,14,15,23,24,25,26,33,34,35,36,43,44,45,46
874,14,15,23,24,25,26,33,34,35,36,43,44,45,46
875,14,15,23,24,25,26,33,34,35,36,43,44,45,46
876,14,15,23,24,25,26,33,34,35,36,43,44,45,46
877,14,15,23,24,25,26,33,34,35,36,43,44,45,46
878,14,15,23,24,25,26,33,34,35,36,43,44,45,46
879,14,15,23,24,25,26,33,34,35,36,43,44,45,46
880,14,15,23,24,25,26,33,34,35,36,43,44,45,46
881,14,15,23,24,25,26,33,34,35,36,43,44,45,46
882,14,15,23,24,25,26,33,34,35,36,43,44,45,46
883,14,15,23,24,25,26,33,34,35,36,43,44,45,46
884,14,15,23,24,25,26,33,34,35,36,43,44,45,46
885,14,15,23,24,25,26,33,34,35,36,43,44,45,46
886,14,15,23,24,25,26,33,34,35,36,43,44,45,46
887,14,15,23,24,25,26,33,34,35,36,43,44,45,46
888,14,15,23,24,25,26,33,34,35,36,43,44,45,46
889,14,15,23,24,25,26,33,34,35,36,43,44,45,46
890,14,15,23,24,25,26,33,34,35,36,43,44,45,46
891,14,15,23,24,25,26,33,34,35,36,43,44,45,46
892,14,15,23,24,25,26,33,34,35,36,43,44,45,46
893,14,15,23,24,25,26,33,34,35,36,43,44,45,46
894,14,15,23,24,25,26,33,34,35,36,43,44,45,46
895,14,15,23,24,25,26,33,34,35,36,43,44,45,46
896,14,15,23,24,25,26,33,34,35,36,43,44,45,46
897,14,15,23,24,25,26,33,34,35,36,43,44,45,46
898,14,15,23,24,25,26,33,34,35,36,43,44,45,46
899,14,15,23,24,25,26,33,34,35,36,43,44,45,46
900,14,15,23,24,25,26,33,34,35,36,43,44,45,46
901,14,15,23,24,25,26,33,34,35,36,43,44,45,46
902,14,15,23,24,25,26,33,34,35,36,43,44,45,46
903,14,15,23,24,25,26,33,34,35,36,43,44,45,46
904,14,15,23,24,25,26,33,34,35,36,43,44,45,46
905,14,15,16,23,24,25,26,33,34,35,36,43,44,45,46
906,14,15,16,23,24,25,26,33,34,35,36,43,44,45,46
907,15,16,23,24,25,26,33,34,35,36,44,45,46
908,15,16,23,24,25,26,33,34,35,36,44,45,46
909,15,16,24,25,26,27,34,35,36,37,44,45,46
910,15,16,24,25,26,27,34,35,36,37,44,45,46
911,15,16,24,25,26,27,34,35,36,37,44,45,46
912,15,16,24,25,26,27,34,35,36,37,44,45,46
913,15,16,24,25,26,27,34,35,36,37,44,45,46,47
914,15,16,24,25,26,27,34,35,36,37,44,45,46,47
915,15,16,24,25,26,27,34,35,36,37,44,45,46,47
916,15,16,24,25,26,27,34,35,36,37,44,45,46,47
917,15,16,24,25,26,27,34,35,36,37,44,45,46,47
918,15,16,24,25,26,27,34,35,36,37,44,45,46,47
919,15,16,24,25,26,27,34,35,36,37,44,45,46,47
920,15,16,24,25,26,27,34,35,36,37,44,45,46,47
921,15,16,24,25,26,27,34,35,36,37,44,45,46,47
922,15,16,24,25,26,27,34,35,36,37,44,45,46,47
923,15,16,24,25,26,27,34,35,36,37,44,45,46,47
924,15,16,24,25,26,27,34,35,36,37,44,45,46,47
925,15,16,24,25,26,27,34,35,36,37,44,45,46,47
926,15,16,24,25,26,27,34,35,36,37,44,45,46,47
927,15,16,17,24,25,26,27,34,35,36,37,45,46,47
928,15,16,17,24,25,26,27,34,35,36,37,45,46,47
929,16,17,24,25,26,27,34,35,36,37,45,46,47
930,16,17,24,25,26,27,34,35,36,37,45,46,47
931,16,17,24,25,26,27,34,35,36,37,45,46,47
932,16,17,24,25,26,27,34,35,36,37,45,46,47
933,16,17,25,26,27,35,36,37,45,46,47
934,16,17,25,26,27,35,36,37,45,46,47
935,16,17,25,26,27,35,36,37,45,46,47
936,16,17,25,26,27,35,36,37,45,46,47
937,16,17,25,26,27,35,36,37,45,46,47
938,16,17,25,26,27,35,36,37,45,46,47
939,16,17,25,26,27,28,35,36,37,38,45,46,47
940,16,17,25,26,27,28,35,36,37,38,45,46,47
941,16,17,25,26,27,28,35,36,37,38,45,46,47
942,16,17,25,26,27,28,35,36,37,38,45,46,47
943,16,17,25,26,27,28,35,36,37,38,45,46,47
944,16,17,25,26,27,28,35,36,37,38,45,46,47
945,16,17,25,26,27,28,35,36,37,38,45,46,47
946,16,17,25,26,27,28,35,36,37,38,45,46,47
947,16,17,25,26,27,28,35,36,37,38,45,46,47
948,16,17,25,26,27,28,35,36,37,38,45,46,47
949,16,17,25,26,27,28,35,36,37,38,45,46,47
950,16,17,25,26,27,28,35,36,37,38,45,46,47
951,16,17,25,26,27,28,35,36,37,38,45,46,47
952,16,17,25,26,27,28,35,36,37,38,45,46,47
953,16,17,25,26,27,28,35,36,37,38,45,46,47
954,16,17,25,26,27,28,35,36,37,38,45,46,47
955,16,17,25,26,27,28,35,36,37,38,45,46,47
956,16,17,25,26,27,28,35,36,37,38,45,46,47
957,16,17,25,26,27,28,35,36,37,38,45,46,47
958,16,17,25,26,27,28,35,36,37,38,45,46,47
959,16,17,25,26,27,28,35,36,37,38,45,46,47
960,16,17,25,26,27,28,35,36,37,38,45,46,47
961,16,17,25,26,27,28,35,36,37,38,45,46,47
962,16,17,25,26,27,28,35,36,37,38,45,46,47
963,16,17,25,26,27,28,35,36,37,38,45,46,47
964,16,17,25,26,27,28,35,36,37,38,45,46,47
965,16,17,25,26,27,28,35,36,37,38,45,46,47
966,16,17,25,26,27,28,35,36,37,38,45,46,47
967,16,17,25,26,27,28,35,36,37,38,45,46,47
968,16,17,25,26,27,28,35,36,37,38,45,46,47
969,16,17,25,26,27,28,35,36,37,38,45,46,47
970,16,17,25,26,27,28,35,36,37,38,45,46,47
971,16,17,25,26,27,28,35,36,37,38,45,46,47
972,16,17,25,26,27,28,35,36,37,38,45,46,47
973,16,17,25,26,27,28,35,36,37,38,45,46,47
974,16,17,25,26,27,28,35,36,37,38,45,46,47
975,16,17,25,26,27,28,35,36,37,38,45,46,47
976,16,17,25,26,27,28,35,36,37,38,45,46,47
977,16,17,25,26,27,28,35,36,37,38,45,46,47
978,16,17,25,26,27,28,35,36,37,38,45,46,47
979,16,17,25,26,27,28,35,36,37,38,45,46,47
980,16,17,25,26,27,28,35,36,37,38,45,46,47
981,16,17,25,26,27,28,35,36,37,38,45,46,47
982,16,17,25,26,27,28,35,36,37,38,45,46,47
983,16,17,25,26,27,28,35,36,37,38,45,46,47
984,16,17,25,26,27,28,35,36,37,38,45,46,47
985,16,17,25,26,27,28,35,36,37,38,45,46,47
986,16,17,25,26,27,28,35,36,37,38,45,46,47
987,16,17,25,26,27,28,35,36,37,38,45,46,47
988,16,17,25,26,27,28,35,36,37,38,45,46,47
989,16,17,25,26,27,28,35,36,37,38,45,46,47
990,16,17,25,26,27,28,35,36,37,38,45,46,47
991,16,17,25,26,27,28,35,36,37,38,45,46,47
992,16,17,25,26,27,28,35,36,37,38,45,46,47
993,16,17,25,26,27,28,35,36,37,38,45,46,47
994,16,17,25,26,27,28,35,36,37,38,45,46,47
995,16,17,25,26,27,28,35,36,37,38,45,46,47
996,16,17,25,26,27,28,35,36,37,38,45,46,47
997,16,17,25,26,27,28,35,36,37,38,45,46,47
998,16,17,25,26,27,28,35,36,37,38,45,46,47
999,16,17,25,26,27,28,35,36,37,38,45,46,47
1000,16,17,25,26,27,28,35,36,37,38,45,46,47
1001,16,17,25,26,27,28,35,36,37,38,45,46,47
1002,16,17,25,26,27,28,35,36,37,38,45,46,47
1003,16,17,25,26,27,28,35,36,37,38,45,46,47
1004,16,17,25,26,27,28,35,36,37,38,45,46,47
1005,16,17,25,26,27,28,35,36,37,38,45,46,47
1006,16,17,25,26,27,28,35,36,37,38,45,46,47
1007,16,17,25,26,27,28,35,36,37,38,45,46,47
1008,16,17,25,26,27,28,35,36,37,38,45,46,47
1009,16,17,25,26,27,28,35,36,37,38,45,46,47
1010,16,17,25,26,27,28,35,36,37,38,45,46,47
1011,16,17,25,26,27,28,35,36,37,38,45,46,47
1012,16,17,25,26,27,28,35,36,37,38,45,46,47
1013,16,17,25,26,27,28,35,36,37,38,45,46,47
1014,16,17,25,26,27,28,35,36,37,38,45,46,47
1015,16,17,25,26,27,28,35,36,37,38,45,46,47
1016,16,17,25,26,27,28,35,36,37,38,45,46,47
1017,16,17,25,26,27,28,35,36,37,38,45,46,47
1018,16,17,25,26,27,28,35,36,37,38,45,46,47
1019,16,17,25,26,27,28,35,36,37,38,45,46,47
1020,16,17,25,26,27,28,35,36,37,38,45,46,47
1021,16,17,25,26,27,28,35,36,37,38,45,46,47
1022,16,17,25,26,27,28,35,36,37,38,45,46,47
1023,16,17,25,26,27,28,35,36,37,38,45,46,47
1024,16,17,25,26,27,28,35,36,37,38,45,46,47
1025,16,17,25,26,27,28,35,36,37,38,45,46,47
1026,16,17,25,26,27,28,35,36,37,38,45,46,47
1027,16,17,25,26,27,28,35,36,37,38,45,46,47
1028,16,17,25,26,27,28,35,36,37,38,45,46,47
1029,16,17,25,26,27,28,35,36,37,38,45,46,47
1030,16,17,25,26,27,28,35,36,37,38,45,46,47
1031,16,17,25,26,27,28,35,36,37,38,45,46,47
1032,16,17,25,26,27,28,35,36,37,38,45,46,47
1033,16,17,25,26,27,28,35,36,37,38,45,46,47
1034,16,17,25,26,27,28,35,36,37,38,45,46,47
1035,16,17,25,26,27,28,35,36,37,38,45,46,47
1036,16,17,25,26,27,28,35,36,37,38,45,46,47
1037,16,17,25,26,27,35,36,37,38,45,46,47
1038,16,17,25,26,27,35,36,37,38,45,46,47
1039,16,17,25,26,27,35,36,37,38,45,46,47
1040,16,17,25,26,27,35,36,37,38,45,46,47
1041,16,17,25,26,27,35,36,37,38,45,46,47
1042,16,17,25,26,27,35,36,37,38,45,46,47
1043,16,17,25,26,27,35,36,37,38,45,46,47
1044,16,17,25,26,27,35,36,37,38,45,46,47
1045,16,17,25,26,27,35,36,37,38,45,46,47
1046,16,17,25,26,27,35,36,37,38,45,46,47
1047,16,17,25,26,27,35,36,37,38,45,46,47
1048,16,17,25,26,27,35,36,37,38,45,46,47
1049,16,17,25,26,27,28,35,36,37,38,45,46,47
1050,16,17,25,26,27,28,35,36,37,38,45,46,47
1051,16,17,25,26,27,28,35,36,37,38,45,46,47
1052,16,17,25,26,27,28,35,36,37,38,45,46,47
1053,16,17,25,26,27,28,35,36,37,38,45,46,47
1054,16,17,25,26,27,28,35,36,37,38,45,46,47
1055,16,17,25,26,27,28,35,36,37,38,45,46,47
1056,16,17,25,26,27,28,35,36,37,38,45,46,47
1057,16,17,25,26,27,28,35,36,37,38,45,46,47
1058,16,17,25,26,27,28,35,36,37,38,45,46,47
1059,16,17,25,26,27,28,35,36,37,38,45,46,47
1060,16,17,25,26,27,28,35,36,37,38,45,46,47
1061,16,17,25,26,27,28,35,36,37,38,45,46,47
1062,16,17,25,26,27,28,35,36,37,38,45,46,47
1063,16,17,25,26,27,28,35,36,37,38,45,46,47
1064,16,17,25,26,27,28,35,36,37,38,45,46,47
1065,16,17,25,26,27,28,35,36,37,38,45,46,47
1066,16,17,25,26,27,28,35,36,37,38,45,46,47
1067,16,17,25,26,27,28,35,36,37,38,45,46,47
1068,16,17,25,26,27,28,35,36,37,38,45,46,47
1069,16,17,25,26,27,28,35,36,37,38,45,46,47,48
1070,16,17,25,26,27,28,35,36,37,38,45,46,47,48
1071,16,17,25,26,27,28,35,36,37,38,45,46,47,48
1072,16,17,25,26,27,28,35,36,37,38,45,46,47,48
1073,16,17,25,26,27,28,35,36,37,38,45,46,47,48
1074,16,17,25,26,27,28,35,36,37,38,45,46,47,48
1075,16,17,18,25,26,27,28,35,36,37,38,46,47,48
1076,16,17,18,25,26,27,28,35,36,37,38,46,47,48
1077,16,17,18,25,26,27,28,35,36,37,38,46,47,48
1078,16,17,18,25,26,27,28,35,36,37,38,46,47,48
1079,16,17,18,25,26,27,28,35,36,37,38,46,47,48
1080,16,17,18,25,26,27,28,35,36,37,38,46,47,48
1081,17,18,25,26,27,28,35,36,37,38,46,47,48
1082,17,18,25,26,27,28,35,36,37,38,46,47,48
1083,17,18,25,26,27,28,35,36,37,38,46,47,48
1084,17,18,25,26,27,28,35,36,37,38,46,47,48
1085,17,18,25,26,27,28,35,36,37,38,46,47,48
1086,17,18,25,26,27,28,35,36,37,38,46,47,48
1087,17,18,25,26,27,28,35,36,37,38,46,47,48
1088,17,18,25,26,27,28,35,36,37,38,46,47,48
1089,17,18,25,26,27,28,35,36,37,38,46,47,48
1090,17,18,25,26,27,28,35,36,37,38,46,47,48
1091,17,18,25,26,27,28,35,36,37,38,46,47,48
1092,17,18,25,26,27,28,35,36,37,38,46,47,48
1093,17,18,25,26,27,28,35,36,37,38,46,47,48
1094,17,18,25,26,27,28,35,36,37,38,46,47,48
1095,17,18,25,26,27,28,35,36,37,38,46,47,48
1096,17,18,25,26,27,28,35,36,37,38,46,47,48
1097,17,18,25,26,27,28,35,36,37,38,46,47,48
1098,17,18,25,26,27,28,35,36,37,38,46,47,48
1099,17,18,25,26,27,28,35,36,37,38,46,47,48
1100,17,18,25,26,27,28,35,36,37,38,46,47,48
1101,17,18,25,26,27,28,35,36,37,38,46,47,48
1102,17,18,25,26,27,28,35,36,37,38,46,47,48
1103,17,18,25,26,27,28,35,36,37,38,46,47,48
1104,17,18,25,26,27,28,35,36,37,38,46,47,48
1105,17,18,25,26,27,28,35,36,37,38,46,47,48
1106,17,18,25,26,27,28,35,36,37,38,46,47,48
1107,17,18,25,26,27,28,35,36,37,38,46,47,48
1108,17,18,25,26,27,28,35,36,37,38,46,47,48
1109,17,18,25,26,27,28,35,36,37,38,46,47,48
1110,17,18,25,26,27,28,35,36,37,38,46,47,48
1111,17,18,25,26,27,28,35,36,37,38,46,47,48
1112,17,18,25,26,27,28,35,36,37,38,46,47,48
1113,17,18,25,26,27,28,35,36,37,38,46,47,48
1114,17,18,25,26,27,28,35,36,37,38,46,47,48
1115,17,18,25,26,27,28,35,36,37,38,46,47,48
1116,17,18,25,26,27,28,35,36,37,38,46,47,48
1117,17,18,25,26,27,28,35,36,37,38,46,47,48
1118,17,18,25,26,27,28,35,36,37,38,46,47,48
1119,17,18,25,26,27,28,35,36,37,38,46,47,48
1120,17,18,25,26,27,28,35,36,37,38,46,47,48
1121,17,18,25,26,27,28,35,36,37,38,46,47,48
1122,17,18,25,26,27,28,35,36,37,38,46,47,48
1123,17,18,26,27,28,35,36,37,38,46,47,48
1124,17,18,26,27,28,35,36,37,38,46,47,48
1125,17,18,26,27,28,36,37,38,46,47,48
1126,17,18,26,27,28,36,37,38,46,47,48
1127,17,18,26,27,28,36,37,38,46,47,48
1128,17,18,26,27,28,36,37,38,46,47,48
1129,16,17,18,26,27,28,36,37,38,46,47,48
1130,16,17,18,26,27,28,36,37,38,46,47,48
1131,16,17,18,25,26,27,28,35,36,37,38,46,47,48
1132,16,17,18,25,26,27,28,35,36,37,38,46,47,48
1133,16,17,18,25,26,27,28,35,36,37,38,46,47,48
1134,16,17,18,25,26,27,28,35,36,37,38,46,47,48
1135,16,17,18,25,26,27,28,35,36,37,38,46,47,48
1136,16,17,18,25,26,27,28,35,36,37,38,46,47,48
1137,16,17,18,25,26,27,28,35,36,37,38,46,47,48
1138,16,17,18,25,26,27,28,35,36,37,38,46,47,48
1139,16,17,18,25,26,27,28,35,36,37,38,46,47,48
1140,16,17,18,25,26,27,28,35,36,37,38,46,47,48
1141,16,17,18,25,26,27,28,35,36,37,38,46,47,48
1142,16,17,18,25,26,27,28,35,36,37,38,46,47,48
1143,16,17,18,25,26,27,28,35,36,37,38,46,47,48
1144,16,17,18,25,26,27,28,35,36,37,38,46,47,48
1145,16,17,18,25,26,27,28,35,36,37,38,45,46,47,48
1146,16,17,18,25,26,27,28,35,36,37,38,45,46,47,48
1147,16,17,25,26,27,28,35,36,37,38,45,46,47,48
1148,16,17,25,26,27,28,35,36,37,38,45,46,47,48
1149,16,17,25,26,27,28,35,36,37,38,45,46,47,48
1150,16,17,25,26,27,28,35,36,37,38,45,46,47,48
1151,15,16,17,25,26,27,28,35,36,37,38,45,46,47,48
1152,15,16,17,25,26,27,28,35,36,37,38,45,46,47,48
1153,15,16,17,25,26,27,28,35,36,37,38,45,46,47,48
1154,15,16,17,25,26,27,28,35,36,37,38,45,46,47,48
1155,15,16,17,25,26,27,28,35,36,37,38,45,46,47
1156,15,16,17,25,26,27,28,35,36,37,38,45,46,47
1157,15,16,17,25,26,27,28,35,36,37,38,45,46,47
1158,15,16,17,25,26,27,28,35,36,37,38,45,46,47
1159,15,16,17,25,26,27,28,35,36,37,38,45,46,47
1160,15,16,17,25,26,27,28,35,36,37,38,45,46,47
1161,15,16,17,25,26,27,28,35,36,37,38,45,46,47
1162,15,16,17,25,26,27,28,35,36,37,38,45,46,47
1163,15,16,17,25,26,27,28,35,36,37,38,45,46,47
1164,15,16,17,25,26,27,28,35,36,37,38,45,46,47
1165,15,16,17,25,26,27,28,35,36,37,38,45,46,47
1166,15,16,17,25,26,27,28,35,36,37,38,45,46,47
1167,15,16,17,25,26,27,28,35,36,37,38,45,46,47
1168,15,16,17,25,26,27,28,35,36,37,38,45,46,47
1169,15,16,17,25,26,27,28,35,36,37,38,45,46,47
1170,15,16,17,25,26,27,28,35,36,37,38,45,46,47
1171,15,16,17,25,26,27,28,35,36,37,38,45,46,47
1172,15,16,17,25,26,27,28,35,36,37,38,45,46,47
1173,15,16,17,25,26,27,28,35,36,37,45,46,47
1174,15,16,17,25,26,27,28,35,36,37,45,46,47
1175,15,16,17,25,26,27,35,36,37,46
1176,15,16,17,25,26,27,35,36,37,46
1177,6,15,16,17,25,26,27,35,36,37
1178,6,15,16,17,25,26,27,35,36,37
1179,6,15,16,17,25,26,27,35,36,37
1180,6,15,16,17,25,26,27,35,36,37
1181,6,7,15,16,17,24,25,26,27,35,36,37
1182,6,7,15,16,17,24,25,26,27,35,36,37
1183,6,7,14,15,16,17,24,25,26,27,35,36,37
1184,6,7,14,15,16,17,24,25,26,27,35,36,37
1185,5,6,7,14,15,16,17,24,25,26,27,35,36,37
1186,5,6,7,14,15,16,17,24,25,26,27,35,36,37
1187,5,6,7,14,15,16,17,24,25,26,27,35,36,37
1188,5,6,7,14,15,16,17,24,25,26,27,35,36,37
1189,5,6,7,14,15,16,17,24,25,26,27,35,36,37
1190,5,6,7,14,15,16,17,24,25,26,27,35,36,37
1191,5,6,7,14,15,16,17,24,25,26,27,35,36,37
1192,5,6,7,14,15,16,17,24,25,26,27,35,36,37
1193,4,5,6,7,14,15,16,17,24,25,26,27,35,36,37
1194,4,5,6,7,14,15,16,17,24,25,26,27,35,36,37
1195,4,5,6,7,14,15,16,17,24,25,26,27,35,36
1196,4,5,6,7,14,15,16,17,24,25,26,27,35,36
1197,4,5,6,7,14,15,16,17,24,25,26,27,35,36
1198,4,5,6,7,14,15,16,17,24,25,26,27,35,36
1199,4,5,6,7,14,15,16,17,24,25,26,27,35,36
1200,4,5,6,7,14,15,16,17,24,25,26,27,35,36
1201,4,5,6,7,14,15,16,17,24,25,26,27,35,36
1202,4,5,6,7,14,15,16,17,24,25,26,27,35,36
1203,4,5,6,7,14,15,16,17,24,25,26,27,35,36
1204,4,5,6,7,14,15,16,17,24,25,26,27,35,36
1205,4,5,6,7,14,15,16,17,24,25,26,27,35,36
1206,4,5,6,7,14,15,16,17,24,25,26,27,35,36
1207,4,5,6,7,14,15,16,17,24,25,26,27,35,36
1208,4,5,6,7,14,15,16,17,24,25,26,27,35,36
1209,4,5,6,7,14,15,16,17,24,25,26,27,35,36
1210,4,5,6,7,14,15,16,17,24,25,26,27,35,36
1211,4,5,6,7,14,15,16,17,24,25,26,27,35,36
1212,4,5,6,7,14,15,16,17,24,25,26,27,35,36
1213,4,5,6,7,14,15,16,17,24,25,26,27,35,36
1214,4,5,6,7,14,15,16,17,24,25,26,27,35,36
1215,4,5,6,14,15,16,17,24,25,26,27,34,35,36
1216,4,5,6,14,15,16,17,24,25,26,27,34,35,36
1217,4,5,6,13,14,15,16,23,24,25,26,34,35,36
1218,4,5,6,13,14,15,16,23,24,25,26,34,35,36
1219,4,5,6,13,14,15,16,23,24,25,26,34,35
1220,4,5,6,13,14,15,16,23,24,25,26,34,35
1221,4,5,13,14,15,16,23,24,25,26,33,34,35
1222,4,5,13,14,15,16,23,24,25,26,33,34,35
1223,4,5,13,14,15,16,23,24,25,26,33,34,35
1224,4,5,13,14,15,16,23,24,25,26,33,34,35
1225,4,5,13,14,15,16,23,24,25,26,33,34,35
1226,4,5,13,14,15,16,23,24,25,26,33,34,35
1227,4,5,13,14,15,16,23,24,25,26,33,34,35
1228,4,5,13,14,15,16,23,24,25,26,33,34,35
1229,4,13,14,15,23,24,25,33,34,35
1230,4,13,14,15,23,24,25,33,34,35
1231,4,13,14,15,23,24,25,33,34,35
1232,4,13,14,15,23,24,25,33,34,35
1233,13,14,15,22,23,24,25,33,34,35
1234,13,14,15,22,23,24,25,33,34,35
1235,13,14,15,22,23,24,25,32,33,34,35,44
1236,13,14,15,22,23,24,25,32,33,34,35,44
1237,13,14,15,22,23,24,25,32,33,34,35,43,44
1238,13,14,15,22,23,24,25,32,33,34,35,43,44
1239,13,14,15,22,23,24,25,32,33,34,35,43,44
1240,13,14,15,22,23,24,25,32,33,34,35,43,44
1241,13,14,15,22,23,24,25,32,33,34,35,43,44
1242,13,14,15,22,23,24,25,32,33,34,35,43,44
1243,13,14,15,22,23,24,25,32,33,34,35,43,44
1244,13,14,15,22,23,24,25,32,33,34,35,43,44
1245,13,14,15,22,23,24,25,32,33,34,35,43,44
1246,13,14,15,22,23,24,25,32,33,34,35,43,44
1247,13,14,15,22,23,24,25,32,33,34,35,43,44
1248,13,14,15,22,23,24,25,32,33,34,35,43,44
1249,13,14,15,22,23,24,25,32,33,34,35,43,44
1250,13,14,15,22,23,24,25,32,33,34,35,43,44
1251,13,14,15,22,23,24,25,32,33,34,35,43,44
1252,13,14,15,22,23,24,25,32,33,34,35,43,44
1253,13,14,15,22,23,24,25,32,33,34,35,43,44
1254,13,14,15,22,23,24,25,32,33,34,35,43,44
1255,13,14,15,22,23,24,25,32,33,34,35,43,44
1256,13,14,15,22,23,24,25,32,33,34,35,43,44
1257,13,14,15,22,23,24,25,32,33,34,35,43,44
1258,13,14,15,22,23,24,25,32,33,34,35,43,44
1259,13,14,15,22,23,24,25,32,33,34,35,43,44,45
1260,13,14,15,22,23,24,25,32,33,34,35,43,44,45
1261,13,14,15,22,23,24,25,32,33,34,35,43,44,45
1262,13,14,15,22,23,24,25,32,33,34,35,43,44,45
1263,12,13,14,15,22,23,24,25,32,33,34,35,43,44
1264,12,13,14,15,22,23,24,25,32,33,34,35,43,44
1265,12,13,14,15,22,23,24,25,32,33,34,35,43,44
1266,12,13,14,15,22,23,24,25,32,33,34,35,43,44
1267,12,13,14,22,23,24,25,32,33,34,35,42,43,44
1268,12,13,14,22,23,24,25,32,33,34,35,42,43,44
1269,12,13,14,22,23,24,25,32,33,34,35,42,43,44
1270,12,13,14,22,23,24,25,32,33,34,35,42,43,44
1271,12,13,14,22,23,24,25,32,33,34,35,42,43,44
1272,12,13,14,22,23,24,25,32,33,34,35,42,43,44
1273,12,13,14,22,23,24,25,32,33,34,35,42,43,44
1274,12,13,14,22,23,24,25,32,33,34,35,42,43,44
1275,12,13,14,22,23,24,25,32,33,34,35,42,43,44
1276,12,13,14,22,23,24,25,32,33,34,35,42,43,44
1277,12,13,14,22,23,24,25,32,33,34,35,42,43,44
1278,12,13,14,22,23,24,25,32,33,34,35,42,43,44
1279,12,13,14,22,23,24,25,32,33,34,35,42,43,44
1280,12,13,14,22,23,24,25,32,33,34,35,42,43,44
1281,12,13,14,22,23,24,25,32,33,34,35,42,43,44
1282,12,13,14,22,23,24,25,32,33,34,35,42,43,44
1283,12,13,14,22,23,24,25,32,33,34,35,42,43,44
1284,12,13,14,22,23,24,25,32,33,34,35,42,43,44
1285,12,13,14,22,23,24,25,32,33,34,35,42,43,44
1286,12,13,14,22,23,24,25,32,33,34,35,42,43,44
1287,12,13,14,22,23,24,25,32,33,34,35,42,43,44
1288,12,13,14,22,23,24,25,32,33,34,35,42,43,44
1289,12,13,14,22,23,24,25,32,33,34,35,42,43,44
1290,12,13,14,22,23,24,25,32,33,34,35,42,43,44
1291,12,13,14,22,23,24,25,32,33,34,35,42,43,44
1292,12,13,14,22,23,24,25,32,33,34,35,42,43,44
1293,12,13,14,22,23,24,25,32,33,34,35,42,43,44
1294,12,13,14,22,23,24,25,32,33,34,35,42,43,44
1295,12,13,14,22,23,24,25,32,33,34,35,42,43,44
1296,12,13,14,22,23,24,25,32,33,34,35,42,43,44
1297,12,13,14,22,23,24,25,32,33,34,35,42,43,44
1298,12,13,14,22,23,24,25,32,33,34,35,42,43,44
1299,12,13,14,22,23,24,25,32,33,34,35,42,43,44
1300,12,13,14,22,23,24,25,32,33,34,35,42,43,44
1301,12,13,14,22,23,24,25,32,33,34,35,42,43,44
1302,12,13,14,22,23,24,25,32,33,34,35,42,43,44
1303,12,13,14,22,23,24,25,32,33,34,35,42,43,44
1304,12,13,14,22,23,24,25,32,33,34,35,42,43,44
1305,12,13,14,22,23,24,25,32,33,34,35,42,43,44
1306,12,13,14,22,23,24,25,32,33,34,35,42,43,44
1307,12,13,14,22,23,24,25,32,33,34,35,42,43,44
1308,12,13,14,22,23,24,25,32,33,34,35,42,43,44
1309,12,13,14,22,23,24,25,32,33,34,35,43,44
1310,12,13,14,22,23,24,25,32,33,34,35,43,44
1311,12,13,14,15,22,23,24,25,32,33,34,35,43,44
1312,12,13,14,15,22,23,24,25,32,33,34,35,43,44
1313,12,13,14,15,22,23,24,25,32,33,34,35,43,44
1314,12,13,14,15,22,23,24,25,32,33,34,35,43,44
1315,12,13,14,15,22,23,24,25,32,33,34,35,43,44
1316,12,13,14,15,22,23,24,25,32,33,34,35,43,44
1317,12,13,14,15,22,23,24,25,32,33,34,35,43,44
1318,12,13,14,15,22,23,24,25,32,33,34,35,43,44
1319,13,14,15,22,23,24,25,32,33,34,35,43,44
1320,13,14,15,22,23,24,25,32,33,34,35,43,44
1321,13,14,15,22,23,24,25,32,33,34,35,43,44
1322,13,14,15,22,23,24,25,32,33,34,35,43,44
1323,13,14,15,22,23,24,25,32,33,34,35,43,44
1324,13,14,15,22,23,24,25,32,33,34,35,43,44
1325,12,13,14,15,22,23,24,25,32,33,34,35,43,44
1326,12,13,14,15,22,23,24,25,32,33,34,35,43,44
1327,12,13,14,15,22,23,24,25,32,33,34,35,43,44
1328,12,13,14,15,22,23,24,25,32,33,34,35,43,44
1329,12,13,14,15,22,23,24,25,32,33,34,35,43,44
1330,12,13,14,15,22,23,24,25,32,33,34,35,43,44
1331,12,13,14,22,23,24,25,32,33,34,35,43,44
1332,12,13,14,22,23,24,25,32,33,34,35,43,44
1333,12,13,14,22,23,24,25,32,33,34,35,42,43,44
1334,12,13,14,22,23,24,25,32,33,34,35,42,43,44
1335,12,13,14,22,23,24,25,32,33,34,35,42,43,44
1336,12,13,14,22,23,24,25,32,33,34,35,42,43,44
1337,12,13,14,22,23,24,25,32,33,34,35,42,43,44
1338,12,13,14,22,23,24,25,32,33,34,35,42,43,44
1339,12,13,14,22,23,24,25,32,33,34,35,42,43,44
1340,12,13,14,22,23,24,25,32,33,34,35,42,43,44
1341,12,13,14,22,23,24,25,32,33,34,35,42,43,44
1342,12,13,14,22,23,24,25,32,33,34,35,42,43,44
1343,12,13,14,22,23,24,25,32,33,34,35,42,43,44
1344,12,13,14,22,23,24,25,32,33,34,35,42,43,44
1345,12,13,14,22,23,24,25,32,33,34,35,42,43,44
1346,12,13,14,22,23,24,25,32,33,34,35,42,43,44
1347,12,13,14,22,23,24,25,32,33,34,35,42,43,44
1348,12,13,14,22,23,24,25,32,33,34,35,42,43,44
1349,12,13,14,22,23,24,25,32,33,34,35,42,43,44
1350,12,13,14,22,23,24,25,32,33,34,35,42,43,44
1351,12,13,14,15,22,23,24,25,32,33,34,35,43,44
1352,12,13,14,15,22,23,24,25,32,33,34,35,43,44
1353,13,14,15,22,23,24,25,32,33,34,35,43,44,45
1354,13,14,15,22,23,24,25,32,33,34,35,43,44,45
1355,13,14,15,22,23,24,25,32,33,34,35,43,44,45
1356,13,14,15,22,23,24,25,32,33,34,35,43,44,45
1357,13,14,15,23,24,25,33,34,35,43,44,45
1358,13,14,15,23,24,25,33,34,35,43,44,45
1359,13,14,15,23,24,25,26,33,34,35,36,43,44,45
1360,13,14,15,23,24,25,26,33,34,35,36,43,44,45
1361,13,14,15,23,24,25,26,33,34,35,36,43,44,45
1362,13,14,15,23,24,25,26,33,34,35,36,43,44,45
1363,13,14,15,23,24,25,26,33,34,35,36,43,44,45
1364,13,14,15,23,24,25,26,33,34,35,36,43,44,45
1365,13,14,15,23,24,25,26,33,34,35,36,43,44,45
1366,13,14,15,23,24,25,26,33,34,35,36,43,44,45
1367,13,14,15,23,24,25,26,33,34,35,36,43,44,45
1368,13,14,15,23,24,25,26,33,34,35,36,43,44,45
1369,13,14,15,23,24,25,26,33,34,35,36,43,44,45
1370,13,14,15,23,24,25,26,33,34,35,36,43,44,45
1371,13,14,15,23,24,25,26,33,34,35,36,43,44,45
1372,13,14,15,23,24,25,26,33,34,35,36,43,44,45
1373,13,14,15,23,24,25,26,33,34,35,36,43,44,45
1374,13,14,15,23,24,25,26,33,34,35,36,43,44,45
1375,13,14,15,23,24,25,26,33,34,35,36,43,44,45
1376,13,14,15,23,24,25,26,33,34,35,36,43,44,45
1377,13,14,15,23,24,25,26,33,34,35,36,43,44,45
1378,13,14,15,23,24,25,26,33,34,35,36,43,44,45
1379,13,14,15,23,24,25,26,33,34,35,36,43,44,45
1380,13,14,15,23,24,25,26,33,34,35,36,43,44,45
1381,13,14,15,23,24,25,26,33,34,35,36,43,44,45
1382,13,14,15,23,24,25,26,33,34,35,36,43,44,45
1383,13,14,15,23,24,25,26,33,34,35,36,43,44,45
1384,13,14,15,23,24,25,26,33,34,35,36,43,44,45
1385,13,14,15,23,24,25,26,33,34,35,36,43,44,45
1386,13,14,15,23,24,25,26,33,34,35,36,43,44,45
1387,13,14,15,23,24,25,26,33,34,35,36,43,44,45
1388,13,14,15,23,24,25,26,33,34,35,36,43,44,45
1389,13,14,15,23,24,25,26,33,34,35,36,43,44,45
1390,13,14,15,23,24,25,26,33,34,35,36,43,44,45
1391,13,14,15,23,24,25,26,33,34,35,36,43,44,45
1392,13,14,15,23,24,25,26,33,34,35,36,43,44,45
1393,13,14,15,23,24,25,26,33,34,35,36,43,44,45
1394,13,14,15,23,24,25,26,33,34,35,36,43,44,45
1395,14,15,23,24,25,26,33,34,35,36,43,44,45,46
1396,14,15,23,24,25,26,33,34,35,36,43,44,45,46
1397,14,15,23,24,25,26,33,34,35,36,43,44,45,46
1398,14,15,23,24,25,26,33,34,35,36,43,44,45,46
1399,14,15,23,24,25,26,33,34,35,36,43,44,45,46
1400,14,15,23,24,25,26,33,34,35,36,43,44,45,46
1401,14,15,23,24,25,26,33,34,35,36,43,44,45,46
1402,14,15,23,24,25,26,33,34,35,36,43,44,45,46
1403,14,15,23,24,25,26,33,34,35,36,43,44,45,46
1404,14,15,23,24,25,26,33,34,35,36,43,44,45,46
1405,15,23,24,25,26,33,34,35,36,43,44,45,46
1406,15,23,24,25,26,33,34,35,36,43,44,45,46
1407,15,23,24,25,26,33,34,35,36,43,44,45,46
1408,15,23,24,25,26,33,34,35,36,43,44,45,46
1409,15,23,24,25,26,33,34,35,36,43,44,45,46
1410,15,23,24,25,26,33,34,35,36,43,44,45,46
1411,15,23,24,25,26,33,34,35,36,43,44,45,46
1412,15,23,24,25,26,33,34,35,36,43,44,45,46
1413,15,23,24,25,26,33,34,35,36,43,44,45,46
1414,15,23,24,25,26,33,34,35,36,43,44,45,46
1415,15,23,24,25,26,33,34,35,36,43,44,45,46
1416,15,23,24,25,26,33,34,35,36,43,44,45,46
1417,15,23,24,25,26,33,34,35,36,43,44,45,46
1418,15,23,24,25,26,33,34,35,36,43,44,45,46
1419,15,23,24,25,26,33,34,35,36,43,44,45,46
1420,15,23,24,25,26,33,34,35,36,43,44,45,46
1421,15,23,24,25,26,33,34,35,36,43,44,45,46
1422,15,23,24,25,26,33,34,35,36,43,44,45,46
1423,15,23,24,25,26,33,34,35,36,43,44,45,46
1424,15,23,24,25,26,33,34,35,36,43,44,45,46
1425,15,23,24,25,26,33,34,35,36,43,44,45,46
1426,15,23,24,25,26,33,34,35,36,43,44,45,46
1427,15,23,24,25,26,33,34,35,36,43,44,45,46
1428,15,23,24,25,26,33,34,35,36,43,44,45,46
1429,15,23,24,25,26,33,34,35,36,37,43,44,45,46,47
1430,15,23,24,25,26,33,34,35,36,37,43,44,45,46,47
1431,15,23,24,25,26,33,34,35,36,37,43,44,45,46,47
1432,15,23,24,25,26,33,34,35,36,37,43,44,45,46,47
1433,15,23,24,25,26,33,34,35,36,37,43,44,45,46,47
1434,15,23,24,25,26,33,34,35,36,37,43,44,45,46,47
1435,15,23,24,25,26,33,34,35,36,37,43,44,45,46,47
1436,15,23,24,25,26,33,34,35,36,37,43,44,45,46,47
1437,15,23,24,25,26,33,34,35,36,37,43,44,45,46,47
1438,15,23,24,25,26,33,34,35,36,37,43,44,45,46,47
1439,15,24,25,26,33,34,35,36,37,43,44,45,46,47
1440,15,24,25,26,33,34,35,36,37,43,44,45,46,47
1441,15,24,25,26,27,33,34,35,36,37,43,44,45,46,47
1442,15,24,25,26,27,33,34,35,36,37,43,44,45,46,47
1443,15,16,24,25,26,27,33,34,35,36,37,43,44,45,46,47
1444,15,16,24,25,26,27,33,34,35,36,37,43,44,45,46,47
1445,15,16,24,25,26,27,33,34,35,36,37,43,44,45,46,47
1446,15,16,24,25,26,27,33,34,35,36,37,43,44,45,46,47
1447,15,16,24,25,26,27,34,35,36,37,44,45,46,47
1448,15,16,24,25,26,27,34,35,36,37,44,45,46,47
1449,15,16,24,25,26,27,34,35,36,37,44,45,46,47
1450,15,16,24,25,26,27,34,35,36,37,44,45,46,47
1451,15,16,24,25,26,27,34,35,36,37,44,45,46,47
1452,15,16,24,25,26,27,34,35,36,37,44,45,46,47
1453,15,16,24,25,26,27,34,35,36,37,44,45,46,47
1454,15,16,24,25,26,27,34,35,36,37,44,45,46,47
1455,15,16,24,25,26,27,34,35,36,37,44,45,46,47
1456,15,16,24,25,26,27,34,35,36,37,44,45,46,47
1457,15,16,24,25,26,27,34,35,36,37,44,45,46,47
1458,15,16,24,25,26,27,34,35,36,37,44,45,46,47
1459,15,16,24,25,26,27,34,35,36,37,44,45,46,47
1460,15,16,24,25,26,27,34,35,36,37,44,45,46,47
1461,15,16,24,25,26,27,34,35,36,37,44,45,46,47
1462,15,16,24,25,26,27,34,35,36,37,44,45,46,47
1463,15,16,24,25,26,27,34,35,36,37,44,45,46,47
1464,15,16,24,25,26,27,34,35,36,37,44,45,46,47
1465,15,16,24,25,26,27,34,35,36,37,44,45,46,47
1466,15,16,24,25,26,27,34,35,36,37,44,45,46,47
1467,15,16,24,25,26,27,34,35,36,37,44,45,46,47
1468,15,16,24,25,26,27,34,35,36,37,44,45,46,47
1469,15,16,24,25,26,27,34,35,36,37,44,45,46,47
1470,15,16,24,25,26,27,34,35,36,37,44,45,46,47
1471,15,16,24,25,26,27,34,35,36,37,44,45,46,47
1472,15,16,24,25,26,27,34,35,36,37,44,45,46,47
1473,15,16,24,25,26,27,34,35,36,37,44,45,46,47
1474,15,16,24,25,26,27,34,35,36,37,44,45,46,47
1475,15,16,24,25,26,27,34,35,36,37,44,45,46,47
1476,15,16,24,25,26,27,34,35,36,37,44,45,46,47
1477,15,16,24,25,26,27,34,35,36,37,44,45,46,47
1478,15,16,24,25,26,27,34,35,36,37,44,45,46,47
1479,15,16,24,25,26,27,34,35,36,37,44,45,46,47
1480,15,16,24,25,26,27,34,35,36,37,44,45,46,47
1481,15,16,24,25,26,27,34,35,36,37,44,45,46,47
1482,15,16,24,25,26,27,34,35,36,37,44,45,46,47
1483,15,16,17,24,25,26,27,34,35,36,37,44,45,46,47
1484,15,16,17,24,25,26,27,34,35,36,37,44,45,46,47
1485,15,16,17,24,25,26,27,34,35,36,37,44,45,46,47
1486,15,16,17,24,25,26,27,34,35,36,37,44,45,46,47
1487,15,16,17,24,25,26,27,34,35,36,37,45,46,47
1488,15,16,17,24,25,26,27,34,35,36,37,45,46,47
1489,15,16,17,24,25,26,27,34,35,36,37,45,46,47
1490,15,16,17,24,25,26,27,34,35,36,37,45,46,47
1491,15,16,17,24,25,26,27,34,35,36,37,45,46,47
1492,15,16,17,24,25,26,27,34,35,36,37,45,46,47
1493,15,16,17,24,25,26,27,34,35,36,37,45,46,47
1494,15,16,17,24,25,26,27,34,35,36,37,45,46,47
1495,15,16,17,24,25,26,27,34,35,36,37,45,46,47
1496,15,16,17,24,25,26,27,34,35,36,37,45,46,47
1497,15,16,17,25,26,27,35,36,37,45,46,47
1498,15,16,17,25,26,27,35,36,37,45,46,47
1499,15,16,17,25,26,27,28,35,36,37,38,45,46,47
1500,15,16,17,25,26,27,28,35,36,37,38,45,46,47
1501,15,16,17,25,26,27,28,35,36,37,38,45,46,47
1502,15,16,17,25,26,27,28,35,36,37,38,45,46,47
1503,15,16,17,25,26,27,28,35,36,37,38,45,46,47
1504,15,16,17,25,26,27,28,35,36,37,38,45,46,47
1505,15,16,17,25,26,27,28,35,36,37,38,45,46,47
1506,15,16,17,25,26,27,28,35,36,37,38,45,46,47
1507,15,16,17,25,26,27,28,35,36,37,38,45,46,47
1508,15,16,17,25,26,27,28,35,36,37,38,45,46,47
1509,15,16,17,25,26,27,28,35,36,37,38,45,46,47
1510,15,16,17,25,26,27,28,35,36,37,38,45,46,47
1511,15,16,17,25,26,27,28,35,36,37,38,45,46,47
1512,15,16,17,25,26,27,28,35,36,37,38,45,46,47
1513,15,16,17,25,26,27,28,35,36,37,38,45,46,47
1514,15,16,17,25,26,27,28,35,36,37,38,45,46,47
1515,15,16,17,25,26,27,28,35,36,37,38,45,46,47
1516,15,16,17,25,26,27,28,35,36,37,38,45,46,47
1517,15,16,17,25,26,27,28,35,36,37,38,45,46,47
1518,15,16,17,25,26,27,28,35,36,37,38,45,46,47
1519,15,16,17,25,26,27,28,35,36,37,38,45,46,47
1520,15,16,17,25,26,27,28,35,36,37,38,45,46,47
1521,15,16,17,25,26,27,28,35,36,37,38,45,46,47
1522,15,16,17,25,26,27,28,35,36,37,38,45,46,47
1523,15,16,17,25,26,27,28,35,36,37,38,45,46,47
1524,15,16,17,25,26,27,28,35,36,37,38,45,46,47
1525,15,16,17,25,26,27,28,35,36,37,38,45,46,47
1526,15,16,17,25,26,27,28,35,36,37,38,45,46,47
1527,15,16,17,25,26,27,28,35,36,37,38,45,46,47
1528,15,16,17,25,26,27,28,35,36,37,38,45,46,47
1529,15,16,17,25,26,27,28,35,36,37,38,45,46,47
1530,15,16,17,25,26,27,28,35,36,37,38,45,46,47
1531,15,16,17,25,26,27,28,35,36,37,38,45,46,47
1532,15,16,17,25,26,27,28,35,36,37,38,45,46,47
1533,15,16,17,25,26,27,28,35,36,37,38,45,46,47
1534,15,16,17,25,26,27,28,35,36,37,38,45,46,47
1535,15,16,17,25,26,27,28,35,36,37,38,45,46,47
1536,15,16,17,25,26,27,28,35,36,37,38,45,46,47
1537,15,16,17,25,26,27,28,35,36,37,38,45,46,47,48
1538,15,16,17,25,26,27,28,35,36,37,38,45,46,47,48
1539,15,16,17,25,26,27,28,35,36,37,38,45,46,47,48
1540,15,16,17,25,26,27,28,35,36,37,38,45,46,47,48
1541,16,17,25,26,27,28,35,36,37,38,45,46,47,48
1542,16,17,25,26,27,28,35,36,37,38,45,46,47,48
1543,16,17,25,26,27,28,35,36,37,38,45,46,47,48
1544,16,17,25,26,27,28,35,36,37,38,45,46,47,48
1545,16,17,25,26,27,28,35,36,37,38,45,46,47,48
1546,16,17,25,26,27,28,35,36,37,38,45,46,47,48
1547,16,17,25,26,27,28,35,36,37,38,45,46,47,48
1548,16,17,25,26,27,28,35,36,37,38,45,46,47,48
1549,16,17,25,26,27,28,35,36,37,38,45,46,47,48
1550,16,17,25,26,27,28,35,36,37,38,45,46,47,48
1551,15,16,17,25,26,27,28,35,36,37,38,45,46,47,48
1552,15,16,17,25,26,27,28,35,36,37,38,45,46,47,48
1553,15,16,17,25,26,27,28,35,36,37,38,45,46,47,48
1554,15,16,17,25,26,27,28,35,36,37,38,45,46,47,48
1555,15,16,17,25,26,27,28,35,36,37,38,45,46,47,48
1556,15,16,17,25,26,27,28,35,36,37,38,45,46,47,48
1557,15,16,17,25,26,27,28,35,36,37,38,45,46,47,48
1558,15,16,17,25,26,27,28,35,36,37,38,45,46,47,48
1559,15,16,17,25,26,27,28,35,36,37,38,45,46,47,48
1560,15,16,17,25,26,27,28,35,36,37,38,45,46,47,48
1561,15,16,17,25,26,27,28,35,36,37,38,45,46,47,48
1562,15,16,17,25,26,27,28,35,36,37,38,45,46,47,48
1563,15,16,17,25,26,27,28,35,36,37,38,45,46,47,48
1564,15,16,17,25,26,27,28,35,36,37,38,45,46,47,48
1565,15,16,17,25,26,27,28,35,36,37,38,45,46,47
1566,15,16,17,25,26,27,28,35,36,37,38,45,46,47
1567,15,16,17,25,26,27,28,35,36,37,38,45,46,47
1568,15,16,17,25,26,27,28,35,36,37,38,45,46,47
1569,15,16,17,25,26,27,28,35,36,37,38,45,46,47
1570,15,16,17,25,26,27,28,35,36,37,38,45,46,47
1571,15,16,17,25,26,27,28,35,36,37,38,45,46,47
1572,15,16,17,25,26,27,28,35,36,37,38,45,46,47
1573,15,16,17,25,26,27,28,35,36,37,38,45,46,47
1574,15,16,17,25,26,27,28,35,36,37,38,45,46,47
1575,15,16,17,25,26,27,28,35,36,37,38,45,46,47
1576,15,16,17,25,26,27,28,35,36,37,38,45,46,47
1577,15,16,17,25,26,27,28,35,36,37,38,45,46,47
1578,15,16,17,25,26,27,28,35,36,37,38,45,46,47
1579,15,16,17,25,26,27,28,35,36,37,38,45,46,47
1580,15,16,17,25,26,27,28,35,36,37,38,45,46,47
1581,15,16,17,25,26,27,28,35,36,37,38,45,46,47
1582,15,16,17,25,26,27,28,35,36,37,38,45,46,47
1583,15,16,17,25,26,27,28,35,36,37,38,45,46,47
1584,15,16,17,25,26,27,28,35,36,37,38,45,46,47
1585,15,16,17,25,26,27,28,35,36,37,38,45,46,47
1586,15,16,17,25,26,27,28,35,36,37,38,45,46,47
1587,15,16,17,25,26,27,28,35,36,37,38,45,46,47
1588,15,16,17,25,26,27,28,35,36,37,38,45,46,47
1589,15,16,17,25,26,27,28,35,36,37,38,45,46,47
1590,15,16,17,25,26,27,28,35,36,37,38,45,46,47
1591,15,16,17,25,26,27,28,35,36,37,38,45,46,47
1592,15,16,17,25,26,27,28,35,36,37,38,45,46,47
1593,15,16,17,25,26,27,28,35,36,37,38,45,46,47
1594,15,16,17,25,26,27,28,35,36,37,38,45,46,47
1595,15,16,17,25,26,27,28,35,36,37,38,45,46,47
1596,15,16,17,25,26,27,28,35,36,37,38,45,46,47
1597,15,16,17,25,26,27,28,35,36,37,38,45,46,47
1598,15,16,17,25,26,27,28,35,36,37,38,45,46,47
1599,15,16,17,25,26,27,28,35,36,37,38,45,46,47
1600,15,16,17,25,26,27,28,35,36,37,38,45,46,47
1601,15,16,17,25,26,27,28,35,36,37,38,45,46,47
1602,15,16,17,25,26,27,28,35,36,37,38,45,46,47
1603,15,16,17,25,26,27,28,35,36,37,38,45,46,47
1604,15,16,17,25,26,27,28,35,36,37,38,45,46,47
1605,15,16,17,25,26,27,28,35,36,37,38,45,46,47,48
1606,15,16,17,25,26,27,28,35,36,37,38,45,46,47,48
1607,15,16,17,25,26,27,28,35,36,37,38,45,46,47,48
1608,15,16,17,25,26,27,28,35,36,37,38,45,46,47,48
1609,15,16,17,25,26,27,28,35,36,37,38,45,46,47,48
1610,15,16,17,25,26,27,28,35,36,37,38,45,46,47,48
1611,15,16,17,25,26,27,28,35,36,37,38,45,46,47,48
1612,15,16,17,25,26,27,28,35,36,37,38,45,46,47,48
1613,15,16,17,25,26,27,28,35,36,37,38,45,46,47,48
1614,15,16,17,25,26,27,28,35,36,37,38,45,46,47,48
1615,15,16,17,25,26,27,28,35,36,37,38,45,46,47,48
1616,15,16,17,25,26,27,28,35,36,37,38,45,46,47,48
1617,15,16,17,25,26,27,28,35,36,37,38,45,46,47,48
1618,15,16,17,25,26,27,28,35,36,37,38,45,46,47,48
1619,15,16,17,25,26,27,28,35,36,37,38,45,46,47,48
1620,15,16,17,25,26,27,28,35,36,37,38,45,46,47,48
1621,15,16,17,25,26,27,28,35,36,37,38,45,46,47,48
1622,15,16,17,25,26,27,28,35,36,37,38,45,46,47,48
1623,15,16,17,25,26,27,28,35,36,37,38,45,46,47,48
1624,15,16,17,25,26,27,28,35,36,37,38,45,46,47,48
1625,16,17,25,26,27,28,35,36,37,38,45,46,47,48
1626,16,17,25,26,27,28,35,36,37,38,45,46,47,48
1627,16,17,25,26,27,28,35,36,37,38,45,46,47,48
1628,16,17,25,26,27,28,35,36,37,38,45,46,47,48
1629,16,17,25,26,27,28,35,36,37,38,45,46,47,48
1630,16,17,25,26,27,28,35,36,37,38,45,46,47,48
1631,16,17,25,26,27,28,35,36,37,38,45,46,47,48
1632,16,17,25,26,27,28,35,36,37,38,45,46,47,48
1633,15,16,17,25,26,27,28,35,36,37,38,45,46,47,48
1634,15,16,17,25,26,27,28,35,36,37,38,45,46,47,48
1635,15,16,17,25,26,27,28,35,36,37,38,45,46,47,48
1636,15,16,17,25,26,27,28,35,36,37,38,45,46,47,48
1637,16,17,25,26,27,28,35,36,37,38,45,46,47,48
1638,16,17,25,26,27,28,35,36,37,38,45,46,47,48
1639,16,17,25,26,27,28,35,36,37,38,45,46,47,48
1640,16,17,25,26,27,28,35,36,37,38,45,46,47,48
1641,16,17,25,26,27,28,35,36,37,38,45,46,47,48
1642,16,17,25,26,27,28,35,36,37,38,45,46,47,48
1643,16,17,25,26,27,28,35,36,37,38,45,46,47,48
1644,16,17,25,26,27,28,35,36,37,38,45,46,47,48
1645,16,17,25,26,27,28,35,36,37,38,45,46,47,48
1646,16,17,25,26,27,28,35,36,37,38,45,46,47,48
1647,16,17,25,26,27,28,35,36,37,38,45,46,47,48
1648,16,17,25,26,27,28,35,36,37,38,45,46,47,48
1649,16,17,25,26,27,28,35,36,37,38,45,46,47,48
1650,16,17,25,26,27,28,35,36,37,38,45,46,47,48
1651,16,17,25,26,27,28,35,36,37,38,45,46,47,48
1652,16,17,25,26,27,28,35,36,37,38,45,46,47,48
1653,16,17,25,26,27,28,35,36,37,38,45,46,47,48
1654,16,17,25,26,27,28,35,36,37,38,45,46,47,48
1655,16,17,25,26,27,28,35,36,37,38,45,46,47,48
1656,16,17,25,26,27,28,35,36,37,38,45,46,47,48
1657,16,17,25,26,27,28,35,36,37,38,45,46,47,48
1658,16,17,25,26,27,28,35,36,37,38,45,46,47,48
1659,16,17,25,26,27,28,35,36,37,38,45,46,47,48
1660,16,17,25,26,27,28,35,36,37,38,45,46,47,48
1661,16,17,25,26,27,28,35,36,37,38,45,46,47,48
1662,16,17,25,26,27,28,35,36,37,38,45,46,47,48
1663,16,17,25,26,27,28,35,36,37,38,45,46,47,48
1664,16,17,25,26,27,28,35,36,37,38,45,46,47,48
1665,16,17,25,26,27,28,35,36,37,38,45,46,47,48
1666,16,17,25,26,27,28,35,36,37,38,45,46,47,48
1667,16,17,25,26,27,28,35,36,37,38,45,46,47,48
1668,16,17,25,26,27,28,35,36,37,38,45,46,47,48
1669,16,17,25,26,27,28,35,36,37,38,45,46,47,48
1670,16,17,25,26,27,28,35,36,37,38,45,46,47,48
1671,16,17,25,26,27,28,35,36,37,38,45,46,47,48
1672,16,17,25,26,27,28,35,36,37,38,45,46,47,48
1673,16,17,25,26,27,28,35,36,37,38,45,46,47,48
1674,16,17,25,26,27,28,35,36,37,38,45,46,47,48
1675,16,17,25,26,27,28,35,36,37,38,45,46,47,48
1676,16,17,25,26,27,28,35,36,37,38,45,46,47,48
1677,15,16,17,25,26,27,28,35,36,37,38,45,46,47,48
1678,15,16,17,25,26,27,28,35,36,37,38,45,46,47,48
1679,15,16,17,25,26,27,28,35,36,37,38,45,46,47,48
1680,15,16,17,25,26,27,28,35,36,37,38,45,46,47,48
1681,15,16,17,25,26,27,28,35,36,37,38,45,46,47,48
1682,15,16,17,25,26,27,28,35,36,37,38,45,46,47,48
1683,15,16,17,25,26,27,28,35,36,37,38,45,46,47
1684,15,16,17,25,26,27,28,35,36,37,38,45,46,47
1685,15,16,17,25,26,27,28,35,36,37,38,45,46,47
1686,15,16,17,25,26,27,28,35,36,37,38,45,46,47
1687,15,16,17,25,26,27,28,35,36,37,38,45,46,47
1688,15,16,17,25,26,27,28,35,36,37,38,45,46,47
1689,15,16,17,25,26,27,28,35,36,37,38,45,46,47
1690,15,16,17,25,26,27,28,35,36,37,38,45,46,47
1691,15,16,17,25,26,27,28,35,36,37,38,45,46,47
1692,15,16,17,25,26,27,28,35,36,37,38,45,46,47
1693,15,16,17,25,26,27,28,35,36,37,38,45,46,47
1694,15,16,17,25,26,27,28,35,36,37,38,45,46,47
1695,15,16,17,25,26,27,28,35,36,37,38,45,46,47
1696,15,16,17,25,26,27,28,35,36,37,38,45,46,47
1697,15,16,17,25,26,27,28,35,36,37,38,45,46,47
1698,15,16,17,25,26,27,28,35,36,37,38,45,46,47
1699,15,16,17,25,26,27,28,35,36,37,38,45,46,47
1700,15,16,17,25,26,27,28,35,36,37,38,45,46,47
1701,15,16,17,25,26,27,28,35,36,37,38,45,46,47
1702,15,16,17,25,26,27,28,35,36,37,38,45,46,47
1703,15,16,17,25,26,27,28,35,36,37,38,45,46,47
1704,15,16,17,25,26,27,28,35,36,37,38,45,46,47
1705,15,16,17,25,26,27,28,35,36,37,38,45,46,47
1706,15,16,17,25,26,27,28,35,36,37,38,45,46,47
1707,16,17,25,26,27,28,35,36,37,38,45,46,47
1708,16,17,25,26,27,28,35,36,37,38,45,46,47
1709,16,17,25,26,27,28,35,36,37,38,45,46,47
1710,16,17,25,26,27,28,35,36,37,38,45,46,47
1711,16,17,25,26,27,28,35,36,37,38,45,46,47
1712,16,17,25,26,27,28,35,36,37,38,45,46,47
1713,15,16,17,25,26,27,28,35,36,37,38,45,46,47
1714,15,16,17,25,26,27,28,35,36,37,38,45,46,47
1715,15,16,17,25,26,27,28,35,36,37,38,45,46,47
1716,15,16,17,25,26,27,28,35,36,37,38,45,46,47
1717,15,16,17,25,26,27,28,35,36,37,38,45,46,47
1718,15,16,17,25,26,27,28,35,36,37,38,45,46,47
1719,15,16,17,25,26,27,28,35,36,37,38,45,46,47
1720,15,16,17,25,26,27,28,35,36,37,38,45,46,47
1721,15,16,17,25,26,27,28,35,36,37,38,45,46,47
1722,15,16,17,25,26,27,28,35,36,37,38,45,46,47
1723,15,16,17,25,26,27,28,35,36,37,38,45,46,47
1724,15,16,17,25,26,27,28,35,36,37,38,45,46,47
1725,15,16,17,25,26,27,28,35,36,37,38,45,46,47
1726,15,16,17,25,26,27,28,35,36,37,38,45,46,47
1727,15,16,17,25,26,27,28,35,36,37,38,45,46,47
1728,15,16,17,25,26,27,28,35,36,37,38,45,46,47
1729,15,16,17,25,26,27,28,35,36,37,38,45,46,47
1730,15,16,17,25,26,27,28,35,36,37,38,45,46,47
1731,15,16,17,25,26,27,28,35,36,37,38,45,46,47
1732,15,16,17,25,26,27,28,35,36,37,38,45,46,47
1733,15,16,17,25,26,27,28,35,36,37,38,45,46,47
1734,15,16,17,25,26,27,28,35,36,37,38,45,46,47
1735,15,16,17,25,26,27,28,35,36,37,38,45,46,47
1736,15,16,17,25,26,27,28,35,36,37,38,45,46,47
1737,15,16,17,25,26,27,28,35,36,37,38,45,46,47
1738,15,16,17,25,26,27,28,35,36,37,38,45,46,47
1739,15,16,17,25,26,27,28,35,36,37,38,45,46,47
1740,15,16,17,25,26,27,28,35,36,37,38,45,46,47
1741,15,16,17,25,26,27,28,35,36,37,38,45,46,47
1742,15,16,17,25,26,27,28,35,36,37,38,45,46,47
1743,15,16,17,25,26,27,28,35,36,37,38,45,46,47
1744,15,16,17,25,26,27,28,35,36,37,38,45,46,47
1745,15,16,17,25,26,27,28,35,36,37,38,45,46,47
1746,15,16,17,25,26,27,28,35,36,37,38,45,46,47
1747,15,16,17,25,26,27,28,35,36,37,38,45,46,47
1748,15,16,17,25,26,27,28,35,36,37,38,45,46,47
1749,15,16,17,25,26,27,28,35,36,37,38,45,46,47
1750,15,16,17,25,26,27,28,35,36,37,38,45,46,47
1751,15,16,17,25,26,27,28,35,36,37,38,45,46,47
1752,15,16,17,25,26,27,28,35,36,37,38,45,46,47
1753,15,16,17,25,26,27,28,35,36,37,38,45,46,47
1754,15,16,17,25,26,27,28,35,36,37,38,45,46,47
1755,15,16,17,25,26,27,28,35,36,37,38,45,46,47
1756,15,16,17,25,26,27,28,35,36,37,38,45,46,47
1757,15,16,17,25,26,27,28,35,36,37,38,45,46,47
1758,15,16,17,25,26,27,28,35,36,37,38,45,46,47
1759,15,16,17,25,26,27,35,36,37,45,46,47
1760,15,16,17,25,26,27,35,36,37,45,46,47
1761,15,16,17,24,25,26,27,34,35,36,37,45,46,47
1762,15,16,17,24,25,26,27,34,35,36,37,45,46,47
1763,15,16,17,24,25,26,27,34,35,36,37,44,45,46,47
1764,15,16,17,24,25,26,27,34,35,36,37,44,45,46,47
1765,15,16,24,25,26,27,34,35,36,37,44,45,46,47
1766,15,16,24,25,26,27,34,35,36,37,44,45,46,47
1767,15,16,24,25,26,27,34,35,36,37,44,45,46,47
1768,15,16,24,25,26,27,34,35,36,37,44,45,46,47
1769,15,16,24,25,26,27,34,35,36,37,44,45,46,47
1770,15,16,24,25,26,27,34,35,36,37,44,45,46,47
1771,15,16,24,25,26,27,34,35,36,37,44,45,46,47
1772,15,16,24,25,26,27,34,35,36,37,44,45,46,47
1773,15,16,24,25,26,27,34,35,36,37,44,45,46,47
1774,15,16,24,25,26,27,34,35,36,37,44,45,46,47
1775,15,16,24,25,26,27,34,35,36,37,44,45,46,47
1776,15,16,24,25,26,27,34,35,36,37,44,45,46,47
1777,15,16,24,25,26,27,34,35,36,37,44,45,46,47
1778,15,16,24,25,26,27,34,35,36,37,44,45,46,47
1779,15,16,24,25,26,27,34,35,36,37,44,45,46,47
1780,15,16,24,25,26,27,34,35,36,37,44,45,46,47
1781,15,16,24,25,26,27,34,35,36,37,44,45,46,47
1782,15,16,24,25,26,27,34,35,36,37,44,45,46,47
1783,15,16,24,25,26,27,34,35,36,37,44,45,46,47
1784,15,16,24,25,26,27,34,35,36,37,44,45,46,47
1785,15,16,24,25,26,27,34,35,36,37,44,45,46,47
1786,15,16,24,25,26,27,34,35,36,37,44,45,46,47
1787,15,16,24,25,26,27,33,34,35,36,37,43,44,45,46,47
1788,15,16,24,25,26,27,33,34,35,36,37,43,44,45,46,47
1789,15,16,24,25,26,27,33,34,35,36,37,43,44,45,46,47
1790,15,16,24,25,26,27,33,34,35,36,37,43,44,45,46,47
1791,15,16,24,25,26,27,33,34,35,36,37,43,44,45,46,47
1792,15,16,24,25,26,27,33,34,35,36,37,43,44,45,46,47
1793,15,16,24,25,26,27,33,34,35,36,37,43,44,45,46,47
1794,15,16,24,25,26,27,33,34,35,36,37,43,44,45,46,47
1795,15,16,24,25,26,27,33,34,35,36,37,43,44,45,46,47
1796,15,16,24,25,26,27,33,34,35,36,37,43,44,45,46,47
1797,15,16,24,25,26,27,33,34,35,36,37,43,44,45,46,47
1798,15,16,24,25,26,27,33,34,35,36,37,43,44,45,46,47
1799,15,24,25,26,27,33,34,35,36,37,43,44,45,46,47
1800,15,24,25,26,27,33,34,35,36,37,43,44,45,46,47
