1,7,8,9,12,13,14,17,18,19,23
2,7,8,9,12,13,14,17,18,19,23
3,7,8,9,12,13,14,17,18,19,23
4,7,8,9,12,13,14,17,18,19,23
5,7,8,9,12,13,14,17,18,19,23
6,7,8,9,12,13,14,17,18,19,23
7,7,8,9,12,13,14,17,18,19,23
8,7,8,9,12,13,14,17,18,19,23
9,7,8,12,13,14,17,18,19,23
10,7,8,12,13,14,17,18,19,23
11,7,8,12,13,14,17,18,19,23
12,7,8,12,13,14,17,18,19,23
13,7,8,12,13,14,17,18,19,23
14,7,8,12,13,14,17,18,19,23
15,7,8,12,13,14,17,18,19,23
16,7,8,12,13,14,17,18,19,23
17,7,8,12,13,14,17,18,19,23
18,7,8,12,13,14,17,18,19,23
19,7,8,12,13,14,17,18,19,23
20,7,8,12,13,14,17,18,19,23
21,7,8,12,13,14,17,18,19,23
22,7,8,12,13,14,17,18,19,23
23,7,8,12,13,14,17,18,19,23
24,7,8,12,13,14,17,18,19,23
25,7,8,12,13,14,17,18,19,23
26,7,8,12,13,14,17,18,19,23
27,7,8,12,13,14,17,18,19,23
28,7,8,12,13,14,17,18,19,23
29,7,8,12,13,14,17,18,19,22,23
30,7,8,12,13,14,17,18,19,22,23
31,7,8,12,13,14,17,18,19,22,23
32,7,8,12,13,14,17,18,19,22,23
33,7,8,12,13,14,17,18,19,22,23,24
34,7,8,12,13,14,17,18,19,22,23,24
35,8,9,12,13,14,17,18,19,22,23,24
36,8,9,12,13,14,17,18,19,22,23,24
37,8,9,12,13,14,17,18,19,22,23,24
38,8,9,12,13,14,17,18,19,22,23,24
39,8,9,12,13,14,17,18,19,23,24
40,8,9,12,13,14,17,18,19,23,24
41,8,9,12,13,14,17,18,19,23,24
42,8,9,12,13,14,17,18,19,23,24
43,8,9,12,13,14,17,18,19,23,24
44,8,9,12,13,14,17,18,19,23,24
45,8,9,13,14,17,18,19,23,24
46,8,9,13,14,17,18,19,23,24
47,8,9,13,14,18,19,23,24
48,8,9,13,14,18,19,23,24
49,8,9,13,14,18,19,23,24
50,8,9,13,14,18,19,23,24
51,8,9,13,14,18,19,23,24
52,8,9,13,14,18,19,23,24
53,8,9,13,14,18,19,23,24
54,8,9,13,14,18,19,23,24
55,8,9,13,14,18,19,23,24
56,8,9,13,14,18,19,23,24
57,8,9,13,14,18,19,23,24
58,8,9,13,14,18,19,23,24
59,8,9,13,14,18,19,23,24
60,8,9,13,14,18,19,23,24
61,8,9,13,14,18,19,23,24
62,8,9,13,14,18,19,23,24
63,8,9,13,14,18,19,23,24
64,8,9,13,14,18,19,23,24
65,8,9,13,14,18,19,23,24
66,8,9,13,14,18,19,23,24
67,8,9,13,14,18,19,23,24
68,8,9,13,14,18,19,23,24
69,8,9,13,14,18,19,23,24
70,8,9,13,14,18,19,23,24
71,8,9,13,14,18,19,23,24
72,8,9,13,14,18,19,23,24
73,8,9,13,14,18,19,23,24
74,8,9,13,14,18,19,23,24
75,8,9,13,14,18,19,23,24
76,8,9,13,14,18,19,23,24
77,8,9,13,14,18,19,23,24
78,8,9,13,14,18,19,23,24
79,8,9,13,14,18,19,23,24
80,8,9,13,14,18,19,23,24
81,9,13,14,18,19,23,24
82,9,13,14,18,19,23,24
83,9,13,14,18,19,23,24
84,9,13,14,18,19,23,24
85,9,13,14,18,19,23,24
86,9,13,14,18,19,23,24
87,9,13,14,18,19,23,24
88,9,13,14,18,19,23,24
89,9,13,14,18,19,23,24
90,9,13,14,18,19,23,24
91,9,13,14,18,19,20,23,24
92,9,13,14,18,19,20,23,24
93,9,13,14,15,18,19,20,23,24
94,9,13,14,15,18,19,20,23,24
95,9,13,14,15,18,19,20,23,24
96,9,13,14,15,18,19,20,23,24
97,9,13,14,15,18,19,20,23,24
98,9,13,14,15,18,19,20,23,24
99,9,13,14,15,18,19,20,23,24
100,9,13,14,15,18,19,20,23,24
101,9,13,14,18,19,23,24
102,9,13,14,18,19,23,24
103,9,13,14,18,19,23,24
104,9,13,14,18,19,23,24
105,9,13,14,18,19,23,24
106,9,13,14,18,19,23,24
107,9,13,14,18,19,23,24
108,9,13,14,18,19,23,24
109,9,13,14,18,19,23,24
110,9,13,14,18,19,23,24
111,9,13,14,18,19,23,24
112,9,13,14,18,19,23,24
113,9,13,14,18,19,23,24
114,9,13,14,18,19,23,24
115,8,9,13,14,18,19,23,24
116,8,9,13,14,18,19,23,24
117,8,9,13,14,18,19,23,24
118,8,9,13,14,18,19,23,24
119,8,9,13,14,18,19,23,24
120,8,9,13,14,18,19,23,24
121,8,9,13,14,18,19,23,24
122,8,9,13,14,18,19,23,24
123,8,9,13,14,18,19,23,24
124,8,9,13,14,18,19,23,24
125,8,9,13,14,18,19,23,24
126,8,9,13,14,18,19,23,24
127,8,9,13,14,18,19,23,24
128,8,9,13,14,18,19,23,24
129,8,9,13,14,18,19,23,24
130,8,9,13,14,18,19,23,24
131,8,9,13,14,18,19,23,24
132,8,9,13,14,18,19,23,24
133,8,9,13,14,18,19,23,24
134,8,9,13,14,18,19,23,24
135,8,9,13,14,18,19,23,24
136,8,9,13,14,18,19,23,24
137,8,9,12,13,14,17,18,19,23,24
138,8,9,12,13,14,17,18,19,23,24
139,8,9,12,13,14,17,18,19,23,24
140,8,9,12,13,14,17,18,19,23,24
141,8,9,12,13,14,17,18,19,23,24
142,8,9,12,13,14,17,18,19,23,24
143,8,9,12,13,14,17,18,19,22,23,24
144,8,9,12,13,14,17,18,19,22,23,24
145,8,9,12,13,14,17,18,19,22,23,24
146,8,9,12,13,14,17,18,19,22,23,24
147,8,12,13,14,17,18,19,22,23,24
148,8,12,13,14,17,18,19,22,23,24
149,8,12,13,14,17,18,19,22,23,24
150,8,12,13,14,17,18,19,22,23,24
151,8,12,13,14,17,18,19,22,23,24
152,8,12,13,14,17,18,19,22,23,24
153,8,12,13,14,17,18,19,22,23,24
154,8,12,13,14,17,18,19,22,23,24
155,8,12,13,14,17,18,19,22,23,24
156,8,12,13,14,17,18,19,22,23,24
157,8,12,13,14,17,18,19,22,23
158,8,12,13,14,17,18,19,22,23
159,8,12,13,14,17,18,19,22,23
160,8,12,13,14,17,18,19,22,23
161,8,12,13,14,17,18,19,22,23
162,8,12,13,14,17,18,19,22,23
163,8,12,13,17,18,22,23
164,8,12,13,17,18,22,23
165,8,12,13,17,18,22,23
166,8,12,13,17,18,22,23
167,7,8,12,13,17,18,22,23
168,7,8,12,13,17,18,22,23
169,7,8,12,13,17,18,22,23
170,7,8,12,13,17,18,22,23
171,7,8,12,13,17,18,22,23
172,7,8,12,13,17,18,22,23
173,7,8,12,13,17,18,22,23
174,7,8,12,13,17,18,22,23
175,7,8,12,13,17,18,22,23
176,7,8,12,13,17,18,22,23
177,7,8,12,13,17,18,22,23
178,7,8,12,13,17,18,22,23
179,7,8,12,13,17,18,22,23
180,7,8,12,13,17,18,22,23
181,7,8,12,13,17,18,22,23
182,7,8,12,13,17,18,22,23
183,7,8,12,13,17,18,22,23
184,7,8,12,13,17,18,22,23
185,7,8,12,13,17,18,22,23
186,7,8,12,13,17,18,22,23
187,7,8,12,13,17,18,22,23
188,7,8,12,13,17,18,22,23
189,7,8,12,13,17,18,22,23
190,7,8,12,13,17,18,22,23
191,7,8,12,13,17,18,22,23
192,7,8,12,13,17,18,22,23
193,7,8,12,13,17,18,22,23
194,7,8,12,13,17,18,22,23
195,7,8,11,12,13,16,17,18,22,23
196,7,8,11,12,13,16,17,18,22,23
197,7,8,11,12,13,16,17,18,22,23
198,7,8,11,12,13,16,17,18,22,23
199,7,8,11,12,13,16,17,18,22,23
200,7,8,11,12,13,16,17,18,22,23
201,7,8,11,12,13,16,17,18,22,23
202,7,8,11,12,13,16,17,18,22,23
203,7,8,11,12,13,16,17,18,22,23
204,7,8,11,12,13,16,17,18,22,23
205,7,8,11,12,13,16,17,18,22,23
206,7,8,11,12,13,16,17,18,22,23
207,7,8,11,12,13,16,17,18,22,23
208,7,8,11,12,13,16,17,18,22,23
209,7,8,11,12,13,16,17,18,22,23
210,7,8,11,12,13,16,17,18,22,23
211,7,8,11,12,13,16,17,18,21,22,23
212,7,8,11,12,13,16,17,18,21,22,23
213,7,11,12,13,16,17,18,21,22,23
214,7,11,12,13,16,17,18,21,22,23
215,7,11,12,13,16,17,18,21,22,23
216,7,11,12,13,16,17,18,21,22,23
217,7,11,12,13,16,17,18,21,22,23
218,7,11,12,13,16,17,18,21,22,23
219,7,11,12,13,16,17,18,21,22,23
220,7,11,12,13,16,17,18,21,22,23
221,7,11,12,13,16,17,18,21,22
222,7,11,12,13,16,17,18,21,22
223,7,11,12,13,16,17,18,21,22
224,7,11,12,13,16,17,18,21,22
225,7,11,12,13,16,17,18,21,22
226,7,11,12,13,16,17,18,21,22
227,7,11,12,16,17,21,22
228,7,11,12,16,17,21,22
229,6,7,11,12,16,17,21,22
230,6,7,11,12,16,17,21,22
231,6,7,11,12,16,17,21,22
232,6,7,11,12,16,17,21,22
233,6,7,11,12,16,17,21,22
234,6,7,11,12,16,17,21,22
235,6,7,11,12,16,17,21,22
236,6,7,11,12,16,17,21,22
237,6,7,11,12,16,17,21,22
238,6,7,11,12,16,17,21,22
239,6,7,11,12,16,17,21,22
240,6,7,11,12,16,17,21,22
241,6,7,11,12,16,17,21,22
242,6,7,11,12,16,17,21,22
243,6,7,11,12,16,17,21,22
244,6,7,11,12,16,17,21,22
245,6,7,11,12,16,17,21,22
246,6,7,11,12,16,17,21,22
247,6,7,11,12,16,17,21,22
248,6,7,11,12,16,17,21,22
249,6,7,11,12,16,17,21,22
250,6,7,11,12,16,17,21,22
251,6,7,11,12,16,17,21,22
252,6,7,11,12,16,17,21,22
253,6,7,11,12,16,17,21,22
254,6,7,11,12,16,17,21,22
255,6,7,11,12,16,17,21,22
256,6,7,11,12,16,17,21,22
257,6,7,11,12,15,16,17,20,21,22
258,6,7,11,12,15,16,17,20,21,22
259,6,7,11,12,15,16,17,20,21,22
260,6,7,11,12,15,16,17,20,21,22
261,6,7,11,12,15,16,17,20,21,22
262,6,7,11,12,15,16,17,20,21,22
263,6,7,11,12,15,16,17,20,21,22
264,6,7,11,12,15,16,17,20,21,22
265,6,7,11,12,15,16,17,20,21,22
266,6,7,11,12,15,16,17,20,21,22
267,6,7,11,12,15,16,17,20,21,22
268,6,7,11,12,15,16,17,20,21,22
269,6,7,11,12,15,16,17,20,21
270,6,7,11,12,15,16,17,20,21
271,6,7,10,11,12,15,16,17,20,21
272,6,7,10,11,12,15,16,17,20,21
273,6,10,11,12,15,16,17,20,21,25
274,6,10,11,12,15,16,17,20,21,25
275,6,10,11,12,15,16,17,20,21,25
276,6,10,11,12,15,16,17,20,21,25
277,6,10,11,12,15,16,17,20,21,25
278,6,10,11,12,15,16,17,20,21,25
279,6,10,11,15,16,20,21,25
280,6,10,11,15,16,20,21,25
281,6,10,11,15,16,20,21,25
282,6,10,11,15,16,20,21,25
283,6,10,11,15,16,20,21,25
284,6,10,11,15,16,20,21,25
285,6,10,11,15,16,20,21,25
286,6,10,11,15,16,20,21,25
287,6,10,11,15,16,20,21,25
288,6,10,11,15,16,20,21,25
289,6,10,11,15,16,20,21,25
290,6,10,11,15,16,20,21,25
291,6,10,11,15,16,20,21,25
292,6,10,11,15,16,20,21,25
293,6,10,11,15,16,20,21,25
294,6,10,11,15,16,20,21,25
295,10,11,15,16,20,21,25
296,10,11,15,16,20,21,25
297,10,11,15,16,20,21,25
298,10,11,15,16,20,21,25
299,10,11,15,16,20,21,25
300,10,11,15,16,20,21,25
301,10,11,15,16,20,21,25
302,10,11,15,16,20,21,25
303,10,11,15,16,19,20,21,25
304,10,11,15,16,19,20,21,25
305,10,11,15,16,19,20,21,24,25
306,10,11,15,16,19,20,21,24,25
307,10,11,15,16,19,20,21,24,25
308,10,11,15,16,19,20,21,24,25
309,10,11,15,16,19,20,21,24,25
310,10,11,15,16,19,20,21,24,25
311,10,11,14,15,16,19,20,21,24,25
312,10,11,14,15,16,19,20,21,24,25
313,10,11,14,15,16,19,20,21,24,25
314,10,11,14,15,16,19,20,21,24,25
315,10,11,14,15,16,19,20,21,24,25
316,10,11,14,15,16,19,20,21,24,25
317,10,11,14,15,16,19,20,21,24,25
318,10,11,14,15,16,19,20,21,24,25
319,10,11,14,15,16,19,20,21,24,25
320,10,11,14,15,16,19,20,21,24,25
321,10,11,14,15,16,19,20,21,24,25
322,10,11,14,15,16,19,20,21,24,25
323,10,11,14,15,16,19,20,21,24,25
324,10,11,14,15,16,19,20,21,24,25
325,10,11,14,15,16,19,20,21,24,25
326,10,11,14,15,16,19,20,21,24,25
327,11,14,15,16,19,20,21,24,25
328,11,14,15,16,19,20,21,24,25
329,11,14,15,16,19,20,21,24,25
330,11,14,15,16,19,20,21,24,25
331,11,14,15,16,19,20,21,24,25
332,11,14,15,16,19,20,21,24,25
333,11,14,15,16,19,20,21,22,23,24,25
334,11,14,15,16,19,20,21,22,23,24,25
335,11,14,15,16,19,20,21,22,23,24,25
336,11,14,15,16,19,20,21,22,23,24,25
337,11,14,15,16,19,20,21,22,23,24,25
338,11,14,15,16,19,20,21,22,23,24,25
339,11,14,15,16,19,20,21,22,23,24,25
340,11,14,15,16,19,20,21,22,23,24,25
341,11,14,15,16,19,20,21,22,23,24,25
342,11,14,15,16,19,20,21,22,23,24,25
343,11,14,15,16,19,20,21,22,23,24,25
344,11,14,15,16,19,20,21,22,23,24,25
345,14,15,16,19,20,21,22,23,24,25
346,14,15,16,19,20,21,22,23,24,25
347,14,15,16,19,20,21,22,23,24,25
348,14,15,16,19,20,21,22,23,24,25
349,14,15,16,19,20,21,22,23,24,25
350,14,15,16,19,20,21,22,23,24,25
351,14,15,16,19,20,21,22,23,24,25
352,14,15,16,19,20,21,22,23,24,25
353,14,15,16,19,20,21,22,23,24,25
354,14,15,16,19,20,21,22,23,24,25
355,14,15,16,19,20,21,22,23,24,25
356,14,15,16,19,20,21,22,23,24,25
357,14,15,16,19,20,21,22,23,24,25
358,14,15,16,19,20,21,22,23,24,25
359,14,15,16,19,20,21,24,25
360,14,15,16,19,20,21,24,25
361,14,15,19,20,21,24,25
362,14,15,19,20,21,24,25
363,10,14,15,19,20,24,25
364,10,14,15,19,20,24,25
365,10,14,15,19,20,24,25
366,10,14,15,19,20,24,25
367,10,14,15,19,20,24,25
368,10,14,15,19,20,24,25
369,9,10,14,15,19,20,24,25
370,9,10,14,15,19,20,24,25
371,9,10,14,15,19,20,24,25
372,9,10,14,15,19,20,24,25
373,9,10,14,15,19,20,24,25
374,9,10,14,15,19,20,24,25
375,9,10,14,15,19,20,24,25
376,9,10,14,15,19,20,24,25
377,9,10,14,15,19,20,24,25
378,9,10,14,15,19,20,24,25
379,9,10,14,15,19,20,24,25
380,9,10,14,15,19,20,24,25
381,9,10,14,15,19,20,24,25
382,9,10,14,15,19,20,24,25
383,9,10,14,15,19,20,24,25
384,9,10,14,15,19,20,24,25
385,10,14,15,19,20,24,25
386,10,14,15,19,20,24,25
387,10,14,15,16,19,20,24,25
388,10,14,15,16,19,20,24,25
389,10,11,14,15,16,19,20,24,25
390,10,11,14,15,16,19,20,24,25
391,10,11,14,15,16,19,20,21,24,25
392,10,11,14,15,16,19,20,21,24,25
393,10,11,14,15,16,19,20,21,24,25
394,10,11,14,15,16,19,20,21,24,25
395,9,10,11,14,15,16,19,20,24,25
396,9,10,11,14,15,16,19,20,24,25
397,6,9,10,11,14,15,16,19,20,25
398,6,9,10,11,14,15,16,19,20,25
399,6,9,10,11,14,15,16,19,20,25
400,6,9,10,11,14,15,16,19,20,25
401,5,6,9,10,11,14,15,16,19,20
402,5,6,9,10,11,14,15,16,19,20
403,5,6,9,10,11,14,15,16,19,20
404,5,6,9,10,11,14,15,16,19,20
405,5,6,9,10,11,14,15,16,19,20
406,5,6,9,10,11,14,15,16,19,20
407,5,6,9,10,11,14,15,19,20
408,5,6,9,10,11,14,15,19,20
409,5,6,9,10,11,14,15,19,20
410,5,6,9,10,11,14,15,19,20
411,4,5,6,9,10,11,14,15,19,20
412,4,5,6,9,10,11,14,15,19,20
413,4,5,6,9,10,11,14,15,19,20
414,4,5,6,9,10,11,14,15,19,20
415,4,5,9,10,14,15,19,20
416,4,5,9,10,14,15,19,20
417,4,5,9,10,14,15,19,20
418,4,5,9,10,14,15,19,20
419,4,5,9,10,14,15,19,20
420,4,5,9,10,14,15,19,20
421,4,5,9,10,14,15,19,20
422,4,5,9,10,14,15,19,20
423,4,5,9,10,14,15,19,20
424,4,5,9,10,14,15,19,20
425,4,5,9,10,14,15,19,20
426,4,5,9,10,14,15,19,20
427,4,5,9,10,14,15,19,20
428,4,5,9,10,14,15,19,20
429,4,5,9,10,14,15,19,20
430,4,5,9,10,14,15,19,20
431,4,5,9,10,14,15,19,20
432,4,5,9,10,14,15,19,20
433,4,5,9,10,14,15,19,20
434,4,5,9,10,14,15,19,20
435,4,5,9,10,14,15,19,20
436,4,5,9,10,14,15,19,20
437,4,5,9,10,14,15,19,20
438,4,5,9,10,14,15,19,20
439,4,5,9,10,14,15,19,20
440,4,5,9,10,14,15,19,20
441,4,5,9,10,14,15,19,20
442,4,5,9,10,14,15,19,20
443,4,5,9,10,14,15,19,20
444,4,5,9,10,14,15,19,20
445,4,5,9,10,14,15,19,20
446,4,5,9,10,14,15,19,20
447,4,5,8,9,10,13,14,15,19,20
448,4,5,8,9,10,13,14,15,19,20
449,4,5,8,9,10,13,14,15,19,20
450,4,5,8,9,10,13,14,15,19,20
451,4,5,8,9,10,13,14,15,19,20
452,4,5,8,9,10,13,14,15,19,20
453,4,5,8,9,10,13,14,15,19,20
454,4,5,8,9,10,13,14,15,19,20
455,4,5,8,9,10,13,14,15,19,20
456,4,5,8,9,10,13,14,15,19,20
457,4,5,8,9,10,13,14,15,19,20
458,4,5,8,9,10,13,14,15,19,20
459,4,8,9,10,13,14,15,19,20
460,4,8,9,10,13,14,15,19,20
461,4,8,9,10,13,14,15,19,20
462,4,8,9,10,13,14,15,19,20
463,4,8,9,10,13,14,15,18,19,20
464,4,8,9,10,13,14,15,18,19,20
465,4,8,9,10,13,14,15,18,19,20
466,4,8,9,10,13,14,15,18,19,20
467,4,8,9,10,13,14,15,18,19,20
468,4,8,9,10,13,14,15,18,19,20
469,4,8,9,10,13,14,15,18,19,20
470,4,8,9,10,13,14,15,18,19,20
471,4,8,9,10,13,14,15,18,19,20
472,4,8,9,10,13,14,15,18,19,20
473,4,8,9,10,13,14,15,19,20
474,4,8,9,10,13,14,15,19,20
475,4,8,9,10,13,14,15,19,20
476,4,8,9,10,13,14,15,19,20
477,4,9,10,13,14,15,19,20
478,4,9,10,13,14,15,19,20
479,4,9,10,14,15,19,20
480,4,9,10,14,15,19,20
481,4,9,10,14,15,19,20
482,4,9,10,14,15,19,20
483,5,9,10,14,15,19,20
484,5,9,10,14,15,19,20
485,5,9,10,14,15,19,20
486,5,9,10,14,15,19,20
487,5,9,10,14,15,19,20
488,5,9,10,14,15,19,20
489,9,10,14,15,19,20
490,9,10,14,15,19,20
491,9,10,14,15,19,20
492,9,10,14,15,19,20
493,5,9,10,14,15,19,20
494,5,9,10,14,15,19,20
495,5,9,10,14,15,19,20
496,5,9,10,14,15,19,20
497,9,10,14,15,19,20
498,9,10,14,15,19,20
499,9,10,14,15,19,20
500,9,10,14,15,19,20
501,9,10,11,14,15,19,20
502,9,10,11,14,15,19,20
503,5,9,10,11,14,15,19,20
504,5,9,10,11,14,15,19,20
505,5,9,10,11,14,15,19,20
506,5,9,10,11,14,15,19,20
507,5,9,10,11,14,15,19,20
508,5,9,10,11,14,15,19,20
509,9,10,11,14,15,19,20
510,9,10,11,14,15,19,20
511,9,10,11,14,15,19,20
512,9,10,11,14,15,19,20
513,9,10,11,14,15,19,20
514,9,10,11,14,15,19,20
515,9,10,11,14,15,19,20
516,9,10,11,14,15,19,20
517,9,10,11,14,15,19,20
518,9,10,11,14,15,19,20
519,5,9,10,11,14,15,19,20
520,5,9,10,11,14,15,19,20
521,9,10,14,15,19,20
522,9,10,14,15,19,20
523,9,10,14,15,19,20
524,9,10,14,15,19,20
525,9,10,14,15,19,20
526,9,10,14,15,19,20
527,9,10,14,15,19,20
528,9,10,14,15,19,20
529,5,9,10,11,14,15,19,20
530,5,9,10,11,14,15,19,20
531,6,9,10,11,14,15,19,20
532,6,9,10,11,14,15,19,20
533,5,6,9,10,11,14,15,16,19,20
534,5,6,9,10,11,14,15,16,19,20
535,5,6,9,10,11,14,15,16,19,20
536,5,6,9,10,11,14,15,16,19,20
537,5,6,9,10,11,14,15,16,19,20
538,5,6,9,10,11,14,15,16,19,20
539,5,6,9,10,11,14,15,16,19,20
540,5,6,9,10,11,14,15,16,19,20
541,5,6,9,10,11,14,15,16,19,20
542,5,6,9,10,11,14,15,16,19,20
543,5,6,9,10,11,14,15,16,19,20
544,5,6,9,10,11,14,15,16,19,20
545,5,6,9,10,11,14,15,16,19,20
546,5,6,9,10,11,14,15,16,19,20
547,5,6,9,10,11,14,15,16,20
548,5,6,9,10,11,14,15,16,20
549,5,6,9,10,11,14,15,16,20
550,5,6,9,10,11,14,15,16,20
551,5,6,10,11,14,15,16,20
552,5,6,10,11,14,15,16,20
553,5,6,10,11,15,16,20
554,5,6,10,11,15,16,20
555,5,6,10,11,15,16,20
556,5,6,10,11,15,16,20
557,6,10,11,15,16,20
558,6,10,11,15,16,20
559,6,10,11,15,16,20
560,6,10,11,15,16,20
561,6,10,11,15,16,20
562,6,10,11,15,16,20
563,6,10,11,15,16,20
564,6,10,11,15,16,20
565,6,10,11,15,16,20
566,6,10,11,15,16,20
567,6,10,11,15,16,20
568,6,10,11,15,16,20
569,6,10,11,15,16,20
570,6,10,11,15,16,20
571,6,10,11,15,16,20
572,6,10,11,15,16,20
573,6,10,11,15,16,20
574,6,10,11,15,16,20
575,6,10,11,15,16,20
576,6,10,11,15,16,20
577,6,10,11,15,16,20
578,6,10,11,15,16,20
579,6,10,11,15,16,20
580,6,10,11,15,16,20
581,6,10,11,15,16,20
582,6,10,11,15,16,20
583,6,10,11,15,16,20
584,6,10,11,15,16,20
585,6,10,11,15,16,20
586,6,10,11,15,16,20
587,6,10,11,15,16,20
588,6,10,11,15,16,20
589,6,10,11,15,16,20
590,6,10,11,15,16,20
591,6,10,11,15,16,20
592,6,10,11,15,16,20
593,6,10,11,15,16,20
594,6,10,11,15,16,20
595,6,10,11,15,16,20
596,6,10,11,15,16,20
597,6,10,11,15,16,20
598,6,10,11,15,16,20
599,6,10,11,15,16,20,21,25
600,6,10,11,15,16,20,21,25
601,6,10,11,15,16,20,21,25
602,6,10,11,15,16,20,21,25
603,6,10,11,15,16,20
604,6,10,11,15,16,20
605,6,10,11,15,16,20
606,6,10,11,15,16,20
607,6,10,11,15,16,20
608,6,10,11,15,16,20
609,6,10,11,15,16,20
610,6,10,11,15,16,20
611,6,10,11,15,16,20
612,6,10,11,15,16,20
613,6,10,11,15,16,20
614,6,10,11,15,16,20
615,6,10,11,15,16,20
616,6,10,11,15,16,20
617,6,10,11,15,16,20
618,6,10,11,15,16,20
619,6,10,11,15,16,20
620,6,10,11,15,16,20
621,6,10,11,15,16,20
622,6,10,11,15,16,20
623,6,10,11,15,16,20
624,6,10,11,15,16,20
625,6,10,11,15,16,20
626,6,10,11,15,16,20
627,6,10,11,15,16,20
628,6,10,11,15,16,20
629,6,10,11,15,16,20
630,6,10,11,15,16,20
631,6,10,11,15,16,20
632,6,10,11,15,16,20
633,6,10,11,15,16,20
634,6,10,11,15,16,20
635,6,10,11,15,16,20
636,6,10,11,15,16,20
637,6,10,11,15,16,20
638,6,10,11,15,16,20
639,6,10,11,15,16,20
640,6,10,11,15,16,20
641,6,10,11,15,16,20,21,25
642,6,10,11,15,16,20,21,25
643,6,10,11,15,16,20,21,25
644,6,10,11,15,16,20,21,25
645,6,10,11,15,16,20,21,25
646,6,10,11,15,16,20,21,25
647,6,10,11,15,16,20
648,6,10,11,15,16,20
649,6,10,11,15,16,20
650,6,10,11,15,16,20
651,5,6,10,11,15,16,20
652,5,6,10,11,15,16,20
653,5,6,10,11,15,16,20
654,5,6,10,11,15,16,20
655,5,6,10,11,15,16,20
656,5,6,10,11,15,16,20
657,5,6,10,11,15,16,20
658,5,6,10,11,15,16,20
659,5,6,10,11,15,16,20
660,5,6,10,11,15,16,20
661,5,6,10,11,15,16,20
662,5,6,10,11,15,16,20
663,5,6,10,11,15,16,20
664,5,6,10,11,15,16,20
665,5,6,10,11,15,16,20
666,5,6,10,11,15,16,20
667,5,6,10,11,15,16,20
668,5,6,10,11,15,16,20
669,5,6,10,11,15,16,20
670,5,6,10,11,15,16,20
671,5,6,10,11,15,16,20
672,5,6,10,11,15,16,20
673,5,6,10,11,15,16,20
674,5,6,10,11,15,16,20
675,5,6,10,11,14,15,16,20
676,5,6,10,11,14,15,16,20
677,5,6,10,11,14,15,16,20
678,5,6,10,11,14,15,16,20
679,5,6,10,11,14,15,16,20
680,5,6,10,11,14,15,16,20
681,5,6,10,11,14,15,16,20
682,5,6,10,11,14,15,16,20
683,5,6,10,11,14,15,16,20
684,5,6,10,11,14,15,16,20
685,5,6,10,11,14,15,16,20
686,5,6,10,11,14,15,16,20
687,5,6,10,11,14,15,16,20
688,5,6,10,11,14,15,16,20
689,5,6,10,11,14,15,16,20
690,5,6,10,11,14,15,16,20
691,5,6,10,11,14,15,16,20
692,5,6,10,11,14,15,16,20
693,5,6,10,11,14,15,16,20
694,5,6,10,11,14,15,16,20
695,5,6,9,10,11,14,15,16,20
696,5,6,9,10,11,14,15,16,20
697,5,6,9,10,11,14,15,16,20
698,5,6,9,10,11,14,15,16,20
699,5,6,9,10,11,14,15,16,20
700,5,6,9,10,11,14,15,16,20
701,5,6,9,10,11,14,15,16,20
702,5,6,9,10,11,14,15,16,20
703,5,6,9,10,11,14,15,16,20
704,5,6,9,10,11,14,15,16,20
705,5,6,9,10,11,14,15,16,20
706,5,6,9,10,11,14,15,16,20
707,5,6,9,10,11,14,15,16,20
708,5,6,9,10,11,14,15,16,20
709,5,6,9,10,11,14,15,16,20
710,5,6,9,10,11,14,15,16,20
711,5,6,9,10,11,14,15,16,20
712,5,6,9,10,11,14,15,16,20
713,5,6,9,10,11,14,15,16,20
714,5,6,9,10,11,14,15,16,20
715,5,6,9,10,11,14,15,16,20
716,5,6,9,10,11,14,15,16,20
717,5,6,9,10,11,14,15,16,20
718,5,6,9,10,11,14,15,16,20
719,5,6,10,11,14,15,16,20
720,5,6,10,11,14,15,16,20
721,5,6,10,11,14,15,16,20
722,5,6,10,11,14,15,16,20
723,5,6,10,11,15,16,20
724,5,6,10,11,15,16,20
725,5,6,10,11,15,16,20
726,5,6,10,11,15,16,20
727,5,6,10,11,15,16,20
728,5,6,10,11,15,16,20
729,1,5,6,10,11,15,16,20
730,1,5,6,10,11,15,16,20
731,1,5,6,10,11,15,16,20
732,1,5,6,10,11,15,16,20
733,1,5,6,10,11,15,16,20
734,1,5,6,10,11,15,16,20
735,1,5,6,10,11,15,16,20
736,1,5,6,10,11,15,16,20
737,1,5,6,10,11,15,16,20
738,1,5,6,10,11,15,16,20
739,1,5,6,10,11,15,16,20
740,1,5,6,10,11,15,16,20
741,6,10,11,12,15,16,17,20,21,25
742,6,10,11,12,15,16,17,20,21,25
743,6,10,11,12,15,16,17,20,21,25
744,6,10,11,12,15,16,17,20,21,25
745,6,7,11,12,15,16,17,20,21,22,25
746,6,7,11,12,15,16,17,20,21,22,25
747,6,7,11,12,15,16,17,20,21,22
748,6,7,11,12,15,16,17,20,21,22
749,6,7,11,12,15,16,17,20,21,22
750,6,7,11,12,15,16,17,20,21,22
751,6,7,11,12,15,16,17,20,21,22
752,6,7,11,12,15,16,17,20,21,22
753,6,7,11,12,15,16,17,20,21,22
754,6,7,11,12,15,16,17,20,21,22
755,6,7,11,12,15,16,17,20,21,22
756,6,7,11,12,15,16,17,20,21,22
757,6,7,11,12,16,17,21,22
758,6,7,11,12,16,17,21,22
759,6,7,11,12,16,17,21,22
760,6,7,11,12,16,17,21,22
761,6,7,11,12,16,17,21,22
762,6,7,11,12,16,17,21,22
763,6,7,11,12,16,17,21,22
764,6,7,11,12,16,17,21,22
765,6,7,11,12,16,17,21,22
766,6,7,11,12,16,17,21,22
767,6,7,11,12,16,17,21,22
768,6,7,11,12,16,17,21,22
769,6,7,11,12,16,17,21,22
770,6,7,11,12,16,17,21,22
771,6,7,11,12,16,17,21,22
772,6,7,11,12,16,17,21,22
773,6,7,11,12,16,17,21,22
774,6,7,11,12,16,17,21,22
775,6,7,11,12,16,17,21,22
776,6,7,11,12,16,17,21,22
777,6,7,11,12,16,17,21,22
778,6,7,11,12,16,17,21,22
779,6,7,11,12,16,17,21,22
780,6,7,11,12,16,17,21,22
781,6,7,11,12,16,17,21,22
782,6,7,11,12,16,17,21,22
783,6,7,11,12,16,17,21,22
784,6,7,11,12,16,17,21,22
785,6,7,11,12,16,17,21,22
786,6,7,11,12,16,17,21,22
787,6,7,11,12,16,17,21,22
788,6,7,11,12,16,17,21,22
789,6,7,11,12,16,17,21,22
790,6,7,11,12,16,17,21,22
791,6,7,11,12,16,17,21,22
792,6,7,11,12,16,17,21,22
793,6,7,11,12,16,17,21,22
794,6,7,11,12,16,17,21,22
795,6,7,11,12,16,17,21,22
796,6,7,11,12,16,17,21,22
797,6,7,11,12,16,17,21,22
798,6,7,11,12,16,17,21,22
799,6,7,11,12,16,17,21,22
800,6,7,11,12,16,17,21,22
801,6,7,11,12,16,17,21,22
802,6,7,11,12,16,17,21,22
803,6,7,11,12,16,17,21,22
804,6,7,11,12,16,17,21,22
805,6,7,11,12,16,17,21,22
806,6,7,11,12,16,17,21,22
807,6,7,11,12,16,17,21,22
808,6,7,11,12,16,17,21,22
809,6,7,11,12,16,17,21,22
810,6,7,11,12,16,17,21,22
811,6,7,11,12,16,17,21,22
812,6,7,11,12,16,17,21,22
813,6,7,11,12,16,17,21,22
814,6,7,11,12,16,17,21,22
815,6,7,11,12,16,17,21,22
816,6,7,11,12,16,17,21,22
817,6,7,11,12,16,17,21,22
818,6,7,11,12,16,17,21,22
819,6,7,11,12,16,17,21,22
820,6,7,11,12,16,17,21,22
821,6,7,11,12,16,17,21,22
822,6,7,11,12,16,17,21,22
823,6,7,11,12,16,17,21,22
824,6,7,11,12,16,17,21,22
825,6,7,11,12,16,17,21,22
826,6,7,11,12,16,17,21,22
827,6,7,11,12,16,17,21,22
828,6,7,11,12,16,17,21,22
829,6,7,11,12,16,17,21,22
830,6,7,11,12,16,17,21,22
831,6,7,11,12,16,17,21,22
832,6,7,11,12,16,17,21,22
833,6,7,11,12,16,17,21,22
834,6,7,11,12,16,17,21,22
835,6,7,11,12,15,16,17,20,21,22
836,6,7,11,12,15,16,17,20,21,22
837,6,7,11,12,15,16,17,20,21
838,6,7,11,12,15,16,17,20,21
839,6,7,10,11,12,15,16,17,20,21
840,6,7,10,11,12,15,16,17,20,21
841,6,7,10,11,12,15,16,17,20,21
842,6,7,10,11,12,15,16,17,20,21
843,6,7,10,11,12,15,16,17,20,21
844,6,7,10,11,12,15,16,17,20,21
845,6,10,11,12,15,16,17,20,21
846,6,10,11,12,15,16,17,20,21
847,6,10,11,12,15,16,17,20,21,25
848,6,10,11,12,15,16,17,20,21,25
849,6,10,11,12,15,16,17,20,21,25
850,6,10,11,12,15,16,17,20,21,25
851,6,10,11,12,15,16,17,20,21,25
852,6,10,11,12,15,16,17,20,21,25
853,6,10,11,12,15,16,17,20,21,25
854,6,10,11,12,15,16,17,20,21,25
855,1,5,6,10,11,15,16,20
856,1,5,6,10,11,15,16,20
857,1,5,6,10,11,15,16,20
858,1,5,6,10,11,15,16,20
859,1,5,6,10,11,15,16,20
860,1,5,6,10,11,15,16,20
861,1,5,6,10,11,15,16,20
862,1,5,6,10,11,15,16,20
863,1,5,6,10,11,15,16,20
864,1,5,6,10,11,15,16,20
865,1,5,6,10,11,15,16,20
866,1,5,6,10,11,15,16,20
867,1,5,6,10,11,15,16,20
868,1,5,6,10,11,15,16,20
869,1,5,6,10,11,15,16,20
870,1,5,6,10,11,15,16,20
871,6,10,11,12,15,16,17,20,21,25
872,6,10,11,12,15,16,17,20,21,25
873,6,10,11,12,15,16,17,20,21,25
874,6,10,11,12,15,16,17,20,21,25
875,6,10,11,12,15,16,17,20,21,25
876,6,10,11,12,15,16,17,20,21,25
877,6,10,11,12,15,16,17,20,21,25
878,6,10,11,12,15,16,17,20,21,25
879,6,10,11,12,15,16,17,20,21,25
880,6,10,11,12,15,16,17,20,21,25
881,6,10,11,12,15,16,17,20,21,25
882,6,10,11,12,15,16,17,20,21,25
883,6,10,11,12,15,16,17,20,21,25
884,6,10,11,12,15,16,17,20,21,25
885,6,10,11,12,15,16,17,20,21,25
886,6,10,11,12,15,16,17,20,21,25
887,6,7,10,11,12,15,16,17,20,21
888,6,7,10,11,12,15,16,17,20,21
889,6,7,10,11,12,15,16,17,20,21
890,6,7,10,11,12,15,16,17,20,21
891,6,7,10,11,12,15,16,17,20,21
892,6,7,10,11,12,15,16,17,20,21
893,6,7,11,12,15,16,17,20,21,22
894,6,7,11,12,15,16,17,20,21,22
895,6,7,11,12,15,16,17,20,21,22
896,6,7,11,12,15,16,17,20,21,22
897,6,7,11,12,16,17,21,22
898,6,7,11,12,16,17,21,22
899,6,7,11,12,16,17,21,22
900,6,7,11,12,16,17,21,22
901,6,7,11,12,16,17,21,22
902,6,7,11,12,16,17,21,22
903,6,7,11,12,16,17,21,22
904,6,7,11,12,16,17,21,22
905,6,7,11,12,16,17,21,22
906,6,7,11,12,16,17,21,22
907,6,7,11,12,16,17,21,22
908,6,7,11,12,16,17,21,22
909,6,7,11,12,16,17,21,22
910,6,7,11,12,16,17,21,22
911,6,7,11,12,13,16,17,18,22
912,6,7,11,12,13,16,17,18,22
913,6,7,8,11,12,13,16,17,18,22
914,6,7,8,11,12,13,16,17,18,22
915,6,7,8,11,12,13,16,17,18,22
916,6,7,8,11,12,13,16,17,18,22
917,6,7,8,11,12,13,16,17,18,22
918,6,7,8,11,12,13,16,17,18,22
919,6,7,8,11,12,13,16,17,18,22
920,6,7,8,11,12,13,16,17,18,22
921,7,8,11,12,13,16,17,18,22
922,7,8,11,12,13,16,17,18,22
923,7,8,11,12,13,17,18,22
924,7,8,11,12,13,17,18,22
925,7,8,12,13,17,18,22,23
926,7,8,12,13,17,18,22,23
927,7,8,12,13,17,18,22,23
928,7,8,12,13,17,18,22,23
929,7,8,12,13,17,18,22,23
930,7,8,12,13,17,18,22,23
931,7,8,12,13,17,18,22,23
932,7,8,12,13,17,18,22,23
933,7,8,12,13,17,18,22,23
934,7,8,12,13,17,18,22,23
935,7,8,12,13,17,18,22,23
936,7,8,12,13,17,18,22,23
937,7,8,12,13,17,18,22,23
938,7,8,12,13,17,18,22,23
939,7,8,12,13,17,18,22,23
940,7,8,12,13,17,18,22,23
941,7,8,12,13,17,18,22,23
942,7,8,12,13,17,18,22,23
943,7,8,12,13,17,18,22,23
944,7,8,12,13,17,18,22,23
945,7,8,12,13,17,18,22,23
946,7,8,12,13,17,18,22,23
947,7,8,12,13,17,18,22,23
948,7,8,12,13,17,18,22,23
949,7,8,12,13,17,18,22,23
950,7,8,12,13,17,18,22,23
951,7,8,12,13,17,18,22,23
952,7,8,12,13,17,18,22,23
953,7,8,12,13,17,18,22,23
954,7,8,12,13,17,18,22,23
955,7,8,12,13,17,18,22,23
956,7,8,12,13,17,18,22,23
957,7,8,12,13,17,18,22,23
958,7,8,12,13,17,18,22,23
959,7,8,12,13,17,18,22,23
960,7,8,12,13,17,18,22,23
961,7,8,12,13,17,18,22,23
962,7,8,12,13,17,18,22,23
963,7,8,12,13,17,18,22,23
964,7,8,12,13,17,18,22,23
965,7,8,12,13,17,18,22,23
966,7,8,12,13,17,18,22,23
967,7,8,12,13,17,18,22,23
968,7,8,12,13,17,18,22,23
969,7,8,12,13,14,17,18,22,23
970,7,8,12,13,14,17,18,22,23
971,7,8,12,13,14,17,18,19,22,23
972,7,8,12,13,14,17,18,19,22,23
973,7,8,12,13,14,17,18,19,22,23
974,7,8,12,13,14,17,18,19,22,23
975,7,8,12,13,14,17,18,19,22,23
976,7,8,12,13,14,17,18,19,22,23
977,7,8,12,13,14,17,18,19,22,23
978,7,8,12,13,14,17,18,19,22,23
979,7,8,12,13,14,17,18,19,22,23
980,7,8,12,13,14,17,18,19,22,23
981,7,8,12,13,14,17,18,19,22,23
982,7,8,12,13,14,17,18,19,22,23
983,7,8,12,13,14,17,18,19,22,23
984,7,8,12,13,14,17,18,19,22,23
985,7,8,12,13,14,17,18,19,23
986,7,8,12,13,14,17,18,19,23
987,7,8,12,13,14,17,18,19,23
988,7,8,12,13,14,17,18,19,23
989,7,8,12,13,14,17,18,19,23
990,7,8,12,13,14,17,18,19,23
991,7,8,9,12,13,14,17,18,19,23
992,7,8,9,12,13,14,17,18,19,23
993,7,8,9,12,13,14,17,18,19,23
994,7,8,9,12,13,14,17,18,19,23
995,7,8,9,12,13,14,17,18,19,23
996,7,8,9,12,13,14,17,18,19,23
997,7,8,9,12,13,14,17,18,19,23
998,7,8,9,12,13,14,17,18,19,23
999,7,8,9,12,13,14,17,18,19,23
1000,7,8,9,12,13,14,17,18,19,23
1001,7,8,9,12,13,14,17,18,19,23
1002,7,8,9,12,13,14,17,18,19,23
1003,8,9,12,13,14,17,18,19,23
1004,8,9,12,13,14,17,18,19,23
1005,8,9,12,13,14,17,18,19,23
1006,8,9,12,13,14,17,18,19,23
1007,8,9,12,13,14,17,18,19,23
1008,8,9,12,13,14,17,18,19,23
1009,8,9,12,13,14,17,18,19,23,24
1010,8,9,12,13,14,17,18,19,23,24
1011,8,9,12,13,14,17,18,19,23,24
1012,8,9,12,13,14,17,18,19,23,24
1013,8,9,12,13,14,17,18,19,23,24
1014,8,9,12,13,14,17,18,19,23,24
1015,8,9,12,13,14,17,18,19,23,24
1016,8,9,12,13,14,17,18,19,23,24
1017,8,9,13,14,18,19,23,24
1018,8,9,13,14,18,19,23,24
1019,8,9,13,14,18,19,23,24
1020,8,9,13,14,18,19,23,24
1021,8,9,13,14,18,19,23,24
1022,8,9,13,14,18,19,23,24
1023,8,9,13,14,18,19,23,24
1024,8,9,13,14,18,19,23,24
1025,8,9,13,14,18,19,23,24
1026,8,9,13,14,18,19,23,24
1027,8,9,13,14,18,19,23,24
1028,8,9,13,14,18,19,23,24
1029,8,9,13,14,18,19,23,24
1030,8,9,13,14,18,19,23,24
1031,8,9,13,14,18,19,23,24
1032,8,9,13,14,18,19,23,24
1033,8,9,13,14,18,19,23,24
1034,8,9,13,14,18,19,23,24
1035,8,9,13,14,18,19,23,24
1036,8,9,13,14,18,19,23,24
1037,8,9,13,14,18,19,23,24
1038,8,9,13,14,18,19,23,24
1039,8,9,13,14,18,19,23,24
1040,8,9,13,14,18,19,23,24
1041,8,9,13,14,18,19,23,24
1042,8,9,13,14,18,19,23,24
1043,8,9,13,14,18,19,23,24
1044,8,9,13,14,18,19,23,24
1045,8,9,13,14,18,19,23,24
1046,8,9,13,14,18,19,23,24
1047,8,9,13,14,18,19,23,24
1048,8,9,13,14,18,19,23,24
1049,8,9,13,14,18,19,23,24
1050,8,9,13,14,18,19,23,24
1051,8,9,13,14,18,19,23,24
1052,8,9,13,14,18,19,23,24
1053,8,9,13,14,18,19,23,24
1054,8,9,13,14,18,19,23,24
1055,8,9,13,14,18,19,23,24
1056,8,9,13,14,18,19,23,24
1057,8,9,13,14,18,19,23,24
1058,8,9,13,14,18,19,23,24
1059,8,9,13,14,18,19,23,24
1060,8,9,13,14,18,19,23,24
1061,8,9,13,14,18,19,23,24
1062,8,9,13,14,18,19,23,24
1063,8,9,13,14,18,19,23,24
1064,8,9,13,14,18,19,23,24
1065,8,9,13,14,18,19,23,24
1066,8,9,13,14,18,19,23,24
1067,8,9,13,14,18,19,23,24
1068,8,9,13,14,18,19,23,24
1069,8,9,13,14,18,19,23,24
1070,8,9,13,14,18,19,23,24
1071,8,9,13,14,18,19,23,24
1072,8,9,13,14,18,19,23,24
1073,8,9,13,14,18,19,23,24
1074,8,9,13,14,18,19,23,24
1075,8,9,13,14,18,19,23,24
1076,8,9,13,14,18,19,23,24
1077,8,9,13,14,18,19,23,24
1078,8,9,13,14,18,19,23,24
1079,8,9,13,14,18,19,23,24
1080,8,9,13,14,18,19,23,24
1081,8,9,13,14,18,19,23,24
1082,8,9,13,14,18,19,23,24
1083,8,9,13,14,18,19,23,24
1084,8,9,13,14,18,19,23,24
1085,8,9,13,14,18,19,23,24
1086,8,9,13,14,18,19,23,24
1087,8,9,13,14,18,19,23,24
1088,8,9,13,14,18,19,23,24
1089,8,9,13,14,18,19,23,24
1090,8,9,13,14,18,19,23,24
1091,8,9,13,14,18,19,23,24
1092,8,9,13,14,18,19,23,24
1093,8,9,13,14,18,19,23,24
1094,8,9,13,14,18,19,23,24
1095,8,9,13,14,18,19,23,24
1096,8,9,13,14,18,19,23,24
1097,8,9,13,14,18,19,23,24
1098,8,9,13,14,18,19,23,24
1099,8,9,13,14,18,19,23,24
1100,8,9,13,14,18,19,23,24
1101,8,9,13,14,18,19,23,24
1102,8,9,13,14,18,19,23,24
1103,8,9,13,14,18,19,23,24
1104,8,9,13,14,18,19,23,24
1105,8,9,13,14,18,19,23,24
1106,8,9,13,14,18,19,23,24
1107,8,9,13,14,18,19,23,24
1108,8,9,13,14,18,19,23,24
1109,8,9,13,14,18,19,23,24
1110,8,9,13,14,18,19,23,24
1111,8,9,13,14,18,19,23,24
1112,8,9,13,14,18,19,23,24
1113,8,9,13,14,18,19,23,24
1114,8,9,13,14,18,19,23,24
1115,8,9,13,14,18,19,23,24
1116,8,9,13,14,18,19,23,24
1117,8,9,13,14,18,19,23,24
1118,8,9,13,14,18,19,23,24
1119,8,9,13,14,18,19,23,24
1120,8,9,13,14,18,19,23,24
1121,8,9,13,14,18,19,23,24
1122,8,9,13,14,18,19,23,24
1123,8,9,13,14,18,19,23,24
1124,8,9,13,14,18,19,23,24
1125,8,9,13,14,18,19,23,24
1126,8,9,13,14,18,19,23,24
1127,8,9,13,14,18,19,23,24
1128,8,9,13,14,18,19,23,24
1129,8,9,13,14,18,19,23,24
1130,8,9,13,14,18,19,23,24
1131,8,9,13,14,18,19,23,24
1132,8,9,13,14,18,19,23,24
1133,8,9,13,14,18,19,23,24
1134,8,9,13,14,18,19,23,24
1135,8,9,13,14,18,19,23,24
1136,8,9,13,14,18,19,23,24
1137,8,9,13,14,18,19,23,24
1138,8,9,13,14,18,19,23,24
1139,8,9,13,14,18,19,23,24
1140,8,9,13,14,18,19,23,24
1141,8,9,13,14,18,19,23,24
1142,8,9,13,14,18,19,23,24
1143,8,9,13,14,18,19,23,24
1144,8,9,13,14,18,19,23,24
1145,8,9,13,14,18,19,23,24
1146,8,9,13,14,18,19,23,24
1147,8,9,13,14,18,19,23,24
1148,8,9,13,14,18,19,23,24
1149,8,9,13,14,18,19,23,24
1150,8,9,13,14,18,19,23,24
1151,8,9,13,14,18,19,23,24
1152,8,9,13,14,18,19,23,24
1153,8,9,13,14,18,19,23,24
1154,8,9,13,14,18,19,23,24
1155,8,9,13,14,18,19,23,24
1156,8,9,13,14,18,19,23,24
1157,8,9,13,14,18,19,23,24
1158,8,9,13,14,18,19,23,24
1159,8,9,13,14,18,19,23,24
1160,8,9,13,14,18,19,23,24
1161,8,9,13,14,18,19,23,24
1162,8,9,13,14,18,19,23,24
1163,8,9,13,14,18,19,23,24
1164,8,9,13,14,18,19,23,24
1165,8,9,13,14,18,19,23,24
1166,8,9,13,14,18,19,23,24
1167,8,9,13,14,18,19,23,24
1168,8,9,13,14,18,19,23,24
1169,8,9,13,14,18,19,23,24
1170,8,9,13,14,18,19,23,24
1171,8,9,13,14,18,19,23,24
1172,8,9,13,14,18,19,23,24
1173,8,9,13,14,18,19,23,24
1174,8,9,13,14,18,19,23,24
1175,8,9,13,14,18,19,23,24
1176,8,9,13,14,18,19,23,24
1177,8,9,13,14,18,19,23,24
1178,8,9,13,14,18,19,23,24
1179,8,9,13,14,18,19,23,24
1180,8,9,13,14,18,19,23,24
1181,8,9,13,14,18,19,23,24
1182,8,9,13,14,18,19,23,24
1183,8,9,13,14,18,19,23,24
1184,8,9,13,14,18,19,23,24
1185,8,9,13,14,18,19,23,24
1186,8,9,13,14,18,19,23,24
1187,8,9,13,14,18,19,23,24
1188,8,9,13,14,18,19,23,24
1189,8,9,13,14,18,19,23,24
1190,8,9,13,14,18,19,23,24
1191,8,9,13,14,18,19,23,24
1192,8,9,13,14,18,19,23,24
1193,8,9,12,13,14,17,18,19,23,24
1194,8,9,12,13,14,17,18,19,23,24
1195,8,9,12,13,14,17,18,19,23,24
1196,8,9,12,13,14,17,18,19,23,24
1197,8,9,12,13,14,17,18,19,23,24
1198,8,9,12,13,14,17,18,19,23,24
1199,8,9,12,13,14,17,18,19,23,24
1200,8,9,12,13,14,17,18,19,23,24
1201,8,9,12,13,14,17,18,19,23,24
1202,8,9,12,13,14,17,18,19,23,24
1203,8,9,12,13,14,17,18,19,23,24
1204,8,9,12,13,14,17,18,19,23,24
1205,8,9,12,13,14,17,18,19,23,24
1206,8,9,12,13,14,17,18,19,23,24
1207,8,9,12,13,14,17,18,19,23,24
1208,8,9,12,13,14,17,18,19,23,24
1209,8,9,12,13,14,17,18,19,22,23,24
1210,8,9,12,13,14,17,18,19,22,23,24
1211,7,8,12,13,14,17,18,19,22,23,24
1212,7,8,12,13,14,17,18,19,22,23,24
1213,7,8,12,13,14,17,18,19,22,23
1214,7,8,12,13,14,17,18,19,22,23
1215,7,8,12,13,14,17,18,19,22,23
1216,7,8,12,13,14,17,18,19,22,23
1217,7,8,12,13,14,17,18,19,22,23
1218,7,8,12,13,14,17,18,19,22,23
1219,7,8,12,13,14,17,18,19,22,23
1220,7,8,12,13,14,17,18,19,22,23
1221,7,8,12,13,14,17,18,19,22,23
1222,7,8,12,13,14,17,18,19,22,23
1223,7,8,12,13,14,17,18,19,22,23
1224,7,8,12,13,14,17,18,19,22,23
1225,7,8,12,13,14,17,18,19,22,23
1226,7,8,12,13,14,17,18,19,22,23
1227,7,8,12,13,14,17,18,19,22,23
1228,7,8,12,13,14,17,18,19,22,23
1229,7,8,12,13,17,18,22,23
1230,7,8,12,13,17,18,22,23
1231,7,8,12,13,17,18,22,23
1232,7,8,12,13,17,18,22,23
1233,7,8,12,13,17,18,22,23
1234,7,8,12,13,17,18,22,23
1235,7,8,12,13,17,18,22,23
1236,7,8,12,13,17,18,22,23
1237,7,8,12,13,17,18,22,23
1238,7,8,12,13,17,18,22,23
1239,7,8,12,13,17,18,22,23
1240,7,8,12,13,17,18,22,23
1241,7,8,12,13,17,18,22,23
1242,7,8,12,13,17,18,22,23
1243,7,8,12,13,17,18,22,23
1244,7,8,12,13,17,18,22,23
1245,7,8,12,13,17,18,22,23
1246,7,8,12,13,17,18,22,23
1247,7,8,12,13,17,18,22,23
1248,7,8,12,13,17,18,22,23
1249,7,8,12,13,17,18,22,23
1250,7,8,12,13,17,18,22,23
1251,7,8,12,13,17,18,22,23
1252,7,8,12,13,17,18,22,23
1253,7,8,12,13,17,18,22,23
1254,7,8,12,13,17,18,22,23
1255,7,8,12,13,17,18,22,23
1256,7,8,12,13,17,18,22,23
1257,7,8,12,13,17,18,22,23
1258,7,8,12,13,17,18,22,23
1259,7,8,12,13,17,18,22,23
1260,7,8,12,13,17,18,22,23
1261,7,8,12,13,17,18,22,23
1262,7,8,12,13,17,18,22,23
1263,7,8,12,13,17,18,22,23
1264,7,8,12,13,17,18,22,23
1265,7,8,12,13,17,18,22,23
1266,7,8,12,13,17,18,22,23
1267,7,8,12,13,17,18,22,23
1268,7,8,12,13,17,18,22,23
1269,7,8,12,13,17,18,22,23
1270,7,8,12,13,17,18,22,23
1271,7,8,12,13,17,18,22,23
1272,7,8,12,13,17,18,22,23
1273,7,8,12,13,17,18,22,23
1274,7,8,12,13,17,18,22,23
1275,7,8,12,13,17,18,22,23
1276,7,8,12,13,17,18,22,23
1277,7,8,12,13,17,18,22,23
1278,7,8,12,13,17,18,22,23
1279,7,8,12,13,17,18,22,23
1280,7,8,12,13,17,18,22,23
1281,7,8,12,13,17,18,22,23
1282,7,8,12,13,17,18,22,23
1283,7,8,12,13,17,18,22,23
1284,7,8,12,13,17,18,22,23
1285,7,8,12,13,17,18,22,23
1286,7,8,12,13,17,18,22,23
1287,7,8,12,13,17,18,22,23
1288,7,8,12,13,17,18,22,23
1289,7,8,12,13,17,18,22,23
1290,7,8,12,13,17,18,22,23
1291,7,8,12,13,17,18,22,23
1292,7,8,12,13,17,18,22,23
1293,7,8,12,13,17,18,22,23
1294,7,8,12,13,17,18,22,23
1295,7,8,12,13,17,18,22,23
1296,7,8,12,13,17,18,22,23
1297,7,8,12,13,17,18,22,23
1298,7,8,12,13,17,18,22,23
1299,7,8,12,13,17,18,22,23
1300,7,8,12,13,17,18,22,23
1301,7,8,12,13,17,18,22,23
1302,7,8,12,13,17,18,22,23
1303,7,8,12,13,17,18,22,23
1304,7,8,12,13,17,18,22,23
1305,7,8,12,13,17,18,22,23
1306,7,8,12,13,17,18,22,23
1307,7,8,12,13,17,18,22,23
1308,7,8,12,13,17,18,22,23
1309,7,8,12,13,17,18,22,23
1310,7,8,12,13,17,18,22,23
1311,7,8,11,12,13,16,17,18,22,23
1312,7,8,11,12,13,16,17,18,22,23
1313,7,8,11,12,13,16,17,18,22,23
1314,7,8,11,12,13,16,17,18,22,23
1315,7,8,11,12,13,16,17,18,22,23
1316,7,8,11,12,13,16,17,18,22,23
1317,7,8,11,12,13,16,17,18,22,23
1318,7,8,11,12,13,16,17,18,22,23
1319,7,8,11,12,13,16,17,18,22,23
1320,7,8,11,12,13,16,17,18,22,23
1321,7,8,11,12,13,16,17,18,22,23
1322,7,8,11,12,13,16,17,18,22,23
1323,7,8,11,12,13,16,17,18,22,23
1324,7,8,11,12,13,16,17,18,22,23
1325,7,8,11,12,13,16,17,18,22,23
1326,7,8,11,12,13,16,17,18,22,23
1327,7,8,11,12,13,16,17,18,22,23
1328,7,8,11,12,13,16,17,18,22,23
1329,7,8,11,12,13,16,17,18,21,22,23
1330,7,8,11,12,13,16,17,18,21,22,23
1331,7,11,12,13,16,17,18,21,22,23
1332,7,11,12,13,16,17,18,21,22,23
1333,7,11,12,13,16,17,18,21,22,23
1334,7,11,12,13,16,17,18,21,22,23
1335,6,7,11,12,13,16,17,18,21,22,23
1336,6,7,11,12,13,16,17,18,21,22,23
1337,6,7,11,12,13,16,17,18,21,22
1338,6,7,11,12,13,16,17,18,21,22
1339,6,7,11,12,13,16,17,18,21,22
1340,6,7,11,12,13,16,17,18,21,22
1341,6,7,11,12,13,16,17,18,21,22
1342,6,7,11,12,13,16,17,18,21,22
1343,6,7,11,12,13,16,17,18,21,22
1344,6,7,11,12,13,16,17,18,21,22
1345,6,7,11,12,13,16,17,18,21,22
1346,6,7,11,12,13,16,17,18,21,22
1347,6,7,11,12,13,16,17,18,21,22
1348,6,7,11,12,13,16,17,18,21,22
1349,6,7,11,12,13,16,17,18,21,22
1350,6,7,11,12,13,16,17,18,21,22
1351,6,7,11,12,13,16,17,18,21,22
1352,6,7,11,12,13,16,17,18,21,22
1353,6,7,11,12,16,17,21,22
1354,6,7,11,12,16,17,21,22
1355,6,7,11,12,16,17,21,22
1356,6,7,11,12,16,17,21,22
1357,6,7,11,12,16,17,21,22
1358,6,7,11,12,16,17,21,22
1359,6,7,11,12,16,17,21,22
1360,6,7,11,12,16,17,21,22
1361,6,7,11,12,16,17,21,22
1362,6,7,11,12,16,17,21,22
1363,6,7,11,12,16,17,21,22
1364,6,7,11,12,16,17,21,22
1365,6,7,11,12,16,17,21,22
1366,6,7,11,12,16,17,21,22
1367,6,7,11,12,16,17,21,22
1368,6,7,11,12,16,17,21,22
1369,6,7,11,12,16,17,21,22
1370,6,7,11,12,16,17,21,22
1371,6,7,11,12,16,17,21,22
1372,6,7,11,12,16,17,21,22
1373,6,7,11,12,16,17,21,22
1374,6,7,11,12,16,17,21,22
1375,6,7,11,12,16,17,21,22
1376,6,7,11,12,16,17,21,22
1377,6,7,11,12,16,17,21,22
1378,6,7,11,12,16,17,21,22
1379,6,7,11,12,16,17,21,22
1380,6,7,11,12,16,17,21,22
1381,6,7,11,12,16,17,21,22
1382,6,7,11,12,16,17,21,22
1383,6,7,11,12,16,17,21,22
1384,6,7,11,12,16,17,21,22
1385,6,7,11,12,16,17,21,22
1386,6,7,11,12,16,17,21,22
1387,6,7,11,12,16,17,21,22
1388,6,7,11,12,16,17,21,22
1389,6,7,11,12,16,17,21,22
1390,6,7,11,12,16,17,21,22
1391,6,7,11,12,16,17,21,22
1392,6,7,11,12,16,17,21,22
1393,6,7,11,12,16,17,21,22
1394,6,7,11,12,16,17,21,22
1395,6,7,11,12,16,17,21,22
1396,6,7,11,12,16,17,21,22
1397,6,7,11,12,16,17,21,22
1398,6,7,11,12,16,17,21,22
1399,6,7,11,12,16,17,21,22
1400,6,7,11,12,16,17,21,22
1401,6,7,11,12,16,17,21,22
1402,6,7,11,12,16,17,21,22
1403,6,7,11,12,16,17,21,22
1404,6,7,11,12,16,17,21,22
1405,6,7,11,12,16,17,21,22
1406,6,7,11,12,16,17,21,22
1407,6,7,11,12,16,17,21,22
1408,6,7,11,12,16,17,21,22
1409,6,7,11,12,16,17,21,22
1410,6,7,11,12,16,17,21,22
1411,6,7,11,12,16,17,21,22
1412,6,7,11,12,16,17,21,22
1413,6,7,11,12,16,17,21,22
1414,6,7,11,12,16,17,21,22
1415,6,7,11,12,16,17,21,22
1416,6,7,11,12,16,17,21,22
1417,6,7,11,12,16,17,20,21,22
1418,6,7,11,12,16,17,20,21,22
1419,6,7,11,12,16,17,20,21,22
1420,6,7,11,12,16,17,20,21,22
1421,6,7,11,12,16,17,20,21,22
1422,6,7,11,12,16,17,20,21,22
1423,6,7,11,12,16,17,20,21,22
1424,6,7,11,12,16,17,20,21,22
1425,6,7,11,12,16,17,20,21,22
1426,6,7,11,12,16,17,20,21,22
1427,6,7,11,12,16,17,20,21,22
1428,6,7,11,12,16,17,20,21,22
1429,6,7,11,12,16,17,20,21,22
1430,6,7,11,12,16,17,20,21,22
1431,6,7,11,12,15,16,17,20,21,22
1432,6,7,11,12,15,16,17,20,21,22
1433,6,7,11,12,15,16,17,20,21,22
1434,6,7,11,12,15,16,17,20,21,22
1435,6,7,11,12,15,16,17,20,21,22
1436,6,7,11,12,15,16,17,20,21,22
1437,6,7,11,12,15,16,17,20,21,22
1438,6,7,11,12,15,16,17,20,21,22
1439,6,7,11,12,15,16,17,20,21,22
1440,6,7,11,12,15,16,17,20,21,22
1441,6,7,11,12,15,16,17,20,21,22
1442,6,7,11,12,15,16,17,20,21,22
1443,6,7,11,12,15,16,17,20,21,22
1444,6,7,11,12,15,16,17,20,21,22
1445,6,7,11,12,15,16,17,20,21,22
1446,6,7,11,12,15,16,17,20,21,22
1447,6,7,11,12,15,16,17,20,21,22
1448,6,7,11,12,15,16,17,20,21,22
1449,6,7,11,12,15,16,17,20,21,22
1450,6,7,11,12,15,16,17,20,21,22
1451,6,7,11,12,15,16,17,20,21,22
1452,6,7,11,12,15,16,17,20,21,22
1453,6,7,11,12,15,16,17,20,21,22
1454,6,7,11,12,15,16,17,20,21,22
1455,6,7,11,12,15,16,17,20,21,22
1456,6,7,11,12,15,16,17,20,21,22
1457,6,7,11,12,15,16,17,20,21,22
1458,6,7,11,12,15,16,17,20,21,22
1459,6,7,11,12,15,16,17,20,21,22
1460,6,7,11,12,15,16,17,20,21,22
1461,6,7,11,12,15,16,17,20,21,22
1462,6,7,11,12,15,16,17,20,21,22
1463,6,7,11,12,15,16,17,20,21,22
1464,6,7,11,12,15,16,17,20,21,22
1465,6,7,11,12,15,16,17,20,21,22
1466,6,7,11,12,15,16,17,20,21,22
1467,6,7,11,12,15,16,17,20,21,22
1468,6,7,11,12,15,16,17,20,21,22
1469,6,7,11,12,15,16,17,20,21,22
1470,6,7,11,12,15,16,17,20,21,22
1471,6,7,11,12,15,16,17,20,21,22
1472,6,7,11,12,15,16,17,20,21,22
1473,6,7,11,12,15,16,17,20,21,22
1474,6,7,11,12,15,16,17,20,21,22
1475,6,7,11,12,15,16,17,20,21,22
1476,6,7,11,12,15,16,17,20,21,22
1477,6,7,11,12,15,16,17,20,21,22
1478,6,7,11,12,15,16,17,20,21,22
1479,6,7,11,12,15,16,17,20,21,22
1480,6,7,11,12,15,16,17,20,21,22
1481,6,7,11,12,15,16,17,20,21,22
1482,6,7,11,12,15,16,17,20,21,22
1483,6,7,11,12,15,16,17,20,21,22
1484,6,7,11,12,15,16,17,20,21,22
1485,6,7,11,12,15,16,17,20,21,22
1486,6,7,11,12,15,16,17,20,21,22
1487,6,7,11,12,15,16,17,20,21,22
1488,6,7,11,12,15,16,17,20,21,22
1489,6,7,11,12,15,16,17,20,21,22
1490,6,7,11,12,15,16,17,20,21,22
1491,6,7,11,12,15,16,17,20,21,22
1492,6,7,11,12,15,16,17,20,21,22
1493,6,7,11,12,15,16,17,20,21,22
1494,6,7,11,12,15,16,17,20,21,22
1495,6,7,11,12,15,16,17,20,21,22
1496,6,7,11,12,15,16,17,20,21,22
1497,6,7,11,12,15,16,17,20,21,22
1498,6,7,11,12,15,16,17,20,21,22
1499,6,7,11,12,15,16,17,20,21,22
1500,6,7,11,12,15,16,17,20,21,22
1501,6,7,11,12,15,16,17,20,21,22,25
1502,6,7,11,12,15,16,17,20,21,22,25
1503,6,7,11,12,15,16,17,20,21,22,25
1504,6,7,11,12,15,16,17,20,21,22,25
1505,6,10,11,12,15,16,17,20,21,22,25
1506,6,10,11,12,15,16,17,20,21,22,25
1507,6,10,11,12,15,16,17,20,21,25
1508,6,10,11,12,15,16,17,20,21,25
1509,6,10,11,12,15,16,17,20,21,25
1510,6,10,11,12,15,16,17,20,21,25
1511,6,10,11,12,15,16,17,20,21,25
1512,6,10,11,12,15,16,17,20,21,25
1513,6,10,11,12,15,16,17,20,21,25
1514,6,10,11,12,15,16,17,20,21,25
1515,6,10,11,12,15,16,17,20,21
1516,6,10,11,12,15,16,17,20,21
1517,6,10,11,12,15,16,17,20,21
1518,6,10,11,12,15,16,17,20,21
1519,6,7,10,11,12,15,16,17,20,21
1520,6,7,10,11,12,15,16,17,20,21
1521,6,7,10,11,12,15,16,17,20,21
1522,6,7,10,11,12,15,16,17,20,21
1523,6,7,10,11,12,15,16,17,20,21
1524,6,7,10,11,12,15,16,17,20,21
1525,6,7,10,11,12,15,16,17,20,21
1526,6,7,10,11,12,15,16,17,20,21
1527,6,7,10,11,12,15,16,17,20,21
1528,6,7,10,11,12,15,16,17,20,21
1529,6,7,11,12,15,16,17,20,21,22
1530,6,7,11,12,15,16,17,20,21,22
1531,6,7,11,12,16,17,21,22
1532,6,7,11,12,16,17,21,22
1533,6,7,11,12,16,17,21,22
1534,6,7,11,12,16,17,21,22
1535,6,7,11,12,16,17,21,22
1536,6,7,11,12,16,17,21,22
1537,6,7,11,12,16,17,21,22
1538,6,7,11,12,16,17,21,22
1539,6,7,11,12,16,17,21,22
1540,6,7,11,12,16,17,21,22
1541,6,7,11,12,16,17,21,22
1542,6,7,11,12,16,17,21,22
1543,6,7,11,12,13,16,17,18,22
1544,6,7,11,12,13,16,17,18,22
1545,6,7,11,12,13,16,17,18,22
1546,6,7,11,12,13,16,17,18,22
1547,6,7,11,12,13,16,17,18,21,22
1548,6,7,11,12,13,16,17,18,21,22
1549,6,7,11,12,13,16,17,18,21,22
1550,6,7,11,12,13,16,17,18,21,22
1551,6,7,11,12,13,16,17,18,21,22
1552,6,7,11,12,13,16,17,18,21,22
1553,6,7,11,12,13,16,17,18,21,22
1554,6,7,11,12,13,16,17,18,21,22
1555,6,7,11,12,13,16,17,18,21,22
1556,6,7,11,12,13,16,17,18,21,22
1557,6,7,11,12,13,16,17,18,21,22
1558,6,7,11,12,13,16,17,18,21,22
1559,6,7,11,12,13,16,17,18,21,22
1560,6,7,11,12,13,16,17,18,21,22
1561,6,7,11,12,13,16,17,18,21,22
1562,6,7,11,12,13,16,17,18,21,22
1563,6,7,11,12,13,16,17,18,21,22
1564,6,7,11,12,13,16,17,18,21,22
1565,6,7,11,12,13,16,17,21,22
1566,6,7,11,12,13,16,17,21,22
1567,6,7,11,12,16,17,21,22
1568,6,7,11,12,16,17,21,22
1569,6,7,11,12,16,17,21,22
1570,6,7,11,12,16,17,21,22
1571,6,7,11,12,16,17,21,22
1572,6,7,11,12,16,17,21,22
1573,6,7,11,12,16,17,21,22
1574,6,7,11,12,16,17,21,22
1575,6,7,11,12,16,17,21,22
1576,6,7,11,12,16,17,21,22
1577,6,7,11,12,16,17,21,22
1578,6,7,11,12,16,17,21,22
1579,6,7,11,12,16,17,21,22
1580,6,7,11,12,16,17,21,22
1581,6,7,11,12,16,17,21,22
1582,6,7,11,12,16,17,21,22
1583,6,7,11,12,16,17,21,22
1584,6,7,11,12,16,17,21,22
1585,6,7,11,12,16,17,21,22
1586,6,7,11,12,16,17,21,22
1587,6,7,11,12,16,17,21,22
1588,6,7,11,12,16,17,21,22
1589,6,7,11,12,16,17,21,22
1590,6,7,11,12,16,17,21,22
1591,6,7,11,12,16,17,21,22
1592,6,7,11,12,16,17,21,22
1593,6,7,11,12,16,17,21,22
1594,6,7,11,12,16,17,21,22
1595,6,7,11,12,16,17,21,22
1596,6,7,11,12,16,17,21,22
1597,6,7,11,12,16,17,21,22
1598,6,7,11,12,16,17,21,22
1599,6,7,11,12,16,17,21,22
1600,6,7,11,12,16,17,21,22
1601,6,7,11,12,16,17,21,22
1602,6,7,11,12,16,17,21,22
1603,6,7,11,12,16,17,21,22
1604,6,7,11,12,16,17,21,22
1605,6,7,11,12,16,17,21,22
1606,6,7,11,12,16,17,21,22
1607,6,7,11,12,16,17,21,22
1608,6,7,11,12,16,17,21,22
1609,6,7,11,12,16,17,21,22
1610,6,7,11,12,16,17,21,22
1611,6,7,11,12,16,17,21,22
1612,6,7,11,12,16,17,21,22
1613,6,7,11,12,16,17,21,22
1614,6,7,11,12,16,17,21,22
1615,6,7,11,12,16,17,21,22
1616,6,7,11,12,16,17,21,22
1617,6,7,11,12,16,17,21,22
1618,6,7,11,12,16,17,21,22
1619,6,7,11,12,16,17,21,22
1620,6,7,11,12,16,17,21,22
1621,6,7,11,12,16,17,21,22
1622,6,7,11,12,16,17,21,22
1623,6,7,11,12,16,17,21,22
1624,6,7,11,12,16,17,21,22
1625,6,7,11,12,16,17,21,22
1626,6,7,11,12,16,17,21,22
1627,6,7,11,12,16,17,21,22
1628,6,7,11,12,16,17,21,22
1629,6,7,11,12,16,17,21,22
1630,6,7,11,12,16,17,21,22
1631,6,7,11,12,16,17,21,22
1632,6,7,11,12,16,17,21,22
1633,6,7,11,12,16,17,21,22
1634,6,7,11,12,16,17,21,22
1635,6,7,11,12,16,17,21,22
1636,6,7,11,12,16,17,21,22
1637,6,7,11,12,16,17,21,22
1638,6,7,11,12,16,17,21,22
1639,6,7,11,12,16,17,21,22
1640,6,7,11,12,16,17,21,22
1641,6,7,11,12,16,17,21,22
1642,6,7,11,12,16,17,21,22
1643,6,7,11,12,16,17,21,22
1644,6,7,11,12,16,17,21,22
1645,6,7,11,12,16,17,21,22
1646,6,7,11,12,16,17,21,22
1647,6,7,11,12,16,17,21,22
1648,6,7,11,12,16,17,21,22
1649,6,7,11,12,16,17,21,22
1650,6,7,11,12,16,17,21,22
1651,6,7,11,12,16,17,21,22
1652,6,7,11,12,16,17,21,22
1653,6,7,11,12,16,17,21,22
1654,6,7,11,12,16,17,21,22
1655,6,7,11,12,16,17,21,22
1656,6,7,11,12,16,17,21,22
1657,6,7,11,12,16,17,21,22
1658,6,7,11,12,16,17,21,22
1659,6,7,11,12,16,17,21,22
1660,6,7,11,12,16,17,21,22
1661,6,7,11,12,16,17,21,22
1662,6,7,11,12,16,17,21,22
1663,6,7,11,12,16,17,21,22
1664,6,7,11,12,16,17,21,22
1665,6,7,11,12,16,17,21,22
1666,6,7,11,12,16,17,21,22
1667,6,7,11,12,16,17,21,22
1668,6,7,11,12,16,17,21,22
1669,6,7,11,12,16,17,21,22
1670,6,7,11,12,16,17,21,22
1671,6,7,11,12,16,17,21,22
1672,6,7,11,12,16,17,21,22
1673,6,7,11,12,16,17,21,22
1674,6,7,11,12,16,17,21,22
1675,6,7,11,12,16,17,21,22
1676,6,7,11,12,16,17,21,22
1677,6,7,11,12,16,17,21,22
1678,6,7,11,12,16,17,21,22
1679,6,7,11,12,16,17,21,22
1680,6,7,11,12,16,17,21,22
1681,6,7,11,12,16,17,21,22
1682,6,7,11,12,16,17,21,22
1683,6,7,11,12,16,17,21,22
1684,6,7,11,12,16,17,21,22
1685,6,7,11,12,16,17,21,22
1686,6,7,11,12,16,17,21,22
1687,6,7,11,12,16,17,21,22
1688,6,7,11,12,16,17,21,22
1689,6,7,11,12,16,17,21,22
1690,6,7,11,12,16,17,21,22
1691,6,7,11,12,16,17,21,22
1692,6,7,11,12,16,17,21,22
1693,6,7,11,12,16,17,21,22
1694,6,7,11,12,16,17,21,22
1695,6,7,11,12,16,17,21,22
1696,6,7,11,12,16,17,21,22
1697,6,7,11,12,16,17,21,22
1698,6,7,11,12,16,17,21,22
1699,6,7,11,12,16,17,21,22
1700,6,7,11,12,16,17,21,22
1701,6,7,11,12,16,17,21,22
1702,6,7,11,12,16,17,21,22
1703,6,7,11,12,16,17,21,22
1704,6,7,11,12,16,17,21,22
1705,6,7,11,12,16,17,21,22
1706,6,7,11,12,16,17,21,22
1707,6,7,11,12,15,16,17,20,21,22
1708,6,7,11,12,15,16,17,20,21,22
1709,6,7,11,12,15,16,17,20,21,22
1710,6,7,11,12,15,16,17,20,21,22
1711,6,7,11,12,15,16,17,20,21,22
1712,6,7,11,12,15,16,17,20,21,22
1713,6,7,11,12,15,16,17,20,21,22
1714,6,7,11,12,15,16,17,20,21,22
1715,6,7,11,12,15,16,17,20,21,22
1716,6,7,11,12,15,16,17,20,21,22
1717,6,7,11,12,15,16,17,20,21,22
1718,6,7,11,12,15,16,17,20,21,22
1719,6,7,10,11,12,15,16,17,20,21
1720,6,7,10,11,12,15,16,17,20,21
1721,6,10,11,12,15,16,17,20,21,25
1722,6,10,11,12,15,16,17,20,21,25
1723,6,10,11,12,15,16,17,20,21,25
1724,6,10,11,12,15,16,17,20,21,25
1725,6,10,11,12,15,16,17,20,21,25
1726,6,10,11,12,15,16,17,20,21,25
1727,6,10,11,12,15,16,17,20,21,25
1728,6,10,11,12,15,16,17,20,21,25
1729,6,10,11,12,15,16,17,20,21,25
1730,6,10,11,12,15,16,17,20,21,25
1731,6,10,11,12,15,16,17,20,21,25
1732,6,10,11,12,15,16,17,20,21,25
1733,6,10,11,12,15,16,17,20,21,25
1734,6,10,11,12,15,16,17,20,21,25
1735,6,10,11,12,15,16,17,20,21,25
1736,6,10,11,12,15,16,17,20,21,25
1737,1,5,6,10,11,15,16,20
1738,1,5,6,10,11,15,16,20
1739,1,5,6,10,11,15,16,20
1740,1,5,6,10,11,15,16,20
1741,1,5,6,10,11,15,16,20
1742,1,5,6,10,11,15,16,20
1743,1,5,6,10,11,15,16,20
1744,1,5,6,10,11,15,16,20
1745,1,5,6,10,11,15,16,20
1746,1,5,6,10,11,15,16,20
1747,1,5,6,10,11,15,16,20
1748,1,5,6,10,11,15,16,20
1749,1,5,6,10,11,15,16,20
1750,1,5,6,10,11,15,16,20
1751,1,5,6,10,11,15,16,20
1752,1,5,6,10,11,15,16,20
1753,1,5,6,10,11,15,16,20
1754,1,5,6,10,11,15,16,20
1755,1,5,6,10,11,15,16,20
1756,1,5,6,10,11,15,16,20
1757,1,5,6,10,11,15,16,20
1758,1,5,6,10,11,15,16,20
1759,1,5,6,10,11,12,15,16,20
1760,1,5,6,10,11,12,15,16,20
1761,6,10,11,12,15,16,17,20,21,25
1762,6,10,11,12,15,16,17,20,21,25
1763,6,10,11,12,15,16,17,20,21,25
1764,6,10,11,12,15,16,17,20,21,25
1765,6,10,11,12,15,16,17,20,21,25
1766,6,10,11,12,15,16,17,20,21,25
1767,6,10,11,12,15,16,17,20,21,25
1768,6,10,11,12,15,16,17,20,21,25
1769,6,10,11,12,15,16,17,20,21,25
1770,6,10,11,12,15,16,17,20,21,25
1771,6,10,11,12,15,16,17,20,21,25
1772,6,10,11,12,15,16,17,20,21,25
1773,6,10,11,12,15,16,17,20,21,25
1774,6,10,11,12,15,16,17,20,21,25
1775,6,10,11,12,15,16,17,20,21,25
1776,6,10,11,12,15,16,17,20,21,25
1777,6,10,11,12,15,16,17,20,21,25
1778,6,10,11,12,15,16,17,20,21,25
1779,6,10,11,12,15,16,17,20,21,25
1780,6,10,11,12,15,16,17,20,21,25
1781,6,10,11,12,15,16,17,20,21,25
1782,6,10,11,12,15,16,17,20,21,25
1783,6,10,11,12,15,16,17,20,21,25
1784,6,10,11,12,15,16,17,20,21,25
1785,6,10,11,12,15,16,17,20,21,25
1786,6,10,11,12,15,16,17,20,21,25
1787,6,10,11,12,15,16,17,20,21,25
1788,6,10,11,12,15,16,17,20,21,25
1789,6,10,11,12,15,16,17,20,21,25
1790,6,10,11,12,15,16,17,20,21,25
1791,6,10,11,12,15,16,17,20,21,25
1792,6,10,11,12,15,16,17,20,21,25
1793,6,10,11,12,15,16,17,20,21,25
1794,6,10,11,12,15,16,17,20,21,25
1795,6,10,11,12,15,16,17,20,21,25
1796,6,10,11,12,15,16,17,20,21,25
1797,6,10,11,12,15,16,17,20,21,25
1798,6,10,11,12,15,16,17,20,21,25
1799,6,10,11,12,15,16,17,20,21,25
1800,6,10,11,12,15,16,17,20,21,25
