1,7,8,9,12,13,14,17,18,19,23
2,7,8,9,12,13,14,17,18,19,23
3,7,8,9,12,13,14,17,18,19,23
4,7,8,9,12,13,14,17,18,19,23
5,7,8,9,12,13,14,17,18,19,23
6,7,8,9,12,13,14,17,18,19,23
7,7,8,9,12,13,14,17,18,19,23
8,7,8,9,12,13,14,17,18,19,23
9,7,8,9,12,13,14,17,18,19,23
10,7,8,9,12,13,14,17,18,19,23
11,7,8,9,12,13,14,17,18,19,23
12,7,8,9,12,13,14,17,18,19,23
13,7,8,9,12,13,14,17,18,19,23
14,7,8,9,12,13,14,17,18,19,23
15,7,8,12,13,14,17,18,19,22,23
16,7,8,12,13,14,17,18,19,22,23
17,7,8,12,13,14,17,18,19,22,23
18,7,8,12,13,14,17,18,19,22,23
19,8,12,13,14,17,18,19,22,23
20,8,12,13,14,17,18,19,22,23
21,8,12,13,17,18,22,23
22,8,12,13,17,18,22,23
23,8,12,13,17,18,22,23
24,8,12,13,17,18,22,23
25,8,12,13,17,18,22,23
26,8,12,13,17,18,22,23
27,8,12,13,17,18,22,23
28,8,12,13,17,18,22,23
29,8,12,13,17,18,22,23
30,8,12,13,17,18,22,23
31,8,12,13,17,18,22,23
32,8,12,13,17,18,22,23
33,7,8,12,13,17,18,22,23
34,7,8,12,13,17,18,22,23
35,7,8,12,13,17,18,22,23
36,7,8,12,13,17,18,22,23
37,7,8,12,13,17,18,22,23
38,7,8,12,13,17,18,22,23
39,7,8,12,13,17,18,22,23
40,7,8,12,13,17,18,22,23
41,7,8,12,13,17,18,22,23
42,7,8,12,13,17,18,22,23
43,7,8,12,13,17,18,22,23
44,7,8,12,13,17,18,22,23
45,7,8,12,13,17,18,22,23
46,7,8,12,13,17,18,22,23
47,7,8,12,13,17,18,22,23
48,7,8,12,13,17,18,22,23
49,8,12,13,17,18,22,23
50,8,12,13,17,18,22,23
51,8,12,13,17,18,22,23
52,8,12,13,17,18,22,23
53,8,12,13,17,18,22,23
54,8,12,13,17,18,22,23
55,8,12,13,17,18,19,22,23
56,8,12,13,17,18,19,22,23
57,8,12,13,17,18,19,22,23
58,8,12,13,17,18,19,22,23
59,8,12,13,17,18,19,22,23
60,8,12,13,17,18,19,22,23
61,8,12,13,17,18,22,23
62,8,12,13,17,18,22,23
63,8,12,13,17,18,22,23
64,8,12,13,17,18,22,23
65,8,12,13,17,18,22,23
66,8,12,13,17,18,22,23
67,8,12,13,17,18,22,23
68,8,12,13,17,18,22,23
69,8,12,13,17,18,22,23
70,8,12,13,17,18,22,23
71,8,12,13,17,18,22,23
72,8,12,13,17,18,22,23
73,8,12,13,17,18,22,23
74,8,12,13,17,18,22,23
75,8,12,13,17,18,22,23
76,8,12,13,17,18,22,23
77,8,12,13,17,18,22,23
78,8,12,13,17,18,22,23
79,8,12,13,17,18,22,23
80,8,12,13,17,18,22,23
81,8,12,13,17,18,22,23
82,8,12,13,17,18,22,23
83,8,12,13,17,18,22,23
84,8,12,13,17,18,22,23
85,8,12,13,17,18,19,22,23
86,8,12,13,17,18,19,22,23
87,8,12,13,17,18,19,22,23,24
88,8,12,13,17,18,19,22,23,24
89,8,12,13,14,17,18,19,22,23,24
90,8,12,13,14,17,18,19,22,23,24
91,8,12,13,14,17,18,19,22,23,24
92,8,12,13,14,17,18,19,22,23,24
93,8,12,13,14,17,18,19,22,23,24
94,8,12,13,14,17,18,19,22,23,24
95,8,12,13,14,17,18,19,22,23,24
96,8,12,13,14,17,18,19,22,23,24
97,8,12,13,14,17,18,19,22,23,24
98,8,12,13,14,17,18,19,22,23,24
99,8,12,13,14,17,18,19,22,23,24
100,8,12,13,14,17,18,19,22,23,24
101,8,12,13,14,17,18,19,22,23,24
102,8,12,13,14,17,18,19,22,23,24
103,8,9,13,14,17,18,19,23,24
104,8,9,13,14,17,18,19,23,24
105,8,9,13,14,18,19,23,24
106,8,9,13,14,18,19,23,24
107,8,9,13,14,18,19,23,24
108,8,9,13,14,18,19,23,24
109,8,9,13,14,18,19,23,24
110,8,9,13,14,18,19,23,24
111,8,9,13,14,18,19,23,24
112,8,9,13,14,18,19,23,24
113,8,9,13,14,18,19,23,24
114,8,9,13,14,18,19,23,24
115,8,9,13,14,18,19,23,24
116,8,9,13,14,18,19,23,24
117,8,9,13,14,18,19,23,24
118,8,9,13,14,18,19,23,24
119,8,9,13,14,18,19,23,24
120,8,9,13,14,18,19,23,24
121,8,9,13,14,18,19,23,24
122,8,9,13,14,18,19,23,24
123,8,9,13,14,18,19,23,24
124,8,9,13,14,18,19,23,24
125,8,9,13,14,18,19,23,24
126,8,9,13,14,18,19,23,24
127,8,9,13,14,18,19,23,24
128,8,9,13,14,18,19,23,24
129,8,9,13,14,18,19,23,24
130,8,9,13,14,18,19,23,24
131,8,9,13,14,18,19,23,24
132,8,9,13,14,18,19,23,24
133,8,9,13,14,18,19,23,24
134,8,9,13,14,18,19,23,24
135,8,9,13,14,18,19,23,24
136,8,9,13,14,18,19,23,24
137,8,9,13,14,18,19,23,24
138,8,9,13,14,18,19,23,24
139,8,9,13,14,18,19,23,24
140,8,9,13,14,18,19,23,24
141,8,9,13,14,18,19,23,24
142,8,9,13,14,18,19,23,24
143,8,9,13,14,18,19,23,24
144,8,9,13,14,18,19,23,24
145,8,9,13,14,18,19,23,24
146,8,9,13,14,18,19,23,24
147,8,9,13,14,18,19,23,24
148,8,9,13,14,18,19,23,24
149,8,9,13,14,18,19,23,24
150,8,9,13,14,18,19,23,24
151,8,9,13,14,18,19,23,24
152,8,9,13,14,18,19,23,24
153,8,9,13,14,18,19,23,24
154,8,9,13,14,18,19,23,24
155,8,9,13,14,18,19,23,24
156,8,9,13,14,18,19,23,24
157,8,9,13,14,18,19,23,24
158,8,9,13,14,18,19,23,24
159,8,9,13,14,18,19,23,24
160,8,9,13,14,18,19,23,24
161,8,9,13,14,18,19,23,24
162,8,9,13,14,18,19,23,24
163,8,9,13,14,18,19,23,24
164,8,9,13,14,18,19,23,24
165,8,9,13,14,18,19,23,24
166,8,9,13,14,18,19,23,24
167,8,9,13,14,18,19,23,24
168,8,9,13,14,18,19,23,24
169,8,9,13,14,18,19,23,24
170,8,9,13,14,18,19,23,24
171,8,9,13,14,18,19,23,24
172,8,9,13,14,18,19,23,24
173,8,9,13,14,18,19,23,24
174,8,9,13,14,18,19,23,24
175,8,9,13,14,18,19,23,24
176,8,9,13,14,18,19,23,24
177,8,9,13,14,18,19,23,24
178,8,9,13,14,18,19,23,24
179,8,9,13,14,18,19,23,24
180,8,9,13,14,18,19,23,24
181,8,9,13,14,18,19,23,24
182,8,9,13,14,18,19,23,24
183,8,9,13,14,18,19,23,24
184,8,9,13,14,18,19,23,24
185,8,9,13,14,18,19,23,24
186,8,9,13,14,18,19,23,24
187,8,9,13,14,18,19,23,24
188,8,9,13,14,18,19,23,24
189,8,9,13,14,18,19,23,24
190,8,9,13,14,18,19,23,24
191,8,9,13,14,18,19,23,24
192,8,9,13,14,18,19,23,24
193,8,9,13,14,18,19,23,24
194,8,9,13,14,18,19,23,24
195,8,9,13,14,18,19,23,24
196,8,9,13,14,18,19,23,24
197,8,9,13,14,18,19,23,24
198,8,9,13,14,18,19,23,24
199,8,9,13,14,18,19,23,24
200,8,9,13,14,18,19,23,24
201,8,9,13,14,18,19,23,24
202,8,9,13,14,18,19,23,24
203,8,9,13,14,18,19,23,24
204,8,9,13,14,18,19,23,24
205,8,9,13,14,18,19,23,24
206,8,9,13,14,18,19,23,24
207,8,9,13,14,18,19,23,24
208,8,9,13,14,18,19,23,24
209,8,9,13,14,18,19,23,24
210,8,9,13,14,18,19,23,24
211,8,9,13,14,18,19,23,24
212,8,9,13,14,18,19,23,24
213,8,9,13,14,18,19,23,24
214,8,9,13,14,18,19,23,24
215,8,9,13,14,18,19,23,24
216,8,9,13,14,18,19,23,24
217,8,9,13,14,18,19,23,24
218,8,9,13,14,18,19,23,24
219,8,9,13,14,18,19,23,24
220,8,9,13,14,18,19,23,24
221,8,9,13,14,18,19,23,24
222,8,9,13,14,18,19,23,24
223,8,9,13,14,18,19,23,24
224,8,9,13,14,18,19,23,24
225,8,9,13,14,18,19,23,24
226,8,9,13,14,18,19,23,24
227,8,9,13,14,18,19,23,24
228,8,9,13,14,18,19,23,24
229,8,9,13,14,18,19,23,24
230,8,9,13,14,18,19,23,24
231,8,9,13,14,18,19,23,24
232,8,9,13,14,18,19,23,24
233,8,9,13,14,18,19,23,24
234,8,9,13,14,18,19,23,24
235,8,9,13,14,18,19,23,24
236,8,9,13,14,18,19,23,24
237,8,9,13,14,18,19,23,24
238,8,9,13,14,18,19,23,24
239,8,9,13,14,18,19,23,24
240,8,9,13,14,18,19,23,24
241,8,9,13,14,18,19,23,24
242,8,9,13,14,18,19,23,24
243,8,9,13,14,18,19,23,24
244,8,9,13,14,18,19,23,24
245,8,9,13,14,18,19,23,24
246,8,9,13,14,18,19,23,24
247,8,9,13,14,18,19,23,24
248,8,9,13,14,18,19,23,24
249,8,9,13,14,18,19,23,24
250,8,9,13,14,18,19,23,24
251,8,9,13,14,18,19,23,24
252,8,9,13,14,18,19,23,24
253,8,9,13,14,18,19,23,24
254,8,9,13,14,18,19,23,24
255,8,9,13,14,18,19,23,24
256,8,9,13,14,18,19,23,24
257,8,9,13,14,18,19,23,24
258,8,9,13,14,18,19,23,24
259,8,9,13,14,18,19,23,24
260,8,9,13,14,18,19,23,24
261,8,9,13,14,18,19,23,24
262,8,9,13,14,18,19,23,24
263,8,9,13,14,18,19,23,24
264,8,9,13,14,18,19,23,24
265,8,9,13,14,18,19,23,24
266,8,9,13,14,18,19,23,24
267,8,9,13,14,18,19,23,24
268,8,9,13,14,18,19,23,24
269,8,9,13,14,18,19,23,24
270,8,9,13,14,18,19,23,24
271,8,9,13,14,18,19,23,24
272,8,9,13,14,18,19,23,24
273,8,9,13,14,18,19,23,24
274,8,9,13,14,18,19,23,24
275,8,9,13,14,18,19,23,24
276,8,9,13,14,18,19,23,24
277,8,9,13,14,18,19,23,24
278,8,9,13,14,18,19,23,24
279,8,9,13,14,18,19,23,24
280,8,9,13,14,18,19,23,24
281,8,9,13,14,18,19,23,24
282,8,9,13,14,18,19,23,24
283,9,13,14,18,19,23,24
284,9,13,14,18,19,23,24
285,9,13,14,18,19,23,24
286,9,13,14,18,19,23,24
287,9,13,14,18,19,20,23,24,25
288,9,13,14,18,19,20,23,24,25
289,9,13,14,15,18,19,20,23,24,25
290,9,13,14,15,18,19,20,23,24,25
291,9,13,14,15,18,19,20,23,24,25
292,9,13,14,15,18,19,20,23,24,25
293,9,13,14,15,18,19,20,23,24,25
294,9,13,14,15,18,19,20,23,24,25
295,9,13,14,15,18,19,20,23,24,25
296,9,13,14,15,18,19,20,23,24,25
297,9,13,14,15,18,19,20,23,24,25
298,9,13,14,15,18,19,20,23,24,25
299,9,13,14,15,18,19,20,23,24,25
300,9,13,14,15,18,19,20,23,24,25
301,9,13,14,15,18,19,20,23,24,25
302,9,13,14,15,18,19,20,23,24,25
303,9,13,14,15,18,19,20,23,24,25
304,9,13,14,15,18,19,20,23,24,25
305,9,10,14,15,18,19,20,23,24,25
306,9,10,14,15,18,19,20,23,24,25
307,9,10,14,15,18,19,20,24,25
308,9,10,14,15,18,19,20,24,25
309,9,10,14,15,18,19,20,23,24,25
310,9,10,14,15,18,19,20,23,24,25
311,9,10,14,15,18,19,20,24,25
312,9,10,14,15,18,19,20,24,25
313,9,10,14,15,19,20,24,25
314,9,10,14,15,19,20,24,25
315,9,10,14,15,19,20,24,25
316,9,10,14,15,19,20,24,25
317,9,10,14,15,19,20,24,25
318,9,10,14,15,19,20,24,25
319,10,14,15,19,20,24,25
320,10,14,15,19,20,24,25
321,10,14,15,19,20,24,25
322,10,14,15,19,20,24,25
323,10,14,15,19,20,24,25
324,10,14,15,19,20,24,25
325,10,14,15,19,20,24,25
326,10,14,15,19,20,24,25
327,10,14,15,16,19,20,24,25
328,10,14,15,16,19,20,24,25
329,10,11,14,15,16,19,20,21,24,25
330,10,11,14,15,16,19,20,21,24,25
331,10,11,14,15,16,19,20,21,24,25
332,10,11,14,15,16,19,20,21,24,25
333,10,11,14,15,16,19,20,21,24,25
334,10,11,14,15,16,19,20,21,24,25
335,10,11,14,15,16,19,20,21,24,25
336,10,11,14,15,16,19,20,21,24,25
337,10,11,14,15,16,19,20,21,24,25
338,10,11,14,15,16,19,20,21,24,25
339,10,11,14,15,16,19,20,21,24,25
340,10,11,14,15,16,19,20,21,24,25
341,10,11,14,15,16,19,20,21,25
342,10,11,14,15,16,19,20,21,25
343,10,11,15,16,20,21,25
344,10,11,15,16,20,21,25
345,10,11,15,16,20,21,25
346,10,11,15,16,20,21,25
347,10,11,15,16,20,21,25
348,10,11,15,16,20,21,25
349,6,10,11,15,16,20,21,25
350,6,10,11,15,16,20,21,25
351,6,10,11,15,16,20,21,25
352,6,10,11,15,16,20,21,25
353,1,5,6,10,11,15,16,20
354,1,5,6,10,11,15,16,20
355,1,5,6,10,11,15,16,20
356,1,5,6,10,11,15,16,20
357,1,5,6,10,11,15,16,20
358,1,5,6,10,11,15,16,20
359,1,5,6,10,11,15,16,20
360,1,5,6,10,11,15,16,20
361,1,5,6,10,11,15,16,20
362,1,5,6,10,11,15,16,20
363,1,5,6,10,11,15,16,20
364,1,5,6,10,11,15,16,20
365,1,5,6,10,11,15,16,20
366,1,5,6,10,11,15,16,20
367,1,5,6,10,11,15,16,20
368,1,5,6,10,11,15,16,20
369,1,5,6,10,11,15,16,20
370,1,5,6,10,11,15,16,20
371,1,5,6,10,11,15,16,20
372,1,5,6,10,11,15,16,20
373,1,5,6,10,11,15,16,20
374,1,5,6,10,11,15,16,20
375,1,5,6,10,11,15,16,20
376,1,5,6,10,11,15,16,20
377,1,5,6,10,11,15,16,20
378,1,5,6,10,11,15,16,20
379,1,5,6,10,11,15,16,20
380,1,5,6,10,11,15,16,20
381,1,5,6,10,11,15,16,20
382,1,5,6,10,11,15,16,20
383,1,5,6,10,11,15,16,20
384,1,5,6,10,11,15,16,20
385,1,5,6,10,11,15,16,20
386,1,5,6,10,11,15,16,20
387,1,5,6,10,11,15,16,20
388,1,5,6,10,11,15,16,20
389,1,5,6,10,11,15,16,20
390,1,5,6,10,11,15,16,20
391,1,5,6,10,11,15,16,20
392,1,5,6,10,11,15,16,20
393,1,5,6,10,11,15,16,20
394,1,5,6,10,11,15,16,20
395,1,5,6,10,11,15,16,20
396,1,5,6,10,11,15,16,20
397,1,5,6,10,11,15,16,20
398,1,5,6,10,11,15,16,20
399,1,5,6,10,11,15,16,20
400,1,5,6,10,11,15,16,20
401,1,5,6,10,11,15,16,20
402,1,5,6,10,11,15,16,20
403,1,5,6,10,11,15,16,20
404,1,5,6,10,11,15,16,20
405,11,14,15,16,19,20,21,22,23,24,25
406,11,14,15,16,19,20,21,22,23,24,25
407,11,14,15,16,19,20,21,22,23,24,25
408,11,14,15,16,19,20,21,22,23,24,25
409,11,14,15,16,19,20,21,22,23,24,25
410,11,14,15,16,19,20,21,22,23,24,25
411,11,14,15,16,19,20,21,22,23,24,25
412,11,14,15,16,19,20,21,22,23,24,25
413,11,14,15,16,19,20,21,22,23,24,25
414,11,14,15,16,19,20,21,22,23,24,25
415,11,14,15,16,19,20,21,22,23,24,25
416,11,14,15,16,19,20,21,22,23,24,25
417,11,14,15,16,19,20,21,22,23,24,25
418,11,14,15,16,19,20,21,22,23,24,25
419,14,15,16,19,20,21,22,23,24,25
420,14,15,16,19,20,21,22,23,24,25
421,14,15,16,19,20,21,22,23,24,25
422,14,15,16,19,20,21,22,23,24,25
423,14,15,16,19,20,21,22,23,24,25
424,14,15,16,19,20,21,22,23,24,25
425,14,15,16,19,20,21,22,23,24,25
426,14,15,16,19,20,21,22,23,24,25
427,14,15,16,19,20,21,22,23,24,25
428,14,15,16,19,20,21,22,23,24,25
429,14,15,16,19,20,21,22,23,24,25
430,14,15,16,19,20,21,22,23,24,25
431,14,15,16,19,20,21,22,23,24,25
432,14,15,16,19,20,21,22,23,24,25
433,14,15,16,19,20,21,22,23,24,25
434,14,15,16,19,20,21,22,23,24,25
435,11,14,15,16,19,20,21,22,23,24,25
436,11,14,15,16,19,20,21,22,23,24,25
437,11,14,15,16,19,20,21,22,23,24,25
438,11,14,15,16,19,20,21,22,23,24,25
439,11,14,15,16,19,20,21,22,23,24,25
440,11,14,15,16,19,20,21,22,23,24,25
441,11,14,15,16,19,20,21,22,23,24,25
442,11,14,15,16,19,20,21,22,23,24,25
443,11,14,15,16,19,20,21,24,25
444,11,14,15,16,19,20,21,24,25
445,1,5,6,10,11,15,16,20
446,1,5,6,10,11,15,16,20
447,1,5,6,10,11,15,16,20
448,1,5,6,10,11,15,16,20
449,1,5,6,10,11,15,16,20
450,1,5,6,10,11,15,16,20
451,1,5,6,7,10,11,12,15,16,20
452,1,5,6,7,10,11,12,15,16,20
453,1,5,6,7,10,11,12,15,16,20
454,1,5,6,7,10,11,12,15,16,20
455,1,5,6,7,10,11,12,15,16,20
456,1,5,6,7,10,11,12,15,16,20
457,1,5,6,7,10,11,12,15,16,20
458,1,5,6,7,10,11,12,15,16,20
459,1,5,6,7,10,11,12,15,16,20
460,1,5,6,7,10,11,12,15,16,20
461,1,2,5,6,7,10,11,12,15,16
462,1,2,5,6,7,10,11,12,15,16
463,1,2,5,6,7,10,11,12,15,16
464,1,2,5,6,7,10,11,12,15,16
465,1,2,5,6,7,10,11,12,15,16
466,1,2,5,6,7,10,11,12,15,16
467,1,2,5,6,7,10,11,12,15,16
468,1,2,5,6,7,10,11,12,15,16
469,1,2,5,6,7,10,11,12,15,16
470,1,2,5,6,7,10,11,12,15,16
471,1,2,5,6,7,10,11,12,15,16
472,1,2,5,6,7,10,11,12,15,16
473,1,2,5,6,7,10,11,12,15,16
474,1,2,5,6,7,10,11,12,15,16
475,1,2,5,6,7,10,11,12,15,16
476,1,2,5,6,7,10,11,12,15,16
477,1,2,5,6,7,10,11,12,15,16
478,1,2,5,6,7,10,11,12,15,16
479,1,2,5,6,7,10,11,12,15,16
480,1,2,5,6,7,10,11,12,15,16
481,1,2,5,6,7,10,11,12,15,16,20
482,1,2,5,6,7,10,11,12,15,16,20
483,1,2,5,6,7,10,11,12,15,16,20
484,1,2,5,6,7,10,11,12,15,16,20
485,1,2,5,6,7,10,11,12,15,16,20
486,1,2,5,6,7,10,11,12,15,16,20
487,1,2,5,6,7,10,11,12,15,16,20
488,1,2,5,6,7,10,11,12,15,16,20
489,1,2,5,6,7,10,11,12,15,16,20
490,1,2,5,6,7,10,11,12,15,16,20
491,1,2,5,6,7,10,11,12,15,16,20
492,1,2,5,6,7,10,11,12,15,16,20
493,1,5,6,7,10,11,12,15,16,20
494,1,5,6,7,10,11,12,15,16,20
495,1,5,6,7,10,11,12,15,16,20
496,1,5,6,7,10,11,12,15,16,20
497,1,5,6,7,10,11,12,15,16,20
498,1,5,6,7,10,11,12,15,16,20
499,1,5,6,7,10,11,12,15,16,20
500,1,5,6,7,10,11,12,15,16,20
501,1,5,6,7,10,11,12,15,16,20
502,1,5,6,7,10,11,12,15,16,20
503,1,5,6,10,11,15,16,20
504,1,5,6,10,11,15,16,20
505,1,5,6,10,11,15,16,20
506,1,5,6,10,11,15,16,20
507,1,5,6,10,11,15,16,20
508,1,5,6,10,11,15,16,20
509,10,11,15,16,20,21,25
510,10,11,15,16,20,21,25
511,10,11,15,16,20,21,25
512,10,11,15,16,20,21,25
513,10,11,14,15,16,19,20,21,24,25
514,10,11,14,15,16,19,20,21,24,25
515,10,11,14,15,16,19,20,21,24,25
516,10,11,14,15,16,19,20,21,24,25
517,10,11,14,15,16,19,20,21,24,25
518,10,11,14,15,16,19,20,21,24,25
519,10,11,14,15,16,19,20,21,24,25
520,10,11,14,15,16,19,20,21,24,25
521,10,11,14,15,16,19,20,21,24,25
522,10,11,14,15,16,19,20,21,24,25
523,10,11,14,15,16,19,20,21,24,25
524,10,11,14,15,16,19,20,21,24,25
525,10,11,14,15,16,19,20,24,25
526,10,11,14,15,16,19,20,24,25
527,10,11,14,15,16,19,20,24,25
528,10,11,14,15,16,19,20,24,25
529,10,14,15,19,20,24,25
530,10,14,15,19,20,24,25
531,10,14,15,19,20,24,25
532,10,14,15,19,20,24,25
533,9,10,14,15,19,20,24,25
534,9,10,14,15,19,20,24,25
535,9,10,14,15,19,20,24,25
536,9,10,14,15,19,20,24,25
537,9,10,14,15,19,20,24,25
538,9,10,14,15,19,20,24,25
539,9,10,14,15,19,20,24,25
540,9,10,14,15,19,20,24,25
541,9,10,13,14,15,18,19,20,24,25
542,9,10,13,14,15,18,19,20,24,25
543,9,10,13,14,15,18,19,20,23,24,25
544,9,10,13,14,15,18,19,20,23,24,25
545,9,13,14,15,18,19,20,23,24,25
546,9,13,14,15,18,19,20,23,24,25
547,9,13,14,15,18,19,20,23,24,25
548,9,13,14,15,18,19,20,23,24,25
549,9,13,14,15,18,19,20,23,24,25
550,9,13,14,15,18,19,20,23,24,25
551,9,13,14,15,18,19,20,23,24,25
552,9,13,14,15,18,19,20,23,24,25
553,9,13,14,15,18,19,20,23,24
554,9,13,14,15,18,19,20,23,24
555,9,13,14,18,19,23,24
556,9,13,14,18,19,23,24
557,9,13,14,18,19,23,24
558,9,13,14,18,19,23,24
559,8,9,13,14,18,19,23,24
560,8,9,13,14,18,19,23,24
561,8,9,13,14,18,19,23,24
562,8,9,13,14,18,19,23,24
563,8,9,13,14,18,19,23,24
564,8,9,13,14,18,19,23,24
565,8,9,13,14,18,19,23,24
566,8,9,13,14,18,19,23,24
567,8,9,13,14,18,19,23,24
568,8,9,13,14,18,19,23,24
569,8,9,13,14,18,19,23,24
570,8,9,13,14,18,19,23,24
571,8,9,13,14,18,19,23,24
572,8,9,13,14,18,19,23,24
573,8,9,13,14,18,19,23,24
574,8,9,13,14,18,19,23,24
575,8,9,13,14,18,19,23,24
576,8,9,13,14,18,19,23,24
577,8,9,13,14,17,18,19,23,24
578,8,9,13,14,17,18,19,23,24
579,8,9,12,13,14,17,18,19,23,24
580,8,9,12,13,14,17,18,19,23,24
581,8,9,12,13,14,17,18,19,22,23,24
582,8,9,12,13,14,17,18,19,22,23,24
583,8,12,13,14,17,18,19,22,23,24
584,8,12,13,14,17,18,19,22,23,24
585,8,12,13,14,17,18,19,22,23,24
586,8,12,13,14,17,18,19,22,23,24
587,8,12,13,14,17,18,19,22,23,24
588,8,12,13,14,17,18,19,22,23,24
589,8,12,13,14,17,18,19,22,23
590,8,12,13,14,17,18,19,22,23
591,8,12,13,14,17,18,19,22,23
592,8,12,13,14,17,18,19,22,23
593,8,12,13,17,18,22,23
594,8,12,13,17,18,22,23
595,8,12,13,17,18,22,23
596,8,12,13,17,18,22,23
597,8,12,13,17,18,22,23
598,8,12,13,17,18,22,23
599,8,12,13,17,18,22,23
600,8,12,13,17,18,22,23
601,8,12,13,17,18,22,23
602,8,12,13,17,18,22,23
603,8,12,13,17,18,22,23
604,8,12,13,17,18,22,23
605,8,12,13,17,18,22,23
606,8,12,13,17,18,22,23
607,8,12,13,17,18,22,23
608,8,12,13,17,18,22,23
609,8,12,13,17,18,22,23
610,8,12,13,17,18,22,23
611,8,12,13,17,18,22,23
612,8,12,13,17,18,22,23
613,8,12,13,14,17,18,19,22,23
614,8,12,13,14,17,18,19,22,23
615,8,12,13,14,17,18,19,22,23,24
616,8,12,13,14,17,18,19,22,23,24
617,8,9,12,13,14,17,18,19,22,23,24
618,8,9,12,13,14,17,18,19,22,23,24
619,8,9,13,14,18,19,23,24
620,8,9,13,14,18,19,23,24
621,8,9,13,14,18,19,23,24
622,8,9,13,14,18,19,23,24
623,8,9,13,14,18,19,23,24
624,8,9,13,14,18,19,23,24
625,8,9,13,14,18,19,23,24
626,8,9,13,14,18,19,23,24
627,8,9,13,14,18,19,23,24
628,8,9,13,14,18,19,23,24
629,8,9,13,14,18,19,23,24
630,8,9,13,14,18,19,23,24
631,8,9,13,14,18,19,23,24
632,8,9,13,14,18,19,23,24
633,8,9,13,14,18,19,23,24
634,8,9,13,14,18,19,23,24
635,8,9,13,14,18,19,23,24
636,8,9,13,14,18,19,23,24
637,8,9,13,14,18,19,23,24
638,8,9,13,14,18,19,23,24
639,8,9,13,14,18,19,23,24
640,8,9,13,14,18,19,23,24
641,8,9,13,14,18,19,23,24
642,8,9,13,14,18,19,23,24
643,8,9,13,14,18,19,23,24
644,8,9,13,14,18,19,23,24
645,8,9,13,14,18,19,23,24
646,8,9,13,14,18,19,23,24
647,8,9,13,14,18,19,23,24
648,8,9,13,14,18,19,23,24
649,8,9,13,14,18,19,23,24
650,8,9,13,14,18,19,23,24
651,8,9,13,14,18,19,23,24
652,8,9,13,14,18,19,23,24
653,8,9,13,14,18,19,23,24
654,8,9,13,14,18,19,23,24
655,8,9,13,14,18,19,23,24
656,8,9,13,14,18,19,23,24
657,8,9,13,14,18,19,23,24
658,8,9,13,14,18,19,23,24
659,8,9,13,14,18,19,23,24
660,8,9,13,14,18,19,23,24
661,8,9,13,14,18,19,23,24
662,8,9,13,14,18,19,23,24
663,8,9,13,14,18,19,23,24
664,8,9,13,14,18,19,23,24
665,8,9,13,14,18,19,23,24
666,8,9,13,14,18,19,23,24
667,8,9,13,14,18,19,23,24
668,8,9,13,14,18,19,23,24
669,8,9,13,14,18,19,23,24
670,8,9,13,14,18,19,23,24
671,8,9,13,14,18,19,23,24
672,8,9,13,14,18,19,23,24
673,8,9,13,14,18,19,23,24
674,8,9,13,14,18,19,23,24
675,8,9,13,14,18,19,23,24
676,8,9,13,14,18,19,23,24
677,8,9,13,14,18,19,23,24
678,8,9,13,14,18,19,23,24
679,8,9,13,14,18,19,23,24
680,8,9,13,14,18,19,23,24
681,8,9,13,14,18,19,23,24
682,8,9,13,14,18,19,23,24
683,8,9,13,14,18,19,23,24
684,8,9,13,14,18,19,23,24
685,8,9,13,14,18,19,23,24
686,8,9,13,14,18,19,23,24
687,8,9,13,14,18,19,23,24
688,8,9,13,14,18,19,23,24
689,8,9,13,14,18,19,23,24
690,8,9,13,14,18,19,23,24
691,8,9,13,14,18,19,23,24
692,8,9,13,14,18,19,23,24
693,8,9,13,14,18,19,23,24
694,8,9,13,14,18,19,23,24
695,8,9,13,14,18,19,23,24
696,8,9,13,14,18,19,23,24
697,8,9,13,14,18,19,23,24
698,8,9,13,14,18,19,23,24
699,8,9,13,14,18,19,23,24
700,8,9,13,14,18,19,23,24
701,8,9,13,14,18,19,23,24
702,8,9,13,14,18,19,23,24
703,8,9,13,14,18,19,23,24
704,8,9,13,14,18,19,23,24
705,8,9,13,14,18,19,23,24
706,8,9,13,14,18,19,23,24
707,8,9,13,14,18,19,23,24
708,8,9,13,14,18,19,23,24
709,8,9,13,14,18,19,23,24
710,8,9,13,14,18,19,23,24
711,8,9,13,14,18,19,23,24
712,8,9,13,14,18,19,23,24
713,8,9,13,14,18,19,23,24
714,8,9,13,14,18,19,23,24
715,8,9,13,14,18,19,23,24
716,8,9,13,14,18,19,23,24
717,9,13,14,18,19,23,24
718,9,13,14,18,19,23,24
719,9,13,14,18,19,23,24
720,9,13,14,18,19,23,24
721,9,13,14,18,19,23,24
722,9,13,14,18,19,23,24
723,9,13,14,18,19,23,24
724,9,13,14,18,19,23,24
725,9,13,14,15,18,19,20,23,24
726,9,13,14,15,18,19,20,23,24
727,9,13,14,15,18,19,20,23,24
728,9,13,14,15,18,19,20,23,24
729,9,13,14,15,18,19,20,23,24,25
730,9,13,14,15,18,19,20,23,24,25
731,9,13,14,15,18,19,20,23,24,25
732,9,13,14,15,18,19,20,23,24,25
733,9,13,14,15,18,19,20,23,24
734,9,13,14,15,18,19,20,23,24
735,9,13,14,15,18,19,20,23,24
736,9,13,14,15,18,19,20,23,24
737,9,13,14,18,19,23,24
738,9,13,14,18,19,23,24
739,9,13,14,18,19,23,24
740,9,13,14,18,19,23,24
741,9,13,14,18,19,23,24
742,9,13,14,18,19,23,24
743,8,9,13,14,18,19,23,24
744,8,9,13,14,18,19,23,24
745,8,9,13,14,18,19,23,24
746,8,9,13,14,18,19,23,24
747,8,9,13,14,18,19,23,24
748,8,9,13,14,18,19,23,24
749,8,9,13,14,18,19,23,24
750,8,9,13,14,18,19,23,24
751,8,9,13,14,18,19,23,24
752,8,9,13,14,18,19,23,24
753,8,9,13,14,18,19,23,24
754,8,9,13,14,18,19,23,24
755,8,9,13,14,18,19,23,24
756,8,9,13,14,18,19,23,24
757,8,9,13,14,18,19,23,24
758,8,9,13,14,18,19,23,24
759,8,9,13,14,18,19,23,24
760,8,9,13,14,18,19,23,24
761,8,9,13,14,18,19,23,24
762,8,9,13,14,18,19,23,24
763,8,9,13,14,18,19,23,24
764,8,9,13,14,18,19,23,24
765,8,9,13,14,18,19,23,24
766,8,9,13,14,18,19,23,24
767,8,9,13,14,18,19,23,24
768,8,9,13,14,18,19,23,24
769,8,9,13,14,18,19,23,24
770,8,9,13,14,18,19,23,24
771,8,9,13,14,18,19,23,24
772,8,9,13,14,18,19,23,24
773,8,9,13,14,18,19,23,24
774,8,9,13,14,18,19,23,24
775,8,9,13,14,18,19,23,24
776,8,9,13,14,18,19,23,24
777,8,9,13,14,18,19,23,24
778,8,9,13,14,18,19,23,24
779,8,9,13,14,18,19,23,24
780,8,9,13,14,18,19,23,24
781,8,9,13,14,18,19,23,24
782,8,9,13,14,18,19,23,24
783,8,9,13,14,18,19,23,24
784,8,9,13,14,18,19,23,24
785,8,9,13,14,18,19,23,24
786,8,9,13,14,18,19,23,24
787,8,9,13,14,18,19,23,24
788,8,9,13,14,18,19,23,24
789,8,9,13,14,18,19,23,24
790,8,9,13,14,18,19,23,24
791,8,9,13,14,18,19,23,24
792,8,9,13,14,18,19,23,24
793,8,9,13,14,18,19,23,24
794,8,9,13,14,18,19,23,24
795,8,9,13,14,18,19,23,24
796,8,9,13,14,18,19,23,24
797,8,9,13,14,18,19,23,24
798,8,9,13,14,18,19,23,24
799,8,9,13,14,18,19,23,24
800,8,9,13,14,18,19,23,24
801,8,9,13,14,18,19,23,24
802,8,9,13,14,18,19,23,24
803,8,9,13,14,18,19,23,24
804,8,9,13,14,18,19,23,24
805,8,9,13,14,18,19,23,24
806,8,9,13,14,18,19,23,24
807,8,9,13,14,18,19,23,24
808,8,9,13,14,18,19,23,24
809,8,9,13,14,18,19,23,24
810,8,9,13,14,18,19,23,24
811,8,9,13,14,18,19,23,24
812,8,9,13,14,18,19,23,24
813,8,9,13,14,18,19,23,24
814,8,9,13,14,18,19,23,24
815,8,9,13,14,18,19,23,24
816,8,9,13,14,18,19,23,24
817,8,9,13,14,18,19,23,24
818,8,9,13,14,18,19,23,24
819,8,9,13,14,18,19,23,24
820,8,9,13,14,18,19,23,24
821,8,9,13,14,18,19,23,24
822,8,9,13,14,18,19,23,24
823,8,9,13,14,18,19,23,24
824,8,9,13,14,18,19,23,24
825,8,9,13,14,18,19,23,24
826,8,9,13,14,18,19,23,24
827,8,9,12,13,14,17,18,19,23,24
828,8,9,12,13,14,17,18,19,23,24
829,8,9,12,13,14,17,18,19,23,24
830,8,9,12,13,14,17,18,19,23,24
831,8,9,12,13,14,17,18,19,22,23,24
832,8,9,12,13,14,17,18,19,22,23,24
833,8,12,13,14,17,18,19,22,23,24
834,8,12,13,14,17,18,19,22,23,24
835,8,12,13,14,17,18,19,22,23,24
836,8,12,13,14,17,18,19,22,23,24
837,8,12,13,14,17,18,19,22,23,24
838,8,12,13,14,17,18,19,22,23,24
839,8,12,13,14,17,18,19,22,23,24
840,8,12,13,14,17,18,19,22,23,24
841,8,12,13,14,17,18,19,22,23
842,8,12,13,14,17,18,19,22,23
843,8,12,13,14,17,18,19,22,23
844,8,12,13,14,17,18,19,22,23
845,8,12,13,17,18,22,23
846,8,12,13,17,18,22,23
847,8,12,13,17,18,22,23
848,8,12,13,17,18,22,23
849,8,12,13,17,18,22,23
850,8,12,13,17,18,22,23
851,7,8,12,13,17,18,22,23
852,7,8,12,13,17,18,22,23
853,7,8,12,13,17,18,22,23
854,7,8,12,13,17,18,22,23
855,7,8,12,13,17,18,22,23
856,7,8,12,13,17,18,22,23
857,7,8,12,13,17,18,22,23
858,7,8,12,13,17,18,22,23
859,7,8,12,13,17,18,22,23
860,7,8,12,13,17,18,22,23
861,7,8,12,13,17,18,22,23
862,7,8,12,13,17,18,22,23
863,7,8,12,13,17,18,22,23
864,7,8,12,13,17,18,22,23
865,7,8,12,13,17,18,22,23
866,7,8,12,13,17,18,22,23
867,7,8,12,13,17,18,22,23
868,7,8,12,13,17,18,22,23
869,7,8,12,13,17,18,22,23
870,7,8,12,13,17,18,22,23
871,7,8,12,13,17,18,22,23
872,7,8,12,13,17,18,22,23
873,7,8,12,13,17,18,22,23
874,7,8,12,13,17,18,22,23
875,7,8,12,13,17,18,22,23
876,7,8,12,13,17,18,22,23
877,7,8,12,13,17,18,22,23
878,7,8,12,13,17,18,22,23
879,7,8,12,13,17,18,22,23
880,7,8,12,13,17,18,22,23
881,7,8,12,13,17,18,22,23
882,7,8,12,13,17,18,22,23
883,7,8,12,13,17,18,22,23
884,7,8,12,13,17,18,22,23
885,7,8,12,13,17,18,22,23
886,7,8,12,13,17,18,22,23
887,7,8,12,13,17,18,22,23
888,7,8,12,13,17,18,22,23
889,7,8,12,13,17,18,22,23
890,7,8,12,13,17,18,22,23
891,7,8,12,13,17,18,22,23
892,7,8,12,13,17,18,22,23
893,7,8,12,13,17,18,22,23
894,7,8,12,13,17,18,22,23
895,7,8,12,13,17,18,22,23
896,7,8,12,13,17,18,22,23
897,7,8,12,13,17,18,22,23
898,7,8,12,13,17,18,22,23
899,7,8,12,13,17,18,22,23
900,7,8,12,13,17,18,22,23
901,7,8,12,13,17,18,22,23
902,7,8,12,13,17,18,22,23
903,7,8,11,12,13,16,17,18,22,23
904,7,8,11,12,13,16,17,18,22,23
905,7,8,11,12,13,16,17,18,21,22,23
906,7,8,11,12,13,16,17,18,21,22,23
907,7,11,12,13,16,17,18,21,22,23
908,7,11,12,13,16,17,18,21,22,23
909,7,11,12,13,16,17,18,21,22,23
910,7,11,12,13,16,17,18,21,22,23
911,7,11,12,13,16,17,18,21,22,23
912,7,11,12,13,16,17,18,21,22,23
913,7,11,12,13,16,17,18,21,22,23
914,7,11,12,13,16,17,18,21,22,23
915,7,11,12,13,16,17,18,21,22,23
916,7,11,12,13,16,17,18,21,22,23
917,7,11,12,13,16,17,18,21,22,23
918,7,11,12,13,16,17,18,21,22,23
919,7,11,12,13,16,17,18,21,22,23
920,7,11,12,13,16,17,18,21,22,23
921,7,11,12,13,16,17,18,21,22,23
922,7,11,12,13,16,17,18,21,22,23
923,7,11,12,13,16,17,18,21,22,23
924,7,11,12,13,16,17,18,21,22,23
925,7,11,12,13,16,17,18,21,22,23
926,7,11,12,13,16,17,18,21,22,23
927,7,11,12,13,16,17,18,21,22,23
928,7,11,12,13,16,17,18,21,22,23
929,7,11,12,13,16,17,18,21,22,23
930,7,11,12,13,16,17,18,21,22,23
931,7,11,12,13,16,17,18,21,22,23
932,7,11,12,13,16,17,18,21,22,23
933,7,11,12,13,16,17,18,21,22,23
934,7,11,12,13,16,17,18,21,22,23
935,7,11,12,13,16,17,18,21,22,23
936,7,11,12,13,16,17,18,21,22,23
937,7,11,12,13,16,17,18,21,22,23
938,7,11,12,13,16,17,18,21,22,23
939,7,11,12,13,16,17,18,21,22,23
940,7,11,12,13,16,17,18,21,22,23
941,7,11,12,13,16,17,18,21,22,23
942,7,11,12,13,16,17,18,21,22,23
943,7,11,12,13,16,17,18,21,22,23
944,7,11,12,13,16,17,18,21,22,23
945,7,11,12,13,16,17,18,21,22,23
946,7,11,12,13,16,17,18,21,22,23
947,7,11,12,13,16,17,18,21,22,23
948,7,11,12,13,16,17,18,21,22,23
949,7,11,12,13,16,17,18,21,22,23
950,7,11,12,13,16,17,18,21,22,23
951,7,11,12,13,16,17,18,21,22,23
952,7,11,12,13,16,17,18,21,22,23
953,7,11,12,13,16,17,18,21,22,23
954,7,11,12,13,16,17,18,21,22,23
955,7,11,12,13,16,17,18,21,22,23
956,7,11,12,13,16,17,18,21,22,23
957,7,11,12,13,16,17,18,21,22,23
958,7,11,12,13,16,17,18,21,22,23
959,7,11,12,13,16,17,18,21,22,23
960,7,11,12,13,16,17,18,21,22,23
961,7,11,12,13,16,17,18,21,22,23
962,7,11,12,13,16,17,18,21,22,23
963,7,11,12,13,16,17,18,21,22,23
964,7,11,12,13,16,17,18,21,22,23
965,7,11,12,13,16,17,18,21,22,23
966,7,11,12,13,16,17,18,21,22,23
967,7,11,12,13,16,17,18,21,22,23
968,7,11,12,13,16,17,18,21,22,23
969,7,11,12,13,16,17,18,21,22,23
970,7,11,12,13,16,17,18,21,22,23
971,7,11,12,13,16,17,18,21,22,23
972,7,11,12,13,16,17,18,21,22,23
973,7,11,12,13,16,17,18,21,22,23
974,7,11,12,13,16,17,18,21,22,23
975,7,11,12,13,16,17,18,21,22,23
976,7,11,12,13,16,17,18,21,22,23
977,7,11,12,13,16,17,18,21,22,23
978,7,11,12,13,16,17,18,21,22,23
979,7,11,12,13,16,17,18,21,22,23
980,7,11,12,13,16,17,18,21,22,23
981,7,11,12,13,16,17,18,21,22,23
982,7,11,12,13,16,17,18,21,22,23
983,7,11,12,13,16,17,18,21,22,23
984,7,11,12,13,16,17,18,21,22,23
985,7,11,12,13,16,17,18,21,22,23
986,7,11,12,13,16,17,18,21,22,23
987,7,11,12,13,16,17,18,21,22,23
988,7,11,12,13,16,17,18,21,22,23
989,7,11,12,13,16,17,18,21,22,23
990,7,11,12,13,16,17,18,21,22,23
991,7,11,12,13,16,17,18,21,22,23
992,7,11,12,13,16,17,18,21,22,23
993,7,11,12,13,16,17,18,21,22,23
994,7,11,12,13,16,17,18,21,22,23
995,7,11,12,13,16,17,18,21,22,23
996,7,11,12,13,16,17,18,21,22,23
997,7,11,12,13,16,17,18,21,22,23
998,7,11,12,13,16,17,18,21,22,23
999,7,11,12,13,16,17,18,21,22,23
1000,7,11,12,13,16,17,18,21,22,23
1001,7,11,12,13,16,17,18,21,22,23
1002,7,11,12,13,16,17,18,21,22,23
1003,7,11,12,13,16,17,18,21,22,23
1004,7,11,12,13,16,17,18,21,22,23
1005,7,11,12,13,16,17,18,21,22,23
1006,7,11,12,13,16,17,18,21,22,23
1007,7,11,12,13,16,17,18,21,22,23
1008,7,11,12,13,16,17,18,21,22,23
1009,7,11,12,13,16,17,18,21,22,23
1010,7,11,12,13,16,17,18,21,22,23
1011,7,11,12,13,16,17,18,21,22,23
1012,7,11,12,13,16,17,18,21,22,23
1013,7,11,12,13,16,17,18,21,22,23
1014,7,11,12,13,16,17,18,21,22,23
1015,7,11,12,13,16,17,18,21,22,23
1016,7,11,12,13,16,17,18,21,22,23
1017,7,11,12,13,16,17,18,21,22,23
1018,7,11,12,13,16,17,18,21,22,23
1019,7,11,12,13,16,17,18,21,22,23
1020,7,11,12,13,16,17,18,21,22,23
1021,7,11,12,13,16,17,18,21,22,23
1022,7,11,12,13,16,17,18,21,22,23
1023,7,11,12,13,16,17,18,21,22,23
1024,7,11,12,13,16,17,18,21,22,23
1025,7,11,12,13,16,17,18,21,22,23
1026,7,11,12,13,16,17,18,21,22,23
1027,7,11,12,13,16,17,18,21,22,23
1028,7,11,12,13,16,17,18,21,22,23
1029,7,11,12,13,16,17,18,21,22,23
1030,7,11,12,13,16,17,18,21,22,23
1031,7,11,12,13,16,17,18,21,22,23
1032,7,11,12,13,16,17,18,21,22,23
1033,7,11,12,13,16,17,18,21,22,23
1034,7,11,12,13,16,17,18,21,22,23
1035,7,11,12,13,16,17,18,21,22,23
1036,7,11,12,13,16,17,18,21,22,23
1037,7,11,12,13,16,17,18,21,22,23
1038,7,11,12,13,16,17,18,21,22,23
1039,7,11,12,13,16,17,18,21,22,23
1040,7,11,12,13,16,17,18,21,22,23
1041,7,11,12,13,16,17,18,21,22,23
1042,7,11,12,13,16,17,18,21,22,23
1043,7,11,12,13,16,17,18,21,22,23
1044,7,11,12,13,16,17,18,21,22,23
1045,7,11,12,13,16,17,18,21,22,23
1046,7,11,12,13,16,17,18,21,22,23
1047,7,11,12,13,16,17,18,21,22,23
1048,7,11,12,13,16,17,18,21,22,23
1049,7,11,12,13,16,17,18,21,22,23
1050,7,11,12,13,16,17,18,21,22,23
1051,7,11,12,13,16,17,18,21,22,23
1052,7,11,12,13,16,17,18,21,22,23
1053,7,11,12,13,16,17,18,21,22,23
1054,7,11,12,13,16,17,18,21,22,23
1055,7,8,11,12,13,16,17,18,21,22,23
1056,7,8,11,12,13,16,17,18,21,22,23
1057,7,8,11,12,13,16,17,18,22,23
1058,7,8,11,12,13,16,17,18,22,23
1059,7,8,12,13,17,18,22,23
1060,7,8,12,13,17,18,22,23
1061,7,8,12,13,17,18,22,23
1062,7,8,12,13,17,18,22,23
1063,7,8,12,13,17,18,22,23
1064,7,8,12,13,17,18,22,23
1065,7,8,12,13,17,18,22,23
1066,7,8,12,13,17,18,22,23
1067,7,8,12,13,17,18,22,23
1068,7,8,12,13,17,18,22,23
1069,7,8,12,13,17,18,22,23
1070,7,8,12,13,17,18,22,23
1071,8,12,13,17,18,22,23
1072,8,12,13,17,18,22,23
1073,8,12,13,17,18,22,23
1074,8,12,13,17,18,22,23
1075,8,12,13,17,18,22,23
1076,8,12,13,17,18,22,23
1077,8,12,13,14,17,18,19,22,23
1078,8,12,13,14,17,18,19,22,23
1079,8,12,13,14,17,18,19,22,23,24
1080,8,12,13,14,17,18,19,22,23,24
1081,8,12,13,14,17,18,19,22,23,24
1082,8,12,13,14,17,18,19,22,23,24
1083,8,9,12,13,14,17,18,19,23,24
1084,8,9,12,13,14,17,18,19,23,24
1085,8,9,12,13,14,17,18,19,23,24
1086,8,9,12,13,14,17,18,19,23,24
1087,8,9,13,14,18,19,23,24
1088,8,9,13,14,18,19,23,24
1089,8,9,13,14,18,19,23,24
1090,8,9,13,14,18,19,23,24
1091,8,9,13,14,18,19,23,24
1092,8,9,13,14,18,19,23,24
1093,8,9,13,14,18,19,23,24
1094,8,9,13,14,18,19,23,24
1095,8,9,13,14,18,19,23,24
1096,8,9,13,14,18,19,23,24
1097,8,9,13,14,18,19,23,24
1098,8,9,13,14,18,19,23,24
1099,8,9,13,14,18,19,23,24
1100,8,9,13,14,18,19,23,24
1101,8,9,13,14,18,19,23,24
1102,8,9,13,14,18,19,23,24
1103,8,9,13,14,18,19,23,24
1104,8,9,13,14,18,19,23,24
1105,8,9,13,14,18,19,23,24
1106,8,9,13,14,18,19,23,24
1107,8,9,13,14,18,19,23,24
1108,8,9,13,14,18,19,23,24
1109,8,9,13,14,18,19,23,24
1110,8,9,13,14,18,19,23,24
1111,8,9,13,14,18,19,23,24
1112,8,9,13,14,18,19,23,24
1113,8,9,13,14,18,19,23,24
1114,8,9,13,14,18,19,23,24
1115,8,9,13,14,18,19,23,24
1116,8,9,13,14,18,19,23,24
1117,8,9,13,14,18,19,23,24
1118,8,9,13,14,18,19,23,24
1119,8,9,13,14,18,19,23,24
1120,8,9,13,14,18,19,23,24
1121,8,9,13,14,18,19,23,24
1122,8,9,13,14,18,19,23,24
1123,8,9,13,14,18,19,23,24
1124,8,9,13,14,18,19,23,24
1125,8,9,13,14,18,19,23,24
1126,8,9,13,14,18,19,23,24
1127,8,9,13,14,18,19,23,24
1128,8,9,13,14,18,19,23,24
1129,8,9,13,14,18,19,23,24
1130,8,9,13,14,18,19,23,24
1131,8,9,13,14,18,19,23,24
1132,8,9,13,14,18,19,23,24
1133,8,9,13,14,18,19,23,24
1134,8,9,13,14,18,19,23,24
1135,8,9,13,14,18,19,23,24
1136,8,9,13,14,18,19,23,24
1137,8,9,13,14,18,19,23,24
1138,8,9,13,14,18,19,23,24
1139,8,9,13,14,18,19,23,24
1140,8,9,13,14,18,19,23,24
1141,8,9,13,14,18,19,23,24
1142,8,9,13,14,18,19,23,24
1143,8,9,13,14,18,19,23,24
1144,8,9,13,14,18,19,23,24
1145,8,9,13,14,18,19,23,24
1146,8,9,13,14,18,19,23,24
1147,8,9,13,14,18,19,23,24
1148,8,9,13,14,18,19,23,24
1149,8,9,13,14,18,19,23,24
1150,8,9,13,14,18,19,23,24
1151,8,9,13,14,18,19,23,24
1152,8,9,13,14,18,19,23,24
1153,8,9,13,14,18,19,23,24
1154,8,9,13,14,18,19,23,24
1155,8,9,13,14,18,19,23,24
1156,8,9,13,14,18,19,23,24
1157,8,9,13,14,18,19,23,24
1158,8,9,13,14,18,19,23,24
1159,8,9,13,14,18,19,23,24
1160,8,9,13,14,18,19,23,24
1161,8,9,13,14,18,19,23,24
1162,8,9,13,14,18,19,23,24
1163,8,9,13,14,18,19,23,24
1164,8,9,13,14,18,19,23,24
1165,8,9,13,14,18,19,23,24
1166,8,9,13,14,18,19,23,24
1167,8,9,13,14,18,19,23,24
1168,8,9,13,14,18,19,23,24
1169,8,9,13,14,18,19,23,24
1170,8,9,13,14,18,19,23,24
1171,8,9,13,14,18,19,23,24
1172,8,9,13,14,18,19,23,24
1173,8,9,13,14,18,19,23,24
1174,8,9,13,14,18,19,23,24
1175,8,9,13,14,18,19,23,24
1176,8,9,13,14,18,19,23,24
1177,8,9,13,14,18,19,23,24
1178,8,9,13,14,18,19,23,24
1179,8,9,13,14,18,19,23,24
1180,8,9,13,14,18,19,23,24
1181,8,9,13,14,18,19,23,24
1182,8,9,13,14,18,19,23,24
1183,8,9,13,14,18,19,23,24
1184,8,9,13,14,18,19,23,24
1185,8,9,13,14,18,19,23,24
1186,8,9,13,14,18,19,23,24
1187,8,9,13,14,18,19,23,24
1188,8,9,13,14,18,19,23,24
1189,8,9,13,14,18,19,23,24
1190,8,9,13,14,18,19,23,24
1191,8,9,13,14,18,19,23,24
1192,8,9,13,14,18,19,23,24
1193,8,9,13,14,18,19,23,24
1194,8,9,13,14,18,19,23,24
1195,8,9,13,14,18,19,23,24
1196,8,9,13,14,18,19,23,24
1197,8,9,13,14,18,19,23,24
1198,8,9,13,14,18,19,23,24
1199,8,9,13,14,18,19,23,24
1200,8,9,13,14,18,19,23,24
1201,8,9,13,14,18,19,23,24
1202,8,9,13,14,18,19,23,24
1203,8,9,13,14,18,19,23,24
1204,8,9,13,14,18,19,23,24
1205,8,9,13,14,18,19,23,24
1206,8,9,13,14,18,19,23,24
1207,8,9,13,14,18,19,23,24
1208,8,9,13,14,18,19,23,24
1209,8,9,13,14,18,19,23,24
1210,8,9,13,14,18,19,23,24
1211,8,9,13,14,18,19,23,24
1212,8,9,13,14,18,19,23,24
1213,8,9,13,14,18,19,23,24
1214,8,9,13,14,18,19,23,24
1215,8,9,13,14,18,19,23,24
1216,8,9,13,14,18,19,23,24
1217,8,9,13,14,18,19,23,24
1218,8,9,13,14,18,19,23,24
1219,8,9,13,14,18,19,23,24
1220,8,9,13,14,18,19,23,24
1221,8,9,13,14,18,19,23,24
1222,8,9,13,14,18,19,23,24
1223,8,9,13,14,18,19,23,24
1224,8,9,13,14,18,19,23,24
1225,8,9,13,14,18,19,23,24
1226,8,9,13,14,18,19,23,24
1227,8,9,13,14,18,19,23,24
1228,8,9,13,14,18,19,23,24
1229,8,9,13,14,18,19,23,24
1230,8,9,13,14,18,19,23,24
1231,8,9,13,14,18,19,23,24
1232,8,9,13,14,18,19,23,24
1233,8,9,13,14,18,19,23,24
1234,8,9,13,14,18,19,23,24
1235,8,9,13,14,18,19,23,24
1236,8,9,13,14,18,19,23,24
1237,8,9,13,14,18,19,23,24
1238,8,9,13,14,18,19,23,24
1239,8,9,13,14,18,19,23,24
1240,8,9,13,14,18,19,23,24
1241,8,9,13,14,18,19,23,24
1242,8,9,13,14,18,19,23,24
1243,8,9,13,14,18,19,23,24
1244,8,9,13,14,18,19,23,24
1245,8,9,13,14,18,19,23,24
1246,8,9,13,14,18,19,23,24
1247,8,9,13,14,18,19,23,24
1248,8,9,13,14,18,19,23,24
1249,8,9,13,14,18,19,23,24
1250,8,9,13,14,18,19,23,24
1251,8,9,13,14,18,19,23,24
1252,8,9,13,14,18,19,23,24
1253,8,9,13,14,18,19,23,24
1254,8,9,13,14,18,19,23,24
1255,8,9,13,14,18,19,23,24
1256,8,9,13,14,18,19,23,24
1257,8,9,13,14,18,19,23,24
1258,8,9,13,14,18,19,23,24
1259,8,9,13,14,18,19,23,24
1260,8,9,13,14,18,19,23,24
1261,8,9,13,14,18,19,23,24
1262,8,9,13,14,18,19,23,24
1263,8,9,13,14,18,19,23,24
1264,8,9,13,14,18,19,23,24
1265,8,9,13,14,18,19,23,24
1266,8,9,13,14,18,19,23,24
1267,8,9,13,14,18,19,23,24
1268,8,9,13,14,18,19,23,24
1269,8,9,13,14,18,19,23,24
1270,8,9,13,14,18,19,23,24
1271,8,9,13,14,18,19,23,24
1272,8,9,13,14,18,19,23,24
1273,8,9,13,14,18,19,23,24
1274,8,9,13,14,18,19,23,24
1275,8,9,13,14,18,19,23,24
1276,8,9,13,14,18,19,23,24
1277,8,9,13,14,18,19,23,24
1278,8,9,13,14,18,19,23,24
1279,8,9,13,14,18,19,23,24
1280,8,9,13,14,18,19,23,24
1281,8,9,13,14,18,19,23,24
1282,8,9,13,14,18,19,23,24
1283,8,9,13,14,18,19,23,24
1284,8,9,13,14,18,19,23,24
1285,8,9,13,14,18,19,23,24
1286,8,9,13,14,18,19,23,24
1287,8,9,13,14,18,19,23,24
1288,8,9,13,14,18,19,23,24
1289,8,9,13,14,18,19,23,24
1290,8,9,13,14,18,19,23,24
1291,8,9,13,14,18,19,23,24
1292,8,9,13,14,18,19,23,24
1293,8,9,13,14,18,19,23,24
1294,8,9,13,14,18,19,23,24
1295,8,9,13,14,18,19,23,24
1296,8,9,13,14,18,19,23,24
1297,8,9,13,14,18,19,23,24
1298,8,9,13,14,18,19,23,24
1299,8,9,13,14,18,19,23,24
1300,8,9,13,14,18,19,23,24
1301,8,9,13,14,18,19,23,24
1302,8,9,13,14,18,19,23,24
1303,8,9,13,14,18,19,23,24
1304,8,9,13,14,18,19,23,24
1305,8,9,13,14,18,19,23,24
1306,8,9,13,14,18,19,23,24
1307,8,9,13,14,18,19,23,24
1308,8,9,13,14,18,19,23,24
1309,8,9,13,14,18,19,23,24
1310,8,9,13,14,18,19,23,24
1311,8,9,13,14,18,19,23,24
1312,8,9,13,14,18,19,23,24
1313,8,9,13,14,18,19,23,24
1314,8,9,13,14,18,19,23,24
1315,8,9,13,14,18,19,23,24
1316,8,9,13,14,18,19,23,24
1317,8,9,13,14,18,19,23,24
1318,8,9,13,14,18,19,23,24
1319,8,9,13,14,18,19,23,24
1320,8,9,13,14,18,19,23,24
1321,8,9,13,14,18,19,23,24
1322,8,9,13,14,18,19,23,24
1323,8,9,13,14,18,19,23,24
1324,8,9,13,14,18,19,23,24
1325,8,9,13,14,18,19,23,24
1326,8,9,13,14,18,19,23,24
1327,8,9,13,14,18,19,23,24
1328,8,9,13,14,18,19,23,24
1329,8,9,13,14,18,19,23,24
1330,8,9,13,14,18,19,23,24
1331,8,9,13,14,18,19,23,24
1332,8,9,13,14,18,19,23,24
1333,8,9,13,14,18,19,23,24
1334,8,9,13,14,18,19,23,24
1335,8,9,13,14,18,19,23,24
1336,8,9,13,14,18,19,23,24
1337,8,9,13,14,18,19,23,24
1338,8,9,13,14,18,19,23,24
1339,8,9,13,14,18,19,23,24
1340,8,9,13,14,18,19,23,24
1341,8,9,13,14,18,19,23,24
1342,8,9,13,14,18,19,23,24
1343,8,9,13,14,18,19,23,24
1344,8,9,13,14,18,19,23,24
1345,8,9,13,14,18,19,23,24
1346,8,9,13,14,18,19,23,24
1347,8,9,13,14,18,19,23,24
1348,8,9,13,14,18,19,23,24
1349,8,9,13,14,18,19,23,24
1350,8,9,13,14,18,19,23,24
1351,8,9,13,14,18,19,23,24
1352,8,9,13,14,18,19,23,24
1353,8,9,13,14,18,19,23,24
1354,8,9,13,14,18,19,23,24
1355,8,9,13,14,18,19,23,24
1356,8,9,13,14,18,19,23,24
1357,8,9,13,14,18,19,23,24
1358,8,9,13,14,18,19,23,24
1359,8,9,13,14,18,19,23,24
1360,8,9,13,14,18,19,23,24
1361,8,9,13,14,18,19,23,24
1362,8,9,13,14,18,19,23,24
1363,8,9,13,14,18,19,23,24
1364,8,9,13,14,18,19,23,24
1365,8,9,13,14,18,19,23,24
1366,8,9,13,14,18,19,23,24
1367,8,9,13,14,18,19,23,24
1368,8,9,13,14,18,19,23,24
1369,8,9,13,14,18,19,23,24
1370,8,9,13,14,18,19,23,24
1371,8,9,13,14,18,19,23,24
1372,8,9,13,14,18,19,23,24
1373,8,9,13,14,17,18,19,23,24
1374,8,9,13,14,17,18,19,23,24
1375,8,9,13,14,17,18,19,23,24
1376,8,9,13,14,17,18,19,23,24
1377,8,9,13,14,18,19,23,24
1378,8,9,13,14,18,19,23,24
1379,8,9,13,14,18,19,23,24
1380,8,9,13,14,18,19,23,24
1381,8,9,13,14,18,19,23,24
1382,8,9,13,14,18,19,23,24
1383,8,9,13,14,18,19,23,24
1384,8,9,13,14,18,19,23,24
1385,8,9,13,14,18,19,23,24
1386,8,9,13,14,18,19,23,24
1387,8,9,13,14,18,19,23,24
1388,8,9,13,14,18,19,23,24
1389,8,9,13,14,18,19,23,24
1390,8,9,13,14,18,19,23,24
1391,8,9,13,14,18,19,23,24
1392,8,9,13,14,18,19,23,24
1393,8,9,13,14,18,19,23,24
1394,8,9,13,14,18,19,23,24
1395,8,9,13,14,18,19,23,24
1396,8,9,13,14,18,19,23,24
1397,8,9,13,14,18,19,23,24
1398,8,9,13,14,18,19,23,24
1399,8,9,13,14,18,19,23,24
1400,8,9,13,14,18,19,23,24
1401,8,9,13,14,18,19,23,24
1402,8,9,13,14,18,19,23,24
1403,8,9,13,14,18,19,23,24
1404,8,9,13,14,18,19,23,24
1405,8,9,13,14,18,19,23,24
1406,8,9,13,14,18,19,23,24
1407,8,9,13,14,18,19,23,24
1408,8,9,13,14,18,19,23,24
1409,8,9,13,14,18,19,23,24
1410,8,9,13,14,18,19,23,24
1411,8,9,13,14,18,19,23,24
1412,8,9,13,14,18,19,23,24
1413,8,9,13,14,18,19,23,24
1414,8,9,13,14,18,19,23,24
1415,8,9,13,14,17,18,19,23,24
1416,8,9,13,14,17,18,19,23,24
1417,8,9,13,14,17,18,19,23,24
1418,8,9,13,14,17,18,19,23,24
1419,8,9,13,14,17,18,19,23,24
1420,8,9,13,14,17,18,19,23,24
1421,8,9,12,13,14,17,18,19,23,24
1422,8,9,12,13,14,17,18,19,23,24
1423,8,9,12,13,14,17,18,19,23,24
1424,8,9,12,13,14,17,18,19,23,24
1425,8,9,12,13,14,17,18,19,23,24
1426,8,9,12,13,14,17,18,19,23,24
1427,8,9,12,13,14,17,18,19,23,24
1428,8,9,12,13,14,17,18,19,23,24
1429,8,9,13,14,17,18,19,23,24
1430,8,9,13,14,17,18,19,23,24
1431,8,9,13,14,17,18,19,23,24
1432,8,9,13,14,17,18,19,23,24
1433,8,9,13,14,17,18,19,23,24
1434,8,9,13,14,17,18,19,23,24
1435,8,9,13,14,17,18,19,23,24
1436,8,9,13,14,17,18,19,23,24
1437,8,9,13,14,18,19,23,24
1438,8,9,13,14,18,19,23,24
1439,8,9,13,14,18,19,23,24
1440,8,9,13,14,18,19,23,24
1441,8,9,13,14,18,19,23,24
1442,8,9,13,14,18,19,23,24
1443,8,9,13,14,18,19,23,24
1444,8,9,13,14,18,19,23,24
1445,8,9,13,14,17,18,19,23,24
1446,8,9,13,14,17,18,19,23,24
1447,8,9,13,14,17,18,19,23,24
1448,8,9,13,14,17,18,19,23,24
1449,8,9,13,14,17,18,19,23,24
1450,8,9,13,14,17,18,19,23,24
1451,8,9,13,14,17,18,19,23,24
1452,8,9,13,14,17,18,19,23,24
1453,8,9,13,14,17,18,19,23,24
1454,8,9,13,14,17,18,19,23,24
1455,8,9,13,14,17,18,19,23,24
1456,8,9,13,14,17,18,19,23,24
1457,8,9,13,14,17,18,19,23,24
1458,8,9,13,14,17,18,19,23,24
1459,8,9,13,14,17,18,19,23,24
1460,8,9,13,14,17,18,19,23,24
1461,8,9,13,14,17,18,19,23,24
1462,8,9,13,14,17,18,19,23,24
1463,8,9,13,14,17,18,19,23,24
1464,8,9,13,14,17,18,19,23,24
1465,8,9,13,14,17,18,19,23,24
1466,8,9,13,14,17,18,19,23,24
1467,8,9,13,14,18,19,23,24
1468,8,9,13,14,18,19,23,24
1469,8,9,13,14,18,19,23,24
1470,8,9,13,14,18,19,23,24
1471,8,9,13,14,18,19,23,24
1472,8,9,13,14,18,19,23,24
1473,8,9,13,14,18,19,23,24
1474,8,9,13,14,18,19,23,24
1475,8,9,13,14,18,19,23,24
1476,8,9,13,14,18,19,23,24
1477,8,9,13,14,18,19,23,24
1478,8,9,13,14,18,19,23,24
1479,8,9,13,14,17,18,19,23,24
1480,8,9,13,14,17,18,19,23,24
1481,8,9,13,14,17,18,19,23,24
1482,8,9,13,14,17,18,19,23,24
1483,8,9,13,14,17,18,19,23,24
1484,8,9,13,14,17,18,19,23,24
1485,8,9,13,14,17,18,19,23,24
1486,8,9,13,14,17,18,19,23,24
1487,8,9,13,14,17,18,19,23,24
1488,8,9,13,14,17,18,19,23,24
1489,8,9,13,14,17,18,19,23,24
1490,8,9,13,14,17,18,19,23,24
1491,8,9,13,14,17,18,19,23,24
1492,8,9,13,14,17,18,19,23,24
1493,8,9,13,14,17,18,19,23,24
1494,8,9,13,14,17,18,19,23,24
1495,8,9,13,14,17,18,19,23,24
1496,8,9,13,14,17,18,19,23,24
1497,8,9,13,14,17,18,19,23,24
1498,8,9,13,14,17,18,19,23,24
1499,8,9,13,14,17,18,19,23,24
1500,8,9,13,14,17,18,19,23,24
1501,8,9,13,14,17,18,19,23,24
1502,8,9,13,14,17,18,19,23,24
1503,8,9,13,14,17,18,19,23,24
1504,8,9,13,14,17,18,19,23,24
1505,8,9,13,14,17,18,19,23,24
1506,8,9,13,14,17,18,19,23,24
1507,8,9,13,14,17,18,19,23,24
1508,8,9,13,14,17,18,19,23,24
1509,8,9,13,14,17,18,19,23,24
1510,8,9,13,14,17,18,19,23,24
1511,8,9,13,14,17,18,19,23,24
1512,8,9,13,14,17,18,19,23,24
1513,8,9,13,14,17,18,19,23,24
1514,8,9,13,14,17,18,19,23,24
1515,8,9,13,14,17,18,19,23,24
1516,8,9,13,14,17,18,19,23,24
1517,8,9,13,14,17,18,19,23,24
1518,8,9,13,14,17,18,19,23,24
1519,8,9,13,14,18,19,23,24
1520,8,9,13,14,18,19,23,24
1521,8,9,13,14,18,19,23,24
1522,8,9,13,14,18,19,23,24
1523,8,9,13,14,18,19,23,24
1524,8,9,13,14,18,19,23,24
1525,8,9,13,14,18,19,23,24
1526,8,9,13,14,18,19,23,24
1527,8,9,13,14,18,19,23,24
1528,8,9,13,14,18,19,23,24
1529,8,9,13,14,18,19,23,24
1530,8,9,13,14,18,19,23,24
1531,8,9,13,14,18,19,23,24
1532,8,9,13,14,18,19,23,24
1533,8,9,13,14,18,19,23,24
1534,8,9,13,14,18,19,23,24
1535,8,9,13,14,18,19,23,24
1536,8,9,13,14,18,19,23,24
1537,8,9,13,14,18,19,23,24
1538,8,9,13,14,18,19,23,24
1539,8,9,13,14,18,19,23,24
1540,8,9,13,14,18,19,23,24
1541,8,9,13,14,18,19,23,24
1542,8,9,13,14,18,19,23,24
1543,8,9,13,14,18,19,23,24
1544,8,9,13,14,18,19,23,24
1545,8,9,13,14,18,19,23,24
1546,8,9,13,14,18,19,23,24
1547,8,9,13,14,18,19,23,24
1548,8,9,13,14,18,19,23,24
1549,8,9,13,14,18,19,23,24
1550,8,9,13,14,18,19,23,24
1551,8,9,13,14,18,19,23,24
1552,8,9,13,14,18,19,23,24
1553,8,9,13,14,18,19,23,24
1554,8,9,13,14,18,19,23,24
1555,8,9,13,14,18,19,23,24
1556,8,9,13,14,18,19,23,24
1557,8,9,13,14,18,19,23,24
1558,8,9,13,14,18,19,23,24
1559,8,9,13,14,18,19,23,24
1560,8,9,13,14,18,19,23,24
1561,8,9,13,14,18,19,23,24
1562,8,9,13,14,18,19,23,24
1563,8,9,13,14,18,19,23,24
1564,8,9,13,14,18,19,23,24
1565,8,9,13,14,18,19,23,24
1566,8,9,13,14,18,19,23,24
1567,8,9,13,14,18,19,23,24
1568,8,9,13,14,18,19,23,24
1569,8,9,13,14,18,19,23,24
1570,8,9,13,14,18,19,23,24
1571,8,9,13,14,18,19,23,24
1572,8,9,13,14,18,19,23,24
1573,8,9,13,14,18,19,23,24
1574,8,9,13,14,18,19,23,24
1575,8,9,13,14,18,19,23,24
1576,8,9,13,14,18,19,23,24
1577,8,9,13,14,18,19,23,24
1578,8,9,13,14,18,19,23,24
1579,8,9,13,14,18,19,23,24
1580,8,9,13,14,18,19,23,24
1581,8,9,13,14,18,19,23,24
1582,8,9,13,14,18,19,23,24
1583,8,9,13,14,18,19,23,24
1584,8,9,13,14,18,19,23,24
1585,8,9,13,14,18,19,23,24
1586,8,9,13,14,18,19,23,24
1587,8,9,13,14,18,19,23,24
1588,8,9,13,14,18,19,23,24
1589,8,9,13,14,18,19,23,24
1590,8,9,13,14,18,19,23,24
1591,8,9,13,14,18,19,23,24
1592,8,9,13,14,18,19,23,24
1593,8,9,13,14,18,19,23,24
1594,8,9,13,14,18,19,23,24
1595,8,9,13,14,18,19,23,24
1596,8,9,13,14,18,19,23,24
1597,8,9,13,14,17,18,19,23,24
1598,8,9,13,14,17,18,19,23,24
1599,8,9,13,14,17,18,19,23,24
1600,8,9,13,14,17,18,19,23,24
1601,8,9,13,14,17,18,19,23,24
1602,8,9,13,14,17,18,19,23,24
1603,8,9,13,14,17,18,19,23,24
1604,8,9,13,14,17,18,19,23,24
1605,8,9,13,14,17,18,19,23,24
1606,8,9,13,14,17,18,19,23,24
1607,8,9,13,14,17,18,19,23,24
1608,8,9,13,14,17,18,19,23,24
1609,8,9,13,14,17,18,19,23,24
1610,8,9,13,14,17,18,19,23,24
1611,8,9,13,14,17,18,19,23,24
1612,8,9,13,14,17,18,19,23,24
1613,8,9,13,14,17,18,19,23,24
1614,8,9,13,14,17,18,19,23,24
1615,8,9,13,14,17,18,19,23,24
1616,8,9,13,14,17,18,19,23,24
1617,8,9,13,14,17,18,19,23,24
1618,8,9,13,14,17,18,19,23,24
1619,8,9,13,14,17,18,19,23,24
1620,8,9,13,14,17,18,19,23,24
1621,8,9,13,14,17,18,19,23,24
1622,8,9,13,14,17,18,19,23,24
1623,8,9,13,14,17,18,19,23,24
1624,8,9,13,14,17,18,19,23,24
1625,8,9,13,14,18,19,23,24
1626,8,9,13,14,18,19,23,24
1627,8,9,13,14,18,19,23,24
1628,8,9,13,14,18,19,23,24
1629,8,9,13,14,18,19,23,24
1630,8,9,13,14,18,19,23,24
1631,8,9,13,14,18,19,23,24
1632,8,9,13,14,18,19,23,24
1633,8,9,13,14,18,19,23,24
1634,8,9,13,14,18,19,23,24
1635,8,9,13,14,17,18,19,23,24
1636,8,9,13,14,17,18,19,23,24
1637,8,9,13,14,17,18,19,23,24
1638,8,9,13,14,17,18,19,23,24
1639,8,9,13,14,17,18,19,23,24
1640,8,9,13,14,17,18,19,23,24
1641,8,9,13,14,17,18,19,23,24
1642,8,9,13,14,17,18,19,23,24
1643,8,9,13,14,17,18,19,23,24
1644,8,9,13,14,17,18,19,23,24
1645,8,9,13,14,17,18,19,23,24
1646,8,9,13,14,17,18,19,23,24
1647,8,9,13,14,17,18,19,23,24
1648,8,9,13,14,17,18,19,23,24
1649,8,9,13,14,17,18,19,23,24
1650,8,9,13,14,17,18,19,23,24
1651,8,9,13,14,17,18,19,23,24
1652,8,9,13,14,17,18,19,23,24
1653,8,9,13,14,17,18,19,23,24
1654,8,9,13,14,17,18,19,23,24
1655,8,9,12,13,14,17,18,19,23,24
1656,8,9,12,13,14,17,18,19,23,24
1657,8,9,12,13,14,17,18,19,23,24
1658,8,9,12,13,14,17,18,19,23,24
1659,8,9,12,13,14,17,18,19,23,24
1660,8,9,12,13,14,17,18,19,23,24
1661,8,9,12,13,14,17,18,19,23,24
1662,8,9,12,13,14,17,18,19,23,24
1663,8,9,12,13,14,17,18,19,23,24
1664,8,9,12,13,14,17,18,19,23,24
1665,8,9,12,13,14,17,18,19,23,24
1666,8,9,12,13,14,17,18,19,23,24
1667,8,9,12,13,14,17,18,19,23,24
1668,8,9,12,13,14,17,18,19,23,24
1669,8,9,12,13,14,17,18,19,23,24
1670,8,9,12,13,14,17,18,19,23,24
1671,8,9,12,13,14,17,18,19,23,24
1672,8,9,12,13,14,17,18,19,23,24
1673,8,9,12,13,14,17,18,19,23,24
1674,8,9,12,13,14,17,18,19,23,24
1675,8,9,12,13,14,17,18,19,23,24
1676,8,9,12,13,14,17,18,19,23,24
1677,8,9,12,13,14,17,18,19,23,24
1678,8,9,12,13,14,17,18,19,23,24
1679,8,9,12,13,14,17,18,19,23,24
1680,8,9,12,13,14,17,18,19,23,24
1681,8,9,12,13,14,17,18,19,23,24
1682,8,9,12,13,14,17,18,19,23,24
1683,8,9,12,13,14,17,18,19,23,24
1684,8,9,12,13,14,17,18,19,23,24
1685,8,9,12,13,14,17,18,19,23,24
1686,8,9,12,13,14,17,18,19,23,24
1687,8,9,12,13,14,17,18,19,23,24
1688,8,9,12,13,14,17,18,19,23,24
1689,8,9,12,13,14,17,18,19,23,24
1690,8,9,12,13,14,17,18,19,23,24
1691,8,9,12,13,14,17,18,19,23,24
1692,8,9,12,13,14,17,18,19,23,24
1693,8,9,12,13,14,17,18,19,23,24
1694,8,9,12,13,14,17,18,19,23,24
1695,8,9,12,13,14,17,18,19,23,24
1696,8,9,12,13,14,17,18,19,23,24
1697,8,9,12,13,14,17,18,19,23,24
1698,8,9,12,13,14,17,18,19,23,24
1699,8,9,12,13,14,17,18,19,23,24
1700,8,9,12,13,14,17,18,19,23,24
1701,8,9,12,13,14,17,18,19,23,24
1702,8,9,12,13,14,17,18,19,23,24
1703,8,9,12,13,14,17,18,19,23,24
1704,8,9,12,13,14,17,18,19,23,24
1705,8,9,12,13,14,17,18,19,23,24
1706,8,9,12,13,14,17,18,19,23,24
1707,8,9,12,13,14,17,18,19,23,24
1708,8,9,12,13,14,17,18,19,23,24
1709,8,9,12,13,14,17,18,19,23,24
1710,8,9,12,13,14,17,18,19,23,24
1711,8,9,12,13,14,17,18,19,23,24
1712,8,9,12,13,14,17,18,19,23,24
1713,8,9,12,13,14,17,18,19,23,24
1714,8,9,12,13,14,17,18,19,23,24
1715,8,9,12,13,14,17,18,19,23,24
1716,8,9,12,13,14,17,18,19,23,24
1717,8,9,12,13,14,17,18,19,23,24
1718,8,9,12,13,14,17,18,19,23,24
1719,8,9,12,13,14,17,18,19,23,24
1720,8,9,12,13,14,17,18,19,23,24
1721,8,9,12,13,14,17,18,19,23,24
1722,8,9,12,13,14,17,18,19,23,24
1723,8,9,12,13,14,17,18,19,23,24
1724,8,9,12,13,14,17,18,19,23,24
1725,8,9,12,13,14,17,18,19,23,24
1726,8,9,12,13,14,17,18,19,23,24
1727,8,9,12,13,14,17,18,19,23,24
1728,8,9,12,13,14,17,18,19,23,24
1729,8,9,12,13,14,17,18,19,23,24
1730,8,9,12,13,14,17,18,19,23,24
1731,8,9,12,13,14,17,18,19,23,24
1732,8,9,12,13,14,17,18,19,23,24
1733,8,9,12,13,14,17,18,19,23,24
1734,8,9,12,13,14,17,18,19,23,24
1735,8,9,12,13,14,17,18,19,23,24
1736,8,9,12,13,14,17,18,19,23,24
1737,8,9,12,13,14,17,18,19,23,24
1738,8,9,12,13,14,17,18,19,23,24
1739,8,9,12,13,14,17,18,19,22,23,24
1740,8,9,12,13,14,17,18,19,22,23,24
1741,8,9,12,13,14,17,18,19,22,23,24
1742,8,9,12,13,14,17,18,19,22,23,24
1743,8,12,13,14,17,18,19,22,23,24
1744,8,12,13,14,17,18,19,22,23,24
1745,8,12,13,14,17,18,19,22,23,24
1746,8,12,13,14,17,18,19,22,23,24
1747,8,12,13,14,17,18,19,22,23,24
1748,8,12,13,14,17,18,19,22,23,24
1749,8,12,13,14,17,18,19,22,23,24
1750,8,12,13,14,17,18,19,22,23,24
1751,8,12,13,14,17,18,19,22,23
1752,8,12,13,14,17,18,19,22,23
1753,8,12,13,17,18,22,23
1754,8,12,13,17,18,22,23
1755,8,12,13,17,18,22,23
1756,8,12,13,17,18,22,23
1757,7,8,12,13,17,18,22,23
1758,7,8,12,13,17,18,22,23
1759,7,8,12,13,17,18,22,23
1760,7,8,12,13,17,18,22,23
1761,7,8,12,13,17,18,22,23
1762,7,8,12,13,17,18,22,23
1763,7,8,12,13,17,18,22,23
1764,7,8,12,13,17,18,22,23
1765,7,8,12,13,17,18,22,23
1766,7,8,12,13,17,18,22,23
1767,7,8,12,13,17,18,22,23
1768,7,8,12,13,17,18,22,23
1769,7,8,12,13,17,18,22,23
1770,7,8,12,13,17,18,22,23
1771,7,8,12,13,17,18,22,23
1772,7,8,12,13,17,18,22,23
1773,7,8,12,13,17,18,22,23
1774,7,8,12,13,17,18,22,23
1775,7,8,12,13,17,18,22,23
1776,7,8,12,13,17,18,22,23
1777,7,8,12,13,17,18,22,23
1778,7,8,12,13,17,18,22,23
1779,7,8,12,13,17,18,22,23
1780,7,8,12,13,17,18,22,23
1781,7,8,12,13,17,18,22,23
1782,7,8,12,13,17,18,22,23
1783,7,8,12,13,17,18,22,23
1784,7,8,12,13,17,18,22,23
1785,7,8,12,13,17,18,22,23
1786,7,8,12,13,17,18,22,23
1787,7,8,12,13,17,18,22,23
1788,7,8,12,13,17,18,22,23
1789,7,8,12,13,17,18,22,23
1790,7,8,12,13,17,18,22,23
1791,7,8,12,13,17,18,22,23
1792,7,8,12,13,17,18,22,23
1793,7,8,12,13,17,18,22,23
1794,7,8,12,13,17,18,22,23
1795,7,8,12,13,17,18,22,23
1796,7,8,12,13,17,18,22,23
1797,7,8,12,13,17,18,22,23
1798,7,8,12,13,17,18,22,23
1799,7,8,12,13,17,18,22,23
1800,7,8,12,13,17,18,22,23
