1,3,7,8,12,13,17,18
2,3,7,8,12,13,17,18
3,3,7,8,12,13,17,18
4,3,7,8,12,13,17,18
5,3,7,8,12,13,17,18
6,3,7,8,12,13,17,18
7,7,8,12,13,17,18
8,7,8,12,13,17,18
9,7,8,12,13,17,18
10,7,8,12,13,17,18
11,7,8,12,13,17,18
12,7,8,12,13,17,18
13,7,8,12,13,17,18,23
14,7,8,12,13,17,18,23
15,7,8,12,13,17,18,23
16,7,8,12,13,17,18,23
17,7,8,12,13,17,18,23
18,7,8,12,13,17,18,23
19,7,8,12,13,17,18,22,23
20,7,8,12,13,17,18,22,23
21,7,8,12,13,17,18,22,23
22,7,8,12,13,17,18,22,23
23,7,8,12,13,17,18,22,23
24,7,8,12,13,17,18,22,23
25,7,8,12,13,17,18,22,23
26,7,8,12,13,17,18,22,23
27,7,8,12,13,17,18,22,23
28,7,8,12,13,17,18,22,23
29,7,8,12,13,17,18,22,23
30,7,8,12,13,17,18,22,23
31,7,8,12,13,17,18,22,23
32,7,8,12,13,17,18,22,23
33,7,8,12,13,17,18,22,23
34,7,8,12,13,17,18,22,23
35,7,8,12,13,17,18,22,23
36,7,8,12,13,17,18,22,23
37,7,8,12,13,17,18,22,23
38,7,8,12,13,17,18,22,23
39,7,8,12,13,17,18,22,23
40,7,8,12,13,17,18,22,23
41,7,8,12,13,17,18,22,23
42,7,8,12,13,17,18,22,23
43,7,8,12,13,17,18,22,23
44,7,8,12,13,17,18,22,23
45,7,8,12,13,17,18,22,23
46,7,8,12,13,17,18,22,23
47,7,8,12,13,17,18,22,23
48,7,8,12,13,17,18,22,23
49,7,8,12,13,17,18,22,23
50,7,8,12,13,17,18,22,23
51,7,8,12,13,17,18,22,23
52,7,8,12,13,17,18,22,23
53,7,8,12,13,17,18,22,23
54,7,8,12,13,17,18,22,23
55,7,8,12,13,17,18,22,23
56,7,8,12,13,17,18,22,23
57,7,8,12,13,17,18,22
58,7,8,12,13,17,18,22
59,7,8,12,13,17,18,22
60,7,8,12,13,17,18,22
61,7,8,12,13,17,18,22
62,7,8,12,13,17,18,22
63,7,8,12,13,17,18,22
64,7,8,12,13,17,18,22
65,7,8,12,13,17,18,22
66,7,8,12,13,17,18,22
67,7,8,12,13,17,18,22
68,7,8,12,13,17,18,22
69,7,8,12,13,17,18,22
70,7,8,12,13,17,18,22
71,7,8,12,13,17,18,22
72,7,8,12,13,17,18,22
73,7,8,12,13,17,18,22
74,7,8,12,13,17,18,22
75,7,8,12,13,17,18,22
76,7,8,12,13,17,18,22
77,7,8,12,13,17,18,22
78,7,8,12,13,17,18,22
79,7,8,12,13,17,18,22
80,7,8,12,13,17,18,22
81,7,8,12,13,17,18,22
82,7,8,12,13,17,18,22
83,7,8,12,13,17,18,22
84,7,8,12,13,17,18,22
85,7,8,12,13,17,18,22
86,7,8,12,13,17,18,22
87,7,8,12,13,17,18,22
88,7,8,12,13,17,18,22
89,7,8,12,13,17,18,22
90,7,8,12,13,17,18,22
91,7,8,12,13,17,18,22
92,7,8,12,13,17,18,22
93,7,8,12,13,17,18,22
94,7,8,12,13,17,18,22
95,7,8,12,13,17,18,22
96,7,8,12,13,17,18,22
97,7,8,12,13,17,18,22
98,7,8,12,13,17,18,22
99,7,8,12,13,17,18,22
100,7,8,12,13,17,18,22
101,7,8,12,13,17,18,22
102,7,8,12,13,17,18,22
103,7,8,12,13,17,18,22
104,7,8,12,13,17,18,22
105,7,8,12,13,17,18,22
106,7,8,12,13,17,18,22
107,7,8,12,13,17,18,22
108,7,8,12,13,17,18,22
109,7,8,12,13,17,18,22
110,7,8,12,13,17,18,22
111,7,8,12,13,17,18,22
112,7,8,12,13,17,18,22
113,7,8,12,13,17,18,22
114,7,8,12,13,17,18,22
115,7,8,12,13,17,18,22
116,7,8,12,13,17,18,22
117,7,8,12,13,17,18,22
118,7,8,12,13,17,18,22
119,7,8,12,13,17,18,22
120,7,8,12,13,17,18,22
121,7,8,12,13,17,18,22
122,7,8,12,13,17,18,22
123,7,8,12,13,17,18,22
124,7,8,12,13,17,18,22
125,7,8,12,13,17,18,22
126,7,8,12,13,17,18,22
127,7,8,12,13,17,18,22
128,7,8,12,13,17,18,22
129,7,8,12,13,17,18,22
130,7,8,12,13,17,18,22
131,7,8,12,13,17,18,22
132,7,8,12,13,17,18,22
133,7,8,12,13,17,18,22
134,7,8,12,13,17,18,22
135,7,8,12,13,17,18,22
136,7,8,12,13,17,18,22
137,7,8,12,13,17,18,22
138,7,8,12,13,17,18,22
139,7,8,12,13,17,18,22
140,7,8,12,13,17,18,22
141,7,8,12,13,17,18,22
142,7,8,12,13,17,18,22
143,7,8,12,13,17,18,22
144,7,8,12,13,17,18,22
145,7,8,12,13,17,18,22
146,7,8,12,13,17,18,22
147,7,8,12,13,17,18,22
148,7,8,12,13,17,18,22
149,7,8,12,13,17,18,22
150,7,8,12,13,17,18,22
151,7,8,12,13,17,18,22
152,7,8,12,13,17,18,22
153,7,8,12,13,17,18,22
154,7,8,12,13,17,18,22
155,7,8,12,13,17,18,22
156,7,8,12,13,17,18,22
157,7,8,12,13,17,18,22,23
158,7,8,12,13,17,18,22,23
159,7,8,12,13,17,18,22,23
160,7,8,12,13,17,18,22,23
161,7,8,12,13,17,18,22,23
162,7,8,12,13,17,18,22,23
163,7,8,12,13,17,18,22,23
164,7,8,12,13,17,18,22,23
165,7,8,12,13,17,18,22,23
166,7,8,12,13,17,18,22,23
167,7,8,12,13,17,18,22,23
168,7,8,12,13,17,18,22,23
169,7,8,12,13,17,18,22,23
170,7,8,12,13,17,18,22,23
171,7,8,12,13,17,18,22,23
172,7,8,12,13,17,18,22,23
173,7,8,12,13,17,18,22,23
174,7,8,12,13,17,18,22,23
175,7,8,12,13,17,18,22,23
176,7,8,12,13,17,18,22,23
177,7,8,12,13,17,18,22,23
178,7,8,12,13,17,18,22,23
179,7,8,12,13,17,18,22,23
180,7,8,12,13,17,18,22,23
181,7,8,12,13,17,18,22,23
182,7,8,12,13,17,18,22,23
183,7,8,12,13,17,18,22,23
184,7,8,12,13,17,18,22,23
185,7,8,12,13,17,18,22,23
186,7,8,12,13,17,18,22,23
187,7,8,12,13,17,18,22,23
188,7,8,12,13,17,18,22,23
189,7,8,12,13,17,18,22,23
190,7,8,12,13,17,18,22,23
191,7,8,12,13,17,18,22,23
192,7,8,12,13,17,18,22,23
193,7,8,12,13,17,18,22,23
194,7,8,12,13,17,18,22,23
195,7,8,12,13,17,18,22,23
196,7,8,12,13,17,18,22,23
197,7,8,12,13,17,18,22,23
198,7,8,12,13,17,18,22,23
199,7,8,12,13,17,18,22,23
200,7,8,12,13,17,18,22,23
201,7,8,12,13,17,18,22,23
202,7,8,12,13,17,18,22,23
203,7,8,12,13,17,18,22,23
204,7,8,12,13,17,18,22,23
205,7,8,12,13,17,18,22,23
206,7,8,12,13,17,18,22,23
207,7,8,12,13,17,18,22,23
208,7,8,12,13,17,18,22,23
209,7,8,12,13,17,18,22,23
210,7,8,12,13,17,18,22,23
211,7,8,12,13,17,18,22,23
212,7,8,12,13,17,18,22,23
213,7,8,12,13,17,18,22,23
214,7,8,12,13,17,18,22,23
215,7,8,12,13,17,18,22,23
216,7,8,12,13,17,18,22,23
217,7,8,12,13,17,18,22,23
218,7,8,12,13,17,18,22,23
219,7,8,12,13,17,18,22,23
220,7,8,12,13,17,18,22,23
221,7,8,12,13,17,18,22,23
222,7,8,12,13,17,18,22,23
223,7,8,12,13,17,18,22,23
224,7,8,12,13,17,18,22,23
225,7,8,12,13,17,18,22,23
226,7,8,12,13,17,18,22,23
227,7,8,12,13,17,18,22,23
228,7,8,12,13,17,18,22,23
229,7,8,12,13,17,18,22,23
230,7,8,12,13,17,18,22,23
231,7,8,12,13,17,18,22,23
232,7,8,12,13,17,18,22,23
233,7,8,12,13,17,18,22,23
234,7,8,12,13,17,18,22,23
235,7,8,12,13,17,18,22,23
236,7,8,12,13,17,18,22,23
237,7,8,12,13,17,18,22,23
238,7,8,12,13,17,18,22,23
239,7,8,12,13,17,18,22,23
240,7,8,12,13,17,18,22,23
241,7,8,12,13,17,18,22,23
242,7,8,12,13,17,18,22,23
243,7,8,12,13,17,18,22,23
244,7,8,12,13,17,18,22,23
245,7,8,12,13,17,18,22,23
246,7,8,12,13,17,18,22,23
247,7,8,12,13,17,18,22,23
248,7,8,12,13,17,18,22,23
249,7,8,12,13,17,18,22,23
250,7,8,12,13,17,18,22,23
251,7,8,12,13,17,18,22,23
252,7,8,12,13,17,18,22,23
253,7,8,12,13,17,18,22,23
254,7,8,12,13,17,18,22,23
255,7,8,12,13,17,18,22,23
256,7,8,12,13,17,18,22,23
257,7,8,12,13,17,18,22,23
258,7,8,12,13,17,18,22,23
259,7,8,12,13,17,18,22,23
260,7,8,12,13,17,18,22,23
261,7,8,12,13,17,18,22,23
262,7,8,12,13,17,18,22,23
263,7,8,12,13,17,18,22,23
264,7,8,12,13,17,18,22,23
265,7,8,12,13,17,18,22,23
266,7,8,12,13,17,18,22,23
267,7,8,12,13,17,18,22,23
268,7,8,12,13,17,18,22,23
269,7,8,12,13,17,18,22,23
270,7,8,12,13,17,18,22,23
271,7,8,12,13,17,18,22,23
272,7,8,12,13,17,18,22,23
273,7,8,12,13,17,18,22,23
274,7,8,12,13,17,18,22,23
275,7,8,12,13,17,18,22,23
276,7,8,12,13,17,18,22,23
277,7,8,12,13,17,18,22,23
278,7,8,12,13,17,18,22,23
279,7,8,12,13,17,18,22,23
280,7,8,12,13,17,18,22,23
281,7,8,12,13,17,18,22,23
282,7,8,12,13,17,18,22,23
283,7,8,12,13,17,18,22,23
284,7,8,12,13,17,18,22,23
285,7,8,12,13,17,18,22,23
286,7,8,12,13,17,18,22,23
287,7,8,12,13,17,18,22,23
288,7,8,12,13,17,18,22,23
289,7,8,12,13,16,17,18,22,23
290,7,8,12,13,16,17,18,22,23
291,7,8,12,13,16,17,18,22,23
292,7,8,12,13,16,17,18,22,23
293,7,8,11,12,13,16,17,18,22,23
294,7,8,11,12,13,16,17,18,22,23
295,7,8,11,12,13,16,17,18,22,23
296,7,8,11,12,13,16,17,18,22,23
297,7,8,11,12,13,16,17,18,22,23
298,7,8,11,12,13,16,17,18,22,23
299,7,8,11,12,13,16,17,18,22,23
300,7,8,11,12,13,16,17,18,22,23
301,7,8,11,12,13,16,17,18,21,22,23
302,7,8,11,12,13,16,17,18,21,22,23
303,7,8,11,12,13,16,17,18,21,22,23
304,7,8,11,12,13,16,17,18,21,22,23
305,7,11,12,13,16,17,18,21,22,23
306,7,11,12,13,16,17,18,21,22,23
307,6,7,11,12,13,16,17,18,21,22,23
308,6,7,11,12,13,16,17,18,21,22,23
309,6,7,11,12,13,16,17,18,21,22
310,6,7,11,12,13,16,17,18,21,22
311,6,7,11,12,13,16,17,18,21,22
312,6,7,11,12,13,16,17,18,21,22
313,6,7,11,12,13,16,17,18,21,22
314,6,7,11,12,13,16,17,18,21,22
315,6,7,11,12,13,16,17,18,21,22
316,6,7,11,12,13,16,17,18,21,22
317,6,7,11,12,16,17,21,22
318,6,7,11,12,16,17,21,22
319,6,7,11,12,16,17,21,22
320,6,7,11,12,16,17,21,22
321,6,7,11,12,16,17,21,22
322,6,7,11,12,16,17,21,22
323,6,7,11,12,16,17,21,22
324,6,7,11,12,16,17,21,22
325,6,7,11,12,16,17,21,22
326,6,7,11,12,16,17,21,22
327,6,7,11,12,16,17,21,22
328,6,7,11,12,16,17,21,22
329,6,7,11,12,16,17,21,22
330,6,7,11,12,16,17,21,22
331,6,7,11,12,16,17,21,22
332,6,7,11,12,16,17,21,22
333,6,7,11,12,16,17,21,22
334,6,7,11,12,16,17,21,22
335,6,7,11,12,16,17,21,22
336,6,7,11,12,16,17,21,22
337,6,7,11,12,16,17,21,22
338,6,7,11,12,16,17,21,22
339,6,7,11,12,16,17,21,22
340,6,7,11,12,16,17,21,22
341,6,7,11,12,16,17,21,22
342,6,7,11,12,16,17,21,22
343,6,7,11,12,16,17,21,22
344,6,7,11,12,16,17,21,22
345,6,7,11,12,16,17,21,22
346,6,7,11,12,16,17,21,22
347,6,7,11,12,16,17,21,22
348,6,7,11,12,16,17,21,22
349,6,7,11,12,16,17,21,22
350,6,7,11,12,16,17,21,22
351,6,7,11,12,16,17,21,22
352,6,7,11,12,16,17,21,22
353,6,7,11,12,16,17,21,22
354,6,7,11,12,16,17,21,22
355,6,7,11,12,16,17,21,22
356,6,7,11,12,16,17,21,22
357,6,7,11,12,16,17,21,22
358,6,7,11,12,16,17,21,22
359,6,7,11,12,16,17,21,22
360,6,7,11,12,16,17,21,22
361,6,7,11,12,16,17,21,22
362,6,7,11,12,16,17,21,22
363,6,7,11,12,16,17,21,22
364,6,7,11,12,16,17,21,22
365,6,7,11,12,16,17,21,22
366,6,7,11,12,16,17,21,22
367,6,7,11,12,13,16,17,18,22
368,6,7,11,12,13,16,17,18,22
369,6,7,11,12,13,16,17,18,22
370,6,7,11,12,13,16,17,18,22
371,6,7,8,11,12,13,16,17,18,22
372,6,7,8,11,12,13,16,17,18,22
373,7,8,11,12,13,16,17,18,22
374,7,8,11,12,13,16,17,18,22
375,7,8,11,12,13,16,17,18,22,23
376,7,8,11,12,13,16,17,18,22,23
377,7,8,12,13,17,18,22,23
378,7,8,12,13,17,18,22,23
379,7,8,12,13,17,18,22,23
380,7,8,12,13,17,18,22,23
381,7,8,12,13,17,18,22,23
382,7,8,12,13,17,18,22,23
383,7,8,12,13,17,18,22,23
384,7,8,12,13,17,18,22,23
385,7,8,12,13,17,18,22,23
386,7,8,12,13,17,18,22,23
387,7,8,12,13,17,18,22,23
388,7,8,12,13,17,18,22,23
389,7,8,12,13,14,17,18,19,22,23
390,7,8,12,13,14,17,18,19,22,23
391,8,12,13,14,17,18,19,22,23
392,8,12,13,14,17,18,19,22,23
393,8,12,13,14,17,18,19,22,23,24
394,8,12,13,14,17,18,19,22,23,24
395,8,12,13,14,17,18,19,22,23,24
396,8,12,13,14,17,18,19,22,23,24
397,8,12,13,14,17,18,19,22,23,24
398,8,12,13,14,17,18,19,22,23,24
399,8,12,13,14,17,18,19,22,23,24
400,8,12,13,14,17,18,19,22,23,24
401,8,12,13,14,17,18,19,22,23,24
402,8,12,13,14,17,18,19,22,23,24
403,8,12,13,14,17,18,19,22,23,24
404,8,12,13,14,17,18,19,22,23,24
405,8,12,13,14,17,18,19,22,23,24
406,8,12,13,14,17,18,19,22,23,24
407,8,12,13,14,17,18,19,22,23,24
408,8,12,13,14,17,18,19,22,23,24
409,8,12,13,14,17,18,19,22,23,24
410,8,12,13,14,17,18,19,22,23,24
411,8,12,13,14,17,18,19,22,23,24
412,8,12,13,14,17,18,19,22,23,24
413,8,12,13,14,17,18,19,22,23,24
414,8,12,13,14,17,18,19,22,23,24
415,8,12,13,14,17,18,19,22,23,24
416,8,12,13,14,17,18,19,22,23,24
417,8,12,13,14,17,18,19,22,23,24
418,8,12,13,14,17,18,19,22,23,24
419,8,12,13,14,17,18,19,22,23,24
420,8,12,13,14,17,18,19,22,23,24
421,8,12,13,14,17,18,19,22,23,24
422,8,12,13,14,17,18,19,22,23,24
423,8,12,13,14,17,18,19,22,23,24
424,8,12,13,14,17,18,19,22,23,24
425,8,12,13,14,17,18,19,22,23,24
426,8,12,13,14,17,18,19,22,23,24
427,8,12,13,14,17,18,19,22,23,24
428,8,12,13,14,17,18,19,22,23,24
429,8,12,13,14,17,18,19,22,23,24
430,8,12,13,14,17,18,19,22,23,24
431,8,12,13,14,17,18,19,22,23,24
432,8,12,13,14,17,18,19,22,23,24
433,8,12,13,14,17,18,19,22,23,24
434,8,12,13,14,17,18,19,22,23,24
435,8,12,13,14,17,18,19,22,23,24
436,8,12,13,14,17,18,19,22,23,24
437,8,12,13,14,17,18,19,22,23,24
438,8,12,13,14,17,18,19,22,23,24
439,8,9,12,13,14,17,18,19,22,23,24
440,8,9,12,13,14,17,18,19,22,23,24
441,8,9,12,13,14,17,18,19,22,23,24
442,8,9,12,13,14,17,18,19,22,23,24
443,8,9,12,13,14,17,18,19,23,24
444,8,9,12,13,14,17,18,19,23,24
445,8,9,12,13,14,17,18,19,23,24
446,8,9,12,13,14,17,18,19,23,24
447,8,9,13,14,17,18,19,23,24
448,8,9,13,14,17,18,19,23,24
449,8,9,13,14,17,18,19,23,24
450,8,9,13,14,17,18,19,23,24
451,8,9,13,14,17,18,19,23,24
452,8,9,13,14,17,18,19,23,24
453,8,9,13,14,18,19,23,24
454,8,9,13,14,18,19,23,24
455,8,9,13,14,18,19,23,24
456,8,9,13,14,18,19,23,24
457,8,9,13,14,18,19,23,24
458,8,9,13,14,18,19,23,24
459,8,9,13,14,18,19,23,24
460,8,9,13,14,18,19,23,24
461,8,9,13,14,18,19,23,24
462,8,9,13,14,18,19,23,24
463,8,9,13,14,18,19,23,24
464,8,9,13,14,18,19,23,24
465,8,9,13,14,18,19,23,24
466,8,9,13,14,18,19,23,24
467,8,9,13,14,18,19,23,24
468,8,9,13,14,18,19,23,24
469,8,9,13,14,18,19,23,24
470,8,9,13,14,18,19,23,24
471,8,9,13,14,18,19,23,24
472,8,9,13,14,18,19,23,24
473,8,9,13,14,18,19,23,24
474,8,9,13,14,18,19,23,24
475,8,9,13,14,18,19,23,24
476,8,9,13,14,18,19,23,24
477,8,9,13,14,18,19,23,24
478,8,9,13,14,18,19,23,24
479,8,9,13,14,18,19,23,24
480,8,9,13,14,18,19,23,24
481,8,9,13,14,18,19,23,24
482,8,9,13,14,18,19,23,24
483,8,9,13,14,18,19,23,24
484,8,9,13,14,18,19,23,24
485,8,9,13,14,18,19,23,24
486,8,9,13,14,18,19,23,24
487,8,9,13,14,18,19,23,24
488,8,9,13,14,18,19,23,24
489,8,9,13,14,18,19,23,24
490,8,9,13,14,18,19,23,24
491,8,9,13,14,18,19,23,24
492,8,9,13,14,18,19,23,24
493,8,9,13,14,18,19,23,24
494,8,9,13,14,18,19,23,24
495,8,9,13,14,18,19,23,24
496,8,9,13,14,18,19,23,24
497,8,9,13,14,18,19,23,24
498,8,9,13,14,18,19,23,24
499,8,9,13,14,18,19,23,24
500,8,9,13,14,18,19,23,24
501,8,9,13,14,18,19,23,24
502,8,9,13,14,18,19,23,24
503,8,9,13,14,18,19,23,24
504,8,9,13,14,18,19,23,24
505,8,9,13,14,18,19,23,24
506,8,9,13,14,18,19,23,24
507,8,9,13,14,18,19,23,24
508,8,9,13,14,18,19,23,24
509,8,9,13,14,18,19,23,24
510,8,9,13,14,18,19,23,24
511,8,9,13,14,18,19,23,24
512,8,9,13,14,18,19,23,24
513,8,9,13,14,18,19,23,24
514,8,9,13,14,18,19,23,24
515,8,9,13,14,18,19,23,24
516,8,9,13,14,18,19,23,24
517,8,9,13,14,18,19,23,24
518,8,9,13,14,18,19,23,24
519,8,9,13,14,18,19,23,24
520,8,9,13,14,18,19,23,24
521,8,9,13,14,18,19,23,24
522,8,9,13,14,18,19,23,24
523,8,9,13,14,18,19,23,24
524,8,9,13,14,18,19,23,24
525,8,9,13,14,18,19,23,24
526,8,9,13,14,18,19,23,24
527,8,9,13,14,18,19,23,24
528,8,9,13,14,18,19,23,24
529,8,9,13,14,18,19,23,24
530,8,9,13,14,18,19,23,24
531,8,9,13,14,18,19,23,24
532,8,9,13,14,18,19,23,24
533,8,9,13,14,18,19,23,24
534,8,9,13,14,18,19,23,24
535,8,9,13,14,18,19,23,24
536,8,9,13,14,18,19,23,24
537,8,9,13,14,18,19,23,24
538,8,9,13,14,18,19,23,24
539,8,9,13,14,18,19,23,24
540,8,9,13,14,18,19,23,24
541,8,9,13,14,18,19,23,24
542,8,9,13,14,18,19,23,24
543,8,9,13,14,18,19,23,24
544,8,9,13,14,18,19,23,24
545,8,9,13,14,18,19,23,24
546,8,9,13,14,18,19,23,24
547,8,9,13,14,18,19,23,24
548,8,9,13,14,18,19,23,24
549,8,9,13,14,18,19,23,24
550,8,9,13,14,18,19,23,24
551,8,9,13,14,18,19,23,24
552,8,9,13,14,18,19,23,24
553,8,9,13,14,18,19,23,24
554,8,9,13,14,18,19,23,24
555,8,9,13,14,18,19,23,24
556,8,9,13,14,18,19,23,24
557,8,9,13,14,18,19,23,24
558,8,9,13,14,18,19,23,24
559,8,9,13,14,18,19,23,24
560,8,9,13,14,18,19,23,24
561,8,9,13,14,18,19,23,24
562,8,9,13,14,18,19,23,24
563,8,9,13,14,18,19,23,24
564,8,9,13,14,18,19,23,24
565,8,9,13,14,18,19,23,24
566,8,9,13,14,18,19,23,24
567,8,9,13,14,18,19,23,24
568,8,9,13,14,18,19,23,24
569,8,9,13,14,18,19,23,24
570,8,9,13,14,18,19,23,24
571,8,9,13,14,18,19,23,24
572,8,9,13,14,18,19,23,24
573,8,9,13,14,18,19,23,24
574,8,9,13,14,18,19,23,24
575,8,9,13,14,18,19,23,24
576,8,9,13,14,18,19,23,24
577,8,9,13,14,18,19,23,24
578,8,9,13,14,18,19,23,24
579,8,9,13,14,18,19,23,24
580,8,9,13,14,18,19,23,24
581,8,9,13,14,18,19,23,24
582,8,9,13,14,18,19,23,24
583,8,9,13,14,18,19,23,24
584,8,9,13,14,18,19,23,24
585,8,9,13,14,18,19,23,24
586,8,9,13,14,18,19,23,24
587,8,9,13,14,18,19,23,24
588,8,9,13,14,18,19,23,24
589,8,9,13,14,18,19,23,24
590,8,9,13,14,18,19,23,24
591,8,9,13,14,18,19,23,24
592,8,9,13,14,18,19,23,24
593,8,9,13,14,18,19,23,24
594,8,9,13,14,18,19,23,24
595,8,9,13,14,18,19,23,24
596,8,9,13,14,18,19,23,24
597,8,9,13,14,18,19,23,24
598,8,9,13,14,18,19,23,24
599,8,9,13,14,18,19,23,24
600,8,9,13,14,18,19,23,24
601,8,9,13,14,18,19,23,24
602,8,9,13,14,18,19,23,24
603,8,9,13,14,18,19,23,24
604,8,9,13,14,18,19,23,24
605,8,9,13,14,18,19,23,24
606,8,9,13,14,18,19,23,24
607,8,9,13,14,18,19,23,24
608,8,9,13,14,18,19,23,24
609,8,9,13,14,18,19,23,24
610,8,9,13,14,18,19,23,24
611,8,9,13,14,18,19,23,24
612,8,9,13,14,18,19,23,24
613,8,9,13,14,18,19,23,24
614,8,9,13,14,18,19,23,24
615,8,9,13,14,18,19,23,24
616,8,9,13,14,18,19,23,24
617,8,9,13,14,18,19,23,24
618,8,9,13,14,18,19,23,24
619,8,9,13,14,18,19,23,24
620,8,9,13,14,18,19,23,24
621,8,9,13,14,18,19,23,24
622,8,9,13,14,18,19,23,24
623,8,9,13,14,18,19,23,24
624,8,9,13,14,18,19,23,24
625,8,9,13,14,18,19,23,24
626,8,9,13,14,18,19,23,24
627,8,9,13,14,18,19,23,24
628,8,9,13,14,18,19,23,24
629,8,9,13,14,18,19,23,24
630,8,9,13,14,18,19,23,24
631,8,9,13,14,18,19,23,24
632,8,9,13,14,18,19,23,24
633,8,9,13,14,18,19,23,24
634,8,9,13,14,18,19,23,24
635,8,9,13,14,18,19,23,24
636,8,9,13,14,18,19,23,24
637,8,9,13,14,18,19,23,24
638,8,9,13,14,18,19,23,24
639,8,9,13,14,18,19,23,24
640,8,9,13,14,18,19,23,24
641,8,9,13,14,18,19,23,24
642,8,9,13,14,18,19,23,24
643,8,9,13,14,18,19,23,24
644,8,9,13,14,18,19,23,24
645,8,9,13,14,18,19,23,24
646,8,9,13,14,18,19,23,24
647,8,9,13,14,18,19,23,24
648,8,9,13,14,18,19,23,24
649,8,9,13,14,18,19,23,24
650,8,9,13,14,18,19,23,24
651,8,9,13,14,18,19,23,24
652,8,9,13,14,18,19,23,24
653,8,9,13,14,18,19,23,24
654,8,9,13,14,18,19,23,24
655,8,9,13,14,18,19,23,24
656,8,9,13,14,18,19,23,24
657,8,9,13,14,18,19,23,24
658,8,9,13,14,18,19,23,24
659,8,9,13,14,18,19,23,24
660,8,9,13,14,18,19,23,24
661,9,13,14,18,19,23,24
662,9,13,14,18,19,23,24
663,9,13,14,18,19,23,24
664,9,13,14,18,19,23,24
665,9,13,14,18,19,23,24
666,9,13,14,18,19,23,24
667,9,13,14,18,19,23,24
668,9,13,14,18,19,23,24
669,9,13,14,18,19,23,24
670,9,13,14,18,19,23,24
671,9,13,14,18,19,23,24
672,9,13,14,18,19,23,24
673,9,13,14,18,19,23,24
674,9,13,14,18,19,23,24
675,8,9,13,14,18,19,23,24
676,8,9,13,14,18,19,23,24
677,8,9,13,14,18,19,23,24
678,8,9,13,14,18,19,23,24
679,8,9,13,14,18,19,23,24
680,8,9,13,14,18,19,23,24
681,8,9,13,14,18,19,23,24
682,8,9,13,14,18,19,23,24
683,8,9,13,14,18,19,23,24
684,8,9,13,14,18,19,23,24
685,8,9,13,14,18,19,23,24
686,8,9,13,14,18,19,23,24
687,8,9,13,14,18,19,23,24
688,8,9,13,14,18,19,23,24
689,8,9,13,14,18,19,23,24
690,8,9,13,14,18,19,23,24
691,8,9,13,14,18,19,23,24
692,8,9,13,14,18,19,23,24
693,8,9,13,14,18,19,23,24
694,8,9,13,14,18,19,23,24
695,8,9,13,14,18,19,23,24
696,8,9,13,14,18,19,23,24
697,8,9,13,14,18,19,23,24
698,8,9,13,14,18,19,23,24
699,8,9,13,14,18,19,23,24
700,8,9,13,14,18,19,23,24
701,8,9,13,14,18,19,23,24
702,8,9,13,14,18,19,23,24
703,8,9,13,14,18,19,23,24
704,8,9,13,14,18,19,23,24
705,8,9,13,14,18,19,23,24
706,8,9,13,14,18,19,23,24
707,8,9,13,14,18,19,23,24
708,8,9,13,14,18,19,23,24
709,8,9,13,14,18,19,23,24
710,8,9,13,14,18,19,23,24
711,8,9,13,14,18,19,23,24
712,8,9,13,14,18,19,23,24
713,8,9,13,14,18,19,23,24
714,8,9,13,14,18,19,23,24
715,8,9,13,14,18,19,23,24
716,8,9,13,14,18,19,23,24
717,8,9,13,14,18,19,23,24
718,8,9,13,14,18,19,23,24
719,8,9,13,14,18,19,23,24
720,8,9,13,14,18,19,23,24
721,8,9,13,14,18,19,23,24
722,8,9,13,14,18,19,23,24
723,8,9,13,14,18,19,23,24
724,8,9,13,14,18,19,23,24
725,8,9,13,14,18,19,23,24
726,8,9,13,14,18,19,23,24
727,8,9,13,14,18,19,23,24
728,8,9,13,14,18,19,23,24
729,8,9,13,14,18,19,23,24
730,8,9,13,14,18,19,23,24
731,8,9,13,14,18,19,23,24
732,8,9,13,14,18,19,23,24
733,8,9,13,14,18,19,23,24
734,8,9,13,14,18,19,23,24
735,8,9,13,14,18,19,23,24
736,8,9,13,14,18,19,23,24
737,8,9,13,14,18,19,23,24
738,8,9,13,14,18,19,23,24
739,8,9,13,14,18,19,23,24
740,8,9,13,14,18,19,23,24
741,8,9,13,14,18,19,23,24
742,8,9,13,14,18,19,23,24
743,8,9,13,14,18,19,23,24
744,8,9,13,14,18,19,23,24
745,8,9,13,14,18,19,23,24
746,8,9,13,14,18,19,23,24
747,8,9,13,14,18,19,23,24
748,8,9,13,14,18,19,23,24
749,8,9,13,14,18,19,23,24
750,8,9,13,14,18,19,23,24
751,8,9,13,14,18,19,23,24
752,8,9,13,14,18,19,23,24
753,8,9,13,14,18,19,23,24
754,8,9,13,14,18,19,23,24
755,8,9,13,14,18,19,23,24
756,8,9,13,14,18,19,23,24
757,8,9,13,14,18,19,23,24
758,8,9,13,14,18,19,23,24
759,8,9,13,14,18,19,23,24
760,8,9,13,14,18,19,23,24
761,8,9,13,14,18,19,23,24
762,8,9,13,14,18,19,23,24
763,8,9,13,14,18,19,23,24
764,8,9,13,14,18,19,23,24
765,8,9,13,14,18,19,23,24
766,8,9,13,14,18,19,23,24
767,8,9,13,14,18,19,23,24
768,8,9,13,14,18,19,23,24
769,8,9,13,14,18,19,23,24
770,8,9,13,14,18,19,23,24
771,8,9,13,14,18,19,23,24
772,8,9,13,14,18,19,23,24
773,8,9,13,14,18,19,23,24
774,8,9,13,14,18,19,23,24
775,8,9,13,14,18,19,23,24
776,8,9,13,14,18,19,23,24
777,8,9,13,14,18,19,23,24
778,8,9,13,14,18,19,23,24
779,8,9,13,14,18,19,23,24
780,8,9,13,14,18,19,23,24
781,8,9,13,14,18,19,23,24
782,8,9,13,14,18,19,23,24
783,8,9,13,14,18,19,23,24
784,8,9,13,14,18,19,23,24
785,8,9,13,14,18,19,23,24
786,8,9,13,14,18,19,23,24
787,8,9,13,14,18,19,23,24
788,8,9,13,14,18,19,23,24
789,8,9,13,14,18,19,23,24
790,8,9,13,14,18,19,23,24
791,8,9,13,14,18,19,23,24
792,8,9,13,14,18,19,23,24
793,8,9,13,14,18,19,23,24
794,8,9,13,14,18,19,23,24
795,8,9,13,14,18,19,23,24
796,8,9,13,14,18,19,23,24
797,8,9,13,14,18,19,23,24
798,8,9,13,14,18,19,23,24
799,8,9,13,14,18,19,23,24
800,8,9,13,14,18,19,23,24
801,8,9,13,14,18,19,23,24
802,8,9,13,14,18,19,23,24
803,8,9,13,14,18,19,23,24
804,8,9,13,14,18,19,23,24
805,9,13,14,18,19,23,24
806,9,13,14,18,19,23,24
807,9,13,14,18,19,23,24
808,9,13,14,18,19,23,24
809,9,13,14,18,19,23,24
810,9,13,14,18,19,23,24
811,9,13,14,18,19,23,24
812,9,13,14,18,19,23,24
813,9,13,14,18,19,23,24
814,9,13,14,18,19,23,24
815,9,13,14,18,19,23,24
816,9,13,14,18,19,23,24
817,9,13,14,18,19,23,24
818,9,13,14,18,19,23,24
819,9,13,14,18,19,23,24
820,9,13,14,18,19,23,24
821,9,13,14,18,19,23,24
822,9,13,14,18,19,23,24
823,9,13,14,18,19,23,24
824,9,13,14,18,19,23,24
825,8,9,13,14,18,19,23,24
826,8,9,13,14,18,19,23,24
827,9,13,14,18,19,23,24
828,9,13,14,18,19,23,24
829,9,13,14,18,19,23,24
830,9,13,14,18,19,23,24
831,9,13,14,18,19,23,24
832,9,13,14,18,19,23,24
833,9,13,14,18,19,23,24
834,9,13,14,18,19,23,24
835,9,13,14,18,19,23,24
836,9,13,14,18,19,23,24
837,9,13,14,18,19,23,24
838,9,13,14,18,19,23,24
839,9,13,14,18,19,23,24
840,9,13,14,18,19,23,24
841,9,13,14,18,19,23,24
842,9,13,14,18,19,23,24
843,9,13,14,18,19,23,24
844,9,13,14,18,19,23,24
845,13,14,18,19,22,23,24,25
846,13,14,18,19,22,23,24,25
847,13,14,18,19,22,23,24,25
848,13,14,18,19,22,23,24,25
849,13,14,18,19,21,22,23,24,25
850,13,14,18,19,21,22,23,24,25
851,13,14,18,19,21,22,23,24,25
852,13,14,18,19,21,22,23,24,25
853,13,14,18,19,22,23,24,25
854,13,14,18,19,22,23,24,25
855,13,14,18,19,22,23,24,25
856,13,14,18,19,22,23,24,25
857,13,14,18,19,22,23,24,25
858,13,14,18,19,22,23,24,25
859,13,14,18,19,23,24
860,13,14,18,19,23,24
861,13,14,18,19,23,24
862,13,14,18,19,23,24
863,9,13,14,18,19,23,24
864,9,13,14,18,19,23,24
865,9,13,14,18,19,23,24
866,9,13,14,18,19,23,24
867,9,13,14,18,19,23,24
868,9,13,14,18,19,23,24
869,9,13,14,18,19,23,24
870,9,13,14,18,19,23,24
871,9,13,14,18,19,23,24
872,9,13,14,18,19,23,24
873,9,13,14,18,19,23,24
874,9,13,14,18,19,23,24
875,8,9,13,14,18,19,23,24
876,8,9,13,14,18,19,23,24
877,8,9,13,14,18,19,23,24
878,8,9,13,14,18,19,23,24
879,8,9,13,14,18,19,23,24
880,8,9,13,14,18,19,23,24
881,8,9,13,14,18,19,23,24
882,8,9,13,14,18,19,23,24
883,8,9,13,14,18,19,23,24
884,8,9,13,14,18,19,23,24
885,8,9,13,14,18,19,23,24
886,8,9,13,14,18,19,23,24
887,8,9,13,14,18,19,23,24
888,8,9,13,14,18,19,23,24
889,8,9,13,14,18,19,23,24
890,8,9,13,14,18,19,23,24
891,8,9,13,14,18,19,23,24
892,8,9,13,14,18,19,23,24
893,8,9,13,14,18,19,23,24
894,8,9,13,14,18,19,23,24
895,8,9,13,14,18,19,23,24
896,8,9,13,14,18,19,23,24
897,8,9,13,14,18,19,23,24
898,8,9,13,14,18,19,23,24
899,8,9,13,14,18,19,23,24
900,8,9,13,14,18,19,23,24
901,8,9,13,14,18,19,23,24
902,8,9,13,14,18,19,23,24
903,8,9,13,14,18,19,23,24
904,8,9,13,14,18,19,23,24
905,8,9,12,13,14,17,18,19,23,24
906,8,9,12,13,14,17,18,19,23,24
907,8,9,12,13,14,17,18,19,23,24
908,8,9,12,13,14,17,18,19,23,24
909,8,9,12,13,14,17,18,19,22,23,24
910,8,9,12,13,14,17,18,19,22,23,24
911,8,9,12,13,14,17,18,19,22,23,24
912,8,9,12,13,14,17,18,19,22,23,24
913,8,12,13,14,17,18,19,22,23,24
914,8,12,13,14,17,18,19,22,23,24
915,8,12,13,14,17,18,19,22,23,24
916,8,12,13,14,17,18,19,22,23,24
917,8,12,13,14,17,18,19,22,23,24
918,8,12,13,14,17,18,19,22,23,24
919,8,12,13,14,17,18,19,22,23,24
920,8,12,13,14,17,18,19,22,23,24
921,8,12,13,14,17,18,19,22,23,24
922,8,12,13,14,17,18,19,22,23,24
923,8,12,13,14,17,18,19,22,23,24
924,8,12,13,14,17,18,19,22,23,24
925,8,12,13,14,17,18,19,22,23,24
926,8,12,13,14,17,18,19,22,23,24
927,8,12,13,14,17,18,19,22,23,24
928,8,12,13,14,17,18,19,22,23,24
929,8,12,13,14,17,18,19,22,23,24
930,8,12,13,14,17,18,19,22,23,24
931,8,12,13,14,17,18,19,22,23,24
932,8,12,13,14,17,18,19,22,23,24
933,8,12,13,14,17,18,19,22,23
934,8,12,13,14,17,18,19,22,23
935,8,12,13,17,18,22,23
936,8,12,13,17,18,22,23
937,8,12,13,17,18,22,23
938,8,12,13,17,18,22,23
939,7,8,12,13,17,18,22,23
940,7,8,12,13,17,18,22,23
941,7,8,12,13,17,18,22,23
942,7,8,12,13,17,18,22,23
943,7,8,12,13,17,18,22,23
944,7,8,12,13,17,18,22,23
945,7,8,12,13,17,18,22,23
946,7,8,12,13,17,18,22,23
947,7,8,11,12,13,16,17,18,22,23
948,7,8,11,12,13,16,17,18,22,23
949,7,8,11,12,13,16,17,18,21,22,23
950,7,8,11,12,13,16,17,18,21,22,23
951,7,11,12,13,16,17,18,21,22,23
952,7,11,12,13,16,17,18,21,22,23
953,7,11,12,13,16,17,18,21,22,23
954,7,11,12,13,16,17,18,21,22,23
955,7,11,12,13,16,17,18,21,22
956,7,11,12,13,16,17,18,21,22
957,7,11,12,16,17,21,22
958,7,11,12,16,17,21,22
959,6,7,11,12,16,17,21,22
960,6,7,11,12,16,17,21,22
961,6,7,11,12,16,17,21,22
962,6,7,11,12,16,17,21,22
963,6,7,11,12,16,17,21,22
964,6,7,11,12,16,17,21,22
965,6,7,11,12,16,17,21,22
966,6,7,11,12,16,17,21,22
967,6,7,11,12,16,17,21,22
968,6,7,11,12,16,17,21,22
969,6,7,11,12,16,17,21,22
970,6,7,11,12,16,17,21,22
971,6,7,11,12,15,16,17,20,21,22
972,6,7,11,12,15,16,17,20,21,22
973,6,7,11,12,15,16,17,20,21,22
974,6,7,11,12,15,16,17,20,21,22
975,6,7,11,12,15,16,17,20,21,22
976,6,7,11,12,15,16,17,20,21,22
977,6,7,11,12,15,16,17,20,21,22,25
978,6,7,11,12,15,16,17,20,21,22,25
979,6,7,11,12,15,16,17,20,21,22,25
980,6,7,11,12,15,16,17,20,21,22,25
981,1,6,7,10,11,12,15,16,20
982,1,6,7,10,11,12,15,16,20
983,1,6,10,11,12,15,16,20
984,1,6,10,11,12,15,16,20
985,1,6,10,11,15,16,20
986,1,6,10,11,15,16,20
987,6,10,11,15,16,20
988,6,10,11,15,16,20
989,6,10,11,15,16,20,21
990,6,10,11,15,16,20,21
991,6,10,11,15,16,20,21
992,6,10,11,15,16,20,21
993,6,10,11,15,16,20,21,25
994,6,10,11,15,16,20,21,25
995,6,10,11,15,16,20,21,25
996,6,10,11,15,16,20,21,25
997,6,10,11,15,16,20,21,25
998,6,10,11,15,16,20,21,25
999,6,10,11,15,16,20,21,25
1000,6,10,11,15,16,20,21,25
1001,6,10,11,15,16,20,21,25
1002,6,10,11,15,16,20,21,25
1003,6,10,11,15,16,20,21,25
1004,6,10,11,15,16,20,21,25
1005,6,10,11,15,16,20,21,25
1006,6,10,11,15,16,20,21,25
1007,6,10,11,15,16,20,21,25
1008,6,10,11,15,16,20,21,25
1009,6,10,11,15,16,20,21,25
1010,6,10,11,15,16,20,21,25
1011,6,10,11,15,16,20,21,25
1012,6,10,11,15,16,20,21,25
1013,6,10,11,15,16,20,21,25
1014,6,10,11,15,16,20,21,25
1015,6,10,11,15,16,20,21,25
1016,6,10,11,15,16,20,21,25
1017,6,10,11,15,16,20,21,25
1018,6,10,11,15,16,20,21,25
1019,6,10,11,15,16,20,21,25
1020,6,10,11,15,16,20,21,25
1021,6,10,11,15,16,20,21,25
1022,6,10,11,15,16,20,21,25
1023,6,10,11,15,16,20,21,25
1024,6,10,11,15,16,20,21,25
1025,6,10,11,15,16,20,21,25
1026,6,10,11,15,16,20,21,25
1027,6,10,11,15,16,20,21,25
1028,6,10,11,15,16,20,21,25
1029,6,10,11,15,16,20,21,25
1030,6,10,11,15,16,20,21,25
1031,6,10,11,15,16,20,21,25
1032,6,10,11,15,16,20,21,25
1033,6,10,11,15,16,20,21,25
1034,6,10,11,15,16,20,21,25
1035,6,10,11,15,16,20,21,25
1036,6,10,11,15,16,20,21,25
1037,6,10,11,15,16,20,21,25
1038,6,10,11,15,16,20,21,25
1039,6,10,11,15,16,20,21,25
1040,6,10,11,15,16,20,21,25
1041,6,10,11,15,16,20,21,25
1042,6,10,11,15,16,20,21,25
1043,6,10,11,15,16,20,21,25
1044,6,10,11,15,16,20,21,25
1045,6,10,11,15,16,20,21,25
1046,6,10,11,15,16,20,21,25
1047,6,10,11,15,16,20,25
1048,6,10,11,15,16,20,25
1049,6,10,11,15,16,20,25
1050,6,10,11,15,16,20,25
1051,6,10,11,15,16,20,25
1052,6,10,11,15,16,20,25
1053,6,10,11,15,16,20
1054,6,10,11,15,16,20
1055,6,10,11,15,16,20
1056,6,10,11,15,16,20
1057,5,6,10,11,15,16,20
1058,5,6,10,11,15,16,20
1059,5,6,10,11,15,16,20
1060,5,6,10,11,15,16,20
1061,5,6,10,11,14,15,16,20
1062,5,6,10,11,14,15,16,20
1063,6,10,11,14,15,16,20
1064,6,10,11,14,15,16,20
1065,6,9,10,11,14,15,16,19,20
1066,6,9,10,11,14,15,16,19,20
1067,6,9,10,11,14,15,16,19,20
1068,6,9,10,11,14,15,16,19,20
1069,6,9,10,11,14,15,16,19,20
1070,6,9,10,11,14,15,16,19,20
1071,6,9,10,11,14,15,16,19,20
1072,6,9,10,11,14,15,16,19,20
1073,6,9,10,11,14,15,16,19,20
1074,6,9,10,11,14,15,16,19,20
1075,6,9,10,11,14,15,16,19,20
1076,6,9,10,11,14,15,16,19,20
1077,6,9,10,11,14,15,16,19,20
1078,6,9,10,11,14,15,16,19,20
1079,6,9,10,11,14,15,16,19,20
1080,6,9,10,11,14,15,16,19,20
1081,6,9,10,11,14,15,16,19,20
1082,6,9,10,11,14,15,16,19,20
1083,6,9,10,11,14,15,16,19,20,25
1084,6,9,10,11,14,15,16,19,20,25
1085,9,10,11,14,15,16,19,20,25
1086,9,10,11,14,15,16,19,20,25
1087,9,10,11,14,15,16,19,20,25
1088,9,10,11,14,15,16,19,20,25
1089,9,10,11,14,15,16,19,20,25
1090,9,10,11,14,15,16,19,20,25
1091,9,10,11,14,15,19,20,25
1092,9,10,11,14,15,19,20,25
1093,9,10,11,14,15,19,20,25
1094,9,10,11,14,15,19,20,25
1095,9,10,11,14,15,19,20,25
1096,9,10,11,14,15,19,20,25
1097,9,10,11,14,15,19,20,25
1098,9,10,11,14,15,19,20,25
1099,9,10,11,14,15,19,20,25
1100,9,10,11,14,15,19,20,25
1101,9,10,11,14,15,16,19,20,25
1102,9,10,11,14,15,16,19,20,25
1103,9,10,11,14,15,16,19,20,25
1104,9,10,11,14,15,16,19,20,25
1105,9,10,11,14,15,16,19,20,25
1106,9,10,11,14,15,16,19,20,25
1107,9,10,11,14,15,16,19,20,25
1108,9,10,11,14,15,16,19,20,25
1109,9,10,11,14,15,16,19,20,25
1110,9,10,11,14,15,16,19,20,25
1111,9,10,11,14,15,16,19,20,25
1112,9,10,11,14,15,16,19,20,25
1113,9,10,11,14,15,16,19,20,25
1114,9,10,11,14,15,16,19,20,25
1115,6,9,10,11,14,15,16,19,20,25
1116,6,9,10,11,14,15,16,19,20,25
1117,6,9,10,11,14,15,16,19,20,25
1118,6,9,10,11,14,15,16,19,20,25
1119,6,9,10,11,14,15,16,19,20,25
1120,6,9,10,11,14,15,16,19,20,25
1121,6,9,10,11,14,15,16,19,20
1122,6,9,10,11,14,15,16,19,20
1123,6,9,10,11,14,15,16,19,20
1124,6,9,10,11,14,15,16,19,20
1125,6,9,10,11,14,15,16,19,20
1126,6,9,10,11,14,15,16,19,20
1127,6,9,10,11,14,15,16,19,20
1128,6,9,10,11,14,15,16,19,20
1129,6,9,10,11,14,15,16,19,20
1130,6,9,10,11,14,15,16,19,20
1131,5,6,9,10,11,14,15,16,19,20
1132,5,6,9,10,11,14,15,16,19,20
1133,5,6,9,10,11,14,15,16,19,20
1134,5,6,9,10,11,14,15,16,19,20
1135,5,6,9,10,11,14,15,16,19,20
1136,5,6,9,10,11,14,15,16,19,20
1137,5,6,9,10,11,14,15,16,19,20
1138,5,6,9,10,11,14,15,16,19,20
1139,5,6,9,10,11,14,15,16,19,20
1140,5,6,9,10,11,14,15,16,19,20
1141,5,6,9,10,11,14,15,16,20
1142,5,6,9,10,11,14,15,16,20
1143,5,6,10,11,14,15,16,20
1144,5,6,10,11,14,15,16,20
1145,5,6,10,11,14,15,16,20
1146,5,6,10,11,14,15,16,20
1147,5,6,10,11,15,16,20
1148,5,6,10,11,15,16,20
1149,5,6,10,11,15,16,20
1150,5,6,10,11,15,16,20
1151,5,6,10,11,15,16,20
1152,5,6,10,11,15,16,20
1153,5,6,10,11,15,16,20
1154,5,6,10,11,15,16,20
1155,6,10,11,15,16,20
1156,6,10,11,15,16,20
1157,6,10,11,15,16,20
1158,6,10,11,15,16,20
1159,6,10,11,15,16,20
1160,6,10,11,15,16,20
1161,6,10,11,15,16,20
1162,6,10,11,15,16,20
1163,5,6,10,11,15,16,20
1164,5,6,10,11,15,16,20
1165,5,6,10,11,15,16,20
1166,5,6,10,11,15,16,20
1167,5,6,10,11,15,16,20
1168,5,6,10,11,15,16,20
1169,5,6,10,11,15,16,20
1170,5,6,10,11,15,16,20
1171,5,6,10,11,15,16,20
1172,5,6,10,11,15,16,20
1173,6,10,11,15,16,20
1174,6,10,11,15,16,20
1175,6,10,11,15,16,20
1176,6,10,11,15,16,20
1177,6,10,11,15,16,20
1178,6,10,11,15,16,20
1179,6,10,11,15,16,20
1180,6,10,11,15,16,20
1181,6,10,11,15,16,20
1182,6,10,11,15,16,20
1183,5,6,10,11,15,16,20
1184,5,6,10,11,15,16,20
1185,5,6,10,11,15,16,20
1186,5,6,10,11,15,16,20
1187,5,6,10,11,15,16,20
1188,5,6,10,11,15,16,20
1189,5,6,10,11,15,16,20
1190,5,6,10,11,15,16,20
1191,5,6,10,11,15,16,20
1192,5,6,10,11,15,16,20
1193,5,6,10,11,15,16,20
1194,5,6,10,11,15,16,20
1195,5,6,10,11,15,16,20
1196,5,6,10,11,15,16,20
1197,6,10,11,15,16,20
1198,6,10,11,15,16,20
1199,6,10,11,15,16,20
1200,6,10,11,15,16,20
1201,6,10,11,15,16,20
1202,6,10,11,15,16,20
1203,6,10,11,15,16,20
1204,6,10,11,15,16,20
1205,6,10,11,15,16,20,21,25
1206,6,10,11,15,16,20,21,25
1207,6,10,11,15,16,20,21,25
1208,6,10,11,15,16,20,21,25
1209,6,10,11,15,16,20,21,25
1210,6,10,11,15,16,20,21,25
1211,6,10,11,15,16,20,21,25
1212,6,10,11,15,16,20,21,25
1213,6,10,11,15,16,20,21,25
1214,6,10,11,15,16,20,21,25
1215,6,10,11,15,16,20,21,25
1216,6,10,11,15,16,20,21,25
1217,6,10,11,15,16,20,21,25
1218,6,10,11,15,16,20,21,25
1219,6,10,11,15,16,20,21,25
1220,6,10,11,15,16,20,21,25
1221,6,10,11,15,16,20,21,25
1222,6,10,11,15,16,20,21,25
1223,6,10,11,15,16,20,21,25
1224,6,10,11,15,16,20,21,25
1225,6,10,11,15,16,20,21,25
1226,6,10,11,15,16,20,21,25
1227,6,10,11,15,16,20,21,25
1228,6,10,11,15,16,20,21,25
1229,6,10,11,15,16,20,21,25
1230,6,10,11,15,16,20,21,25
1231,6,10,11,15,16,20,21,25
1232,6,10,11,15,16,20,21,25
1233,6,10,11,15,16,20,21,25
1234,6,10,11,15,16,20,21,25
1235,6,10,11,15,16,20,21,25
1236,6,10,11,15,16,20,21,25
1237,6,10,11,15,16,20,21,25
1238,6,10,11,15,16,20,21,25
1239,6,10,11,15,16,20,21,25
1240,6,10,11,15,16,20,21,25
1241,6,10,11,15,16,20,21,25
1242,6,10,11,15,16,20,21,25
1243,6,10,11,15,16,20,21,25
1244,6,10,11,15,16,20,21,25
1245,6,10,11,15,16,20,21,25
1246,6,10,11,15,16,20,21,25
1247,6,10,11,15,16,20,21,25
1248,6,10,11,15,16,20,21,25
1249,6,10,11,15,16,20,21,25
1250,6,10,11,15,16,20,21,25
1251,6,10,11,15,16,20,21,25
1252,6,10,11,15,16,20,21,25
1253,6,10,11,15,16,20,21,25
1254,6,10,11,15,16,20,21,25
1255,6,10,11,15,16,20,21,25
1256,6,10,11,15,16,20,21,25
1257,6,10,11,15,16,20,21,25
1258,6,10,11,15,16,20,21,25
1259,6,10,11,15,16,20,21,25
1260,6,10,11,15,16,20,21,25
1261,6,10,11,15,16,20,21,25
1262,6,10,11,15,16,20,21,25
1263,6,10,11,15,16,20,21,25
1264,6,10,11,15,16,20,21,25
1265,6,10,11,15,16,20,21,25
1266,6,10,11,15,16,20,21,25
1267,6,10,11,15,16,20,21,25
1268,6,10,11,15,16,20,21,25
1269,6,10,11,15,16,20,21,25
1270,6,10,11,15,16,20,21,25
1271,6,10,11,15,16,20,21,25
1272,6,10,11,15,16,20,21,25
1273,6,10,11,15,16,20,21,25
1274,6,10,11,15,16,20,21,25
1275,6,10,11,15,16,20,21,25
1276,6,10,11,15,16,20,21,25
1277,6,10,11,15,16,20,21,25
1278,6,10,11,15,16,20,21,25
1279,6,10,11,15,16,20,21,25
1280,6,10,11,15,16,20,21,25
1281,6,10,11,15,16,20,21,25
1282,6,10,11,15,16,20,21,25
1283,6,10,11,15,16,20,21,25
1284,6,10,11,15,16,20,21,25
1285,6,10,11,15,16,20,21,25
1286,6,10,11,15,16,20,21,25
1287,6,10,11,15,16,20,21,25
1288,6,10,11,15,16,20,21,25
1289,6,10,11,15,16,20,21,25
1290,6,10,11,15,16,20,21,25
1291,6,10,11,15,16,20,21,25
1292,6,10,11,15,16,20,21,25
1293,6,10,11,15,16,20,21,25
1294,6,10,11,15,16,20,21,25
1295,6,10,11,15,16,20,21,25
1296,6,10,11,15,16,20,21,25
1297,6,10,11,15,16,20,21,25
1298,6,10,11,15,16,20,21,25
1299,6,10,11,15,16,20,21,25
1300,6,10,11,15,16,20,21,25
1301,6,10,11,15,16,20,21,25
1302,6,10,11,15,16,20,21,25
1303,6,10,11,15,16,20,21,25
1304,6,10,11,15,16,20,21,25
1305,6,10,11,15,16,20,21,25
1306,6,10,11,15,16,20,21,25
1307,6,10,11,15,16,20,21,25
1308,6,10,11,15,16,20,21,25
1309,6,10,11,15,16,20,21,25
1310,6,10,11,15,16,20,21,25
1311,6,10,11,15,16,20,21,25
1312,6,10,11,15,16,20,21,25
1313,6,10,11,15,16,20,21,25
1314,6,10,11,15,16,20,21,25
1315,6,10,11,15,16,20,21,25
1316,6,10,11,15,16,20,21,25
1317,6,10,11,15,16,20,21,25
1318,6,10,11,15,16,20,21,25
1319,6,10,11,15,16,20,21,25
1320,6,10,11,15,16,20,21,25
1321,6,10,11,15,16,20,21,25
1322,6,10,11,15,16,20,21,25
1323,6,10,11,15,16,20,21,25
1324,6,10,11,15,16,20,21,25
1325,6,10,11,15,16,20,21,25
1326,6,10,11,15,16,20,21,25
1327,6,10,11,15,16,20,21,25
1328,6,10,11,15,16,20,21,25
1329,6,10,11,15,16,20,21,25
1330,6,10,11,15,16,20,21,25
1331,6,10,11,12,15,16,20,21
1332,6,10,11,12,15,16,20,21
1333,6,10,11,12,15,16,17,20,21
1334,6,10,11,12,15,16,17,20,21
1335,6,10,11,12,15,16,17,20,21
1336,6,10,11,12,15,16,17,20,21
1337,6,10,11,12,15,16,17,20,21
1338,6,10,11,12,15,16,17,20,21
1339,6,7,10,11,12,15,16,17,20,21
1340,6,7,10,11,12,15,16,17,20,21
1341,6,7,10,11,12,15,16,17,20,21
1342,6,7,10,11,12,15,16,17,20,21
1343,1,6,7,10,11,12,15,16,17,20
1344,1,6,7,10,11,12,15,16,17,20
1345,1,6,7,10,11,12,15,16,17,20
1346,1,6,7,10,11,12,15,16,17,20
1347,1,6,7,10,11,12,15,16,17,20
1348,1,6,7,10,11,12,15,16,17,20
1349,1,6,7,10,11,12,15,16,17,20
1350,1,6,7,10,11,12,15,16,17,20
1351,1,6,7,10,11,12,15,16,17,20
1352,1,6,7,10,11,12,15,16,17,20
1353,6,7,10,11,12,15,16,17,20
1354,6,7,10,11,12,15,16,17,20
1355,6,7,10,11,12,15,16,17,20
1356,6,7,10,11,12,15,16,17,20
1357,1,6,7,10,11,12,15,16,17,20
1358,1,6,7,10,11,12,15,16,17,20
1359,6,7,10,11,12,15,16,17,20,21
1360,6,7,10,11,12,15,16,17,20,21
1361,6,10,11,12,15,16,17,20
1362,6,10,11,12,15,16,17,20
1363,6,10,11,12,15,16,20
1364,6,10,11,12,15,16,20
1365,6,10,11,15,16,20
1366,6,10,11,15,16,20
1367,6,10,11,15,16,20
1368,6,10,11,15,16,20
1369,6,10,11,15,16,20
1370,6,10,11,15,16,20
1371,6,10,11,15,16,20
1372,6,10,11,15,16,20
1373,6,10,11,15,16,20
1374,6,10,11,15,16,20
1375,6,10,11,15,16,20
1376,6,10,11,15,16,20
1377,6,10,11,15,16,20
1378,6,10,11,15,16,20
1379,6,10,11,15,16,20
1380,6,10,11,15,16,20
1381,6,10,11,15,16,20
1382,6,10,11,15,16,20
1383,6,10,11,15,16,20
1384,6,10,11,15,16,20
1385,6,10,11,15,16,20
1386,6,10,11,15,16,20
1387,6,10,11,15,16,20
1388,6,10,11,15,16,20
1389,6,10,11,15,16,20
1390,6,10,11,15,16,20
1391,6,10,11,15,16,20,25
1392,6,10,11,15,16,20,25
1393,6,10,11,15,16,20,25
1394,6,10,11,15,16,20,25
1395,6,10,11,15,16,20,25
1396,6,10,11,15,16,20,25
1397,6,10,11,15,16,20,25
1398,6,10,11,15,16,20,25
1399,6,10,11,15,16,20,25
1400,6,10,11,15,16,20,25
1401,6,10,11,15,16,20,25
1402,6,10,11,15,16,20,25
1403,6,10,11,15,16,20,25
1404,6,10,11,15,16,20,25
1405,6,10,11,14,15,16,20,25
1406,6,10,11,14,15,16,20,25
1407,6,10,11,14,15,16,20,25
1408,6,10,11,14,15,16,20,25
1409,6,10,11,14,15,16,19,20,25
1410,6,10,11,14,15,16,19,20,25
1411,6,10,11,14,15,16,19,20,25
1412,6,10,11,14,15,16,19,20,25
1413,6,10,11,14,15,16,19,20,25
1414,6,10,11,14,15,16,19,20,25
1415,6,9,10,11,14,15,16,19,20,25
1416,6,9,10,11,14,15,16,19,20,25
1417,6,10,11,14,15,16,19,20,25
1418,6,10,11,14,15,16,19,20,25
1419,6,10,11,14,15,16,19,20,21,25
1420,6,10,11,14,15,16,19,20,21,25
1421,6,10,11,14,15,16,20,21,25
1422,6,10,11,14,15,16,20,21,25
1423,6,10,11,15,16,20,21,25
1424,6,10,11,15,16,20,21,25
1425,6,10,11,15,16,20,21,25
1426,6,10,11,15,16,20,21,25
1427,6,10,11,15,16,20,21,25
1428,6,10,11,15,16,20,21,25
1429,6,10,11,15,16,20,21,25
1430,6,10,11,15,16,20,21,25
1431,6,10,11,15,16,20,21,25
1432,6,10,11,15,16,20,21,25
1433,6,10,11,15,16,20,21,25
1434,6,10,11,15,16,20,21,25
1435,6,10,11,15,16,20,21,25
1436,6,10,11,15,16,20,21,25
1437,6,10,11,15,16,20,21,25
1438,6,10,11,15,16,20,21,25
1439,6,10,11,15,16,20,21,25
1440,6,10,11,15,16,20,21,25
1441,6,10,11,15,16,20,21,25
1442,6,10,11,15,16,20,21,25
1443,6,10,11,15,16,20,21,25
1444,6,10,11,15,16,20,21,25
1445,6,10,11,15,16,20,21,25
1446,6,10,11,15,16,20,21,25
1447,6,10,11,15,16,20,21,25
1448,6,10,11,15,16,20,21,25
1449,6,10,11,15,16,20,21,25
1450,6,10,11,15,16,20,21,25
1451,6,10,11,15,16,20,21,25
1452,6,10,11,15,16,20,21,25
1453,6,10,11,14,15,16,20,21,25
1454,6,10,11,14,15,16,20,21,25
1455,6,10,11,14,15,16,19,20,25
1456,6,10,11,14,15,16,19,20,25
1457,6,10,11,14,15,16,19,20,25
1458,6,10,11,14,15,16,19,20,25
1459,6,10,11,14,15,16,19,20,25
1460,6,10,11,14,15,16,19,20,25
1461,6,10,11,14,15,16,19,20,25
1462,6,10,11,14,15,16,19,20,25
1463,6,10,11,14,15,16,19,20,25
1464,6,10,11,14,15,16,19,20,25
1465,6,10,11,14,15,16,19,20,25
1466,6,10,11,14,15,16,19,20,25
1467,6,10,11,14,15,16,19,20,25
1468,6,10,11,14,15,16,19,20,25
1469,6,9,10,11,14,15,16,19,20,25
1470,6,9,10,11,14,15,16,19,20,25
1471,6,9,10,11,14,15,16,19,20,25
1472,6,9,10,11,14,15,16,19,20,25
1473,9,10,11,14,15,16,19,20,25
1474,9,10,11,14,15,16,19,20,25
1475,9,10,11,14,15,16,19,20,24,25
1476,9,10,11,14,15,16,19,20,24,25
1477,9,10,11,14,15,16,19,20,24,25
1478,9,10,11,14,15,16,19,20,24,25
1479,9,10,11,14,15,16,19,20,24,25
1480,9,10,11,14,15,16,19,20,24,25
1481,9,10,11,14,15,16,19,20,24,25
1482,9,10,11,14,15,16,19,20,24,25
1483,9,10,11,14,15,16,19,20,24,25
1484,9,10,11,14,15,16,19,20,24,25
1485,9,10,11,14,15,16,19,20,24,25
1486,9,10,11,14,15,16,19,20,24,25
1487,9,10,11,14,15,16,19,20,24,25
1488,9,10,11,14,15,16,19,20,24,25
1489,9,10,11,14,15,16,19,20,24,25
1490,9,10,11,14,15,16,19,20,24,25
1491,9,10,11,14,15,16,19,20,24,25
1492,9,10,11,14,15,16,19,20,24,25
1493,9,10,14,15,19,20,24,25
1494,9,10,14,15,19,20,24,25
1495,9,10,14,15,19,20,24,25
1496,9,10,14,15,19,20,24,25
1497,9,10,14,15,19,20,24,25
1498,9,10,14,15,19,20,24,25
1499,9,10,14,15,19,20,24,25
1500,9,10,14,15,19,20,24,25
1501,9,10,14,15,19,20,24,25
1502,9,10,14,15,19,20,24,25
1503,9,10,14,15,19,20,24,25
1504,9,10,14,15,19,20,24,25
1505,9,10,14,15,19,20,24,25
1506,9,10,14,15,19,20,24,25
1507,9,10,14,15,19,20,24,25
1508,9,10,14,15,19,20,24,25
1509,9,10,14,15,19,20,24,25
1510,9,10,14,15,19,20,24,25
1511,9,10,14,15,19,20,24,25
1512,9,10,14,15,19,20,24,25
1513,10,14,15,19,20,24,25
1514,10,14,15,19,20,24,25
1515,10,14,15,19,20,24,25
1516,10,14,15,19,20,24,25
1517,10,14,15,19,20,24,25
1518,10,14,15,19,20,24,25
1519,10,14,15,19,20,24,25
1520,10,14,15,19,20,24,25
1521,10,14,15,19,20,24,25
1522,10,14,15,19,20,24,25
1523,10,14,15,19,20,24,25
1524,10,14,15,19,20,24,25
1525,9,10,14,15,19,20,24,25
1526,9,10,14,15,19,20,24,25
1527,9,10,14,15,19,20,24,25
1528,9,10,14,15,19,20,24,25
1529,9,10,14,15,19,20,24,25
1530,9,10,14,15,19,20,24,25
1531,9,10,14,15,19,20,24,25
1532,9,10,14,15,19,20,24,25
1533,9,10,14,15,19,20,24,25
1534,9,10,14,15,19,20,24,25
1535,9,10,14,15,19,20,24,25
1536,9,10,14,15,19,20,24,25
1537,9,10,14,15,19,20,24,25
1538,9,10,14,15,19,20,24,25
1539,9,10,14,15,19,20,24,25
1540,9,10,14,15,19,20,24,25
1541,9,10,14,15,19,20,24,25
1542,9,10,14,15,19,20,24,25
1543,9,10,14,15,19,20,24,25
1544,9,10,14,15,19,20,24,25
1545,9,10,14,15,19,20,24,25
1546,9,10,14,15,19,20,24,25
1547,9,10,14,15,19,20,24,25
1548,9,10,14,15,19,20,24,25
1549,9,10,13,14,15,18,19,20,24,25
1550,9,10,13,14,15,18,19,20,24,25
1551,9,10,13,14,15,18,19,20,24,25
1552,9,10,13,14,15,18,19,20,24,25
1553,9,10,13,14,15,18,19,20,24,25
1554,9,10,13,14,15,18,19,20,24,25
1555,9,10,13,14,15,18,19,20,23,24,25
1556,9,10,13,14,15,18,19,20,23,24,25
1557,9,10,13,14,15,18,19,20,23,24,25
1558,9,10,13,14,15,18,19,20,23,24,25
1559,9,10,13,14,15,18,19,20,23,24,25
1560,9,10,13,14,15,18,19,20,23,24,25
1561,9,10,13,14,15,18,19,20,23,24,25
1562,9,10,13,14,15,18,19,20,23,24,25
1563,9,10,13,14,15,18,19,20,23,24,25
1564,9,10,13,14,15,18,19,20,23,24,25
1565,9,10,13,14,15,18,19,20,23,24,25
1566,9,10,13,14,15,18,19,20,23,24,25
1567,9,10,13,14,15,18,19,20,24,25
1568,9,10,13,14,15,18,19,20,24,25
1569,9,10,14,15,19,20,24,25
1570,9,10,14,15,19,20,24,25
1571,9,10,14,15,19,20,24,25
1572,9,10,14,15,19,20,24,25
1573,9,10,14,15,19,20,24,25
1574,9,10,14,15,19,20,24,25
1575,9,10,14,15,19,20,24,25
1576,9,10,14,15,19,20,24,25
1577,10,11,14,15,16,19,20,24,25
1578,10,11,14,15,16,19,20,24,25
1579,10,11,14,15,16,19,20,21,24,25
1580,10,11,14,15,16,19,20,21,24,25
1581,10,11,14,15,16,19,20,21,24,25
1582,10,11,14,15,16,19,20,21,24,25
1583,10,11,14,15,16,19,20,21,25
1584,10,11,14,15,16,19,20,21,25
1585,6,10,11,15,16,20,21,25
1586,6,10,11,15,16,20,21,25
1587,6,10,11,15,16,20,21,25
1588,6,10,11,15,16,20,21,25
1589,6,10,11,15,16,20,21,25
1590,6,10,11,15,16,20,21,25
1591,6,10,11,15,16,20,21,25
1592,6,10,11,15,16,20,21,25
1593,1,6,7,10,11,12,15,16,17,20
1594,1,6,7,10,11,12,15,16,17,20
1595,1,6,7,10,11,12,15,16,17
1596,1,6,7,10,11,12,15,16,17
1597,1,2,6,7,11,12,16,17
1598,1,2,6,7,11,12,16,17
1599,1,2,6,7,11,12,16,17
1600,1,2,6,7,11,12,16,17
1601,6,7,11,12,16,17
1602,6,7,11,12,16,17
1603,6,7,11,12,16,17,22
1604,6,7,11,12,16,17,22
1605,6,7,11,12,16,17,21,22
1606,6,7,11,12,16,17,21,22
1607,6,7,11,12,16,17,21,22
1608,6,7,11,12,16,17,21,22
1609,6,7,11,12,13,16,17,18,22
1610,6,7,11,12,13,16,17,18,22
1611,6,7,11,12,13,16,17,18,22
1612,6,7,11,12,13,16,17,18,22
1613,6,7,8,11,12,13,16,17,18,22
1614,6,7,8,11,12,13,16,17,18,22
1615,7,8,11,12,13,16,17,18,22,23
1616,7,8,11,12,13,16,17,18,22,23
1617,7,8,11,12,13,16,17,18,22,23
1618,7,8,11,12,13,16,17,18,22,23
1619,7,8,12,13,17,18,22,23
1620,7,8,12,13,17,18,22,23
1621,7,8,12,13,17,18,22,23
1622,7,8,12,13,17,18,22,23
1623,7,8,12,13,17,18,22,23
1624,7,8,12,13,17,18,22,23
1625,7,8,12,13,17,18,22,23
1626,7,8,12,13,17,18,22,23
1627,7,8,12,13,17,18,22,23
1628,7,8,12,13,17,18,22,23
1629,7,8,12,13,17,18,22,23
1630,7,8,12,13,17,18,22,23
1631,8,12,13,17,18,22,23
1632,8,12,13,17,18,22,23
1633,8,12,13,17,18,22,23
1634,8,12,13,17,18,22,23
1635,8,12,13,14,17,18,19,22,23
1636,8,12,13,14,17,18,19,22,23
1637,8,12,13,14,17,18,19,22,23,24
1638,8,12,13,14,17,18,19,22,23,24
1639,8,12,13,14,17,18,19,22,23,24
1640,8,12,13,14,17,18,19,22,23,24
1641,8,12,13,14,17,18,19,22,23,24
1642,8,12,13,14,17,18,19,22,23,24
1643,8,12,13,14,17,18,19,22,23,24
1644,8,12,13,14,17,18,19,22,23,24
1645,8,9,12,13,14,17,18,19,22,23,24
1646,8,9,12,13,14,17,18,19,22,23,24
1647,8,9,13,14,17,18,19,23,24
1648,8,9,13,14,17,18,19,23,24
1649,8,9,13,14,18,19,23,24
1650,8,9,13,14,18,19,23,24
1651,8,9,13,14,18,19,23,24
1652,8,9,13,14,18,19,23,24
1653,8,9,13,14,18,19,23,24
1654,8,9,13,14,18,19,23,24
1655,8,9,13,14,18,19,23,24
1656,8,9,13,14,18,19,23,24
1657,8,9,13,14,18,19,23,24
1658,8,9,13,14,18,19,23,24
1659,8,9,13,14,18,19,23,24
1660,8,9,13,14,18,19,23,24
1661,8,9,13,14,18,19,23,24
1662,8,9,13,14,18,19,23,24
1663,8,9,13,14,18,19,23,24
1664,8,9,13,14,18,19,23,24
1665,8,9,13,14,18,19,23,24
1666,8,9,13,14,18,19,23,24
1667,8,9,13,14,18,19,23,24
1668,8,9,13,14,18,19,23,24
1669,8,9,13,14,18,19,23,24
1670,8,9,13,14,18,19,23,24
1671,8,9,13,14,18,19,23,24
1672,8,9,13,14,18,19,23,24
1673,8,9,13,14,18,19,23,24
1674,8,9,13,14,18,19,23,24
1675,8,9,13,14,18,19,23,24
1676,8,9,13,14,18,19,23,24
1677,8,9,13,14,18,19,23,24
1678,8,9,13,14,18,19,23,24
1679,8,9,13,14,18,19,23,24
1680,8,9,13,14,18,19,23,24
1681,8,9,13,14,18,19,23,24
1682,8,9,13,14,18,19,23,24
1683,8,9,13,14,18,19,23,24
1684,8,9,13,14,18,19,23,24
1685,8,9,13,14,18,19,23,24
1686,8,9,13,14,18,19,23,24
1687,8,9,13,14,18,19,23,24
1688,8,9,13,14,18,19,23,24
1689,8,9,13,14,18,19,23,24
1690,8,9,13,14,18,19,23,24
1691,8,9,13,14,18,19,23,24
1692,8,9,13,14,18,19,23,24
1693,8,9,13,14,18,19,23,24
1694,8,9,13,14,18,19,23,24
1695,8,9,13,14,18,19,23,24
1696,8,9,13,14,18,19,23,24
1697,8,9,13,14,18,19,23,24
1698,8,9,13,14,18,19,23,24
1699,8,9,13,14,18,19,23,24
1700,8,9,13,14,18,19,23,24
1701,8,9,13,14,18,19,23,24
1702,8,9,13,14,18,19,23,24
1703,8,9,13,14,18,19,23,24
1704,8,9,13,14,18,19,23,24
1705,8,9,13,14,18,19,23,24
1706,8,9,13,14,18,19,23,24
1707,8,9,13,14,18,19,23,24
1708,8,9,13,14,18,19,23,24
1709,8,9,13,14,18,19,23,24
1710,8,9,13,14,18,19,23,24
1711,8,9,13,14,18,19,23,24
1712,8,9,13,14,18,19,23,24
1713,8,9,13,14,18,19,23,24
1714,8,9,13,14,18,19,23,24
1715,8,9,13,14,18,19,23,24
1716,8,9,13,14,18,19,23,24
1717,8,9,13,14,18,19,23,24
1718,8,9,13,14,18,19,23,24
1719,8,9,13,14,18,19,23,24
1720,8,9,13,14,18,19,23,24
1721,8,9,13,14,18,19,23,24
1722,8,9,13,14,18,19,23,24
1723,8,9,13,14,18,19,23,24
1724,8,9,13,14,18,19,23,24
1725,8,9,13,14,18,19,23,24
1726,8,9,13,14,18,19,23,24
1727,8,9,13,14,18,19,23,24
1728,8,9,13,14,18,19,23,24
1729,8,9,13,14,18,19,23,24
1730,8,9,13,14,18,19,23,24
1731,8,9,13,14,18,19,23,24
1732,8,9,13,14,18,19,23,24
1733,8,9,13,14,18,19,23,24
1734,8,9,13,14,18,19,23,24
1735,8,9,13,14,18,19,23,24
1736,8,9,13,14,18,19,23,24
1737,8,9,13,14,18,19,23,24
1738,8,9,13,14,18,19,23,24
1739,8,9,13,14,18,19,23,24
1740,8,9,13,14,18,19,23,24
1741,8,9,13,14,18,19,23,24
1742,8,9,13,14,18,19,23,24
1743,8,9,13,14,18,19,23,24
1744,8,9,13,14,18,19,23,24
1745,8,9,13,14,18,19,23,24
1746,8,9,13,14,18,19,23,24
1747,8,9,13,14,18,19,23,24
1748,8,9,13,14,18,19,23,24
1749,8,9,13,14,18,19,23,24
1750,8,9,13,14,18,19,23,24
1751,8,9,13,14,18,19,23,24
1752,8,9,13,14,18,19,23,24
1753,8,9,13,14,18,19,23,24
1754,8,9,13,14,18,19,23,24
1755,8,9,13,14,18,19,23,24
1756,8,9,13,14,18,19,23,24
1757,8,9,13,14,18,19,23,24
1758,8,9,13,14,18,19,23,24
1759,8,9,13,14,18,19,23,24
1760,8,9,13,14,18,19,23,24
1761,8,9,13,14,18,19,23,24
1762,8,9,13,14,18,19,23,24
1763,8,9,13,14,18,19,23,24
1764,8,9,13,14,18,19,23,24
1765,8,9,13,14,18,19,23,24
1766,8,9,13,14,18,19,23,24
1767,8,9,13,14,18,19,23,24
1768,8,9,13,14,18,19,23,24
1769,8,9,13,14,18,19,23,24
1770,8,9,13,14,18,19,23,24
1771,8,9,13,14,18,19,23,24
1772,8,9,13,14,18,19,23,24
1773,8,9,13,14,18,19,23,24
1774,8,9,13,14,18,19,23,24
1775,8,9,13,14,18,19,23,24
1776,8,9,13,14,18,19,23,24
1777,8,9,13,14,18,19,23,24
1778,8,9,13,14,18,19,23,24
1779,8,9,13,14,18,19,23,24
1780,8,9,13,14,18,19,23,24
1781,8,9,13,14,18,19,23,24
1782,8,9,13,14,18,19,23,24
1783,8,9,13,14,18,19,23,24
1784,8,9,13,14,18,19,23,24
1785,8,9,13,14,18,19,23,24
1786,8,9,13,14,18,19,23,24
1787,8,9,13,14,18,19,23,24
1788,8,9,13,14,18,19,23,24
1789,8,9,13,14,18,19,23,24
1790,8,9,13,14,18,19,23,24
1791,8,9,13,14,18,19,23,24
1792,8,9,13,14,18,19,23,24
1793,8,9,13,14,18,19,23,24
1794,8,9,13,14,18,19,23,24
1795,8,9,13,14,18,19,23,24
1796,8,9,13,14,18,19,23,24
1797,8,9,13,14,18,19,23,24
1798,8,9,13,14,18,19,23,24
1799,8,9,13,14,18,19,23,24
1800,8,9,13,14,18,19,23,24
