1,14,15,16,24,25,26,27,34,35,36,37,45,46
2,14,15,16,24,25,26,27,34,35,36,37,45,46
3,14,15,16,24,25,26,27,34,35,36,37,45,46
4,14,15,16,24,25,26,27,34,35,36,37,45,46
5,14,15,16,24,25,26,27,34,35,36,37,45,46
6,14,15,16,24,25,26,27,34,35,36,37,45,46
7,14,15,16,24,25,26,27,34,35,36,37,45,46
8,14,15,16,24,25,26,27,34,35,36,37,45,46
9,14,15,16,17,24,25,26,27,34,35,36,37,45,46
10,14,15,16,17,24,25,26,27,34,35,36,37,45,46
11,14,15,16,17,24,25,26,27,34,35,36,37,45,46
12,14,15,16,17,24,25,26,27,34,35,36,37,45,46
13,14,15,16,17,24,25,26,27,34,35,36,37,45,46
14,14,15,16,17,24,25,26,27,34,35,36,37,45,46
15,14,15,16,17,24,25,26,27,34,35,36,37,45,46
16,14,15,16,17,24,25,26,27,34,35,36,37,45,46
17,14,15,16,17,24,25,26,27,34,35,36,37,45,46
18,14,15,16,17,24,25,26,27,34,35,36,37,45,46
19,14,15,16,17,24,25,26,27,34,35,36,37,45,46
20,14,15,16,17,24,25,26,27,34,35,36,37,45,46
21,14,15,16,17,24,25,26,27,34,35,36,37,45,46
22,14,15,16,17,24,25,26,27,34,35,36,37,45,46
23,14,15,16,17,24,25,26,27,34,35,36,37,45,46
24,14,15,16,17,24,25,26,27,34,35,36,37,45,46
25,14,15,16,17,24,25,26,27,34,35,36,37,45,46
26,14,15,16,17,24,25,26,27,34,35,36,37,45,46
27,14,15,16,24,25,26,27,34,35,36,37,45,46
28,14,15,16,24,25,26,27,34,35,36,37,45,46
29,14,15,16,24,25,26,27,34,35,36,37,45,46
30,14,15,16,24,25,26,27,34,35,36,37,45,46
31,14,15,16,24,25,26,27,34,35,36,37,45,46
32,14,15,16,24,25,26,27,34,35,36,37,45,46
33,14,15,16,17,24,25,26,27,34,35,36,37,45,46
34,14,15,16,17,24,25,26,27,34,35,36,37,45,46
35,14,15,16,17,24,25,26,27,34,35,36,37,45,46
36,14,15,16,17,24,25,26,27,34,35,36,37,45,46
37,14,15,16,17,24,25,26,27,34,35,36,37,45,46
38,14,15,16,17,24,25,26,27,34,35,36,37,45,46
39,15,16,17,24,25,26,27,34,35,36,37,45,46
40,15,16,17,24,25,26,27,34,35,36,37,45,46
41,15,16,17,24,25,26,27,34,35,36,37,45,46,47
42,15,16,17,24,25,26,27,34,35,36,37,45,46,47
43,15,16,17,25,26,27,35,36,37,45,46,47
44,15,16,17,25,26,27,35,36,37,45,46,47
45,15,16,17,25,26,27,28,35,36,37,38,45,46,47
46,15,16,17,25,26,27,28,35,36,37,38,45,46,47
47,15,16,17,25,26,27,28,35,36,37,38,45,46,47
48,15,16,17,25,26,27,28,35,36,37,38,45,46,47
49,15,16,17,25,26,27,28,35,36,37,38,46,47
50,15,16,17,25,26,27,28,35,36,37,38,46,47
51,15,16,17,25,26,27,28,35,36,37,38,46,47
52,15,16,17,25,26,27,28,35,36,37,38,46,47
53,15,16,17,18,25,26,27,28,35,36,37,38,46,47
54,15,16,17,18,25,26,27,28,35,36,37,38,46,47
55,15,16,17,18,25,26,27,28,35,36,37,38,46,47
56,15,16,17,18,25,26,27,28,35,36,37,38,46,47
57,15,16,17,18,25,26,27,28,35,36,37,38,46,47
58,15,16,17,18,25,26,27,28,35,36,37,38,46,47
59,15,16,17,18,25,26,27,28,35,36,37,38,46,47
60,15,16,17,18,25,26,27,28,35,36,37,38,46,47
61,15,16,17,18,25,26,27,28,35,36,37,38,46,47
62,15,16,17,18,25,26,27,28,35,36,37,38,46,47
63,16,17,18,25,26,27,28,35,36,37,38,46,47
64,16,17,18,25,26,27,28,35,36,37,38,46,47
65,16,17,18,25,26,27,28,35,36,37,38,46,47
66,16,17,18,25,26,27,28,35,36,37,38,46,47
67,16,17,18,25,26,27,28,35,36,37,38,46,47
68,16,17,18,25,26,27,28,35,36,37,38,46,47
69,16,17,18,25,26,27,28,35,36,37,38,46,47
70,16,17,18,25,26,27,28,35,36,37,38,46,47
71,16,17,18,25,26,27,28,35,36,37,38,46,47,48
72,16,17,18,25,26,27,28,35,36,37,38,46,47,48
73,16,17,18,25,26,27,28,35,36,37,38,46,47,48
74,16,17,18,25,26,27,28,35,36,37,38,46,47,48
75,16,17,18,26,27,28,36,37,38,46,47,48
76,16,17,18,26,27,28,36,37,38,46,47,48
77,16,17,18,26,27,28,36,37,38,46,47,48
78,16,17,18,26,27,28,36,37,38,46,47,48
79,16,17,18,26,27,28,36,37,38,46,47,48
80,16,17,18,26,27,28,36,37,38,46,47,48
81,16,17,18,26,27,28,36,37,38,46,47,48
82,16,17,18,26,27,28,36,37,38,46,47,48
83,16,17,18,26,27,28,36,37,38,46,47,48
84,16,17,18,26,27,28,36,37,38,46,47,48
85,16,17,18,26,27,28,36,37,38,46,47,48
86,16,17,18,26,27,28,36,37,38,46,47,48
87,16,17,18,26,27,28,36,37,38,46,47,48
88,16,17,18,26,27,28,36,37,38,46,47,48
89,16,17,18,26,27,28,36,37,38,46,47,48
90,16,17,18,26,27,28,36,37,38,46,47,48
91,16,17,18,25,26,27,28,36,37,38,46,47
92,16,17,18,25,26,27,28,36,37,38,46,47
93,16,17,18,25,26,27,28,35,36,37,38,46,47
94,16,17,18,25,26,27,28,35,36,37,38,46,47
95,16,17,18,25,26,27,28,35,36,37,38,46,47
96,16,17,18,25,26,27,28,35,36,37,38,46,47
97,15,16,17,18,25,26,27,28,35,36,37,38,46,47
98,15,16,17,18,25,26,27,28,35,36,37,38,46,47
99,15,16,17,18,25,26,27,28,35,36,37,38,46,47
100,15,16,17,18,25,26,27,28,35,36,37,38,46,47
101,15,16,17,25,26,27,28,35,36,37,38,46,47
102,15,16,17,25,26,27,28,35,36,37,38,46,47
103,15,16,17,25,26,27,35,36,37,45,46,47
104,15,16,17,25,26,27,35,36,37,45,46,47
105,15,16,17,24,25,26,27,34,35,36,37,45,46
106,15,16,17,24,25,26,27,34,35,36,37,45,46
107,14,15,16,17,24,25,26,27,34,35,36,37,45,46
108,14,15,16,17,24,25,26,27,34,35,36,37,45,46
109,14,15,16,17,24,25,26,27,34,35,36,37,45,46
110,14,15,16,17,24,25,26,27,34,35,36,37,45,46
111,14,15,16,17,24,25,26,27,34,35,36,37,45,46
112,14,15,16,17,24,25,26,27,34,35,36,37,45,46
113,14,15,16,17,24,25,26,27,34,35,36,37,45,46
114,14,15,16,17,24,25,26,27,34,35,36,37,45,46
115,14,15,16,24,25,26,27,34,35,36,37,45,46
116,14,15,16,24,25,26,27,34,35,36,37,45,46
117,14,15,16,24,25,26,27,34,35,36,37,45,46
118,14,15,16,24,25,26,27,34,35,36,37,45,46
119,14,15,16,24,25,26,34,35,36,44,45,46
120,14,15,16,24,25,26,34,35,36,44,45,46
121,14,15,16,24,25,26,34,35,36,44,45
122,14,15,16,24,25,26,34,35,36,44,45
123,14,15,16,23,24,25,26,33,34,35,36,44,45
124,14,15,16,23,24,25,26,33,34,35,36,44,45
125,13,14,15,16,23,24,25,26,33,34,35,36,44,45
126,13,14,15,16,23,24,25,26,33,34,35,36,44,45
127,13,14,15,23,24,25,26,33,34,35,36,44,45
128,13,14,15,23,24,25,26,33,34,35,36,44,45
129,13,14,15,22,23,24,25,32,33,34,35,43,44,45
130,13,14,15,22,23,24,25,32,33,34,35,43,44,45
131,12,13,14,15,22,23,24,25,32,33,34,35,43,44
132,12,13,14,15,22,23,24,25,32,33,34,35,43,44
133,12,13,14,22,23,24,25,32,33,34,35,42,43,44
134,12,13,14,22,23,24,25,32,33,34,35,42,43,44
135,12,13,14,21,22,23,24,31,32,33,34,42,43,44
136,12,13,14,21,22,23,24,31,32,33,34,42,43,44
137,12,13,14,21,22,23,24,31,32,33,34,42,43,44
138,12,13,14,21,22,23,24,31,32,33,34,42,43,44
139,11,12,13,21,22,23,24,31,32,33,34,42,43
140,11,12,13,21,22,23,24,31,32,33,34,42,43
141,11,12,13,21,22,23,24,31,32,33,34,41,42,43
142,11,12,13,21,22,23,24,31,32,33,34,41,42,43
143,11,12,13,21,22,23,31,32,33,41,42,43
144,11,12,13,21,22,23,31,32,33,41,42,43
145,11,12,13,21,22,23,30,31,32,33,40,41,42,43
146,11,12,13,21,22,23,30,31,32,33,40,41,42,43
147,11,12,13,21,22,23,30,31,32,33,40,41,42,43
148,11,12,13,21,22,23,30,31,32,33,40,41,42,43
149,11,12,21,22,23,30,31,32,33,40,41,42,43,50
150,11,12,21,22,23,30,31,32,33,40,41,42,43,50
151,11,12,21,22,23,30,31,32,33,40,41,42,43,50
152,11,12,21,22,23,30,31,32,33,40,41,42,43,50
153,11,12,21,22,23,30,31,32,33,40,41,42,43,50
154,11,12,21,22,23,30,31,32,33,40,41,42,43,50
155,12,21,22,23,30,31,32,33,40,41,42,43,50
156,12,21,22,23,30,31,32,33,40,41,42,43,50
157,21,22,23,30,31,32,33,40,41,42,43,49,50
158,21,22,23,30,31,32,33,40,41,42,43,49,50
159,21,22,23,30,31,32,33,40,41,42,43,44,49,50
160,21,22,23,30,31,32,33,40,41,42,43,44,49,50
161,21,22,23,30,31,32,33,40,41,42,43,44,45,46,47,48,49,50
162,21,22,23,30,31,32,33,40,41,42,43,44,45,46,47,48,49,50
163,21,22,23,30,31,32,33,40,41,42,43,44,45,46,47,48,49,50
164,21,22,23,30,31,32,33,40,41,42,43,44,45,46,47,48,49,50
165,21,22,23,30,31,32,33,39,40,41,42,43,44,45,46,47,48,49,50
166,21,22,23,30,31,32,33,39,40,41,42,43,44,45,46,47,48,49,50
167,21,22,23,30,31,32,33,34,39,40,41,42,43,44,45,46,47,48,49,50
168,21,22,23,30,31,32,33,34,39,40,41,42,43,44,45,46,47,48,49,50
169,21,22,23,30,31,32,33,34,39,40,41,42,43,44,45,46,47,48,49,50
170,21,22,23,30,31,32,33,34,39,40,41,42,43,44,45,46,47,48,49,50
171,21,22,23,30,31,32,33,34,39,40,41,42,43,44,45,46,47,48,49,50
172,21,22,23,30,31,32,33,34,39,40,41,42,43,44,45,46,47,48,49,50
173,21,22,23,30,31,32,33,34,39,40,41,42,43,44,45,46,47,48,49,50
174,21,22,23,30,31,32,33,34,39,40,41,42,43,44,45,46,47,48,49,50
175,21,22,23,30,31,32,33,34,40,41,42,43,44,45,46,47,48,49,50
176,21,22,23,30,31,32,33,34,40,41,42,43,44,45,46,47,48,49,50
177,21,22,23,30,31,32,33,34,40,41,42,43,44,45,46,47,48,49,50
178,21,22,23,30,31,32,33,34,40,41,42,43,44,45,46,47,48,49,50
179,21,22,23,31,32,33,34,40,41,42,43,44,45,46,47,48,49,50
180,21,22,23,31,32,33,34,40,41,42,43,44,45,46,47,48,49,50
181,21,22,23,24,31,32,33,34,40,41,42,43,44,45,46,47,48,49,50
182,21,22,23,24,31,32,33,34,40,41,42,43,44,45,46,47,48,49,50
183,21,22,23,24,31,32,33,34,41,42,43,44,45,46,47,48,49,50
184,21,22,23,24,31,32,33,34,41,42,43,44,45,46,47,48,49,50
185,21,22,23,24,31,32,33,34,41,42,43,44,45
186,21,22,23,24,31,32,33,34,41,42,43,44,45
187,13,21,22,23,24,31,32,33,34,35,41,42,43,44,45
188,13,21,22,23,24,31,32,33,34,35,41,42,43,44,45
189,13,14,22,23,24,25,32,33,34,35,42,43,44,45
190,13,14,22,23,24,25,32,33,34,35,42,43,44,45
191,13,14,22,23,24,25,32,33,34,35,42,43,44,45
192,13,14,22,23,24,25,32,33,34,35,42,43,44,45
193,13,14,22,23,24,25,32,33,34,35,42,43,44,45
194,13,14,22,23,24,25,32,33,34,35,42,43,44,45
195,14,15,22,23,24,25,32,33,34,35,43,44,45
196,14,15,22,23,24,25,32,33,34,35,43,44,45
197,4,5,13,14,15,23,24,25,33,34,35
198,4,5,13,14,15,23,24,25,33,34,35
199,4,5,13,14,15,16,23,24,25,26,33,34,35
200,4,5,13,14,15,16,23,24,25,26,33,34,35
201,5,13,14,15,16,23,24,25,26,33,34,35,36
202,5,13,14,15,16,23,24,25,26,33,34,35,36
203,13,14,15,16,23,24,25,26,33,34,35,36
204,13,14,15,16,23,24,25,26,33,34,35,36
205,13,14,15,16,23,24,25,26,33,34,35,36
206,13,14,15,16,23,24,25,26,33,34,35,36
207,13,14,15,16,23,24,25,26,33,34,35,36
208,13,14,15,16,23,24,25,26,33,34,35,36
209,14,15,16,23,24,25,26,34,35,36
210,14,15,16,23,24,25,26,34,35,36
211,14,15,16,23,24,25,26,34,35,36,45
212,14,15,16,23,24,25,26,34,35,36,45
213,14,15,16,23,24,25,26,34,35,36,45
214,14,15,16,23,24,25,26,34,35,36,45
215,14,15,16,23,24,25,26,34,35,36,44,45
216,14,15,16,23,24,25,26,34,35,36,44,45
217,14,15,16,23,24,25,26,34,35,36,45
218,14,15,16,23,24,25,26,34,35,36,45
219,14,15,16,23,24,25,26,34,35,36,45
220,14,15,16,23,24,25,26,34,35,36,45
221,14,15,16,23,24,25,26,33,34,35,36,44,45
222,14,15,16,23,24,25,26,33,34,35,36,44,45
223,14,15,16,23,24,25,26,34,35,36,44,45
224,14,15,16,23,24,25,26,34,35,36,44,45
225,14,15,16,24,25,26,34,35,36,45
226,14,15,16,24,25,26,34,35,36,45
227,14,15,16,24,25,26,34,35,36,45
228,14,15,16,24,25,26,34,35,36,45
229,14,15,16,24,25,26,34,35,36,45
230,14,15,16,24,25,26,34,35,36,45
231,14,15,16,24,25,26,34,35,36,45
232,14,15,16,24,25,26,34,35,36,45
233,14,15,16,24,25,26,34,35,36,45
234,14,15,16,24,25,26,34,35,36,45
235,14,15,16,24,25,26,34,35,36,45
236,14,15,16,24,25,26,34,35,36,45
237,14,15,16,24,25,26,34,35,36,45
238,14,15,16,24,25,26,34,35,36,45
239,14,15,16,24,25,26,27,34,35,36,45,46
240,14,15,16,24,25,26,27,34,35,36,45,46
241,14,15,16,24,25,26,27,34,35,36,37,45,46
242,14,15,16,24,25,26,27,34,35,36,37,45,46
243,14,15,16,24,25,26,27,34,35,36,37,45,46
244,14,15,16,24,25,26,27,34,35,36,37,45,46
245,14,15,16,24,25,26,27,34,35,36,37,45,46
246,14,15,16,24,25,26,27,34,35,36,37,45,46
247,14,15,16,17,24,25,26,27,34,35,36,37,45,46
248,14,15,16,17,24,25,26,27,34,35,36,37,45,46
249,14,15,16,17,24,25,26,27,34,35,36,37,45,46
250,14,15,16,17,24,25,26,27,34,35,36,37,45,46
251,14,15,16,17,24,25,26,27,34,35,36,37,45,46
252,14,15,16,17,24,25,26,27,34,35,36,37,45,46
253,14,15,16,17,24,25,26,27,34,35,36,37,45,46
254,14,15,16,17,24,25,26,27,34,35,36,37,45,46
255,14,15,16,17,24,25,26,27,34,35,36,37,45,46
256,14,15,16,17,24,25,26,27,34,35,36,37,45,46
257,14,15,16,17,24,25,26,27,34,35,36,37,45,46
258,14,15,16,17,24,25,26,27,34,35,36,37,45,46
259,14,15,16,17,24,25,26,27,34,35,36,37,45,46
260,14,15,16,17,24,25,26,27,34,35,36,37,45,46
261,14,15,16,17,24,25,26,27,34,35,36,37,45,46
262,14,15,16,17,24,25,26,27,34,35,36,37,45,46
263,14,15,16,17,24,25,26,27,34,35,36,37,45,46
264,14,15,16,17,24,25,26,27,34,35,36,37,45,46
265,14,15,16,17,24,25,26,27,34,35,36,37,45,46
266,14,15,16,17,24,25,26,27,34,35,36,37,45,46
267,14,15,16,17,24,25,26,27,34,35,36,37,45,46
268,14,15,16,17,24,25,26,27,34,35,36,37,45,46
269,14,15,16,17,24,25,26,27,34,35,36,37,45,46
270,14,15,16,17,24,25,26,27,34,35,36,37,45,46
271,14,15,16,17,24,25,26,27,34,35,36,37,45,46
272,14,15,16,17,24,25,26,27,34,35,36,37,45,46
273,14,15,16,17,24,25,26,27,34,35,36,37,45,46
274,14,15,16,17,24,25,26,27,34,35,36,37,45,46
275,14,15,16,17,24,25,26,27,34,35,36,37,45,46
276,14,15,16,17,24,25,26,27,34,35,36,37,45,46
277,14,15,16,17,24,25,26,27,34,35,36,37,45,46
278,14,15,16,17,24,25,26,27,34,35,36,37,45,46
279,14,15,16,17,24,25,26,27,34,35,36,37,45,46
280,14,15,16,17,24,25,26,27,34,35,36,37,45,46
281,14,15,16,17,24,25,26,27,34,35,36,37,45,46
282,14,15,16,17,24,25,26,27,34,35,36,37,45,46
283,14,15,16,17,24,25,26,27,34,35,36,37,45,46
284,14,15,16,17,24,25,26,27,34,35,36,37,45,46
285,14,15,16,17,24,25,26,27,34,35,36,37,45,46
286,14,15,16,17,24,25,26,27,34,35,36,37,45,46
287,14,15,16,17,24,25,26,27,34,35,36,37,45,46
288,14,15,16,17,24,25,26,27,34,35,36,37,45,46
289,14,15,16,17,24,25,26,27,34,35,36,37,45,46
290,14,15,16,17,24,25,26,27,34,35,36,37,45,46
291,14,15,16,17,24,25,26,27,34,35,36,37,45,46
292,14,15,16,17,24,25,26,27,34,35,36,37,45,46
293,14,15,16,17,24,25,26,27,34,35,36,37,45,46
294,14,15,16,17,24,25,26,27,34,35,36,37,45,46
295,14,15,16,17,24,25,26,27,34,35,36,37,45,46
296,14,15,16,17,24,25,26,27,34,35,36,37,45,46
297,14,15,16,17,24,25,26,27,34,35,36,37,45,46
298,14,15,16,17,24,25,26,27,34,35,36,37,45,46
299,14,15,16,17,24,25,26,27,34,35,36,37,45,46
300,14,15,16,17,24,25,26,27,34,35,36,37,45,46
301,15,16,24,25,26,27,34,35,36,37,44,45,46,47
302,15,16,24,25,26,27,34,35,36,37,44,45,46,47
303,15,16,24,25,26,27,34,35,36,37,44,45,46,47
304,15,16,24,25,26,27,34,35,36,37,44,45,46,47
305,15,16,24,25,26,27,34,35,36,37,44,45,46,47
306,15,16,24,25,26,27,34,35,36,37,44,45,46,47
307,15,16,24,25,26,27,34,35,36,37,44,45,46,47
308,15,16,24,25,26,27,34,35,36,37,44,45,46,47
309,15,16,24,25,26,27,34,35,36,37,44,45,46,47
310,15,16,24,25,26,27,34,35,36,37,44,45,46,47
311,15,16,24,25,26,27,34,35,36,37,44,45,46,47
312,15,16,24,25,26,27,34,35,36,37,44,45,46,47
313,15,16,24,25,26,27,34,35,36,37,44,45,46,47
314,15,16,24,25,26,27,34,35,36,37,44,45,46,47
315,15,16,24,25,26,27,34,35,36,37,44,45,46,47
316,15,16,24,25,26,27,34,35,36,37,44,45,46,47
317,15,16,24,25,26,27,34,35,36,37,44,45,46,47
318,15,16,24,25,26,27,34,35,36,37,44,45,46,47
319,15,16,24,25,26,27,34,35,36,37,44,45,46,47
320,15,16,24,25,26,27,34,35,36,37,44,45,46,47
321,15,16,24,25,26,27,34,35,36,37,44,45,46,47
322,15,16,24,25,26,27,34,35,36,37,44,45,46,47
323,15,16,24,25,26,27,33,34,35,36,37,43,44,45,46,47
324,15,16,24,25,26,27,33,34,35,36,37,43,44,45,46,47
325,15,24,25,26,27,33,34,35,36,37,43,44,45,46,47
326,15,24,25,26,27,33,34,35,36,37,43,44,45,46,47
327,15,24,25,26,27,33,34,35,36,37,43,44,45,46,47
328,15,24,25,26,27,33,34,35,36,37,43,44,45,46,47
329,15,24,25,26,27,33,34,35,36,37,43,44,45,46,47
330,15,24,25,26,27,33,34,35,36,37,43,44,45,46,47
331,15,24,25,26,27,33,34,35,36,37,43,44,45,46,47
332,15,24,25,26,27,33,34,35,36,37,43,44,45,46,47
333,15,24,25,26,27,33,34,35,36,37,43,44,45,46,47
334,15,24,25,26,27,33,34,35,36,37,43,44,45,46,47
335,15,24,25,26,27,33,34,35,36,37,43,44,45,46,47
336,15,24,25,26,27,33,34,35,36,37,43,44,45,46,47
337,15,16,24,25,26,27,33,34,35,36,37,43,44,45,46,47
338,15,16,24,25,26,27,33,34,35,36,37,43,44,45,46,47
339,15,16,24,25,26,27,33,34,35,36,37,43,44,45,46,47
340,15,16,24,25,26,27,33,34,35,36,37,43,44,45,46,47
341,15,16,24,25,26,27,34,35,36,37,44,45,46,47
342,15,16,24,25,26,27,34,35,36,37,44,45,46,47
343,15,16,24,25,26,27,34,35,36,37,44,45,46,47
344,15,16,24,25,26,27,34,35,36,37,44,45,46,47
345,15,16,24,25,26,27,34,35,36,37,44,45,46,47
346,15,16,24,25,26,27,34,35,36,37,44,45,46,47
347,15,16,24,25,26,27,34,35,36,37,44,45,46,47
348,15,16,24,25,26,27,34,35,36,37,44,45,46,47
349,14,15,16,24,25,26,27,34,35,36,37,44,45,46,47
350,14,15,16,24,25,26,27,34,35,36,37,44,45,46,47
351,14,15,16,24,25,26,27,34,35,36,37,44,45,46
352,14,15,16,24,25,26,27,34,35,36,37,44,45,46
353,14,15,16,17,24,25,26,27,34,35,36,37,45,46
354,14,15,16,17,24,25,26,27,34,35,36,37,45,46
355,14,15,16,17,24,25,26,27,34,35,36,37,45,46
356,14,15,16,17,24,25,26,27,34,35,36,37,45,46
357,14,15,16,17,24,25,26,27,34,35,36,37,45,46
358,14,15,16,17,24,25,26,27,34,35,36,37,45,46
359,14,15,16,17,24,25,26,27,34,35,36,37,45,46
360,14,15,16,17,24,25,26,27,34,35,36,37,45,46
361,14,15,16,17,24,25,26,27,34,35,36,37,45,46
362,14,15,16,17,24,25,26,27,34,35,36,37,45,46
363,14,15,16,17,24,25,26,27,34,35,36,37,45,46
364,14,15,16,17,24,25,26,27,34,35,36,37,45,46
365,14,15,16,17,24,25,26,27,34,35,36,37,45,46
366,14,15,16,17,24,25,26,27,34,35,36,37,45,46
367,14,15,16,17,24,25,26,27,34,35,36,37,45,46
368,14,15,16,17,24,25,26,27,34,35,36,37,45,46
369,14,15,16,17,24,25,26,27,34,35,36,37,45,46
370,14,15,16,17,24,25,26,27,34,35,36,37,45,46
371,14,15,16,17,24,25,26,27,34,35,36,37,45,46
372,14,15,16,17,24,25,26,27,34,35,36,37,45,46
373,14,15,16,17,24,25,26,27,34,35,36,37,45,46
374,14,15,16,17,24,25,26,27,34,35,36,37,45,46
375,14,15,16,17,24,25,26,27,34,35,36,37,45,46
376,14,15,16,17,24,25,26,27,34,35,36,37,45,46
377,14,15,16,17,24,25,26,27,34,35,36,37,45,46
378,14,15,16,17,24,25,26,27,34,35,36,37,45,46
379,14,15,16,17,24,25,26,27,34,35,36,37,45,46
380,14,15,16,17,24,25,26,27,34,35,36,37,45,46
381,14,15,16,17,24,25,26,27,34,35,36,37,45,46
382,14,15,16,17,24,25,26,27,34,35,36,37,45,46
383,14,15,16,17,24,25,26,27,34,35,36,37,45,46
384,14,15,16,17,24,25,26,27,34,35,36,37,45,46
385,14,15,16,17,24,25,26,27,34,35,36,37,45,46
386,14,15,16,17,24,25,26,27,34,35,36,37,45,46
387,14,15,16,17,24,25,26,27,34,35,36,37,45,46
388,14,15,16,17,24,25,26,27,34,35,36,37,45,46
389,14,15,16,17,24,25,26,27,34,35,36,37,45,46
390,14,15,16,17,24,25,26,27,34,35,36,37,45,46
391,14,15,16,17,24,25,26,27,34,35,36,37,45,46
392,14,15,16,17,24,25,26,27,34,35,36,37,45,46
393,14,15,16,17,24,25,26,27,34,35,36,37,45,46
394,14,15,16,17,24,25,26,27,34,35,36,37,45,46
395,14,15,16,17,24,25,26,27,34,35,36,37,45,46
396,14,15,16,17,24,25,26,27,34,35,36,37,45,46
397,14,15,16,17,24,25,26,27,34,35,36,37,45,46
398,14,15,16,17,24,25,26,27,34,35,36,37,45,46
399,14,15,16,17,24,25,26,27,34,35,36,37,45,46
400,14,15,16,17,24,25,26,27,34,35,36,37,45,46
401,14,15,16,17,24,25,26,27,34,35,36,37,45,46
402,14,15,16,17,24,25,26,27,34,35,36,37,45,46
403,14,15,16,17,24,25,26,27,34,35,36,37,45,46
404,14,15,16,17,24,25,26,27,34,35,36,37,45,46
405,14,15,16,17,24,25,26,27,34,35,36,37,45,46
406,14,15,16,17,24,25,26,27,34,35,36,37,45,46
407,14,15,16,17,24,25,26,27,34,35,36,37,45,46
408,14,15,16,17,24,25,26,27,34,35,36,37,45,46
409,14,15,16,17,24,25,26,27,34,35,36,37,45,46
410,14,15,16,17,24,25,26,27,34,35,36,37,45,46
411,14,15,16,17,24,25,26,27,34,35,36,37,45,46
412,14,15,16,17,24,25,26,27,34,35,36,37,45,46
413,14,15,16,17,24,25,26,27,34,35,36,37,45,46
414,14,15,16,17,24,25,26,27,34,35,36,37,45,46
415,14,15,16,17,24,25,26,27,34,35,36,37,45,46
416,14,15,16,17,24,25,26,27,34,35,36,37,45,46
417,14,15,16,17,24,25,26,27,34,35,36,37,45,46
418,14,15,16,17,24,25,26,27,34,35,36,37,45,46
419,14,15,16,17,24,25,26,27,34,35,36,37,45,46
420,14,15,16,17,24,25,26,27,34,35,36,37,45,46
421,14,15,16,17,24,25,26,27,34,35,36,37,45,46
422,14,15,16,17,24,25,26,27,34,35,36,37,45,46
423,14,15,16,17,24,25,26,27,34,35,36,37,45,46
424,14,15,16,17,24,25,26,27,34,35,36,37,45,46
425,14,15,16,17,24,25,26,27,34,35,36,37,45,46
426,14,15,16,17,24,25,26,27,34,35,36,37,45,46
427,14,15,16,17,24,25,26,27,34,35,36,37,45,46
428,14,15,16,17,24,25,26,27,34,35,36,37,45,46
429,14,15,16,17,24,25,26,27,34,35,36,37,45,46
430,14,15,16,17,24,25,26,27,34,35,36,37,45,46
431,14,15,16,17,24,25,26,27,34,35,36,37,45,46
432,14,15,16,17,24,25,26,27,34,35,36,37,45,46
433,14,15,16,17,24,25,26,27,34,35,36,37,45,46
434,14,15,16,17,24,25,26,27,34,35,36,37,45,46
435,14,15,16,17,24,25,26,27,34,35,36,37,45,46
436,14,15,16,17,24,25,26,27,34,35,36,37,45,46
437,14,15,16,17,24,25,26,27,34,35,36,37,45,46
438,14,15,16,17,24,25,26,27,34,35,36,37,45,46
439,14,15,16,17,24,25,26,27,34,35,36,37,45,46
440,14,15,16,17,24,25,26,27,34,35,36,37,45,46
441,14,15,16,17,24,25,26,27,34,35,36,37,45,46
442,14,15,16,17,24,25,26,27,34,35,36,37,45,46
443,14,15,16,17,24,25,26,27,34,35,36,37,45,46
444,14,15,16,17,24,25,26,27,34,35,36,37,45,46
445,14,15,16,17,24,25,26,27,34,35,36,37,45,46
446,14,15,16,17,24,25,26,27,34,35,36,37,45,46
447,14,15,16,17,24,25,26,27,34,35,36,37,45,46
448,14,15,16,17,24,25,26,27,34,35,36,37,45,46
449,14,15,16,17,24,25,26,27,34,35,36,37,45,46
450,14,15,16,17,24,25,26,27,34,35,36,37,45,46
451,14,15,16,17,24,25,26,27,34,35,36,37,45,46
452,14,15,16,17,24,25,26,27,34,35,36,37,45,46
453,14,15,16,17,24,25,26,27,34,35,36,37,45,46
454,14,15,16,17,24,25,26,27,34,35,36,37,45,46
455,14,15,16,17,24,25,26,27,34,35,36,37,45,46
456,14,15,16,17,24,25,26,27,34,35,36,37,45,46
457,14,15,16,17,24,25,26,27,34,35,36,37,45,46
458,14,15,16,17,24,25,26,27,34,35,36,37,45,46
459,14,15,16,17,24,25,26,27,34,35,36,37,45,46
460,14,15,16,17,24,25,26,27,34,35,36,37,45,46
461,14,15,16,17,24,25,26,27,34,35,36,37,45,46
462,14,15,16,17,24,25,26,27,34,35,36,37,45,46
463,14,15,16,17,24,25,26,27,34,35,36,37,45,46
464,14,15,16,17,24,25,26,27,34,35,36,37,45,46
465,14,15,16,17,24,25,26,27,34,35,36,37,45,46
466,14,15,16,17,24,25,26,27,34,35,36,37,45,46
467,14,15,16,17,24,25,26,27,34,35,36,37,45,46
468,14,15,16,17,24,25,26,27,34,35,36,37,45,46
469,14,15,16,17,24,25,26,27,34,35,36,37,45,46
470,14,15,16,17,24,25,26,27,34,35,36,37,45,46
471,14,15,16,17,24,25,26,27,34,35,36,37,45,46
472,14,15,16,17,24,25,26,27,34,35,36,37,45,46
473,14,15,16,17,24,25,26,27,34,35,36,37,45,46
474,14,15,16,17,24,25,26,27,34,35,36,37,45,46
475,14,15,16,17,24,25,26,27,34,35,36,37,45,46
476,14,15,16,17,24,25,26,27,34,35,36,37,45,46
477,14,15,16,17,24,25,26,27,34,35,36,37,45,46
478,14,15,16,17,24,25,26,27,34,35,36,37,45,46
479,14,15,16,17,24,25,26,27,34,35,36,37,45,46
480,14,15,16,17,24,25,26,27,34,35,36,37,45,46
481,14,15,16,17,24,25,26,27,34,35,36,37,45,46
482,14,15,16,17,24,25,26,27,34,35,36,37,45,46
483,14,15,16,17,24,25,26,27,34,35,36,37,45,46
484,14,15,16,17,24,25,26,27,34,35,36,37,45,46
485,14,15,16,17,24,25,26,27,34,35,36,37,45,46
486,14,15,16,17,24,25,26,27,34,35,36,37,45,46
487,14,15,16,17,24,25,26,27,34,35,36,37,45,46
488,14,15,16,17,24,25,26,27,34,35,36,37,45,46
489,14,15,16,17,24,25,26,27,34,35,36,37,45,46
490,14,15,16,17,24,25,26,27,34,35,36,37,45,46
491,14,15,16,17,24,25,26,27,34,35,36,37,45,46
492,14,15,16,17,24,25,26,27,34,35,36,37,45,46
493,14,15,16,17,24,25,26,27,34,35,36,37,45,46
494,14,15,16,17,24,25,26,27,34,35,36,37,45,46
495,14,15,16,17,24,25,26,27,34,35,36,37,45,46
496,14,15,16,17,24,25,26,27,34,35,36,37,45,46
497,14,15,16,17,24,25,26,27,34,35,36,37,45,46
498,14,15,16,17,24,25,26,27,34,35,36,37,45,46
499,14,15,16,17,24,25,26,27,34,35,36,37,45,46
500,14,15,16,17,24,25,26,27,34,35,36,37,45,46
501,14,15,16,17,24,25,26,27,34,35,36,37,45,46
502,14,15,16,17,24,25,26,27,34,35,36,37,45,46
503,14,15,16,17,24,25,26,27,34,35,36,37,45,46
504,14,15,16,17,24,25,26,27,34,35,36,37,45,46
505,14,15,16,17,24,25,26,27,34,35,36,37,45,46
506,14,15,16,17,24,25,26,27,34,35,36,37,45,46
507,14,15,16,17,24,25,26,27,34,35,36,37,45,46
508,14,15,16,17,24,25,26,27,34,35,36,37,45,46
509,14,15,16,17,24,25,26,27,34,35,36,37,45,46
510,14,15,16,17,24,25,26,27,34,35,36,37,45,46
511,14,15,16,17,24,25,26,27,34,35,36,37,45,46
512,14,15,16,17,24,25,26,27,34,35,36,37,45,46
513,14,15,16,17,24,25,26,27,34,35,36,37,45,46
514,14,15,16,17,24,25,26,27,34,35,36,37,45,46
515,14,15,16,17,24,25,26,27,34,35,36,37,45,46
516,14,15,16,17,24,25,26,27,34,35,36,37,45,46
517,14,15,16,17,24,25,26,27,34,35,36,37,45,46
518,14,15,16,17,24,25,26,27,34,35,36,37,45,46
519,14,15,16,17,24,25,26,27,34,35,36,37,45,46
520,14,15,16,17,24,25,26,27,34,35,36,37,45,46
521,14,15,16,17,24,25,26,27,34,35,36,37,45,46
522,14,15,16,17,24,25,26,27,34,35,36,37,45,46
523,14,15,16,17,24,25,26,27,34,35,36,37,45,46
524,14,15,16,17,24,25,26,27,34,35,36,37,45,46
525,14,15,16,17,24,25,26,27,34,35,36,37,45,46
526,14,15,16,17,24,25,26,27,34,35,36,37,45,46
527,14,15,16,17,24,25,26,27,34,35,36,37,45,46
528,14,15,16,17,24,25,26,27,34,35,36,37,45,46
529,14,15,16,17,24,25,26,27,34,35,36,37,45,46
530,14,15,16,17,24,25,26,27,34,35,36,37,45,46
531,14,15,16,17,24,25,26,27,34,35,36,37,45,46
532,14,15,16,17,24,25,26,27,34,35,36,37,45,46
533,14,15,16,17,24,25,26,27,34,35,36,37,45,46
534,14,15,16,17,24,25,26,27,34,35,36,37,45,46
535,14,15,16,17,24,25,26,27,34,35,36,37,45,46
536,14,15,16,17,24,25,26,27,34,35,36,37,45,46
537,14,15,16,17,24,25,26,27,34,35,36,37,45,46
538,14,15,16,17,24,25,26,27,34,35,36,37,45,46
539,14,15,16,17,24,25,26,27,34,35,36,37,45,46
540,14,15,16,17,24,25,26,27,34,35,36,37,45,46
541,14,15,16,17,24,25,26,27,34,35,36,37,45,46
542,14,15,16,17,24,25,26,27,34,35,36,37,45,46
543,14,15,16,17,24,25,26,27,34,35,36,37,45,46
544,14,15,16,17,24,25,26,27,34,35,36,37,45,46
545,14,15,16,17,24,25,26,27,34,35,36,37,45,46
546,14,15,16,17,24,25,26,27,34,35,36,37,45,46
547,14,15,16,17,24,25,26,27,34,35,36,37,45,46
548,14,15,16,17,24,25,26,27,34,35,36,37,45,46
549,14,15,16,17,24,25,26,27,34,35,36,37,45,46
550,14,15,16,17,24,25,26,27,34,35,36,37,45,46
551,14,15,16,17,24,25,26,27,34,35,36,37,45,46
552,14,15,16,17,24,25,26,27,34,35,36,37,45,46
553,14,15,16,17,24,25,26,27,34,35,36,37,45,46
554,14,15,16,17,24,25,26,27,34,35,36,37,45,46
555,14,15,16,17,24,25,26,27,34,35,36,37,45,46
556,14,15,16,17,24,25,26,27,34,35,36,37,45,46
557,14,15,16,17,24,25,26,27,34,35,36,37,45,46
558,14,15,16,17,24,25,26,27,34,35,36,37,45,46
559,14,15,16,17,24,25,26,27,34,35,36,37,45,46
560,14,15,16,17,24,25,26,27,34,35,36,37,45,46
561,14,15,16,17,24,25,26,27,34,35,36,37,45,46
562,14,15,16,17,24,25,26,27,34,35,36,37,45,46
563,14,15,16,17,24,25,26,27,34,35,36,37,45,46
564,14,15,16,17,24,25,26,27,34,35,36,37,45,46
565,14,15,16,17,24,25,26,27,34,35,36,37,45,46
566,14,15,16,17,24,25,26,27,34,35,36,37,45,46
567,14,15,16,17,24,25,26,27,34,35,36,37,45,46
568,14,15,16,17,24,25,26,27,34,35,36,37,45,46
569,14,15,16,17,24,25,26,27,34,35,36,37,45,46
570,14,15,16,17,24,25,26,27,34,35,36,37,45,46
571,14,15,16,17,24,25,26,27,34,35,36,37,45,46
572,14,15,16,17,24,25,26,27,34,35,36,37,45,46
573,14,15,16,17,24,25,26,27,34,35,36,37,45,46
574,14,15,16,17,24,25,26,27,34,35,36,37,45,46
575,14,15,16,17,24,25,26,27,34,35,36,37,45,46
576,14,15,16,17,24,25,26,27,34,35,36,37,45,46
577,14,15,16,17,24,25,26,27,34,35,36,37
578,14,15,16,17,24,25,26,27,34,35,36,37
579,14,15,16,17,24,25,26,27,34,35,36,37
580,14,15,16,17,24,25,26,27,34,35,36,37
581,14,15,16,17,24,25,26,27,34,35,36,37
582,14,15,16,17,24,25,26,27,34,35,36,37
583,14,15,16,17,24,25,26,27,34,35,36,37
584,14,15,16,17,24,25,26,27,34,35,36,37
585,14,15,16,17,24,25,26,27,34,35,36,37
586,14,15,16,17,24,25,26,27,34,35,36,37
587,14,15,16,17,24,25,26,27,34,35,36,37
588,14,15,16,17,24,25,26,27,34,35,36,37
589,14,15,16,17,24,25,26,27,34,35,36,37
590,14,15,16,17,24,25,26,27,34,35,36,37
591,14,15,16,17,24,25,26,27,34,35,36,37
592,14,15,16,17,24,25,26,27,34,35,36,37
593,14,15,16,17,24,25,26,27,34,35,36,37
594,14,15,16,17,24,25,26,27,34,35,36,37
595,14,15,16,17,24,25,26,27,34,35,36,37
596,14,15,16,17,24,25,26,27,34,35,36,37
597,14,15,16,17,24,25,26,27,34,35,36,37
598,14,15,16,17,24,25,26,27,34,35,36,37
599,14,15,16,17,24,25,26,27,34,35,36,37
600,14,15,16,17,24,25,26,27,34,35,36,37
601,14,15,16,17,24,25,26,27,34,35,36,37
602,14,15,16,17,24,25,26,27,34,35,36,37
603,14,15,16,17,24,25,26,27,34,35,36,37
604,14,15,16,17,24,25,26,27,34,35,36,37
605,14,15,16,17,24,25,26,27,34,35,36,37
606,14,15,16,17,24,25,26,27,34,35,36,37
607,14,15,16,17,24,25,26,27,34,35,36,37
608,14,15,16,17,24,25,26,27,34,35,36,37
609,6,14,15,16,17,24,25,26,27,34,35,36,37
610,6,14,15,16,17,24,25,26,27,34,35,36,37
611,6,14,15,16,17,24,25,26,27,34,35,36,37
612,6,14,15,16,17,24,25,26,27,34,35,36,37
613,14,15,16,17,24,25,26,27,34,35,36,37
614,14,15,16,17,24,25,26,27,34,35,36,37
615,14,15,16,17,24,25,26,27,34,35,36,37
616,14,15,16,17,24,25,26,27,34,35,36,37
617,14,15,16,17,24,25,26,27,34,35,36,37
618,14,15,16,17,24,25,26,27,34,35,36,37
619,14,15,16,17,24,25,26,27,34,35,36,37
620,14,15,16,17,24,25,26,27,34,35,36,37
621,6,14,15,16,17,24,25,26,27,34,35,36,37
622,6,14,15,16,17,24,25,26,27,34,35,36,37
623,6,14,15,16,17,24,25,26,27,34,35,36,37
624,6,14,15,16,17,24,25,26,27,34,35,36,37
625,6,14,15,16,17,24,25,26,27,34,35,36,37
626,6,14,15,16,17,24,25,26,27,34,35,36,37
627,6,14,15,16,17,24,25,26,27,34,35,36,37
628,6,14,15,16,17,24,25,26,27,34,35,36,37
629,6,14,15,16,17,24,25,26,27,34,35,36,37
630,6,14,15,16,17,24,25,26,27,34,35,36,37
631,14,15,16,17,24,25,26,27,34,35,36,37
632,14,15,16,17,24,25,26,27,34,35,36,37
633,14,15,16,17,24,25,26,27,34,35,36,37
634,14,15,16,17,24,25,26,27,34,35,36,37
635,14,15,16,17,24,25,26,27,34,35,36,37
636,14,15,16,17,24,25,26,27,34,35,36,37
637,14,15,16,17,24,25,26,27,34,35,36,37
638,14,15,16,17,24,25,26,27,34,35,36,37
639,14,15,16,17,24,25,26,27,34,35,36,37
640,14,15,16,17,24,25,26,27,34,35,36,37
641,14,15,16,17,24,25,26,27,34,35,36,37
642,14,15,16,17,24,25,26,27,34,35,36,37
643,14,15,16,17,24,25,26,27,34,35,36,37
644,14,15,16,17,24,25,26,27,34,35,36,37
645,14,15,16,17,24,25,26,27,34,35,36,37
646,14,15,16,17,24,25,26,27,34,35,36,37
647,14,15,16,17,24,25,26,27,34,35,36,37
648,14,15,16,17,24,25,26,27,34,35,36,37
649,14,15,16,17,24,25,26,27,34,35,36,37
650,14,15,16,17,24,25,26,27,34,35,36,37
651,14,15,16,17,24,25,26,27,34,35,36,37
652,14,15,16,17,24,25,26,27,34,35,36,37
653,14,15,16,17,24,25,26,27,34,35,36,37
654,14,15,16,17,24,25,26,27,34,35,36,37
655,14,15,16,17,24,25,26,27,34,35,36,37
656,14,15,16,17,24,25,26,27,34,35,36,37
657,14,15,16,17,24,25,26,27,34,35,36,37
658,14,15,16,17,24,25,26,27,34,35,36,37
659,14,15,16,17,24,25,26,27,34,35,36,37
660,14,15,16,17,24,25,26,27,34,35,36,37
661,14,15,16,17,24,25,26,27,35,36,37
662,14,15,16,17,24,25,26,27,35,36,37
663,14,15,16,17,24,25,26,27,35,36,37
664,14,15,16,17,24,25,26,27,35,36,37
665,6,14,15,16,17,24,25,26,27,35,36,37
666,6,14,15,16,17,24,25,26,27,35,36,37
667,6,15,16,17,24,25,26,27,35,36,37
668,6,15,16,17,24,25,26,27,35,36,37
669,6,15,16,17,24,25,26,27,35,36,37
670,6,15,16,17,24,25,26,27,35,36,37
671,6,15,16,17,25,26,27,35,36,37
672,6,15,16,17,25,26,27,35,36,37
673,6,15,16,17,25,26,27,35,36,37
674,6,15,16,17,25,26,27,35,36,37
675,6,7,15,16,17,25,26,27,35,36,37
676,6,7,15,16,17,25,26,27,35,36,37
677,6,7,15,16,17,18,25,26,27,28,35,36,37
678,6,7,15,16,17,18,25,26,27,28,35,36,37
679,6,7,15,16,17,18,25,26,27,28,35,36,37
680,6,7,15,16,17,18,25,26,27,28,35,36,37
681,6,7,15,16,17,18,25,26,27,28,35,36,37
682,6,7,15,16,17,18,25,26,27,28,35,36,37
683,6,7,15,16,17,18,25,26,27,28,35,36,37,38
684,6,7,15,16,17,18,25,26,27,28,35,36,37,38
685,6,7,15,16,17,18,25,26,27,28,35,36,37,38
686,6,7,15,16,17,18,25,26,27,28,35,36,37,38
687,6,7,15,16,17,18,25,26,27,28,35,36,37,38
688,6,7,15,16,17,18,25,26,27,28,35,36,37,38
689,6,7,15,16,17,18,25,26,27,28,35,36,37,38
690,6,7,15,16,17,18,25,26,27,28,35,36,37,38
691,6,7,15,16,17,18,25,26,27,28,35,36,37,38
692,6,7,15,16,17,18,25,26,27,28,35,36,37,38
693,6,7,15,16,17,18,25,26,27,28,35,36,37,38
694,6,7,15,16,17,18,25,26,27,28,35,36,37,38
695,6,7,15,16,17,18,25,26,27,28,35,36,37,38
696,6,7,15,16,17,18,25,26,27,28,35,36,37,38
697,6,7,15,16,17,18,25,26,27,28,35,36,37,38
698,6,7,15,16,17,18,25,26,27,28,35,36,37,38
699,6,7,15,16,17,18,25,26,27,28,35,36,37,38
700,6,7,15,16,17,18,25,26,27,28,35,36,37,38
701,6,7,15,16,17,18,25,26,27,28,35,36,37,38
702,6,7,15,16,17,18,25,26,27,28,35,36,37,38
703,6,7,15,16,17,18,25,26,27,28,35,36,37,38
704,6,7,15,16,17,18,25,26,27,28,35,36,37,38
705,6,7,15,16,17,18,25,26,27,28,35,36,37,38
706,6,7,15,16,17,18,25,26,27,28,35,36,37,38
707,6,7,15,16,17,18,25,26,27,28,35,36,37,38
708,6,7,15,16,17,18,25,26,27,28,35,36,37,38
709,6,7,15,16,17,18,25,26,27,28,35,36,37,38
710,6,7,15,16,17,18,25,26,27,28,35,36,37,38
711,6,7,15,16,17,18,25,26,27,28,35,36,37,38
712,6,7,15,16,17,18,25,26,27,28,35,36,37,38
713,6,7,15,16,17,18,25,26,27,28,35,36,37,38
714,6,7,15,16,17,18,25,26,27,28,35,36,37,38
715,6,7,15,16,17,18,25,26,27,28,35,36,37,38
716,6,7,15,16,17,18,25,26,27,28,35,36,37,38
717,6,7,15,16,17,18,25,26,27,28,35,36,37,38
718,6,7,15,16,17,18,25,26,27,28,35,36,37,38
719,6,7,15,16,17,18,25,26,27,28,35,36,37,38
720,6,7,15,16,17,18,25,26,27,28,35,36,37,38
721,6,7,15,16,17,18,25,26,27,28,35,36,37
722,6,7,15,16,17,18,25,26,27,28,35,36,37
723,6,7,15,16,17,18,25,26,27,28,35,36,37
724,6,7,15,16,17,18,25,26,27,28,35,36,37
725,6,7,15,16,17,18,25,26,27,28,35,36,37
726,6,7,15,16,17,18,25,26,27,28,35,36,37
727,6,7,15,16,17,18,25,26,27,28,35,36,37
728,6,7,15,16,17,18,25,26,27,28,35,36,37
729,6,7,15,16,17,25,26,27,28,35,36,37
730,6,7,15,16,17,25,26,27,28,35,36,37
731,6,7,15,16,17,25,26,27,35,36,37
732,6,7,15,16,17,25,26,27,35,36,37
733,6,7,15,16,17,25,26,27,35,36,37
734,6,7,15,16,17,25,26,27,35,36,37
735,6,7,15,16,17,25,26,27,35,36,37
736,6,7,15,16,17,25,26,27,35,36,37
737,6,7,15,16,17,25,26,27,35,36,37
738,6,7,15,16,17,25,26,27,35,36,37
739,6,15,16,17,25,26,27,35,36,37
740,6,15,16,17,25,26,27,35,36,37
741,6,15,16,17,25,26,27,35,36,37
742,6,15,16,17,25,26,27,35,36,37
743,6,15,16,17,24,25,26,27,35,36,37
744,6,15,16,17,24,25,26,27,35,36,37
745,6,14,15,16,17,24,25,26,27,35,36,37
746,6,14,15,16,17,24,25,26,27,35,36,37
747,6,14,15,16,17,24,25,26,27,35,36,37
748,6,14,15,16,17,24,25,26,27,35,36,37
749,6,14,15,16,17,24,25,26,27,35,36,37
750,6,14,15,16,17,24,25,26,27,35,36,37
751,6,14,15,16,17,24,25,26,27,35,36,37
752,6,14,15,16,17,24,25,26,27,35,36,37
753,6,14,15,16,17,24,25,26,27,35,36,37
754,6,14,15,16,17,24,25,26,27,35,36,37
755,6,14,15,16,17,24,25,26,27,34,35,36,37
756,6,14,15,16,17,24,25,26,27,34,35,36,37
757,6,14,15,16,17,24,25,26,27,34,35,36,37
758,6,14,15,16,17,24,25,26,27,34,35,36,37
759,6,14,15,16,17,24,25,26,27,34,35,36,37
760,6,14,15,16,17,24,25,26,27,34,35,36,37
761,6,14,15,16,17,24,25,26,27,34,35,36,37
762,6,14,15,16,17,24,25,26,27,34,35,36,37
763,6,14,15,16,17,24,25,26,27,34,35,36,37
764,6,14,15,16,17,24,25,26,27,34,35,36,37
765,6,14,15,16,17,24,25,26,27,34,35,36,37
766,6,14,15,16,17,24,25,26,27,34,35,36,37
767,6,14,15,16,17,24,25,26,27,34,35,36,37
768,6,14,15,16,17,24,25,26,27,34,35,36,37
769,6,14,15,16,17,24,25,26,27,34,35,36,37
770,6,14,15,16,17,24,25,26,27,34,35,36,37
771,6,14,15,16,17,24,25,26,27,34,35,36,37
772,6,14,15,16,17,24,25,26,27,34,35,36,37
773,6,14,15,16,17,24,25,26,27,34,35,36,37
774,6,14,15,16,17,24,25,26,27,34,35,36,37
775,6,14,15,16,17,24,25,26,27,34,35,36,37
776,6,14,15,16,17,24,25,26,27,34,35,36,37
777,6,14,15,16,17,24,25,26,27,34,35,36,37
778,6,14,15,16,17,24,25,26,27,34,35,36,37
779,6,14,15,16,17,24,25,26,27,34,35,36,37
780,6,14,15,16,17,24,25,26,27,34,35,36,37
781,6,14,15,16,17,24,25,26,27,34,35,36,37
782,6,14,15,16,17,24,25,26,27,34,35,36,37
783,6,14,15,16,17,24,25,26,27,34,35,36,37
784,6,14,15,16,17,24,25,26,27,34,35,36,37
785,14,15,16,17,24,25,26,27,34,35,36,37
786,14,15,16,17,24,25,26,27,34,35,36,37
787,14,15,16,17,24,25,26,27,34,35,36,37
788,14,15,16,17,24,25,26,27,34,35,36,37
789,14,15,16,17,24,25,26,27,34,35,36
790,14,15,16,17,24,25,26,27,34,35,36
791,14,15,16,24,25,26,27,34,35,36
792,14,15,16,24,25,26,27,34,35,36
793,14,15,16,24,25,26,27,34,35,36
794,14,15,16,24,25,26,27,34,35,36
795,14,15,16,24,25,26,27,34,35,36
796,14,15,16,24,25,26,27,34,35,36
797,14,15,16,24,25,26,27,34,35,36
798,14,15,16,24,25,26,27,34,35,36
799,14,15,16,24,25,26,27,34,35,36
800,14,15,16,24,25,26,27,34,35,36
801,14,15,16,24,25,26,34,35,36
802,14,15,16,24,25,26,34,35,36
803,14,15,16,24,25,26,34,35,36
804,14,15,16,24,25,26,34,35,36
805,14,15,16,24,25,26,34,35,36
806,14,15,16,24,25,26,34,35,36
807,5,14,15,16,24,25,26,34,35,36
808,5,14,15,16,24,25,26,34,35,36
809,5,14,15,16,24,25,26,34,35,36
810,5,14,15,16,24,25,26,34,35,36
811,5,14,15,16,24,25,26,34,35,36
812,5,14,15,16,24,25,26,34,35,36
813,5,14,15,16,24,25,26,34,35,36
814,5,14,15,16,24,25,26,34,35,36
815,5,14,15,16,24,25,26,34,35,36
816,5,14,15,16,24,25,26,34,35,36
817,5,14,15,16,24,25,26,34,35,36
818,5,14,15,16,24,25,26,34,35,36
819,5,14,15,16,24,25,26,34,35,36
820,5,14,15,16,24,25,26,34,35,36
821,5,14,15,16,24,25,26,27,34,35,36
822,5,14,15,16,24,25,26,27,34,35,36
823,5,14,15,16,24,25,26,27,34,35,36
824,5,14,15,16,24,25,26,27,34,35,36
825,5,14,15,16,24,25,26,27,34,35,36
826,5,14,15,16,24,25,26,27,34,35,36
827,5,6,14,15,16,24,25,26,27,34,35,36
828,5,6,14,15,16,24,25,26,27,34,35,36
829,5,6,14,15,16,17,24,25,26,27,34,35,36
830,5,6,14,15,16,17,24,25,26,27,34,35,36
831,5,6,14,15,16,17,24,25,26,27,34,35,36
832,5,6,14,15,16,17,24,25,26,27,34,35,36
833,5,6,14,15,16,17,24,25,26,27,34,35,36
834,5,6,14,15,16,17,24,25,26,27,34,35,36
835,5,6,14,15,16,17,24,25,26,27,34,35,36
836,5,6,14,15,16,17,24,25,26,27,34,35,36
837,5,6,14,15,16,17,24,25,26,27,34,35,36
838,5,6,14,15,16,17,24,25,26,27,34,35,36
839,5,6,14,15,16,17,24,25,26,27,34,35,36
840,5,6,14,15,16,17,24,25,26,27,34,35,36
841,5,6,14,15,16,17,24,25,26,27,34,35,36
842,5,6,14,15,16,17,24,25,26,27,34,35,36
843,5,6,14,15,16,17,24,25,26,27,34,35,36
844,5,6,14,15,16,17,24,25,26,27,34,35,36
845,5,14,15,16,17,24,25,26,27,34,35,36
846,5,14,15,16,17,24,25,26,27,34,35,36
847,5,14,15,16,17,24,25,26,27,34,35,36
848,5,14,15,16,17,24,25,26,27,34,35,36
849,5,14,15,16,17,24,25,26,27,34,35,36
850,5,14,15,16,17,24,25,26,27,34,35,36
851,5,14,15,16,17,24,25,26,27,34,35,36
852,5,14,15,16,17,24,25,26,27,34,35,36
853,5,14,15,16,17,24,25,26,27,34,35,36
854,5,14,15,16,17,24,25,26,27,34,35,36
855,5,14,15,16,17,24,25,26,27,34,35,36
856,5,14,15,16,17,24,25,26,27,34,35,36
857,5,14,15,16,17,24,25,26,27,34,35,36
858,5,14,15,16,17,24,25,26,27,34,35,36
859,5,6,14,15,16,17,24,25,26,27,34,35,36
860,5,6,14,15,16,17,24,25,26,27,34,35,36
861,5,6,14,15,16,17,24,25,26,27,34,35,36
862,5,6,14,15,16,17,24,25,26,27,34,35,36
863,5,6,14,15,16,17,24,25,26,27,34,35,36
864,5,6,14,15,16,17,24,25,26,27,34,35,36
865,5,6,14,15,16,17,24,25,26,27,34,35,36
866,5,6,14,15,16,17,24,25,26,27,34,35,36
867,5,6,14,15,16,17,24,25,26,27,34,35,36
868,5,6,14,15,16,17,24,25,26,27,34,35,36
869,5,6,14,15,16,17,24,25,26,27,34,35,36
870,5,6,14,15,16,17,24,25,26,27,34,35,36
871,5,6,14,15,16,17,24,25,26,27,34,35,36
872,5,6,14,15,16,17,24,25,26,27,34,35,36
873,5,6,14,15,16,17,24,25,26,27,34,35,36
874,5,6,14,15,16,17,24,25,26,27,34,35,36
875,5,6,14,15,16,17,24,25,26,27,34,35,36
876,5,6,14,15,16,17,24,25,26,27,34,35,36
877,5,6,14,15,16,17,24,25,26,27,34,35,36
878,5,6,14,15,16,17,24,25,26,27,34,35,36
879,5,6,14,15,16,17,24,25,26,27,34,35,36
880,5,6,14,15,16,17,24,25,26,27,34,35,36
881,5,6,14,15,16,17,24,25,26,27,34,35,36
882,5,6,14,15,16,17,24,25,26,27,34,35,36
883,5,6,14,15,16,17,24,25,26,27,34,35,36
884,5,6,14,15,16,17,24,25,26,27,34,35,36
885,5,6,14,15,16,17,24,25,26,27,34,35,36,37
886,5,6,14,15,16,17,24,25,26,27,34,35,36,37
887,5,6,14,15,16,17,24,25,26,27,34,35,36,37
888,5,6,14,15,16,17,24,25,26,27,34,35,36,37
889,5,6,14,15,16,17,24,25,26,27,34,35,36,37
890,5,6,14,15,16,17,24,25,26,27,34,35,36,37
891,5,6,14,15,16,17,24,25,26,27,34,35,36,37
892,5,6,14,15,16,17,24,25,26,27,34,35,36,37
893,5,6,14,15,16,17,24,25,26,27,34,35,36,37
894,5,6,14,15,16,17,24,25,26,27,34,35,36,37
895,5,6,14,15,16,17,24,25,26,27,34,35,36,37
896,5,6,14,15,16,17,24,25,26,27,34,35,36,37
897,5,6,14,15,16,17,24,25,26,27,34,35,36,37
898,5,6,14,15,16,17,24,25,26,27,34,35,36,37
899,5,6,14,15,16,17,24,25,26,27,34,35,36,37
900,5,6,14,15,16,17,24,25,26,27,34,35,36,37
901,5,6,14,15,16,17,24,25,26,27,34,35,36,37
902,5,6,14,15,16,17,24,25,26,27,34,35,36,37
903,5,6,14,15,16,17,24,25,26,27,34,35,36,37
904,5,6,14,15,16,17,24,25,26,27,34,35,36,37
905,5,6,14,15,16,17,24,25,26,27,34,35,36,37
906,5,6,14,15,16,17,24,25,26,27,34,35,36,37
907,5,6,14,15,16,17,24,25,26,27,34,35,36,37
908,5,6,14,15,16,17,24,25,26,27,34,35,36,37
909,5,6,14,15,16,17,24,25,26,27,34,35,36,37
910,5,6,14,15,16,17,24,25,26,27,34,35,36,37
911,5,6,14,15,16,17,24,25,26,27,34,35,36,37
912,5,6,14,15,16,17,24,25,26,27,34,35,36,37
913,5,6,14,15,16,17,24,25,26,27,34,35,36,37
914,5,6,14,15,16,17,24,25,26,27,34,35,36,37
915,5,6,14,15,16,17,24,25,26,27,34,35,36,37
916,5,6,14,15,16,17,24,25,26,27,34,35,36,37
917,5,6,14,15,16,17,24,25,26,27,34,35,36,37
918,5,6,14,15,16,17,24,25,26,27,34,35,36,37
919,5,6,14,15,16,17,24,25,26,27,34,35,36,37
920,5,6,14,15,16,17,24,25,26,27,34,35,36,37
921,5,6,14,15,16,17,24,25,26,27,34,35,36,37
922,5,6,14,15,16,17,24,25,26,27,34,35,36,37
923,5,6,14,15,16,17,24,25,26,27,34,35,36,37
924,5,6,14,15,16,17,24,25,26,27,34,35,36,37
925,5,6,14,15,16,17,24,25,26,27,34,35,36,37
926,5,6,14,15,16,17,24,25,26,27,34,35,36,37
927,5,6,14,15,16,17,24,25,26,27,34,35,36,37
928,5,6,14,15,16,17,24,25,26,27,34,35,36,37
929,5,6,14,15,16,17,24,25,26,27,34,35,36,37
930,5,6,14,15,16,17,24,25,26,27,34,35,36,37
931,5,6,14,15,16,17,24,25,26,27,34,35,36,37
932,5,6,14,15,16,17,24,25,26,27,34,35,36,37
933,5,6,14,15,16,17,24,25,26,27,34,35,36,37
934,5,6,14,15,16,17,24,25,26,27,34,35,36,37
935,5,6,14,15,16,17,24,25,26,27,34,35,36,37
936,5,6,14,15,16,17,24,25,26,27,34,35,36,37
937,5,6,14,15,16,17,24,25,26,27,34,35,36,37
938,5,6,14,15,16,17,24,25,26,27,34,35,36,37
939,5,6,14,15,16,17,24,25,26,27,34,35,36,37
940,5,6,14,15,16,17,24,25,26,27,34,35,36,37
941,5,6,14,15,16,17,24,25,26,27,34,35,36,37
942,5,6,14,15,16,17,24,25,26,27,34,35,36,37
943,5,6,14,15,16,17,24,25,26,27,34,35,36,37
944,5,6,14,15,16,17,24,25,26,27,34,35,36,37
945,5,6,14,15,16,17,24,25,26,27,34,35,36,37
946,5,6,14,15,16,17,24,25,26,27,34,35,36,37
947,5,6,14,15,16,17,24,25,26,27,34,35,36,37
948,5,6,14,15,16,17,24,25,26,27,34,35,36,37
949,5,6,14,15,16,17,24,25,26,27,35,36,37
950,5,6,14,15,16,17,24,25,26,27,35,36,37
951,5,6,14,15,16,17,24,25,26,27,35,36,37
952,5,6,14,15,16,17,24,25,26,27,35,36,37
953,5,6,14,15,16,17,24,25,26,27,35,36,37
954,5,6,14,15,16,17,24,25,26,27,35,36,37
955,5,6,7,14,15,16,17,24,25,26,27,35,36,37
956,5,6,7,14,15,16,17,24,25,26,27,35,36,37
957,5,6,7,14,15,16,17,24,25,26,27,35,36,37
958,5,6,7,14,15,16,17,24,25,26,27,35,36,37
959,6,7,14,15,16,17,24,25,26,27,35,36,37
960,6,7,14,15,16,17,24,25,26,27,35,36,37
961,6,7,14,15,16,17,24,25,26,27,35,36,37
962,6,7,14,15,16,17,24,25,26,27,35,36,37
963,6,7,14,15,16,17,24,25,26,27,35,36,37
964,6,7,14,15,16,17,24,25,26,27,35,36,37
965,6,7,14,15,16,17,24,25,26,27,35,36,37
966,6,7,14,15,16,17,24,25,26,27,35,36,37
967,6,7,14,15,16,17,24,25,26,27,35,36,37
968,6,7,14,15,16,17,24,25,26,27,35,36,37
969,6,7,14,15,16,17,24,25,26,27,35,36,37
970,6,7,14,15,16,17,24,25,26,27,35,36,37
971,6,7,14,15,16,17,24,25,26,27,35,36,37
972,6,7,14,15,16,17,24,25,26,27,35,36,37
973,6,7,14,15,16,17,24,25,26,27,35,36,37
974,6,7,14,15,16,17,24,25,26,27,35,36,37
975,6,7,14,15,16,17,24,25,26,27,35,36,37
976,6,7,14,15,16,17,24,25,26,27,35,36,37
977,6,7,14,15,16,17,24,25,26,27,35,36,37
978,6,7,14,15,16,17,24,25,26,27,35,36,37
979,6,7,14,15,16,17,24,25,26,27,35,36,37
980,6,7,14,15,16,17,24,25,26,27,35,36,37
981,5,6,7,14,15,16,17,24,25,26,27,35,36,37
982,5,6,7,14,15,16,17,24,25,26,27,35,36,37
983,5,6,7,14,15,16,17,24,25,26,27,35,36,37
984,5,6,7,14,15,16,17,24,25,26,27,35,36,37
985,5,6,7,14,15,16,17,24,25,26,27,35,36,37
986,5,6,7,14,15,16,17,24,25,26,27,35,36,37
987,5,6,7,14,15,16,17,24,25,26,27,35,36,37
988,5,6,7,14,15,16,17,24,25,26,27,35,36,37
989,5,6,7,14,15,16,17,24,25,26,27,35,36,37
990,5,6,7,14,15,16,17,24,25,26,27,35,36,37
991,5,6,7,14,15,16,17,24,25,26,27,35,36,37
992,5,6,7,14,15,16,17,24,25,26,27,35,36,37
993,5,6,7,14,15,16,17,24,25,26,27,35,36,37
994,5,6,7,14,15,16,17,24,25,26,27,35,36,37
995,5,6,7,14,15,16,17,24,25,26,27,35,36,37
996,5,6,7,14,15,16,17,24,25,26,27,35,36,37
997,5,6,7,14,15,16,17,24,25,26,27,35,36,37
998,5,6,7,14,15,16,17,24,25,26,27,35,36,37
999,5,6,7,14,15,16,17,24,25,26,27,35,36,37
1000,5,6,7,14,15,16,17,24,25,26,27,35,36,37
1001,5,6,7,14,15,16,17,24,25,26,27,35,36,37
1002,5,6,7,14,15,16,17,24,25,26,27,35,36,37
1003,5,6,7,14,15,16,17,24,25,26,27,35,36,37
1004,5,6,7,14,15,16,17,24,25,26,27,35,36,37
1005,5,6,7,14,15,16,17,24,25,26,27,35,36,37
1006,5,6,7,14,15,16,17,24,25,26,27,35,36,37
1007,5,6,7,14,15,16,17,24,25,26,27,35,36,37
1008,5,6,7,14,15,16,17,24,25,26,27,35,36,37
1009,5,6,7,14,15,16,17,24,25,26,27,35,36,37
1010,5,6,7,14,15,16,17,24,25,26,27,35,36,37
1011,5,6,7,14,15,16,17,24,25,26,27,35,36,37
1012,5,6,7,14,15,16,17,24,25,26,27,35,36,37
1013,5,6,7,14,15,16,17,24,25,26,27,35,36,37
1014,5,6,7,14,15,16,17,24,25,26,27,35,36,37
1015,5,6,7,14,15,16,17,24,25,26,27,35,36,37
1016,5,6,7,14,15,16,17,24,25,26,27,35,36,37
1017,5,6,7,14,15,16,17,24,25,26,27,35,36,37
1018,5,6,7,14,15,16,17,24,25,26,27,35,36,37
1019,5,6,7,14,15,16,17,24,25,26,27,35,36,37
1020,5,6,7,14,15,16,17,24,25,26,27,35,36,37
1021,5,6,7,14,15,16,17,24,25,26,27,35,36,37
1022,5,6,7,14,15,16,17,24,25,26,27,35,36,37
1023,5,6,7,14,15,16,17,24,25,26,27,35,36,37
1024,5,6,7,14,15,16,17,24,25,26,27,35,36,37
1025,5,6,7,14,15,16,17,24,25,26,27,35,36,37
1026,5,6,7,14,15,16,17,24,25,26,27,35,36,37
1027,5,6,14,15,16,17,24,25,26,27,35,36,37
1028,5,6,14,15,16,17,24,25,26,27,35,36,37
1029,5,6,14,15,16,17,24,25,26,27,35,36,37
1030,5,6,14,15,16,17,24,25,26,27,35,36,37
1031,5,6,14,15,16,17,24,25,26,27,35,36,37
1032,5,6,14,15,16,17,24,25,26,27,35,36,37
1033,5,6,14,15,16,17,24,25,26,27,34,35,36,37
1034,5,6,14,15,16,17,24,25,26,27,34,35,36,37
1035,5,6,14,15,16,17,24,25,26,27,34,35,36,37
1036,5,6,14,15,16,17,24,25,26,27,34,35,36,37
1037,5,6,14,15,16,17,24,25,26,27,34,35,36,37
1038,5,6,14,15,16,17,24,25,26,27,34,35,36,37
1039,5,6,14,15,16,17,24,25,26,27,34,35,36,37
1040,5,6,14,15,16,17,24,25,26,27,34,35,36,37
1041,5,6,14,15,16,17,24,25,26,27,34,35,36,37
1042,5,6,14,15,16,17,24,25,26,27,34,35,36,37
1043,5,6,14,15,16,17,24,25,26,27,34,35,36,37
1044,5,6,14,15,16,17,24,25,26,27,34,35,36,37
1045,5,6,14,15,16,17,24,25,26,27,34,35,36,37
1046,5,6,14,15,16,17,24,25,26,27,34,35,36,37
1047,5,6,14,15,16,17,24,25,26,27,34,35,36,37
1048,5,6,14,15,16,17,24,25,26,27,34,35,36,37
1049,5,6,14,15,16,17,24,25,26,27,34,35,36,37
1050,5,6,14,15,16,17,24,25,26,27,34,35,36,37
1051,5,6,14,15,16,17,24,25,26,27,34,35,36,37
1052,5,6,14,15,16,17,24,25,26,27,34,35,36,37
1053,5,6,14,15,16,17,24,25,26,27,34,35,36,37
1054,5,6,14,15,16,17,24,25,26,27,34,35,36,37
1055,5,6,14,15,16,17,24,25,26,27,34,35,36,37
1056,5,6,14,15,16,17,24,25,26,27,34,35,36,37
1057,5,6,14,15,16,17,24,25,26,27,34,35,36,37
1058,5,6,14,15,16,17,24,25,26,27,34,35,36,37
1059,5,6,14,15,16,17,24,25,26,27,34,35,36,37
1060,5,6,14,15,16,17,24,25,26,27,34,35,36,37
1061,5,6,14,15,16,17,24,25,26,27,34,35,36,37
1062,5,6,14,15,16,17,24,25,26,27,34,35,36,37
1063,5,6,14,15,16,17,24,25,26,27,34,35,36,37
1064,5,6,14,15,16,17,24,25,26,27,34,35,36,37
1065,5,6,14,15,16,17,24,25,26,27,34,35,36,37
1066,5,6,14,15,16,17,24,25,26,27,34,35,36,37
1067,5,6,14,15,16,17,24,25,26,27,34,35,36,37
1068,5,6,14,15,16,17,24,25,26,27,34,35,36,37
1069,6,14,15,16,17,24,25,26,27,34,35,36,37
1070,6,14,15,16,17,24,25,26,27,34,35,36,37
1071,6,14,15,16,17,24,25,26,27,34,35,36,37
1072,6,14,15,16,17,24,25,26,27,34,35,36,37
1073,5,6,14,15,16,17,24,25,26,27,34,35,36,37
1074,5,6,14,15,16,17,24,25,26,27,34,35,36,37
1075,14,15,16,24,25,26,34,35,36
1076,14,15,16,24,25,26,34,35,36
1077,13,14,15,16,23,24,25,26,33,34,35,36,44,45
1078,13,14,15,16,23,24,25,26,33,34,35,36,44,45
1079,13,14,15,23,24,25,33,34,35,44,45
1080,13,14,15,23,24,25,33,34,35,44,45
1081,12,13,14,15,22,23,24,25,32,33,34,35,43,44
1082,12,13,14,15,22,23,24,25,32,33,34,35,43,44
1083,12,13,14,22,23,24,25,32,33,34,35,43,44
1084,12,13,14,22,23,24,25,32,33,34,35,43,44
1085,12,13,14,22,23,24,32,33,34,43
1086,12,13,14,22,23,24,32,33,34,43
1087,12,13,14,21,22,23,24,32,33,34,42,43
1088,12,13,14,21,22,23,24,32,33,34,42,43
1089,12,13,14,21,22,23,24,31,32,33,34,42,43
1090,12,13,14,21,22,23,24,31,32,33,34,42,43
1091,12,13,14,21,22,23,24,31,32,33,34,42,43
1092,12,13,14,21,22,23,24,31,32,33,34,42,43
1093,12,13,14,21,22,23,24,31,32,33,34,42,43
1094,12,13,14,21,22,23,24,31,32,33,34,42,43
1095,12,13,14,21,22,23,24,31,32,33,34,42,43
1096,12,13,14,21,22,23,24,31,32,33,34,42,43
1097,12,13,14,21,22,23,24,32,33,34,42,43,44
1098,12,13,14,21,22,23,24,32,33,34,42,43,44
1099,12,13,14,22,23,24,32,33,34,42,43,44
1100,12,13,14,22,23,24,32,33,34,42,43,44
1101,12,13,14,22,23,24,32,33,34,42,43,44
1102,12,13,14,22,23,24,32,33,34,42,43,44
1103,12,13,14,22,23,24,32,33,34,42,43,44
1104,12,13,14,22,23,24,32,33,34,42,43,44
1105,12,13,14,22,23,24,25,32,33,34,35,42,43,44
1106,12,13,14,22,23,24,25,32,33,34,35,42,43,44
1107,12,13,14,22,23,24,25,32,33,34,35,42,43,44
1108,12,13,14,22,23,24,25,32,33,34,35,42,43,44
1109,12,13,14,15,22,23,24,25,32,33,34,35,43,44
1110,12,13,14,15,22,23,24,25,32,33,34,35,43,44
1111,13,14,15,22,23,24,25,32,33,34,35,43,44,45
1112,13,14,15,22,23,24,25,32,33,34,35,43,44,45
1113,4,13,14,15,23,24,25,33,34,35
1114,4,13,14,15,23,24,25,33,34,35
1115,4,13,14,15,23,24,25,33,34,35
1116,4,13,14,15,23,24,25,33,34,35
1117,5,13,14,15,16,23,24,25,26,33,34,35,36
1118,5,13,14,15,16,23,24,25,26,33,34,35,36
1119,5,13,14,15,16,23,24,25,26,33,34,35,36
1120,5,13,14,15,16,23,24,25,26,33,34,35,36
1121,5,13,14,15,16,23,24,25,26,33,34,35,36
1122,5,13,14,15,16,23,24,25,26,33,34,35,36
1123,13,14,15,16,23,24,25,26,33,34,35,36
1124,13,14,15,16,23,24,25,26,33,34,35,36
1125,13,14,15,16,23,24,25,26,33,34,35,36
1126,13,14,15,16,23,24,25,26,33,34,35,36
1127,13,14,15,16,23,24,25,26,33,34,35,36
1128,13,14,15,16,23,24,25,26,33,34,35,36
1129,5,13,14,15,16,23,24,25,26,34,35,36
1130,5,13,14,15,16,23,24,25,26,34,35,36
1131,5,13,14,15,16,23,24,25,26,34,35,36
1132,5,13,14,15,16,23,24,25,26,34,35,36
1133,5,13,14,15,16,23,24,25,26,34,35,36
1134,5,13,14,15,16,23,24,25,26,34,35,36
1135,5,13,14,15,16,23,24,25,26,34,35,36
1136,5,13,14,15,16,23,24,25,26,34,35,36
1137,5,14,15,16,23,24,25,26,34,35,36
1138,5,14,15,16,23,24,25,26,34,35,36
1139,5,14,15,16,23,24,25,26,34,35,36
1140,5,14,15,16,23,24,25,26,34,35,36
1141,5,14,15,16,24,25,26,34,35,36
1142,5,14,15,16,24,25,26,34,35,36
1143,5,14,15,16,24,25,26,34,35,36
1144,5,14,15,16,24,25,26,34,35,36
1145,5,14,15,16,23,24,25,26,34,35,36
1146,5,14,15,16,23,24,25,26,34,35,36
1147,5,14,15,16,24,25,26,34,35,36
1148,5,14,15,16,24,25,26,34,35,36
1149,5,14,15,16,24,25,26,34,35,36
1150,5,14,15,16,24,25,26,34,35,36
1151,5,14,15,16,24,25,26,34,35,36
1152,5,14,15,16,24,25,26,34,35,36
1153,5,14,15,16,24,25,26,34,35,36
1154,5,14,15,16,24,25,26,34,35,36
1155,5,14,15,16,24,25,26,34,35,36
1156,5,14,15,16,24,25,26,34,35,36
1157,5,14,15,16,24,25,26,34,35,36
1158,5,14,15,16,24,25,26,34,35,36
1159,5,14,15,16,24,25,26,34,35,36
1160,5,14,15,16,24,25,26,34,35,36
1161,5,14,15,16,24,25,26,34,35,36
1162,5,14,15,16,24,25,26,34,35,36
1163,5,6,14,15,16,24,25,26,34,35,36
1164,5,6,14,15,16,24,25,26,34,35,36
1165,5,6,14,15,16,24,25,26,34,35,36
1166,5,6,14,15,16,24,25,26,34,35,36
1167,5,6,14,15,16,24,25,26,34,35,36
1168,5,6,14,15,16,24,25,26,34,35,36
1169,5,6,14,15,16,24,25,26,34,35,36
1170,5,6,14,15,16,24,25,26,34,35,36
1171,5,6,14,15,16,24,25,26,34,35,36
1172,5,6,14,15,16,24,25,26,34,35,36
1173,5,6,14,15,16,24,25,26,34,35,36
1174,5,6,14,15,16,24,25,26,34,35,36
1175,5,6,14,15,16,24,25,26,34,35,36
1176,5,6,14,15,16,24,25,26,34,35,36
1177,5,6,14,15,16,24,25,26,34,35,36
1178,5,6,14,15,16,24,25,26,34,35,36
1179,5,6,14,15,16,24,25,26,34,35,36
1180,5,6,14,15,16,24,25,26,34,35,36
1181,5,6,14,15,16,24,25,26,34,35,36
1182,5,6,14,15,16,24,25,26,34,35,36
1183,5,6,14,15,16,24,25,26,34,35,36
1184,5,6,14,15,16,24,25,26,34,35,36
1185,5,6,14,15,16,24,25,26,34,35,36
1186,5,6,14,15,16,24,25,26,34,35,36
1187,5,6,14,15,16,24,25,26,34,35,36
1188,5,6,14,15,16,24,25,26,34,35,36
1189,5,6,14,15,16,24,25,26,34,35,36
1190,5,6,14,15,16,24,25,26,34,35,36
1191,5,6,14,15,16,24,25,26,34,35,36
1192,5,6,14,15,16,24,25,26,34,35,36
1193,5,6,14,15,16,24,25,26,34,35,36
1194,5,6,14,15,16,24,25,26,34,35,36
1195,5,6,14,15,16,24,25,26,34,35,36
1196,5,6,14,15,16,24,25,26,34,35,36
1197,5,6,14,15,16,24,25,26,34,35,36
1198,5,6,14,15,16,24,25,26,34,35,36
1199,5,6,14,15,16,24,25,26,34,35,36
1200,5,6,14,15,16,24,25,26,34,35,36
1201,5,6,14,15,16,24,25,26,34,35,36
1202,5,6,14,15,16,24,25,26,34,35,36
1203,5,6,14,15,16,24,25,26,34,35,36
1204,5,6,14,15,16,24,25,26,34,35,36
1205,5,6,14,15,16,24,25,26,34,35,36
1206,5,6,14,15,16,24,25,26,34,35,36
1207,5,6,14,15,16,24,25,26,34,35,36
1208,5,6,14,15,16,24,25,26,34,35,36
1209,5,6,14,15,16,24,25,26,34,35,36
1210,5,6,14,15,16,24,25,26,34,35,36
1211,5,6,14,15,16,24,25,26,34,35,36
1212,5,6,14,15,16,24,25,26,34,35,36
1213,5,6,14,15,16,24,25,26,34,35,36
1214,5,6,14,15,16,24,25,26,34,35,36
1215,5,6,14,15,16,24,25,26,34,35,36
1216,5,6,14,15,16,24,25,26,34,35,36
1217,5,6,14,15,16,24,25,26,34,35,36
1218,5,6,14,15,16,24,25,26,34,35,36
1219,5,6,14,15,16,24,25,26,34,35,36
1220,5,6,14,15,16,24,25,26,34,35,36
1221,5,6,14,15,16,24,25,26,34,35,36
1222,5,6,14,15,16,24,25,26,34,35,36
1223,5,6,14,15,16,24,25,26,34,35,36
1224,5,6,14,15,16,24,25,26,34,35,36
1225,5,6,14,15,16,24,25,26,34,35,36
1226,5,6,14,15,16,24,25,26,34,35,36
1227,5,6,14,15,16,24,25,26,34,35,36
1228,5,6,14,15,16,24,25,26,34,35,36
1229,5,6,14,15,16,24,25,26,34,35,36
1230,5,6,14,15,16,24,25,26,34,35,36
1231,5,6,14,15,16,24,25,26,34,35,36
1232,5,6,14,15,16,24,25,26,34,35,36
1233,5,6,14,15,16,24,25,26,34,35,36
1234,5,6,14,15,16,24,25,26,34,35,36
1235,5,6,14,15,16,24,25,26,34,35,36
1236,5,6,14,15,16,24,25,26,34,35,36
1237,5,6,14,15,16,24,25,26,34,35,36
1238,5,6,14,15,16,24,25,26,34,35,36
1239,5,6,14,15,16,24,25,26,34,35,36
1240,5,6,14,15,16,24,25,26,34,35,36
1241,5,6,14,15,16,24,25,26,34,35,36
1242,5,6,14,15,16,24,25,26,34,35,36
1243,5,6,14,15,16,24,25,26,34,35,36
1244,5,6,14,15,16,24,25,26,34,35,36
1245,5,6,14,15,16,24,25,26,34,35,36
1246,5,6,14,15,16,24,25,26,34,35,36
1247,5,6,14,15,16,24,25,26,34,35,36
1248,5,6,14,15,16,24,25,26,34,35,36
1249,5,6,14,15,16,24,25,26,34,35,36
1250,5,6,14,15,16,24,25,26,34,35,36
1251,5,6,14,15,16,24,25,26,34,35,36
1252,5,6,14,15,16,24,25,26,34,35,36
1253,5,6,14,15,16,24,25,26,34,35,36
1254,5,6,14,15,16,24,25,26,34,35,36
1255,5,6,14,15,16,24,25,26,34,35,36
1256,5,6,14,15,16,24,25,26,34,35,36
1257,5,6,14,15,16,24,25,26,34,35,36
1258,5,6,14,15,16,24,25,26,34,35,36
1259,5,6,14,15,16,24,25,26,34,35,36
1260,5,6,14,15,16,24,25,26,34,35,36
1261,5,6,14,15,16,24,25,26,34,35,36
1262,5,6,14,15,16,24,25,26,34,35,36
1263,5,6,14,15,16,24,25,26,34,35,36
1264,5,6,14,15,16,24,25,26,34,35,36
1265,5,6,14,15,16,24,25,26,34,35,36
1266,5,6,14,15,16,24,25,26,34,35,36
1267,5,6,14,15,16,24,25,26,34,35,36
1268,5,6,14,15,16,24,25,26,34,35,36
1269,5,6,14,15,16,24,25,26,34,35,36
1270,5,6,14,15,16,24,25,26,34,35,36
1271,5,6,14,15,16,24,25,26,34,35,36
1272,5,6,14,15,16,24,25,26,34,35,36
1273,5,6,14,15,16,24,25,26,34,35,36
1274,5,6,14,15,16,24,25,26,34,35,36
1275,5,6,14,15,16,24,25,26,34,35,36
1276,5,6,14,15,16,24,25,26,34,35,36
1277,5,6,14,15,16,24,25,26,34,35,36
1278,5,6,14,15,16,24,25,26,34,35,36
1279,5,6,14,15,16,24,25,26,34,35,36
1280,5,6,14,15,16,24,25,26,34,35,36
1281,5,6,14,15,16,24,25,26,34,35,36
1282,5,6,14,15,16,24,25,26,34,35,36
1283,5,6,14,15,16,24,25,26,34,35,36
1284,5,6,14,15,16,24,25,26,34,35,36
1285,5,6,14,15,16,24,25,26,34,35,36
1286,5,6,14,15,16,24,25,26,34,35,36
1287,5,6,14,15,16,24,25,26,34,35,36
1288,5,6,14,15,16,24,25,26,34,35,36
1289,5,6,14,15,16,24,25,26,34,35,36
1290,5,6,14,15,16,24,25,26,34,35,36
1291,5,6,14,15,16,24,25,26,34,35,36
1292,5,6,14,15,16,24,25,26,34,35,36
1293,5,6,14,15,16,24,25,26,34,35,36
1294,5,6,14,15,16,24,25,26,34,35,36
1295,5,6,14,15,16,24,25,26,34,35,36
1296,5,6,14,15,16,24,25,26,34,35,36
1297,5,6,14,15,16,24,25,26,34,35,36
1298,5,6,14,15,16,24,25,26,34,35,36
1299,5,6,14,15,16,24,25,26,34,35,36
1300,5,6,14,15,16,24,25,26,34,35,36
1301,5,6,14,15,16,24,25,26,34,35,36
1302,5,6,14,15,16,24,25,26,34,35,36
1303,5,6,14,15,16,24,25,26,34,35,36
1304,5,6,14,15,16,24,25,26,34,35,36
1305,5,6,14,15,16,24,25,26,34,35,36
1306,5,6,14,15,16,24,25,26,34,35,36
1307,5,6,14,15,16,24,25,26,34,35,36
1308,5,6,14,15,16,24,25,26,34,35,36
1309,5,6,14,15,16,24,25,26,34,35,36
1310,5,6,14,15,16,24,25,26,34,35,36
1311,5,6,14,15,16,24,25,26,34,35,36
1312,5,6,14,15,16,24,25,26,34,35,36
1313,5,6,14,15,16,24,25,26,34,35,36
1314,5,6,14,15,16,24,25,26,34,35,36
1315,5,6,14,15,16,24,25,26,34,35,36
1316,5,6,14,15,16,24,25,26,34,35,36
1317,5,6,14,15,16,24,25,26,34,35,36
1318,5,6,14,15,16,24,25,26,34,35,36
1319,5,14,15,16,24,25,26,34,35,36
1320,5,14,15,16,24,25,26,34,35,36
1321,5,13,14,15,16,23,24,25,26,34,35,36
1322,5,13,14,15,16,23,24,25,26,34,35,36
1323,5,13,14,15,16,23,24,25,26,34,35,36
1324,5,13,14,15,16,23,24,25,26,34,35,36
1325,5,13,14,15,16,23,24,25,26,34,35,36
1326,5,13,14,15,16,23,24,25,26,34,35,36
1327,5,13,14,15,16,23,24,25,26,33,34,35,36
1328,5,13,14,15,16,23,24,25,26,33,34,35,36
1329,5,13,14,15,16,23,24,25,26,33,34,35,36
1330,5,13,14,15,16,23,24,25,26,33,34,35,36
1331,5,13,14,15,16,23,24,25,26,33,34,35,36
1332,5,13,14,15,16,23,24,25,26,33,34,35,36
1333,5,13,14,15,16,23,24,25,26,33,34,35,36
1334,5,13,14,15,16,23,24,25,26,33,34,35,36
1335,5,13,14,15,16,23,24,25,26,33,34,35,36
1336,5,13,14,15,16,23,24,25,26,33,34,35,36
1337,5,13,14,15,16,23,24,25,26,33,34,35,36
1338,5,13,14,15,16,23,24,25,26,33,34,35,36
1339,5,13,14,15,16,23,24,25,26,33,34,35,36
1340,5,13,14,15,16,23,24,25,26,33,34,35,36
1341,5,13,14,15,16,23,24,25,26,33,34,35,36
1342,5,13,14,15,16,23,24,25,26,33,34,35,36
1343,5,13,14,15,16,23,24,25,26,33,34,35,36
1344,5,13,14,15,16,23,24,25,26,33,34,35,36
1345,5,13,14,15,16,23,24,25,26,33,34,35,36
1346,5,13,14,15,16,23,24,25,26,33,34,35,36
1347,5,13,14,15,16,23,24,25,26,33,34,35,36
1348,5,13,14,15,16,23,24,25,26,33,34,35,36
1349,5,13,14,15,16,23,24,25,26,33,34,35,36
1350,5,13,14,15,16,23,24,25,26,33,34,35,36
1351,5,13,14,15,16,23,24,25,26,33,34,35,36
1352,5,13,14,15,16,23,24,25,26,33,34,35,36
1353,5,13,14,15,16,23,24,25,26,33,34,35,36
1354,5,13,14,15,16,23,24,25,26,33,34,35,36
1355,5,13,14,15,16,23,24,25,26,33,34,35,36
1356,5,13,14,15,16,23,24,25,26,33,34,35,36
1357,5,13,14,15,16,23,24,25,26,33,34,35,36
1358,5,13,14,15,16,23,24,25,26,33,34,35,36
1359,5,13,14,15,16,23,24,25,26,33,34,35,36
1360,5,13,14,15,16,23,24,25,26,33,34,35,36
1361,5,13,14,15,16,23,24,25,26,33,34,35,36
1362,5,13,14,15,16,23,24,25,26,33,34,35,36
1363,5,13,14,15,16,23,24,25,26,33,34,35,36
1364,5,13,14,15,16,23,24,25,26,33,34,35,36
1365,5,13,14,15,16,23,24,25,26,33,34,35,36
1366,5,13,14,15,16,23,24,25,26,33,34,35,36
1367,5,13,14,15,16,23,24,25,26,33,34,35,36
1368,5,13,14,15,16,23,24,25,26,33,34,35,36
1369,5,13,14,15,16,23,24,25,26,33,34,35,36
1370,5,13,14,15,16,23,24,25,26,33,34,35,36
1371,5,13,14,15,16,23,24,25,26,33,34,35,36
1372,5,13,14,15,16,23,24,25,26,33,34,35,36
1373,5,13,14,15,16,23,24,25,26,34,35,36
1374,5,13,14,15,16,23,24,25,26,34,35,36
1375,5,13,14,15,16,23,24,25,26,34,35,36
1376,5,13,14,15,16,23,24,25,26,34,35,36
1377,5,13,14,15,16,23,24,25,26,34,35,36
1378,5,13,14,15,16,23,24,25,26,34,35,36
1379,5,13,14,15,16,23,24,25,26,34,35,36
1380,5,13,14,15,16,23,24,25,26,34,35,36
1381,5,13,14,15,16,23,24,25,26,34,35,36
1382,5,13,14,15,16,23,24,25,26,34,35,36
1383,5,13,14,15,16,23,24,25,26,34,35,36
1384,5,13,14,15,16,23,24,25,26,34,35,36
1385,5,13,14,15,16,23,24,25,26,34,35,36
1386,5,13,14,15,16,23,24,25,26,34,35,36
1387,5,13,14,15,16,23,24,25,26,34,35,36
1388,5,13,14,15,16,23,24,25,26,34,35,36
1389,5,14,15,16,23,24,25,26,34,35,36
1390,5,14,15,16,23,24,25,26,34,35,36
1391,5,14,15,16,24,25,26,34,35,36
1392,5,14,15,16,24,25,26,34,35,36
1393,5,14,15,16,24,25,26,34,35,36
1394,5,14,15,16,24,25,26,34,35,36
1395,5,14,15,16,24,25,26,34,35,36
1396,5,14,15,16,24,25,26,34,35,36
1397,5,14,15,16,24,25,26,34,35,36
1398,5,14,15,16,24,25,26,34,35,36
1399,5,14,15,16,24,25,26,34,35,36
1400,5,14,15,16,24,25,26,34,35,36
1401,5,14,15,16,24,25,26,34,35,36
1402,5,14,15,16,24,25,26,34,35,36
1403,5,14,15,16,24,25,26,34,35,36
1404,5,14,15,16,24,25,26,34,35,36
1405,5,14,15,16,24,25,26,34,35,36
1406,5,14,15,16,24,25,26,34,35,36
1407,5,14,15,16,24,25,26,34,35,36
1408,5,14,15,16,24,25,26,34,35,36
1409,5,14,15,16,24,25,26,34,35,36
1410,5,14,15,16,24,25,26,34,35,36
1411,5,14,15,16,24,25,26,34,35,36
1412,5,14,15,16,24,25,26,34,35,36
1413,5,14,15,16,24,25,26,27,34,35,36
1414,5,14,15,16,24,25,26,27,34,35,36
1415,5,14,15,16,24,25,26,27,34,35,36
1416,5,14,15,16,24,25,26,27,34,35,36
1417,5,14,15,16,24,25,26,27,34,35,36
1418,5,14,15,16,24,25,26,27,34,35,36
1419,5,14,15,16,24,25,26,27,34,35,36
1420,5,14,15,16,24,25,26,27,34,35,36
1421,5,14,15,16,24,25,26,27,34,35,36
1422,5,14,15,16,24,25,26,27,34,35,36
1423,14,15,16,24,25,26,27,34,35,36
1424,14,15,16,24,25,26,27,34,35,36
1425,14,15,16,24,25,26,27,34,35,36
1426,14,15,16,24,25,26,27,34,35,36
1427,14,15,16,24,25,26,27,34,35,36
1428,14,15,16,24,25,26,27,34,35,36
1429,14,15,16,24,25,26,27,34,35,36
1430,14,15,16,24,25,26,27,34,35,36
1431,14,15,16,24,25,26,27,34,35,36
1432,14,15,16,24,25,26,27,34,35,36
1433,14,15,16,24,25,26,27,34,35,36
1434,14,15,16,24,25,26,27,34,35,36
1435,14,15,16,24,25,26,27,34,35,36
1436,14,15,16,24,25,26,27,34,35,36
1437,14,15,16,24,25,26,27,34,35,36
1438,14,15,16,24,25,26,27,34,35,36
1439,14,15,16,24,25,26,27,34,35,36
1440,14,15,16,24,25,26,27,34,35,36
1441,14,15,16,24,25,26,27,34,35,36
1442,14,15,16,24,25,26,27,34,35,36
1443,14,15,16,24,25,26,27,34,35,36
1444,14,15,16,24,25,26,27,34,35,36
1445,14,15,16,24,25,26,27,34,35,36
1446,14,15,16,24,25,26,27,34,35,36
1447,14,15,16,17,24,25,26,27,34,35,36
1448,14,15,16,17,24,25,26,27,34,35,36
1449,14,15,16,17,24,25,26,27,34,35,36,37
1450,14,15,16,17,24,25,26,27,34,35,36,37
1451,14,15,16,17,24,25,26,27,34,35,36,37
1452,14,15,16,17,24,25,26,27,34,35,36,37
1453,6,14,15,16,17,24,25,26,27,34,35,36,37
1454,6,14,15,16,17,24,25,26,27,34,35,36,37
1455,6,14,15,16,17,24,25,26,27,34,35,36,37
1456,6,14,15,16,17,24,25,26,27,34,35,36,37
1457,6,14,15,16,17,24,25,26,27,34,35,36,37
1458,6,14,15,16,17,24,25,26,27,34,35,36,37
1459,6,14,15,16,17,24,25,26,27,34,35,36,37
1460,6,14,15,16,17,24,25,26,27,34,35,36,37
1461,6,14,15,16,17,24,25,26,27,34,35,36,37
1462,6,14,15,16,17,24,25,26,27,34,35,36,37
1463,6,14,15,16,17,24,25,26,27,34,35,36,37
1464,6,14,15,16,17,24,25,26,27,34,35,36,37
1465,6,14,15,16,17,24,25,26,27,34,35,36,37
1466,6,14,15,16,17,24,25,26,27,34,35,36,37
1467,6,14,15,16,17,24,25,26,27,34,35,36,37
1468,6,14,15,16,17,24,25,26,27,34,35,36,37
1469,14,15,16,17,24,25,26,27,34,35,36,37
1470,14,15,16,17,24,25,26,27,34,35,36,37
1471,14,15,16,17,24,25,26,27,34,35,36,37
1472,14,15,16,17,24,25,26,27,34,35,36,37
1473,14,15,16,17,24,25,26,27,34,35,36,37
1474,14,15,16,17,24,25,26,27,34,35,36,37
1475,14,15,16,17,24,25,26,27,34,35,36,37
1476,14,15,16,17,24,25,26,27,34,35,36,37
1477,14,15,16,17,24,25,26,27,34,35,36,37
1478,14,15,16,17,24,25,26,27,34,35,36,37
1479,14,15,16,17,24,25,26,27,34,35,36,37
1480,14,15,16,17,24,25,26,27,34,35,36,37
1481,14,15,16,17,24,25,26,27,34,35,36,37
1482,14,15,16,17,24,25,26,27,34,35,36,37
1483,14,15,16,17,24,25,26,27,34,35,36,37
1484,14,15,16,17,24,25,26,27,34,35,36,37
1485,14,15,16,17,24,25,26,27,34,35,36,37
1486,14,15,16,17,24,25,26,27,34,35,36,37
1487,14,15,16,17,24,25,26,27,34,35,36,37
1488,14,15,16,17,24,25,26,27,34,35,36,37
1489,14,15,16,17,24,25,26,27,34,35,36,37
1490,14,15,16,17,24,25,26,27,34,35,36,37
1491,14,15,16,17,24,25,26,27,34,35,36,37
1492,14,15,16,17,24,25,26,27,34,35,36,37
1493,14,15,16,17,24,25,26,27,34,35,36,37
1494,14,15,16,17,24,25,26,27,34,35,36,37
1495,14,15,16,24,25,26,27,34,35,36
1496,14,15,16,24,25,26,27,34,35,36
1497,14,15,16,24,25,26,27,34,35,36
1498,14,15,16,24,25,26,27,34,35,36
1499,14,15,16,24,25,26,34,35,36
1500,14,15,16,24,25,26,34,35,36
1501,14,15,16,24,25,26,34,35,36
1502,14,15,16,24,25,26,34,35,36
1503,14,15,16,24,25,26,34,35,36
1504,14,15,16,24,25,26,34,35,36
1505,14,15,16,24,25,26,34,35,36
1506,14,15,16,24,25,26,34,35,36
1507,14,15,16,24,25,26,34,35,36
1508,14,15,16,24,25,26,34,35,36
1509,14,15,16,24,25,26,34,35,36
1510,14,15,16,24,25,26,34,35,36
1511,14,15,16,24,25,26,34,35,36
1512,14,15,16,24,25,26,34,35,36
1513,14,15,16,24,25,26,34,35,36
1514,14,15,16,24,25,26,34,35,36
1515,14,15,16,24,25,26,34,35,36
1516,14,15,16,24,25,26,34,35,36
1517,14,15,16,24,25,26,34,35,36
1518,14,15,16,24,25,26,34,35,36
1519,14,15,16,24,25,26,34,35,36
1520,14,15,16,24,25,26,34,35,36
1521,14,15,16,24,25,26,34,35,36
1522,14,15,16,24,25,26,34,35,36
1523,14,15,16,24,25,26,34,35,36
1524,14,15,16,24,25,26,34,35,36
1525,14,15,16,24,25,26,34,35,36
1526,14,15,16,24,25,26,34,35,36
1527,14,15,16,24,25,26,34,35,36
1528,14,15,16,24,25,26,34,35,36
1529,14,15,16,24,25,26,34,35,36
1530,14,15,16,24,25,26,34,35,36
1531,14,15,16,24,25,26,34,35,36
1532,14,15,16,24,25,26,34,35,36
1533,14,15,16,24,25,26,34,35,36
1534,14,15,16,24,25,26,34,35,36
1535,14,15,16,24,25,26,34,35,36
1536,14,15,16,24,25,26,34,35,36
1537,14,15,16,24,25,26,34,35,36
1538,14,15,16,24,25,26,34,35,36
1539,14,15,16,24,25,26,34,35,36
1540,14,15,16,24,25,26,34,35,36
1541,14,15,16,24,25,26,27,34,35,36
1542,14,15,16,24,25,26,27,34,35,36
1543,14,15,16,24,25,26,27,34,35,36
1544,14,15,16,24,25,26,27,34,35,36
1545,14,15,16,24,25,26,27,34,35,36
1546,14,15,16,24,25,26,27,34,35,36
1547,14,15,16,24,25,26,27,34,35,36
1548,14,15,16,24,25,26,27,34,35,36
1549,14,15,16,24,25,26,27,34,35,36
1550,14,15,16,24,25,26,27,34,35,36
1551,14,15,16,24,25,26,27,34,35,36
1552,14,15,16,24,25,26,27,34,35,36
1553,14,15,16,24,25,26,27,34,35,36
1554,14,15,16,24,25,26,27,34,35,36
1555,14,15,16,24,25,26,27,34,35,36
1556,14,15,16,24,25,26,27,34,35,36
1557,14,15,16,24,25,26,27,34,35,36
1558,14,15,16,24,25,26,27,34,35,36
1559,14,15,16,24,25,26,27,34,35,36
1560,14,15,16,24,25,26,27,34,35,36
1561,14,15,16,24,25,26,27,34,35,36
1562,14,15,16,24,25,26,27,34,35,36
1563,14,15,16,24,25,26,27,34,35,36
1564,14,15,16,24,25,26,27,34,35,36
1565,14,15,16,24,25,26,27,34,35,36
1566,14,15,16,24,25,26,27,34,35,36
1567,14,15,16,24,25,26,27,34,35,36
1568,14,15,16,24,25,26,27,34,35,36
1569,14,15,16,24,25,26,27,34,35,36
1570,14,15,16,24,25,26,27,34,35,36
1571,14,15,16,24,25,26,27,34,35,36
1572,14,15,16,24,25,26,27,34,35,36
1573,14,15,16,24,25,26,27,34,35,36
1574,14,15,16,24,25,26,27,34,35,36
1575,14,15,16,24,25,26,27,34,35,36
1576,14,15,16,24,25,26,27,34,35,36
1577,14,15,16,24,25,26,27,34,35,36
1578,14,15,16,24,25,26,27,34,35,36
1579,14,15,16,24,25,26,27,34,35,36
1580,14,15,16,24,25,26,27,34,35,36
1581,14,15,16,24,25,26,27,34,35,36
1582,14,15,16,24,25,26,27,34,35,36
1583,14,15,16,24,25,26,27,34,35,36
1584,14,15,16,24,25,26,27,34,35,36
1585,14,15,16,24,25,26,27,34,35,36
1586,14,15,16,24,25,26,27,34,35,36
1587,14,15,16,24,25,26,27,34,35,36
1588,14,15,16,24,25,26,27,34,35,36
1589,14,15,16,24,25,26,27,34,35,36
1590,14,15,16,24,25,26,27,34,35,36
1591,14,15,16,24,25,26,27,34,35,36
1592,14,15,16,24,25,26,27,34,35,36
1593,14,15,16,24,25,26,27,34,35,36
1594,14,15,16,24,25,26,27,34,35,36
1595,14,15,16,24,25,26,27,34,35,36
1596,14,15,16,24,25,26,27,34,35,36
1597,14,15,16,24,25,26,27,34,35,36
1598,14,15,16,24,25,26,27,34,35,36
1599,14,15,16,24,25,26,27,34,35,36
1600,14,15,16,24,25,26,27,34,35,36
1601,14,15,16,24,25,26,27,34,35,36
1602,14,15,16,24,25,26,27,34,35,36
1603,14,15,16,24,25,26,27,34,35,36
1604,14,15,16,24,25,26,27,34,35,36
1605,14,15,16,24,25,26,27,34,35,36
1606,14,15,16,24,25,26,27,34,35,36
1607,14,15,16,24,25,26,27,34,35,36
1608,14,15,16,24,25,26,27,34,35,36
1609,14,15,16,24,25,26,27,34,35,36
1610,14,15,16,24,25,26,27,34,35,36
1611,14,15,16,24,25,26,27,34,35,36
1612,14,15,16,24,25,26,27,34,35,36
1613,14,15,16,24,25,26,27,34,35,36
1614,14,15,16,24,25,26,27,34,35,36
1615,14,15,16,24,25,26,27,34,35,36
1616,14,15,16,24,25,26,27,34,35,36
1617,14,15,16,24,25,26,27,34,35,36
1618,14,15,16,24,25,26,27,34,35,36
1619,14,15,16,24,25,26,27,34,35,36
1620,14,15,16,24,25,26,27,34,35,36
1621,14,15,16,24,25,26,34,35,36
1622,14,15,16,24,25,26,34,35,36
1623,14,15,16,24,25,26,34,35,36
1624,14,15,16,24,25,26,34,35,36
1625,14,15,16,24,25,26,34,35,36
1626,14,15,16,24,25,26,34,35,36
1627,13,14,15,16,23,24,25,26,33,34,35,36
1628,13,14,15,16,23,24,25,26,33,34,35,36
1629,13,14,15,16,23,24,25,26,33,34,35,36
1630,13,14,15,16,23,24,25,26,33,34,35,36
1631,13,14,15,16,23,24,25,26,33,34,35,36
1632,13,14,15,16,23,24,25,26,33,34,35,36
1633,13,14,15,16,23,24,25,26,33,34,35,36
1634,13,14,15,16,23,24,25,26,33,34,35,36
1635,13,14,15,16,23,24,25,26,33,34,35,36
1636,13,14,15,16,23,24,25,26,33,34,35,36
1637,13,14,15,16,23,24,25,26,33,34,35,36
1638,13,14,15,16,23,24,25,26,33,34,35,36
1639,13,14,15,16,23,24,25,26,33,34,35,36
1640,13,14,15,16,23,24,25,26,33,34,35,36
1641,13,14,15,16,23,24,25,26,33,34,35,36
1642,13,14,15,16,23,24,25,26,33,34,35,36
1643,13,14,15,16,23,24,25,26,33,34,35,36
1644,13,14,15,16,23,24,25,26,33,34,35,36
1645,13,14,15,16,23,24,25,26,33,34,35,36
1646,13,14,15,16,23,24,25,26,33,34,35,36
1647,13,14,15,16,23,24,25,26,33,34,35,36
1648,13,14,15,16,23,24,25,26,33,34,35,36
1649,13,14,15,16,23,24,25,26,33,34,35,36
1650,13,14,15,16,23,24,25,26,33,34,35,36
1651,13,14,15,16,23,24,25,26,33,34,35,36
1652,13,14,15,16,23,24,25,26,33,34,35,36
1653,13,14,15,16,23,24,25,26,33,34,35,36
1654,13,14,15,16,23,24,25,26,33,34,35,36
1655,13,14,15,16,23,24,25,26,33,34,35,36
1656,13,14,15,16,23,24,25,26,33,34,35,36
1657,13,14,15,16,23,24,25,26,34,35,36
1658,13,14,15,16,23,24,25,26,34,35,36
1659,5,14,15,16,23,24,25,26,34,35,36
1660,5,14,15,16,23,24,25,26,34,35,36
1661,5,14,15,16,23,24,25,26,34,35,36
1662,5,14,15,16,23,24,25,26,34,35,36
1663,14,15,16,23,24,25,26,34,35,36
1664,14,15,16,23,24,25,26,34,35,36
1665,5,14,15,16,24,25,26,34,35,36
1666,5,14,15,16,24,25,26,34,35,36
1667,5,14,15,16,24,25,26,34,35,36
1668,5,14,15,16,24,25,26,34,35,36
1669,5,14,15,16,24,25,26,34,35,36
1670,5,14,15,16,24,25,26,34,35,36
1671,5,14,15,16,24,25,26,34,35,36
1672,5,14,15,16,24,25,26,34,35,36
1673,5,14,15,16,24,25,26,34,35,36
1674,5,14,15,16,24,25,26,34,35,36
1675,5,14,15,16,24,25,26,34,35,36
1676,5,14,15,16,24,25,26,34,35,36
1677,5,14,15,16,24,25,26,34,35,36
1678,5,14,15,16,24,25,26,34,35,36
1679,5,14,15,16,24,25,26,34,35,36
1680,5,14,15,16,24,25,26,34,35,36
1681,5,14,15,16,24,25,26,34,35,36
1682,5,14,15,16,24,25,26,34,35,36
1683,5,14,15,16,24,25,26,34,35,36
1684,5,14,15,16,24,25,26,34,35,36
1685,5,14,15,16,24,25,26,34,35,36
1686,5,14,15,16,24,25,26,34,35,36
1687,5,14,15,16,24,25,26,34,35,36
1688,5,14,15,16,24,25,26,34,35,36
1689,5,14,15,16,24,25,26,34,35,36
1690,5,14,15,16,24,25,26,34,35,36
1691,5,14,15,16,24,25,26,34,35,36
1692,5,14,15,16,24,25,26,34,35,36
1693,5,14,15,16,24,25,26,34,35,36
1694,5,14,15,16,24,25,26,34,35,36
1695,5,14,15,16,24,25,26,34,35,36
1696,5,14,15,16,24,25,26,34,35,36
1697,5,14,15,16,24,25,26,34,35,36
1698,5,14,15,16,24,25,26,34,35,36
1699,5,14,15,16,24,25,26,34,35,36
1700,5,14,15,16,24,25,26,34,35,36
1701,5,14,15,16,24,25,26,34,35,36
1702,5,14,15,16,24,25,26,34,35,36
1703,5,14,15,16,24,25,26,34,35,36
1704,5,14,15,16,24,25,26,34,35,36
1705,5,14,15,16,24,25,26,34,35,36
1706,5,14,15,16,24,25,26,34,35,36
1707,5,14,15,16,24,25,26,34,35,36
1708,5,14,15,16,24,25,26,34,35,36
1709,5,14,15,16,24,25,26,34,35,36
1710,5,14,15,16,24,25,26,34,35,36
1711,5,14,15,16,24,25,26,34,35,36
1712,5,14,15,16,24,25,26,34,35,36
1713,5,14,15,16,24,25,26,34,35,36
1714,5,14,15,16,24,25,26,34,35,36
1715,5,14,15,16,24,25,26,34,35,36
1716,5,14,15,16,24,25,26,34,35,36
1717,5,14,15,16,24,25,26,34,35,36
1718,5,14,15,16,24,25,26,34,35,36
1719,5,14,15,16,24,25,26,34,35,36
1720,5,14,15,16,24,25,26,34,35,36
1721,5,14,15,16,24,25,26,34,35,36
1722,5,14,15,16,24,25,26,34,35,36
1723,5,14,15,16,24,25,26,34,35,36
1724,5,14,15,16,24,25,26,34,35,36
1725,5,14,15,16,24,25,26,34,35,36
1726,5,14,15,16,24,25,26,34,35,36
1727,5,14,15,16,24,25,26,34,35,36
1728,5,14,15,16,24,25,26,34,35,36
1729,5,14,15,16,24,25,26,34,35,36
1730,5,14,15,16,24,25,26,34,35,36
1731,5,14,15,16,24,25,26,34,35,36
1732,5,14,15,16,24,25,26,34,35,36
1733,5,14,15,16,24,25,26,34,35,36
1734,5,14,15,16,24,25,26,34,35,36
1735,5,14,15,16,24,25,26,34,35,36
1736,5,14,15,16,24,25,26,34,35,36
1737,5,14,15,16,24,25,26,34,35,36
1738,5,14,15,16,24,25,26,34,35,36
1739,5,14,15,16,24,25,26,34,35,36
1740,5,14,15,16,24,25,26,34,35,36
1741,5,14,15,16,24,25,26,34,35,36
1742,5,14,15,16,24,25,26,34,35,36
1743,5,14,15,16,24,25,26,34,35,36
1744,5,14,15,16,24,25,26,34,35,36
1745,5,14,15,16,24,25,26,34,35,36
1746,5,14,15,16,24,25,26,34,35,36
1747,5,14,15,16,24,25,26,34,35,36
1748,5,14,15,16,24,25,26,34,35,36
1749,5,14,15,16,24,25,26,34,35,36
1750,5,14,15,16,24,25,26,34,35,36
1751,5,14,15,16,24,25,26,34,35,36
1752,5,14,15,16,24,25,26,34,35,36
1753,5,14,15,16,23,24,25,26,34,35,36
1754,5,14,15,16,23,24,25,26,34,35,36
1755,5,14,15,16,23,24,25,26,34,35,36
1756,5,14,15,16,23,24,25,26,34,35,36
1757,5,14,15,16,23,24,25,26,34,35,36
1758,5,14,15,16,23,24,25,26,34,35,36
1759,5,14,15,16,23,24,25,26,34,35,36
1760,5,14,15,16,23,24,25,26,34,35,36
1761,5,13,14,15,16,23,24,25,26,34,35,36
1762,5,13,14,15,16,23,24,25,26,34,35,36
1763,13,14,15,16,23,24,25,26,33,34,35,36
1764,13,14,15,16,23,24,25,26,33,34,35,36
1765,5,13,14,15,16,23,24,25,26,33,34,35,36
1766,5,13,14,15,16,23,24,25,26,33,34,35,36
1767,5,13,14,15,16,23,24,25,26,33,34,35,36
1768,5,13,14,15,16,23,24,25,26,33,34,35,36
1769,5,13,14,15,16,23,24,25,26,33,34,35,36
1770,5,13,14,15,16,23,24,25,26,33,34,35,36
1771,5,13,14,15,16,23,24,25,26,33,34,35,36
1772,5,13,14,15,16,23,24,25,26,33,34,35,36
1773,5,13,14,15,16,23,24,25,26,33,34,35,36
1774,5,13,14,15,16,23,24,25,26,33,34,35,36
1775,5,13,14,15,16,23,24,25,26,33,34,35,36
1776,5,13,14,15,16,23,24,25,26,33,34,35,36
1777,5,13,14,15,16,23,24,25,26,33,34,35,36
1778,5,13,14,15,16,23,24,25,26,33,34,35,36
1779,5,13,14,15,16,23,24,25,26,33,34,35,36
1780,5,13,14,15,16,23,24,25,26,33,34,35,36
1781,5,13,14,15,16,23,24,25,26,33,34,35,36
1782,5,13,14,15,16,23,24,25,26,33,34,35,36
1783,5,13,14,15,16,23,24,25,26,33,34,35,36
1784,5,13,14,15,16,23,24,25,26,33,34,35,36
1785,5,13,14,15,16,23,24,25,26,33,34,35,36
1786,5,13,14,15,16,23,24,25,26,33,34,35,36
1787,5,13,14,15,16,23,24,25,26,33,34,35,36
1788,5,13,14,15,16,23,24,25,26,33,34,35,36
1789,5,13,14,15,16,23,24,25,26,33,34,35,36
1790,5,13,14,15,16,23,24,25,26,33,34,35,36
1791,5,13,14,15,16,23,24,25,26,33,34,35,36
1792,5,13,14,15,16,23,24,25,26,33,34,35,36
1793,5,13,14,15,16,23,24,25,26,33,34,35,36
1794,5,13,14,15,16,23,24,25,26,33,34,35,36
1795,5,13,14,15,16,23,24,25,26,34,35,36
1796,5,13,14,15,16,23,24,25,26,34,35,36
1797,5,13,14,15,16,23,24,25,26,34,35,36
1798,5,13,14,15,16,23,24,25,26,34,35,36
1799,5,14,15,16,23,24,25,26,34,35,36
1800,5,14,15,16,23,24,25,26,34,35,36
