1,6,10,11,15,16,20
2,6,10,11,15,16,20
3,6,10,11,15,16,20
4,6,10,11,15,16,20
5,6,10,11,15,16,20
6,6,10,11,15,16,20
7,6,10,11,15,16,20
8,6,10,11,15,16,20
9,5,6,10,11,15,16,20
10,5,6,10,11,15,16,20
11,5,6,10,11,15,16,20
12,5,6,10,11,15,16,20
13,5,6,10,11,15,16,20
14,5,6,10,11,15,16,20
15,1,5,6,10,11,15,16,20
16,1,5,6,10,11,15,16,20
17,1,5,6,10,11,15,16,20
18,1,5,6,10,11,15,16,20
19,1,5,6,10,11,15,16,20
20,1,5,6,10,11,15,16,20
21,1,5,6,10,11,15,16,20
22,1,5,6,10,11,15,16,20
23,1,5,6,10,11,15,16,20
24,1,5,6,10,11,15,16,20
25,1,5,6,10,11,15,16,20
26,1,5,6,10,11,15,16,20
27,1,5,6,10,11,15,16,20
28,1,5,6,10,11,15,16,20
29,5,6,10,11,15,16,20
30,5,6,10,11,15,16,20
31,5,6,10,11,15,16,20
32,5,6,10,11,15,16,20
33,5,6,10,11,15,16,20
34,5,6,10,11,15,16,20
35,5,6,10,11,15,16,20
36,5,6,10,11,15,16,20
37,5,6,10,11,15,16,20
38,5,6,10,11,15,16,20
39,5,6,10,11,14,15,16,20
40,5,6,10,11,14,15,16,20
41,5,6,9,10,11,14,15,16,20
42,5,6,9,10,11,14,15,16,20
43,5,6,9,10,11,14,15,16,19,20
44,5,6,9,10,11,14,15,16,19,20
45,5,6,9,10,11,14,15,16,19,20
46,5,6,9,10,11,14,15,16,19,20
47,5,6,9,10,11,14,15,16,19,20
48,5,6,9,10,11,14,15,16,19,20
49,5,6,9,10,11,14,15,19,20
50,5,6,9,10,11,14,15,19,20
51,5,9,10,14,15,19,20
52,5,9,10,14,15,19,20
53,5,9,10,14,15,19,20
54,5,9,10,14,15,19,20
55,5,9,10,14,15,19,20
56,5,9,10,14,15,19,20
57,4,5,9,10,14,15,19,20
58,4,5,9,10,14,15,19,20
59,4,5,9,10,14,15,19,20
60,4,5,9,10,14,15,19,20
61,4,9,10,14,15,19,20
62,4,9,10,14,15,19,20
63,9,10,14,15,19,20
64,9,10,14,15,19,20
65,9,10,13,14,15,19,20
66,9,10,13,14,15,19,20
67,8,9,10,13,14,15,18,19,20
68,8,9,10,13,14,15,18,19,20
69,8,9,10,13,14,15,18,19,20
70,8,9,10,13,14,15,18,19,20
71,8,9,10,13,14,15,18,19,20
72,8,9,10,13,14,15,18,19,20
73,8,9,10,13,14,15,18,19,20
74,8,9,10,13,14,15,18,19,20
75,8,9,10,13,14,15,18,19,20
76,8,9,10,13,14,15,18,19,20
77,8,9,10,13,14,15,18,19,20
78,8,9,10,13,14,15,18,19,20
79,4,8,9,10,13,14,15,18,19
80,4,8,9,10,13,14,15,18,19
81,4,8,9,13,14,18,19
82,4,8,9,13,14,18,19
83,4,8,9,13,14,18,19
84,4,8,9,13,14,18,19
85,4,8,9,13,14,18,19
86,4,8,9,13,14,18,19
87,8,9,13,14,18,19
88,8,9,13,14,18,19
89,8,9,13,14,18,19
90,8,9,13,14,18,19
91,8,9,13,14,18,19
92,8,9,13,14,18,19
93,8,9,13,14,18,19
94,8,9,13,14,18,19
95,8,9,13,14,18,19
96,8,9,13,14,18,19
97,8,9,13,14,18,19
98,8,9,13,14,18,19
99,8,9,13,14,18,19,23
100,8,9,13,14,18,19,23
101,8,9,13,14,18,19,23
102,8,9,13,14,18,19,23
103,8,9,13,14,18,19,23
104,8,9,13,14,18,19,23
105,8,9,12,13,14,18,19,23
106,8,9,12,13,14,18,19,23
107,8,9,12,13,14,17,18,19,23
108,8,9,12,13,14,17,18,19,23
109,7,8,9,12,13,14,17,18,19
110,7,8,9,12,13,14,17,18,19
111,7,8,9,12,13,14,17,18,19
112,7,8,9,12,13,14,17,18,19
113,7,8,9,12,13,14,17,18,19
114,7,8,9,12,13,14,17,18,19
115,7,8,9,12,13,14,17,18,19
116,7,8,9,12,13,14,17,18,19
117,7,8,9,12,13,14,17,18,19
118,7,8,9,12,13,14,17,18,19
119,7,8,9,12,13,14,17,18,19
120,7,8,9,12,13,14,17,18,19
121,3,7,8,9,12,13,14,17,18,19
122,3,7,8,9,12,13,14,17,18,19
123,3,7,8,9,12,13,14,17,18,19
124,3,7,8,9,12,13,14,17,18,19
125,3,7,8,9,12,13,14,17,18,19
126,3,7,8,9,12,13,14,17,18,19
127,3,7,8,9,12,13,14,17,18,19
128,3,7,8,9,12,13,14,17,18,19
129,3,7,8,9,12,13,14,17,18,19
130,3,7,8,9,12,13,14,17,18,19
131,3,7,8,9,12,13,14,17,18,19
132,3,7,8,9,12,13,14,17,18,19
133,3,7,8,9,12,13,14,17,18,19
134,3,7,8,9,12,13,14,17,18,19
135,3,7,8,9,12,13,14,17,18
136,3,7,8,9,12,13,14,17,18
137,3,7,8,9,12,13,14,17,18
138,3,7,8,9,12,13,14,17,18
139,3,7,8,9,12,13,14,17,18
140,3,7,8,9,12,13,14,17,18
141,7,8,12,13,14,17,18
142,7,8,12,13,14,17,18
143,7,8,12,13,14,17,18
144,7,8,12,13,14,17,18
145,7,8,12,13,14,17,18
146,7,8,12,13,14,17,18
147,7,8,12,13,17,18,23
148,7,8,12,13,17,18,23
149,7,8,12,13,17,18,23
150,7,8,12,13,17,18,23
151,7,8,12,13,17,18,23
152,7,8,12,13,17,18,23
153,7,8,12,13,17,18
154,7,8,12,13,17,18
155,3,7,8,12,13,17,18
156,3,7,8,12,13,17,18
157,3,7,8,12,13,17,18
158,3,7,8,12,13,17,18
159,3,7,8,12,13,17,18
160,3,7,8,12,13,17,18
161,3,7,8,12,13,17,18
162,3,7,8,12,13,17,18
163,3,7,8,12,13,17,18
164,3,7,8,12,13,17,18
165,3,7,8,12,13,17,18
166,3,7,8,12,13,17,18
167,3,7,8,12,13,17,18
168,3,7,8,12,13,17,18
169,3,7,8,12,13,17,18
170,3,7,8,12,13,17,18
171,2,3,7,8,12,13,17,18
172,2,3,7,8,12,13,17,18
173,2,3,7,8,12,13,17,18
174,2,3,7,8,12,13,17,18
175,2,3,7,8,12,13,17,18
176,2,3,7,8,12,13,17,18
177,2,3,7,8,12,13,17,18
178,2,3,7,8,12,13,17,18
179,2,3,7,8,12,13,17,18
180,2,3,7,8,12,13,17,18
181,2,3,7,8,12,13,17,18
182,2,3,7,8,12,13,17,18
183,2,3,7,8,12,13,17,18
184,2,3,7,8,12,13,17,18
185,2,3,7,8,12,13,17,18
186,2,3,7,8,12,13,17,18
187,2,3,7,8,12,13,17,18
188,2,3,7,8,12,13,17,18
189,2,3,7,8,12,13,17,18
190,2,3,7,8,12,13,17,18
191,2,3,7,8,12,13,17,18
192,2,3,7,8,12,13,17,18
193,2,3,7,8,12,13,17,18
194,2,3,7,8,12,13,17,18
195,2,3,7,8,12,13,17,18
196,2,3,7,8,12,13,17,18
197,2,3,7,8,12,13,17,18
198,2,3,7,8,12,13,17,18
199,2,3,7,8,12,13,17,18
200,2,3,7,8,12,13,17,18
201,2,3,7,8,12,13,17,18
202,2,3,7,8,12,13,17,18
203,2,3,7,8,12,13,17,18
204,2,3,7,8,12,13,17,18
205,2,3,7,8,12,13,17,18
206,2,3,7,8,12,13,17,18
207,2,3,7,8,12,13,17,18
208,2,3,7,8,12,13,17,18
209,2,3,7,8,12,13,17,18
210,2,3,7,8,12,13,17,18
211,2,3,7,8,12,13,17,18
212,2,3,7,8,12,13,17,18
213,2,3,7,8,12,13,17,18
214,2,3,7,8,12,13,17,18
215,2,3,7,8,12,13,17,18
216,2,3,7,8,12,13,17,18
217,2,3,7,8,12,13,17,18
218,2,3,7,8,12,13,17,18
219,2,3,7,8,12,13,17,18
220,2,3,7,8,12,13,17,18
221,2,3,7,8,12,13,17,18
222,2,3,7,8,12,13,17,18
223,2,3,7,8,12,13,17,18
224,2,3,7,8,12,13,17,18
225,2,3,7,8,12,13,17,18
226,2,3,7,8,12,13,17,18
227,2,3,7,8,12,13,17,18
228,2,3,7,8,12,13,17,18
229,2,3,7,8,12,13,17,18
230,2,3,7,8,12,13,17,18
231,2,3,7,8,12,13,17,18
232,2,3,7,8,12,13,17,18
233,2,3,7,8,12,13,17,18
234,2,3,7,8,12,13,17,18
235,3,7,8,9,12,13,14,17,18
236,3,7,8,9,12,13,14,17,18
237,3,7,8,9,12,13,14,17,18
238,3,7,8,9,12,13,14,17,18
239,3,7,8,9,12,13,14,17,18,19
240,3,7,8,9,12,13,14,17,18,19
241,3,7,8,9,12,13,14,17,18,19
242,3,7,8,9,12,13,14,17,18,19
243,3,7,8,9,12,13,14,17,18,19
244,3,7,8,9,12,13,14,17,18,19
245,3,7,8,9,12,13,14,17,18,19
246,3,7,8,9,12,13,14,17,18,19
247,3,7,8,9,12,13,14,17,18,19
248,3,7,8,9,12,13,14,17,18,19
249,7,8,9,12,13,14,17,18,19
250,7,8,9,12,13,14,17,18,19
251,7,8,9,12,13,14,17,18,19
252,7,8,9,12,13,14,17,18,19
253,7,8,9,12,13,14,17,18,19
254,7,8,9,12,13,14,17,18,19
255,7,8,9,12,13,14,18,19
256,7,8,9,12,13,14,18,19
257,3,8,9,12,13,14,18,19
258,3,8,9,12,13,14,18,19
259,3,8,9,13,14,18,19
260,3,8,9,13,14,18,19
261,3,8,9,13,14,18,19
262,3,8,9,13,14,18,19
263,3,8,9,13,14,18,19
264,3,8,9,13,14,18,19
265,3,8,9,13,14,18,19
266,3,8,9,13,14,18,19
267,3,8,9,13,14,18,19
268,3,8,9,13,14,18,19
269,3,8,9,13,14,18,19
270,3,8,9,13,14,18,19
271,3,8,9,13,14,18,19
272,3,8,9,13,14,18,19
273,3,8,9,13,14,18,19
274,3,8,9,13,14,18,19
275,3,4,8,9,13,14,18,19
276,3,4,8,9,13,14,18,19
277,3,4,8,9,13,14,18,19
278,3,4,8,9,13,14,18,19
279,3,4,8,9,13,14,18,19
280,3,4,8,9,13,14,18,19
281,3,4,8,9,13,14,18,19
282,3,4,8,9,13,14,18,19
283,3,4,8,9,13,14,18,19
284,3,4,8,9,13,14,18,19
285,3,4,8,9,13,14,18,19
286,3,4,8,9,13,14,18,19
287,3,4,8,9,13,14,18,19
288,3,4,8,9,13,14,18,19
289,3,4,8,9,13,14,18,19
290,3,4,8,9,13,14,18,19
291,3,4,8,9,13,14,18,19
292,3,4,8,9,13,14,18,19
293,3,4,8,9,13,14,18,19
294,3,4,8,9,13,14,18,19
295,3,4,8,9,13,14,18,19
296,3,4,8,9,13,14,18,19
297,3,4,8,9,13,14,18,19
298,3,4,8,9,13,14,18,19
299,3,4,8,9,13,14,18,19
300,3,4,8,9,13,14,18,19
301,4,8,9,13,14,18,19
302,4,8,9,13,14,18,19
303,8,9,13,14,18,19
304,8,9,13,14,18,19
305,8,9,13,14,18,19
306,8,9,13,14,18,19
307,8,9,13,14,18,19
308,8,9,13,14,18,19
309,8,9,13,14,18,19
310,8,9,13,14,18,19
311,8,9,13,14,18,19
312,8,9,13,14,18,19
313,8,9,13,14,18,19
314,8,9,13,14,18,19
315,8,9,13,14,18,19
316,8,9,13,14,18,19
317,8,9,13,14,18,19
318,8,9,13,14,18,19
319,8,9,13,14,18,19
320,8,9,13,14,18,19
321,8,9,13,14,18,19
322,8,9,13,14,18,19
323,8,9,13,14,18,19
324,8,9,13,14,18,19
325,8,9,13,14,18,19
326,8,9,13,14,18,19
327,3,4,8,9,13,14,18,19
328,3,4,8,9,13,14,18,19
329,3,4,8,9,13,14,18,19
330,3,4,8,9,13,14,18,19
331,3,4,7,8,9,12,13,14,18,19
332,3,4,7,8,9,12,13,14,18,19
333,3,4,7,8,9,12,13,14,18,19
334,3,4,7,8,9,12,13,14,18,19
335,3,4,7,8,9,12,13,14,18,19
336,3,4,7,8,9,12,13,14,18,19
337,3,4,7,8,9,12,13,14,18
338,3,4,7,8,9,12,13,14,18
339,3,7,8,9,12,13,14,17,18
340,3,7,8,9,12,13,14,17,18
341,3,7,8,9,12,13,14,17,18
342,3,7,8,9,12,13,14,17,18
343,3,7,8,9,12,13,14,17,18
344,3,7,8,9,12,13,14,17,18
345,3,7,8,9,12,13,14,17,18
346,3,7,8,9,12,13,14,17,18
347,3,7,8,9,12,13,14,17,18
348,3,7,8,9,12,13,14,17,18
349,3,7,8,9,12,13,14,17,18
350,3,7,8,9,12,13,14,17,18
351,3,7,8,9,12,13,14,17,18
352,3,7,8,9,12,13,14,17,18
353,3,7,8,9,12,13,14,17,18
354,3,7,8,9,12,13,14,17,18
355,2,3,7,8,9,12,13,14,17,18
356,2,3,7,8,9,12,13,14,17,18
357,2,3,7,8,9,12,13,14,17,18
358,2,3,7,8,9,12,13,14,17,18
359,2,3,7,8,9,12,13,14,17,18
360,2,3,7,8,9,12,13,14,17,18
361,2,3,7,8,9,12,13,14,17,18
362,2,3,7,8,9,12,13,14,17,18
363,2,3,7,8,9,12,13,14,17,18
364,2,3,7,8,9,12,13,14,17,18
365,2,3,7,8,9,12,13,14,17,18
366,2,3,7,8,9,12,13,14,17,18
367,2,3,7,8,9,12,13,14,17,18
368,2,3,7,8,9,12,13,14,17,18
369,2,3,7,8,9,12,13,14,17,18
370,2,3,7,8,9,12,13,14,17,18
371,2,3,7,8,9,12,13,14,17,18
372,2,3,7,8,9,12,13,14,17,18
373,2,3,4,7,8,9,12,13,14,17,18
374,2,3,4,7,8,9,12,13,14,17,18
375,2,3,4,7,8,9,12,13,14,17,18
376,2,3,4,7,8,9,12,13,14,17,18
377,2,3,4,7,8,9,12,13,14,17,18
378,2,3,4,7,8,9,12,13,14,17,18
379,2,3,4,7,8,9,12,13,14,17,18
380,2,3,4,7,8,9,12,13,14,17,18
381,2,3,7,8,12,13,17,18
382,2,3,7,8,12,13,17,18
383,2,3,7,8,12,13,17,18
384,2,3,7,8,12,13,17,18
385,1,2,3,6,7,8,12,13,17,18
386,1,2,3,6,7,8,12,13,17,18
387,1,2,3,6,7,8,11,12,13,17
388,1,2,3,6,7,8,11,12,13,17
389,1,2,3,6,7,8,11,12,13,17
390,1,2,3,6,7,8,11,12,13,17
391,1,2,6,7,8,11,12,16,17
392,1,2,6,7,8,11,12,16,17
393,1,2,6,7,11,12,16,17
394,1,2,6,7,11,12,16,17
395,1,2,6,7,11,12,16,17
396,1,2,6,7,11,12,16,17
397,1,2,6,7,11,12,16,17
398,1,2,6,7,11,12,16,17
399,1,2,6,7,11,12,16,17
400,1,2,6,7,11,12,16,17
401,1,2,6,7,11,12,16,17
402,1,2,6,7,11,12,16,17
403,1,2,6,7,11,12,16,17
404,1,2,6,7,11,12,16,17
405,1,2,6,7,11,12,16,17
406,1,2,6,7,11,12,16,17
407,1,2,6,7,11,12,16,17
408,1,2,6,7,11,12,16,17
409,1,2,6,7,11,12,16,17
410,1,2,6,7,11,12,16,17
411,2,6,7,11,12,16,17
412,2,6,7,11,12,16,17
413,2,6,7,8,11,12,13,16,17
414,2,6,7,8,11,12,13,16,17
415,2,6,7,8,11,12,13,17,18
416,2,6,7,8,11,12,13,17,18
417,2,3,7,8,12,13,17,18
418,2,3,7,8,12,13,17,18
419,7,8,12,13,17,18
420,7,8,12,13,17,18
421,7,8,12,13,17,18
422,7,8,12,13,17,18
423,7,8,12,13,14,17,18,23
424,7,8,12,13,14,17,18,23
425,7,8,9,12,13,14,17,18,19,23
426,7,8,9,12,13,14,17,18,19,23
427,7,8,9,12,13,14,17,18,19,23
428,7,8,9,12,13,14,17,18,19,23
429,7,8,9,12,13,14,17,18,19,23
430,7,8,9,12,13,14,17,18,19,23
431,7,8,9,12,13,14,17,18,19,23
432,7,8,9,12,13,14,17,18,19,23
433,7,8,9,12,13,14,17,18,19,23
434,7,8,9,12,13,14,17,18,19,23
435,7,8,9,12,13,14,17,18,19
436,7,8,9,12,13,14,17,18,19
437,7,8,9,12,13,14,17,18,19
438,7,8,9,12,13,14,17,18,19
439,7,8,9,12,13,14,17,18,19
440,7,8,9,12,13,14,17,18,19
441,7,8,9,12,13,14,17,18,19
442,7,8,9,12,13,14,17,18,19
443,7,8,9,12,13,14,17,18,19
444,7,8,9,12,13,14,17,18,19
445,7,8,9,12,13,14,17,18,19
446,7,8,9,12,13,14,17,18,19
447,3,7,8,9,12,13,14,17,18,19
448,3,7,8,9,12,13,14,17,18,19
449,3,7,8,9,12,13,14,17,18,19
450,3,7,8,9,12,13,14,17,18,19
451,3,7,8,9,12,13,14,17,18,19
452,3,7,8,9,12,13,14,17,18,19
453,3,7,8,9,12,13,14,17,18,19
454,3,7,8,9,12,13,14,17,18,19
455,3,7,8,9,12,13,14,17,18,19
456,3,7,8,9,12,13,14,17,18,19
457,3,7,8,9,12,13,14,17,18,19
458,3,7,8,9,12,13,14,17,18,19
459,3,7,8,9,12,13,14,17,18,19
460,3,7,8,9,12,13,14,17,18,19
461,3,7,8,9,12,13,14,17,18,19
462,3,7,8,9,12,13,14,17,18,19
463,3,7,8,9,12,13,14,17,18,19
464,3,7,8,9,12,13,14,17,18,19
465,3,7,8,9,12,13,14,17,18,19
466,3,7,8,9,12,13,14,17,18,19
467,3,7,8,9,12,13,14,17,18,19
468,3,7,8,9,12,13,14,17,18,19
469,3,7,8,9,12,13,14,17,18,19
470,3,7,8,9,12,13,14,17,18,19
471,3,7,8,9,12,13,14,17,18,19
472,3,7,8,9,12,13,14,17,18,19
473,3,7,8,9,12,13,14,17,18,19
474,3,7,8,9,12,13,14,17,18,19
475,3,7,8,9,12,13,14,17,18,19
476,3,7,8,9,12,13,14,17,18,19
477,3,7,8,9,12,13,14,17,18,19
478,3,7,8,9,12,13,14,17,18,19
479,3,7,8,9,12,13,14,17,18,19
480,3,7,8,9,12,13,14,17,18,19
481,3,7,8,9,12,13,14,17,18
482,3,7,8,9,12,13,14,17,18
483,3,7,8,9,12,13,14,17,18
484,3,7,8,9,12,13,14,17,18
485,3,7,8,9,12,13,14,17,18
486,3,7,8,9,12,13,14,17,18
487,3,7,8,9,12,13,14,17,18
488,3,7,8,9,12,13,14,17,18
489,3,7,8,9,12,13,14,17,18
490,3,7,8,9,12,13,14,17,18
491,3,7,8,9,12,13,14,17,18,19
492,3,7,8,9,12,13,14,17,18,19
493,3,7,8,9,12,13,14,17,18,19
494,3,7,8,9,12,13,14,17,18,19
495,3,7,8,9,12,13,14,17,18,19
496,3,7,8,9,12,13,14,17,18,19
497,3,7,8,9,12,13,14,17,18,19
498,3,7,8,9,12,13,14,17,18,19
499,7,8,9,12,13,14,17,18,19
500,7,8,9,12,13,14,17,18,19
501,7,8,9,12,13,14,17,18,19
502,7,8,9,12,13,14,17,18,19
503,7,8,9,12,13,14,17,18,19
504,7,8,9,12,13,14,17,18,19
505,7,8,9,12,13,14,17,18,19
506,7,8,9,12,13,14,17,18,19
507,7,8,9,12,13,14,17,18,19
508,7,8,9,12,13,14,17,18,19
509,7,8,9,12,13,14,17,18,19
510,7,8,9,12,13,14,17,18,19
511,7,8,9,12,13,14,17,18
512,7,8,9,12,13,14,17,18
513,7,8,12,13,14,17,18
514,7,8,12,13,14,17,18
515,7,8,12,13,14,17,18
516,7,8,12,13,14,17,18
517,7,8,12,13,14,17,18
518,7,8,12,13,14,17,18
519,7,8,12,13,14,17,18
520,7,8,12,13,14,17,18
521,7,8,12,13,17,18,23
522,7,8,12,13,17,18,23
523,7,8,12,13,17,18,22,23
524,7,8,12,13,17,18,22,23
525,7,8,12,13,14,17,18,19,22,23
526,7,8,12,13,14,17,18,19,22,23
527,8,12,13,14,17,18,19,22,23,24
528,8,12,13,14,17,18,19,22,23,24
529,8,12,13,14,17,18,19,22,23,24
530,8,12,13,14,17,18,19,22,23,24
531,8,12,13,14,17,18,19,22,23,24
532,8,12,13,14,17,18,19,22,23,24
533,8,12,13,14,17,18,19,22,23,24
534,8,12,13,14,17,18,19,22,23,24
535,8,12,13,14,17,18,19,22,23,24
536,8,12,13,14,17,18,19,22,23,24
537,8,12,13,14,17,18,19,22,23,24
538,8,12,13,14,17,18,19,22,23,24
539,8,12,13,14,17,18,19,22,23,24
540,8,12,13,14,17,18,19,22,23,24
541,8,12,13,17,18,19,22,23
542,8,12,13,17,18,19,22,23
543,8,12,13,17,18,22,23
544,8,12,13,17,18,22,23
545,7,8,12,13,17,18,22,23
546,7,8,12,13,17,18,22,23
547,7,8,12,13,17,18,22,23
548,7,8,12,13,17,18,22,23
549,7,8,12,13,17,18,22,23
550,7,8,12,13,17,18,22,23
551,7,8,12,13,17,18,22,23
552,7,8,12,13,17,18,22,23
553,7,8,12,13,17,18,23
554,7,8,12,13,17,18,23
555,7,8,12,13,17,18
556,7,8,12,13,17,18
557,3,7,8,12,13,17,18
558,3,7,8,12,13,17,18
559,3,7,8,12,13,17,18
560,3,7,8,12,13,17,18
561,3,7,8,12,13,17,18
562,3,7,8,12,13,17,18
563,2,3,7,8,12,13,17,18
564,2,3,7,8,12,13,17,18
565,2,3,7,8,12,13,17,18
566,2,3,7,8,12,13,17,18
567,2,3,7,8,12,13,17,18
568,2,3,7,8,12,13,17,18
569,2,3,7,8,12,13,17,18
570,2,3,7,8,12,13,17,18
571,2,3,7,8,12,13,17,18
572,2,3,7,8,12,13,17,18
573,2,3,7,8,12,13,17,18
574,2,3,7,8,12,13,17,18
575,2,3,7,8,12,13,17,18
576,2,3,7,8,12,13,17,18
577,2,3,7,8,12,13,17,18
578,2,3,7,8,12,13,17,18
579,2,7,8,12,13,17,18
580,2,7,8,12,13,17,18
581,2,7,8,12,13,17,18
582,2,7,8,12,13,17,18
583,7,8,12,13,17,18
584,7,8,12,13,17,18
585,7,8,12,13,17,18
586,7,8,12,13,17,18
587,7,8,12,13,17,18
588,7,8,12,13,17,18
589,7,8,12,13,17,18
590,7,8,12,13,17,18
591,7,8,12,13,17,18
592,7,8,12,13,17,18
593,2,7,8,12,13,17,18
594,2,7,8,12,13,17,18
595,2,7,8,12,13,17,18
596,2,7,8,12,13,17,18
597,2,3,7,8,12,13,17,18
598,2,3,7,8,12,13,17,18
599,2,3,7,8,12,13,17,18
600,2,3,7,8,12,13,17,18
601,2,3,7,8,12,13,17,18
602,2,3,7,8,12,13,17,18
603,2,3,7,8,12,13,17,18
604,2,3,7,8,12,13,17,18
605,2,3,7,8,12,13,17,18
606,2,3,7,8,12,13,17,18
607,2,3,7,8,12,13,17,18
608,2,3,7,8,12,13,17,18
609,2,3,7,8,12,13,17,18
610,2,3,7,8,12,13,17,18
611,2,3,7,8,12,13,17,18
612,2,3,7,8,12,13,17,18
613,2,3,7,8,12,13,17,18
614,2,3,7,8,12,13,17,18
615,2,3,7,8,12,13,17,18
616,2,3,7,8,12,13,17,18
617,2,3,7,8,12,13,17,18
618,2,3,7,8,12,13,17,18
619,2,3,7,8,12,13,17,18
620,2,3,7,8,12,13,17,18
621,2,3,7,8,12,13,17,18
622,2,3,7,8,12,13,17,18
623,2,3,7,8,12,13,17,18
624,2,3,7,8,12,13,17,18
625,3,7,8,12,13,17,18
626,3,7,8,12,13,17,18
627,3,7,8,12,13,17,18
628,3,7,8,12,13,17,18
629,3,7,8,12,13,14,17,18
630,3,7,8,12,13,14,17,18
631,7,8,9,12,13,14,17,18,19
632,7,8,9,12,13,14,17,18,19
633,7,8,9,12,13,14,17,18,19
634,7,8,9,12,13,14,17,18,19
635,7,8,9,12,13,14,17,18,19
636,7,8,9,12,13,14,17,18,19
637,7,8,9,12,13,14,17,18,19
638,7,8,9,12,13,14,17,18,19
639,7,8,9,12,13,14,17,18,19
640,7,8,9,12,13,14,17,18,19
641,7,8,9,12,13,14,17,18,19
642,7,8,9,12,13,14,17,18,19
643,7,8,9,12,13,14,17,18,19
644,7,8,9,12,13,14,17,18,19
645,3,7,8,9,12,13,14,17,18,19
646,3,7,8,9,12,13,14,17,18,19
647,3,7,8,9,12,13,14,17,18,19
648,3,7,8,9,12,13,14,17,18,19
649,3,7,8,9,12,13,14,17,18,19
650,3,7,8,9,12,13,14,17,18,19
651,3,7,8,9,12,13,14,17,18,19
652,3,7,8,9,12,13,14,17,18,19
653,3,7,8,9,12,13,14,17,18,19
654,3,7,8,9,12,13,14,17,18,19
655,3,7,8,9,12,13,14,17,18,19
656,3,7,8,9,12,13,14,17,18,19
657,3,7,8,9,12,13,14,18,19
658,3,7,8,9,12,13,14,18,19
659,3,7,8,9,12,13,14,18,19
660,3,7,8,9,12,13,14,18,19
661,3,7,8,9,12,13,14,18,19
662,3,7,8,9,12,13,14,18,19
663,3,8,9,12,13,14,18,19
664,3,8,9,12,13,14,18,19
665,3,4,8,9,13,14,18,19
666,3,4,8,9,13,14,18,19
667,3,4,8,9,13,14,18,19
668,3,4,8,9,13,14,18,19
669,3,4,8,9,13,14,18,19
670,3,4,8,9,13,14,18,19
671,3,4,8,9,13,14,18,19
672,3,4,8,9,13,14,18,19
673,3,4,8,9,13,14,18,19
674,3,4,8,9,13,14,18,19
675,3,4,8,9,13,14,18,19
676,3,4,8,9,13,14,18,19
677,3,4,8,9,13,14,18,19
678,3,4,8,9,13,14,18,19
679,3,4,8,9,13,14,18,19
680,3,4,8,9,13,14,18,19
681,3,4,8,9,13,14,18,19
682,3,4,8,9,13,14,18,19
683,3,4,8,9,13,14,18,19
684,3,4,8,9,13,14,18,19
685,3,4,8,9,13,14,18,19
686,3,4,8,9,13,14,18,19
687,3,4,8,9,13,14,18,19
688,3,4,8,9,13,14,18,19
689,3,4,8,9,13,14,18,19
690,3,4,8,9,13,14,18,19
691,3,4,8,9,13,14,18,19
692,3,4,8,9,13,14,18,19
693,3,4,8,9,13,14,18,19
694,3,4,8,9,13,14,18,19
695,3,8,9,13,14,18,19
696,3,8,9,13,14,18,19
697,3,8,9,13,14,18,19
698,3,8,9,13,14,18,19
699,3,8,9,13,14,18,19
700,3,8,9,13,14,18,19
701,3,8,9,13,14,18,19
702,3,8,9,13,14,18,19
703,3,8,9,13,14,18,19
704,3,8,9,13,14,18,19
705,3,8,9,13,14,18,19
706,3,8,9,13,14,18,19
707,3,4,8,9,13,14,18,19
708,3,4,8,9,13,14,18,19
709,3,8,9,13,14,18,19
710,3,8,9,13,14,18,19
711,3,8,9,12,13,14,18,19
712,3,8,9,12,13,14,18,19
713,3,7,8,9,12,13,14,18,19
714,3,7,8,9,12,13,14,18,19
715,3,7,8,9,12,13,14,18,19
716,3,7,8,9,12,13,14,18,19
717,3,7,8,9,12,13,14,18,19
718,3,7,8,9,12,13,14,18,19
719,3,7,8,9,12,13,14,18,19
720,3,7,8,9,12,13,14,18,19
721,3,7,8,9,12,13,14,18,19
722,3,7,8,9,12,13,14,18,19
723,3,7,8,9,12,13,14,18,19
724,3,7,8,9,12,13,14,18,19
725,3,7,8,9,12,13,14,18,19
726,3,7,8,9,12,13,14,18,19
727,3,7,8,9,12,13,14,18,19
728,3,7,8,9,12,13,14,18,19
729,3,7,8,9,12,13,14,18,19
730,3,7,8,9,12,13,14,18,19
731,3,7,8,9,12,13,14,18,19
732,3,7,8,9,12,13,14,18,19
733,3,7,8,9,12,13,14,17,18,19
734,3,7,8,9,12,13,14,17,18,19
735,3,7,8,9,12,13,14,17,18,19
736,3,7,8,9,12,13,14,17,18,19
737,3,7,8,9,12,13,14,17,18,19
738,3,7,8,9,12,13,14,17,18,19
739,3,7,8,9,12,13,14,17,18,19
740,3,7,8,9,12,13,14,17,18,19
741,3,7,8,9,12,13,14,17,18,19
742,3,7,8,9,12,13,14,17,18,19
743,3,7,8,9,12,13,14,17,18,19
744,3,7,8,9,12,13,14,17,18,19
745,3,7,8,9,12,13,14,17,18,19
746,3,7,8,9,12,13,14,17,18,19
747,3,7,8,9,12,13,14,17,18,19
748,3,7,8,9,12,13,14,17,18,19
749,3,7,8,9,12,13,14,17,18,19
750,3,7,8,9,12,13,14,17,18,19
751,3,7,8,9,12,13,14,17,18,19
752,3,7,8,9,12,13,14,17,18,19
753,3,7,8,9,12,13,14,17,18,19
754,3,7,8,9,12,13,14,17,18,19
755,3,7,8,9,12,13,14,17,18,19
756,3,7,8,9,12,13,14,17,18,19
757,3,7,8,9,12,13,14,17,18,19
758,3,7,8,9,12,13,14,17,18,19
759,3,7,8,9,12,13,14,17,18,19
760,3,7,8,9,12,13,14,17,18,19
761,3,4,7,8,9,12,13,14,18,19
762,3,4,7,8,9,12,13,14,18,19
763,3,4,7,8,9,12,13,14,18,19
764,3,4,7,8,9,12,13,14,18,19
765,3,4,7,8,9,12,13,14,18,19
766,3,4,7,8,9,12,13,14,18,19
767,3,4,8,9,13,14,18,19
768,3,4,8,9,13,14,18,19
769,3,4,8,9,13,14,18,19
770,3,4,8,9,13,14,18,19
771,3,4,8,9,13,14,18,19
772,3,4,8,9,13,14,18,19
773,3,4,8,9,13,14,18,19
774,3,4,8,9,13,14,18,19
775,4,8,9,13,14,18,19
776,4,8,9,13,14,18,19
777,4,8,9,13,14,18,19
778,4,8,9,13,14,18,19
779,4,8,9,10,13,14,15,18,19,20
780,4,8,9,10,13,14,15,18,19,20
781,4,8,9,10,13,14,15,18,19,20
782,4,8,9,10,13,14,15,18,19,20
783,9,10,14,15,19,20
784,9,10,14,15,19,20
785,9,10,14,15,19,20
786,9,10,14,15,19,20
787,9,10,14,15,19,20
788,9,10,14,15,19,20
789,9,10,14,15,19,20
790,9,10,14,15,19,20
791,9,10,14,15,19,20,24,25
792,9,10,14,15,19,20,24,25
793,9,10,14,15,19,20,24,25
794,9,10,14,15,19,20,24,25
795,9,10,14,15,19,20,24,25
796,9,10,14,15,19,20,24,25
797,9,10,14,15,19,20,25
798,9,10,14,15,19,20,25
799,9,10,14,15,19,20,25
800,9,10,14,15,19,20,25
801,9,10,14,15,19,20,25
802,9,10,14,15,19,20,25
803,9,10,14,15,19,20,25
804,9,10,14,15,19,20,25
805,9,10,11,14,15,16,19,20,25
806,9,10,11,14,15,16,19,20,25
807,6,9,10,11,14,15,16,19,20,25
808,6,9,10,11,14,15,16,19,20,25
809,6,9,10,11,14,15,16,19,20,25
810,6,9,10,11,14,15,16,19,20,25
811,6,9,10,11,14,15,16,19,20
812,6,9,10,11,14,15,16,19,20
813,6,10,11,14,15,16,20,25
814,6,10,11,14,15,16,20,25
815,6,10,11,15,16,20,25
816,6,10,11,15,16,20,25
817,6,10,11,15,16,20,25
818,6,10,11,15,16,20,25
819,6,10,11,15,16,20,21,25
820,6,10,11,15,16,20,21,25
821,6,10,11,15,16,20,21,25
822,6,10,11,15,16,20,21,25
823,6,10,11,15,16,20,21,25
824,6,10,11,15,16,20,21,25
825,6,10,11,15,16,20,21,25
826,6,10,11,15,16,20,21,25
827,6,10,11,15,16,20,21,25
828,6,10,11,15,16,20,21,25
829,6,10,11,15,16,20,25
830,6,10,11,15,16,20,25
831,6,10,11,14,15,16,19,20,25
832,6,10,11,14,15,16,19,20,25
833,5,6,9,10,11,14,15,16,19,20
834,5,6,9,10,11,14,15,16,19,20
835,5,9,10,14,15,19,20
836,5,9,10,14,15,19,20
837,5,9,10,14,15,19,20
838,5,9,10,14,15,19,20
839,4,5,9,10,14,15,19,20
840,4,5,9,10,14,15,19,20
841,4,9,10,14,15,19,20
842,4,9,10,14,15,19,20
843,8,9,10,13,14,15,18,19,20
844,8,9,10,13,14,15,18,19,20
845,8,9,10,13,14,15,18,19,20
846,8,9,10,13,14,15,18,19,20
847,8,9,13,14,18,19
848,8,9,13,14,18,19
849,8,9,13,14,18,19
850,8,9,13,14,18,19
851,8,9,13,14,18,19
852,8,9,13,14,18,19
853,8,9,13,14,18,19,23
854,8,9,13,14,18,19,23
855,8,9,13,14,18,19,23
856,8,9,13,14,18,19,23
857,8,9,13,14,18,19,23
858,8,9,13,14,18,19,23
859,8,9,12,13,14,18,19,23
860,8,9,12,13,14,18,19,23
861,8,9,12,13,14,17,18,19,23
862,8,9,12,13,14,17,18,19,23
863,7,8,9,12,13,14,17,18,19,23
864,7,8,9,12,13,14,17,18,19,23
865,7,8,9,12,13,14,17,18,19,23
866,7,8,9,12,13,14,17,18,19,23
867,7,8,9,12,13,14,17,18,19,23
868,7,8,9,12,13,14,17,18,19,23
869,7,8,9,12,13,14,17,18,19
870,7,8,9,12,13,14,17,18,19
871,7,8,9,12,13,14,17,18,19
872,7,8,9,12,13,14,17,18,19
873,7,8,9,12,13,14,17,18,19
874,7,8,9,12,13,14,17,18,19
875,7,8,12,13,14,17,18
876,7,8,12,13,14,17,18
877,7,8,12,13,17,18
878,7,8,12,13,17,18
879,3,7,8,12,13,17,18
880,3,7,8,12,13,17,18
881,7,8,12,13,17,18
882,7,8,12,13,17,18
883,3,7,8,12,13,17,18
884,3,7,8,12,13,17,18
885,3,7,8,12,13,17,18
886,3,7,8,12,13,17,18
887,3,7,8,12,13,17,18
888,3,7,8,12,13,17,18
889,3,7,8,12,13,17,18
890,3,7,8,12,13,17,18
891,2,3,7,8,12,13,17,18
892,2,3,7,8,12,13,17,18
893,2,3,7,8,12,13,17,18
894,2,3,7,8,12,13,17,18
895,2,7,8,11,12,13,17,18
896,2,7,8,11,12,13,17,18
897,2,6,7,8,11,12,13,17,18
898,2,6,7,8,11,12,13,17,18
899,2,6,7,8,11,12,13,16,17,18
900,2,6,7,8,11,12,13,16,17,18
901,2,6,7,8,11,12,13,16,17,18
902,2,6,7,8,11,12,13,16,17,18
903,2,6,7,8,11,12,13,16,17,18
904,2,6,7,8,11,12,13,16,17,18
905,2,6,7,8,11,12,13,16,17,18
906,2,6,7,8,11,12,13,16,17,18
907,2,6,7,8,11,12,13,16,17,18
908,2,6,7,8,11,12,13,16,17,18
909,2,6,7,8,11,12,13,16,17,18
910,2,6,7,8,11,12,13,16,17,18
911,2,6,7,8,11,12,13,16,17,18
912,2,6,7,8,11,12,13,16,17,18
913,2,6,7,8,11,12,13,16,17,18
914,2,6,7,8,11,12,13,16,17,18
915,2,6,7,8,11,12,13,16,17
916,2,6,7,8,11,12,13,16,17
917,2,6,7,8,11,12,13,16,17
918,2,6,7,8,11,12,13,16,17
919,2,6,7,8,11,12,13,16,17
920,2,6,7,8,11,12,13,16,17
921,2,6,7,8,11,12,13,16,17
922,2,6,7,8,11,12,13,16,17
923,2,6,7,8,11,12,13,16,17,18
924,2,6,7,8,11,12,13,16,17,18
925,2,6,7,8,11,12,13,16,17,18
926,2,6,7,8,11,12,13,16,17,18
927,6,7,8,11,12,13,16,17,18
928,6,7,8,11,12,13,16,17,18
929,7,8,11,12,13,17,18,22
930,7,8,11,12,13,17,18,22
931,7,8,12,13,17,18,22
932,7,8,12,13,17,18,22
933,7,8,12,13,17,18,22,23
934,7,8,12,13,17,18,22,23
935,7,8,12,13,17,18,22,23
936,7,8,12,13,17,18,22,23
937,7,8,12,13,17,18,22,23
938,7,8,12,13,17,18,22,23
939,7,8,12,13,17,18,22,23
940,7,8,12,13,17,18,22,23
941,7,8,12,13,17,18,22,23
942,7,8,12,13,17,18,22,23
943,7,8,12,13,17,18,22,23
944,7,8,12,13,17,18,22,23
945,7,8,12,13,17,18,22,23
946,7,8,12,13,17,18,22,23
947,7,8,12,13,17,18
948,7,8,12,13,17,18
949,7,8,12,13,17,18
950,7,8,12,13,17,18
951,3,7,8,12,13,17,18
952,3,7,8,12,13,17,18
953,3,7,8,12,13,17,18
954,3,7,8,12,13,17,18
955,3,7,8,12,13,17,18
956,3,7,8,12,13,17,18
957,3,7,8,12,13,17,18
958,3,7,8,12,13,17,18
959,3,7,8,12,13,17,18
960,3,7,8,12,13,17,18
961,2,3,7,8,12,13,17,18
962,2,3,7,8,12,13,17,18
963,2,3,7,8,12,13,17,18
964,2,3,7,8,12,13,17,18
965,2,3,7,8,12,13,17,18
966,2,3,7,8,12,13,17,18
967,3,7,8,12,13,17,18
968,3,7,8,12,13,17,18
969,3,7,8,12,13,17,18
970,3,7,8,12,13,17,18
971,3,7,8,12,13,17,18
972,3,7,8,12,13,17,18
973,3,7,8,12,13,17,18
974,3,7,8,12,13,17,18
975,3,7,8,12,13,17,18
976,3,7,8,12,13,17,18
977,7,8,12,13,17,18
978,7,8,12,13,17,18
979,7,8,12,13,14,17,18
980,7,8,12,13,14,17,18
981,7,8,12,13,14,17,18,19
982,7,8,12,13,14,17,18,19
983,7,8,9,12,13,14,17,18,19
984,7,8,9,12,13,14,17,18,19
985,7,8,9,12,13,14,17,18,19
986,7,8,9,12,13,14,17,18,19
987,7,8,9,12,13,14,17,18,19
988,7,8,9,12,13,14,17,18,19
989,7,8,9,12,13,14,17,18,19
990,7,8,9,12,13,14,17,18,19
991,7,8,9,12,13,14,17,18,19
992,7,8,9,12,13,14,17,18,19
993,7,8,9,12,13,14,17,18,19
994,7,8,9,12,13,14,17,18,19
995,7,8,9,12,13,14,17,18,19
996,7,8,9,12,13,14,17,18,19
997,7,8,9,12,13,14,17,18,19
998,7,8,9,12,13,14,17,18,19
999,7,8,9,12,13,14,17,18,19,23
1000,7,8,9,12,13,14,17,18,19,23
1001,8,9,12,13,14,17,18,19,23
1002,8,9,12,13,14,17,18,19,23
1003,8,9,12,13,14,17,18,19,23
1004,8,9,12,13,14,17,18,19,23
1005,8,9,12,13,14,18,19,23
1006,8,9,12,13,14,18,19,23
1007,8,9,12,13,14,18,19,23
1008,8,9,12,13,14,18,19,23
1009,8,9,12,13,14,18,19,23
1010,8,9,12,13,14,18,19,23
1011,8,9,12,13,14,18,19
1012,8,9,12,13,14,18,19
1013,8,9,13,14,18,19
1014,8,9,13,14,18,19
1015,8,9,12,13,14,18,19
1016,8,9,12,13,14,18,19
1017,3,7,8,9,12,13,14,18,19
1018,3,7,8,9,12,13,14,18,19
1019,3,7,8,9,12,13,14,17,18,19
1020,3,7,8,9,12,13,14,17,18,19
1021,3,7,8,9,12,13,14,17,18,19
1022,3,7,8,9,12,13,14,17,18,19
1023,3,7,8,9,12,13,14,17,18
1024,3,7,8,9,12,13,14,17,18
1025,3,7,8,9,12,13,14,17,18
1026,3,7,8,9,12,13,14,17,18
1027,3,7,8,9,12,13,14,17,18
1028,3,7,8,9,12,13,14,17,18
1029,3,7,8,9,12,13,14,17,18
1030,3,7,8,9,12,13,14,17,18
1031,3,7,8,9,12,13,14,17,18
1032,3,7,8,9,12,13,14,17,18
1033,3,7,8,9,12,13,14,17,18
1034,3,7,8,9,12,13,14,17,18
1035,3,7,8,9,12,13,14,17,18
1036,3,7,8,9,12,13,14,17,18
1037,3,7,8,9,12,13,14,17,18
1038,3,7,8,9,12,13,14,17,18
1039,3,7,8,12,13,14,17,18
1040,3,7,8,12,13,14,17,18
1041,3,7,8,12,13,17,18
1042,3,7,8,12,13,17,18
1043,3,7,8,12,13,17,18
1044,3,7,8,12,13,17,18
1045,3,7,8,12,13,17,18
1046,3,7,8,12,13,17,18
1047,2,3,7,8,12,13,17,18
1048,2,3,7,8,12,13,17,18
1049,2,3,7,8,12,13,17,18
1050,2,3,7,8,12,13,17,18
1051,2,3,7,8,12,13,17,18
1052,2,3,7,8,12,13,17,18
1053,2,3,6,7,8,11,12,13,17,18
1054,2,3,6,7,8,11,12,13,17,18
1055,2,3,6,7,8,11,12,13,17,18
1056,2,3,6,7,8,11,12,13,17,18
1057,2,6,7,8,11,12,13,16,17,18
1058,2,6,7,8,11,12,13,16,17,18
1059,2,6,7,8,11,12,13,16,17
1060,2,6,7,8,11,12,13,16,17
1061,2,6,7,11,12,16,17
1062,2,6,7,11,12,16,17
1063,2,6,7,11,12,16,17
1064,2,6,7,11,12,16,17
1065,2,6,7,11,12,16,17
1066,2,6,7,11,12,16,17
1067,2,6,7,11,12,16,17
1068,2,6,7,11,12,16,17
1069,2,6,7,11,12,16,17
1070,2,6,7,11,12,16,17
1071,1,2,6,7,11,12,16,17
1072,1,2,6,7,11,12,16,17
1073,1,2,6,7,11,12,16,17
1074,1,2,6,7,11,12,16,17
1075,1,2,6,7,11,12,16,17
1076,1,2,6,7,11,12,16,17
1077,1,2,6,7,11,12,16,17
1078,1,2,6,7,11,12,16,17
1079,2,6,7,11,12,16,17
1080,2,6,7,11,12,16,17
1081,2,6,7,11,12,16,17
1082,2,6,7,11,12,16,17
1083,2,6,7,11,12,16,17
1084,2,6,7,11,12,16,17
1085,2,6,7,8,11,12,13,16,17,18
1086,2,6,7,8,11,12,13,16,17,18
1087,7,8,12,13,17,18
1088,7,8,12,13,17,18
1089,7,8,12,13,17,18
1090,7,8,12,13,17,18
1091,3,7,8,12,13,17,18
1092,3,7,8,12,13,17,18
1093,3,7,8,9,12,13,14,17,18
1094,3,7,8,9,12,13,14,17,18
1095,3,7,8,9,12,13,14,17,18,19
1096,3,7,8,9,12,13,14,17,18,19
1097,3,7,8,9,12,13,14,17,18,19
1098,3,7,8,9,12,13,14,17,18,19
1099,3,7,8,9,12,13,14,17,18,19
1100,3,7,8,9,12,13,14,17,18,19
1101,3,7,8,9,12,13,14,17,18,19
1102,3,7,8,9,12,13,14,17,18,19
1103,3,7,8,9,12,13,14,17,18,19
1104,3,7,8,9,12,13,14,17,18,19
1105,3,7,8,9,12,13,14,17,18,19
1106,3,7,8,9,12,13,14,17,18,19
1107,3,7,8,9,12,13,14,17,18,19
1108,3,7,8,9,12,13,14,17,18,19
1109,3,7,8,9,12,13,14,17,18,19
1110,3,7,8,9,12,13,14,17,18,19
1111,3,7,8,9,12,13,14,18,19
1112,3,7,8,9,12,13,14,18,19
1113,3,7,8,9,12,13,14,18,19
1114,3,7,8,9,12,13,14,18,19
1115,3,7,8,9,12,13,14,18,19
1116,3,7,8,9,12,13,14,18,19
1117,3,7,8,9,12,13,14,18,19
1118,3,7,8,9,12,13,14,18,19
1119,3,7,8,9,12,13,14,18,19
1120,3,7,8,9,12,13,14,18,19
1121,3,7,8,9,12,13,14,17,18,19
1122,3,7,8,9,12,13,14,17,18,19
1123,3,7,8,9,12,13,14,17,18,19
1124,3,7,8,9,12,13,14,17,18,19
1125,3,7,8,9,12,13,14,17,18,19
1126,3,7,8,9,12,13,14,17,18,19
1127,3,7,8,9,12,13,14,17,18,19
1128,3,7,8,9,12,13,14,17,18,19
1129,3,7,8,9,12,13,14,17,18,19
1130,3,7,8,9,12,13,14,17,18,19
1131,3,7,8,9,12,13,14,17,18,19
1132,3,7,8,9,12,13,14,17,18,19
1133,3,7,8,9,12,13,14,17,18,19
1134,3,7,8,9,12,13,14,17,18,19
1135,3,7,8,9,12,13,14,17,18,19
1136,3,7,8,9,12,13,14,17,18,19
1137,3,7,8,9,12,13,14,17,18,19
1138,3,7,8,9,12,13,14,17,18,19
1139,3,7,8,9,12,13,14,17,18,19
1140,3,7,8,9,12,13,14,17,18,19
1141,3,7,8,9,12,13,14,17,18,19
1142,3,7,8,9,12,13,14,17,18,19
1143,3,7,8,9,12,13,14,17,18,19
1144,3,7,8,9,12,13,14,17,18,19
1145,3,7,8,9,12,13,14,17,18,19
1146,3,7,8,9,12,13,14,17,18,19
1147,3,7,8,9,12,13,14,17,18,19
1148,3,7,8,9,12,13,14,17,18,19
1149,3,7,8,9,12,13,14,17,18,19
1150,3,7,8,9,12,13,14,17,18,19
1151,3,7,8,9,12,13,14,17,18,19
1152,3,7,8,9,12,13,14,17,18,19
1153,3,7,8,9,12,13,14,17,18,19
1154,3,7,8,9,12,13,14,17,18,19
1155,3,7,8,9,12,13,14,17,18,19
1156,3,7,8,9,12,13,14,17,18,19
1157,3,7,8,9,12,13,14,17,18,19
1158,3,7,8,9,12,13,14,17,18,19
1159,3,7,8,9,12,13,14,17,18,19
1160,3,7,8,9,12,13,14,17,18,19
1161,3,7,8,9,12,13,14,17,18,19
1162,3,7,8,9,12,13,14,17,18,19
1163,3,7,8,9,12,13,14,18,19
1164,3,7,8,9,12,13,14,18,19
1165,3,4,8,9,13,14,18,19
1166,3,4,8,9,13,14,18,19
1167,3,4,8,9,13,14,18,19
1168,3,4,8,9,13,14,18,19
1169,4,8,9,13,14,18,19
1170,4,8,9,13,14,18,19
1171,4,8,9,13,14,18,19
1172,4,8,9,13,14,18,19
1173,4,8,9,13,14,18,19
1174,4,8,9,13,14,18,19
1175,4,8,9,10,13,14,15,18,19
1176,4,8,9,10,13,14,15,18,19
1177,4,8,9,10,13,14,15,18,19
1178,4,8,9,10,13,14,15,18,19
1179,4,8,9,10,13,14,15,18,19,20
1180,4,8,9,10,13,14,15,18,19,20
1181,4,8,9,10,13,14,15,18,19,20
1182,4,8,9,10,13,14,15,18,19,20
1183,4,8,9,10,13,14,15,18,19,20
1184,4,8,9,10,13,14,15,18,19,20
1185,4,8,9,10,13,14,15,18,19,20
1186,4,8,9,10,13,14,15,18,19,20
1187,4,8,9,10,13,14,15,18,19,20
1188,4,8,9,10,13,14,15,18,19,20
1189,4,8,9,10,13,14,15,18,19,20
1190,4,8,9,10,13,14,15,18,19,20
1191,8,9,10,13,14,15,18,19,20
1192,8,9,10,13,14,15,18,19,20
1193,8,9,10,13,14,15,18,19,20
1194,8,9,10,13,14,15,18,19,20
1195,8,9,13,14,15,18,19
1196,8,9,13,14,15,18,19
1197,8,9,13,14,18,19
1198,8,9,13,14,18,19
1199,8,9,13,14,18,19
1200,8,9,13,14,18,19
1201,8,9,13,14,18,19
1202,8,9,13,14,18,19
1203,8,9,13,14,18,19
1204,8,9,13,14,18,19
1205,8,9,13,14,18,19
1206,8,9,13,14,18,19
1207,8,9,13,14,18,19
1208,8,9,13,14,18,19
1209,8,9,13,14,18,19
1210,8,9,13,14,18,19
1211,8,9,13,14,18,19
1212,8,9,13,14,18,19
1213,8,9,13,14,18,19
1214,8,9,13,14,18,19
1215,8,9,13,14,18,19
1216,8,9,13,14,18,19
1217,8,9,12,13,14,18,19
1218,8,9,12,13,14,18,19
1219,3,7,8,9,12,13,14,18,19
1220,3,7,8,9,12,13,14,18,19
1221,3,7,8,9,12,13,14,17,18,19
1222,3,7,8,9,12,13,14,17,18,19
1223,3,7,8,9,12,13,14,17,18,19
1224,3,7,8,9,12,13,14,17,18,19
1225,3,7,8,9,12,13,14,17,18,19
1226,3,7,8,9,12,13,14,17,18,19
1227,3,7,8,9,12,13,14,17,18,19
1228,3,7,8,9,12,13,14,17,18,19
1229,3,7,8,9,12,13,14,17,18,19
1230,3,7,8,9,12,13,14,17,18,19
1231,3,7,8,9,12,13,14,17,18,19
1232,3,7,8,9,12,13,14,17,18,19
1233,3,7,8,9,12,13,14,17,18,19
1234,3,7,8,9,12,13,14,17,18,19
1235,3,7,8,9,12,13,14,17,18,19
1236,3,7,8,9,12,13,14,17,18,19
1237,3,7,8,9,12,13,14,17,18,19
1238,3,7,8,9,12,13,14,17,18,19
1239,3,7,8,9,12,13,14,17,18,19
1240,3,7,8,9,12,13,14,17,18,19
1241,3,7,8,9,12,13,14,17,18,19
1242,3,7,8,9,12,13,14,17,18,19
1243,3,7,8,9,12,13,14,17,18,19
1244,3,7,8,9,12,13,14,17,18,19
1245,3,7,8,9,12,13,14,17,18,19
1246,3,7,8,9,12,13,14,17,18,19
1247,3,7,8,9,12,13,14,17,18,19
1248,3,7,8,9,12,13,14,17,18,19
1249,3,7,8,9,12,13,14,17,18,19
1250,3,7,8,9,12,13,14,17,18,19
1251,3,7,8,9,12,13,14,17,18,19
1252,3,7,8,9,12,13,14,17,18,19
1253,3,7,8,9,12,13,14,17,18
1254,3,7,8,9,12,13,14,17,18
1255,3,7,8,9,12,13,14,17,18
1256,3,7,8,9,12,13,14,17,18
1257,3,7,8,9,12,13,14,17,18
1258,3,7,8,9,12,13,14,17,18
1259,3,7,8,9,12,13,14,17,18
1260,3,7,8,9,12,13,14,17,18
1261,3,7,8,9,12,13,14,17,18
1262,3,7,8,9,12,13,14,17,18
1263,3,7,8,9,12,13,14,17,18
1264,3,7,8,9,12,13,14,17,18
1265,3,7,8,9,12,13,14,17,18
1266,3,7,8,9,12,13,14,17,18
1267,3,7,8,9,12,13,14,17,18
1268,3,7,8,9,12,13,14,17,18
1269,3,7,8,9,12,13,14,17,18
1270,3,7,8,9,12,13,14,17,18
1271,3,7,8,9,12,13,14,17,18
1272,3,7,8,9,12,13,14,17,18
1273,3,7,8,9,12,13,14,17,18
1274,3,7,8,9,12,13,14,17,18
1275,3,7,8,9,12,13,14,17,18
1276,3,7,8,9,12,13,14,17,18
1277,3,7,8,9,12,13,14,17,18
1278,3,7,8,9,12,13,14,17,18
1279,3,7,8,9,12,13,14,17,18
1280,3,7,8,9,12,13,14,17,18
1281,3,7,8,9,12,13,14,17,18
1282,3,7,8,9,12,13,14,17,18
1283,3,7,8,9,12,13,14,17,18
1284,3,7,8,9,12,13,14,17,18
1285,3,7,8,9,12,13,14,17,18
1286,3,7,8,9,12,13,14,17,18
1287,3,7,8,9,12,13,14,17,18
1288,3,7,8,9,12,13,14,17,18
1289,3,7,8,12,13,17,18
1290,3,7,8,12,13,17,18
1291,3,7,8,12,13,17,18
1292,3,7,8,12,13,17,18
1293,3,7,8,12,13,17,18
1294,3,7,8,12,13,17,18
1295,3,7,8,12,13,17,18
1296,3,7,8,12,13,17,18
1297,3,7,8,12,13,17,18
1298,3,7,8,12,13,17,18
1299,3,7,8,12,13,17,18
1300,3,7,8,12,13,17,18
1301,3,7,8,12,13,17,18
1302,3,7,8,12,13,17,18
1303,3,7,8,12,13,17,18
1304,3,7,8,12,13,17,18
1305,3,7,8,12,13,17,18
1306,3,7,8,12,13,17,18
1307,3,7,8,12,13,17,18
1308,3,7,8,12,13,17,18
1309,3,7,8,12,13,17,18
1310,3,7,8,12,13,17,18
1311,3,7,8,12,13,17,18
1312,3,7,8,12,13,17,18
1313,3,7,8,12,13,17,18
1314,3,7,8,12,13,17,18
1315,2,3,7,8,12,13,17,18
1316,2,3,7,8,12,13,17,18
1317,2,3,7,8,12,13,17,18
1318,2,3,7,8,12,13,17,18
1319,2,3,7,8,12,13,17,18
1320,2,3,7,8,12,13,17,18
1321,2,3,7,8,12,13,17,18
1322,2,3,7,8,12,13,17,18
1323,2,3,7,8,12,13,17,18
1324,2,3,7,8,12,13,17,18
1325,2,3,6,7,8,11,12,13,17,18
1326,2,3,6,7,8,11,12,13,17,18
1327,2,6,7,8,11,12,13,17,18
1328,2,6,7,8,11,12,13,17,18
1329,2,6,7,8,11,12,13,17,18
1330,2,6,7,8,11,12,13,17,18
1331,2,6,7,8,11,12,13,17,18
1332,2,6,7,8,11,12,13,17,18
1333,2,6,7,8,11,12,13,17,18
1334,2,6,7,8,11,12,13,17,18
1335,2,6,7,8,11,12,13,17,18
1336,2,6,7,8,11,12,13,17,18
1337,2,6,7,8,11,12,13,17,18
1338,2,6,7,8,11,12,13,17,18
1339,2,6,7,8,11,12,13,16,17,18
1340,2,6,7,8,11,12,13,16,17,18
1341,2,6,7,8,11,12,13,16,17,18
1342,2,6,7,8,11,12,13,16,17,18
1343,2,6,7,8,11,12,13,16,17,18
1344,2,6,7,8,11,12,13,16,17,18
1345,2,6,7,8,11,12,13,16,17,18
1346,2,6,7,8,11,12,13,16,17,18
1347,2,6,7,8,11,12,13,16,17,18
1348,2,6,7,8,11,12,13,16,17,18
1349,2,6,7,8,11,12,13,16,17,18
1350,2,6,7,8,11,12,13,16,17,18
1351,2,6,7,8,11,12,13,16,17,18
1352,2,6,7,8,11,12,13,16,17,18
1353,2,6,7,8,11,12,13,16,17,18
1354,2,6,7,8,11,12,13,16,17,18
1355,2,6,7,8,11,12,13,16,17,18
1356,2,6,7,8,11,12,13,16,17,18
1357,2,6,7,8,11,12,13,16,17,18
1358,2,6,7,8,11,12,13,16,17,18
1359,2,7,8,12,13,17,18
1360,2,7,8,12,13,17,18
1361,7,8,12,13,17,18
1362,7,8,12,13,17,18
1363,7,8,12,13,17,18
1364,7,8,12,13,17,18
1365,3,7,8,12,13,17,18
1366,3,7,8,12,13,17,18
1367,3,7,8,9,12,13,14,17,18
1368,3,7,8,9,12,13,14,17,18
1369,3,7,8,9,12,13,14,17,18
1370,3,7,8,9,12,13,14,17,18
1371,3,7,8,9,12,13,14,17,18,19
1372,3,7,8,9,12,13,14,17,18,19
1373,3,7,8,9,12,13,14,17,18,19
1374,3,7,8,9,12,13,14,17,18,19
1375,3,7,8,9,12,13,14,17,18,19
1376,3,7,8,9,12,13,14,17,18,19
1377,3,7,8,9,12,13,14,17,18
1378,3,7,8,9,12,13,14,17,18
1379,3,7,8,9,12,13,14,17,18
1380,3,7,8,9,12,13,14,17,18
1381,3,7,8,12,13,17,18
1382,3,7,8,12,13,17,18
1383,3,7,8,12,13,17,18
1384,3,7,8,12,13,17,18
1385,2,3,7,8,12,13,17,18
1386,2,3,7,8,12,13,17,18
1387,2,3,7,8,12,13,17,18
1388,2,3,7,8,12,13,17,18
1389,2,3,7,8,12,13,17,18
1390,2,3,7,8,12,13,17,18
1391,2,3,7,8,12,13,17,18
1392,2,3,7,8,12,13,17,18
1393,2,3,7,8,12,13,17,18
1394,2,3,7,8,12,13,17,18
1395,2,3,7,8,12,13,17,18
1396,2,3,7,8,12,13,17,18
1397,2,3,7,8,12,13,17,18
1398,2,3,7,8,12,13,17,18
1399,2,3,7,8,12,13,17,18
1400,2,3,7,8,12,13,17,18
1401,2,3,7,8,12,13,17,18
1402,2,3,7,8,12,13,17,18
1403,2,3,7,8,12,13,17,18
1404,2,3,7,8,12,13,17,18
1405,2,3,7,8,12,13,17,18
1406,2,3,7,8,12,13,17,18
1407,2,3,7,8,12,13,17,18
1408,2,3,7,8,12,13,17,18
1409,2,3,7,8,12,13,17,18
1410,2,3,7,8,12,13,17,18
1411,2,3,7,8,12,13,17,18
1412,2,3,7,8,12,13,17,18
1413,2,3,7,8,12,13,17,18
1414,2,3,7,8,12,13,17,18
1415,2,3,7,8,12,13,17,18
1416,2,3,7,8,12,13,17,18
1417,2,3,7,8,12,13,17,18
1418,2,3,7,8,12,13,17,18
1419,2,3,7,8,12,13,17,18
1420,2,3,7,8,12,13,17,18
1421,2,3,7,8,12,13,17,18
1422,2,3,7,8,12,13,17,18
1423,2,3,7,8,12,13,17,18
1424,2,3,7,8,12,13,17,18
1425,2,3,7,8,12,13,17,18
1426,2,3,7,8,12,13,17,18
1427,2,3,7,8,12,13,17,18
1428,2,3,7,8,12,13,17,18
1429,2,3,7,8,12,13,17,18
1430,2,3,7,8,12,13,17,18
1431,2,3,7,8,12,13,17,18
1432,2,3,7,8,12,13,17,18
1433,2,3,7,8,12,13,17,18
1434,2,3,7,8,12,13,17,18
1435,2,3,7,8,12,13,17,18
1436,2,3,7,8,12,13,17,18
1437,2,3,7,8,12,13,17,18
1438,2,3,7,8,12,13,17,18
1439,2,3,7,8,12,13,17,18
1440,2,3,7,8,12,13,17,18
1441,2,3,7,8,12,13,17,18
1442,2,3,7,8,12,13,17,18
1443,2,3,7,8,12,13,17,18
1444,2,3,7,8,12,13,17,18
1445,2,3,7,8,12,13,17,18
1446,2,3,7,8,12,13,17,18
1447,2,3,7,8,12,13,17,18
1448,2,3,7,8,12,13,17,18
1449,2,3,7,8,12,13,17,18
1450,2,3,7,8,12,13,17,18
1451,2,3,7,8,12,13,17,18
1452,2,3,7,8,12,13,17,18
1453,3,7,8,12,13,17,18
1454,3,7,8,12,13,17,18
1455,3,7,8,12,13,17,18
1456,3,7,8,12,13,17,18
1457,3,7,8,12,13,17,18
1458,3,7,8,12,13,17,18
1459,3,7,8,12,13,14,17,18
1460,3,7,8,12,13,14,17,18
1461,3,7,8,9,12,13,14,17,18
1462,3,7,8,9,12,13,14,17,18
1463,3,7,8,9,12,13,14,17,18
1464,3,7,8,9,12,13,14,17,18
1465,3,7,8,9,12,13,14,17,18
1466,3,7,8,9,12,13,14,17,18
1467,3,7,8,9,12,13,14,17,18
1468,3,7,8,9,12,13,14,17,18
1469,3,7,8,9,12,13,14,17,18
1470,3,7,8,9,12,13,14,17,18
1471,3,7,8,9,12,13,14,17,18
1472,3,7,8,9,12,13,14,17,18
1473,3,7,8,9,12,13,14,17,18,19
1474,3,7,8,9,12,13,14,17,18,19
1475,3,7,8,9,12,13,14,17,18,19
1476,3,7,8,9,12,13,14,17,18,19
1477,3,7,8,9,12,13,14,17,18,19
1478,3,7,8,9,12,13,14,17,18,19
1479,3,7,8,9,12,13,14,17,18,19
1480,3,7,8,9,12,13,14,17,18,19
1481,3,7,8,9,12,13,14,17,18,19
1482,3,7,8,9,12,13,14,17,18,19
1483,3,7,8,9,12,13,14,17,18,19
1484,3,7,8,9,12,13,14,17,18,19
1485,3,7,8,9,12,13,14,17,18,19
1486,3,7,8,9,12,13,14,17,18,19
1487,3,7,8,9,12,13,14,17,18,19
1488,3,7,8,9,12,13,14,17,18,19
1489,3,7,8,9,12,13,14,17,18,19
1490,3,7,8,9,12,13,14,17,18,19
1491,3,7,8,9,12,13,14,17,18,19
1492,3,7,8,9,12,13,14,17,18,19
1493,3,7,8,9,12,13,14,17,18,19
1494,3,7,8,9,12,13,14,17,18,19
1495,3,7,8,9,12,13,14,17,18,19
1496,3,7,8,9,12,13,14,17,18,19
1497,3,7,8,9,12,13,14,17,18,19
1498,3,7,8,9,12,13,14,17,18,19
1499,3,7,8,9,12,13,14,17,18,19
1500,3,7,8,9,12,13,14,17,18,19
1501,3,7,8,9,12,13,14,17,18,19
1502,3,7,8,9,12,13,14,17,18,19
1503,3,7,8,9,12,13,14,17,18,19
1504,3,7,8,9,12,13,14,17,18,19
1505,3,7,8,9,12,13,14,17,18,19
1506,3,7,8,9,12,13,14,17,18,19
1507,3,7,8,9,12,13,14,17,18,19
1508,3,7,8,9,12,13,14,17,18,19
1509,3,7,8,9,12,13,14,17,18,19
1510,3,7,8,9,12,13,14,17,18,19
1511,3,7,8,9,12,13,14,17,18,19
1512,3,7,8,9,12,13,14,17,18,19
1513,3,7,8,9,12,13,14,17,18,19
1514,3,7,8,9,12,13,14,17,18,19
1515,3,7,8,9,12,13,14,17,18
1516,3,7,8,9,12,13,14,17,18
1517,3,7,8,9,12,13,14,17,18
1518,3,7,8,9,12,13,14,17,18
1519,3,7,8,9,12,13,14,17,18
1520,3,7,8,9,12,13,14,17,18
1521,3,7,8,9,12,13,14,17,18,19
1522,3,7,8,9,12,13,14,17,18,19
1523,3,7,8,9,12,13,14,17,18,19
1524,3,7,8,9,12,13,14,17,18,19
1525,3,7,8,9,12,13,14,17,18,19
1526,3,7,8,9,12,13,14,17,18,19
1527,3,7,8,9,12,13,14,17,18,19
1528,3,7,8,9,12,13,14,17,18,19
1529,3,7,8,9,12,13,14,17,18,19
1530,3,7,8,9,12,13,14,17,18,19
1531,3,7,8,9,12,13,14,17,18,19
1532,3,7,8,9,12,13,14,17,18,19
1533,3,7,8,9,12,13,14,17,18,19
1534,3,7,8,9,12,13,14,17,18,19
1535,3,7,8,9,12,13,14,17,18,19
1536,3,7,8,9,12,13,14,17,18,19
1537,3,7,8,9,12,13,14,17,18,19
1538,3,7,8,9,12,13,14,17,18,19
1539,3,7,8,9,12,13,14,17,18,19
1540,3,7,8,9,12,13,14,17,18,19
1541,3,7,8,9,12,13,14,17,18,19
1542,3,7,8,9,12,13,14,17,18,19
1543,3,7,8,9,12,13,14,17,18,19
1544,3,7,8,9,12,13,14,17,18,19
1545,3,7,8,9,12,13,14,17,18,19
1546,3,7,8,9,12,13,14,17,18,19
1547,3,7,8,9,12,13,14,17,18,19
1548,3,7,8,9,12,13,14,17,18,19
1549,3,7,8,9,12,13,14,17,18,19
1550,3,7,8,9,12,13,14,17,18,19
1551,3,7,8,9,12,13,14,17,18,19
1552,3,7,8,9,12,13,14,17,18,19
1553,3,7,8,9,12,13,14,17,18,19
1554,3,7,8,9,12,13,14,17,18,19
1555,3,7,8,9,12,13,14,17,18,19
1556,3,7,8,9,12,13,14,17,18,19
1557,3,7,8,9,12,13,14,17,18,19
1558,3,7,8,9,12,13,14,17,18,19
1559,3,7,8,9,12,13,14,17,18,19
1560,3,7,8,9,12,13,14,17,18,19
1561,3,7,8,9,12,13,14,17,18,19
1562,3,7,8,9,12,13,14,17,18,19
1563,3,7,8,9,12,13,14,17,18,19
1564,3,7,8,9,12,13,14,17,18,19
1565,3,7,8,9,12,13,14,17,18,19
1566,3,7,8,9,12,13,14,17,18,19
1567,3,7,8,9,12,13,14,17,18,19
1568,3,7,8,9,12,13,14,17,18,19
1569,3,7,8,9,12,13,14,17,18,19
1570,3,7,8,9,12,13,14,17,18,19
1571,3,7,8,9,12,13,14,17,18,19
1572,3,7,8,9,12,13,14,17,18,19
1573,3,7,8,9,12,13,14,17,18,19
1574,3,7,8,9,12,13,14,17,18,19
1575,3,7,8,9,12,13,14,17,18,19
1576,3,7,8,9,12,13,14,17,18,19
1577,3,7,8,9,12,13,14,17,18,19
1578,3,7,8,9,12,13,14,17,18,19
1579,3,7,8,9,12,13,14,17,18,19
1580,3,7,8,9,12,13,14,17,18,19
1581,3,7,8,9,12,13,14,17,18,19
1582,3,7,8,9,12,13,14,17,18,19
1583,3,7,8,9,12,13,14,17,18,19
1584,3,7,8,9,12,13,14,17,18,19
1585,3,7,8,9,12,13,14,17,18,19
1586,3,7,8,9,12,13,14,17,18,19
1587,3,7,8,9,12,13,14,17,18,19
1588,3,7,8,9,12,13,14,17,18,19
1589,3,7,8,9,12,13,14,17,18,19
1590,3,7,8,9,12,13,14,17,18,19
1591,3,7,8,9,12,13,14,17,18,19
1592,3,7,8,9,12,13,14,17,18,19
1593,3,7,8,9,12,13,14,17,18,19
1594,3,7,8,9,12,13,14,17,18,19
1595,3,7,8,9,12,13,14,17,18,19
1596,3,7,8,9,12,13,14,17,18,19
1597,3,7,8,9,12,13,14,17,18,19
1598,3,7,8,9,12,13,14,17,18,19
1599,3,7,8,9,12,13,14,17,18,19
1600,3,7,8,9,12,13,14,17,18,19
1601,3,7,8,9,12,13,14,17,18,19
1602,3,7,8,9,12,13,14,17,18,19
1603,3,7,8,9,12,13,14,17,18,19
1604,3,7,8,9,12,13,14,17,18,19
1605,3,7,8,9,12,13,14,17,18,19
1606,3,7,8,9,12,13,14,17,18,19
1607,3,7,8,9,12,13,14,17,18,19
1608,3,7,8,9,12,13,14,17,18,19
1609,3,7,8,9,12,13,14,17,18,19
1610,3,7,8,9,12,13,14,17,18,19
1611,3,7,8,9,12,13,14,17,18,19
1612,3,7,8,9,12,13,14,17,18,19
1613,3,7,8,9,12,13,14,17,18,19
1614,3,7,8,9,12,13,14,17,18,19
1615,3,7,8,9,12,13,14,17,18,19
1616,3,7,8,9,12,13,14,17,18,19
1617,3,7,8,9,12,13,14,17,18,19
1618,3,7,8,9,12,13,14,17,18,19
1619,3,7,8,9,12,13,14,17,18,19
1620,3,7,8,9,12,13,14,17,18,19
1621,3,7,8,9,12,13,14,17,18,19
1622,3,7,8,9,12,13,14,17,18,19
1623,3,7,8,9,12,13,14,17,18,19
1624,3,7,8,9,12,13,14,17,18,19
1625,3,7,8,9,12,13,14,17,18,19
1626,3,7,8,9,12,13,14,17,18,19
1627,3,7,8,9,12,13,14,17,18,19
1628,3,7,8,9,12,13,14,17,18,19
1629,3,7,8,9,12,13,14,17,18,19
1630,3,7,8,9,12,13,14,17,18,19
1631,3,7,8,9,12,13,14,17,18,19
1632,3,7,8,9,12,13,14,17,18,19
1633,3,7,8,9,12,13,14,17,18,19
1634,3,7,8,9,12,13,14,17,18,19
1635,3,7,8,9,12,13,14,17,18,19
1636,3,7,8,9,12,13,14,17,18,19
1637,3,7,8,9,12,13,14,17,18,19
1638,3,7,8,9,12,13,14,17,18,19
1639,3,7,8,9,12,13,14,17,18,19
1640,3,7,8,9,12,13,14,17,18,19
1641,3,7,8,9,12,13,14,17,18,19
1642,3,7,8,9,12,13,14,17,18,19
1643,3,7,8,9,12,13,14,17,18,19
1644,3,7,8,9,12,13,14,17,18,19
1645,3,7,8,9,12,13,14,17,18,19
1646,3,7,8,9,12,13,14,17,18,19
1647,3,7,8,9,12,13,14,17,18,19
1648,3,7,8,9,12,13,14,17,18,19
1649,3,7,8,9,12,13,14,17,18,19
1650,3,7,8,9,12,13,14,17,18,19
1651,3,7,8,9,12,13,14,17,18,19
1652,3,7,8,9,12,13,14,17,18,19
1653,3,7,8,9,12,13,14,17,18,19
1654,3,7,8,9,12,13,14,17,18,19
1655,3,7,8,9,12,13,14,17,18,19
1656,3,7,8,9,12,13,14,17,18,19
1657,3,7,8,9,12,13,14,17,18,19
1658,3,7,8,9,12,13,14,17,18,19
1659,3,7,8,9,12,13,14,17,18,19
1660,3,7,8,9,12,13,14,17,18,19
1661,3,7,8,9,12,13,14,17,18,19
1662,3,7,8,9,12,13,14,17,18,19
1663,3,7,8,9,12,13,14,17,18,19
1664,3,7,8,9,12,13,14,17,18,19
1665,3,7,8,9,12,13,14,17,18,19
1666,3,7,8,9,12,13,14,17,18,19
1667,3,7,8,9,12,13,14,17,18,19
1668,3,7,8,9,12,13,14,17,18,19
1669,3,7,8,9,12,13,14,17,18,19
1670,3,7,8,9,12,13,14,17,18,19
1671,3,7,8,9,12,13,14,17,18,19
1672,3,7,8,9,12,13,14,17,18,19
1673,3,7,8,9,12,13,14,17,18,19
1674,3,7,8,9,12,13,14,17,18,19
1675,3,7,8,9,12,13,14,17,18,19
1676,3,7,8,9,12,13,14,17,18,19
1677,3,7,8,9,12,13,14,17,18,19
1678,3,7,8,9,12,13,14,17,18,19
1679,3,7,8,9,12,13,14,17,18,19
1680,3,7,8,9,12,13,14,17,18,19
1681,3,7,8,9,12,13,14,17,18,19
1682,3,7,8,9,12,13,14,17,18,19
1683,3,7,8,9,12,13,14,17,18,19
1684,3,7,8,9,12,13,14,17,18,19
1685,3,7,8,9,12,13,14,17,18,19
1686,3,7,8,9,12,13,14,17,18,19
1687,3,7,8,9,12,13,14,17,18,19
1688,3,7,8,9,12,13,14,17,18,19
1689,3,7,8,9,12,13,14,17,18,19
1690,3,7,8,9,12,13,14,17,18,19
1691,3,7,8,9,12,13,14,17,18,19
1692,3,7,8,9,12,13,14,17,18,19
1693,3,7,8,9,12,13,14,17,18,19
1694,3,7,8,9,12,13,14,17,18,19
1695,3,7,8,9,12,13,14,17,18,19
1696,3,7,8,9,12,13,14,17,18,19
1697,3,7,8,9,12,13,14,17,18,19
1698,3,7,8,9,12,13,14,17,18,19
1699,3,7,8,9,12,13,14,17,18,19
1700,3,7,8,9,12,13,14,17,18,19
1701,3,7,8,9,12,13,14,17,18,19
1702,3,7,8,9,12,13,14,17,18,19
1703,3,7,8,9,12,13,14,17,18,19
1704,3,7,8,9,12,13,14,17,18,19
1705,3,7,8,9,12,13,14,17,18,19
1706,3,7,8,9,12,13,14,17,18,19
1707,3,7,8,9,12,13,14,17,18,19
1708,3,7,8,9,12,13,14,17,18,19
1709,3,7,8,9,12,13,14,17,18,19
1710,3,7,8,9,12,13,14,17,18,19
1711,3,7,8,9,12,13,14,17,18,19
1712,3,7,8,9,12,13,14,17,18,19
1713,3,7,8,9,12,13,14,17,18,19
1714,3,7,8,9,12,13,14,17,18,19
1715,3,7,8,9,12,13,14,17,18,19
1716,3,7,8,9,12,13,14,17,18,19
1717,3,7,8,9,12,13,14,17,18,19
1718,3,7,8,9,12,13,14,17,18,19
1719,3,7,8,9,12,13,14,17,18,19
1720,3,7,8,9,12,13,14,17,18,19
1721,3,7,8,9,12,13,14,17,18,19
1722,3,7,8,9,12,13,14,17,18,19
1723,3,7,8,9,12,13,14,17,18,19
1724,3,7,8,9,12,13,14,17,18,19
1725,3,7,8,9,12,13,14,17,18,19
1726,3,7,8,9,12,13,14,17,18,19
1727,3,7,8,9,12,13,14,17,18,19
1728,3,7,8,9,12,13,14,17,18,19
1729,3,7,8,9,12,13,14,17,18,19
1730,3,7,8,9,12,13,14,17,18,19
1731,3,7,8,9,12,13,14,17,18,19
1732,3,7,8,9,12,13,14,17,18,19
1733,3,7,8,9,12,13,14,17,18,19
1734,3,7,8,9,12,13,14,17,18,19
1735,3,7,8,9,12,13,14,17,18,19
1736,3,7,8,9,12,13,14,17,18,19
1737,3,7,8,9,12,13,14,17,18,19
1738,3,7,8,9,12,13,14,17,18,19
1739,3,7,8,9,12,13,14,17,18,19
1740,3,7,8,9,12,13,14,17,18,19
1741,3,7,8,9,12,13,14,17,18,19
1742,3,7,8,9,12,13,14,17,18,19
1743,3,7,8,9,12,13,14,17,18,19
1744,3,7,8,9,12,13,14,17,18,19
1745,3,7,8,9,12,13,14,17,18,19
1746,3,7,8,9,12,13,14,17,18,19
1747,3,7,8,9,12,13,14,17,18,19
1748,3,7,8,9,12,13,14,17,18,19
1749,3,7,8,9,12,13,14,17,18,19
1750,3,7,8,9,12,13,14,17,18,19
1751,3,7,8,9,12,13,14,17,18,19
1752,3,7,8,9,12,13,14,17,18,19
1753,3,7,8,9,12,13,14,17,18,19
1754,3,7,8,9,12,13,14,17,18,19
1755,3,7,8,9,12,13,14,17,18,19
1756,3,7,8,9,12,13,14,17,18,19
1757,3,7,8,9,12,13,14,17,18,19
1758,3,7,8,9,12,13,14,17,18,19
1759,3,7,8,9,12,13,14,17,18,19
1760,3,7,8,9,12,13,14,17,18,19
1761,3,7,8,9,12,13,14,17,18,19
1762,3,7,8,9,12,13,14,17,18,19
1763,3,7,8,9,12,13,14,17,18,19
1764,3,7,8,9,12,13,14,17,18,19
1765,3,7,8,9,12,13,14,17,18,19
1766,3,7,8,9,12,13,14,17,18,19
1767,3,7,8,9,12,13,14,17,18,19
1768,3,7,8,9,12,13,14,17,18,19
1769,7,8,9,12,13,14,17,18,19
1770,7,8,9,12,13,14,17,18,19
1771,7,8,9,12,13,14,17,18,19
1772,7,8,9,12,13,14,17,18,19
1773,7,8,9,12,13,14,17,18,19
1774,7,8,9,12,13,14,17,18,19
1775,7,8,12,13,14,17,18
1776,7,8,12,13,14,17,18
1777,7,8,12,13,14,17,18
1778,7,8,12,13,14,17,18
1779,3,7,8,12,13,14,17,18
1780,3,7,8,12,13,14,17,18
1781,3,7,8,12,13,14,17,18
1782,3,7,8,12,13,14,17,18
1783,3,7,8,12,13,14,17,18
1784,3,7,8,12,13,14,17,18
1785,3,7,8,12,13,14,17,18
1786,3,7,8,12,13,14,17,18
1787,3,7,8,12,13,17,18
1788,3,7,8,12,13,17,18
1789,3,7,8,12,13,17,18
1790,3,7,8,12,13,17,18
1791,3,7,8,12,13,17,18
1792,3,7,8,12,13,17,18
1793,3,7,8,12,13,14,17,18
1794,3,7,8,12,13,14,17,18
1795,3,7,8,12,13,14,17,18
1796,3,7,8,12,13,14,17,18
1797,3,7,8,12,13,14,17,18
1798,3,7,8,12,13,14,17,18
1799,3,7,8,9,12,13,14,17,18
1800,3,7,8,9,12,13,14,17,18
