1,11,12,20,21,22,29,30,31,32,40
2,11,12,20,21,22,29,30,31,32,40
3,11,12,20,21,22,29,30,31,32,40
4,11,12,20,21,22,29,30,31,32,40
5,11,12,19,20,21,22,29,30,31,32,40
6,11,12,19,20,21,22,29,30,31,32,40
7,11,12,19,20,21,22,29,30,31,32,39,40
8,11,12,19,20,21,22,29,30,31,32,39,40
9,10,11,12,19,20,21,22,29,30,31,32,39,40
10,10,11,12,19,20,21,22,29,30,31,32,39,40
11,10,11,12,19,20,21,22,29,30,31,32,39,40
12,10,11,12,19,20,21,22,29,30,31,32,39,40
13,10,11,12,19,20,21,22,29,30,31,32,39,40
14,10,11,12,19,20,21,22,29,30,31,32,39,40
15,1,10,11,12,19,20,21,22,29,30,31,32,39,40
16,1,10,11,12,19,20,21,22,29,30,31,32,39,40
17,1,10,11,12,19,20,21,22,29,30,31,39,40
18,1,10,11,12,19,20,21,22,29,30,31,39,40
19,1,9,10,11,12,19,20,21,22,29,30,31,39,40
20,1,9,10,11,12,19,20,21,22,29,30,31,39,40
21,1,9,10,11,12,19,20,21,22,29,30,31,39,40
22,1,9,10,11,12,19,20,21,22,29,30,31,39,40
23,1,9,10,11,12,19,20,21,22,29,30,31,39,40
24,1,9,10,11,12,19,20,21,22,29,30,31,39,40
25,1,9,10,11,12,19,20,21,22,29,30,31,39,40
26,1,9,10,11,12,19,20,21,22,29,30,31,39,40
27,1,9,10,11,12,19,20,21,22,29,30,31,39,40
28,1,9,10,11,12,19,20,21,22,29,30,31,39,40
29,9,10,11,12,19,20,21,22,29,30,31,39,40
30,9,10,11,12,19,20,21,22,29,30,31,39,40
31,9,10,11,12,19,20,21,22,29,30,31,39,40
32,9,10,11,12,19,20,21,22,29,30,31,39,40
33,9,10,11,19,20,21,29,30,31,39,40
34,9,10,11,19,20,21,29,30,31,39,40
35,10,11,19,20,21,29,30,31,39,40
36,10,11,19,20,21,29,30,31,39,40
37,10,11,19,20,21,29,30,31,39,40
38,10,11,19,20,21,29,30,31,39,40
39,10,11,19,20,21,28,29,30,31,39,40
40,10,11,19,20,21,28,29,30,31,39,40
41,10,11,18,19,20,21,28,29,30,31,39,40
42,10,11,18,19,20,21,28,29,30,31,39,40
43,10,11,18,19,20,21,28,29,30,31,38,39,40
44,10,11,18,19,20,21,28,29,30,31,38,39,40
45,10,11,18,19,20,21,28,29,30,31,38,39,40
46,10,11,18,19,20,21,28,29,30,31,38,39,40
47,10,11,18,19,20,21,28,29,30,31,38,39,40
48,10,11,18,19,20,21,28,29,30,31,38,39,40
49,9,11,18,19,20,21,28,29,30,38,39,40
50,9,11,18,19,20,21,28,29,30,38,39,40
51,9,18,19,20,28,29,30,38,39,40
52,9,18,19,20,28,29,30,38,39,40
53,9,17,18,19,20,27,28,29,30,38,39,40
54,9,17,18,19,20,27,28,29,30,38,39,40
55,9,17,18,19,20,27,28,29,30,37,38,39,40
56,9,17,18,19,20,27,28,29,30,37,38,39,40
57,8,9,17,18,19,20,27,28,29,30,37,38,39,40
58,8,9,17,18,19,20,27,28,29,30,37,38,39,40
59,8,9,17,18,19,20,27,28,29,30,37,38,39
60,8,9,17,18,19,20,27,28,29,30,37,38,39
61,8,17,18,19,27,28,29,37,38,39
62,8,17,18,19,27,28,29,37,38,39
63,17,18,19,27,28,29,37,38,39
64,17,18,19,27,28,29,37,38,39
65,17,18,19,26,27,28,29,37,38,39
66,17,18,19,26,27,28,29,37,38,39
67,16,17,18,19,26,27,28,29,36,37,38,39
68,16,17,18,19,26,27,28,29,36,37,38,39
69,16,17,18,19,26,27,28,29,36,37,38,39
70,16,17,18,19,26,27,28,29,36,37,38,39
71,16,17,18,19,26,27,28,29,36,37,38,39
72,16,17,18,19,26,27,28,29,36,37,38,39
73,16,17,18,19,26,27,28,29,36,37,38,39
74,16,17,18,19,26,27,28,29,36,37,38,39
75,16,17,18,19,26,27,28,29,36,37,38,39
76,16,17,18,19,26,27,28,29,36,37,38,39
77,16,17,18,19,26,27,28,29,36,37,38,39
78,16,17,18,19,26,27,28,29,36,37,38,39
79,7,16,17,18,19,26,27,28,29,36,37,38
80,7,16,17,18,19,26,27,28,29,36,37,38
81,7,16,17,18,26,27,28,36,37,38
82,7,16,17,18,26,27,28,36,37,38
83,7,16,17,18,26,27,28,36,37,38
84,7,16,17,18,26,27,28,36,37,38
85,7,16,17,18,26,27,28,36,37,38
86,7,16,17,18,26,27,28,36,37,38
87,15,16,17,18,25,26,27,28,36,37,38
88,15,16,17,18,25,26,27,28,36,37,38
89,15,16,17,18,25,26,27,28,35,36,37,38
90,15,16,17,18,25,26,27,28,35,36,37,38
91,15,16,17,18,25,26,27,28,35,36,37,38
92,15,16,17,18,25,26,27,28,35,36,37,38
93,15,16,17,18,25,26,27,28,35,36,37,38
94,15,16,17,18,25,26,27,28,35,36,37,38
95,15,16,17,18,25,26,27,28,35,36,37,38
96,15,16,17,18,25,26,27,28,35,36,37,38
97,15,16,17,25,26,27,28,35,36,37
98,15,16,17,25,26,27,28,35,36,37
99,15,16,17,25,26,27,35,36,37,46
100,15,16,17,25,26,27,35,36,37,46
101,15,16,17,25,26,27,35,36,37,46
102,15,16,17,25,26,27,35,36,37,46
103,15,16,17,25,26,27,35,36,37,46
104,15,16,17,25,26,27,35,36,37,46
105,15,16,17,24,25,26,27,35,36,37,46
106,15,16,17,24,25,26,27,35,36,37,46
107,15,16,17,24,25,26,27,34,35,36,37,46
108,15,16,17,24,25,26,27,34,35,36,37,46
109,14,15,16,17,24,25,26,27,34,35,36,37
110,14,15,16,17,24,25,26,27,34,35,36,37
111,14,15,16,17,24,25,26,27,34,35,36,37
112,14,15,16,17,24,25,26,27,34,35,36,37
113,14,15,16,17,24,25,26,27,34,35,36,37
114,14,15,16,17,24,25,26,27,34,35,36,37
115,14,15,16,17,24,25,26,27,34,35,36,37
116,14,15,16,17,24,25,26,27,34,35,36,37
117,14,15,16,17,24,25,26,27,34,35,36,37
118,14,15,16,17,24,25,26,27,34,35,36,37
119,14,15,16,17,24,25,26,27,34,35,36,37
120,14,15,16,17,24,25,26,27,34,35,36,37
121,6,14,15,16,17,24,25,26,27,34,35,36,37
122,6,14,15,16,17,24,25,26,27,34,35,36,37
123,6,14,15,16,17,24,25,26,27,34,35,36,37
124,6,14,15,16,17,24,25,26,27,34,35,36,37
125,6,14,15,16,17,24,25,26,27,34,35,36,37
126,6,14,15,16,17,24,25,26,27,34,35,36,37
127,6,14,15,16,17,24,25,26,27,34,35,36,37
128,6,14,15,16,17,24,25,26,27,34,35,36,37
129,5,6,14,15,16,17,24,25,26,27,34,35,36,37
130,5,6,14,15,16,17,24,25,26,27,34,35,36,37
131,5,6,14,15,16,17,24,25,26,27,34,35,36,37
132,5,6,14,15,16,17,24,25,26,27,34,35,36,37
133,5,6,14,15,16,17,24,25,26,27,34,35,36,37
134,5,6,14,15,16,17,24,25,26,27,34,35,36,37
135,5,6,14,15,16,17,24,25,26,27,34,35,36
136,5,6,14,15,16,17,24,25,26,27,34,35,36
137,5,6,14,15,16,17,24,25,26,27,34,35,36
138,5,6,14,15,16,17,24,25,26,27,34,35,36
139,5,14,15,16,17,24,25,26,27,34,35,36
140,5,14,15,16,17,24,25,26,27,34,35,36
141,14,15,16,24,25,26,27,34,35,36
142,14,15,16,24,25,26,27,34,35,36
143,14,15,16,24,25,26,27,34,35,36
144,14,15,16,24,25,26,27,34,35,36
145,14,15,16,24,25,26,27,34,35,36
146,14,15,16,24,25,26,27,34,35,36
147,14,15,16,24,25,26,34,35,36,45
148,14,15,16,24,25,26,34,35,36,45
149,14,15,16,24,25,26,34,35,36,45
150,14,15,16,24,25,26,34,35,36,45
151,14,15,16,24,25,26,34,35,36,45
152,14,15,16,24,25,26,34,35,36,45
153,14,15,16,24,25,26,34,35,36
154,14,15,16,24,25,26,34,35,36
155,5,14,15,16,24,25,26,34,35,36
156,5,14,15,16,24,25,26,34,35,36
157,5,14,15,16,24,25,26,34,35,36
158,5,14,15,16,24,25,26,34,35,36
159,5,14,15,16,24,25,26,34,35,36
160,5,14,15,16,24,25,26,34,35,36
161,5,14,15,16,23,24,25,26,34,35,36
162,5,14,15,16,23,24,25,26,34,35,36
163,5,14,15,16,23,24,25,26,34,35,36
164,5,14,15,16,23,24,25,26,34,35,36
165,5,13,14,15,16,23,24,25,26,34,35,36
166,5,13,14,15,16,23,24,25,26,34,35,36
167,5,6,13,14,15,16,23,24,25,26,34,35,36
168,5,6,13,14,15,16,23,24,25,26,34,35,36
169,5,6,13,14,15,16,23,24,25,26,34,35,36
170,5,6,13,14,15,16,23,24,25,26,34,35,36
171,4,5,6,13,14,15,16,23,24,25,26,34,35,36
172,4,5,6,13,14,15,16,23,24,25,26,34,35,36
173,4,5,6,13,14,15,16,23,24,25,26,34,35,36
174,4,5,6,13,14,15,16,23,24,25,26,34,35,36
175,4,5,6,13,14,15,16,23,24,25,26,34,35,36
176,4,5,6,13,14,15,16,23,24,25,26,34,35,36
177,4,5,6,13,14,15,16,23,24,25,26,34,35,36
178,4,5,6,13,14,15,16,23,24,25,26,34,35,36
179,4,5,6,13,14,15,16,23,24,25,26,34,35,36
180,4,5,6,13,14,15,16,23,24,25,26,34,35,36
181,4,5,6,13,14,15,16,23,24,25,26,34,35,36
182,4,5,6,13,14,15,16,23,24,25,26,34,35,36
183,4,5,6,13,14,15,16,23,24,25,26,34,35,36
184,4,5,6,13,14,15,16,23,24,25,26,34,35,36
185,4,5,6,13,14,15,16,23,24,25,26,34,35,36
186,4,5,6,13,14,15,16,23,24,25,26,34,35,36
187,4,5,6,13,14,15,16,23,24,25,26,34,35,36
188,4,5,6,13,14,15,16,23,24,25,26,34,35,36
189,4,5,6,13,14,15,16,23,24,25,26,34,35,36
190,4,5,6,13,14,15,16,23,24,25,26,34,35,36
191,4,5,6,13,14,15,16,23,24,25,26,34,35,36
192,4,5,6,13,14,15,16,23,24,25,26,34,35,36
193,4,5,6,13,14,15,16,23,24,25,26,34,35,36
194,4,5,6,13,14,15,16,23,24,25,26,34,35,36
195,4,5,6,13,14,15,16,23,24,25,26,34,35,36
196,4,5,6,13,14,15,16,23,24,25,26,34,35,36
197,4,5,6,13,14,15,16,23,24,25,26,34,35,36
198,4,5,6,13,14,15,16,23,24,25,26,34,35,36
199,4,5,6,13,14,15,16,23,24,25,26,34,35,36
200,4,5,6,13,14,15,16,23,24,25,26,34,35,36
201,4,5,6,13,14,15,16,23,24,25,26,34,35,36
202,4,5,6,13,14,15,16,23,24,25,26,34,35,36
203,4,5,6,13,14,15,16,23,24,25,26,34,35
204,4,5,6,13,14,15,16,23,24,25,26,34,35
205,4,5,6,13,14,15,16,23,24,25,26,34,35
206,4,5,6,13,14,15,16,23,24,25,26,34,35
207,4,5,6,13,14,15,16,23,24,25,26,34,35
208,4,5,6,13,14,15,16,23,24,25,26,34,35
209,4,5,6,13,14,15,16,23,24,25,26,33,34,35
210,4,5,6,13,14,15,16,23,24,25,26,33,34,35
211,4,5,6,13,14,15,16,23,24,25,26,33,34,35
212,4,5,6,13,14,15,16,23,24,25,26,33,34,35
213,4,5,6,13,14,15,16,23,24,25,26,33,34,35
214,4,5,6,13,14,15,16,23,24,25,26,33,34,35
215,4,5,6,13,14,15,16,23,24,25,26,33,34,35
216,4,5,6,13,14,15,16,23,24,25,26,33,34,35
217,4,5,6,13,14,15,16,23,24,25,26,33,34,35
218,4,5,6,13,14,15,16,23,24,25,26,33,34,35
219,4,5,6,13,14,15,16,23,24,25,26,33,34,35,36
220,4,5,6,13,14,15,16,23,24,25,26,33,34,35,36
221,4,5,6,13,14,15,16,23,24,25,26,33,34,35,36
222,4,5,6,13,14,15,16,23,24,25,26,33,34,35,36
223,4,5,6,13,14,15,16,23,24,25,26,34,35,36
224,4,5,6,13,14,15,16,23,24,25,26,34,35,36
225,4,5,6,13,14,15,16,23,24,25,26,34,35,36
226,4,5,6,13,14,15,16,23,24,25,26,34,35,36
227,4,5,6,13,14,15,16,23,24,25,26,34,35,36
228,4,5,6,13,14,15,16,23,24,25,26,34,35,36
229,4,5,6,13,14,15,16,23,24,25,26,34,35,36
230,4,5,6,13,14,15,16,23,24,25,26,34,35,36
231,4,5,6,13,14,15,16,23,24,25,26,34,35,36
232,4,5,6,13,14,15,16,23,24,25,26,34,35,36
233,4,5,6,13,14,15,16,23,24,25,26,34,35,36
234,4,5,6,13,14,15,16,23,24,25,26,34,35,36
235,5,6,14,15,16,17,24,25,26,27,34,35,36
236,5,6,14,15,16,17,24,25,26,27,34,35,36
237,5,6,14,15,16,17,24,25,26,27,34,35,36
238,5,6,14,15,16,17,24,25,26,27,34,35,36
239,5,6,14,15,16,17,24,25,26,27,34,35,36,37
240,5,6,14,15,16,17,24,25,26,27,34,35,36,37
241,5,6,14,15,16,17,24,25,26,27,34,35,36,37
242,5,6,14,15,16,17,24,25,26,27,34,35,36,37
243,6,14,15,16,17,24,25,26,27,34,35,36,37
244,6,14,15,16,17,24,25,26,27,34,35,36,37
245,6,14,15,16,17,24,25,26,27,34,35,36,37
246,6,14,15,16,17,24,25,26,27,34,35,36,37
247,6,14,15,16,17,24,25,26,27,34,35,36,37
248,6,14,15,16,17,24,25,26,27,34,35,36,37
249,14,15,16,17,24,25,26,27,34,35,36,37
250,14,15,16,17,24,25,26,27,34,35,36,37
251,14,15,16,17,24,25,26,27,34,35,36,37
252,14,15,16,17,24,25,26,27,34,35,36,37
253,14,15,16,17,24,25,26,27,34,35,36,37
254,14,15,16,17,24,25,26,27,34,35,36,37
255,14,15,16,17,24,25,26,27,35,36,37
256,14,15,16,17,24,25,26,27,35,36,37
257,6,15,16,17,24,25,26,27,35,36,37
258,6,15,16,17,24,25,26,27,35,36,37
259,6,15,16,17,25,26,27,35,36,37
260,6,15,16,17,25,26,27,35,36,37
261,6,15,16,17,25,26,27,35,36,37
262,6,15,16,17,25,26,27,35,36,37
263,6,15,16,17,25,26,27,35,36,37
264,6,15,16,17,25,26,27,35,36,37
265,6,15,16,17,25,26,27,35,36,37
266,6,15,16,17,25,26,27,35,36,37
267,6,15,16,17,25,26,27,35,36,37
268,6,15,16,17,25,26,27,35,36,37
269,6,15,16,17,25,26,27,35,36,37
270,6,15,16,17,25,26,27,35,36,37
271,6,15,16,17,25,26,27,35,36,37
272,6,15,16,17,25,26,27,35,36,37
273,6,15,16,17,25,26,27,35,36,37
274,6,15,16,17,25,26,27,35,36,37
275,6,7,15,16,17,25,26,27,35,36,37
276,6,7,15,16,17,25,26,27,35,36,37
277,6,7,15,16,17,25,26,27,35,36,37
278,6,7,15,16,17,25,26,27,35,36,37
279,6,7,15,16,17,25,26,27,35,36,37
280,6,7,15,16,17,25,26,27,35,36,37
281,6,7,15,16,17,18,25,26,27,28,35,36,37
282,6,7,15,16,17,18,25,26,27,28,35,36,37
283,6,7,15,16,17,18,25,26,27,28,35,36,37
284,6,7,15,16,17,18,25,26,27,28,35,36,37
285,6,7,15,16,17,18,25,26,27,28,35,36,37
286,6,7,15,16,17,18,25,26,27,28,35,36,37
287,6,7,15,16,17,18,25,26,27,28,35,36,37
288,6,7,15,16,17,18,25,26,27,28,35,36,37
289,6,7,15,16,17,18,25,26,27,28,35,36,37
290,6,7,15,16,17,18,25,26,27,28,35,36,37
291,6,7,15,16,17,18,25,26,27,28,35,36,37
292,6,7,15,16,17,18,25,26,27,28,35,36,37
293,6,7,15,16,17,18,25,26,27,28,35,36,37,38
294,6,7,15,16,17,18,25,26,27,28,35,36,37,38
295,6,7,15,16,17,18,25,26,27,28,35,36,37,38
296,6,7,15,16,17,18,25,26,27,28,35,36,37,38
297,6,7,15,16,17,18,25,26,27,28,35,36,37,38
298,6,7,15,16,17,18,25,26,27,28,35,36,37,38
299,6,7,15,16,17,18,25,26,27,28,35,36,37,38
300,6,7,15,16,17,18,25,26,27,28,35,36,37,38
301,7,15,16,17,18,25,26,27,28,35,36,37,38
302,7,15,16,17,18,25,26,27,28,35,36,37,38
303,15,16,17,18,25,26,27,28,35,36,37,38
304,15,16,17,18,25,26,27,28,35,36,37,38
305,15,16,17,18,25,26,27,28,35,36,37,38
306,15,16,17,18,25,26,27,28,35,36,37,38
307,15,16,17,18,25,26,27,28,35,36,37,38
308,15,16,17,18,25,26,27,28,35,36,37,38
309,15,16,17,18,25,26,27,28,35,36,37,38
310,15,16,17,18,25,26,27,28,35,36,37,38
311,15,16,17,18,25,26,27,28,35,36,37,38
312,15,16,17,18,25,26,27,28,35,36,37,38
313,15,16,17,18,25,26,27,28,35,36,37,38
314,15,16,17,18,25,26,27,28,35,36,37,38
315,15,16,17,18,25,26,27,28,35,36,37,38
316,15,16,17,18,25,26,27,28,35,36,37,38
317,15,16,17,18,25,26,27,28,35,36,37,38
318,15,16,17,18,25,26,27,28,35,36,37,38
319,15,16,17,18,25,26,27,28,35,36,37,38
320,15,16,17,18,25,26,27,28,35,36,37,38
321,15,16,17,18,25,26,27,28,35,36,37,38
322,15,16,17,18,25,26,27,28,35,36,37,38
323,15,16,17,18,25,26,27,28,35,36,37,38
324,15,16,17,18,25,26,27,28,35,36,37,38
325,15,16,17,18,25,26,27,28,35,36,37,38
326,15,16,17,18,25,26,27,28,35,36,37,38
327,6,7,15,16,17,18,25,26,27,28,35,36,37
328,6,7,15,16,17,18,25,26,27,28,35,36,37
329,5,6,7,15,16,17,25,26,27,35,36,37
330,5,6,7,15,16,17,25,26,27,35,36,37
331,5,6,7,14,15,16,17,24,25,26,27,35,36,37
332,5,6,7,14,15,16,17,24,25,26,27,35,36,37
333,5,6,7,14,15,16,17,24,25,26,27,35,36,37
334,5,6,7,14,15,16,17,24,25,26,27,35,36,37
335,5,6,7,14,15,16,17,24,25,26,27,35,36,37
336,5,6,7,14,15,16,17,24,25,26,27,35,36,37
337,5,6,7,14,15,16,17,24,25,26,27,35,36
338,5,6,7,14,15,16,17,24,25,26,27,35,36
339,5,6,14,15,16,17,24,25,26,27,34,35,36
340,5,6,14,15,16,17,24,25,26,27,34,35,36
341,5,6,14,15,16,17,24,25,26,27,34,35,36
342,5,6,14,15,16,17,24,25,26,27,34,35,36
343,5,6,14,15,16,17,24,25,26,27,34,35,36
344,5,6,14,15,16,17,24,25,26,27,34,35,36
345,5,6,14,15,16,17,24,25,26,27,34,35,36
346,5,6,14,15,16,17,24,25,26,27,34,35,36
347,5,6,14,15,16,17,24,25,26,27,34,35,36
348,5,6,14,15,16,17,24,25,26,27,34,35,36
349,5,6,14,15,16,17,24,25,26,27,34,35,36
350,5,6,14,15,16,17,24,25,26,27,34,35,36
351,5,6,14,15,16,17,24,25,26,27,34,35,36
352,5,6,14,15,16,17,24,25,26,27,34,35,36
353,5,6,14,15,16,17,24,25,26,27,34,35,36
354,5,6,14,15,16,17,24,25,26,27,34,35,36
355,4,5,6,14,15,16,17,24,25,26,27,34,35,36
356,4,5,6,14,15,16,17,24,25,26,27,34,35,36
357,4,5,6,14,15,16,17,24,25,26,27,34,35,36
358,4,5,6,14,15,16,17,24,25,26,27,34,35,36
359,4,5,6,14,15,16,17,24,25,26,27,34,35,36
360,4,5,6,14,15,16,17,24,25,26,27,34,35,36
361,4,5,6,14,15,16,17,24,25,26,27,34,35,36
362,4,5,6,14,15,16,17,24,25,26,27,34,35,36
363,4,5,6,14,15,16,17,24,25,26,27,34,35,36
364,4,5,6,14,15,16,17,24,25,26,27,34,35,36
365,4,5,6,14,15,16,17,24,25,26,27,34,35,36
366,4,5,6,14,15,16,17,24,25,26,27,34,35,36
367,4,5,6,14,15,16,17,24,25,26,27,34,35,36
368,4,5,6,14,15,16,17,24,25,26,27,34,35,36
369,4,5,6,14,15,16,17,24,25,26,27,34,35,36
370,4,5,6,14,15,16,17,24,25,26,27,34,35,36
371,4,5,6,14,15,16,17,24,25,26,27,34,35,36
372,4,5,6,14,15,16,17,24,25,26,27,34,35,36
373,4,5,6,7,14,15,16,17,24,25,26,27,34,35,36
374,4,5,6,7,14,15,16,17,24,25,26,27,34,35,36
375,4,5,6,7,14,15,16,17,24,25,26,27,34,35,36
376,4,5,6,7,14,15,16,17,24,25,26,27,34,35,36
377,4,5,6,7,14,15,16,17,24,25,26,27,34,35,36
378,4,5,6,7,14,15,16,17,24,25,26,27,34,35,36
379,4,5,6,7,13,14,15,16,17,24,25,26,27,34,35,36
380,4,5,6,7,13,14,15,16,17,24,25,26,27,34,35,36
381,3,4,5,6,13,14,15,16,23,24,25,26,34,35
382,3,4,5,6,13,14,15,16,23,24,25,26,34,35
383,3,4,5,6,13,14,15,16,23,24,25,26,34,35
384,3,4,5,6,13,14,15,16,23,24,25,26,34,35
385,2,3,4,5,6,12,13,14,15,16,23,24,25,26,34,35
386,2,3,4,5,6,12,13,14,15,16,23,24,25,26,34,35
387,2,3,4,5,12,13,14,15,22,23,24,25,33,34
388,2,3,4,5,12,13,14,15,22,23,24,25,33,34
389,2,3,4,5,12,13,14,15,22,23,24,25,33,34
390,2,3,4,5,12,13,14,15,22,23,24,25,33,34
391,1,2,3,4,11,12,13,14,15,21,22,23,24,32,33,34
392,1,2,3,4,11,12,13,14,15,21,22,23,24,32,33,34
393,1,2,3,4,11,12,13,14,21,22,23,24,32,33
394,1,2,3,4,11,12,13,14,21,22,23,24,32,33
395,1,2,3,4,11,12,13,14,21,22,23,24,32,33
396,1,2,3,4,11,12,13,14,21,22,23,24,32,33
397,1,2,3,4,11,12,13,14,21,22,23,24,32,33
398,1,2,3,4,11,12,13,14,21,22,23,24,32,33
399,1,2,3,4,11,12,13,14,21,22,23,24,32,33
400,1,2,3,4,11,12,13,14,21,22,23,24,32,33
401,1,2,3,4,11,12,13,14,21,22,23,24,32,33
402,1,2,3,4,11,12,13,14,21,22,23,24,32,33
403,2,3,4,11,12,13,14,21,22,23,24,32,33
404,2,3,4,11,12,13,14,21,22,23,24,32,33
405,2,3,4,11,12,13,14,21,22,23,24,32,33,34
406,2,3,4,11,12,13,14,21,22,23,24,32,33,34
407,2,3,4,11,12,13,14,21,22,23,24,32,33,34
408,2,3,4,11,12,13,14,21,22,23,24,32,33,34
409,2,3,4,11,12,13,14,21,22,23,24,32,33,34
410,2,3,4,11,12,13,14,21,22,23,24,32,33,34
411,3,4,12,13,14,22,23,24,32,33,34
412,3,4,12,13,14,22,23,24,32,33,34
413,3,4,12,13,14,15,22,23,24,25,32,33,34
414,3,4,12,13,14,15,22,23,24,25,32,33,34
415,4,12,13,14,15,22,23,24,25,33,34,35
416,4,12,13,14,15,22,23,24,25,33,34,35
417,4,5,13,14,15,23,24,25,33,34,35
418,4,5,13,14,15,23,24,25,33,34,35
419,13,14,15,16,23,24,25,26,33,34,35,36
420,13,14,15,16,23,24,25,26,33,34,35,36
421,14,15,16,23,24,25,26,34,35,36
422,14,15,16,23,24,25,26,34,35,36
423,14,15,16,24,25,26,27,34,35,36,45
424,14,15,16,24,25,26,27,34,35,36,45
425,14,15,16,17,24,25,26,27,34,35,36,37,45,46
426,14,15,16,17,24,25,26,27,34,35,36,37,45,46
427,14,15,16,17,24,25,26,27,34,35,36,37,45,46
428,14,15,16,17,24,25,26,27,34,35,36,37,45,46
429,14,15,16,17,24,25,26,27,34,35,36,37,45,46
430,14,15,16,17,24,25,26,27,34,35,36,37,45,46
431,14,15,16,17,24,25,26,27,34,35,36,37,45,46
432,14,15,16,17,24,25,26,27,34,35,36,37,45,46
433,14,15,16,17,24,25,26,27,34,35,36,37,45,46
434,14,15,16,17,24,25,26,27,34,35,36,37,45,46
435,14,15,16,17,24,25,26,27,34,35,36,37
436,14,15,16,17,24,25,26,27,34,35,36,37
437,14,15,16,17,24,25,26,27,34,35,36,37
438,14,15,16,17,24,25,26,27,34,35,36,37
439,14,15,16,17,24,25,26,27,34,35,36,37
440,14,15,16,17,24,25,26,27,34,35,36,37
441,14,15,16,17,24,25,26,27,34,35,36,37
442,14,15,16,17,24,25,26,27,34,35,36,37
443,14,15,16,17,24,25,26,27,34,35,36,37
444,14,15,16,17,24,25,26,27,34,35,36,37
445,14,15,16,17,24,25,26,27,34,35,36,37
446,14,15,16,17,24,25,26,27,34,35,36,37
447,6,14,15,16,17,24,25,26,27,34,35,36,37
448,6,14,15,16,17,24,25,26,27,34,35,36,37
449,6,14,15,16,17,24,25,26,27,34,35,36,37
450,6,14,15,16,17,24,25,26,27,34,35,36,37
451,6,14,15,16,17,24,25,26,27,34,35,36,37
452,6,14,15,16,17,24,25,26,27,34,35,36,37
453,6,14,15,16,17,24,25,26,27,34,35,36,37
454,6,14,15,16,17,24,25,26,27,34,35,36,37
455,6,14,15,16,17,24,25,26,27,34,35,36,37
456,6,14,15,16,17,24,25,26,27,34,35,36,37
457,5,6,14,15,16,17,24,25,26,27,34,35,36,37
458,5,6,14,15,16,17,24,25,26,27,34,35,36,37
459,5,6,14,15,16,17,24,25,26,27,34,35,36,37
460,5,6,14,15,16,17,24,25,26,27,34,35,36,37
461,5,6,14,15,16,17,24,25,26,27,34,35,36,37
462,5,6,14,15,16,17,24,25,26,27,34,35,36,37
463,5,6,14,15,16,17,24,25,26,27,34,35,36,37
464,5,6,14,15,16,17,24,25,26,27,34,35,36,37
465,5,6,14,15,16,17,24,25,26,27,34,35,36,37
466,5,6,14,15,16,17,24,25,26,27,34,35,36,37
467,5,6,14,15,16,17,24,25,26,27,34,35,36,37
468,5,6,14,15,16,17,24,25,26,27,34,35,36,37
469,5,6,14,15,16,17,24,25,26,27,34,35,36,37
470,5,6,14,15,16,17,24,25,26,27,34,35,36,37
471,5,6,14,15,16,17,24,25,26,27,34,35,36,37
472,5,6,14,15,16,17,24,25,26,27,34,35,36,37
473,5,6,14,15,16,17,24,25,26,27,34,35,36,37
474,5,6,14,15,16,17,24,25,26,27,34,35,36,37
475,5,6,14,15,16,17,24,25,26,27,34,35,36,37
476,5,6,14,15,16,17,24,25,26,27,34,35,36,37
477,5,6,14,15,16,17,24,25,26,27,34,35,36,37
478,5,6,14,15,16,17,24,25,26,27,34,35,36,37
479,5,6,14,15,16,17,24,25,26,27,34,35,36,37
480,5,6,14,15,16,17,24,25,26,27,34,35,36,37
481,5,6,14,15,16,17,24,25,26,27,34,35,36
482,5,6,14,15,16,17,24,25,26,27,34,35,36
483,5,6,14,15,16,17,24,25,26,27,34,35,36
484,5,6,14,15,16,17,24,25,26,27,34,35,36
485,5,6,14,15,16,17,24,25,26,27,34,35,36
486,5,6,14,15,16,17,24,25,26,27,34,35,36
487,5,6,14,15,16,17,24,25,26,27,34,35,36
488,5,6,14,15,16,17,24,25,26,27,34,35,36
489,5,6,14,15,16,17,24,25,26,27,34,35,36
490,5,6,14,15,16,17,24,25,26,27,34,35,36
491,5,6,14,15,16,17,24,25,26,27,34,35,36,37
492,5,6,14,15,16,17,24,25,26,27,34,35,36,37
493,5,6,14,15,16,17,24,25,26,27,34,35,36,37
494,5,6,14,15,16,17,24,25,26,27,34,35,36,37
495,5,6,14,15,16,17,24,25,26,27,34,35,36,37
496,5,6,14,15,16,17,24,25,26,27,34,35,36,37
497,6,14,15,16,17,24,25,26,27,34,35,36,37
498,6,14,15,16,17,24,25,26,27,34,35,36,37
499,14,15,16,17,24,25,26,27,34,35,36,37
500,14,15,16,17,24,25,26,27,34,35,36,37
501,14,15,16,17,24,25,26,27,34,35,36,37
502,14,15,16,17,24,25,26,27,34,35,36,37
503,14,15,16,17,24,25,26,27,34,35,36,37
504,14,15,16,17,24,25,26,27,34,35,36,37
505,14,15,16,17,24,25,26,27,34,35,36,37
506,14,15,16,17,24,25,26,27,34,35,36,37
507,14,15,16,17,24,25,26,27,34,35,36,37
508,14,15,16,17,24,25,26,27,34,35,36,37
509,14,15,16,17,24,25,26,27,34,35,36,37
510,14,15,16,17,24,25,26,27,34,35,36,37
511,14,15,16,17,24,25,26,27,34,35,36
512,14,15,16,17,24,25,26,27,34,35,36
513,14,15,16,24,25,26,27,34,35,36
514,14,15,16,24,25,26,27,34,35,36
515,14,15,16,24,25,26,27,34,35,36
516,14,15,16,24,25,26,27,34,35,36
517,14,15,16,24,25,26,27,34,35,36
518,14,15,16,24,25,26,27,34,35,36
519,14,15,16,24,25,26,27,34,35,36
520,14,15,16,24,25,26,27,34,35,36
521,14,15,16,24,25,26,34,35,36,45,46
522,14,15,16,24,25,26,34,35,36,45,46
523,14,15,16,24,25,26,34,35,36,44,45,46
524,14,15,16,24,25,26,34,35,36,44,45,46
525,14,15,16,24,25,26,27,34,35,36,37,44,45,46
526,14,15,16,24,25,26,27,34,35,36,37,44,45,46
527,15,16,24,25,26,27,34,35,36,37,44,45,46,47
528,15,16,24,25,26,27,34,35,36,37,44,45,46,47
529,15,16,24,25,26,27,33,34,35,36,37,43,44,45,46,47
530,15,16,24,25,26,27,33,34,35,36,37,43,44,45,46,47
531,15,24,25,26,27,33,34,35,36,37,43,44,45,46,47
532,15,24,25,26,27,33,34,35,36,37,43,44,45,46,47
533,15,24,25,26,27,33,34,35,36,37,43,44,45,46,47
534,15,24,25,26,27,33,34,35,36,37,43,44,45,46,47
535,15,16,24,25,26,27,33,34,35,36,37,43,44,45,46,47
536,15,16,24,25,26,27,33,34,35,36,37,43,44,45,46,47
537,15,16,24,25,26,27,33,34,35,36,37,43,44,45,46,47
538,15,16,24,25,26,27,33,34,35,36,37,43,44,45,46,47
539,15,16,24,25,26,27,33,34,35,36,37,44,45,46,47
540,15,16,24,25,26,27,33,34,35,36,37,44,45,46,47
541,15,16,24,25,26,33,34,35,36,37,44,45,46
542,15,16,24,25,26,33,34,35,36,37,44,45,46
543,15,16,23,24,25,26,33,34,35,36,44,45,46
544,15,16,23,24,25,26,33,34,35,36,44,45,46
545,14,15,16,23,24,25,26,33,34,35,36,44,45,46
546,14,15,16,23,24,25,26,33,34,35,36,44,45,46
547,14,15,16,23,24,25,26,33,34,35,36,44,45,46
548,14,15,16,23,24,25,26,33,34,35,36,44,45,46
549,14,15,16,23,24,25,26,33,34,35,36,44,45
550,14,15,16,23,24,25,26,33,34,35,36,44,45
551,13,14,15,16,23,24,25,26,33,34,35,36,44,45
552,13,14,15,16,23,24,25,26,33,34,35,36,44,45
553,13,14,15,16,23,24,25,26,33,34,35,36,45
554,13,14,15,16,23,24,25,26,33,34,35,36,45
555,13,14,15,16,23,24,25,26,33,34,35,36
556,13,14,15,16,23,24,25,26,33,34,35,36
557,5,13,14,15,16,23,24,25,26,33,34,35,36
558,5,13,14,15,16,23,24,25,26,33,34,35,36
559,5,13,14,15,16,23,24,25,26,33,34,35,36
560,5,13,14,15,16,23,24,25,26,33,34,35,36
561,5,13,14,15,16,23,24,25,26,33,34,35,36
562,5,13,14,15,16,23,24,25,26,33,34,35,36
563,4,5,13,14,15,16,23,24,25,26,33,34,35,36
564,4,5,13,14,15,16,23,24,25,26,33,34,35,36
565,4,5,13,14,15,16,23,24,25,26,33,34,35,36
566,4,5,13,14,15,16,23,24,25,26,33,34,35,36
567,4,5,13,14,15,16,23,24,25,26,33,34,35,36
568,4,5,13,14,15,16,23,24,25,26,33,34,35,36
569,4,5,13,14,15,16,23,24,25,26,33,34,35
570,4,5,13,14,15,16,23,24,25,26,33,34,35
571,4,5,13,14,15,16,23,24,25,26,33,34,35
572,4,5,13,14,15,16,23,24,25,26,33,34,35
573,4,5,13,14,15,16,23,24,25,26,33,34,35
574,4,5,13,14,15,16,23,24,25,26,33,34,35
575,4,5,13,14,15,16,23,24,25,26,33,34,35
576,4,5,13,14,15,16,23,24,25,26,33,34,35
577,4,5,13,14,15,23,24,25,26,33,34,35
578,4,5,13,14,15,23,24,25,26,33,34,35
579,4,13,14,15,23,24,25,33,34,35
580,4,13,14,15,23,24,25,33,34,35
581,4,13,14,15,23,24,25,33,34,35
582,4,13,14,15,23,24,25,33,34,35
583,13,14,15,23,24,25,33,34,35
584,13,14,15,23,24,25,33,34,35
585,13,14,15,23,24,25,26,33,34,35
586,13,14,15,23,24,25,26,33,34,35
587,13,14,15,23,24,25,26,33,34,35
588,13,14,15,23,24,25,26,33,34,35
589,13,14,15,23,24,25,26,33,34,35
590,13,14,15,23,24,25,26,33,34,35
591,13,14,15,23,24,25,26,33,34,35
592,13,14,15,23,24,25,26,33,34,35
593,4,13,14,15,23,24,25,26,33,34,35
594,4,13,14,15,23,24,25,26,33,34,35
595,4,13,14,15,23,24,25,33,34,35
596,4,13,14,15,23,24,25,33,34,35
597,4,5,13,14,15,23,24,25,33,34,35
598,4,5,13,14,15,23,24,25,33,34,35
599,4,5,13,14,15,23,24,25,33,34,35
600,4,5,13,14,15,23,24,25,33,34,35
601,4,5,13,14,15,23,24,25,33,34,35
602,4,5,13,14,15,23,24,25,33,34,35
603,4,5,13,14,15,23,24,25,33,34,35
604,4,5,13,14,15,23,24,25,33,34,35
605,4,5,13,14,15,23,24,25,33,34,35
606,4,5,13,14,15,23,24,25,33,34,35
607,4,5,13,14,15,23,24,25,33,34,35
608,4,5,13,14,15,23,24,25,33,34,35
609,4,5,13,14,15,23,24,25,33,34,35
610,4,5,13,14,15,23,24,25,33,34,35
611,4,5,13,14,15,23,24,25,33,34,35
612,4,5,13,14,15,23,24,25,33,34,35
613,4,5,13,14,15,23,24,25,33,34,35
614,4,5,13,14,15,23,24,25,33,34,35
615,4,5,13,14,15,23,24,25,33,34,35
616,4,5,13,14,15,23,24,25,33,34,35
617,4,5,13,14,15,23,24,25,33,34,35
618,4,5,13,14,15,23,24,25,33,34,35
619,4,5,13,14,15,16,23,24,25,26,33,34,35
620,4,5,13,14,15,16,23,24,25,26,33,34,35
621,4,5,13,14,15,16,23,24,25,26,33,34,35
622,4,5,13,14,15,16,23,24,25,26,33,34,35
623,4,5,13,14,15,16,23,24,25,26,33,34,35
624,4,5,13,14,15,16,23,24,25,26,33,34,35
625,5,13,14,15,16,23,24,25,26,33,34,35,36
626,5,13,14,15,16,23,24,25,26,33,34,35,36
627,5,14,15,16,24,25,26,34,35,36
628,5,14,15,16,24,25,26,34,35,36
629,5,14,15,16,24,25,26,27,34,35,36
630,5,14,15,16,24,25,26,27,34,35,36
631,14,15,16,17,24,25,26,27,34,35,36,37
632,14,15,16,17,24,25,26,27,34,35,36,37
633,14,15,16,17,24,25,26,27,34,35,36,37
634,14,15,16,17,24,25,26,27,34,35,36,37
635,14,15,16,17,24,25,26,27,34,35,36,37
636,14,15,16,17,24,25,26,27,34,35,36,37
637,14,15,16,17,24,25,26,27,34,35,36,37
638,14,15,16,17,24,25,26,27,34,35,36,37
639,14,15,16,17,24,25,26,27,34,35,36,37
640,14,15,16,17,24,25,26,27,34,35,36,37
641,14,15,16,17,24,25,26,27,34,35,36,37
642,14,15,16,17,24,25,26,27,34,35,36,37
643,14,15,16,17,24,25,26,27,34,35,36,37
644,14,15,16,17,24,25,26,27,34,35,36,37
645,6,14,15,16,17,24,25,26,27,34,35,36,37
646,6,14,15,16,17,24,25,26,27,34,35,36,37
647,6,14,15,16,17,24,25,26,27,34,35,36,37
648,6,14,15,16,17,24,25,26,27,34,35,36,37
649,6,14,15,16,17,24,25,26,27,34,35,36,37
650,6,14,15,16,17,24,25,26,27,34,35,36,37
651,6,14,15,16,17,24,25,26,27,34,35,36,37
652,6,14,15,16,17,24,25,26,27,34,35,36,37
653,6,14,15,16,17,24,25,26,27,34,35,36,37
654,6,14,15,16,17,24,25,26,27,34,35,36,37
655,6,14,15,16,17,24,25,26,27,34,35,36,37
656,6,14,15,16,17,24,25,26,27,34,35,36,37
657,6,14,15,16,17,24,25,26,27,35,36,37
658,6,14,15,16,17,24,25,26,27,35,36,37
659,6,14,15,16,17,24,25,26,27,35,36,37
660,6,14,15,16,17,24,25,26,27,35,36,37
661,6,14,15,16,17,24,25,26,27,35,36,37
662,6,14,15,16,17,24,25,26,27,35,36,37
663,6,15,16,17,24,25,26,27,35,36,37
664,6,15,16,17,24,25,26,27,35,36,37
665,6,7,15,16,17,25,26,27,35,36,37
666,6,7,15,16,17,25,26,27,35,36,37
667,6,7,15,16,17,25,26,27,35,36,37
668,6,7,15,16,17,25,26,27,35,36,37
669,6,7,15,16,17,25,26,27,35,36,37
670,6,7,15,16,17,25,26,27,35,36,37
671,6,7,15,16,17,25,26,27,35,36,37
672,6,7,15,16,17,25,26,27,35,36,37
673,6,7,15,16,17,25,26,27,35,36,37
674,6,7,15,16,17,25,26,27,35,36,37
675,6,7,15,16,17,25,26,27,35,36,37
676,6,7,15,16,17,25,26,27,35,36,37
677,6,7,15,16,17,25,26,27,35,36,37
678,6,7,15,16,17,25,26,27,35,36,37
679,6,7,15,16,17,25,26,27,35,36,37
680,6,7,15,16,17,25,26,27,35,36,37
681,6,7,15,16,17,25,26,27,35,36,37
682,6,7,15,16,17,25,26,27,35,36,37
683,6,7,15,16,17,25,26,27,35,36,37
684,6,7,15,16,17,25,26,27,35,36,37
685,6,7,15,16,17,25,26,27,35,36,37
686,6,7,15,16,17,25,26,27,35,36,37
687,6,7,15,16,17,25,26,27,35,36,37
688,6,7,15,16,17,25,26,27,35,36,37
689,6,7,15,16,17,25,26,27,35,36,37
690,6,7,15,16,17,25,26,27,35,36,37
691,6,7,15,16,17,25,26,27,35,36,37
692,6,7,15,16,17,25,26,27,35,36,37
693,6,7,15,16,17,25,26,27,35,36,37
694,6,7,15,16,17,25,26,27,35,36,37
695,6,15,16,17,25,26,27,35,36,37
696,6,15,16,17,25,26,27,35,36,37
697,6,15,16,17,25,26,27,35,36,37
698,6,15,16,17,25,26,27,35,36,37
699,6,15,16,17,25,26,27,35,36,37
700,6,15,16,17,25,26,27,35,36,37
701,6,15,16,17,25,26,27,35,36,37
702,6,15,16,17,25,26,27,35,36,37
703,6,15,16,17,25,26,27,35,36,37
704,6,15,16,17,25,26,27,35,36,37
705,6,15,16,17,25,26,27,35,36,37
706,6,15,16,17,25,26,27,35,36,37
707,6,7,15,16,17,25,26,27,35,36,37
708,6,7,15,16,17,25,26,27,35,36,37
709,6,15,16,17,25,26,27,35,36,37
710,6,15,16,17,25,26,27,35,36,37
711,6,15,16,17,24,25,26,27,35,36,37
712,6,15,16,17,24,25,26,27,35,36,37
713,6,14,15,16,17,24,25,26,27,35,36,37
714,6,14,15,16,17,24,25,26,27,35,36,37
715,6,14,15,16,17,24,25,26,27,35,36,37
716,6,14,15,16,17,24,25,26,27,35,36,37
717,6,14,15,16,17,24,25,26,27,35,36,37
718,6,14,15,16,17,24,25,26,27,35,36,37
719,6,14,15,16,17,24,25,26,27,35,36,37
720,6,14,15,16,17,24,25,26,27,35,36,37
721,6,14,15,16,17,24,25,26,27,35,36,37
722,6,14,15,16,17,24,25,26,27,35,36,37
723,6,14,15,16,17,24,25,26,27,35,36,37
724,6,14,15,16,17,24,25,26,27,35,36,37
725,6,14,15,16,17,24,25,26,27,35,36,37
726,6,14,15,16,17,24,25,26,27,35,36,37
727,6,14,15,16,17,24,25,26,27,35,36,37
728,6,14,15,16,17,24,25,26,27,35,36,37
729,6,14,15,16,17,24,25,26,27,35,36,37
730,6,14,15,16,17,24,25,26,27,35,36,37
731,6,14,15,16,17,24,25,26,27,35,36,37
732,6,14,15,16,17,24,25,26,27,35,36,37
733,6,14,15,16,17,24,25,26,27,34,35,36,37
734,6,14,15,16,17,24,25,26,27,34,35,36,37
735,6,14,15,16,17,24,25,26,27,34,35,36,37
736,6,14,15,16,17,24,25,26,27,34,35,36,37
737,5,6,14,15,16,17,24,25,26,27,34,35,36,37
738,5,6,14,15,16,17,24,25,26,27,34,35,36,37
739,5,6,14,15,16,17,24,25,26,27,34,35,36,37
740,5,6,14,15,16,17,24,25,26,27,34,35,36,37
741,5,6,14,15,16,17,24,25,26,27,34,35,36,37
742,5,6,14,15,16,17,24,25,26,27,34,35,36,37
743,5,6,14,15,16,17,24,25,26,27,34,35,36,37
744,5,6,14,15,16,17,24,25,26,27,34,35,36,37
745,5,6,14,15,16,17,24,25,26,27,34,35,36,37
746,5,6,14,15,16,17,24,25,26,27,34,35,36,37
747,5,6,14,15,16,17,24,25,26,27,34,35,36,37
748,5,6,14,15,16,17,24,25,26,27,34,35,36,37
749,5,6,14,15,16,17,24,25,26,27,34,35,36,37
750,5,6,14,15,16,17,24,25,26,27,34,35,36,37
751,5,6,14,15,16,17,24,25,26,27,34,35,36,37
752,5,6,14,15,16,17,24,25,26,27,34,35,36,37
753,5,6,14,15,16,17,24,25,26,27,34,35,36,37
754,5,6,14,15,16,17,24,25,26,27,34,35,36,37
755,5,6,14,15,16,17,24,25,26,27,34,35,36,37
756,5,6,14,15,16,17,24,25,26,27,34,35,36,37
757,5,6,14,15,16,17,24,25,26,27,34,35,36,37
758,5,6,14,15,16,17,24,25,26,27,34,35,36,37
759,5,6,14,15,16,17,24,25,26,27,34,35,36,37
760,5,6,14,15,16,17,24,25,26,27,34,35,36,37
761,5,6,7,14,15,16,17,24,25,26,27,35,36,37
762,5,6,7,14,15,16,17,24,25,26,27,35,36,37
763,5,6,7,14,15,16,17,24,25,26,27,35,36,37
764,5,6,7,14,15,16,17,24,25,26,27,35,36,37
765,6,7,14,15,16,17,24,25,26,27,35,36,37
766,6,7,14,15,16,17,24,25,26,27,35,36,37
767,6,7,15,16,17,25,26,27,35,36,37
768,6,7,15,16,17,25,26,27,35,36,37
769,6,7,15,16,17,25,26,27,35,36,37
770,6,7,15,16,17,25,26,27,35,36,37
771,6,7,15,16,17,18,25,26,27,28,35,36,37
772,6,7,15,16,17,18,25,26,27,28,35,36,37
773,6,7,15,16,17,18,25,26,27,28,35,36,37,38
774,6,7,15,16,17,18,25,26,27,28,35,36,37,38
775,7,15,16,17,18,25,26,27,28,35,36,37,38
776,7,15,16,17,18,25,26,27,28,35,36,37,38
777,7,16,17,18,26,27,28,36,37,38
778,7,16,17,18,26,27,28,36,37,38
779,8,16,17,18,19,26,27,28,29,36,37,38,39
780,8,16,17,18,19,26,27,28,29,36,37,38,39
781,8,16,17,18,19,26,27,28,29,36,37,38,39
782,8,16,17,18,19,26,27,28,29,36,37,38,39
783,17,18,19,27,28,29,37,38,39
784,17,18,19,27,28,29,37,38,39
785,17,18,19,27,28,29,30,37,38,39
786,17,18,19,27,28,29,30,37,38,39
787,17,18,19,20,27,28,29,30,37,38,39,40
788,17,18,19,20,27,28,29,30,37,38,39,40
789,17,18,19,20,27,28,29,30,37,38,39,40
790,17,18,19,20,27,28,29,30,37,38,39,40
791,17,18,19,20,27,28,29,30,37,38,39,40,48,49
792,17,18,19,20,27,28,29,30,37,38,39,40,48,49
793,17,18,19,20,27,28,29,30,37,38,39,40,48,49
794,17,18,19,20,27,28,29,30,37,38,39,40,48,49
795,18,19,20,27,28,29,30,37,38,39,40,48,49
796,18,19,20,27,28,29,30,37,38,39,40,48,49
797,18,19,20,27,28,29,30,38,39,40,49
798,18,19,20,27,28,29,30,38,39,40,49
799,18,19,20,28,29,30,38,39,40,49
800,18,19,20,28,29,30,38,39,40,49
801,18,19,20,28,29,30,38,39,40,49
802,18,19,20,28,29,30,38,39,40,49
803,18,19,20,28,29,30,38,39,40,49
804,18,19,20,28,29,30,38,39,40,49
805,18,19,20,21,28,29,30,31,38,39,40,49,50
806,18,19,20,21,28,29,30,31,38,39,40,49,50
807,11,18,19,20,21,28,29,30,31,38,39,40,49,50
808,11,18,19,20,21,28,29,30,31,38,39,40,49,50
809,11,18,19,20,21,28,29,30,31,38,39,40,49,50
810,11,18,19,20,21,28,29,30,31,38,39,40,49,50
811,11,18,19,20,21,28,29,30,31,38,39,40
812,11,18,19,20,21,28,29,30,31,38,39,40
813,11,19,20,21,28,29,30,31,39,40,50
814,11,19,20,21,28,29,30,31,39,40,50
815,11,19,20,21,29,30,31,39,40,50
816,11,19,20,21,29,30,31,39,40,50
817,11,19,20,21,22,29,30,31,39,40,50
818,11,19,20,21,22,29,30,31,39,40,50
819,11,19,20,21,22,29,30,31,32,39,40,41,50
820,11,19,20,21,22,29,30,31,32,39,40,41,50
821,11,19,20,21,22,29,30,31,32,39,40,41,50
822,11,19,20,21,22,29,30,31,32,39,40,41,50
823,11,19,20,21,22,29,30,31,39,40,41,50
824,11,19,20,21,22,29,30,31,39,40,41,50
825,11,19,20,21,22,29,30,31,39,40,41,50
826,11,19,20,21,22,29,30,31,39,40,41,50
827,11,19,20,21,29,30,31,39,40,41,50
828,11,19,20,21,29,30,31,39,40,41,50
829,11,19,20,21,29,30,31,39,40,49,50
830,11,19,20,21,29,30,31,39,40,49,50
831,11,19,20,21,28,29,30,31,38,39,40,49,50
832,11,19,20,21,28,29,30,31,38,39,40,49,50
833,10,11,18,19,20,21,28,29,30,31,38,39,40
834,10,11,18,19,20,21,28,29,30,31,38,39,40
835,9,10,18,19,20,28,29,30,38,39,40
836,9,10,18,19,20,28,29,30,38,39,40
837,9,17,18,19,20,27,28,29,30,38,39,40
838,9,17,18,19,20,27,28,29,30,38,39,40
839,8,9,17,18,19,20,27,28,29,30,37,38,39
840,8,9,17,18,19,20,27,28,29,30,37,38,39
841,8,17,18,19,27,28,29,37,38,39
842,8,17,18,19,27,28,29,37,38,39
843,16,17,18,19,26,27,28,29,36,37,38,39
844,16,17,18,19,26,27,28,29,36,37,38,39
845,16,17,18,19,26,27,28,29,36,37,38,39
846,16,17,18,19,26,27,28,29,36,37,38,39
847,16,17,18,26,27,28,36,37,38
848,16,17,18,26,27,28,36,37,38
849,15,16,17,18,25,26,27,28,35,36,37,38
850,15,16,17,18,25,26,27,28,35,36,37,38
851,15,16,17,18,25,26,27,28,35,36,37,38
852,15,16,17,18,25,26,27,28,35,36,37,38
853,15,16,17,25,26,27,35,36,37,46
854,15,16,17,25,26,27,35,36,37,46
855,15,16,17,25,26,27,35,36,37,46
856,15,16,17,25,26,27,35,36,37,46
857,15,16,17,25,26,27,35,36,37,45,46
858,15,16,17,25,26,27,35,36,37,45,46
859,15,16,17,24,25,26,27,35,36,37,45,46
860,15,16,17,24,25,26,27,35,36,37,45,46
861,15,16,17,24,25,26,27,34,35,36,37,45,46
862,15,16,17,24,25,26,27,34,35,36,37,45,46
863,14,15,16,17,24,25,26,27,34,35,36,37,45,46
864,14,15,16,17,24,25,26,27,34,35,36,37,45,46
865,14,15,16,17,24,25,26,27,34,35,36,37,45,46
866,14,15,16,17,24,25,26,27,34,35,36,37,45,46
867,14,15,16,17,24,25,26,27,34,35,36,37,45,46
868,14,15,16,17,24,25,26,27,34,35,36,37,45,46
869,14,15,16,17,24,25,26,27,34,35,36,37
870,14,15,16,17,24,25,26,27,34,35,36,37
871,14,15,16,17,24,25,26,27,34,35,36,37
872,14,15,16,17,24,25,26,27,34,35,36,37
873,14,15,16,17,24,25,26,27,34,35,36,37
874,14,15,16,17,24,25,26,27,34,35,36,37
875,14,15,16,24,25,26,27,34,35,36
876,14,15,16,24,25,26,27,34,35,36
877,14,15,16,24,25,26,34,35,36
878,14,15,16,24,25,26,34,35,36
879,5,14,15,16,24,25,26,34,35,36
880,5,14,15,16,24,25,26,34,35,36
881,13,14,15,16,23,24,25,26,34,35,36
882,13,14,15,16,23,24,25,26,34,35,36
883,5,13,14,15,16,23,24,25,26,33,34,35,36
884,5,13,14,15,16,23,24,25,26,33,34,35,36
885,5,13,14,15,16,23,24,25,26,33,34,35,36
886,5,13,14,15,16,23,24,25,26,33,34,35,36
887,5,13,14,15,16,23,24,25,26,33,34,35,36
888,5,13,14,15,16,23,24,25,26,33,34,35,36
889,5,13,14,15,16,23,24,25,26,33,34,35,36
890,5,13,14,15,16,23,24,25,26,33,34,35,36
891,4,5,13,14,15,16,23,24,25,26,33,34,35
892,4,5,13,14,15,16,23,24,25,26,33,34,35
893,4,5,13,14,15,23,24,25,33,34,35
894,4,5,13,14,15,23,24,25,33,34,35
895,4,13,14,15,22,23,24,25,33,34,35
896,4,13,14,15,22,23,24,25,33,34,35
897,3,4,12,13,14,15,22,23,24,25,33,34,35
898,3,4,12,13,14,15,22,23,24,25,33,34,35
899,3,4,12,13,14,15,22,23,24,25,32,33,34,35
900,3,4,12,13,14,15,22,23,24,25,32,33,34,35
901,3,4,12,13,14,15,22,23,24,25,32,33,34,35
902,3,4,12,13,14,15,22,23,24,25,32,33,34,35
903,3,4,12,13,14,15,22,23,24,25,32,33,34,35
904,3,4,12,13,14,15,22,23,24,25,32,33,34,35
905,3,4,12,13,14,15,22,23,24,25,32,33,34,35
906,3,4,12,13,14,15,22,23,24,25,32,33,34,35
907,3,4,12,13,14,15,22,23,24,25,32,33,34,35
908,3,4,12,13,14,15,22,23,24,25,32,33,34,35
909,3,4,12,13,14,15,22,23,24,25,32,33,34,35
910,3,4,12,13,14,15,22,23,24,25,32,33,34,35
911,3,4,12,13,14,15,22,23,24,25,32,33,34,35
912,3,4,12,13,14,15,22,23,24,25,32,33,34,35
913,3,4,12,13,14,15,22,23,24,25,32,33,34,35
914,3,4,12,13,14,15,22,23,24,25,32,33,34,35
915,3,4,12,13,14,15,22,23,24,25,32,33,34
916,3,4,12,13,14,15,22,23,24,25,32,33,34
917,3,4,12,13,14,15,22,23,24,25,32,33,34
918,3,4,12,13,14,15,22,23,24,25,32,33,34
919,3,4,12,13,14,15,22,23,24,25,32,33,34
920,3,4,12,13,14,15,22,23,24,25,32,33,34
921,3,4,12,13,14,15,22,23,24,25,32,33,34
922,3,4,12,13,14,15,22,23,24,25,32,33,34
923,3,4,12,13,14,15,22,23,24,25,32,33,34,35
924,3,4,12,13,14,15,22,23,24,25,32,33,34,35
925,4,12,13,14,15,22,23,24,25,32,33,34,35
926,4,12,13,14,15,22,23,24,25,32,33,34,35
927,12,13,14,15,22,23,24,25,32,33,34,35
928,12,13,14,15,22,23,24,25,32,33,34,35
929,13,14,15,22,23,24,25,33,34,35,44
930,13,14,15,22,23,24,25,33,34,35,44
931,13,14,15,23,24,25,33,34,35,44
932,13,14,15,23,24,25,33,34,35,44
933,13,14,15,23,24,25,26,33,34,35,36,44,45
934,13,14,15,23,24,25,26,33,34,35,36,44,45
935,13,14,15,23,24,25,26,33,34,35,36,44,45
936,13,14,15,23,24,25,26,33,34,35,36,44,45
937,13,14,15,16,23,24,25,26,33,34,35,36,44,45
938,13,14,15,16,23,24,25,26,33,34,35,36,44,45
939,13,14,15,16,23,24,25,26,33,34,35,36,44,45
940,13,14,15,16,23,24,25,26,33,34,35,36,44,45
941,13,14,15,16,23,24,25,26,33,34,35,36,44,45
942,13,14,15,16,23,24,25,26,33,34,35,36,44,45
943,13,14,15,16,23,24,25,26,33,34,35,36,44,45
944,13,14,15,16,23,24,25,26,33,34,35,36,44,45
945,14,15,16,23,24,25,26,33,34,35,36,44,45
946,14,15,16,23,24,25,26,33,34,35,36,44,45
947,14,15,16,23,24,25,26,34,35,36
948,14,15,16,23,24,25,26,34,35,36
949,14,15,16,23,24,25,26,34,35,36
950,14,15,16,23,24,25,26,34,35,36
951,5,14,15,16,24,25,26,34,35,36
952,5,14,15,16,24,25,26,34,35,36
953,5,6,14,15,16,24,25,26,34,35,36
954,5,6,14,15,16,24,25,26,34,35,36
955,5,6,14,15,16,24,25,26,34,35,36
956,5,6,14,15,16,24,25,26,34,35,36
957,5,6,14,15,16,24,25,26,34,35,36
958,5,6,14,15,16,24,25,26,34,35,36
959,5,6,14,15,16,24,25,26,34,35,36
960,5,6,14,15,16,24,25,26,34,35,36
961,4,5,6,13,14,15,16,23,24,25,26,34,35,36
962,4,5,6,13,14,15,16,23,24,25,26,34,35,36
963,4,5,6,13,14,15,16,23,24,25,26,34,35,36
964,4,5,6,13,14,15,16,23,24,25,26,34,35,36
965,4,5,6,13,14,15,16,23,24,25,26,34,35,36
966,4,5,6,13,14,15,16,23,24,25,26,34,35,36
967,5,6,13,14,15,16,23,24,25,26,34,35,36
968,5,6,13,14,15,16,23,24,25,26,34,35,36
969,5,13,14,15,16,23,24,25,26,34,35,36
970,5,13,14,15,16,23,24,25,26,34,35,36
971,5,13,14,15,16,23,24,25,26,34,35,36
972,5,13,14,15,16,23,24,25,26,34,35,36
973,5,14,15,16,23,24,25,26,34,35,36
974,5,14,15,16,23,24,25,26,34,35,36
975,5,14,15,16,24,25,26,34,35,36
976,5,14,15,16,24,25,26,34,35,36
977,14,15,16,24,25,26,34,35,36
978,14,15,16,24,25,26,34,35,36
979,14,15,16,24,25,26,27,34,35,36
980,14,15,16,24,25,26,27,34,35,36
981,14,15,16,24,25,26,27,34,35,36,37
982,14,15,16,24,25,26,27,34,35,36,37
983,14,15,16,17,24,25,26,27,34,35,36,37
984,14,15,16,17,24,25,26,27,34,35,36,37
985,14,15,16,17,24,25,26,27,34,35,36,37
986,14,15,16,17,24,25,26,27,34,35,36,37
987,14,15,16,17,24,25,26,27,34,35,36,37
988,14,15,16,17,24,25,26,27,34,35,36,37
989,14,15,16,17,24,25,26,27,34,35,36,37
990,14,15,16,17,24,25,26,27,34,35,36,37
991,14,15,16,17,24,25,26,27,34,35,36,37
992,14,15,16,17,24,25,26,27,34,35,36,37
993,14,15,16,17,24,25,26,27,34,35,36,37
994,14,15,16,17,24,25,26,27,34,35,36,37
995,14,15,16,17,24,25,26,27,34,35,36,37
996,14,15,16,17,24,25,26,27,34,35,36,37
997,14,15,16,17,24,25,26,27,34,35,36,37
998,14,15,16,17,24,25,26,27,34,35,36,37
999,14,15,16,17,24,25,26,27,34,35,36,37,46
1000,14,15,16,17,24,25,26,27,34,35,36,37,46
1001,15,16,17,24,25,26,27,34,35,36,37,46
1002,15,16,17,24,25,26,27,34,35,36,37,46
1003,15,16,17,24,25,26,27,34,35,36,37,46
1004,15,16,17,24,25,26,27,34,35,36,37,46
1005,15,16,17,24,25,26,27,35,36,37,46
1006,15,16,17,24,25,26,27,35,36,37,46
1007,15,16,17,24,25,26,27,35,36,37,46
1008,15,16,17,24,25,26,27,35,36,37,46
1009,15,16,17,24,25,26,27,35,36,37,46
1010,15,16,17,24,25,26,27,35,36,37,46
1011,15,16,17,24,25,26,27,35,36,37
1012,15,16,17,24,25,26,27,35,36,37
1013,15,16,17,25,26,27,35,36,37
1014,15,16,17,25,26,27,35,36,37
1015,15,16,17,24,25,26,27,35,36,37
1016,15,16,17,24,25,26,27,35,36,37
1017,6,14,15,16,17,24,25,26,27,35,36,37
1018,6,14,15,16,17,24,25,26,27,35,36,37
1019,6,14,15,16,17,24,25,26,27,34,35,36,37
1020,6,14,15,16,17,24,25,26,27,34,35,36,37
1021,5,6,14,15,16,17,24,25,26,27,34,35,36,37
1022,5,6,14,15,16,17,24,25,26,27,34,35,36,37
1023,5,6,14,15,16,17,24,25,26,27,34,35,36
1024,5,6,14,15,16,17,24,25,26,27,34,35,36
1025,5,6,14,15,16,17,24,25,26,27,34,35,36
1026,5,6,14,15,16,17,24,25,26,27,34,35,36
1027,5,6,14,15,16,17,24,25,26,27,34,35,36
1028,5,6,14,15,16,17,24,25,26,27,34,35,36
1029,5,6,14,15,16,17,24,25,26,27,34,35,36
1030,5,6,14,15,16,17,24,25,26,27,34,35,36
1031,5,6,14,15,16,17,24,25,26,27,34,35,36
1032,5,6,14,15,16,17,24,25,26,27,34,35,36
1033,5,6,14,15,16,17,24,25,26,27,34,35,36
1034,5,6,14,15,16,17,24,25,26,27,34,35,36
1035,5,6,14,15,16,17,24,25,26,27,34,35,36
1036,5,6,14,15,16,17,24,25,26,27,34,35,36
1037,5,6,14,15,16,17,24,25,26,27,34,35,36
1038,5,6,14,15,16,17,24,25,26,27,34,35,36
1039,5,6,14,15,16,24,25,26,27,34,35,36
1040,5,6,14,15,16,24,25,26,27,34,35,36
1041,5,6,14,15,16,24,25,26,34,35,36
1042,5,6,14,15,16,24,25,26,34,35,36
1043,5,6,14,15,16,24,25,26,34,35,36
1044,5,6,14,15,16,24,25,26,34,35,36
1045,5,6,14,15,16,24,25,26,34,35,36
1046,5,6,14,15,16,24,25,26,34,35,36
1047,4,5,13,14,15,16,23,24,25,26,33,34,35,36
1048,4,5,13,14,15,16,23,24,25,26,33,34,35,36
1049,4,5,13,14,15,16,23,24,25,26,33,34,35
1050,4,5,13,14,15,16,23,24,25,26,33,34,35
1051,4,5,13,14,15,23,24,25,33,34,35
1052,4,5,13,14,15,23,24,25,33,34,35
1053,4,5,12,13,14,15,22,23,24,25,33,34,35
1054,4,5,12,13,14,15,22,23,24,25,33,34,35
1055,3,4,5,12,13,14,15,22,23,24,25,33,34,35
1056,3,4,5,12,13,14,15,22,23,24,25,33,34,35
1057,3,4,12,13,14,15,22,23,24,25,32,33,34,35
1058,3,4,12,13,14,15,22,23,24,25,32,33,34,35
1059,3,4,12,13,14,15,22,23,24,25,32,33,34
1060,3,4,12,13,14,15,22,23,24,25,32,33,34
1061,3,4,12,13,14,22,23,24,32,33,34
1062,3,4,12,13,14,22,23,24,32,33,34
1063,3,11,12,13,14,21,22,23,24,32,33,34
1064,3,11,12,13,14,21,22,23,24,32,33,34
1065,3,11,12,13,14,21,22,23,24,32,33,34
1066,3,11,12,13,14,21,22,23,24,32,33,34
1067,3,11,12,13,14,21,22,23,24,31,32,33,34
1068,3,11,12,13,14,21,22,23,24,31,32,33,34
1069,3,11,12,13,14,21,22,23,24,31,32,33,34
1070,3,11,12,13,14,21,22,23,24,31,32,33,34
1071,2,3,11,12,13,14,21,22,23,24,31,32,33,34
1072,2,3,11,12,13,14,21,22,23,24,31,32,33,34
1073,2,3,11,12,13,14,21,22,23,24,31,32,33,34
1074,2,3,11,12,13,14,21,22,23,24,31,32,33,34
1075,2,3,11,12,13,14,21,22,23,24,31,32,33,34
1076,2,3,11,12,13,14,21,22,23,24,31,32,33,34
1077,2,3,11,12,13,14,21,22,23,24,31,32,33,34
1078,2,3,11,12,13,14,21,22,23,24,31,32,33,34
1079,3,11,12,13,14,21,22,23,24,31,32,33,34
1080,3,11,12,13,14,21,22,23,24,31,32,33,34
1081,3,11,12,13,14,21,22,23,24,32,33,34
1082,3,11,12,13,14,21,22,23,24,32,33,34
1083,3,12,13,14,22,23,24,32,33,34
1084,3,12,13,14,22,23,24,32,33,34
1085,4,12,13,14,15,22,23,24,25,32,33,34,35
1086,4,12,13,14,15,22,23,24,25,32,33,34,35
1087,13,14,15,23,24,25,33,34,35
1088,13,14,15,23,24,25,33,34,35
1089,13,14,15,16,23,24,25,26,33,34,35,36
1090,13,14,15,16,23,24,25,26,33,34,35,36
1091,5,14,15,16,23,24,25,26,34,35,36
1092,5,14,15,16,23,24,25,26,34,35,36
1093,5,6,14,15,16,17,24,25,26,27,34,35,36
1094,5,6,14,15,16,17,24,25,26,27,34,35,36
1095,5,6,14,15,16,17,24,25,26,27,34,35,36,37
1096,5,6,14,15,16,17,24,25,26,27,34,35,36,37
1097,5,6,14,15,16,17,24,25,26,27,34,35,36,37
1098,5,6,14,15,16,17,24,25,26,27,34,35,36,37
1099,5,6,14,15,16,17,24,25,26,27,34,35,36,37
1100,5,6,14,15,16,17,24,25,26,27,34,35,36,37
1101,5,6,14,15,16,17,24,25,26,27,34,35,36,37
1102,5,6,14,15,16,17,24,25,26,27,34,35,36,37
1103,6,14,15,16,17,24,25,26,27,34,35,36,37
1104,6,14,15,16,17,24,25,26,27,34,35,36,37
1105,6,14,15,16,17,24,25,26,27,34,35,36,37
1106,6,14,15,16,17,24,25,26,27,34,35,36,37
1107,6,14,15,16,17,24,25,26,27,34,35,36,37
1108,6,14,15,16,17,24,25,26,27,34,35,36,37
1109,6,14,15,16,17,24,25,26,27,34,35,36,37
1110,6,14,15,16,17,24,25,26,27,34,35,36,37
1111,6,14,15,16,17,24,25,26,27,35,36,37
1112,6,14,15,16,17,24,25,26,27,35,36,37
1113,6,14,15,16,17,24,25,26,27,35,36,37
1114,6,14,15,16,17,24,25,26,27,35,36,37
1115,6,14,15,16,17,24,25,26,27,35,36,37
1116,6,14,15,16,17,24,25,26,27,35,36,37
1117,6,14,15,16,17,24,25,26,27,35,36,37
1118,6,14,15,16,17,24,25,26,27,35,36,37
1119,5,6,14,15,16,17,24,25,26,27,35,36,37
1120,5,6,14,15,16,17,24,25,26,27,35,36,37
1121,5,6,14,15,16,17,24,25,26,27,34,35,36,37
1122,5,6,14,15,16,17,24,25,26,27,34,35,36,37
1123,5,6,14,15,16,17,24,25,26,27,34,35,36,37
1124,5,6,14,15,16,17,24,25,26,27,34,35,36,37
1125,5,6,14,15,16,17,24,25,26,27,34,35,36,37
1126,5,6,14,15,16,17,24,25,26,27,34,35,36,37
1127,5,6,14,15,16,17,24,25,26,27,34,35,36,37
1128,5,6,14,15,16,17,24,25,26,27,34,35,36,37
1129,5,6,14,15,16,17,24,25,26,27,34,35,36,37
1130,5,6,14,15,16,17,24,25,26,27,34,35,36,37
1131,5,6,14,15,16,17,24,25,26,27,34,35,36,37
1132,5,6,14,15,16,17,24,25,26,27,34,35,36,37
1133,5,6,14,15,16,17,24,25,26,27,34,35,36,37
1134,5,6,14,15,16,17,24,25,26,27,34,35,36,37
1135,5,6,14,15,16,17,24,25,26,27,34,35,36,37
1136,5,6,14,15,16,17,24,25,26,27,34,35,36,37
1137,5,6,14,15,16,17,24,25,26,27,34,35,36,37
1138,5,6,14,15,16,17,24,25,26,27,34,35,36,37
1139,5,6,14,15,16,17,24,25,26,27,34,35,36,37
1140,5,6,14,15,16,17,24,25,26,27,34,35,36,37
1141,5,6,14,15,16,17,24,25,26,27,34,35,36,37
1142,5,6,14,15,16,17,24,25,26,27,34,35,36,37
1143,5,6,14,15,16,17,24,25,26,27,34,35,36,37
1144,5,6,14,15,16,17,24,25,26,27,34,35,36,37
1145,5,6,14,15,16,17,24,25,26,27,34,35,36,37
1146,5,6,14,15,16,17,24,25,26,27,34,35,36,37
1147,5,6,14,15,16,17,24,25,26,27,34,35,36,37
1148,5,6,14,15,16,17,24,25,26,27,34,35,36,37
1149,5,6,14,15,16,17,24,25,26,27,34,35,36,37
1150,5,6,14,15,16,17,24,25,26,27,34,35,36,37
1151,5,6,14,15,16,17,24,25,26,27,34,35,36,37
1152,5,6,14,15,16,17,24,25,26,27,34,35,36,37
1153,5,6,14,15,16,17,24,25,26,27,34,35,36,37
1154,5,6,14,15,16,17,24,25,26,27,34,35,36,37
1155,5,6,14,15,16,17,24,25,26,27,34,35,36,37
1156,5,6,14,15,16,17,24,25,26,27,34,35,36,37
1157,5,6,14,15,16,17,24,25,26,27,34,35,36,37
1158,5,6,14,15,16,17,24,25,26,27,34,35,36,37
1159,5,6,14,15,16,17,24,25,26,27,34,35,36,37
1160,5,6,14,15,16,17,24,25,26,27,34,35,36,37
1161,5,6,14,15,16,17,24,25,26,27,34,35,36,37
1162,5,6,14,15,16,17,24,25,26,27,34,35,36,37
1163,5,6,14,15,16,17,24,25,26,27,35,36,37
1164,5,6,14,15,16,17,24,25,26,27,35,36,37
1165,6,7,15,16,17,25,26,27,35,36,37
1166,6,7,15,16,17,25,26,27,35,36,37
1167,6,7,15,16,17,18,25,26,27,28,35,36,37
1168,6,7,15,16,17,18,25,26,27,28,35,36,37
1169,7,15,16,17,18,25,26,27,28,35,36,37,38
1170,7,15,16,17,18,25,26,27,28,35,36,37,38
1171,7,15,16,17,18,25,26,27,28,36,37,38
1172,7,15,16,17,18,25,26,27,28,36,37,38
1173,7,8,16,17,18,26,27,28,36,37,38
1174,7,8,16,17,18,26,27,28,36,37,38
1175,7,8,16,17,18,19,26,27,28,29,36,37,38
1176,7,8,16,17,18,19,26,27,28,29,36,37,38
1177,7,8,16,17,18,19,26,27,28,29,36,37,38
1178,7,8,16,17,18,19,26,27,28,29,36,37,38
1179,7,8,16,17,18,19,26,27,28,29,36,37,38,39
1180,7,8,16,17,18,19,26,27,28,29,36,37,38,39
1181,7,8,16,17,18,19,26,27,28,29,36,37,38,39
1182,7,8,16,17,18,19,26,27,28,29,36,37,38,39
1183,7,8,16,17,18,19,26,27,28,29,36,37,38,39
1184,7,8,16,17,18,19,26,27,28,29,36,37,38,39
1185,7,8,16,17,18,19,26,27,28,29,36,37,38,39
1186,7,8,16,17,18,19,26,27,28,29,36,37,38,39
1187,7,8,16,17,18,19,26,27,28,29,36,37,38,39
1188,7,8,16,17,18,19,26,27,28,29,36,37,38,39
1189,8,16,17,18,19,26,27,28,29,36,37,38,39
1190,8,16,17,18,19,26,27,28,29,36,37,38,39
1191,16,17,18,19,26,27,28,29,36,37,38,39
1192,16,17,18,19,26,27,28,29,36,37,38,39
1193,16,17,18,19,26,27,28,29,36,37,38,39
1194,16,17,18,19,26,27,28,29,36,37,38,39
1195,16,17,18,26,27,28,29,36,37,38
1196,16,17,18,26,27,28,29,36,37,38
1197,16,17,18,26,27,28,36,37,38
1198,16,17,18,26,27,28,36,37,38
1199,16,17,18,26,27,28,36,37,38
1200,16,17,18,26,27,28,36,37,38
1201,16,17,18,25,26,27,28,36,37,38
1202,16,17,18,25,26,27,28,36,37,38
1203,15,16,17,18,25,26,27,28,36,37,38
1204,15,16,17,18,25,26,27,28,36,37,38
1205,15,16,17,18,25,26,27,28,35,36,37,38
1206,15,16,17,18,25,26,27,28,35,36,37,38
1207,15,16,17,18,25,26,27,28,35,36,37,38
1208,15,16,17,18,25,26,27,28,35,36,37,38
1209,15,16,17,18,25,26,27,28,35,36,37,38
1210,15,16,17,18,25,26,27,28,35,36,37,38
1211,15,16,17,18,25,26,27,28,35,36,37,38
1212,15,16,17,18,25,26,27,28,35,36,37,38
1213,15,16,17,25,26,27,35,36,37
1214,15,16,17,25,26,27,35,36,37
1215,15,16,17,25,26,27,35,36,37
1216,15,16,17,25,26,27,35,36,37
1217,15,16,17,24,25,26,27,35,36,37
1218,15,16,17,24,25,26,27,35,36,37
1219,6,14,15,16,17,24,25,26,27,35,36,37
1220,6,14,15,16,17,24,25,26,27,35,36,37
1221,6,14,15,16,17,24,25,26,27,34,35,36,37
1222,6,14,15,16,17,24,25,26,27,34,35,36,37
1223,6,14,15,16,17,24,25,26,27,34,35,36,37
1224,6,14,15,16,17,24,25,26,27,34,35,36,37
1225,6,14,15,16,17,24,25,26,27,34,35,36,37
1226,6,14,15,16,17,24,25,26,27,34,35,36,37
1227,6,14,15,16,17,24,25,26,27,34,35,36,37
1228,6,14,15,16,17,24,25,26,27,34,35,36,37
1229,5,6,14,15,16,17,24,25,26,27,34,35,36,37
1230,5,6,14,15,16,17,24,25,26,27,34,35,36,37
1231,5,6,14,15,16,17,24,25,26,27,34,35,36,37
1232,5,6,14,15,16,17,24,25,26,27,34,35,36,37
1233,6,14,15,16,17,24,25,26,27,34,35,36,37
1234,6,14,15,16,17,24,25,26,27,34,35,36,37
1235,5,6,14,15,16,17,24,25,26,27,34,35,36,37
1236,5,6,14,15,16,17,24,25,26,27,34,35,36,37
1237,5,6,14,15,16,17,24,25,26,27,34,35,36,37
1238,5,6,14,15,16,17,24,25,26,27,34,35,36,37
1239,5,6,14,15,16,17,24,25,26,27,34,35,36,37
1240,5,6,14,15,16,17,24,25,26,27,34,35,36,37
1241,5,6,14,15,16,17,24,25,26,27,34,35,36,37
1242,5,6,14,15,16,17,24,25,26,27,34,35,36,37
1243,5,6,14,15,16,17,24,25,26,27,34,35,36,37
1244,5,6,14,15,16,17,24,25,26,27,34,35,36,37
1245,5,6,14,15,16,17,24,25,26,27,34,35,36,37
1246,5,6,14,15,16,17,24,25,26,27,34,35,36,37
1247,5,6,14,15,16,17,24,25,26,27,34,35,36,37
1248,5,6,14,15,16,17,24,25,26,27,34,35,36,37
1249,5,6,14,15,16,17,24,25,26,27,34,35,36,37
1250,5,6,14,15,16,17,24,25,26,27,34,35,36,37
1251,5,6,14,15,16,17,24,25,26,27,34,35,36,37
1252,5,6,14,15,16,17,24,25,26,27,34,35,36,37
1253,5,6,14,15,16,17,24,25,26,27,34,35,36
1254,5,6,14,15,16,17,24,25,26,27,34,35,36
1255,5,6,14,15,16,17,24,25,26,27,34,35,36
1256,5,6,14,15,16,17,24,25,26,27,34,35,36
1257,5,6,14,15,16,17,24,25,26,27,34,35,36
1258,5,6,14,15,16,17,24,25,26,27,34,35,36
1259,5,6,14,15,16,17,24,25,26,27,34,35,36
1260,5,6,14,15,16,17,24,25,26,27,34,35,36
1261,5,6,14,15,16,17,24,25,26,27,34,35,36
1262,5,6,14,15,16,17,24,25,26,27,34,35,36
1263,5,6,14,15,16,17,24,25,26,27,34,35,36
1264,5,6,14,15,16,17,24,25,26,27,34,35,36
1265,5,6,14,15,16,17,24,25,26,27,34,35,36
1266,5,6,14,15,16,17,24,25,26,27,34,35,36
1267,5,6,14,15,16,17,24,25,26,27,34,35,36
1268,5,6,14,15,16,17,24,25,26,27,34,35,36
1269,5,6,14,15,16,17,24,25,26,27,34,35,36
1270,5,6,14,15,16,17,24,25,26,27,34,35,36
1271,5,6,14,15,16,17,24,25,26,27,34,35,36
1272,5,6,14,15,16,17,24,25,26,27,34,35,36
1273,5,6,14,15,16,17,24,25,26,27,34,35,36
1274,5,6,14,15,16,17,24,25,26,27,34,35,36
1275,5,6,14,15,16,17,24,25,26,27,34,35,36
1276,5,6,14,15,16,17,24,25,26,27,34,35,36
1277,5,6,14,15,16,17,24,25,26,27,34,35,36
1278,5,6,14,15,16,17,24,25,26,27,34,35,36
1279,5,6,14,15,16,17,24,25,26,27,34,35,36
1280,5,6,14,15,16,17,24,25,26,27,34,35,36
1281,5,6,14,15,16,17,24,25,26,27,34,35,36
1282,5,6,14,15,16,17,24,25,26,27,34,35,36
1283,5,6,14,15,16,17,24,25,26,27,34,35,36
1284,5,6,14,15,16,17,24,25,26,27,34,35,36
1285,5,6,14,15,16,17,24,25,26,27,34,35,36
1286,5,6,14,15,16,17,24,25,26,27,34,35,36
1287,5,6,14,15,16,17,24,25,26,27,34,35,36
1288,5,6,14,15,16,17,24,25,26,27,34,35,36
1289,5,6,14,15,16,24,25,26,34,35,36
1290,5,6,14,15,16,24,25,26,34,35,36
1291,5,6,14,15,16,24,25,26,34,35,36
1292,5,6,14,15,16,24,25,26,34,35,36
1293,5,6,14,15,16,24,25,26,34,35,36
1294,5,6,14,15,16,24,25,26,34,35,36
1295,5,6,14,15,16,24,25,26,34,35,36
1296,5,6,14,15,16,24,25,26,34,35,36
1297,5,6,14,15,16,24,25,26,34,35,36
1298,5,6,14,15,16,24,25,26,34,35,36
1299,5,6,14,15,16,24,25,26,34,35,36
1300,5,6,14,15,16,24,25,26,34,35,36
1301,5,6,14,15,16,24,25,26,34,35,36
1302,5,6,14,15,16,24,25,26,34,35,36
1303,5,6,14,15,16,23,24,25,26,34,35,36
1304,5,6,14,15,16,23,24,25,26,34,35,36
1305,5,6,13,14,15,16,23,24,25,26,34,35,36
1306,5,6,13,14,15,16,23,24,25,26,34,35,36
1307,5,6,13,14,15,16,23,24,25,26,34,35,36
1308,5,6,13,14,15,16,23,24,25,26,34,35,36
1309,5,6,13,14,15,16,23,24,25,26,34,35,36
1310,5,6,13,14,15,16,23,24,25,26,34,35,36
1311,5,6,13,14,15,16,23,24,25,26,34,35,36
1312,5,6,13,14,15,16,23,24,25,26,34,35,36
1313,5,6,13,14,15,16,23,24,25,26,34,35,36
1314,5,6,13,14,15,16,23,24,25,26,34,35,36
1315,4,5,13,14,15,16,23,24,25,26,34,35,36
1316,4,5,13,14,15,16,23,24,25,26,34,35,36
1317,4,5,13,14,15,16,23,24,25,26,33,34,35,36
1318,4,5,13,14,15,16,23,24,25,26,33,34,35,36
1319,4,5,13,14,15,16,23,24,25,26,33,34,35
1320,4,5,13,14,15,16,23,24,25,26,33,34,35
1321,4,5,13,14,15,23,24,25,33,34,35
1322,4,5,13,14,15,23,24,25,33,34,35
1323,4,5,13,14,15,23,24,25,33,34,35
1324,4,5,13,14,15,23,24,25,33,34,35
1325,4,5,12,13,14,15,22,23,24,25,33,34,35
1326,4,5,12,13,14,15,22,23,24,25,33,34,35
1327,4,12,13,14,15,22,23,24,25,33,34,35
1328,4,12,13,14,15,22,23,24,25,33,34,35
1329,4,12,13,14,15,22,23,24,25,33,34,35
1330,4,12,13,14,15,22,23,24,25,33,34,35
1331,4,12,13,14,15,22,23,24,25,33,34,35
1332,4,12,13,14,15,22,23,24,25,33,34,35
1333,4,12,13,14,15,22,23,24,25,33,34,35
1334,4,12,13,14,15,22,23,24,25,33,34,35
1335,4,12,13,14,15,22,23,24,25,33,34,35
1336,4,12,13,14,15,22,23,24,25,33,34,35
1337,4,12,13,14,15,22,23,24,25,33,34,35
1338,4,12,13,14,15,22,23,24,25,33,34,35
1339,4,12,13,14,15,22,23,24,25,32,33,34,35
1340,4,12,13,14,15,22,23,24,25,32,33,34,35
1341,3,4,12,13,14,15,22,23,24,25,32,33,34,35
1342,3,4,12,13,14,15,22,23,24,25,32,33,34,35
1343,3,4,12,13,14,15,22,23,24,25,32,33,34,35
1344,3,4,12,13,14,15,22,23,24,25,32,33,34,35
1345,3,4,12,13,14,15,22,23,24,25,32,33,34,35
1346,3,4,12,13,14,15,22,23,24,25,32,33,34,35
1347,3,4,12,13,14,15,22,23,24,25,32,33,34,35
1348,3,4,12,13,14,15,22,23,24,25,32,33,34,35
1349,3,4,12,13,14,15,22,23,24,25,32,33,34,35
1350,3,4,12,13,14,15,22,23,24,25,32,33,34,35
1351,3,4,12,13,14,15,22,23,24,25,32,33,34,35
1352,3,4,12,13,14,15,22,23,24,25,32,33,34,35
1353,3,4,12,13,14,15,22,23,24,25,32,33,34,35
1354,3,4,12,13,14,15,22,23,24,25,32,33,34,35
1355,4,12,13,14,15,22,23,24,25,32,33,34,35
1356,4,12,13,14,15,22,23,24,25,32,33,34,35
1357,4,12,13,14,15,22,23,24,25,32,33,34,35
1358,4,12,13,14,15,22,23,24,25,32,33,34,35
1359,4,13,14,15,23,24,25,33,34,35
1360,4,13,14,15,23,24,25,33,34,35
1361,13,14,15,16,23,24,25,26,33,34,35,36
1362,13,14,15,16,23,24,25,26,33,34,35,36
1363,13,14,15,16,23,24,25,26,33,34,35,36
1364,13,14,15,16,23,24,25,26,33,34,35,36
1365,5,14,15,16,24,25,26,34,35,36
1366,5,14,15,16,24,25,26,34,35,36
1367,5,6,14,15,16,17,24,25,26,27,34,35,36
1368,5,6,14,15,16,17,24,25,26,27,34,35,36
1369,5,6,14,15,16,17,24,25,26,27,34,35,36
1370,5,6,14,15,16,17,24,25,26,27,34,35,36
1371,5,6,14,15,16,17,24,25,26,27,34,35,36,37
1372,5,6,14,15,16,17,24,25,26,27,34,35,36,37
1373,5,6,14,15,16,17,24,25,26,27,34,35,36,37
1374,5,6,14,15,16,17,24,25,26,27,34,35,36,37
1375,5,6,14,15,16,17,24,25,26,27,34,35,36,37
1376,5,6,14,15,16,17,24,25,26,27,34,35,36,37
1377,5,6,14,15,16,17,24,25,26,27,34,35,36
1378,5,6,14,15,16,17,24,25,26,27,34,35,36
1379,5,6,14,15,16,17,24,25,26,27,34,35,36
1380,5,6,14,15,16,17,24,25,26,27,34,35,36
1381,5,6,14,15,16,24,25,26,34,35,36
1382,5,6,14,15,16,24,25,26,34,35,36
1383,5,6,13,14,15,16,23,24,25,26,34,35,36
1384,5,6,13,14,15,16,23,24,25,26,34,35,36
1385,4,5,13,14,15,16,23,24,25,26,34,35,36
1386,4,5,13,14,15,16,23,24,25,26,34,35,36
1387,4,5,13,14,15,16,23,24,25,26,33,34,35,36
1388,4,5,13,14,15,16,23,24,25,26,33,34,35,36
1389,4,5,13,14,15,16,23,24,25,26,34,35,36
1390,4,5,13,14,15,16,23,24,25,26,34,35,36
1391,4,5,13,14,15,16,23,24,25,26,34,35,36
1392,4,5,13,14,15,16,23,24,25,26,34,35,36
1393,4,5,13,14,15,16,23,24,25,26,34,35,36
1394,4,5,13,14,15,16,23,24,25,26,34,35,36
1395,4,5,13,14,15,16,23,24,25,26,34,35,36
1396,4,5,13,14,15,16,23,24,25,26,34,35,36
1397,4,5,13,14,15,16,23,24,25,26,34,35,36
1398,4,5,13,14,15,16,23,24,25,26,34,35,36
1399,4,5,13,14,15,16,23,24,25,26,34,35,36
1400,4,5,13,14,15,16,23,24,25,26,34,35,36
1401,4,5,13,14,15,16,23,24,25,26,33,34,35,36
1402,4,5,13,14,15,16,23,24,25,26,33,34,35,36
1403,4,5,13,14,15,16,23,24,25,26,33,34,35,36
1404,4,5,13,14,15,16,23,24,25,26,33,34,35,36
1405,4,5,13,14,15,16,23,24,25,26,33,34,35,36
1406,4,5,13,14,15,16,23,24,25,26,33,34,35,36
1407,4,5,13,14,15,16,23,24,25,26,33,34,35,36
1408,4,5,13,14,15,16,23,24,25,26,33,34,35,36
1409,4,5,13,14,15,16,23,24,25,26,33,34,35,36
1410,4,5,13,14,15,16,23,24,25,26,33,34,35,36
1411,4,5,13,14,15,16,23,24,25,26,33,34,35,36
1412,4,5,13,14,15,16,23,24,25,26,33,34,35,36
1413,4,5,13,14,15,16,23,24,25,26,34,35,36
1414,4,5,13,14,15,16,23,24,25,26,34,35,36
1415,4,5,13,14,15,16,23,24,25,26,34,35,36
1416,4,5,13,14,15,16,23,24,25,26,34,35,36
1417,4,5,13,14,15,16,23,24,25,26,34,35,36
1418,4,5,13,14,15,16,23,24,25,26,34,35,36
1419,4,5,13,14,15,16,23,24,25,26,34,35,36
1420,4,5,13,14,15,16,23,24,25,26,34,35,36
1421,4,5,13,14,15,16,23,24,25,26,34,35,36
1422,4,5,13,14,15,16,23,24,25,26,34,35,36
1423,4,5,13,14,15,16,23,24,25,26,33,34,35,36
1424,4,5,13,14,15,16,23,24,25,26,33,34,35,36
1425,4,5,13,14,15,16,23,24,25,26,33,34,35,36
1426,4,5,13,14,15,16,23,24,25,26,33,34,35,36
1427,4,5,13,14,15,16,23,24,25,26,33,34,35,36
1428,4,5,13,14,15,16,23,24,25,26,33,34,35,36
1429,4,5,13,14,15,16,23,24,25,26,33,34,35,36
1430,4,5,13,14,15,16,23,24,25,26,33,34,35,36
1431,4,5,13,14,15,16,23,24,25,26,33,34,35,36
1432,4,5,13,14,15,16,23,24,25,26,33,34,35,36
1433,4,5,13,14,15,16,23,24,25,26,33,34,35,36
1434,4,5,13,14,15,16,23,24,25,26,33,34,35,36
1435,4,5,13,14,15,16,23,24,25,26,33,34,35,36
1436,4,5,13,14,15,16,23,24,25,26,33,34,35,36
1437,4,5,13,14,15,16,23,24,25,26,33,34,35,36
1438,4,5,13,14,15,16,23,24,25,26,33,34,35,36
1439,4,5,13,14,15,16,23,24,25,26,34,35,36
1440,4,5,13,14,15,16,23,24,25,26,34,35,36
1441,4,5,6,13,14,15,16,23,24,25,26,34,35,36
1442,4,5,6,13,14,15,16,23,24,25,26,34,35,36
1443,4,5,6,13,14,15,16,23,24,25,26,34,35,36
1444,4,5,6,13,14,15,16,23,24,25,26,34,35,36
1445,4,5,6,13,14,15,16,23,24,25,26,34,35,36
1446,4,5,6,13,14,15,16,23,24,25,26,34,35,36
1447,4,5,6,13,14,15,16,23,24,25,26,34,35,36
1448,4,5,6,13,14,15,16,23,24,25,26,34,35,36
1449,4,5,6,13,14,15,16,23,24,25,26,34,35,36
1450,4,5,6,13,14,15,16,23,24,25,26,34,35,36
1451,4,5,6,13,14,15,16,23,24,25,26,34,35,36
1452,4,5,6,13,14,15,16,23,24,25,26,34,35,36
1453,5,6,14,15,16,24,25,26,34,35,36
1454,5,6,14,15,16,24,25,26,34,35,36
1455,5,6,14,15,16,24,25,26,34,35,36
1456,5,6,14,15,16,24,25,26,34,35,36
1457,5,6,14,15,16,24,25,26,34,35,36
1458,5,6,14,15,16,24,25,26,34,35,36
1459,5,6,14,15,16,24,25,26,27,34,35,36
1460,5,6,14,15,16,24,25,26,27,34,35,36
1461,5,6,14,15,16,17,24,25,26,27,34,35,36
1462,5,6,14,15,16,17,24,25,26,27,34,35,36
1463,5,6,14,15,16,17,24,25,26,27,34,35,36
1464,5,6,14,15,16,17,24,25,26,27,34,35,36
1465,5,6,14,15,16,17,24,25,26,27,34,35,36
1466,5,6,14,15,16,17,24,25,26,27,34,35,36
1467,5,6,14,15,16,17,24,25,26,27,34,35,36
1468,5,6,14,15,16,17,24,25,26,27,34,35,36
1469,5,6,14,15,16,17,24,25,26,27,34,35,36
1470,5,6,14,15,16,17,24,25,26,27,34,35,36
1471,5,6,14,15,16,17,24,25,26,27,34,35,36
1472,5,6,14,15,16,17,24,25,26,27,34,35,36
1473,5,6,14,15,16,17,24,25,26,27,34,35,36,37
1474,5,6,14,15,16,17,24,25,26,27,34,35,36,37
1475,5,6,14,15,16,17,24,25,26,27,34,35,36,37
1476,5,6,14,15,16,17,24,25,26,27,34,35,36,37
1477,5,6,14,15,16,17,24,25,26,27,34,35,36,37
1478,5,6,14,15,16,17,24,25,26,27,34,35,36,37
1479,5,6,14,15,16,17,24,25,26,27,34,35,36,37
1480,5,6,14,15,16,17,24,25,26,27,34,35,36,37
1481,5,6,14,15,16,17,24,25,26,27,34,35,36,37
1482,5,6,14,15,16,17,24,25,26,27,34,35,36,37
1483,5,6,14,15,16,17,24,25,26,27,34,35,36,37
1484,5,6,14,15,16,17,24,25,26,27,34,35,36,37
1485,5,6,14,15,16,17,24,25,26,27,34,35,36,37
1486,5,6,14,15,16,17,24,25,26,27,34,35,36,37
1487,5,6,14,15,16,17,24,25,26,27,34,35,36,37
1488,5,6,14,15,16,17,24,25,26,27,34,35,36,37
1489,5,6,14,15,16,17,24,25,26,27,34,35,36,37
1490,5,6,14,15,16,17,24,25,26,27,34,35,36,37
1491,5,6,14,15,16,17,24,25,26,27,34,35,36,37
1492,5,6,14,15,16,17,24,25,26,27,34,35,36,37
1493,5,6,14,15,16,17,24,25,26,27,34,35,36,37
1494,5,6,14,15,16,17,24,25,26,27,34,35,36,37
1495,6,14,15,16,17,24,25,26,27,34,35,36,37
1496,6,14,15,16,17,24,25,26,27,34,35,36,37
1497,6,14,15,16,17,24,25,26,27,34,35,36,37
1498,6,14,15,16,17,24,25,26,27,34,35,36,37
1499,5,6,14,15,16,17,24,25,26,27,34,35,36,37
1500,5,6,14,15,16,17,24,25,26,27,34,35,36,37
1501,5,6,14,15,16,17,24,25,26,27,34,35,36,37
1502,5,6,14,15,16,17,24,25,26,27,34,35,36,37
1503,5,6,14,15,16,17,24,25,26,27,34,35,36,37
1504,5,6,14,15,16,17,24,25,26,27,34,35,36,37
1505,5,6,14,15,16,17,24,25,26,27,34,35,36,37
1506,5,6,14,15,16,17,24,25,26,27,34,35,36,37
1507,5,6,14,15,16,17,24,25,26,27,34,35,36,37
1508,5,6,14,15,16,17,24,25,26,27,34,35,36,37
1509,5,6,14,15,16,17,24,25,26,27,34,35,36,37
1510,5,6,14,15,16,17,24,25,26,27,34,35,36,37
1511,5,6,14,15,16,17,24,25,26,27,34,35,36,37
1512,5,6,14,15,16,17,24,25,26,27,34,35,36,37
1513,5,6,14,15,16,17,24,25,26,27,34,35,36,37
1514,5,6,14,15,16,17,24,25,26,27,34,35,36,37
1515,5,6,14,15,16,17,24,25,26,27,34,35,36
1516,5,6,14,15,16,17,24,25,26,27,34,35,36
1517,5,6,14,15,16,17,24,25,26,27,34,35,36
1518,5,6,14,15,16,17,24,25,26,27,34,35,36
1519,5,6,14,15,16,17,24,25,26,27,34,35,36
1520,5,6,14,15,16,17,24,25,26,27,34,35,36
1521,5,6,14,15,16,17,24,25,26,27,34,35,36,37
1522,5,6,14,15,16,17,24,25,26,27,34,35,36,37
1523,5,6,14,15,16,17,24,25,26,27,34,35,36,37
1524,5,6,14,15,16,17,24,25,26,27,34,35,36,37
1525,5,6,14,15,16,17,24,25,26,27,34,35,36,37
1526,5,6,14,15,16,17,24,25,26,27,34,35,36,37
1527,5,6,14,15,16,17,24,25,26,27,34,35,36,37
1528,5,6,14,15,16,17,24,25,26,27,34,35,36,37
1529,5,6,14,15,16,17,24,25,26,27,34,35,36,37
1530,5,6,14,15,16,17,24,25,26,27,34,35,36,37
1531,5,6,14,15,16,17,24,25,26,27,34,35,36,37
1532,5,6,14,15,16,17,24,25,26,27,34,35,36,37
1533,5,6,14,15,16,17,24,25,26,27,34,35,36,37
1534,5,6,14,15,16,17,24,25,26,27,34,35,36,37
1535,5,6,14,15,16,17,24,25,26,27,34,35,36,37
1536,5,6,14,15,16,17,24,25,26,27,34,35,36,37
1537,6,14,15,16,17,24,25,26,27,34,35,36,37
1538,6,14,15,16,17,24,25,26,27,34,35,36,37
1539,6,14,15,16,17,24,25,26,27,34,35,36,37
1540,6,14,15,16,17,24,25,26,27,34,35,36,37
1541,6,14,15,16,17,24,25,26,27,34,35,36,37
1542,6,14,15,16,17,24,25,26,27,34,35,36,37
1543,6,14,15,16,17,24,25,26,27,34,35,36,37
1544,6,14,15,16,17,24,25,26,27,34,35,36,37
1545,6,14,15,16,17,24,25,26,27,34,35,36,37
1546,6,14,15,16,17,24,25,26,27,34,35,36,37
1547,6,14,15,16,17,24,25,26,27,34,35,36,37
1548,6,14,15,16,17,24,25,26,27,34,35,36,37
1549,6,14,15,16,17,24,25,26,27,34,35,36,37
1550,6,14,15,16,17,24,25,26,27,34,35,36,37
1551,6,14,15,16,17,24,25,26,27,34,35,36,37
1552,6,14,15,16,17,24,25,26,27,34,35,36,37
1553,6,14,15,16,17,24,25,26,27,34,35,36,37
1554,6,14,15,16,17,24,25,26,27,34,35,36,37
1555,5,6,14,15,16,17,24,25,26,27,34,35,36,37
1556,5,6,14,15,16,17,24,25,26,27,34,35,36,37
1557,5,6,14,15,16,17,24,25,26,27,34,35,36,37
1558,5,6,14,15,16,17,24,25,26,27,34,35,36,37
1559,5,6,14,15,16,17,24,25,26,27,34,35,36,37
1560,5,6,14,15,16,17,24,25,26,27,34,35,36,37
1561,5,6,14,15,16,17,24,25,26,27,34,35,36,37
1562,5,6,14,15,16,17,24,25,26,27,34,35,36,37
1563,5,6,14,15,16,17,24,25,26,27,34,35,36,37
1564,5,6,14,15,16,17,24,25,26,27,34,35,36,37
1565,6,14,15,16,17,24,25,26,27,34,35,36,37
1566,6,14,15,16,17,24,25,26,27,34,35,36,37
1567,5,6,14,15,16,17,24,25,26,27,34,35,36,37
1568,5,6,14,15,16,17,24,25,26,27,34,35,36,37
1569,6,14,15,16,17,24,25,26,27,34,35,36,37
1570,6,14,15,16,17,24,25,26,27,34,35,36,37
1571,6,14,15,16,17,24,25,26,27,34,35,36,37
1572,6,14,15,16,17,24,25,26,27,34,35,36,37
1573,6,14,15,16,17,24,25,26,27,34,35,36,37
1574,6,14,15,16,17,24,25,26,27,34,35,36,37
1575,6,14,15,16,17,24,25,26,27,34,35,36,37
1576,6,14,15,16,17,24,25,26,27,34,35,36,37
1577,6,14,15,16,17,24,25,26,27,34,35,36,37
1578,6,14,15,16,17,24,25,26,27,34,35,36,37
1579,6,14,15,16,17,24,25,26,27,34,35,36,37
1580,6,14,15,16,17,24,25,26,27,34,35,36,37
1581,6,14,15,16,17,24,25,26,27,34,35,36,37
1582,6,14,15,16,17,24,25,26,27,34,35,36,37
1583,6,14,15,16,17,24,25,26,27,34,35,36,37
1584,6,14,15,16,17,24,25,26,27,34,35,36,37
1585,6,14,15,16,17,24,25,26,27,34,35,36,37
1586,6,14,15,16,17,24,25,26,27,34,35,36,37
1587,6,14,15,16,17,24,25,26,27,34,35,36,37
1588,6,14,15,16,17,24,25,26,27,34,35,36,37
1589,6,14,15,16,17,24,25,26,27,34,35,36,37
1590,6,14,15,16,17,24,25,26,27,34,35,36,37
1591,6,14,15,16,17,24,25,26,27,34,35,36,37
1592,6,14,15,16,17,24,25,26,27,34,35,36,37
1593,6,14,15,16,17,24,25,26,27,34,35,36,37
1594,6,14,15,16,17,24,25,26,27,34,35,36,37
1595,6,14,15,16,17,24,25,26,27,34,35,36,37
1596,6,14,15,16,17,24,25,26,27,34,35,36,37
1597,6,14,15,16,17,24,25,26,27,34,35,36,37
1598,6,14,15,16,17,24,25,26,27,34,35,36,37
1599,6,14,15,16,17,24,25,26,27,34,35,36,37
1600,6,14,15,16,17,24,25,26,27,34,35,36,37
1601,6,14,15,16,17,24,25,26,27,34,35,36,37
1602,6,14,15,16,17,24,25,26,27,34,35,36,37
1603,6,14,15,16,17,24,25,26,27,34,35,36,37
1604,6,14,15,16,17,24,25,26,27,34,35,36,37
1605,6,14,15,16,17,24,25,26,27,34,35,36,37
1606,6,14,15,16,17,24,25,26,27,34,35,36,37
1607,6,14,15,16,17,24,25,26,27,34,35,36,37
1608,6,14,15,16,17,24,25,26,27,34,35,36,37
1609,6,14,15,16,17,24,25,26,27,34,35,36,37
1610,6,14,15,16,17,24,25,26,27,34,35,36,37
1611,6,14,15,16,17,24,25,26,27,34,35,36,37
1612,6,14,15,16,17,24,25,26,27,34,35,36,37
1613,6,14,15,16,17,24,25,26,27,34,35,36,37
1614,6,14,15,16,17,24,25,26,27,34,35,36,37
1615,6,14,15,16,17,24,25,26,27,34,35,36,37
1616,6,14,15,16,17,24,25,26,27,34,35,36,37
1617,6,14,15,16,17,24,25,26,27,34,35,36,37
1618,6,14,15,16,17,24,25,26,27,34,35,36,37
1619,6,14,15,16,17,24,25,26,27,34,35,36,37
1620,6,14,15,16,17,24,25,26,27,34,35,36,37
1621,6,14,15,16,17,24,25,26,27,34,35,36,37
1622,6,14,15,16,17,24,25,26,27,34,35,36,37
1623,6,14,15,16,17,24,25,26,27,34,35,36,37
1624,6,14,15,16,17,24,25,26,27,34,35,36,37
1625,6,14,15,16,17,24,25,26,27,34,35,36,37
1626,6,14,15,16,17,24,25,26,27,34,35,36,37
1627,6,14,15,16,17,24,25,26,27,34,35,36,37
1628,6,14,15,16,17,24,25,26,27,34,35,36,37
1629,6,14,15,16,17,24,25,26,27,34,35,36,37
1630,6,14,15,16,17,24,25,26,27,34,35,36,37
1631,6,14,15,16,17,24,25,26,27,34,35,36,37
1632,6,14,15,16,17,24,25,26,27,34,35,36,37
1633,6,14,15,16,17,24,25,26,27,34,35,36,37
1634,6,14,15,16,17,24,25,26,27,34,35,36,37
1635,6,14,15,16,17,24,25,26,27,34,35,36,37
1636,6,14,15,16,17,24,25,26,27,34,35,36,37
1637,6,14,15,16,17,24,25,26,27,34,35,36,37
1638,6,14,15,16,17,24,25,26,27,34,35,36,37
1639,5,6,14,15,16,17,24,25,26,27,34,35,36,37
1640,5,6,14,15,16,17,24,25,26,27,34,35,36,37
1641,5,6,14,15,16,17,24,25,26,27,34,35,36,37
1642,5,6,14,15,16,17,24,25,26,27,34,35,36,37
1643,5,6,14,15,16,17,24,25,26,27,34,35,36,37
1644,5,6,14,15,16,17,24,25,26,27,34,35,36,37
1645,5,6,14,15,16,17,24,25,26,27,34,35,36,37
1646,5,6,14,15,16,17,24,25,26,27,34,35,36,37
1647,5,6,14,15,16,17,24,25,26,27,34,35,36,37
1648,5,6,14,15,16,17,24,25,26,27,34,35,36,37
1649,5,6,14,15,16,17,24,25,26,27,34,35,36,37
1650,5,6,14,15,16,17,24,25,26,27,34,35,36,37
1651,6,14,15,16,17,24,25,26,27,34,35,36,37
1652,6,14,15,16,17,24,25,26,27,34,35,36,37
1653,6,14,15,16,17,24,25,26,27,34,35,36,37
1654,6,14,15,16,17,24,25,26,27,34,35,36,37
1655,6,14,15,16,17,24,25,26,27,34,35,36,37
1656,6,14,15,16,17,24,25,26,27,34,35,36,37
1657,6,14,15,16,17,24,25,26,27,34,35,36,37
1658,6,14,15,16,17,24,25,26,27,34,35,36,37
1659,6,14,15,16,17,24,25,26,27,34,35,36,37
1660,6,14,15,16,17,24,25,26,27,34,35,36,37
1661,6,14,15,16,17,24,25,26,27,34,35,36,37
1662,6,14,15,16,17,24,25,26,27,34,35,36,37
1663,6,14,15,16,17,24,25,26,27,34,35,36,37
1664,6,14,15,16,17,24,25,26,27,34,35,36,37
1665,6,14,15,16,17,24,25,26,27,34,35,36,37
1666,6,14,15,16,17,24,25,26,27,34,35,36,37
1667,6,14,15,16,17,24,25,26,27,34,35,36,37
1668,6,14,15,16,17,24,25,26,27,34,35,36,37
1669,6,14,15,16,17,24,25,26,27,34,35,36,37
1670,6,14,15,16,17,24,25,26,27,34,35,36,37
1671,6,14,15,16,17,24,25,26,27,34,35,36,37
1672,6,14,15,16,17,24,25,26,27,34,35,36,37
1673,6,14,15,16,17,24,25,26,27,34,35,36,37
1674,6,14,15,16,17,24,25,26,27,34,35,36,37
1675,6,14,15,16,17,24,25,26,27,34,35,36,37
1676,6,14,15,16,17,24,25,26,27,34,35,36,37
1677,6,14,15,16,17,24,25,26,27,34,35,36,37
1678,6,14,15,16,17,24,25,26,27,34,35,36,37
1679,6,14,15,16,17,24,25,26,27,34,35,36,37
1680,6,14,15,16,17,24,25,26,27,34,35,36,37
1681,6,14,15,16,17,24,25,26,27,34,35,36,37
1682,6,14,15,16,17,24,25,26,27,34,35,36,37
1683,6,14,15,16,17,24,25,26,27,34,35,36,37
1684,6,14,15,16,17,24,25,26,27,34,35,36,37
1685,6,14,15,16,17,24,25,26,27,34,35,36,37
1686,6,14,15,16,17,24,25,26,27,34,35,36,37
1687,6,14,15,16,17,24,25,26,27,34,35,36,37
1688,6,14,15,16,17,24,25,26,27,34,35,36,37
1689,6,14,15,16,17,24,25,26,27,34,35,36,37
1690,6,14,15,16,17,24,25,26,27,34,35,36,37
1691,6,14,15,16,17,24,25,26,27,34,35,36,37
1692,6,14,15,16,17,24,25,26,27,34,35,36,37
1693,6,14,15,16,17,24,25,26,27,34,35,36,37
1694,6,14,15,16,17,24,25,26,27,34,35,36,37
1695,6,14,15,16,17,24,25,26,27,34,35,36,37
1696,6,14,15,16,17,24,25,26,27,34,35,36,37
1697,6,14,15,16,17,24,25,26,27,34,35,36,37
1698,6,14,15,16,17,24,25,26,27,34,35,36,37
1699,6,14,15,16,17,24,25,26,27,34,35,36,37
1700,6,14,15,16,17,24,25,26,27,34,35,36,37
1701,6,14,15,16,17,24,25,26,27,34,35,36,37
1702,6,14,15,16,17,24,25,26,27,34,35,36,37
1703,6,14,15,16,17,24,25,26,27,34,35,36,37
1704,6,14,15,16,17,24,25,26,27,34,35,36,37
1705,6,14,15,16,17,24,25,26,27,34,35,36,37
1706,6,14,15,16,17,24,25,26,27,34,35,36,37
1707,6,14,15,16,17,24,25,26,27,34,35,36,37
1708,6,14,15,16,17,24,25,26,27,34,35,36,37
1709,6,14,15,16,17,24,25,26,27,34,35,36,37
1710,6,14,15,16,17,24,25,26,27,34,35,36,37
1711,6,14,15,16,17,24,25,26,27,34,35,36,37
1712,6,14,15,16,17,24,25,26,27,34,35,36,37
1713,6,14,15,16,17,24,25,26,27,34,35,36,37
1714,6,14,15,16,17,24,25,26,27,34,35,36,37
1715,6,14,15,16,17,24,25,26,27,34,35,36,37
1716,6,14,15,16,17,24,25,26,27,34,35,36,37
1717,6,14,15,16,17,24,25,26,27,34,35,36,37
1718,6,14,15,16,17,24,25,26,27,34,35,36,37
1719,6,14,15,16,17,24,25,26,27,34,35,36,37
1720,6,14,15,16,17,24,25,26,27,34,35,36,37
1721,6,14,15,16,17,24,25,26,27,34,35,36,37
1722,6,14,15,16,17,24,25,26,27,34,35,36,37
1723,6,14,15,16,17,24,25,26,27,34,35,36,37
1724,6,14,15,16,17,24,25,26,27,34,35,36,37
1725,6,14,15,16,17,24,25,26,27,34,35,36,37
1726,6,14,15,16,17,24,25,26,27,34,35,36,37
1727,6,14,15,16,17,24,25,26,27,34,35,36,37
1728,6,14,15,16,17,24,25,26,27,34,35,36,37
1729,6,14,15,16,17,24,25,26,27,34,35,36,37
1730,6,14,15,16,17,24,25,26,27,34,35,36,37
1731,6,14,15,16,17,24,25,26,27,34,35,36,37
1732,6,14,15,16,17,24,25,26,27,34,35,36,37
1733,5,6,14,15,16,17,24,25,26,27,34,35,36,37
1734,5,6,14,15,16,17,24,25,26,27,34,35,36,37
1735,5,6,14,15,16,17,24,25,26,27,34,35,36,37
1736,5,6,14,15,16,17,24,25,26,27,34,35,36,37
1737,5,6,14,15,16,17,24,25,26,27,34,35,36,37
1738,5,6,14,15,16,17,24,25,26,27,34,35,36,37
1739,5,6,14,15,16,17,24,25,26,27,34,35,36,37
1740,5,6,14,15,16,17,24,25,26,27,34,35,36,37
1741,5,6,14,15,16,17,24,25,26,27,34,35,36,37
1742,5,6,14,15,16,17,24,25,26,27,34,35,36,37
1743,5,6,14,15,16,17,24,25,26,27,34,35,36,37
1744,5,6,14,15,16,17,24,25,26,27,34,35,36,37
1745,5,6,14,15,16,17,24,25,26,27,34,35,36,37
1746,5,6,14,15,16,17,24,25,26,27,34,35,36,37
1747,5,6,14,15,16,17,24,25,26,27,34,35,36,37
1748,5,6,14,15,16,17,24,25,26,27,34,35,36,37
1749,5,6,14,15,16,17,24,25,26,27,34,35,36,37
1750,5,6,14,15,16,17,24,25,26,27,34,35,36,37
1751,5,6,14,15,16,17,24,25,26,27,34,35,36,37
1752,5,6,14,15,16,17,24,25,26,27,34,35,36,37
1753,5,6,14,15,16,17,24,25,26,27,34,35,36,37
1754,5,6,14,15,16,17,24,25,26,27,34,35,36,37
1755,5,6,14,15,16,17,24,25,26,27,34,35,36,37
1756,5,6,14,15,16,17,24,25,26,27,34,35,36,37
1757,5,6,14,15,16,17,24,25,26,27,34,35,36,37
1758,5,6,14,15,16,17,24,25,26,27,34,35,36,37
1759,5,6,14,15,16,17,24,25,26,27,34,35,36,37
1760,5,6,14,15,16,17,24,25,26,27,34,35,36,37
1761,5,6,14,15,16,17,24,25,26,27,34,35,36,37
1762,5,6,14,15,16,17,24,25,26,27,34,35,36,37
1763,5,6,14,15,16,17,24,25,26,27,34,35,36,37
1764,5,6,14,15,16,17,24,25,26,27,34,35,36,37
1765,5,6,14,15,16,17,24,25,26,27,34,35,36,37
1766,5,6,14,15,16,17,24,25,26,27,34,35,36,37
1767,5,6,14,15,16,17,24,25,26,27,34,35,36,37
1768,5,6,14,15,16,17,24,25,26,27,34,35,36,37
1769,14,15,16,17,24,25,26,27,34,35,36,37
1770,14,15,16,17,24,25,26,27,34,35,36,37
1771,14,15,16,17,24,25,26,27,34,35,36,37
1772,14,15,16,17,24,25,26,27,34,35,36,37
1773,14,15,16,17,24,25,26,27,34,35,36,37
1774,14,15,16,17,24,25,26,27,34,35,36,37
1775,14,15,16,24,25,26,27,34,35,36
1776,14,15,16,24,25,26,27,34,35,36
1777,14,15,16,24,25,26,27,34,35,36
1778,14,15,16,24,25,26,27,34,35,36
1779,5,14,15,16,24,25,26,27,34,35,36
1780,5,14,15,16,24,25,26,27,34,35,36
1781,5,6,14,15,16,24,25,26,27,34,35,36
1782,5,6,14,15,16,24,25,26,27,34,35,36
1783,5,6,14,15,16,24,25,26,27,34,35,36
1784,5,6,14,15,16,24,25,26,27,34,35,36
1785,5,6,14,15,16,24,25,26,27,34,35,36
1786,5,6,14,15,16,24,25,26,27,34,35,36
1787,5,14,15,16,24,25,26,34,35,36
1788,5,14,15,16,24,25,26,34,35,36
1789,5,14,15,16,24,25,26,34,35,36
1790,5,14,15,16,24,25,26,34,35,36
1791,5,14,15,16,24,25,26,34,35,36
1792,5,14,15,16,24,25,26,34,35,36
1793,5,6,14,15,16,24,25,26,27,34,35,36
1794,5,6,14,15,16,24,25,26,27,34,35,36
1795,5,6,14,15,16,24,25,26,27,34,35,36
1796,5,6,14,15,16,24,25,26,27,34,35,36
1797,5,6,14,15,16,24,25,26,27,34,35,36
1798,5,6,14,15,16,24,25,26,27,34,35,36
1799,5,6,14,15,16,17,24,25,26,27,34,35,36
1800,5,6,14,15,16,17,24,25,26,27,34,35,36
