1,6,14,15,16,17,24,25,26,27,34,35,36,37
2,6,14,15,16,17,24,25,26,27,34,35,36,37
3,6,14,15,16,17,24,25,26,27,34,35,36,37
4,6,14,15,16,17,24,25,26,27,34,35,36,37
5,6,14,15,16,17,24,25,26,27,34,35,36,37
6,6,14,15,16,17,24,25,26,27,34,35,36,37
7,6,14,15,16,17,24,25,26,27,34,35,36,37
8,6,14,15,16,17,24,25,26,27,34,35,36,37
9,6,14,15,16,17,24,25,26,27,34,35,36,37
10,6,14,15,16,17,24,25,26,27,34,35,36,37
11,6,14,15,16,17,24,25,26,27,34,35,36,37
12,6,14,15,16,17,24,25,26,27,34,35,36,37
13,6,14,15,16,17,24,25,26,27,34,35,36,37
14,6,14,15,16,17,24,25,26,27,34,35,36,37
15,6,14,15,16,17,24,25,26,27,34,35,36,37
16,6,14,15,16,17,24,25,26,27,34,35,36,37
17,6,14,15,16,17,24,25,26,27,34,35,36,37
18,6,14,15,16,17,24,25,26,27,34,35,36,37
19,6,14,15,16,17,24,25,26,27,34,35,36,37
20,6,14,15,16,17,24,25,26,27,34,35,36,37
21,6,14,15,16,17,24,25,26,27,34,35,36,37
22,6,14,15,16,17,24,25,26,27,34,35,36,37
23,6,14,15,16,17,24,25,26,27,34,35,36,37
24,6,14,15,16,17,24,25,26,27,34,35,36,37
25,6,14,15,16,17,24,25,26,27,34,35,36,37
26,6,14,15,16,17,24,25,26,27,34,35,36,37
27,6,14,15,16,17,24,25,26,27,34,35,36,37
28,6,14,15,16,17,24,25,26,27,34,35,36,37
29,5,6,14,15,16,17,24,25,26,27,34,35,36,37
30,5,6,14,15,16,17,24,25,26,27,34,35,36,37
31,5,6,14,15,16,17,24,25,26,27,34,35,36,37
32,5,6,14,15,16,17,24,25,26,27,34,35,36,37
33,5,6,14,15,16,17,24,25,26,27,34,35,36,37
34,5,6,14,15,16,17,24,25,26,27,34,35,36,37
35,5,6,14,15,16,17,24,25,26,27,34,35,36,37
36,5,6,14,15,16,17,24,25,26,27,34,35,36,37
37,5,6,14,15,16,17,24,25,26,27,34,35,36,37
38,5,6,14,15,16,17,24,25,26,27,34,35,36,37
39,5,6,14,15,16,17,24,25,26,27,34,35,36,37
40,5,6,14,15,16,17,24,25,26,27,34,35,36,37
41,5,6,14,15,16,17,24,25,26,27,34,35,36,37
42,5,6,14,15,16,17,24,25,26,27,34,35,36,37
43,5,6,14,15,16,17,24,25,26,27,34,35,36,37
44,5,6,14,15,16,17,24,25,26,27,34,35,36,37
45,6,14,15,16,17,24,25,26,27,34,35,36,37
46,6,14,15,16,17,24,25,26,27,34,35,36,37
47,6,14,15,16,17,24,25,26,27,35,36,37
48,6,14,15,16,17,24,25,26,27,35,36,37
49,6,14,15,16,17,24,25,26,27,35,36,37
50,6,14,15,16,17,24,25,26,27,35,36,37
51,6,14,15,16,17,24,25,26,27,35,36,37
52,6,14,15,16,17,24,25,26,27,35,36,37
53,6,15,16,17,24,25,26,27,35,36,37
54,6,15,16,17,24,25,26,27,35,36,37
55,6,7,15,16,17,24,25,26,27,35,36,37
56,6,7,15,16,17,24,25,26,27,35,36,37
57,6,7,15,16,17,25,26,27,35,36,37
58,6,7,15,16,17,25,26,27,35,36,37
59,6,7,15,16,17,25,26,27,35,36,37
60,6,7,15,16,17,25,26,27,35,36,37
61,6,7,15,16,17,25,26,27,35,36,37
62,6,7,15,16,17,25,26,27,35,36,37
63,6,7,15,16,17,25,26,27,35,36,37
64,6,7,15,16,17,25,26,27,35,36,37
65,6,7,15,16,17,25,26,27,35,36,37
66,6,7,15,16,17,25,26,27,35,36,37
67,6,7,15,16,17,25,26,27,35,36,37
68,6,7,15,16,17,25,26,27,35,36,37
69,6,7,15,16,17,25,26,27,35,36,37
70,6,7,15,16,17,25,26,27,35,36,37
71,6,7,15,16,17,25,26,27,35,36,37
72,6,7,15,16,17,25,26,27,35,36,37
73,6,7,15,16,17,24,25,26,27,35,36,37
74,6,7,15,16,17,24,25,26,27,35,36,37
75,6,7,14,15,16,17,24,25,26,27,35,36,37
76,6,7,14,15,16,17,24,25,26,27,35,36,37
77,6,14,15,16,17,24,25,26,27,35,36,37
78,6,14,15,16,17,24,25,26,27,35,36,37
79,6,14,15,16,17,24,25,26,27,35,36,37
80,6,14,15,16,17,24,25,26,27,35,36,37
81,6,14,15,16,17,24,25,26,27,35,36,37
82,6,14,15,16,17,24,25,26,27,35,36,37
83,6,14,15,16,17,24,25,26,27,35,36,37
84,6,14,15,16,17,24,25,26,27,35,36,37
85,6,14,15,16,17,24,25,26,27,34,35,36,37
86,6,14,15,16,17,24,25,26,27,34,35,36,37
87,6,14,15,16,17,24,25,26,27,34,35,36,37
88,6,14,15,16,17,24,25,26,27,34,35,36,37
89,5,6,14,15,16,17,24,25,26,27,34,35,36,37
90,5,6,14,15,16,17,24,25,26,27,34,35,36,37
91,5,6,14,15,16,17,24,25,26,27,34,35,36,37
92,5,6,14,15,16,17,24,25,26,27,34,35,36,37
93,5,6,14,15,16,17,24,25,26,27,34,35,36,37
94,5,6,14,15,16,17,24,25,26,27,34,35,36,37
95,5,6,14,15,16,17,24,25,26,27,34,35,36,37
96,5,6,14,15,16,17,24,25,26,27,34,35,36,37
97,5,6,14,15,16,17,24,25,26,27,34,35,36,37
98,5,6,14,15,16,17,24,25,26,27,34,35,36,37
99,5,6,14,15,16,17,24,25,26,27,34,35,36,37
100,5,6,14,15,16,17,24,25,26,27,34,35,36,37
101,5,6,14,15,16,17,24,25,26,27,34,35,36,37
102,5,6,14,15,16,17,24,25,26,27,34,35,36,37
103,5,6,14,15,16,17,24,25,26,27,34,35,36
104,5,6,14,15,16,17,24,25,26,27,34,35,36
105,5,6,14,15,16,17,24,25,26,27,34,35,36
106,5,6,14,15,16,17,24,25,26,27,34,35,36
107,5,6,14,15,16,17,24,25,26,27,34,35,36
108,5,6,14,15,16,17,24,25,26,27,34,35,36
109,5,6,14,15,16,17,24,25,26,27,34,35,36
110,5,6,14,15,16,17,24,25,26,27,34,35,36
111,5,6,14,15,16,17,24,25,26,27,34,35,36
112,5,6,14,15,16,17,24,25,26,27,34,35,36
113,5,6,14,15,16,17,24,25,26,27,34,35,36
114,5,6,14,15,16,17,24,25,26,27,34,35,36
115,5,6,14,15,16,17,24,25,26,27,34,35,36,37
116,5,6,14,15,16,17,24,25,26,27,34,35,36,37
117,5,6,14,15,16,17,24,25,26,27,34,35,36,37
118,5,6,14,15,16,17,24,25,26,27,34,35,36,37
119,5,6,14,15,16,17,24,25,26,27,34,35,36,37
120,5,6,14,15,16,17,24,25,26,27,34,35,36,37
121,5,6,14,15,16,17,24,25,26,27,34,35,36,37
122,5,6,14,15,16,17,24,25,26,27,34,35,36,37
123,5,6,14,15,16,17,24,25,26,27,34,35,36,37
124,5,6,14,15,16,17,24,25,26,27,34,35,36,37
125,6,14,15,16,17,24,25,26,27,34,35,36,37
126,6,14,15,16,17,24,25,26,27,34,35,36,37
127,6,14,15,16,17,24,25,26,27,34,35,36,37
128,6,14,15,16,17,24,25,26,27,34,35,36,37
129,6,14,15,16,17,24,25,26,27,35,36,37
130,6,14,15,16,17,24,25,26,27,35,36,37
131,6,14,15,16,17,24,25,26,27,35,36,37
132,6,14,15,16,17,24,25,26,27,35,36,37
133,6,14,15,16,17,24,25,26,27,35,36,37
134,6,14,15,16,17,24,25,26,27,35,36,37
135,6,14,15,16,17,24,25,26,27,34,35,36,37
136,6,14,15,16,17,24,25,26,27,34,35,36,37
137,5,6,14,15,16,17,24,25,26,27,34,35,36,37
138,5,6,14,15,16,17,24,25,26,27,34,35,36,37
139,5,6,14,15,16,17,24,25,26,27,34,35,36,37
140,5,6,14,15,16,17,24,25,26,27,34,35,36,37
141,5,6,14,15,16,17,24,25,26,27,34,35,36,37
142,5,6,14,15,16,17,24,25,26,27,34,35,36,37
143,5,6,14,15,16,17,24,25,26,27,34,35,36
144,5,6,14,15,16,17,24,25,26,27,34,35,36
145,5,6,14,15,16,17,24,25,26,27,34,35,36
146,5,6,14,15,16,17,24,25,26,27,34,35,36
147,5,6,14,15,16,17,24,25,26,27,34,35,36
148,5,6,14,15,16,17,24,25,26,27,34,35,36
149,5,6,14,15,16,17,24,25,26,27,34,35,36
150,5,6,14,15,16,17,24,25,26,27,34,35,36
151,5,6,14,15,16,17,24,25,26,27,34,35,36
152,5,6,14,15,16,17,24,25,26,27,34,35,36
153,5,6,14,15,16,17,24,25,26,27,34,35,36
154,5,6,14,15,16,17,24,25,26,27,34,35,36
155,5,6,14,15,16,17,24,25,26,27,34,35,36,37
156,5,6,14,15,16,17,24,25,26,27,34,35,36,37
157,5,6,14,15,16,17,24,25,26,27,34,35,36,37
158,5,6,14,15,16,17,24,25,26,27,34,35,36,37
159,5,6,14,15,16,17,24,25,26,27,34,35,36,37
160,5,6,14,15,16,17,24,25,26,27,34,35,36,37
161,6,14,15,16,17,24,25,26,27,34,35,36,37
162,6,14,15,16,17,24,25,26,27,34,35,36,37
163,6,14,15,16,17,24,25,26,27,35,36,37
164,6,14,15,16,17,24,25,26,27,35,36,37
165,6,14,15,16,17,24,25,26,27,35,36,37
166,6,14,15,16,17,24,25,26,27,35,36,37
167,6,14,15,16,17,24,25,26,27,35,36,37
168,6,14,15,16,17,24,25,26,27,35,36,37
169,6,14,15,16,17,24,25,26,27,35,36,37
170,6,14,15,16,17,24,25,26,27,35,36,37
171,6,15,16,17,24,25,26,27,35,36,37
172,6,15,16,17,24,25,26,27,35,36,37
173,6,15,16,17,24,25,26,27,35,36,37
174,6,15,16,17,24,25,26,27,35,36,37
175,6,14,15,16,17,24,25,26,27,35,36,37
176,6,14,15,16,17,24,25,26,27,35,36,37
177,6,14,15,16,17,24,25,26,27,35,36,37
178,6,14,15,16,17,24,25,26,27,35,36,37
179,6,14,15,16,17,24,25,26,27,35,36,37
180,6,14,15,16,17,24,25,26,27,35,36,37
181,6,14,15,16,17,24,25,26,27,35,36,37
182,6,14,15,16,17,24,25,26,27,35,36,37
183,6,14,15,16,17,24,25,26,27,34,35,36,37
184,6,14,15,16,17,24,25,26,27,34,35,36,37
185,6,14,15,16,17,24,25,26,27,34,35,36,37
186,6,14,15,16,17,24,25,26,27,34,35,36,37
187,6,14,15,16,17,24,25,26,27,34,35,36,37
188,6,14,15,16,17,24,25,26,27,34,35,36,37
189,5,6,14,15,16,17,24,25,26,27,34,35,36,37
190,5,6,14,15,16,17,24,25,26,27,34,35,36,37
191,5,6,14,15,16,17,24,25,26,27,34,35,36,37
192,5,6,14,15,16,17,24,25,26,27,34,35,36,37
193,5,6,14,15,16,17,24,25,26,27,34,35,36,37
194,5,6,14,15,16,17,24,25,26,27,34,35,36,37
195,5,6,14,15,16,17,24,25,26,27,34,35,36,37
196,5,6,14,15,16,17,24,25,26,27,34,35,36,37
197,5,6,14,15,16,17,24,25,26,27,34,35,36,37
198,5,6,14,15,16,17,24,25,26,27,34,35,36,37
199,5,6,14,15,16,17,24,25,26,27,34,35,36,37
200,5,6,14,15,16,17,24,25,26,27,34,35,36,37
201,5,6,14,15,16,17,24,25,26,27,34,35,36
202,5,6,14,15,16,17,24,25,26,27,34,35,36
203,5,6,14,15,16,17,24,25,26,27,34,35,36
204,5,6,14,15,16,17,24,25,26,27,34,35,36
205,5,6,14,15,16,17,24,25,26,27,34,35,36,37
206,5,6,14,15,16,17,24,25,26,27,34,35,36,37
207,5,6,14,15,16,17,24,25,26,27,34,35,36,37
208,5,6,14,15,16,17,24,25,26,27,34,35,36,37
209,5,6,14,15,16,17,24,25,26,27,34,35,36,37
210,5,6,14,15,16,17,24,25,26,27,34,35,36,37
211,5,6,14,15,16,17,24,25,26,27,34,35,36,37
212,5,6,14,15,16,17,24,25,26,27,34,35,36,37
213,5,6,14,15,16,17,24,25,26,27,34,35,36,37
214,5,6,14,15,16,17,24,25,26,27,34,35,36,37
215,5,6,14,15,16,17,24,25,26,27,34,35,36,37
216,5,6,14,15,16,17,24,25,26,27,34,35,36,37
217,5,6,14,15,16,17,24,25,26,27,34,35,36,37
218,5,6,14,15,16,17,24,25,26,27,34,35,36,37
219,5,6,14,15,16,17,24,25,26,27,34,35,36,37
220,5,6,14,15,16,17,24,25,26,27,34,35,36,37
221,5,6,14,15,16,17,24,25,26,27,34,35,36,37
222,5,6,14,15,16,17,24,25,26,27,34,35,36,37
223,5,6,14,15,16,17,24,25,26,27,34,35,36,37
224,5,6,14,15,16,17,24,25,26,27,34,35,36,37
225,5,6,14,15,16,17,24,25,26,27,34,35,36,37
226,5,6,14,15,16,17,24,25,26,27,34,35,36,37
227,5,6,14,15,16,17,24,25,26,27,35,36,37
228,5,6,14,15,16,17,24,25,26,27,35,36,37
229,5,6,14,15,16,17,24,25,26,27,34,35,36,37
230,5,6,14,15,16,17,24,25,26,27,34,35,36,37
231,5,6,14,15,16,17,24,25,26,27,34,35,36,37
232,5,6,14,15,16,17,24,25,26,27,34,35,36,37
233,5,6,14,15,16,17,24,25,26,27,34,35,36,37
234,5,6,14,15,16,17,24,25,26,27,34,35,36,37
235,5,6,14,15,16,17,24,25,26,27,34,35,36,37
236,5,6,14,15,16,17,24,25,26,27,34,35,36,37
237,5,6,14,15,16,17,24,25,26,27,34,35,36,37
238,5,6,14,15,16,17,24,25,26,27,34,35,36,37
239,5,6,14,15,16,17,24,25,26,27,34,35,36,37
240,5,6,14,15,16,17,24,25,26,27,34,35,36,37
241,5,6,14,15,16,17,24,25,26,27,34,35,36,37
242,5,6,14,15,16,17,24,25,26,27,34,35,36,37
243,5,6,14,15,16,17,24,25,26,27,34,35,36,37
244,5,6,14,15,16,17,24,25,26,27,34,35,36,37
245,5,6,14,15,16,17,24,25,26,27,34,35,36,37
246,5,6,14,15,16,17,24,25,26,27,34,35,36,37
247,5,6,14,15,16,17,24,25,26,27,34,35,36,37
248,5,6,14,15,16,17,24,25,26,27,34,35,36,37
249,5,6,14,15,16,17,24,25,26,27,34,35,36,37
250,5,6,14,15,16,17,24,25,26,27,34,35,36,37
251,5,6,14,15,16,17,24,25,26,27,34,35,36,37
252,5,6,14,15,16,17,24,25,26,27,34,35,36,37
253,5,6,14,15,16,17,24,25,26,27,34,35,36,37
254,5,6,14,15,16,17,24,25,26,27,34,35,36,37
255,5,6,14,15,16,17,24,25,26,27,34,35,36,37
256,5,6,14,15,16,17,24,25,26,27,34,35,36,37
257,5,6,14,15,16,17,24,25,26,27,34,35,36,37
258,5,6,14,15,16,17,24,25,26,27,34,35,36,37
259,5,6,14,15,16,17,24,25,26,27,34,35,36,37
260,5,6,14,15,16,17,24,25,26,27,34,35,36,37
261,5,6,14,15,16,17,24,25,26,27,34,35,36,37
262,5,6,14,15,16,17,24,25,26,27,34,35,36,37
263,5,6,14,15,16,17,24,25,26,27,34,35,36,37
264,5,6,14,15,16,17,24,25,26,27,34,35,36,37
265,5,6,14,15,16,17,24,25,26,27,34,35,36,37
266,5,6,14,15,16,17,24,25,26,27,34,35,36,37
267,5,6,14,15,16,17,24,25,26,27,34,35,36,37
268,5,6,14,15,16,17,24,25,26,27,34,35,36,37
269,5,6,14,15,16,17,24,25,26,27,34,35,36,37
270,5,6,14,15,16,17,24,25,26,27,34,35,36,37
271,5,6,14,15,16,17,24,25,26,27,34,35,36,37
272,5,6,14,15,16,17,24,25,26,27,34,35,36,37
273,5,6,14,15,16,17,24,25,26,27,34,35,36,37
274,5,6,14,15,16,17,24,25,26,27,34,35,36,37
275,5,6,14,15,16,17,24,25,26,27,34,35,36,37
276,5,6,14,15,16,17,24,25,26,27,34,35,36,37
277,5,6,14,15,16,17,24,25,26,27,34,35,36,37
278,5,6,14,15,16,17,24,25,26,27,34,35,36,37
279,5,6,14,15,16,17,24,25,26,27,34,35,36,37
280,5,6,14,15,16,17,24,25,26,27,34,35,36,37
281,5,6,14,15,16,17,24,25,26,27,34,35,36,37
282,5,6,14,15,16,17,24,25,26,27,34,35,36,37
283,5,6,14,15,16,17,24,25,26,27,34,35,36,37
284,5,6,14,15,16,17,24,25,26,27,34,35,36,37
285,5,6,14,15,16,17,24,25,26,27,34,35,36,37
286,5,6,14,15,16,17,24,25,26,27,34,35,36,37
287,5,6,14,15,16,17,24,25,26,27,34,35,36,37
288,5,6,14,15,16,17,24,25,26,27,34,35,36,37
289,5,6,14,15,16,17,24,25,26,27,34,35,36,37
290,5,6,14,15,16,17,24,25,26,27,34,35,36,37
291,5,6,14,15,16,17,24,25,26,27,34,35,36,37
292,5,6,14,15,16,17,24,25,26,27,34,35,36,37
293,5,6,14,15,16,17,24,25,26,27,34,35,36,37
294,5,6,14,15,16,17,24,25,26,27,34,35,36,37
295,5,6,14,15,16,17,24,25,26,27,34,35,36,37
296,5,6,14,15,16,17,24,25,26,27,34,35,36,37
297,5,6,14,15,16,17,24,25,26,27,34,35,36,37
298,5,6,14,15,16,17,24,25,26,27,34,35,36,37
299,5,6,14,15,16,17,24,25,26,27,34,35,36,37
300,5,6,14,15,16,17,24,25,26,27,34,35,36,37
301,5,6,14,15,16,17,24,25,26,27,34,35,36,37
302,5,6,14,15,16,17,24,25,26,27,34,35,36,37
303,5,6,14,15,16,17,24,25,26,27,34,35,36,37
304,5,6,14,15,16,17,24,25,26,27,34,35,36,37
305,5,6,14,15,16,17,24,25,26,27,34,35,36,37
306,5,6,14,15,16,17,24,25,26,27,34,35,36,37
307,5,6,14,15,16,17,24,25,26,27,34,35,36,37
308,5,6,14,15,16,17,24,25,26,27,34,35,36,37
309,5,6,14,15,16,17,24,25,26,27,34,35,36,37
310,5,6,14,15,16,17,24,25,26,27,34,35,36,37
311,5,6,14,15,16,17,24,25,26,27,34,35,36,37
312,5,6,14,15,16,17,24,25,26,27,34,35,36,37
313,6,14,15,16,17,24,25,26,27,34,35,36,37
314,6,14,15,16,17,24,25,26,27,34,35,36,37
315,6,14,15,16,17,24,25,26,27,35,36,37
316,6,14,15,16,17,24,25,26,27,35,36,37
317,6,14,15,16,17,24,25,26,27,35,36,37
318,6,14,15,16,17,24,25,26,27,35,36,37
319,6,7,14,15,16,17,24,25,26,27,35,36,37
320,6,7,14,15,16,17,24,25,26,27,35,36,37
321,6,7,14,15,16,17,24,25,26,27,35,36,37
322,6,7,14,15,16,17,24,25,26,27,35,36,37
323,6,7,15,16,17,25,26,27,35,36,37
324,6,7,15,16,17,25,26,27,35,36,37
325,6,7,15,16,17,25,26,27,35,36,37
326,6,7,15,16,17,25,26,27,35,36,37
327,6,7,15,16,17,25,26,27,35,36,37
328,6,7,15,16,17,25,26,27,35,36,37
329,6,7,15,16,17,25,26,27,35,36,37
330,6,7,15,16,17,25,26,27,35,36,37
331,6,7,15,16,17,24,25,26,27,35,36,37
332,6,7,15,16,17,24,25,26,27,35,36,37
333,6,7,14,15,16,17,24,25,26,27,35,36,37
334,6,7,14,15,16,17,24,25,26,27,35,36,37
335,6,14,15,16,17,24,25,26,27,35,36,37
336,6,14,15,16,17,24,25,26,27,35,36,37
337,6,14,15,16,17,24,25,26,27,35,36,37
338,6,14,15,16,17,24,25,26,27,35,36,37
339,5,6,14,15,16,17,24,25,26,27,35,36,37
340,5,6,14,15,16,17,24,25,26,27,35,36,37
341,5,6,14,15,16,17,24,25,26,27,34,35,36,37
342,5,6,14,15,16,17,24,25,26,27,34,35,36,37
343,5,6,14,15,16,17,24,25,26,27,34,35,36,37
344,5,6,14,15,16,17,24,25,26,27,34,35,36,37
345,5,6,14,15,16,17,24,25,26,27,34,35,36,37
346,5,6,14,15,16,17,24,25,26,27,34,35,36,37
347,5,6,14,15,16,17,24,25,26,27,34,35,36,37
348,5,6,14,15,16,17,24,25,26,27,34,35,36,37
349,5,6,14,15,16,17,24,25,26,27,34,35,36,37
350,5,6,14,15,16,17,24,25,26,27,34,35,36,37
351,5,6,14,15,16,17,24,25,26,27,34,35,36
352,5,6,14,15,16,17,24,25,26,27,34,35,36
353,5,6,14,15,16,17,24,25,26,27,34,35,36
354,5,6,14,15,16,17,24,25,26,27,34,35,36
355,5,6,14,15,16,17,24,25,26,27,34,35,36
356,5,6,14,15,16,17,24,25,26,27,34,35,36
357,5,6,14,15,16,17,24,25,26,27,34,35,36
358,5,6,14,15,16,17,24,25,26,27,34,35,36
359,5,6,14,15,16,17,24,25,26,27,34,35,36
360,5,6,14,15,16,17,24,25,26,27,34,35,36
361,5,6,14,15,16,24,25,26,34,35,36
362,5,6,14,15,16,24,25,26,34,35,36
363,5,6,14,15,16,24,25,26,34,35,36
364,5,6,14,15,16,24,25,26,34,35,36
365,5,6,14,15,16,24,25,26,34,35,36
366,5,6,14,15,16,24,25,26,34,35,36
367,4,5,6,14,15,16,24,25,26,34,35,36
368,4,5,6,14,15,16,24,25,26,34,35,36
369,4,5,6,14,15,16,24,25,26,34,35,36
370,4,5,6,14,15,16,24,25,26,34,35,36
371,4,5,6,14,15,16,24,25,26,34,35,36
372,4,5,6,14,15,16,24,25,26,34,35,36
373,4,5,6,14,15,16,24,25,26,34,35,36
374,4,5,6,14,15,16,24,25,26,34,35,36
375,4,5,6,14,15,16,17,24,25,26,27,34,35,36
376,4,5,6,14,15,16,17,24,25,26,27,34,35,36
377,4,5,6,14,15,16,17,24,25,26,27,34,35,36
378,4,5,6,14,15,16,17,24,25,26,27,34,35,36
379,4,5,6,14,15,16,17,24,25,26,27,34,35,36
380,4,5,6,14,15,16,17,24,25,26,27,34,35,36
381,4,5,6,14,15,16,17,24,25,26,27,34,35,36
382,4,5,6,14,15,16,17,24,25,26,27,34,35,36
383,4,5,6,14,15,16,17,24,25,26,27,34,35,36
384,4,5,6,14,15,16,17,24,25,26,27,34,35,36
385,4,5,6,14,15,16,17,24,25,26,27,34,35,36
386,4,5,6,14,15,16,17,24,25,26,27,34,35,36
387,4,5,6,14,15,16,17,24,25,26,27,34,35,36
388,4,5,6,14,15,16,17,24,25,26,27,34,35,36
389,4,5,6,14,15,16,17,24,25,26,27,34,35,36
390,4,5,6,14,15,16,17,24,25,26,27,34,35,36
391,4,5,6,14,15,16,17,24,25,26,27,34,35,36
392,4,5,6,14,15,16,17,24,25,26,27,34,35,36
393,4,5,6,14,15,16,17,24,25,26,27,34,35,36
394,4,5,6,14,15,16,17,24,25,26,27,34,35,36
395,4,5,6,14,15,16,17,24,25,26,27,34,35,36
396,4,5,6,14,15,16,17,24,25,26,27,34,35,36
397,4,5,6,14,15,16,17,24,25,26,27,34,35,36
398,4,5,6,14,15,16,17,24,25,26,27,34,35,36
399,4,5,6,14,15,16,17,24,25,26,27,34,35,36
400,4,5,6,14,15,16,17,24,25,26,27,34,35,36
401,4,5,6,14,15,16,17,24,25,26,27,34,35,36
402,4,5,6,14,15,16,17,24,25,26,27,34,35,36
403,4,5,6,14,15,16,17,24,25,26,27,34,35,36
404,4,5,6,14,15,16,17,24,25,26,27,34,35,36
405,4,5,6,14,15,16,24,25,26,34,35,36
406,4,5,6,14,15,16,24,25,26,34,35,36
407,4,5,6,14,15,16,24,25,26,34,35,36
408,4,5,6,14,15,16,24,25,26,34,35,36
409,4,5,6,14,15,16,24,25,26,34,35,36
410,4,5,6,14,15,16,24,25,26,34,35,36
411,4,5,6,13,14,15,16,23,24,25,26,34,35,36
412,4,5,6,13,14,15,16,23,24,25,26,34,35,36
413,4,5,6,13,14,15,16,23,24,25,26,34,35,36
414,4,5,6,13,14,15,16,23,24,25,26,34,35,36
415,4,5,6,13,14,15,16,23,24,25,26,34,35,36
416,4,5,6,13,14,15,16,23,24,25,26,34,35,36
417,4,5,6,13,14,15,16,23,24,25,26,34,35,36
418,4,5,6,13,14,15,16,23,24,25,26,34,35,36
419,4,5,6,13,14,15,16,23,24,25,26,34,35,36
420,4,5,6,13,14,15,16,23,24,25,26,34,35,36
421,4,5,6,13,14,15,16,23,24,25,26,34,35,36
422,4,5,6,13,14,15,16,23,24,25,26,34,35,36
423,4,5,6,13,14,15,16,23,24,25,26,34,35,36
424,4,5,6,13,14,15,16,23,24,25,26,34,35,36
425,4,5,6,13,14,15,16,23,24,25,26,34,35,36
426,4,5,6,13,14,15,16,23,24,25,26,34,35,36
427,4,5,13,14,15,16,23,24,25,26,34,35,36
428,4,5,13,14,15,16,23,24,25,26,34,35,36
429,4,5,13,14,15,16,23,24,25,26,34,35,36
430,4,5,13,14,15,16,23,24,25,26,34,35,36
431,4,5,13,14,15,16,23,24,25,26,33,34,35,36
432,4,5,13,14,15,16,23,24,25,26,33,34,35,36
433,4,5,13,14,15,16,23,24,25,26,33,34,35,36
434,4,5,13,14,15,16,23,24,25,26,33,34,35,36
435,4,5,13,14,15,16,23,24,25,26,33,34,35,36
436,4,5,13,14,15,16,23,24,25,26,33,34,35,36
437,4,5,13,14,15,16,23,24,25,26,33,34,35
438,4,5,13,14,15,16,23,24,25,26,33,34,35
439,4,5,13,14,15,16,23,24,25,26,33,34,35
440,4,5,13,14,15,16,23,24,25,26,33,34,35
441,4,5,13,14,15,16,23,24,25,26,33,34,35
442,4,5,13,14,15,16,23,24,25,26,33,34,35
443,4,5,13,14,15,16,23,24,25,26,33,34,35,36
444,4,5,13,14,15,16,23,24,25,26,33,34,35,36
445,4,5,6,13,14,15,16,23,24,25,26,34,35,36
446,4,5,6,13,14,15,16,23,24,25,26,34,35,36
447,4,5,6,13,14,15,16,23,24,25,26,34,35,36
448,4,5,6,13,14,15,16,23,24,25,26,34,35,36
449,4,5,6,13,14,15,16,23,24,25,26,34,35,36
450,4,5,6,13,14,15,16,23,24,25,26,34,35,36
451,4,5,6,13,14,15,16,23,24,25,26,34,35,36
452,4,5,6,13,14,15,16,23,24,25,26,34,35,36
453,4,5,6,13,14,15,16,23,24,25,26,34,35,36
454,4,5,6,13,14,15,16,23,24,25,26,34,35,36
455,4,5,6,13,14,15,16,23,24,25,26,34,35,36
456,4,5,6,13,14,15,16,23,24,25,26,34,35,36
457,4,5,6,13,14,15,16,23,24,25,26,33,34,35,36
458,4,5,6,13,14,15,16,23,24,25,26,33,34,35,36
459,4,5,13,14,15,16,23,24,25,26,33,34,35
460,4,5,13,14,15,16,23,24,25,26,33,34,35
461,4,5,6,13,14,15,16,23,24,25,26,33,34,35
462,4,5,6,13,14,15,16,23,24,25,26,33,34,35
463,4,5,6,13,14,15,16,23,24,25,26,33,34,35
464,4,5,6,13,14,15,16,23,24,25,26,33,34,35
465,4,5,6,13,14,15,16,23,24,25,26,34,35
466,4,5,6,13,14,15,16,23,24,25,26,34,35
467,4,5,6,13,14,15,16,23,24,25,26,34,35
468,4,5,6,13,14,15,16,23,24,25,26,34,35
469,3,4,5,6,13,14,15,16,23,24,25,26,34,35
470,3,4,5,6,13,14,15,16,23,24,25,26,34,35
471,3,4,5,6,13,14,15,16,23,24,25,26,34,35
472,3,4,5,6,13,14,15,16,23,24,25,26,34,35
473,3,4,5,6,13,14,15,16,23,24,25,26,34,35
474,3,4,5,6,13,14,15,16,23,24,25,26,34,35
475,3,4,5,6,13,14,15,16,23,24,25,26,34,35
476,3,4,5,6,13,14,15,16,23,24,25,26,34,35
477,3,4,5,6,13,14,15,16,23,24,25,26,33,34,35
478,3,4,5,6,13,14,15,16,23,24,25,26,33,34,35
479,3,4,5,6,13,14,15,16,23,24,25,26,33,34,35
480,3,4,5,6,13,14,15,16,23,24,25,26,33,34,35
481,4,5,13,14,15,16,23,24,25,26,33,34,35
482,4,5,13,14,15,16,23,24,25,26,33,34,35
483,4,5,13,14,15,16,23,24,25,26,33,34,35
484,4,5,13,14,15,16,23,24,25,26,33,34,35
485,4,5,13,14,15,16,23,24,25,26,33,34,35
486,4,5,13,14,15,16,23,24,25,26,33,34,35
487,3,4,5,13,14,15,16,23,24,25,26,33,34,35
488,3,4,5,13,14,15,16,23,24,25,26,33,34,35
489,3,4,5,13,14,15,23,24,25,33,34,35
490,3,4,5,13,14,15,23,24,25,33,34,35
491,3,4,5,13,14,15,23,24,25,33,34,35
492,3,4,5,13,14,15,23,24,25,33,34,35
493,3,4,5,12,13,14,15,22,23,24,25,33,34,35
494,3,4,5,12,13,14,15,22,23,24,25,33,34,35
495,3,4,5,12,13,14,15,22,23,24,25,33,34,35
496,3,4,5,12,13,14,15,22,23,24,25,33,34,35
497,3,4,12,13,14,15,22,23,24,25,33,34,35
498,3,4,12,13,14,15,22,23,24,25,33,34,35
499,3,4,12,13,14,15,22,23,24,25,32,33,34,35
500,3,4,12,13,14,15,22,23,24,25,32,33,34,35
501,3,4,12,13,14,15,22,23,24,25,32,33,34,35
502,3,4,12,13,14,15,22,23,24,25,32,33,34,35
503,3,4,12,13,14,15,22,23,24,25,32,33,34,35
504,3,4,12,13,14,15,22,23,24,25,32,33,34,35
505,3,4,12,13,14,15,22,23,24,25,32,33,34,35
506,3,4,12,13,14,15,22,23,24,25,32,33,34,35
507,3,4,12,13,14,15,22,23,24,25,32,33,34,35
508,3,4,12,13,14,15,22,23,24,25,32,33,34,35
509,3,4,12,13,14,15,22,23,24,25,32,33,34,35
510,3,4,12,13,14,15,22,23,24,25,32,33,34,35
511,3,4,12,13,14,15,22,23,24,25,32,33,34,35
512,3,4,12,13,14,15,22,23,24,25,32,33,34,35
513,3,4,12,13,14,15,22,23,24,25,32,33,34,35
514,3,4,12,13,14,15,22,23,24,25,32,33,34,35
515,3,4,12,13,14,15,22,23,24,25,32,33,34,35
516,3,4,12,13,14,15,22,23,24,25,32,33,34,35
517,3,4,12,13,14,15,22,23,24,25,32,33,34,35
518,3,4,12,13,14,15,22,23,24,25,32,33,34,35
519,3,4,12,13,14,15,22,23,24,25,33,34,35
520,3,4,12,13,14,15,22,23,24,25,33,34,35
521,3,4,5,12,13,14,15,22,23,24,25,33,34,35
522,3,4,5,12,13,14,15,22,23,24,25,33,34,35
523,3,4,5,12,13,14,15,22,23,24,25,33,34,35
524,3,4,5,12,13,14,15,22,23,24,25,33,34,35
525,4,5,13,14,15,23,24,25,33,34,35
526,4,5,13,14,15,23,24,25,33,34,35
527,4,5,13,14,15,23,24,25,33,34,35
528,4,5,13,14,15,23,24,25,33,34,35
529,4,5,13,14,15,16,23,24,25,26,33,34,35
530,4,5,13,14,15,16,23,24,25,26,33,34,35
531,4,5,13,14,15,16,23,24,25,26,33,34,35
532,4,5,13,14,15,16,23,24,25,26,33,34,35
533,4,5,13,14,15,16,23,24,25,26,33,34,35
534,4,5,13,14,15,16,23,24,25,26,33,34,35
535,4,5,13,14,15,16,23,24,25,26,33,34,35
536,4,5,13,14,15,16,23,24,25,26,33,34,35
537,4,5,13,14,15,16,23,24,25,26,33,34,35
538,4,5,13,14,15,16,23,24,25,26,33,34,35
539,4,5,13,14,15,16,23,24,25,26,33,34,35
540,4,5,13,14,15,16,23,24,25,26,33,34,35
541,4,5,13,14,15,16,23,24,25,26,33,34,35
542,4,5,13,14,15,16,23,24,25,26,33,34,35
543,4,5,13,14,15,16,23,24,25,26,33,34,35
544,4,5,13,14,15,16,23,24,25,26,33,34,35
545,4,5,13,14,15,16,23,24,25,26,33,34,35
546,4,5,13,14,15,16,23,24,25,26,33,34,35
547,4,5,13,14,15,16,23,24,25,26,33,34,35
548,4,5,13,14,15,16,23,24,25,26,33,34,35
549,4,5,13,14,15,16,23,24,25,26,33,34,35
550,4,5,13,14,15,16,23,24,25,26,33,34,35
551,4,5,13,14,15,16,23,24,25,26,33,34,35
552,4,5,13,14,15,16,23,24,25,26,33,34,35
553,4,5,13,14,15,16,23,24,25,26,33,34,35
554,4,5,13,14,15,16,23,24,25,26,33,34,35
555,4,5,13,14,15,16,23,24,25,26,33,34,35
556,4,5,13,14,15,16,23,24,25,26,33,34,35
557,4,5,13,14,15,16,23,24,25,26,33,34,35
558,4,5,13,14,15,16,23,24,25,26,33,34,35
559,4,5,13,14,15,16,23,24,25,26,33,34,35
560,4,5,13,14,15,16,23,24,25,26,33,34,35
561,4,5,13,14,15,16,23,24,25,26,33,34,35
562,4,5,13,14,15,16,23,24,25,26,33,34,35
563,4,5,13,14,15,16,23,24,25,26,33,34,35
564,4,5,13,14,15,16,23,24,25,26,33,34,35
565,4,5,13,14,15,16,23,24,25,26,33,34,35
566,4,5,13,14,15,16,23,24,25,26,33,34,35
567,4,5,13,14,15,16,23,24,25,26,33,34,35
568,4,5,13,14,15,16,23,24,25,26,33,34,35
569,4,5,13,14,15,16,23,24,25,26,33,34,35,36
570,4,5,13,14,15,16,23,24,25,26,33,34,35,36
571,4,5,6,13,14,15,16,23,24,25,26,34,35,36
572,4,5,6,13,14,15,16,23,24,25,26,34,35,36
573,4,5,6,13,14,15,16,23,24,25,26,34,35,36
574,4,5,6,13,14,15,16,23,24,25,26,34,35,36
575,4,5,6,13,14,15,16,23,24,25,26,34,35,36
576,4,5,6,13,14,15,16,23,24,25,26,34,35,36
577,4,5,6,13,14,15,16,23,24,25,26,34,35,36
578,4,5,6,13,14,15,16,23,24,25,26,34,35,36
579,4,5,6,13,14,15,16,23,24,25,26,34,35,36
580,4,5,6,13,14,15,16,23,24,25,26,34,35,36
581,5,6,14,15,16,24,25,26,34,35,36
582,5,6,14,15,16,24,25,26,34,35,36
583,5,6,14,15,16,24,25,26,34,35,36
584,5,6,14,15,16,24,25,26,34,35,36
585,5,6,14,15,16,17,24,25,26,27,34,35,36
586,5,6,14,15,16,17,24,25,26,27,34,35,36
587,5,6,14,15,16,17,24,25,26,27,34,35,36
588,5,6,14,15,16,17,24,25,26,27,34,35,36
589,5,6,14,15,16,17,24,25,26,27,34,35,36
590,5,6,14,15,16,17,24,25,26,27,34,35,36
591,5,6,14,15,16,17,24,25,26,27,34,35,36
592,5,6,14,15,16,17,24,25,26,27,34,35,36
593,5,6,14,15,16,17,24,25,26,27,34,35,36
594,5,6,14,15,16,17,24,25,26,27,34,35,36
595,6,14,15,16,17,24,25,26,27,34,35,36,37
596,6,14,15,16,17,24,25,26,27,34,35,36,37
597,14,15,16,17,24,25,26,27,34,35,36,37
598,14,15,16,17,24,25,26,27,34,35,36,37
599,6,14,15,16,17,24,25,26,27,34,35,36,37
600,6,14,15,16,17,24,25,26,27,34,35,36,37
601,6,14,15,16,17,24,25,26,27,34,35,36,37
602,6,14,15,16,17,24,25,26,27,34,35,36,37
603,14,15,16,17,24,25,26,27,34,35,36,37
604,14,15,16,17,24,25,26,27,34,35,36,37
605,14,15,16,17,24,25,26,27,34,35,36,37
606,14,15,16,17,24,25,26,27,34,35,36,37
607,14,15,16,17,24,25,26,27,34,35,36,37
608,14,15,16,17,24,25,26,27,34,35,36,37
609,14,15,16,17,24,25,26,27,34,35,36,37
610,14,15,16,17,24,25,26,27,34,35,36,37
611,14,15,16,17,24,25,26,27,34,35,36,37
612,14,15,16,17,24,25,26,27,34,35,36,37
613,14,15,16,17,24,25,26,27,34,35,36,37
614,14,15,16,17,24,25,26,27,34,35,36,37
615,14,15,16,17,24,25,26,27,34,35,36,37
616,14,15,16,17,24,25,26,27,34,35,36,37
617,14,15,16,24,25,26,27,34,35,36,37,45
618,14,15,16,24,25,26,27,34,35,36,37,45
619,14,15,16,24,25,26,27,34,35,36,37,45
620,14,15,16,24,25,26,27,34,35,36,37,45
621,14,15,16,24,25,26,27,34,35,36,45
622,14,15,16,24,25,26,27,34,35,36,45
623,14,15,16,24,25,26,27,34,35,36,45
624,14,15,16,24,25,26,27,34,35,36,45
625,14,15,16,24,25,26,27,34,35,36
626,14,15,16,24,25,26,27,34,35,36
627,14,15,16,24,25,26,27,34,35,36
628,14,15,16,24,25,26,27,34,35,36
629,14,15,16,24,25,26,34,35,36
630,14,15,16,24,25,26,34,35,36
631,5,14,15,16,24,25,26,34,35,36
632,5,14,15,16,24,25,26,34,35,36
633,5,14,15,16,24,25,26,34,35,36
634,5,14,15,16,24,25,26,34,35,36
635,5,6,13,14,15,16,23,24,25,26,34,35,36
636,5,6,13,14,15,16,23,24,25,26,34,35,36
637,4,5,6,13,14,15,16,23,24,25,26,34,35,36
638,4,5,6,13,14,15,16,23,24,25,26,34,35,36
639,4,5,13,14,15,16,23,24,25,26,34,35,36
640,4,5,13,14,15,16,23,24,25,26,34,35,36
641,4,5,13,14,15,16,23,24,25,26,33,34,35,36
642,4,5,13,14,15,16,23,24,25,26,33,34,35,36
643,4,5,13,14,15,16,23,24,25,26,33,34,35,36
644,4,5,13,14,15,16,23,24,25,26,33,34,35,36
645,4,5,13,14,15,16,23,24,25,26,33,34,35
646,4,5,13,14,15,16,23,24,25,26,33,34,35
647,4,5,13,14,15,23,24,25,33,34,35
648,4,5,13,14,15,23,24,25,33,34,35
649,4,13,14,15,23,24,25,33,34,35
650,4,13,14,15,23,24,25,33,34,35
651,4,13,14,15,22,23,24,25,33,34,35
652,4,13,14,15,22,23,24,25,33,34,35
653,4,12,13,14,15,22,23,24,25,33,34,35
654,4,12,13,14,15,22,23,24,25,33,34,35
655,4,12,13,14,15,22,23,24,25,33,34,35
656,4,12,13,14,15,22,23,24,25,33,34,35
657,4,13,14,15,23,24,25,33,34,35
658,4,13,14,15,23,24,25,33,34,35
659,4,13,14,15,23,24,25,33,34,35
660,4,13,14,15,23,24,25,33,34,35
661,4,5,13,14,15,23,24,25,26,33,34,35
662,4,5,13,14,15,23,24,25,26,33,34,35
663,4,5,13,14,15,16,23,24,25,26,33,34,35
664,4,5,13,14,15,16,23,24,25,26,33,34,35
665,4,5,13,14,15,16,23,24,25,26,33,34,35,36
666,4,5,13,14,15,16,23,24,25,26,33,34,35,36
667,4,5,13,14,15,16,23,24,25,26,33,34,35,36
668,4,5,13,14,15,16,23,24,25,26,33,34,35,36
669,4,5,13,14,15,16,23,24,25,26,33,34,35,36
670,4,5,13,14,15,16,23,24,25,26,33,34,35,36
671,4,5,13,14,15,16,23,24,25,26,33,34,35,36
672,4,5,13,14,15,16,23,24,25,26,33,34,35,36
673,4,5,13,14,15,16,23,24,25,26,34,35,36
674,4,5,13,14,15,16,23,24,25,26,34,35,36
675,4,5,13,14,15,16,23,24,25,26,34,35,36
676,4,5,13,14,15,16,23,24,25,26,34,35,36
677,4,5,6,13,14,15,16,23,24,25,26,34,35,36
678,4,5,6,13,14,15,16,23,24,25,26,34,35,36
679,4,5,6,13,14,15,16,23,24,25,26,34,35,36
680,4,5,6,13,14,15,16,23,24,25,26,34,35,36
681,4,5,6,13,14,15,16,23,24,25,26,34,35,36
682,4,5,6,13,14,15,16,23,24,25,26,34,35,36
683,4,5,6,13,14,15,16,23,24,25,26,34,35,36
684,4,5,6,13,14,15,16,23,24,25,26,34,35,36
685,4,5,6,13,14,15,16,23,24,25,26,34,35,36
686,4,5,6,13,14,15,16,23,24,25,26,34,35,36
687,4,5,6,13,14,15,16,23,24,25,26,34,35,36
688,4,5,6,13,14,15,16,23,24,25,26,34,35,36
689,4,5,6,13,14,15,16,23,24,25,26,34,35
690,4,5,6,13,14,15,16,23,24,25,26,34,35
691,3,4,5,6,13,14,15,16,23,24,25,26,34,35
692,3,4,5,6,13,14,15,16,23,24,25,26,34,35
693,3,4,5,6,13,14,15,16,23,24,25,26,34,35
694,3,4,5,6,13,14,15,16,23,24,25,26,34,35
695,3,4,5,6,13,14,15,16,23,24,25,26,34,35
696,3,4,5,6,13,14,15,16,23,24,25,26,34,35
697,3,4,5,6,13,14,15,16,23,24,25,26,34,35
698,3,4,5,6,13,14,15,16,23,24,25,26,34,35
699,3,4,5,6,12,13,14,15,16,23,24,25,26,33,34,35
700,3,4,5,6,12,13,14,15,16,23,24,25,26,33,34,35
701,2,3,4,5,6,12,13,14,15,16,23,24,25,33,34
702,2,3,4,5,6,12,13,14,15,16,23,24,25,33,34
703,2,3,4,5,6,12,13,14,15,16,23,24,25,33,34,35
704,2,3,4,5,6,12,13,14,15,16,23,24,25,33,34,35
705,3,4,5,6,12,13,14,15,16,23,24,25,26,33,34,35
706,3,4,5,6,12,13,14,15,16,23,24,25,26,33,34,35
707,3,4,5,13,14,15,16,23,24,25,26,33,34,35
708,3,4,5,13,14,15,16,23,24,25,26,33,34,35
709,3,4,5,13,14,15,16,23,24,25,26,33,34,35
710,3,4,5,13,14,15,16,23,24,25,26,33,34,35
711,4,5,13,14,15,16,23,24,25,26,33,34,35
712,4,5,13,14,15,16,23,24,25,26,33,34,35
713,4,5,13,14,15,16,23,24,25,26,33,34,35
714,4,5,13,14,15,16,23,24,25,26,33,34,35
715,4,5,13,14,15,16,23,24,25,26,33,34,35,36
716,4,5,13,14,15,16,23,24,25,26,33,34,35,36
717,13,14,15,16,23,24,25,26,33,34,35,36
718,13,14,15,16,23,24,25,26,33,34,35,36
719,13,14,15,16,23,24,25,26,33,34,35,36
720,13,14,15,16,23,24,25,26,33,34,35,36
721,13,14,15,16,23,24,25,26,33,34,35,36
722,13,14,15,16,23,24,25,26,33,34,35,36
723,5,13,14,15,16,23,24,25,26,33,34,35,36
724,5,13,14,15,16,23,24,25,26,33,34,35,36
725,5,13,14,15,16,23,24,25,26,33,34,35,36
726,5,13,14,15,16,23,24,25,26,33,34,35,36
727,5,13,14,15,16,23,24,25,26,33,34,35,36
728,5,13,14,15,16,23,24,25,26,33,34,35,36
729,4,5,13,14,15,16,23,24,25,26,33,34,35,36
730,4,5,13,14,15,16,23,24,25,26,33,34,35,36
731,4,5,13,14,15,16,23,24,25,26,33,34,35
732,4,5,13,14,15,16,23,24,25,26,33,34,35
733,4,5,13,14,15,16,23,24,25,26,33,34,35
734,4,5,13,14,15,16,23,24,25,26,33,34,35
735,4,5,13,14,15,16,23,24,25,26,33,34,35,36
736,4,5,13,14,15,16,23,24,25,26,33,34,35,36
737,5,13,14,15,16,23,24,25,26,33,34,35,36
738,5,13,14,15,16,23,24,25,26,33,34,35,36
739,5,13,14,15,16,23,24,25,26,33,34,35,36
740,5,13,14,15,16,23,24,25,26,33,34,35,36
741,5,13,14,15,16,23,24,25,26,34,35,36
742,5,13,14,15,16,23,24,25,26,34,35,36
743,5,14,15,16,23,24,25,26,34,35,36
744,5,14,15,16,23,24,25,26,34,35,36
745,14,15,16,24,25,26,34,35,36
746,14,15,16,24,25,26,34,35,36
747,5,14,15,16,24,25,26,34,35,36
748,5,14,15,16,24,25,26,34,35,36
749,5,14,15,16,24,25,26,34,35,36
750,5,14,15,16,24,25,26,34,35,36
751,5,14,15,16,24,25,26,34,35,36
752,5,14,15,16,24,25,26,34,35,36
753,5,14,15,16,24,25,26,34,35,36
754,5,14,15,16,24,25,26,34,35,36
755,5,14,15,16,23,24,25,26,34,35,36
756,5,14,15,16,23,24,25,26,34,35,36
757,13,14,15,16,23,24,25,26,33,34,35,36
758,13,14,15,16,23,24,25,26,33,34,35,36
759,5,13,14,15,16,23,24,25,26,33,34,35,36
760,5,13,14,15,16,23,24,25,26,33,34,35,36
761,5,13,14,15,16,23,24,25,26,33,34,35,36
762,5,13,14,15,16,23,24,25,26,33,34,35,36
763,4,13,14,15,23,24,25,26,33,34,35
764,4,13,14,15,23,24,25,26,33,34,35
765,4,13,14,15,23,24,25,33,34,35
766,4,13,14,15,23,24,25,33,34,35
767,4,5,13,14,15,23,24,25,33,34,35
768,4,5,13,14,15,23,24,25,33,34,35
769,4,5,13,14,15,23,24,25,33,34,35
770,4,5,13,14,15,23,24,25,33,34,35
771,4,5,13,14,15,23,24,25,33,34,35
772,4,5,13,14,15,23,24,25,33,34,35
773,4,5,13,14,15,23,24,25,33,34,35
774,4,5,13,14,15,23,24,25,33,34,35
775,4,5,13,14,15,23,24,25,33,34,35
776,4,5,13,14,15,23,24,25,33,34,35
777,4,5,13,14,15,23,24,25,33,34,35
778,4,5,13,14,15,23,24,25,33,34,35
779,4,5,13,14,15,23,24,25,33,34,35
780,4,5,13,14,15,23,24,25,33,34,35
781,4,5,13,14,15,23,24,25,33,34,35
782,4,5,13,14,15,23,24,25,33,34,35
783,4,5,13,14,15,23,24,25,26,33,34,35
784,4,5,13,14,15,23,24,25,26,33,34,35
785,4,5,13,14,15,23,24,25,33,34,35
786,4,5,13,14,15,23,24,25,33,34,35
787,4,5,13,14,15,23,24,25,33,34,35
788,4,5,13,14,15,23,24,25,33,34,35
789,4,5,13,14,15,23,24,25,33,34,35
790,4,5,13,14,15,23,24,25,33,34,35
791,4,5,13,14,15,23,24,25,33,34,35
792,4,5,13,14,15,23,24,25,33,34,35
793,4,5,13,14,15,23,24,25,33,34,35
794,4,5,13,14,15,23,24,25,33,34,35
795,4,5,13,14,15,23,24,25,33,34,35
796,4,5,13,14,15,23,24,25,33,34,35
797,4,5,13,14,15,23,24,25,33,34,35
798,4,5,13,14,15,23,24,25,33,34,35
799,4,5,13,14,15,22,23,24,25,33,34,35
800,4,5,13,14,15,22,23,24,25,33,34,35
801,4,5,12,13,14,15,22,23,24,25,33,34,35
802,4,5,12,13,14,15,22,23,24,25,33,34,35
803,4,12,13,14,15,22,23,24,25,33,34,35
804,4,12,13,14,15,22,23,24,25,33,34,35
805,4,12,13,14,15,22,23,24,25,33,34,35
806,4,12,13,14,15,22,23,24,25,33,34,35
807,4,12,13,14,15,22,23,24,25,33,34,35
808,4,12,13,14,15,22,23,24,25,33,34,35
809,4,12,13,14,15,22,23,24,25,32,33,34,35
810,4,12,13,14,15,22,23,24,25,32,33,34,35
811,4,12,13,14,15,22,23,24,25,32,33,34,35
812,4,12,13,14,15,22,23,24,25,32,33,34,35
813,4,12,13,14,15,22,23,24,25,32,33,34,35
814,4,12,13,14,15,22,23,24,25,32,33,34,35
815,4,12,13,14,15,22,23,24,25,32,33,34,35
816,4,12,13,14,15,22,23,24,25,32,33,34,35
817,4,12,13,14,15,22,23,24,25,32,33,34,35
818,4,12,13,14,15,22,23,24,25,32,33,34,35
819,4,12,13,14,15,22,23,24,25,32,33,34,35
820,4,12,13,14,15,22,23,24,25,32,33,34,35
821,4,12,13,14,15,22,23,24,25,32,33,34,35
822,4,12,13,14,15,22,23,24,25,32,33,34,35
823,4,12,13,14,15,22,23,24,25,32,33,34,35
824,4,12,13,14,15,22,23,24,25,32,33,34,35
825,4,12,13,14,15,22,23,24,25,32,33,34,35
826,4,12,13,14,15,22,23,24,25,32,33,34,35
827,4,12,13,14,15,22,23,24,25,32,33,34,35
828,4,12,13,14,15,22,23,24,25,32,33,34,35
829,4,12,13,14,15,22,23,24,25,32,33,34,35
830,4,12,13,14,15,22,23,24,25,32,33,34,35
831,3,4,12,13,14,15,22,23,24,25,32,33,34,35
832,3,4,12,13,14,15,22,23,24,25,32,33,34,35
833,3,4,12,13,14,15,22,23,24,25,32,33,34,35
834,3,4,12,13,14,15,22,23,24,25,32,33,34,35
835,3,4,12,13,14,15,22,23,24,25,32,33,34,35
836,3,4,12,13,14,15,22,23,24,25,32,33,34,35
837,3,4,12,13,14,15,22,23,24,25,32,33,34,35
838,3,4,12,13,14,15,22,23,24,25,32,33,34,35
839,3,4,12,13,14,15,22,23,24,25,32,33,34,35
840,3,4,12,13,14,15,22,23,24,25,32,33,34,35
841,4,12,13,14,15,22,23,24,25,32,33,34,35
842,4,12,13,14,15,22,23,24,25,32,33,34,35
843,4,12,13,14,15,22,23,24,25,32,33,34,35
844,4,12,13,14,15,22,23,24,25,32,33,34,35
845,4,12,13,14,15,22,23,24,25,32,33,34,35
846,4,12,13,14,15,22,23,24,25,32,33,34,35
847,4,12,13,14,15,22,23,24,25,33,34,35
848,4,12,13,14,15,22,23,24,25,33,34,35
849,4,5,13,14,15,23,24,25,33,34,35
850,4,5,13,14,15,23,24,25,33,34,35
851,4,5,13,14,15,23,24,25,33,34,35
852,4,5,13,14,15,23,24,25,33,34,35
853,4,5,13,14,15,16,23,24,25,26,33,34,35
854,4,5,13,14,15,16,23,24,25,26,33,34,35
855,4,5,13,14,15,16,23,24,25,26,33,34,35
856,4,5,13,14,15,16,23,24,25,26,33,34,35
857,4,5,13,14,15,16,23,24,25,26,33,34,35,36
858,4,5,13,14,15,16,23,24,25,26,33,34,35,36
859,4,5,13,14,15,16,23,24,25,26,33,34,35,36
860,4,5,13,14,15,16,23,24,25,26,33,34,35,36
861,4,5,13,14,15,16,23,24,25,26,33,34,35,36
862,4,5,13,14,15,16,23,24,25,26,33,34,35,36
863,4,5,13,14,15,16,23,24,25,26,33,34,35,36
864,4,5,13,14,15,16,23,24,25,26,33,34,35,36
865,5,13,14,15,16,23,24,25,26,33,34,35,36
866,5,13,14,15,16,23,24,25,26,33,34,35,36
867,5,13,14,15,16,23,24,25,26,34,35,36
868,5,13,14,15,16,23,24,25,26,34,35,36
869,5,13,14,15,16,23,24,25,26,34,35,36
870,5,13,14,15,16,23,24,25,26,34,35,36
871,5,13,14,15,16,23,24,25,26,34,35,36
872,5,13,14,15,16,23,24,25,26,34,35,36
873,5,6,13,14,15,16,23,24,25,26,34,35,36
874,5,6,13,14,15,16,23,24,25,26,34,35,36
875,5,13,14,15,16,23,24,25,26,34,35,36
876,5,13,14,15,16,23,24,25,26,34,35,36
877,5,13,14,15,16,23,24,25,26,34,35,36
878,5,13,14,15,16,23,24,25,26,34,35,36
879,5,13,14,15,16,23,24,25,26,34,35,36
880,5,13,14,15,16,23,24,25,26,34,35,36
881,4,5,13,14,15,16,23,24,25,26,34,35,36
882,4,5,13,14,15,16,23,24,25,26,34,35,36
883,4,5,13,14,15,16,23,24,25,26,33,34,35,36
884,4,5,13,14,15,16,23,24,25,26,33,34,35,36
885,4,5,13,14,15,16,23,24,25,26,33,34,35,36
886,4,5,13,14,15,16,23,24,25,26,33,34,35,36
887,4,5,13,14,15,16,23,24,25,26,33,34,35,36
888,4,5,13,14,15,16,23,24,25,26,33,34,35,36
889,4,5,13,14,15,16,23,24,25,26,33,34,35,36
890,4,5,13,14,15,16,23,24,25,26,33,34,35,36
891,4,5,13,14,15,16,23,24,25,26,33,34,35,36
892,4,5,13,14,15,16,23,24,25,26,33,34,35,36
893,4,5,13,14,15,16,23,24,25,26,33,34,35,36
894,4,5,13,14,15,16,23,24,25,26,33,34,35,36
895,4,5,13,14,15,16,23,24,25,26,34,35,36
896,4,5,13,14,15,16,23,24,25,26,34,35,36
897,4,5,13,14,15,16,23,24,25,26,34,35,36
898,4,5,13,14,15,16,23,24,25,26,34,35,36
899,4,5,13,14,15,16,23,24,25,26,34,35,36
900,4,5,13,14,15,16,23,24,25,26,34,35,36
901,4,5,6,13,14,15,16,23,24,25,26,34,35,36
902,4,5,6,13,14,15,16,23,24,25,26,34,35,36
903,4,5,13,14,15,16,23,24,25,26,34,35,36
904,4,5,13,14,15,16,23,24,25,26,34,35,36
905,4,5,13,14,15,16,23,24,25,26,33,34,35,36
906,4,5,13,14,15,16,23,24,25,26,33,34,35,36
907,4,5,13,14,15,16,23,24,25,26,33,34,35,36
908,4,5,13,14,15,16,23,24,25,26,33,34,35,36
909,4,5,13,14,15,16,23,24,25,26,34,35,36
910,4,5,13,14,15,16,23,24,25,26,34,35,36
911,4,5,13,14,15,16,23,24,25,26,34,35,36
912,4,5,13,14,15,16,23,24,25,26,34,35,36
913,4,5,13,14,15,16,23,24,25,26,33,34,35,36
914,4,5,13,14,15,16,23,24,25,26,33,34,35,36
915,4,5,13,14,15,16,23,24,25,26,33,34,35,36
916,4,5,13,14,15,16,23,24,25,26,33,34,35,36
917,4,5,13,14,15,16,23,24,25,26,33,34,35,36
918,4,5,13,14,15,16,23,24,25,26,33,34,35,36
919,4,13,14,15,23,24,25,33,34,35
920,4,13,14,15,23,24,25,33,34,35
921,4,13,14,15,23,24,25,33,34,35
922,4,13,14,15,23,24,25,33,34,35
923,4,12,13,14,15,22,23,24,25,33,34,35
924,4,12,13,14,15,22,23,24,25,33,34,35
925,4,12,13,14,15,22,23,24,25,32,33,34,35
926,4,12,13,14,15,22,23,24,25,32,33,34,35
927,4,12,13,14,15,22,23,24,25,32,33,34,35
928,4,12,13,14,15,22,23,24,25,32,33,34,35
929,3,4,12,13,14,15,22,23,24,25,32,33,34,35
930,3,4,12,13,14,15,22,23,24,25,32,33,34,35
931,3,4,12,13,14,15,22,23,24,25,32,33,34
932,3,4,12,13,14,15,22,23,24,25,32,33,34
933,3,4,12,13,14,22,23,24,25,32,33,34
934,3,4,12,13,14,22,23,24,25,32,33,34
935,3,12,13,14,22,23,24,32,33,34
936,3,12,13,14,22,23,24,32,33,34
937,3,12,13,14,21,22,23,24,32,33,34
938,3,12,13,14,21,22,23,24,32,33,34
939,11,12,13,14,21,22,23,24,31,32,33,34
940,11,12,13,14,21,22,23,24,31,32,33,34
941,11,12,13,14,21,22,23,24,31,32,33,34
942,11,12,13,14,21,22,23,24,31,32,33,34
943,11,12,13,14,21,22,23,24,31,32,33,34
944,11,12,13,14,21,22,23,24,31,32,33,34
945,11,12,13,14,21,22,23,24,31,32,33,34
946,11,12,13,14,21,22,23,24,31,32,33,34
947,11,12,13,21,22,23,24,31,32,33
948,11,12,13,21,22,23,24,31,32,33
949,11,12,13,21,22,23,31,32,33
950,11,12,13,21,22,23,31,32,33
951,11,12,13,21,22,23,31,32,33
952,11,12,13,21,22,23,31,32,33
953,11,12,13,21,22,23,31,32,33
954,11,12,13,21,22,23,31,32,33
955,2,11,12,13,20,21,22,23,30,31,32,33
956,2,11,12,13,20,21,22,23,30,31,32,33
957,2,11,12,13,20,21,22,23,30,31,32,33
958,2,11,12,13,20,21,22,23,30,31,32,33
959,2,11,12,13,20,21,22,23,30,31,32,33,40
960,2,11,12,13,20,21,22,23,30,31,32,33,40
961,1,2,11,12,13,20,21,22,23,30,31,32,33,40
962,1,2,11,12,13,20,21,22,23,30,31,32,33,40
963,1,2,11,12,13,20,21,22,23,30,31,32,33,40
964,1,2,11,12,13,20,21,22,23,30,31,32,33,40
965,1,2,11,12,13,20,21,22,23,30,31,32,40
966,1,2,11,12,13,20,21,22,23,30,31,32,40
967,1,2,10,11,12,13,20,21,22,23,30,31,32,40
968,1,2,10,11,12,13,20,21,22,23,30,31,32,40
969,1,2,10,11,12,13,20,21,22,23,30,31,32,40
970,1,2,10,11,12,13,20,21,22,23,30,31,32,40
971,1,2,10,11,12,20,21,22,30,31,32,40
972,1,2,10,11,12,20,21,22,30,31,32,40
973,1,2,10,11,12,19,20,21,22,29,30,31,32,40
974,1,2,10,11,12,19,20,21,22,29,30,31,32,40
975,1,2,10,11,12,19,20,21,22,29,30,31,32,40
976,1,2,10,11,12,19,20,21,22,29,30,31,32,40
977,1,2,10,11,12,19,20,21,22,29,30,31,32,40
978,1,2,10,11,12,19,20,21,22,29,30,31,32,40
979,1,10,11,12,19,20,21,22,29,30,31,32,39,40
980,1,10,11,12,19,20,21,22,29,30,31,32,39,40
981,1,9,10,11,12,19,20,21,22,29,30,31,39,40
982,1,9,10,11,12,19,20,21,22,29,30,31,39,40
983,1,9,10,11,12,19,20,21,22,29,30,31,39,40
984,1,9,10,11,12,19,20,21,22,29,30,31,39,40
985,1,9,10,11,12,19,20,21,22,29,30,31,39,40
986,1,9,10,11,12,19,20,21,22,29,30,31,39,40
987,1,9,10,11,12,19,20,21,22,29,30,31,39,40
988,1,9,10,11,12,19,20,21,22,29,30,31,39,40
989,1,9,10,11,12,19,20,21,22,29,30,31,39,40
990,1,9,10,11,12,19,20,21,22,29,30,31,39,40
991,1,9,10,11,19,20,21,29,30,31,39,40
992,1,9,10,11,19,20,21,29,30,31,39,40
993,1,9,10,11,19,20,21,29,30,31,39,40
994,1,9,10,11,19,20,21,29,30,31,39,40
995,9,10,11,18,19,20,21,28,29,30,31,39,40
996,9,10,11,18,19,20,21,28,29,30,31,39,40
997,9,10,11,18,19,20,21,28,29,30,31,39,40
998,9,10,11,18,19,20,21,28,29,30,31,39,40
999,9,10,11,18,19,20,21,28,29,30,31,39,40
1000,9,10,11,18,19,20,21,28,29,30,31,39,40
1001,9,10,11,18,19,20,21,28,29,30,31,39,40
1002,9,10,11,18,19,20,21,28,29,30,31,39,40
1003,9,10,11,18,19,20,21,28,29,30,38,39,40
1004,9,10,11,18,19,20,21,28,29,30,38,39,40
1005,9,10,11,18,19,20,21,28,29,30,38,39,40
1006,9,10,11,18,19,20,21,28,29,30,38,39,40
1007,9,10,11,18,19,20,21,28,29,30,38,39,40
1008,9,10,11,18,19,20,21,28,29,30,38,39,40
1009,8,9,10,18,19,20,28,29,30,38,39,40
1010,8,9,10,18,19,20,28,29,30,38,39,40
1011,8,9,10,17,18,19,20,27,28,29,30,38,39,40
1012,8,9,10,17,18,19,20,27,28,29,30,38,39,40
1013,8,9,10,17,18,19,20,27,28,29,30,38,39,40
1014,8,9,10,17,18,19,20,27,28,29,30,38,39,40
1015,8,9,10,17,18,19,20,27,28,29,30,38,39,40
1016,8,9,10,17,18,19,20,27,28,29,30,38,39,40
1017,8,9,10,17,18,19,20,27,28,29,30,38,39
1018,8,9,10,17,18,19,20,27,28,29,30,38,39
1019,8,9,17,18,19,20,27,28,29,30,37,38,39
1020,8,9,17,18,19,20,27,28,29,30,37,38,39
1021,8,9,17,18,19,20,27,28,29,30,37,38,39
1022,8,9,17,18,19,20,27,28,29,30,37,38,39
1023,8,9,17,18,19,20,27,28,29,30,37,38,39
1024,8,9,17,18,19,20,27,28,29,30,37,38,39
1025,8,9,17,18,19,20,27,28,29,30,37,38,39
1026,8,9,17,18,19,20,27,28,29,30,37,38,39
1027,7,8,9,17,18,19,27,28,29,37,38,39
1028,7,8,9,17,18,19,27,28,29,37,38,39
1029,7,8,9,17,18,19,27,28,29,37,38,39
1030,7,8,9,17,18,19,27,28,29,37,38,39
1031,7,8,9,16,17,18,19,26,27,28,29,37,38,39
1032,7,8,9,16,17,18,19,26,27,28,29,37,38,39
1033,7,8,9,16,17,18,19,26,27,28,29,37,38,39
1034,7,8,9,16,17,18,19,26,27,28,29,37,38,39
1035,7,8,9,16,17,18,19,26,27,28,29,37,38,39
1036,7,8,9,16,17,18,19,26,27,28,29,37,38,39
1037,7,8,9,16,17,18,19,26,27,28,29,37,38,39
1038,7,8,9,16,17,18,19,26,27,28,29,37,38,39
1039,7,8,9,16,17,18,19,26,27,28,29,37,38,39
1040,7,8,9,16,17,18,19,26,27,28,29,37,38,39
1041,7,8,9,16,17,18,19,26,27,28,29,37,38,39
1042,7,8,9,16,17,18,19,26,27,28,29,37,38,39
1043,7,8,9,16,17,18,19,26,27,28,29,37,38,39
1044,7,8,9,16,17,18,19,26,27,28,29,37,38,39
1045,7,8,9,16,17,18,19,26,27,28,29,37,38,39
1046,7,8,9,16,17,18,19,26,27,28,29,37,38,39
1047,7,8,9,16,17,18,19,26,27,28,29,37,38,39
1048,7,8,9,16,17,18,19,26,27,28,29,37,38,39
1049,7,8,9,16,17,18,19,26,27,28,29,37,38,39
1050,7,8,9,16,17,18,19,26,27,28,29,37,38,39
1051,7,8,9,16,17,18,19,26,27,28,29,37,38,39
1052,7,8,9,16,17,18,19,26,27,28,29,37,38,39
1053,7,8,9,16,17,18,19,26,27,28,29,37,38,39
1054,7,8,9,16,17,18,19,26,27,28,29,37,38,39
1055,7,8,9,16,17,18,19,26,27,28,29,37,38,39
1056,7,8,9,16,17,18,19,26,27,28,29,37,38,39
1057,7,8,9,16,17,18,19,26,27,28,29,37,38,39
1058,7,8,9,16,17,18,19,26,27,28,29,37,38,39
1059,7,8,9,16,17,18,19,26,27,28,29,37,38,39
1060,7,8,9,16,17,18,19,26,27,28,29,37,38,39
1061,7,8,9,16,17,18,19,26,27,28,29,37,38,39
1062,7,8,9,16,17,18,19,26,27,28,29,37,38,39
1063,7,8,16,17,18,19,26,27,28,29,36,37,38
1064,7,8,16,17,18,19,26,27,28,29,36,37,38
1065,7,8,16,17,18,19,26,27,28,29,36,37,38
1066,7,8,16,17,18,19,26,27,28,29,36,37,38
1067,7,8,16,17,18,19,26,27,28,29,36,37,38
1068,7,8,16,17,18,19,26,27,28,29,36,37,38
1069,7,8,16,17,18,19,26,27,28,29,36,37,38
1070,7,8,16,17,18,19,26,27,28,29,36,37,38
1071,7,8,16,17,18,26,27,28,36,37,38
1072,7,8,16,17,18,26,27,28,36,37,38
1073,6,7,8,16,17,18,26,27,28,36,37,38
1074,6,7,8,16,17,18,26,27,28,36,37,38
1075,6,7,8,15,16,17,18,25,26,27,28,36,37,38
1076,6,7,8,15,16,17,18,25,26,27,28,36,37,38
1077,6,7,8,15,16,17,18,25,26,27,28,36,37,38
1078,6,7,8,15,16,17,18,25,26,27,28,36,37,38
1079,6,7,8,15,16,17,18,25,26,27,28,36,37,38
1080,6,7,8,15,16,17,18,25,26,27,28,36,37,38
1081,6,7,8,15,16,17,18,25,26,27,28,36,37,38
1082,6,7,8,15,16,17,18,25,26,27,28,36,37,38
1083,6,7,15,16,17,18,25,26,27,28,36,37,38
1084,6,7,15,16,17,18,25,26,27,28,36,37,38
1085,6,7,15,16,17,18,25,26,27,28,35,36,37,38
1086,6,7,15,16,17,18,25,26,27,28,35,36,37,38
1087,6,7,15,16,17,18,25,26,27,28,35,36,37,38
1088,6,7,15,16,17,18,25,26,27,28,35,36,37,38
1089,6,7,15,16,17,18,25,26,27,28,35,36,37,38
1090,6,7,15,16,17,18,25,26,27,28,35,36,37,38
1091,6,7,15,16,17,18,25,26,27,28,35,36,37
1092,6,7,15,16,17,18,25,26,27,28,35,36,37
1093,6,7,15,16,17,18,25,26,27,28,35,36,37
1094,6,7,15,16,17,18,25,26,27,28,35,36,37
1095,6,7,15,16,17,18,25,26,27,28,35,36,37
1096,6,7,15,16,17,18,25,26,27,28,35,36,37
1097,6,7,15,16,17,18,25,26,27,28,35,36,37
1098,6,7,15,16,17,18,25,26,27,28,35,36,37
1099,6,7,15,16,17,18,25,26,27,28,35,36,37
1100,6,7,15,16,17,18,25,26,27,28,35,36,37
1101,6,7,15,16,17,18,25,26,27,28,35,36,37
1102,6,7,15,16,17,18,25,26,27,28,35,36,37
1103,6,7,15,16,17,18,25,26,27,28,35,36,37
1104,6,7,15,16,17,18,25,26,27,28,35,36,37
1105,6,7,15,16,17,18,25,26,27,28,35,36,37
1106,6,7,15,16,17,18,25,26,27,28,35,36,37
1107,6,7,15,16,17,18,25,26,27,28,35,36,37
1108,6,7,15,16,17,18,25,26,27,28,35,36,37
1109,6,7,15,16,17,18,25,26,27,28,35,36,37
1110,6,7,15,16,17,18,25,26,27,28,35,36,37
1111,6,7,15,16,17,18,25,26,27,28,35,36,37
1112,6,7,15,16,17,18,25,26,27,28,35,36,37
1113,6,7,15,16,17,18,25,26,27,28,35,36,37
1114,6,7,15,16,17,18,25,26,27,28,35,36,37
1115,6,7,15,16,17,18,25,26,27,28,35,36,37
1116,6,7,15,16,17,18,25,26,27,28,35,36,37
1117,6,7,15,16,17,25,26,27,28,35,36,37
1118,6,7,15,16,17,25,26,27,28,35,36,37
1119,6,7,15,16,17,25,26,27,35,36,37
1120,6,7,15,16,17,25,26,27,35,36,37
1121,6,7,15,16,17,25,26,27,35,36,37
1122,6,7,15,16,17,25,26,27,35,36,37
1123,6,7,15,16,17,25,26,27,35,36,37
1124,6,7,15,16,17,25,26,27,35,36,37
1125,6,7,15,16,17,25,26,27,35,36,37
1126,6,7,15,16,17,25,26,27,35,36,37
1127,6,7,15,16,17,25,26,27,35,36,37
1128,6,7,15,16,17,25,26,27,35,36,37
1129,6,7,15,16,17,25,26,27,35,36,37
1130,6,7,15,16,17,25,26,27,35,36,37
1131,6,7,15,16,17,25,26,27,35,36,37
1132,6,7,15,16,17,25,26,27,35,36,37
1133,6,7,15,16,17,25,26,27,35,36,37
1134,6,7,15,16,17,25,26,27,35,36,37
1135,6,7,15,16,17,25,26,27,35,36,37
1136,6,7,15,16,17,25,26,27,35,36,37
1137,6,7,15,16,17,25,26,27,35,36,37
1138,6,7,15,16,17,25,26,27,35,36,37
1139,6,7,15,16,17,25,26,27,35,36,37
1140,6,7,15,16,17,25,26,27,35,36,37
1141,6,7,15,16,17,25,26,27,35,36,37
1142,6,7,15,16,17,25,26,27,35,36,37
1143,6,7,15,16,17,25,26,27,35,36,37
1144,6,7,15,16,17,25,26,27,35,36,37
1145,6,7,15,16,17,24,25,26,27,35,36,37
1146,6,7,15,16,17,24,25,26,27,35,36,37
1147,5,6,7,14,15,16,17,24,25,26,27,35,36,37
1148,5,6,7,14,15,16,17,24,25,26,27,35,36,37
1149,5,6,7,14,15,16,17,24,25,26,27,35,36,37
1150,5,6,7,14,15,16,17,24,25,26,27,35,36,37
1151,5,6,7,14,15,16,17,24,25,26,27,35,36,37
1152,5,6,7,14,15,16,17,24,25,26,27,35,36,37
1153,5,6,7,14,15,16,17,24,25,26,27,35,36,37
1154,5,6,7,14,15,16,17,24,25,26,27,35,36,37
1155,5,6,7,14,15,16,17,24,25,26,27,35,36,37
1156,5,6,7,14,15,16,17,24,25,26,27,35,36,37
1157,5,6,7,14,15,16,17,24,25,26,27,35,36,37
1158,5,6,7,14,15,16,17,24,25,26,27,35,36,37
1159,5,6,7,14,15,16,17,24,25,26,27,35,36,37
1160,5,6,7,14,15,16,17,24,25,26,27,35,36,37
1161,5,6,7,14,15,16,17,24,25,26,27,35,36,37
1162,5,6,7,14,15,16,17,24,25,26,27,35,36,37
1163,5,6,7,14,15,16,17,24,25,26,27,35,36,37
1164,5,6,7,14,15,16,17,24,25,26,27,35,36,37
1165,5,6,7,14,15,16,17,24,25,26,27,35,36,37
1166,5,6,7,14,15,16,17,24,25,26,27,35,36,37
1167,5,6,7,14,15,16,17,24,25,26,27,35,36,37
1168,5,6,7,14,15,16,17,24,25,26,27,35,36,37
1169,5,6,7,14,15,16,17,24,25,26,27,35,36,37
1170,5,6,7,14,15,16,17,24,25,26,27,35,36,37
1171,5,6,7,14,15,16,17,24,25,26,27,35,36,37
1172,5,6,7,14,15,16,17,24,25,26,27,35,36,37
1173,5,6,7,14,15,16,17,24,25,26,27,35,36,37
1174,5,6,7,14,15,16,17,24,25,26,27,35,36,37
1175,5,6,14,15,16,17,24,25,26,27,34,35,36,37
1176,5,6,14,15,16,17,24,25,26,27,34,35,36,37
1177,5,6,14,15,16,17,24,25,26,27,34,35,36,37
1178,5,6,14,15,16,17,24,25,26,27,34,35,36,37
1179,5,6,14,15,16,17,24,25,26,27,34,35,36,37
1180,5,6,14,15,16,17,24,25,26,27,34,35,36,37
1181,5,6,14,15,16,17,24,25,26,27,34,35,36
1182,5,6,14,15,16,17,24,25,26,27,34,35,36
1183,5,6,14,15,16,17,24,25,26,27,34,35,36
1184,5,6,14,15,16,17,24,25,26,27,34,35,36
1185,5,6,14,15,16,17,24,25,26,27,34,35,36
1186,5,6,14,15,16,17,24,25,26,27,34,35,36
1187,5,6,14,15,16,17,24,25,26,27,34,35,36
1188,5,6,14,15,16,17,24,25,26,27,34,35,36
1189,4,5,6,7,14,15,16,17,24,25,26,27,34,35,36
1190,4,5,6,7,14,15,16,17,24,25,26,27,34,35,36
1191,4,5,6,7,14,15,16,17,24,25,26,27,35,36
1192,4,5,6,7,14,15,16,17,24,25,26,27,35,36
1193,4,5,6,7,14,15,16,17,24,25,26,27,35,36
1194,4,5,6,7,14,15,16,17,24,25,26,27,35,36
1195,4,5,6,7,14,15,16,17,24,25,26,27,35,36
1196,4,5,6,7,14,15,16,17,24,25,26,27,35,36
1197,4,5,6,7,14,15,16,17,24,25,26,27,35,36
1198,4,5,6,7,14,15,16,17,24,25,26,27,35,36
1199,4,5,6,7,14,15,16,17,24,25,26,27,35,36
1200,4,5,6,7,14,15,16,17,24,25,26,27,35,36
1201,4,5,6,7,14,15,16,17,24,25,26,27,35,36
1202,4,5,6,7,14,15,16,17,24,25,26,27,35,36
1203,4,5,6,7,14,15,16,17,24,25,26,27,35,36
1204,4,5,6,7,14,15,16,17,24,25,26,27,35,36
1205,4,5,6,7,14,15,16,17,24,25,26,27,35,36
1206,4,5,6,7,14,15,16,17,24,25,26,27,35,36
1207,4,5,6,7,14,15,16,17,24,25,26,27,35,36
1208,4,5,6,7,14,15,16,17,24,25,26,27,35,36
1209,4,5,6,7,14,15,16,17,24,25,26,27,35,36
1210,4,5,6,7,14,15,16,17,24,25,26,27,35,36
1211,4,5,6,7,14,15,16,17,24,25,26,27,35,36
1212,4,5,6,7,14,15,16,17,24,25,26,27,35,36
1213,4,5,6,7,14,15,16,17,24,25,26,27,35,36
1214,4,5,6,7,14,15,16,17,24,25,26,27,35,36
1215,4,5,6,7,13,14,15,16,17,24,25,26,27,35,36
1216,4,5,6,7,13,14,15,16,17,24,25,26,27,35,36
1217,4,5,6,7,14,15,16,17,24,25,26,27,35,36
1218,4,5,6,7,14,15,16,17,24,25,26,27,35,36
1219,4,5,6,7,14,15,16,17,24,25,26,27,35,36
1220,4,5,6,7,14,15,16,17,24,25,26,27,35,36
1221,4,5,6,7,14,15,16,17,24,25,26,27,35,36
1222,4,5,6,7,14,15,16,17,24,25,26,27,35,36
1223,4,5,6,7,14,15,16,17,24,25,26,27,34,35,36
1224,4,5,6,7,14,15,16,17,24,25,26,27,34,35,36
1225,4,5,6,7,14,15,16,17,24,25,26,27,34,35,36
1226,4,5,6,7,14,15,16,17,24,25,26,27,34,35,36
1227,4,5,6,7,14,15,16,17,24,25,26,27,34,35,36
1228,4,5,6,7,14,15,16,17,24,25,26,27,34,35,36
1229,4,5,6,14,15,16,17,24,25,26,27,34,35,36
1230,4,5,6,14,15,16,17,24,25,26,27,34,35,36
1231,4,5,6,14,15,16,17,24,25,26,27,34,35,36
1232,4,5,6,14,15,16,17,24,25,26,27,34,35,36
1233,4,5,6,14,15,16,17,24,25,26,27,34,35,36
1234,4,5,6,14,15,16,17,24,25,26,27,34,35,36
1235,4,5,6,14,15,16,17,24,25,26,27,34,35,36
1236,4,5,6,14,15,16,17,24,25,26,27,34,35,36
1237,4,5,6,14,15,16,17,24,25,26,27,34,35,36
1238,4,5,6,14,15,16,17,24,25,26,27,34,35,36
1239,4,5,6,14,15,16,17,24,25,26,27,34,35,36
1240,4,5,6,14,15,16,17,24,25,26,27,34,35,36
1241,4,5,6,14,15,16,17,24,25,26,27,34,35,36
1242,4,5,6,14,15,16,17,24,25,26,27,34,35,36
1243,4,5,6,14,15,16,17,24,25,26,27,34,35,36
1244,4,5,6,14,15,16,17,24,25,26,27,34,35,36
1245,4,5,6,14,15,16,17,24,25,26,27,34,35,36
1246,4,5,6,14,15,16,17,24,25,26,27,34,35,36
1247,4,5,6,14,15,16,17,24,25,26,27,34,35,36
1248,4,5,6,14,15,16,17,24,25,26,27,34,35,36
1249,4,5,6,14,15,16,24,25,26,34,35,36
1250,4,5,6,14,15,16,24,25,26,34,35,36
1251,4,5,6,14,15,16,24,25,26,34,35,36
1252,4,5,6,14,15,16,24,25,26,34,35,36
1253,4,5,6,14,15,16,24,25,26,34,35,36
1254,4,5,6,14,15,16,24,25,26,34,35,36
1255,4,5,6,14,15,16,17,24,25,26,27,34,35,36
1256,4,5,6,14,15,16,17,24,25,26,27,34,35,36
1257,4,5,6,14,15,16,17,24,25,26,27,34,35,36
1258,4,5,6,14,15,16,17,24,25,26,27,34,35,36
1259,4,5,6,14,15,16,17,24,25,26,27,34,35,36
1260,4,5,6,14,15,16,17,24,25,26,27,34,35,36
1261,4,5,6,14,15,16,17,24,25,26,27,34,35,36
1262,4,5,6,14,15,16,17,24,25,26,27,34,35,36
1263,4,5,6,14,15,16,17,24,25,26,27,34,35,36
1264,4,5,6,14,15,16,17,24,25,26,27,34,35,36
1265,4,5,6,14,15,16,17,24,25,26,27,34,35,36
1266,4,5,6,14,15,16,17,24,25,26,27,34,35,36
1267,4,5,6,14,15,16,17,24,25,26,27,34,35,36
1268,4,5,6,14,15,16,17,24,25,26,27,34,35,36
1269,4,5,6,14,15,16,17,24,25,26,27,34,35,36
1270,4,5,6,14,15,16,17,24,25,26,27,34,35,36
1271,4,5,6,14,15,16,17,24,25,26,27,34,35,36
1272,4,5,6,14,15,16,17,24,25,26,27,34,35,36
1273,4,5,6,14,15,16,17,24,25,26,27,34,35,36
1274,4,5,6,14,15,16,17,24,25,26,27,34,35,36
1275,4,5,6,14,15,16,17,24,25,26,27,34,35,36
1276,4,5,6,14,15,16,17,24,25,26,27,34,35,36
1277,4,5,6,14,15,16,17,24,25,26,27,34,35,36
1278,4,5,6,14,15,16,17,24,25,26,27,34,35,36
1279,5,6,14,15,16,17,24,25,26,27,34,35,36
1280,5,6,14,15,16,17,24,25,26,27,34,35,36
1281,5,6,14,15,16,17,24,25,26,27,34,35,36
1282,5,6,14,15,16,17,24,25,26,27,34,35,36
1283,5,6,14,15,16,17,24,25,26,27,34,35,36
1284,5,6,14,15,16,17,24,25,26,27,34,35,36
1285,5,6,14,15,16,17,24,25,26,27,34,35,36
1286,5,6,14,15,16,17,24,25,26,27,34,35,36
1287,5,6,14,15,16,17,24,25,26,27,34,35,36
1288,5,6,14,15,16,17,24,25,26,27,34,35,36
1289,5,6,14,15,16,17,24,25,26,27,34,35,36
1290,5,6,14,15,16,17,24,25,26,27,34,35,36
1291,5,6,14,15,16,17,24,25,26,27,34,35,36
1292,5,6,14,15,16,17,24,25,26,27,34,35,36
1293,5,6,14,15,16,17,24,25,26,27,34,35,36
1294,5,6,14,15,16,17,24,25,26,27,34,35,36
1295,5,6,14,15,16,17,24,25,26,27,34,35,36
1296,5,6,14,15,16,17,24,25,26,27,34,35,36
1297,5,6,14,15,16,17,24,25,26,27,34,35,36,37
1298,5,6,14,15,16,17,24,25,26,27,34,35,36,37
1299,5,6,14,15,16,17,24,25,26,27,34,35,36,37
1300,5,6,14,15,16,17,24,25,26,27,34,35,36,37
1301,5,6,14,15,16,17,24,25,26,27,34,35,36,37
1302,5,6,14,15,16,17,24,25,26,27,34,35,36,37
1303,5,6,14,15,16,17,24,25,26,27,34,35,36,37
1304,5,6,14,15,16,17,24,25,26,27,34,35,36,37
1305,5,6,14,15,16,17,24,25,26,27,34,35,36,37
1306,5,6,14,15,16,17,24,25,26,27,34,35,36,37
1307,5,6,14,15,16,17,24,25,26,27,34,35,36,37
1308,5,6,14,15,16,17,24,25,26,27,34,35,36,37
1309,5,6,14,15,16,17,24,25,26,27,34,35,36,37
1310,5,6,14,15,16,17,24,25,26,27,34,35,36,37
1311,5,6,14,15,16,17,24,25,26,27,34,35,36,37
1312,5,6,14,15,16,17,24,25,26,27,34,35,36,37
1313,5,6,14,15,16,17,24,25,26,27,34,35,36,37
1314,5,6,14,15,16,17,24,25,26,27,34,35,36,37
1315,5,6,14,15,16,17,24,25,26,27,34,35,36
1316,5,6,14,15,16,17,24,25,26,27,34,35,36
1317,5,6,14,15,16,17,24,25,26,27,34,35,36
1318,5,6,14,15,16,17,24,25,26,27,34,35,36
1319,5,6,14,15,16,17,24,25,26,27,34,35,36
1320,5,6,14,15,16,17,24,25,26,27,34,35,36
1321,5,6,14,15,16,17,24,25,26,27,34,35,36,37
1322,5,6,14,15,16,17,24,25,26,27,34,35,36,37
1323,5,6,14,15,16,17,24,25,26,27,34,35,36,37
1324,5,6,14,15,16,17,24,25,26,27,34,35,36,37
1325,5,6,14,15,16,17,24,25,26,27,34,35,36,37
1326,5,6,14,15,16,17,24,25,26,27,34,35,36,37
1327,5,6,14,15,16,17,24,25,26,27,34,35,36,37
1328,5,6,14,15,16,17,24,25,26,27,34,35,36,37
1329,5,6,14,15,16,17,24,25,26,27,34,35,36,37
1330,5,6,14,15,16,17,24,25,26,27,34,35,36,37
1331,5,6,14,15,16,17,24,25,26,27,34,35,36,37
1332,5,6,14,15,16,17,24,25,26,27,34,35,36,37
1333,5,6,14,15,16,17,24,25,26,27,34,35,36,37
1334,5,6,14,15,16,17,24,25,26,27,34,35,36,37
1335,5,6,14,15,16,17,24,25,26,27,34,35,36,37
1336,5,6,14,15,16,17,24,25,26,27,34,35,36,37
1337,5,6,14,15,16,17,24,25,26,27,34,35,36,37
1338,5,6,14,15,16,17,24,25,26,27,34,35,36,37
1339,5,6,14,15,16,17,24,25,26,27,34,35,36,37
1340,5,6,14,15,16,17,24,25,26,27,34,35,36,37
1341,5,6,14,15,16,17,24,25,26,27,34,35,36,37
1342,5,6,14,15,16,17,24,25,26,27,34,35,36,37
1343,5,6,14,15,16,17,24,25,26,27,34,35,36,37
1344,5,6,14,15,16,17,24,25,26,27,34,35,36,37
1345,5,6,14,15,16,17,24,25,26,27,34,35,36,37
1346,5,6,14,15,16,17,24,25,26,27,34,35,36,37
1347,5,6,14,15,16,17,24,25,26,27,34,35,36,37
1348,5,6,14,15,16,17,24,25,26,27,34,35,36,37
1349,5,6,14,15,16,17,24,25,26,27,34,35,36,37
1350,5,6,14,15,16,17,24,25,26,27,34,35,36,37
1351,6,14,15,16,17,24,25,26,27,34,35,36,37
1352,6,14,15,16,17,24,25,26,27,34,35,36,37
1353,6,14,15,16,17,24,25,26,27,34,35,36,37
1354,6,14,15,16,17,24,25,26,27,34,35,36,37
1355,6,14,15,16,17,24,25,26,27,34,35,36,37
1356,6,14,15,16,17,24,25,26,27,34,35,36,37
1357,6,14,15,16,17,24,25,26,27,34,35,36,37
1358,6,14,15,16,17,24,25,26,27,34,35,36,37
1359,6,14,15,16,17,24,25,26,27,34,35,36,37
1360,6,14,15,16,17,24,25,26,27,34,35,36,37
1361,6,14,15,16,17,24,25,26,27,34,35,36,37
1362,6,14,15,16,17,24,25,26,27,34,35,36,37
1363,5,6,14,15,16,17,24,25,26,27,34,35,36,37
1364,5,6,14,15,16,17,24,25,26,27,34,35,36,37
1365,5,6,14,15,16,17,24,25,26,27,34,35,36,37
1366,5,6,14,15,16,17,24,25,26,27,34,35,36,37
1367,5,6,14,15,16,17,24,25,26,27,34,35,36,37
1368,5,6,14,15,16,17,24,25,26,27,34,35,36,37
1369,5,6,14,15,16,17,24,25,26,27,34,35,36,37
1370,5,6,14,15,16,17,24,25,26,27,34,35,36,37
1371,5,6,14,15,16,17,24,25,26,27,34,35,36
1372,5,6,14,15,16,17,24,25,26,27,34,35,36
1373,5,6,14,15,16,17,24,25,26,27,34,35,36
1374,5,6,14,15,16,17,24,25,26,27,34,35,36
1375,5,6,14,15,16,24,25,26,27,34,35,36
1376,5,6,14,15,16,24,25,26,27,34,35,36
1377,5,14,15,16,24,25,26,34,35,36
1378,5,14,15,16,24,25,26,34,35,36
1379,5,14,15,16,24,25,26,34,35,36
1380,5,14,15,16,24,25,26,34,35,36
1381,5,14,15,16,24,25,26,34,35,36
1382,5,14,15,16,24,25,26,34,35,36
1383,5,14,15,16,24,25,26,34,35,36
1384,5,14,15,16,24,25,26,34,35,36
1385,5,14,15,16,24,25,26,34,35,36
1386,5,14,15,16,24,25,26,34,35,36
1387,5,14,15,16,24,25,26,34,35,36
1388,5,14,15,16,24,25,26,34,35,36
1389,5,6,14,15,16,24,25,26,27,34,35,36
1390,5,6,14,15,16,24,25,26,27,34,35,36
1391,5,6,14,15,16,17,24,25,26,27,34,35,36
1392,5,6,14,15,16,17,24,25,26,27,34,35,36
1393,5,6,14,15,16,17,24,25,26,27,34,35,36
1394,5,6,14,15,16,17,24,25,26,27,34,35,36
1395,5,6,14,15,16,17,24,25,26,27,34,35,36,37
1396,5,6,14,15,16,17,24,25,26,27,34,35,36,37
1397,5,6,14,15,16,17,24,25,26,27,34,35,36,37
1398,5,6,14,15,16,17,24,25,26,27,34,35,36,37
1399,5,6,14,15,16,17,24,25,26,27,35,36,37
1400,5,6,14,15,16,17,24,25,26,27,35,36,37
1401,6,7,14,15,16,17,24,25,26,27,35,36,37
1402,6,7,14,15,16,17,24,25,26,27,35,36,37
1403,6,7,15,16,17,25,26,27,35,36,37
1404,6,7,15,16,17,25,26,27,35,36,37
1405,6,7,15,16,17,25,26,27,35,36,37
1406,6,7,15,16,17,25,26,27,35,36,37
1407,6,7,15,16,17,18,25,26,27,28,35,36,37
1408,6,7,15,16,17,18,25,26,27,28,35,36,37
1409,6,7,15,16,17,18,25,26,27,28,35,36,37
1410,6,7,15,16,17,18,25,26,27,28,35,36,37
1411,6,7,15,16,17,18,25,26,27,28,35,36,37
1412,6,7,15,16,17,18,25,26,27,28,35,36,37
1413,6,7,15,16,17,18,25,26,27,28,35,36,37
1414,6,7,15,16,17,18,25,26,27,28,35,36,37
1415,6,7,15,16,17,18,25,26,27,28,35,36,37
1416,6,7,15,16,17,18,25,26,27,28,35,36,37
1417,6,7,15,16,17,18,25,26,27,28,35,36,37
1418,6,7,15,16,17,18,25,26,27,28,35,36,37
1419,6,7,15,16,17,18,25,26,27,28,35,36,37
1420,6,7,15,16,17,18,25,26,27,28,35,36,37
1421,6,7,15,16,17,25,26,27,35,36,37
1422,6,7,15,16,17,25,26,27,35,36,37
1423,5,6,7,15,16,17,25,26,27,35,36,37
1424,5,6,7,15,16,17,25,26,27,35,36,37
1425,5,6,7,14,15,16,17,24,25,26,27,35,36,37
1426,5,6,7,14,15,16,17,24,25,26,27,35,36,37
1427,5,6,7,14,15,16,17,24,25,26,27,35,36,37
1428,5,6,7,14,15,16,17,24,25,26,27,35,36,37
1429,5,6,7,14,15,16,17,24,25,26,27,35,36,37
1430,5,6,7,14,15,16,17,24,25,26,27,35,36,37
1431,5,6,7,14,15,16,17,24,25,26,27,35,36,37
1432,5,6,7,14,15,16,17,24,25,26,27,35,36,37
1433,5,6,7,14,15,16,17,24,25,26,27,35,36,37
1434,5,6,7,14,15,16,17,24,25,26,27,35,36,37
1435,5,6,7,14,15,16,17,24,25,26,27,35,36,37
1436,5,6,7,14,15,16,17,24,25,26,27,35,36,37
1437,5,6,7,14,15,16,17,24,25,26,27,35,36,37
1438,5,6,7,14,15,16,17,24,25,26,27,35,36,37
1439,5,6,14,15,16,17,24,25,26,27,34,35,36,37
1440,5,6,14,15,16,17,24,25,26,27,34,35,36,37
1441,5,6,14,15,16,17,24,25,26,27,34,35,36,37
1442,5,6,14,15,16,17,24,25,26,27,34,35,36,37
1443,5,6,14,15,16,17,24,25,26,27,34,35,36
1444,5,6,14,15,16,17,24,25,26,27,34,35,36
1445,5,6,14,15,16,17,24,25,26,27,34,35,36
1446,5,6,14,15,16,17,24,25,26,27,34,35,36
1447,5,6,14,15,16,17,24,25,26,27,34,35,36
1448,5,6,14,15,16,17,24,25,26,27,34,35,36
1449,5,6,14,15,16,17,24,25,26,27,34,35,36
1450,5,6,14,15,16,17,24,25,26,27,34,35,36
1451,5,6,14,15,16,17,24,25,26,27,34,35,36
1452,5,6,14,15,16,17,24,25,26,27,34,35,36
1453,5,6,14,15,16,17,24,25,26,27,34,35,36
1454,5,6,14,15,16,17,24,25,26,27,34,35,36
1455,5,6,14,15,16,17,24,25,26,27,34,35,36
1456,5,6,14,15,16,17,24,25,26,27,34,35,36
1457,5,6,14,15,16,17,24,25,26,27,34,35,36
1458,5,6,14,15,16,17,24,25,26,27,34,35,36
1459,5,6,14,15,16,17,24,25,26,27,34,35,36
1460,5,6,14,15,16,17,24,25,26,27,34,35,36
1461,5,6,14,15,16,17,24,25,26,27,34,35,36
1462,5,6,14,15,16,17,24,25,26,27,34,35,36
1463,5,6,14,15,16,17,24,25,26,27,34,35,36
1464,5,6,14,15,16,17,24,25,26,27,34,35,36
1465,5,6,14,15,16,17,24,25,26,27,34,35,36
1466,5,6,14,15,16,17,24,25,26,27,34,35,36
1467,5,6,14,15,16,17,24,25,26,27,34,35,36,37
1468,5,6,14,15,16,17,24,25,26,27,34,35,36,37
1469,5,6,14,15,16,17,24,25,26,27,34,35,36,37
1470,5,6,14,15,16,17,24,25,26,27,34,35,36,37
1471,5,6,14,15,16,17,24,25,26,27,34,35,36,37
1472,5,6,14,15,16,17,24,25,26,27,34,35,36,37
1473,5,6,14,15,16,17,24,25,26,27,34,35,36,37
1474,5,6,14,15,16,17,24,25,26,27,34,35,36,37
1475,5,6,14,15,16,17,24,25,26,27,34,35,36
1476,5,6,14,15,16,17,24,25,26,27,34,35,36
1477,5,6,14,15,16,17,24,25,26,27,34,35,36
1478,5,6,14,15,16,17,24,25,26,27,34,35,36
1479,5,6,14,15,16,17,24,25,26,27,34,35,36
1480,5,6,14,15,16,17,24,25,26,27,34,35,36
1481,5,6,14,15,16,17,24,25,26,27,34,35,36
1482,5,6,14,15,16,17,24,25,26,27,34,35,36
1483,5,6,14,15,16,17,24,25,26,27,34,35,36
1484,5,6,14,15,16,17,24,25,26,27,34,35,36
1485,5,6,14,15,16,17,24,25,26,27,34,35,36
1486,5,6,14,15,16,17,24,25,26,27,34,35,36
1487,5,6,14,15,16,17,24,25,26,27,34,35,36
1488,5,6,14,15,16,17,24,25,26,27,34,35,36
1489,5,6,14,15,16,17,24,25,26,27,34,35,36
1490,5,6,14,15,16,17,24,25,26,27,34,35,36
1491,5,6,14,15,16,17,24,25,26,27,34,35,36
1492,5,6,14,15,16,17,24,25,26,27,34,35,36
1493,5,6,14,15,16,17,24,25,26,27,34,35,36
1494,5,6,14,15,16,17,24,25,26,27,34,35,36
1495,5,6,14,15,16,17,24,25,26,27,34,35,36
1496,5,6,14,15,16,17,24,25,26,27,34,35,36
1497,5,6,14,15,16,17,24,25,26,27,34,35,36
1498,5,6,14,15,16,17,24,25,26,27,34,35,36
1499,5,6,14,15,16,17,24,25,26,27,34,35,36
1500,5,6,14,15,16,17,24,25,26,27,34,35,36
1501,5,6,14,15,16,17,24,25,26,27,34,35,36
1502,5,6,14,15,16,17,24,25,26,27,34,35,36
1503,5,6,14,15,16,17,24,25,26,27,34,35,36
1504,5,6,14,15,16,17,24,25,26,27,34,35,36
1505,5,6,14,15,16,17,24,25,26,27,34,35,36
1506,5,6,14,15,16,17,24,25,26,27,34,35,36
1507,5,6,14,15,16,17,24,25,26,27,34,35,36
1508,5,6,14,15,16,17,24,25,26,27,34,35,36
1509,5,6,14,15,16,17,24,25,26,27,34,35,36
1510,5,6,14,15,16,17,24,25,26,27,34,35,36
1511,5,6,14,15,16,17,24,25,26,27,34,35,36
1512,5,6,14,15,16,17,24,25,26,27,34,35,36
1513,5,6,14,15,16,17,24,25,26,27,34,35,36
1514,5,6,14,15,16,17,24,25,26,27,34,35,36
1515,5,6,14,15,16,17,24,25,26,27,34,35,36
1516,5,6,14,15,16,17,24,25,26,27,34,35,36
1517,5,6,14,15,16,17,24,25,26,27,34,35,36
1518,5,6,14,15,16,17,24,25,26,27,34,35,36
1519,5,6,14,15,16,17,24,25,26,27,34,35,36
1520,5,6,14,15,16,17,24,25,26,27,34,35,36
1521,5,6,14,15,16,17,24,25,26,27,34,35,36
1522,5,6,14,15,16,17,24,25,26,27,34,35,36
1523,5,6,14,15,16,17,24,25,26,27,34,35,36
1524,5,6,14,15,16,17,24,25,26,27,34,35,36
1525,5,6,14,15,16,17,24,25,26,27,34,35,36
1526,5,6,14,15,16,17,24,25,26,27,34,35,36
1527,5,6,14,15,16,17,24,25,26,27,34,35,36
1528,5,6,14,15,16,17,24,25,26,27,34,35,36
1529,5,6,14,15,16,17,24,25,26,27,34,35,36
1530,5,6,14,15,16,17,24,25,26,27,34,35,36
1531,5,6,14,15,16,17,24,25,26,27,34,35,36
1532,5,6,14,15,16,17,24,25,26,27,34,35,36
1533,5,6,14,15,16,17,24,25,26,27,34,35,36
1534,5,6,14,15,16,17,24,25,26,27,34,35,36
1535,5,6,14,15,16,17,24,25,26,27,34,35,36
1536,5,6,14,15,16,17,24,25,26,27,34,35,36
1537,5,6,14,15,16,17,24,25,26,27,34,35,36
1538,5,6,14,15,16,17,24,25,26,27,34,35,36
1539,5,6,14,15,16,17,24,25,26,27,34,35,36
1540,5,6,14,15,16,17,24,25,26,27,34,35,36
1541,5,6,14,15,16,17,24,25,26,27,34,35,36
1542,5,6,14,15,16,17,24,25,26,27,34,35,36
1543,5,6,14,15,16,17,24,25,26,27,34,35,36
1544,5,6,14,15,16,17,24,25,26,27,34,35,36
1545,5,6,14,15,16,17,24,25,26,27,34,35,36
1546,5,6,14,15,16,17,24,25,26,27,34,35,36
1547,5,6,14,15,16,17,24,25,26,27,34,35,36
1548,5,6,14,15,16,17,24,25,26,27,34,35,36
1549,5,6,14,15,16,17,24,25,26,27,34,35,36
1550,5,6,14,15,16,17,24,25,26,27,34,35,36
1551,5,6,14,15,16,17,24,25,26,27,34,35,36
1552,5,6,14,15,16,17,24,25,26,27,34,35,36
1553,5,6,14,15,16,17,24,25,26,27,34,35,36
1554,5,6,14,15,16,17,24,25,26,27,34,35,36
1555,5,6,14,15,16,17,24,25,26,27,34,35,36
1556,5,6,14,15,16,17,24,25,26,27,34,35,36
1557,5,6,14,15,16,17,24,25,26,27,34,35,36
1558,5,6,14,15,16,17,24,25,26,27,34,35,36
1559,5,6,14,15,16,17,24,25,26,27,34,35,36
1560,5,6,14,15,16,17,24,25,26,27,34,35,36
1561,5,6,14,15,16,17,24,25,26,27,34,35,36
1562,5,6,14,15,16,17,24,25,26,27,34,35,36
1563,5,6,14,15,16,17,24,25,26,27,34,35,36
1564,5,6,14,15,16,17,24,25,26,27,34,35,36
1565,5,6,14,15,16,17,24,25,26,27,34,35,36
1566,5,6,14,15,16,17,24,25,26,27,34,35,36
1567,5,6,14,15,16,17,24,25,26,27,34,35,36
1568,5,6,14,15,16,17,24,25,26,27,34,35,36
1569,5,6,14,15,16,17,24,25,26,27,34,35,36
1570,5,6,14,15,16,17,24,25,26,27,34,35,36
1571,5,6,14,15,16,17,24,25,26,27,34,35,36
1572,5,6,14,15,16,17,24,25,26,27,34,35,36
1573,5,6,14,15,16,17,24,25,26,27,34,35,36
1574,5,6,14,15,16,17,24,25,26,27,34,35,36
1575,5,6,14,15,16,17,24,25,26,27,34,35,36
1576,5,6,14,15,16,17,24,25,26,27,34,35,36
1577,5,6,14,15,16,17,24,25,26,27,34,35,36
1578,5,6,14,15,16,17,24,25,26,27,34,35,36
1579,5,6,14,15,16,17,24,25,26,27,34,35,36
1580,5,6,14,15,16,17,24,25,26,27,34,35,36
1581,5,6,14,15,16,17,24,25,26,27,34,35,36
1582,5,6,14,15,16,17,24,25,26,27,34,35,36
1583,5,6,14,15,16,17,24,25,26,27,34,35,36
1584,5,6,14,15,16,17,24,25,26,27,34,35,36
1585,5,6,14,15,16,17,24,25,26,27,34,35,36
1586,5,6,14,15,16,17,24,25,26,27,34,35,36
1587,5,6,14,15,16,17,24,25,26,27,34,35,36
1588,5,6,14,15,16,17,24,25,26,27,34,35,36
1589,5,6,14,15,16,17,24,25,26,27,34,35,36
1590,5,6,14,15,16,17,24,25,26,27,34,35,36
1591,5,6,14,15,16,17,24,25,26,27,34,35,36
1592,5,6,14,15,16,17,24,25,26,27,34,35,36
1593,5,6,14,15,16,17,24,25,26,27,34,35,36
1594,5,6,14,15,16,17,24,25,26,27,34,35,36
1595,5,6,14,15,16,17,24,25,26,27,34,35,36
1596,5,6,14,15,16,17,24,25,26,27,34,35,36
1597,5,6,14,15,16,17,24,25,26,27,34,35,36
1598,5,6,14,15,16,17,24,25,26,27,34,35,36
1599,5,6,14,15,16,17,24,25,26,27,34,35,36
1600,5,6,14,15,16,17,24,25,26,27,34,35,36
1601,5,6,14,15,16,17,24,25,26,27,34,35,36
1602,5,6,14,15,16,17,24,25,26,27,34,35,36
1603,5,6,14,15,16,17,24,25,26,27,34,35,36
1604,5,6,14,15,16,17,24,25,26,27,34,35,36
1605,5,6,14,15,16,17,24,25,26,27,34,35,36
1606,5,6,14,15,16,17,24,25,26,27,34,35,36
1607,5,6,14,15,16,17,24,25,26,27,34,35,36
1608,5,6,14,15,16,17,24,25,26,27,34,35,36
1609,5,6,14,15,16,17,24,25,26,27,34,35,36
1610,5,6,14,15,16,17,24,25,26,27,34,35,36
1611,5,6,14,15,16,17,24,25,26,27,34,35,36
1612,5,6,14,15,16,17,24,25,26,27,34,35,36
1613,5,6,14,15,16,17,24,25,26,27,34,35,36
1614,5,6,14,15,16,17,24,25,26,27,34,35,36
1615,5,6,14,15,16,17,24,25,26,27,34,35,36
1616,5,6,14,15,16,17,24,25,26,27,34,35,36
1617,5,6,14,15,16,17,24,25,26,27,34,35,36
1618,5,6,14,15,16,17,24,25,26,27,34,35,36
1619,5,6,14,15,16,17,24,25,26,27,34,35,36
1620,5,6,14,15,16,17,24,25,26,27,34,35,36
1621,5,6,14,15,16,17,24,25,26,27,34,35,36
1622,5,6,14,15,16,17,24,25,26,27,34,35,36
1623,5,6,14,15,16,17,24,25,26,27,34,35,36
1624,5,6,14,15,16,17,24,25,26,27,34,35,36
1625,5,6,14,15,16,17,24,25,26,27,34,35,36
1626,5,6,14,15,16,17,24,25,26,27,34,35,36
1627,5,6,14,15,16,17,24,25,26,27,34,35,36
1628,5,6,14,15,16,17,24,25,26,27,34,35,36
1629,5,6,14,15,16,17,24,25,26,27,34,35,36
1630,5,6,14,15,16,17,24,25,26,27,34,35,36
1631,5,6,14,15,16,17,24,25,26,27,34,35,36
1632,5,6,14,15,16,17,24,25,26,27,34,35,36
1633,5,6,14,15,16,17,24,25,26,27,34,35,36
1634,5,6,14,15,16,17,24,25,26,27,34,35,36
1635,5,6,14,15,16,17,24,25,26,27,34,35,36
1636,5,6,14,15,16,17,24,25,26,27,34,35,36
1637,5,6,14,15,16,17,24,25,26,27,34,35,36
1638,5,6,14,15,16,17,24,25,26,27,34,35,36
1639,5,6,14,15,16,17,24,25,26,27,34,35,36
1640,5,6,14,15,16,17,24,25,26,27,34,35,36
1641,5,6,14,15,16,17,24,25,26,27,34,35,36
1642,5,6,14,15,16,17,24,25,26,27,34,35,36
1643,5,6,14,15,16,17,24,25,26,27,34,35,36
1644,5,6,14,15,16,17,24,25,26,27,34,35,36
1645,5,6,14,15,16,17,24,25,26,27,34,35,36
1646,5,6,14,15,16,17,24,25,26,27,34,35,36
1647,5,6,14,15,16,17,24,25,26,27,34,35,36
1648,5,6,14,15,16,17,24,25,26,27,34,35,36
1649,5,6,14,15,16,17,24,25,26,27,34,35,36
1650,5,6,14,15,16,17,24,25,26,27,34,35,36
1651,5,6,14,15,16,17,24,25,26,27,34,35,36
1652,5,6,14,15,16,17,24,25,26,27,34,35,36
1653,5,6,14,15,16,17,24,25,26,27,34,35,36
1654,5,6,14,15,16,17,24,25,26,27,34,35,36
1655,5,6,14,15,16,17,24,25,26,27,34,35,36
1656,5,6,14,15,16,17,24,25,26,27,34,35,36
1657,5,6,14,15,16,17,24,25,26,27,34,35,36
1658,5,6,14,15,16,17,24,25,26,27,34,35,36
1659,5,6,14,15,16,17,24,25,26,27,34,35,36
1660,5,6,14,15,16,17,24,25,26,27,34,35,36
1661,5,6,14,15,16,17,24,25,26,27,34,35,36
1662,5,6,14,15,16,17,24,25,26,27,34,35,36
1663,5,6,14,15,16,17,24,25,26,27,34,35,36
1664,5,6,14,15,16,17,24,25,26,27,34,35,36
1665,5,6,14,15,16,17,24,25,26,27,34,35,36
1666,5,6,14,15,16,17,24,25,26,27,34,35,36
1667,5,6,14,15,16,17,24,25,26,27,34,35,36
1668,5,6,14,15,16,17,24,25,26,27,34,35,36
1669,5,6,14,15,16,17,24,25,26,27,34,35,36
1670,5,6,14,15,16,17,24,25,26,27,34,35,36
1671,5,6,14,15,16,17,24,25,26,27,34,35,36
1672,5,6,14,15,16,17,24,25,26,27,34,35,36
1673,5,6,14,15,16,17,24,25,26,27,34,35,36
1674,5,6,14,15,16,17,24,25,26,27,34,35,36
1675,5,6,14,15,16,17,24,25,26,27,34,35,36
1676,5,6,14,15,16,17,24,25,26,27,34,35,36
1677,5,6,14,15,16,17,24,25,26,27,34,35,36
1678,5,6,14,15,16,17,24,25,26,27,34,35,36
1679,5,6,14,15,16,17,24,25,26,27,34,35,36
1680,5,6,14,15,16,17,24,25,26,27,34,35,36
1681,5,6,14,15,16,17,24,25,26,27,34,35,36
1682,5,6,14,15,16,17,24,25,26,27,34,35,36
1683,5,6,14,15,16,17,24,25,26,27,34,35,36
1684,5,6,14,15,16,17,24,25,26,27,34,35,36
1685,5,6,14,15,16,17,24,25,26,27,34,35,36
1686,5,6,14,15,16,17,24,25,26,27,34,35,36
1687,5,6,14,15,16,17,24,25,26,27,34,35,36
1688,5,6,14,15,16,17,24,25,26,27,34,35,36
1689,5,6,14,15,16,17,24,25,26,27,34,35,36
1690,5,6,14,15,16,17,24,25,26,27,34,35,36
1691,5,6,14,15,16,17,24,25,26,27,34,35,36
1692,5,6,14,15,16,17,24,25,26,27,34,35,36
1693,5,6,14,15,16,17,24,25,26,27,34,35,36
1694,5,6,14,15,16,17,24,25,26,27,34,35,36
1695,5,6,14,15,16,17,24,25,26,27,34,35,36
1696,5,6,14,15,16,17,24,25,26,27,34,35,36
1697,5,6,14,15,16,17,24,25,26,27,34,35,36
1698,5,6,14,15,16,17,24,25,26,27,34,35,36
1699,5,6,14,15,16,17,24,25,26,27,34,35,36
1700,5,6,14,15,16,17,24,25,26,27,34,35,36
1701,5,6,14,15,16,17,24,25,26,27,34,35,36
1702,5,6,14,15,16,17,24,25,26,27,34,35,36
1703,5,6,14,15,16,17,24,25,26,27,34,35,36
1704,5,6,14,15,16,17,24,25,26,27,34,35,36
1705,5,6,14,15,16,17,24,25,26,27,34,35,36
1706,5,6,14,15,16,17,24,25,26,27,34,35,36
1707,5,6,14,15,16,17,24,25,26,27,34,35,36
1708,5,6,14,15,16,17,24,25,26,27,34,35,36
1709,5,6,14,15,16,17,24,25,26,27,34,35,36
1710,5,6,14,15,16,17,24,25,26,27,34,35,36
1711,5,6,14,15,16,17,24,25,26,27,34,35,36
1712,5,6,14,15,16,17,24,25,26,27,34,35,36
1713,5,6,14,15,16,17,24,25,26,27,34,35,36
1714,5,6,14,15,16,17,24,25,26,27,34,35,36
1715,5,6,14,15,16,17,24,25,26,27,34,35,36
1716,5,6,14,15,16,17,24,25,26,27,34,35,36
1717,5,6,14,15,16,17,24,25,26,27,34,35,36
1718,5,6,14,15,16,17,24,25,26,27,34,35,36
1719,5,6,14,15,16,17,24,25,26,27,34,35,36
1720,5,6,14,15,16,17,24,25,26,27,34,35,36
1721,5,6,14,15,16,17,24,25,26,27,34,35,36
1722,5,6,14,15,16,17,24,25,26,27,34,35,36
1723,5,6,14,15,16,17,24,25,26,27,34,35,36
1724,5,6,14,15,16,17,24,25,26,27,34,35,36
1725,5,6,14,15,16,17,24,25,26,27,34,35,36
1726,5,6,14,15,16,17,24,25,26,27,34,35,36
1727,5,6,14,15,16,17,24,25,26,27,34,35,36
1728,5,6,14,15,16,17,24,25,26,27,34,35,36
1729,5,6,14,15,16,17,24,25,26,27,34,35,36
1730,5,6,14,15,16,17,24,25,26,27,34,35,36
1731,5,6,14,15,16,17,24,25,26,27,34,35,36
1732,5,6,14,15,16,17,24,25,26,27,34,35,36
1733,5,6,14,15,16,17,24,25,26,27,34,35,36
1734,5,6,14,15,16,17,24,25,26,27,34,35,36
1735,5,6,14,15,16,17,24,25,26,27,34,35,36
1736,5,6,14,15,16,17,24,25,26,27,34,35,36
1737,5,6,14,15,16,17,24,25,26,27,34,35,36
1738,5,6,14,15,16,17,24,25,26,27,34,35,36
1739,5,6,14,15,16,17,24,25,26,27,34,35,36
1740,5,6,14,15,16,17,24,25,26,27,34,35,36
1741,5,6,14,15,16,17,24,25,26,27,34,35,36
1742,5,6,14,15,16,17,24,25,26,27,34,35,36
1743,5,6,14,15,16,17,24,25,26,27,34,35,36
1744,5,6,14,15,16,17,24,25,26,27,34,35,36
1745,5,6,14,15,16,17,24,25,26,27,34,35,36
1746,5,6,14,15,16,17,24,25,26,27,34,35,36
1747,5,6,14,15,16,17,24,25,26,27,34,35,36
1748,5,6,14,15,16,17,24,25,26,27,34,35,36
1749,5,6,14,15,16,17,24,25,26,27,34,35,36
1750,5,6,14,15,16,17,24,25,26,27,34,35,36
1751,5,6,14,15,16,17,24,25,26,27,34,35,36
1752,5,6,14,15,16,17,24,25,26,27,34,35,36
1753,5,6,14,15,16,17,24,25,26,27,34,35,36
1754,5,6,14,15,16,17,24,25,26,27,34,35,36
1755,5,6,14,15,16,17,24,25,26,27,34,35,36
1756,5,6,14,15,16,17,24,25,26,27,34,35,36
1757,5,6,14,15,16,17,24,25,26,27,34,35,36
1758,5,6,14,15,16,17,24,25,26,27,34,35,36
1759,5,6,14,15,16,17,24,25,26,27,34,35,36
1760,5,6,14,15,16,17,24,25,26,27,34,35,36
1761,5,6,14,15,16,17,24,25,26,27,34,35,36
1762,5,6,14,15,16,17,24,25,26,27,34,35,36
1763,5,6,14,15,16,17,24,25,26,27,34,35,36
1764,5,6,14,15,16,17,24,25,26,27,34,35,36
1765,5,6,14,15,16,17,24,25,26,27,34,35,36
1766,5,6,14,15,16,17,24,25,26,27,34,35,36
1767,5,6,14,15,16,17,24,25,26,27,34,35,36
1768,5,6,14,15,16,17,24,25,26,27,34,35,36
1769,5,6,14,15,16,17,24,25,26,27,34,35,36
1770,5,6,14,15,16,17,24,25,26,27,34,35,36
1771,5,6,14,15,16,17,24,25,26,27,34,35,36
1772,5,6,14,15,16,17,24,25,26,27,34,35,36
1773,5,6,14,15,16,17,24,25,26,27,34,35,36
1774,5,6,14,15,16,17,24,25,26,27,34,35,36
1775,5,6,14,15,16,17,24,25,26,27,34,35,36
1776,5,6,14,15,16,17,24,25,26,27,34,35,36
1777,5,6,14,15,16,17,24,25,26,27,34,35,36
1778,5,6,14,15,16,17,24,25,26,27,34,35,36
1779,5,6,14,15,16,17,24,25,26,27,34,35,36
1780,5,6,14,15,16,17,24,25,26,27,34,35,36
1781,5,6,14,15,16,17,24,25,26,27,34,35,36
1782,5,6,14,15,16,17,24,25,26,27,34,35,36
1783,5,6,14,15,16,17,24,25,26,27,34,35,36
1784,5,6,14,15,16,17,24,25,26,27,34,35,36
1785,5,6,14,15,16,17,24,25,26,27,34,35,36
1786,5,6,14,15,16,17,24,25,26,27,34,35,36
1787,5,6,14,15,16,17,24,25,26,27,34,35,36
1788,5,6,14,15,16,17,24,25,26,27,34,35,36
1789,5,6,14,15,16,17,24,25,26,27,34,35,36
1790,5,6,14,15,16,17,24,25,26,27,34,35,36
1791,5,6,14,15,16,17,24,25,26,27,34,35,36
1792,5,6,14,15,16,17,24,25,26,27,34,35,36
1793,5,6,14,15,16,17,24,25,26,27,34,35,36
1794,5,6,14,15,16,17,24,25,26,27,34,35,36
1795,5,6,14,15,16,17,24,25,26,27,34,35,36
1796,5,6,14,15,16,17,24,25,26,27,34,35,36
1797,5,6,14,15,16,17,24,25,26,27,34,35,36
1798,5,6,14,15,16,17,24,25,26,27,34,35,36
1799,5,6,14,15,16,17,24,25,26,27,34,35,36
1800,5,6,14,15,16,17,24,25,26,27,34,35,36
