1,7,8,9,12,13,14,17,18,19
2,7,8,9,12,13,14,17,18,19
3,7,8,9,12,13,14,17,18,19
4,7,8,9,12,13,14,17,18,19
5,7,8,9,12,13,14,17,18,19
6,7,8,9,12,13,14,17,18,19
7,7,8,9,12,13,14,17,18,19
8,7,8,9,12,13,14,17,18,19
9,7,8,9,12,13,14,17,18,19
10,7,8,9,12,13,14,17,18,19
11,7,8,9,12,13,14,17,18,19
12,7,8,9,12,13,14,17,18,19
13,7,8,9,12,13,14,17,18,19
14,7,8,9,12,13,14,17,18,19
15,7,8,9,12,13,14,17,18,19
16,7,8,9,12,13,14,17,18,19
17,7,8,9,12,13,14,17,18,19
18,7,8,9,12,13,14,17,18,19
19,7,8,9,12,13,14,17,18,19
20,7,8,9,12,13,14,17,18,19
21,7,8,9,12,13,14,17,18,19
22,7,8,9,12,13,14,17,18,19
23,7,8,9,12,13,14,17,18,19
24,7,8,9,12,13,14,17,18,19
25,7,8,9,12,13,14,17,18,19
26,7,8,9,12,13,14,17,18,19
27,7,8,9,12,13,14,17,18,19
28,7,8,9,12,13,14,17,18,19
29,7,8,9,12,13,14,17,18,19
30,7,8,9,12,13,14,17,18,19
31,7,8,9,12,13,14,17,18,19
32,7,8,9,12,13,14,17,18,19
33,7,8,9,12,13,14,17,18,19
34,7,8,9,12,13,14,17,18,19
35,3,7,8,9,12,13,14,17,18,19
36,3,7,8,9,12,13,14,17,18,19
37,3,7,8,9,12,13,14,17,18,19
38,3,7,8,9,12,13,14,17,18,19
39,3,7,8,9,12,13,14,17,18,19
40,3,7,8,9,12,13,14,17,18,19
41,3,7,8,9,12,13,14,17,18,19
42,3,7,8,9,12,13,14,17,18,19
43,3,7,8,9,12,13,14,17,18,19
44,3,7,8,9,12,13,14,17,18,19
45,3,7,8,9,12,13,14,17,18,19
46,3,7,8,9,12,13,14,17,18,19
47,3,7,8,9,12,13,14,17,18,19
48,3,7,8,9,12,13,14,17,18,19
49,3,7,8,9,12,13,14,17,18,19
50,3,7,8,9,12,13,14,17,18,19
51,3,7,8,9,12,13,14,17,18,19
52,3,7,8,9,12,13,14,17,18,19
53,3,7,8,9,12,13,14,17,18,19
54,3,7,8,9,12,13,14,17,18,19
55,3,7,8,9,12,13,14,17,18,19
56,3,7,8,9,12,13,14,17,18,19
57,3,7,8,9,12,13,14,17,18,19
58,3,7,8,9,12,13,14,17,18,19
59,3,7,8,9,12,13,14,17,18,19
60,3,7,8,9,12,13,14,17,18,19
61,3,7,8,9,12,13,14,17,18,19
62,3,7,8,9,12,13,14,17,18,19
63,3,7,8,9,12,13,14,17,18,19
64,3,7,8,9,12,13,14,17,18,19
65,3,7,8,9,12,13,14,17,18,19
66,3,7,8,9,12,13,14,17,18,19
67,3,7,8,9,12,13,14,17,18,19
68,3,7,8,9,12,13,14,17,18,19
69,3,7,8,9,12,13,14,17,18,19
70,3,7,8,9,12,13,14,17,18,19
71,3,7,8,9,12,13,14,17,18,19
72,3,7,8,9,12,13,14,17,18,19
73,3,7,8,9,12,13,14,17,18,19
74,3,7,8,9,12,13,14,17,18,19
75,3,7,8,9,12,13,14,17,18,19
76,3,7,8,9,12,13,14,17,18,19
77,3,7,8,9,12,13,14,17,18,19
78,3,7,8,9,12,13,14,17,18,19
79,3,7,8,9,12,13,14,17,18,19
80,3,7,8,9,12,13,14,17,18,19
81,3,7,8,9,12,13,14,17,18,19
82,3,7,8,9,12,13,14,17,18,19
83,3,7,8,9,12,13,14,17,18,19
84,3,7,8,9,12,13,14,17,18,19
85,3,7,8,9,12,13,14,17,18,19
86,3,7,8,9,12,13,14,17,18,19
87,7,8,9,12,13,14,17,18,19
88,7,8,9,12,13,14,17,18,19
89,7,8,9,12,13,14,17,18,19
90,7,8,9,12,13,14,17,18,19
91,3,7,8,9,12,13,14,17,18,19
92,3,7,8,9,12,13,14,17,18,19
93,3,7,8,9,12,13,14,17,18,19
94,3,7,8,9,12,13,14,17,18,19
95,3,7,8,9,12,13,14,17,18,19
96,3,7,8,9,12,13,14,17,18,19
97,3,7,8,9,12,13,14,17,18,19
98,3,7,8,9,12,13,14,17,18,19
99,3,7,8,9,12,13,14,17,18,19
100,3,7,8,9,12,13,14,17,18,19
101,3,7,8,9,12,13,14,17,18,19
102,3,7,8,9,12,13,14,17,18,19
103,3,7,8,9,12,13,14,17,18,19
104,3,7,8,9,12,13,14,17,18,19
105,3,7,8,9,12,13,14,17,18,19
106,3,7,8,9,12,13,14,17,18,19
107,3,7,8,9,12,13,14,17,18,19
108,3,7,8,9,12,13,14,17,18,19
109,3,7,8,9,12,13,14,17,18,19
110,3,7,8,9,12,13,14,17,18,19
111,3,7,8,9,12,13,14,17,18,19
112,3,7,8,9,12,13,14,17,18,19
113,3,7,8,9,12,13,14,17,18,19
114,3,7,8,9,12,13,14,17,18,19
115,3,7,8,9,12,13,14,17,18,19
116,3,7,8,9,12,13,14,17,18,19
117,3,7,8,9,12,13,14,17,18,19
118,3,7,8,9,12,13,14,17,18,19
119,3,7,8,9,12,13,14,17,18,19
120,3,7,8,9,12,13,14,17,18,19
121,3,7,8,9,12,13,14,17,18,19
122,3,7,8,9,12,13,14,17,18,19
123,3,7,8,9,12,13,14,17,18,19
124,3,7,8,9,12,13,14,17,18,19
125,3,7,8,9,12,13,14,17,18,19
126,3,7,8,9,12,13,14,17,18,19
127,3,7,8,9,12,13,14,18,19
128,3,7,8,9,12,13,14,18,19
129,3,4,7,8,9,12,13,14,18,19
130,3,4,7,8,9,12,13,14,18,19
131,3,4,7,8,9,12,13,14,18,19
132,3,4,7,8,9,12,13,14,18,19
133,3,4,7,8,9,12,13,14,18,19
134,3,4,7,8,9,12,13,14,18,19
135,3,4,7,8,9,12,13,14,18,19
136,3,4,7,8,9,12,13,14,18,19
137,3,4,8,9,13,14,18,19
138,3,4,8,9,13,14,18,19
139,3,4,8,9,13,14,18,19
140,3,4,8,9,13,14,18,19
141,3,4,8,9,13,14,18,19
142,3,4,8,9,13,14,18,19
143,3,4,8,9,13,14,18,19
144,3,4,8,9,13,14,18,19
145,3,4,8,9,13,14,18,19
146,3,4,8,9,13,14,18,19
147,3,4,8,9,13,14,18,19
148,3,4,8,9,13,14,18,19
149,3,4,8,9,13,14,18,19
150,3,4,8,9,13,14,18,19
151,3,4,8,9,13,14,18,19
152,3,4,8,9,13,14,18,19
153,3,4,8,9,13,14,18,19
154,3,4,8,9,13,14,18,19
155,3,4,8,9,13,14,18,19
156,3,4,8,9,13,14,18,19
157,3,4,8,9,13,14,18,19
158,3,4,8,9,13,14,18,19
159,3,4,8,9,13,14,18,19
160,3,4,8,9,13,14,18,19
161,3,4,8,9,13,14,18,19
162,3,4,8,9,13,14,18,19
163,3,4,8,9,13,14,18,19
164,3,4,8,9,13,14,18,19
165,3,4,8,9,13,14,18,19
166,3,4,8,9,13,14,18,19
167,3,4,8,9,13,14,18,19
168,3,4,8,9,13,14,18,19
169,3,4,8,9,13,14,18,19
170,3,4,8,9,13,14,18,19
171,3,4,8,9,13,14,18,19
172,3,4,8,9,13,14,18,19
173,3,4,8,9,13,14,18,19
174,3,4,8,9,13,14,18,19
175,3,4,8,9,13,14,18,19
176,3,4,8,9,13,14,18,19
177,3,4,8,9,13,14,18,19
178,3,4,8,9,13,14,18,19
179,3,4,8,9,13,14,18,19
180,3,4,8,9,13,14,18,19
181,3,4,8,9,13,14,18,19
182,3,4,8,9,13,14,18,19
183,3,4,8,9,13,14,18,19
184,3,4,8,9,13,14,18,19
185,3,4,8,9,13,14,18,19
186,3,4,8,9,13,14,18,19
187,3,4,8,9,13,14,18,19
188,3,4,8,9,13,14,18,19
189,3,4,8,9,13,14,18,19
190,3,4,8,9,13,14,18,19
191,3,4,8,9,13,14,18,19
192,3,4,8,9,13,14,18,19
193,3,4,8,9,13,14,18,19
194,3,4,8,9,13,14,18,19
195,3,4,8,9,13,14,18,19
196,3,4,8,9,13,14,18,19
197,3,4,8,9,13,14,18,19
198,3,4,8,9,13,14,18,19
199,3,4,8,9,13,14,18,19
200,3,4,8,9,13,14,18,19
201,3,4,8,9,13,14,18,19
202,3,4,8,9,13,14,18,19
203,3,4,8,9,13,14,18,19
204,3,4,8,9,13,14,18,19
205,3,4,8,9,13,14,18,19
206,3,4,8,9,13,14,18,19
207,3,4,8,9,13,14,18,19
208,3,4,8,9,13,14,18,19
209,3,4,8,9,13,14,18,19
210,3,4,8,9,13,14,18,19
211,3,4,8,9,13,14,18,19
212,3,4,8,9,13,14,18,19
213,3,4,8,9,13,14,18,19
214,3,4,8,9,13,14,18,19
215,3,4,8,9,13,14,18,19
216,3,4,8,9,13,14,18,19
217,3,4,8,9,13,14,18,19
218,3,4,8,9,13,14,18,19
219,3,4,8,9,13,14,18,19
220,3,4,8,9,13,14,18,19
221,3,4,8,9,13,14,18,19
222,3,4,8,9,13,14,18,19
223,3,4,8,9,13,14,18,19
224,3,4,8,9,13,14,18,19
225,3,4,8,9,13,14,18,19
226,3,4,8,9,13,14,18,19
227,3,4,8,9,13,14,18,19
228,3,4,8,9,13,14,18,19
229,3,4,8,9,13,14,18,19
230,3,4,8,9,13,14,18,19
231,3,4,7,8,9,12,13,14,18,19
232,3,4,7,8,9,12,13,14,18,19
233,3,4,7,8,9,12,13,14,18,19
234,3,4,7,8,9,12,13,14,18,19
235,3,4,7,8,9,12,13,14,18,19
236,3,4,7,8,9,12,13,14,18,19
237,3,4,7,8,9,12,13,14,18,19
238,3,4,7,8,9,12,13,14,18,19
239,3,4,7,8,9,12,13,14,18,19
240,3,4,7,8,9,12,13,14,18,19
241,3,4,7,8,9,12,13,14,18,19
242,3,4,7,8,9,12,13,14,18,19
243,3,4,7,8,9,12,13,14,18,19
244,3,4,7,8,9,12,13,14,18,19
245,3,4,7,8,9,12,13,14,18,19
246,3,4,7,8,9,12,13,14,18,19
247,3,4,7,8,9,12,13,14,18,19
248,3,4,7,8,9,12,13,14,18,19
249,3,4,7,8,9,12,13,14,18,19
250,3,4,7,8,9,12,13,14,18,19
251,3,4,7,8,9,12,13,14,18,19
252,3,4,7,8,9,12,13,14,18,19
253,3,4,7,8,9,12,13,14,18,19
254,3,4,7,8,9,12,13,14,18,19
255,3,4,7,8,9,12,13,14,18,19
256,3,4,7,8,9,12,13,14,18,19
257,3,4,7,8,9,12,13,14,18,19
258,3,4,7,8,9,12,13,14,18,19
259,3,4,7,8,9,12,13,14,18,19
260,3,4,7,8,9,12,13,14,18,19
261,3,4,7,8,9,12,13,14,18,19
262,3,4,7,8,9,12,13,14,18,19
263,3,4,7,8,9,12,13,14,18,19
264,3,4,7,8,9,12,13,14,18,19
265,3,4,7,8,9,12,13,14,18,19
266,3,4,7,8,9,12,13,14,18,19
267,3,4,7,8,9,12,13,14,18,19
268,3,4,7,8,9,12,13,14,18,19
269,3,4,7,8,9,12,13,14,18,19
270,3,4,7,8,9,12,13,14,18,19
271,3,4,7,8,9,12,13,14,18,19
272,3,4,7,8,9,12,13,14,18,19
273,3,4,7,8,9,12,13,14,18,19
274,3,4,7,8,9,12,13,14,18,19
275,3,7,8,9,12,13,14,17,18,19
276,3,7,8,9,12,13,14,17,18,19
277,3,7,8,9,12,13,14,17,18
278,3,7,8,9,12,13,14,17,18
279,3,7,8,9,12,13,14,17,18
280,3,7,8,9,12,13,14,17,18
281,3,7,8,9,12,13,14,17,18
282,3,7,8,9,12,13,14,17,18
283,3,7,8,9,12,13,14,17,18
284,3,7,8,9,12,13,14,17,18
285,3,7,8,9,12,13,14,17,18
286,3,7,8,9,12,13,14,17,18
287,3,7,8,9,12,13,14,17,18
288,3,7,8,9,12,13,14,17,18
289,3,7,8,12,13,17,18
290,3,7,8,12,13,17,18
291,3,7,8,12,13,17,18
292,3,7,8,12,13,17,18
293,3,7,8,12,13,17,18
294,3,7,8,12,13,17,18
295,2,3,7,8,12,13,17,18
296,2,3,7,8,12,13,17,18
297,2,3,7,8,12,13,17,18
298,2,3,7,8,12,13,17,18
299,2,3,7,8,12,13,17,18
300,2,3,7,8,12,13,17,18
301,2,3,7,8,12,13,17,18
302,2,3,7,8,12,13,17,18
303,2,3,7,8,12,13,17,18
304,2,3,7,8,12,13,17,18
305,2,3,7,8,12,13,17,18
306,2,3,7,8,12,13,17,18
307,2,3,7,8,12,13,17,18
308,2,3,7,8,12,13,17,18
309,2,3,7,8,12,13,17,18
310,2,3,7,8,12,13,17,18
311,2,3,7,8,12,13,17,18
312,2,3,7,8,12,13,17,18
313,2,3,7,8,12,13,17,18
314,2,3,7,8,12,13,17,18
315,2,3,7,8,12,13,17,18
316,2,3,7,8,12,13,17,18
317,2,3,7,8,12,13,17,18
318,2,3,7,8,12,13,17,18
319,2,3,7,8,12,13,17,18
320,2,3,7,8,12,13,17,18
321,2,3,7,8,12,13,17,18
322,2,3,7,8,12,13,17,18
323,3,7,8,12,13,17,18
324,3,7,8,12,13,17,18
325,3,7,8,12,13,17,18
326,3,7,8,12,13,17,18
327,3,7,8,12,13,17,18
328,3,7,8,12,13,17,18
329,3,7,8,12,13,17,18
330,3,7,8,12,13,17,18
331,3,7,8,12,13,17,18
332,3,7,8,12,13,17,18
333,3,7,8,12,13,17,18
334,3,7,8,12,13,17,18
335,3,7,8,12,13,17,18
336,3,7,8,12,13,17,18
337,3,7,8,12,13,17,18
338,3,7,8,12,13,17,18
339,3,7,8,12,13,17,18
340,3,7,8,12,13,17,18
341,3,7,8,12,13,17,18
342,3,7,8,12,13,17,18
343,3,7,8,12,13,17,18
344,3,7,8,12,13,17,18
345,3,7,8,12,13,17,18
346,3,7,8,12,13,17,18
347,3,7,8,12,13,17,18
348,3,7,8,12,13,17,18
349,3,7,8,12,13,17,18
350,3,7,8,12,13,17,18
351,3,7,8,12,13,17,18
352,3,7,8,12,13,17,18
353,3,7,8,12,13,17,18
354,3,7,8,12,13,17,18
355,2,3,7,8,12,13,17,18
356,2,3,7,8,12,13,17,18
357,2,3,7,8,12,13,17,18
358,2,3,7,8,12,13,17,18
359,2,3,7,8,12,13,17,18
360,2,3,7,8,12,13,17,18
361,2,3,7,8,12,13,17,18
362,2,3,7,8,12,13,17,18
363,2,3,7,8,12,13,17,18
364,2,3,7,8,12,13,17,18
365,2,3,7,8,12,13,17,18
366,2,3,7,8,12,13,17,18
367,2,3,7,8,12,13,17,18
368,2,3,7,8,12,13,17,18
369,2,3,7,8,12,13,17,18
370,2,3,7,8,12,13,17,18
371,2,3,7,8,12,13,17,18
372,2,3,7,8,12,13,17,18
373,2,3,7,8,12,13,17,18
374,2,3,7,8,12,13,17,18
375,2,3,7,8,12,13,17,18
376,2,3,7,8,12,13,17,18
377,2,3,7,8,12,13,17,18
378,2,3,7,8,12,13,17,18
379,2,3,7,8,12,13,17,18
380,2,3,7,8,12,13,17,18
381,2,3,7,8,12,13,17,18
382,2,3,7,8,12,13,17,18
383,2,3,7,8,12,13,17,18
384,2,3,7,8,12,13,17,18
385,2,3,7,8,12,13,17,18
386,2,3,7,8,12,13,17,18
387,2,3,6,7,8,11,12,13,17,18
388,2,3,6,7,8,11,12,13,17,18
389,2,6,7,8,11,12,13,16,17,18
390,2,6,7,8,11,12,13,16,17,18
391,2,6,7,8,11,12,13,16,17,18
392,2,6,7,8,11,12,13,16,17,18
393,2,6,7,8,11,12,13,16,17
394,2,6,7,8,11,12,13,16,17
395,2,6,7,8,11,12,13,16,17
396,2,6,7,8,11,12,13,16,17
397,2,6,7,11,12,16,17
398,2,6,7,11,12,16,17
399,1,2,6,7,11,12,16,17
400,1,2,6,7,11,12,16,17
401,1,2,6,7,11,12,16,17
402,1,2,6,7,11,12,16,17
403,1,2,6,7,11,12,16,17
404,1,2,6,7,11,12,16,17
405,1,2,6,7,11,12,16,17
406,1,2,6,7,11,12,16,17
407,1,2,6,7,11,12,16,17
408,1,2,6,7,11,12,16,17
409,6,7,11,12,16,17
410,6,7,11,12,16,17
411,6,7,11,12,16,17,21
412,6,7,11,12,16,17,21
413,6,7,11,12,15,16,17,21
414,6,7,11,12,15,16,17,21
415,6,7,11,12,15,16,17,20,21
416,6,7,11,12,15,16,17,20,21
417,6,7,10,11,12,15,16,17,20,21
418,6,7,10,11,12,15,16,17,20,21
419,6,7,10,11,12,15,16,17,20,21
420,6,7,10,11,12,15,16,17,20,21
421,6,7,10,11,12,15,16,17,20,21
422,6,7,10,11,12,15,16,17,20,21
423,6,7,10,11,12,15,16,17,20,21
424,6,7,10,11,12,15,16,17,20,21
425,6,7,10,11,12,15,16,17,20,21
426,6,7,10,11,12,15,16,17,20,21
427,6,10,11,12,15,16,17,20,21
428,6,10,11,12,15,16,17,20,21
429,6,10,11,12,15,16,17,20,21
430,6,10,11,12,15,16,17,20,21
431,6,10,11,12,15,16,17,20,21,25
432,6,10,11,12,15,16,17,20,21,25
433,6,10,11,12,15,16,17,20,21,25
434,6,10,11,12,15,16,17,20,21,25
435,6,10,11,12,15,16,17,20,21,25
436,6,10,11,12,15,16,17,20,21,25
437,6,10,11,12,15,16,17,20,21,25
438,6,10,11,12,15,16,17,20,21,25
439,6,10,11,12,15,16,17,20,21,25
440,6,10,11,12,15,16,17,20,21,25
441,6,10,11,12,15,16,17,20,21,25
442,6,10,11,12,15,16,17,20,21,25
443,6,10,11,12,15,16,17,20,21,25
444,6,10,11,12,15,16,17,20,21,25
445,6,10,11,12,15,16,17,20,21,25
446,6,10,11,12,15,16,17,20,21,25
447,6,10,11,12,15,16,17,20,21,25
448,6,10,11,12,15,16,17,20,21,25
449,6,10,11,12,15,16,17,20,21,25
450,6,10,11,12,15,16,17,20,21,25
451,6,10,11,12,15,16,17,20,21,25
452,6,10,11,12,15,16,17,20,21,25
453,6,10,11,12,15,16,17,20,21,25
454,6,10,11,12,15,16,17,20,21,25
455,6,10,11,12,15,16,17,20,21,25
456,6,10,11,12,15,16,17,20,21,25
457,6,10,11,12,15,16,17,20,21
458,6,10,11,12,15,16,17,20,21
459,6,10,11,12,15,16,17,20,21
460,6,10,11,12,15,16,17,20,21
461,6,10,11,12,15,16,17,20,21
462,6,10,11,12,15,16,17,20,21
463,6,7,10,11,12,15,16,17,20,21
464,6,7,10,11,12,15,16,17,20,21
465,6,7,10,11,12,15,16,17,20,21
466,6,7,10,11,12,15,16,17,20,21
467,6,7,10,11,12,15,16,17,20,21
468,6,7,10,11,12,15,16,17,20,21
469,6,7,10,11,12,15,16,17,20,21
470,6,7,10,11,12,15,16,17,20,21
471,6,10,11,12,15,16,17,20,21
472,6,10,11,12,15,16,17,20,21
473,6,10,11,12,15,16,17,20,21
474,6,10,11,12,15,16,17,20,21
475,6,10,11,12,15,16,17,20,21
476,6,10,11,12,15,16,17,20,21
477,6,10,11,12,15,16,17,20,21,25
478,6,10,11,12,15,16,17,20,21,25
479,6,10,11,12,15,16,17,20,21,25
480,6,10,11,12,15,16,17,20,21,25
481,6,10,11,12,15,16,17,20,21,25
482,6,10,11,12,15,16,17,20,21,25
483,6,10,11,12,15,16,17,20,21,25
484,6,10,11,12,15,16,17,20,21,25
485,6,10,11,12,15,16,17,20,21,25
486,6,10,11,12,15,16,17,20,21,25
487,6,10,11,12,15,16,17,20,21
488,6,10,11,12,15,16,17,20,21
489,6,10,11,12,15,16,17,20,21
490,6,10,11,12,15,16,17,20,21
491,6,10,11,12,15,16,17,20,21
492,6,10,11,12,15,16,17,20,21
493,6,7,10,11,12,15,16,17,20,21
494,6,7,10,11,12,15,16,17,20,21
495,6,7,10,11,12,15,16,17,20,21
496,6,7,10,11,12,15,16,17,20,21
497,6,7,10,11,12,15,16,17,20,21
498,6,7,10,11,12,15,16,17,20,21
499,6,7,10,11,12,15,16,17,20,21
500,6,7,10,11,12,15,16,17,20,21
501,6,7,10,11,12,15,16,17,20,21
502,6,7,10,11,12,15,16,17,20,21
503,6,7,11,12,15,16,17,20,21
504,6,7,11,12,15,16,17,20,21
505,6,7,11,12,15,16,17,20,21
506,6,7,11,12,15,16,17,20,21
507,6,7,11,12,15,16,17,21
508,6,7,11,12,15,16,17,21
509,6,7,11,12,16,17,21
510,6,7,11,12,16,17,21
511,6,7,11,12,16,17,21
512,6,7,11,12,16,17,21
513,6,7,11,12,16,17,21
514,6,7,11,12,16,17,21
515,6,7,11,12,16,17,21
516,6,7,11,12,16,17,21
517,6,7,11,12,16,17,21,22
518,6,7,11,12,16,17,21,22
519,6,7,11,12,16,17,21,22
520,6,7,11,12,16,17,21,22
521,6,7,11,12,16,17,21,22
522,6,7,11,12,16,17,21,22
523,6,7,11,12,16,17,21,22
524,6,7,11,12,16,17,21,22
525,6,7,11,12,16,17,21,22
526,6,7,11,12,16,17,21,22
527,6,7,11,12,16,17,21,22
528,6,7,11,12,16,17,21,22
529,6,7,11,12,16,17
530,6,7,11,12,16,17
531,6,7,11,12,16,17
532,6,7,11,12,16,17
533,6,7,11,12,16,17
534,6,7,11,12,16,17
535,6,7,11,12,16,17
536,6,7,11,12,16,17
537,6,7,11,12,16,17
538,6,7,11,12,16,17
539,2,6,7,11,12,16,17
540,2,6,7,11,12,16,17
541,2,6,7,11,12,16,17
542,2,6,7,11,12,16,17
543,2,6,7,11,12,13,16,17
544,2,6,7,11,12,13,16,17
545,2,6,7,8,11,12,13,16,17
546,2,6,7,8,11,12,13,16,17
547,2,6,7,8,11,12,13,16,17,18
548,2,6,7,8,11,12,13,16,17,18
549,2,6,7,8,11,12,13,16,17,18
550,2,6,7,8,11,12,13,16,17,18
551,2,6,7,8,11,12,13,16,17,18
552,2,6,7,8,11,12,13,16,17,18
553,2,6,7,8,11,12,13,17,18
554,2,6,7,8,11,12,13,17,18
555,2,7,8,12,13,17,18
556,2,7,8,12,13,17,18
557,2,3,7,8,12,13,17,18
558,2,3,7,8,12,13,17,18
559,2,3,7,8,12,13,17,18
560,2,3,7,8,12,13,17,18
561,2,3,7,8,12,13,17,18
562,2,3,7,8,12,13,17,18
563,3,7,8,12,13,17,18
564,3,7,8,12,13,17,18
565,3,7,8,12,13,17,18
566,3,7,8,12,13,17,18
567,3,7,8,12,13,17,18
568,3,7,8,12,13,17,18
569,3,7,8,12,13,17,18
570,3,7,8,12,13,17,18
571,3,7,8,12,13,17,18
572,3,7,8,12,13,17,18
573,3,7,8,9,12,13,14,17,18
574,3,7,8,9,12,13,14,17,18
575,3,7,8,9,12,13,14,17,18
576,3,7,8,9,12,13,14,17,18
577,3,7,8,9,12,13,14,17,18,19
578,3,7,8,9,12,13,14,17,18,19
579,3,7,8,9,12,13,14,17,18,19
580,3,7,8,9,12,13,14,17,18,19
581,3,7,8,9,12,13,14,17,18,19
582,3,7,8,9,12,13,14,17,18,19
583,3,7,8,9,12,13,14,17,18,19
584,3,7,8,9,12,13,14,17,18,19
585,3,7,8,9,12,13,14,17,18,19
586,3,7,8,9,12,13,14,17,18,19
587,3,7,8,9,12,13,14,17,18,19
588,3,7,8,9,12,13,14,17,18,19
589,3,7,8,9,12,13,14,17,18,19
590,3,7,8,9,12,13,14,17,18,19
591,3,7,8,9,12,13,14,17,18,19
592,3,7,8,9,12,13,14,17,18,19
593,3,7,8,9,12,13,14,17,18,19
594,3,7,8,9,12,13,14,17,18,19
595,3,7,8,9,12,13,14,17,18,19
596,3,7,8,9,12,13,14,17,18,19
597,3,7,8,9,12,13,14,17,18,19
598,3,7,8,9,12,13,14,17,18,19
599,3,7,8,9,12,13,14,17,18
600,3,7,8,9,12,13,14,17,18
601,3,7,8,9,12,13,14,17,18
602,3,7,8,9,12,13,14,17,18
603,3,7,8,9,12,13,14,17,18
604,3,7,8,9,12,13,14,17,18
605,3,7,8,12,13,17,18
606,3,7,8,12,13,17,18
607,3,7,8,12,13,17,18
608,3,7,8,12,13,17,18
609,2,3,7,8,12,13,17,18
610,2,3,7,8,12,13,17,18
611,2,3,7,8,12,13,17,18
612,2,3,7,8,12,13,17,18
613,2,3,7,8,12,13,17,18
614,2,3,7,8,12,13,17,18
615,2,3,7,8,12,13,17,18
616,2,3,7,8,12,13,17,18
617,2,3,7,8,12,13,17,18
618,2,3,7,8,12,13,17,18
619,2,3,7,8,12,13,17,18
620,2,3,7,8,12,13,17,18
621,2,3,7,8,12,13,17,18
622,2,3,7,8,12,13,17,18
623,2,3,7,8,12,13,17,18
624,2,3,7,8,12,13,17,18
625,2,3,7,8,12,13,17,18
626,2,3,7,8,12,13,17,18
627,2,3,7,8,12,13,17,18
628,2,3,7,8,12,13,17,18
629,2,3,7,8,12,13,17,18
630,2,3,7,8,12,13,17,18
631,2,3,7,8,12,13,17,18
632,2,3,7,8,12,13,17,18
633,2,3,7,8,12,13,17,18
634,2,3,7,8,12,13,17,18
635,2,3,7,8,12,13,17,18
636,2,3,7,8,12,13,17,18
637,2,3,7,8,12,13,17,18
638,2,3,7,8,12,13,17,18
639,2,3,7,8,12,13,17,18
640,2,3,7,8,12,13,17,18
641,2,3,7,8,12,13,17,18
642,2,3,7,8,12,13,17,18
643,2,3,7,8,12,13,17,18
644,2,3,7,8,12,13,17,18
645,2,3,7,8,12,13,17,18
646,2,3,7,8,12,13,17,18
647,2,3,7,8,12,13,17,18
648,2,3,7,8,12,13,17,18
649,2,3,7,8,12,13,17,18
650,2,3,7,8,12,13,17,18
651,2,3,7,8,12,13,17,18
652,2,3,7,8,12,13,17,18
653,2,3,7,8,12,13,17,18
654,2,3,7,8,12,13,17,18
655,2,3,7,8,12,13,17,18
656,2,3,7,8,12,13,17,18
657,2,3,7,8,12,13,17,18
658,2,3,7,8,12,13,17,18
659,2,3,7,8,12,13,17,18
660,2,3,7,8,12,13,17,18
661,2,3,7,8,12,13,17,18
662,2,3,7,8,12,13,17,18
663,2,3,7,8,12,13,17,18
664,2,3,7,8,12,13,17,18
665,2,3,7,8,12,13,17,18
666,2,3,7,8,12,13,17,18
667,2,3,7,8,12,13,17,18
668,2,3,7,8,12,13,17,18
669,2,3,7,8,12,13,17,18
670,2,3,7,8,12,13,17,18
671,2,3,7,8,12,13,17,18
672,2,3,7,8,12,13,17,18
673,2,3,7,8,12,13,17,18
674,2,3,7,8,12,13,17,18
675,2,3,7,8,12,13,17,18
676,2,3,7,8,12,13,17,18
677,2,3,7,8,12,13,17,18
678,2,3,7,8,12,13,17,18
679,2,3,7,8,12,13,17,18
680,2,3,7,8,12,13,17,18
681,2,3,7,8,12,13,17,18
682,2,3,7,8,12,13,17,18
683,2,3,7,8,12,13,17,18
684,2,3,7,8,12,13,17,18
685,2,3,7,8,12,13,17,18
686,2,3,7,8,12,13,17,18
687,2,3,7,8,12,13,17,18
688,2,3,7,8,12,13,17,18
689,2,3,7,8,12,13,17,18
690,2,3,7,8,12,13,17,18
691,2,3,7,8,12,13,17,18
692,2,3,7,8,12,13,17,18
693,2,3,7,8,12,13,17,18
694,2,3,7,8,12,13,17,18
695,2,3,7,8,12,13,17,18
696,2,3,7,8,12,13,17,18
697,2,3,7,8,12,13,17,18
698,2,3,7,8,12,13,17,18
699,2,3,7,8,12,13,17,18
700,2,3,7,8,12,13,17,18
701,2,3,7,8,12,13,17,18
702,2,3,7,8,12,13,17,18
703,2,3,7,8,12,13,17,18
704,2,3,7,8,12,13,17,18
705,2,3,7,8,12,13,17,18
706,2,3,7,8,12,13,17,18
707,2,3,7,8,12,13,17,18
708,2,3,7,8,12,13,17,18
709,2,3,7,8,12,13,17,18
710,2,3,7,8,12,13,17,18
711,2,3,7,8,12,13,17,18
712,2,3,7,8,12,13,17,18
713,2,3,7,8,12,13,17,18
714,2,3,7,8,12,13,17,18
715,2,3,7,8,12,13,17,18
716,2,3,7,8,12,13,17,18
717,2,3,7,8,12,13,17,18
718,2,3,7,8,12,13,17,18
719,2,3,7,8,12,13,17,18
720,2,3,7,8,12,13,17,18
721,2,3,7,8,12,13,17,18
722,2,3,7,8,12,13,17,18
723,2,3,7,8,12,13,17,18
724,2,3,7,8,12,13,17,18
725,2,3,7,8,12,13,17,18
726,2,3,7,8,12,13,17,18
727,2,3,7,8,12,13,17,18
728,2,3,7,8,12,13,17,18
729,2,3,7,8,12,13,17,18
730,2,3,7,8,12,13,17,18
731,2,3,7,8,12,13,17,18
732,2,3,7,8,12,13,17,18
733,2,3,7,8,12,13,17,18
734,2,3,7,8,12,13,17,18
735,2,3,7,8,12,13,17,18
736,2,3,7,8,12,13,17,18
737,3,7,8,12,13,17,18
738,3,7,8,12,13,17,18
739,3,7,8,12,13,17,18
740,3,7,8,12,13,17,18
741,3,7,8,12,13,17,18
742,3,7,8,12,13,17,18
743,3,7,8,12,13,17,18
744,3,7,8,12,13,17,18
745,3,7,8,12,13,17,18
746,3,7,8,12,13,17,18
747,3,7,8,12,13,17,18
748,3,7,8,12,13,17,18
749,3,7,8,12,13,17,18
750,3,7,8,12,13,17,18
751,3,7,8,9,12,13,14,17,18
752,3,7,8,9,12,13,14,17,18
753,3,7,8,9,12,13,14,17,18
754,3,7,8,9,12,13,14,17,18
755,3,7,8,9,12,13,14,17,18,19
756,3,7,8,9,12,13,14,17,18,19
757,3,7,8,9,12,13,14,17,18,19
758,3,7,8,9,12,13,14,17,18,19
759,3,7,8,9,12,13,14,17,18,19
760,3,7,8,9,12,13,14,17,18,19
761,3,7,8,9,12,13,14,18,19
762,3,7,8,9,12,13,14,18,19
763,3,7,8,9,12,13,14,18,19
764,3,7,8,9,12,13,14,18,19
765,3,4,7,8,9,12,13,14,18,19
766,3,4,7,8,9,12,13,14,18,19
767,3,4,7,8,9,12,13,14,18,19
768,3,4,7,8,9,12,13,14,18,19
769,3,4,7,8,9,12,13,14,18,19
770,3,4,7,8,9,12,13,14,18,19
771,3,4,8,9,12,13,14,18,19
772,3,4,8,9,12,13,14,18,19
773,3,4,8,9,13,14,18,19
774,3,4,8,9,13,14,18,19
775,3,4,8,9,13,14,18,19
776,3,4,8,9,13,14,18,19
777,3,4,8,9,13,14,18,19
778,3,4,8,9,13,14,18,19
779,3,4,8,9,13,14,18,19
780,3,4,8,9,13,14,18,19
781,3,4,8,9,13,14,18,19
782,3,4,8,9,13,14,18,19
783,3,4,8,9,13,14,18,19
784,3,4,8,9,13,14,18,19
785,3,4,8,9,13,14,18,19
786,3,4,8,9,13,14,18,19
787,3,4,8,9,13,14,18,19
788,3,4,8,9,13,14,18,19
789,3,4,8,9,13,14,18,19
790,3,4,8,9,13,14,18,19
791,3,4,8,9,13,14,18,19
792,3,4,8,9,13,14,18,19
793,3,4,8,9,13,14,18,19
794,3,4,8,9,13,14,18,19
795,3,4,8,9,13,14,18,19
796,3,4,8,9,13,14,18,19
797,3,4,8,9,13,14,18,19
798,3,4,8,9,13,14,18,19
799,3,4,8,9,13,14,18,19
800,3,4,8,9,13,14,18,19
801,3,4,8,9,13,14,18,19
802,3,4,8,9,13,14,18,19
803,3,4,8,9,13,14,18,19
804,3,4,8,9,13,14,18,19
805,3,4,8,9,13,14,18,19
806,3,4,8,9,13,14,18,19
807,3,4,7,8,9,12,13,14,18,19
808,3,4,7,8,9,12,13,14,18,19
809,3,7,8,9,12,13,14,18,19
810,3,7,8,9,12,13,14,18,19
811,3,7,8,9,12,13,14,18,19
812,3,7,8,9,12,13,14,18,19
813,3,7,8,9,12,13,14,18,19
814,3,7,8,9,12,13,14,18,19
815,3,7,8,9,12,13,14,18,19
816,3,7,8,9,12,13,14,18,19
817,3,7,8,9,12,13,14,18,19
818,3,7,8,9,12,13,14,18,19
819,3,7,8,9,12,13,14,17,18,19
820,3,7,8,9,12,13,14,17,18,19
821,3,7,8,9,12,13,14,17,18,19
822,3,7,8,9,12,13,14,17,18,19
823,3,7,8,9,12,13,14,17,18,19
824,3,7,8,9,12,13,14,17,18,19
825,3,7,8,9,12,13,14,17,18,19
826,3,7,8,9,12,13,14,17,18,19
827,3,7,8,9,12,13,14,17,18,19
828,3,7,8,9,12,13,14,17,18,19
829,3,7,8,9,12,13,14,17,18,19
830,3,7,8,9,12,13,14,17,18,19
831,3,7,8,9,12,13,14,17,18,19
832,3,7,8,9,12,13,14,17,18,19
833,3,7,8,9,12,13,14,18,19
834,3,7,8,9,12,13,14,18,19
835,3,7,8,9,12,13,14,18,19
836,3,7,8,9,12,13,14,18,19
837,3,7,8,9,12,13,14,18,19
838,3,7,8,9,12,13,14,18,19
839,3,7,8,9,12,13,14,18,19
840,3,7,8,9,12,13,14,18,19
841,3,7,8,9,12,13,14,18,19
842,3,7,8,9,12,13,14,18,19
843,3,7,8,9,12,13,14,18,19
844,3,7,8,9,12,13,14,18,19
845,3,7,8,9,12,13,14,18,19
846,3,7,8,9,12,13,14,18,19
847,3,7,8,9,12,13,14,18,19
848,3,7,8,9,12,13,14,18,19
849,3,7,8,9,12,13,14,18,19
850,3,7,8,9,12,13,14,18,19
851,3,7,8,9,12,13,14,18,19
852,3,7,8,9,12,13,14,18,19
853,3,7,8,9,12,13,14,18,19
854,3,7,8,9,12,13,14,18,19
855,3,7,8,9,12,13,14,17,18,19
856,3,7,8,9,12,13,14,17,18,19
857,3,7,8,9,12,13,14,17,18,19
858,3,7,8,9,12,13,14,17,18,19
859,3,7,8,9,12,13,14,17,18,19
860,3,7,8,9,12,13,14,17,18,19
861,3,7,8,9,12,13,14,17,18,19
862,3,7,8,9,12,13,14,17,18,19
863,3,7,8,9,12,13,14,17,18,19
864,3,7,8,9,12,13,14,17,18,19
865,3,7,8,9,12,13,14,17,18,19
866,3,7,8,9,12,13,14,17,18,19
867,3,7,8,9,12,13,14,17,18,19
868,3,7,8,9,12,13,14,17,18,19
869,3,7,8,9,12,13,14,17,18,19
870,3,7,8,9,12,13,14,17,18,19
871,3,7,8,9,12,13,14,17,18,19
872,3,7,8,9,12,13,14,17,18,19
873,3,7,8,9,12,13,14,17,18,19
874,3,7,8,9,12,13,14,17,18,19
875,3,7,8,9,12,13,14,18,19
876,3,7,8,9,12,13,14,18,19
877,3,7,8,9,12,13,14,18,19
878,3,7,8,9,12,13,14,18,19
879,3,7,8,9,12,13,14,18,19
880,3,7,8,9,12,13,14,18,19
881,3,7,8,9,12,13,14,18,19
882,3,7,8,9,12,13,14,18,19
883,3,7,8,9,12,13,14,18,19
884,3,7,8,9,12,13,14,18,19
885,3,7,8,9,12,13,14,18,19
886,3,7,8,9,12,13,14,18,19
887,3,7,8,9,12,13,14,18,19
888,3,7,8,9,12,13,14,18,19
889,3,7,8,9,12,13,14,18,19
890,3,7,8,9,12,13,14,18,19
891,3,7,8,9,12,13,14,18,19
892,3,7,8,9,12,13,14,18,19
893,3,7,8,9,12,13,14,18,19
894,3,7,8,9,12,13,14,18,19
895,3,7,8,9,12,13,14,18,19
896,3,7,8,9,12,13,14,18,19
897,3,7,8,9,12,13,14,18,19
898,3,7,8,9,12,13,14,18,19
899,3,7,8,9,12,13,14,18,19
900,3,7,8,9,12,13,14,18,19
901,3,7,8,9,12,13,14,18,19
902,3,7,8,9,12,13,14,18,19
903,3,7,8,9,12,13,14,18,19
904,3,7,8,9,12,13,14,18,19
905,3,7,8,9,12,13,14,18,19
906,3,7,8,9,12,13,14,18,19
907,3,7,8,9,12,13,14,18,19
908,3,7,8,9,12,13,14,18,19
909,3,7,8,9,12,13,14,18,19
910,3,7,8,9,12,13,14,18,19
911,3,7,8,9,12,13,14,18,19
912,3,7,8,9,12,13,14,18,19
913,3,7,8,9,12,13,14,18,19
914,3,7,8,9,12,13,14,18,19
915,3,7,8,9,12,13,14,18,19
916,3,7,8,9,12,13,14,18,19
917,3,7,8,9,12,13,14,18,19
918,3,7,8,9,12,13,14,18,19
919,3,7,8,9,12,13,14,18,19
920,3,7,8,9,12,13,14,18,19
921,3,7,8,9,12,13,14,18,19
922,3,7,8,9,12,13,14,18,19
923,3,7,8,9,12,13,14,18,19
924,3,7,8,9,12,13,14,18,19
925,3,7,8,9,12,13,14,18,19
926,3,7,8,9,12,13,14,18,19
927,3,7,8,9,12,13,14,18,19
928,3,7,8,9,12,13,14,18,19
929,3,7,8,9,12,13,14,18,19
930,3,7,8,9,12,13,14,18,19
931,3,7,8,9,12,13,14,18,19
932,3,7,8,9,12,13,14,18,19
933,3,7,8,9,12,13,14,18,19
934,3,7,8,9,12,13,14,18,19
935,3,7,8,9,12,13,14,18,19
936,3,7,8,9,12,13,14,18,19
937,3,7,8,9,12,13,14,18,19
938,3,7,8,9,12,13,14,18,19
939,3,7,8,9,12,13,14,18,19
940,3,7,8,9,12,13,14,18,19
941,3,7,8,9,12,13,14,18,19
942,3,7,8,9,12,13,14,18,19
943,3,7,8,9,12,13,14,18,19
944,3,7,8,9,12,13,14,18,19
945,3,7,8,9,12,13,14,18,19
946,3,7,8,9,12,13,14,18,19
947,3,7,8,9,12,13,14,18,19
948,3,7,8,9,12,13,14,18,19
949,3,4,7,8,9,12,13,14,18,19
950,3,4,7,8,9,12,13,14,18,19
951,3,4,7,8,9,12,13,14,18,19
952,3,4,7,8,9,12,13,14,18,19
953,3,4,7,8,9,12,13,14,18,19
954,3,4,7,8,9,12,13,14,18,19
955,3,4,8,9,12,13,14,18,19
956,3,4,8,9,12,13,14,18,19
957,3,4,8,9,12,13,14,18,19
958,3,4,8,9,12,13,14,18,19
959,3,4,8,9,12,13,14,18,19
960,3,4,8,9,12,13,14,18,19
961,3,4,8,9,12,13,14,18,19
962,3,4,8,9,12,13,14,18,19
963,3,4,8,9,12,13,14,18,19
964,3,4,8,9,12,13,14,18,19
965,3,4,8,9,12,13,14,18,19
966,3,4,8,9,12,13,14,18,19
967,3,4,8,9,12,13,14,18,19
968,3,4,8,9,12,13,14,18,19
969,3,4,8,9,12,13,14,18,19
970,3,4,8,9,12,13,14,18,19
971,3,4,8,9,12,13,14,18,19
972,3,4,8,9,12,13,14,18,19
973,3,4,8,9,12,13,14,18,19
974,3,4,8,9,12,13,14,18,19
975,3,4,8,9,12,13,14,18,19
976,3,4,8,9,12,13,14,18,19
977,3,4,8,9,13,14,18,19
978,3,4,8,9,13,14,18,19
979,3,4,8,9,13,14,18,19
980,3,4,8,9,13,14,18,19
981,3,4,8,9,13,14,18,19
982,3,4,8,9,13,14,18,19
983,3,4,8,9,13,14,18,19
984,3,4,8,9,13,14,18,19
985,3,4,8,9,13,14,18,19
986,3,4,8,9,13,14,18,19
987,3,4,8,9,13,14,18,19
988,3,4,8,9,13,14,18,19
989,3,4,8,9,13,14,18,19
990,3,4,8,9,13,14,18,19
991,3,4,8,9,13,14,18,19
992,3,4,8,9,13,14,18,19
993,3,4,8,9,13,14,18,19
994,3,4,8,9,13,14,18,19
995,3,4,8,9,13,14,18,19
996,3,4,8,9,13,14,18,19
997,3,4,8,9,13,14,18,19
998,3,4,8,9,13,14,18,19
999,3,4,8,9,13,14,18,19
1000,3,4,8,9,13,14,18,19
1001,3,4,8,9,13,14,18,19
1002,3,4,8,9,13,14,18,19
1003,3,4,8,9,13,14,18,19
1004,3,4,8,9,13,14,18,19
1005,3,4,8,9,13,14,18,19
1006,3,4,8,9,13,14,18,19
1007,3,4,8,9,13,14,18,19
1008,3,4,8,9,13,14,18,19
1009,3,4,8,9,13,14,18,19
1010,3,4,8,9,13,14,18,19
1011,3,4,8,9,13,14,18,19
1012,3,4,8,9,13,14,18,19
1013,3,4,8,9,13,14,18,19
1014,3,4,8,9,13,14,18,19
1015,3,4,8,9,13,14,18,19
1016,3,4,8,9,13,14,18,19
1017,3,4,8,9,13,14,18,19
1018,3,4,8,9,13,14,18,19
1019,3,4,8,9,13,14,18,19
1020,3,4,8,9,13,14,18,19
1021,3,4,8,9,13,14,18,19
1022,3,4,8,9,13,14,18,19
1023,3,4,8,9,13,14,18,19
1024,3,4,8,9,13,14,18,19
1025,3,4,8,9,13,14,18,19
1026,3,4,8,9,13,14,18,19
1027,3,4,8,9,13,14,18,19
1028,3,4,8,9,13,14,18,19
1029,3,4,8,9,13,14,18,19
1030,3,4,8,9,13,14,18,19
1031,3,4,8,9,13,14,18,19
1032,3,4,8,9,13,14,18,19
1033,3,4,8,9,13,14,18,19
1034,3,4,8,9,13,14,18,19
1035,3,4,8,9,13,14,18,19
1036,3,4,8,9,13,14,18,19
1037,3,4,8,9,12,13,14,18,19
1038,3,4,8,9,12,13,14,18,19
1039,3,4,8,9,12,13,14,18,19
1040,3,4,8,9,12,13,14,18,19
1041,3,4,8,9,12,13,14,18,19
1042,3,4,8,9,12,13,14,18,19
1043,3,4,8,9,12,13,14,18,19
1044,3,4,8,9,12,13,14,18,19
1045,3,4,8,9,12,13,14,18,19
1046,3,4,8,9,12,13,14,18,19
1047,3,4,8,9,12,13,14,18,19
1048,3,4,8,9,12,13,14,18,19
1049,3,4,8,9,12,13,14,18,19
1050,3,4,8,9,12,13,14,18,19
1051,3,4,8,9,12,13,14,18,19
1052,3,4,8,9,12,13,14,18,19
1053,3,4,8,9,12,13,14,18,19
1054,3,4,8,9,12,13,14,18,19
1055,3,4,8,9,12,13,14,18,19
1056,3,4,8,9,12,13,14,18,19
1057,3,4,8,9,12,13,14,18,19
1058,3,4,8,9,12,13,14,18,19
1059,3,4,8,9,12,13,14,18,19
1060,3,4,8,9,12,13,14,18,19
1061,3,4,8,9,12,13,14,18,19
1062,3,4,8,9,12,13,14,18,19
1063,3,4,8,9,12,13,14,18,19
1064,3,4,8,9,12,13,14,18,19
1065,3,4,7,8,9,12,13,14,18,19
1066,3,4,7,8,9,12,13,14,18,19
1067,3,4,7,8,9,12,13,14,18,19
1068,3,4,7,8,9,12,13,14,18,19
1069,3,4,7,8,9,12,13,14,18,19
1070,3,4,7,8,9,12,13,14,18,19
1071,3,4,7,8,9,12,13,14,18,19
1072,3,4,7,8,9,12,13,14,18,19
1073,3,4,7,8,9,12,13,14,18,19
1074,3,4,7,8,9,12,13,14,18,19
1075,3,4,7,8,9,12,13,14,18,19
1076,3,4,7,8,9,12,13,14,18,19
1077,3,4,7,8,9,12,13,14,18,19
1078,3,4,7,8,9,12,13,14,18,19
1079,3,4,7,8,9,12,13,14,18,19
1080,3,4,7,8,9,12,13,14,18,19
1081,3,4,7,8,9,12,13,14,18,19
1082,3,4,7,8,9,12,13,14,18,19
1083,3,7,8,9,12,13,14,18,19
1084,3,7,8,9,12,13,14,18,19
1085,3,7,8,9,12,13,14,18,19
1086,3,7,8,9,12,13,14,18,19
1087,3,7,8,9,12,13,14,17,18,19
1088,3,7,8,9,12,13,14,17,18,19
1089,3,7,8,9,12,13,14,17,18,19
1090,3,7,8,9,12,13,14,17,18,19
1091,3,7,8,9,12,13,14,17,18,19
1092,3,7,8,9,12,13,14,17,18,19
1093,3,7,8,9,12,13,14,17,18,19
1094,3,7,8,9,12,13,14,17,18,19
1095,3,7,8,9,12,13,14,17,18,19
1096,3,7,8,9,12,13,14,17,18,19
1097,3,7,8,9,12,13,14,17,18,19
1098,3,7,8,9,12,13,14,17,18,19
1099,3,7,8,9,12,13,14,17,18,19
1100,3,7,8,9,12,13,14,17,18,19
1101,3,7,8,9,12,13,14,17,18,19
1102,3,7,8,9,12,13,14,17,18,19
1103,3,7,8,9,12,13,14,17,18,19
1104,3,7,8,9,12,13,14,17,18,19
1105,3,7,8,9,12,13,14,17,18,19
1106,3,7,8,9,12,13,14,17,18,19
1107,3,7,8,9,12,13,14,17,18,19
1108,3,7,8,9,12,13,14,17,18,19
1109,3,7,8,9,12,13,14,17,18,19
1110,3,7,8,9,12,13,14,17,18,19
1111,3,7,8,9,12,13,14,17,18,19
1112,3,7,8,9,12,13,14,17,18,19
1113,3,7,8,9,12,13,14,17,18,19
1114,3,7,8,9,12,13,14,17,18,19
1115,3,7,8,9,12,13,14,17,18,19
1116,3,7,8,9,12,13,14,17,18,19
1117,3,7,8,9,12,13,14,17,18,19
1118,3,7,8,9,12,13,14,17,18,19
1119,3,7,8,9,12,13,14,17,18,19
1120,3,7,8,9,12,13,14,17,18,19
1121,3,7,8,9,12,13,14,17,18,19
1122,3,7,8,9,12,13,14,17,18,19
1123,3,7,8,9,12,13,14,17,18
1124,3,7,8,9,12,13,14,17,18
1125,3,7,8,9,12,13,14,17,18
1126,3,7,8,9,12,13,14,17,18
1127,3,7,8,9,12,13,14,17,18
1128,3,7,8,9,12,13,14,17,18
1129,3,7,8,9,12,13,14,17,18
1130,3,7,8,9,12,13,14,17,18
1131,3,7,8,9,12,13,14,17,18
1132,3,7,8,9,12,13,14,17,18
1133,3,7,8,9,12,13,14,17,18
1134,3,7,8,9,12,13,14,17,18
1135,3,7,8,9,12,13,14,17,18
1136,3,7,8,9,12,13,14,17,18
1137,3,7,8,9,12,13,14,17,18
1138,3,7,8,9,12,13,14,17,18
1139,3,7,8,9,12,13,14,17,18
1140,3,7,8,9,12,13,14,17,18
1141,3,7,8,9,12,13,14,17,18
1142,3,7,8,9,12,13,14,17,18
1143,3,7,8,9,12,13,14,17,18
1144,3,7,8,9,12,13,14,17,18
1145,3,7,8,9,12,13,14,17,18
1146,3,7,8,9,12,13,14,17,18
1147,3,7,8,9,12,13,14,17,18
1148,3,7,8,9,12,13,14,17,18
1149,3,7,8,9,12,13,14,17,18
1150,3,7,8,9,12,13,14,17,18
1151,2,3,7,8,9,12,13,14,17,18
1152,2,3,7,8,9,12,13,14,17,18
1153,2,3,7,8,9,12,13,14,17,18
1154,2,3,7,8,9,12,13,14,17,18
1155,2,3,7,8,9,12,13,14,17,18
1156,2,3,7,8,9,12,13,14,17,18
1157,2,3,7,8,9,12,13,14,17,18
1158,2,3,7,8,9,12,13,14,17,18
1159,2,3,7,8,9,12,13,14,17,18
1160,2,3,7,8,9,12,13,14,17,18
1161,2,3,7,8,9,12,13,14,17,18
1162,2,3,7,8,9,12,13,14,17,18
1163,2,3,7,8,9,12,13,14,17,18
1164,2,3,7,8,9,12,13,14,17,18
1165,2,3,7,8,9,12,13,14,17,18
1166,2,3,7,8,9,12,13,14,17,18
1167,2,3,7,8,9,12,13,14,17,18
1168,2,3,7,8,9,12,13,14,17,18
1169,2,3,7,8,9,12,13,14,17,18
1170,2,3,7,8,9,12,13,14,17,18
1171,2,3,7,8,9,12,13,14,17,18
1172,2,3,7,8,9,12,13,14,17,18
1173,2,3,7,8,9,12,13,14,17,18
1174,2,3,7,8,9,12,13,14,17,18
1175,2,3,7,8,9,12,13,14,17,18
1176,2,3,7,8,9,12,13,14,17,18
1177,2,3,7,8,9,12,13,14,17,18
1178,2,3,7,8,9,12,13,14,17,18
1179,2,3,7,8,9,12,13,14,17,18
1180,2,3,7,8,9,12,13,14,17,18
1181,2,3,7,8,9,12,13,14,17,18
1182,2,3,7,8,9,12,13,14,17,18
1183,2,3,7,8,9,12,13,14,17,18
1184,2,3,7,8,9,12,13,14,17,18
1185,2,3,7,8,9,12,13,14,17,18
1186,2,3,7,8,9,12,13,14,17,18
1187,2,3,7,8,9,12,13,14,17,18
1188,2,3,7,8,9,12,13,14,17,18
1189,2,3,7,8,9,12,13,14,17,18
1190,2,3,7,8,9,12,13,14,17,18
1191,2,3,7,8,9,12,13,14,17,18
1192,2,3,7,8,9,12,13,14,17,18
1193,3,7,8,9,12,13,14,17,18
1194,3,7,8,9,12,13,14,17,18
1195,3,7,8,9,12,13,14,17,18
1196,3,7,8,9,12,13,14,17,18
1197,3,7,8,9,12,13,14,17,18
1198,3,7,8,9,12,13,14,17,18
1199,3,7,8,9,12,13,14,17,18
1200,3,7,8,9,12,13,14,17,18
1201,3,7,8,9,12,13,14,17,18
1202,3,7,8,9,12,13,14,17,18
1203,3,7,8,9,12,13,14,17,18
1204,3,7,8,9,12,13,14,17,18
1205,3,7,8,9,12,13,14,17,18
1206,3,7,8,9,12,13,14,17,18
1207,3,7,8,9,12,13,14,17,18
1208,3,7,8,9,12,13,14,17,18
1209,3,7,8,9,12,13,14,17,18
1210,3,7,8,9,12,13,14,17,18
1211,3,4,7,8,9,12,13,14,17,18
1212,3,4,7,8,9,12,13,14,17,18
1213,3,4,7,8,9,12,13,14,18,19
1214,3,4,7,8,9,12,13,14,18,19
1215,3,4,7,8,9,12,13,14,18,19
1216,3,4,7,8,9,12,13,14,18,19
1217,3,4,7,8,9,12,13,14,18,19
1218,3,4,7,8,9,12,13,14,18,19
1219,3,4,7,8,9,12,13,14,18,19
1220,3,4,7,8,9,12,13,14,18,19
1221,3,4,7,8,9,12,13,14,18,19
1222,3,4,7,8,9,12,13,14,18,19
1223,3,4,7,8,9,12,13,14,18,19
1224,3,4,7,8,9,12,13,14,18,19
1225,3,4,7,8,9,12,13,14,18,19
1226,3,4,7,8,9,12,13,14,18,19
1227,3,4,7,8,9,12,13,14,18,19
1228,3,4,7,8,9,12,13,14,18,19
1229,3,4,7,8,9,12,13,14,18,19
1230,3,4,7,8,9,12,13,14,18,19
1231,3,4,7,8,9,12,13,14,18,19
1232,3,4,7,8,9,12,13,14,18,19
1233,3,4,7,8,9,12,13,14,18,19
1234,3,4,7,8,9,12,13,14,18,19
1235,3,4,7,8,9,12,13,14,18,19
1236,3,4,7,8,9,12,13,14,18,19
1237,3,4,7,8,9,12,13,14,18,19
1238,3,4,7,8,9,12,13,14,18,19
1239,3,4,7,8,9,12,13,14,18,19
1240,3,4,7,8,9,12,13,14,18,19
1241,3,4,7,8,9,12,13,14,18,19
1242,3,4,7,8,9,12,13,14,18,19
1243,3,4,7,8,9,12,13,14,18,19
1244,3,4,7,8,9,12,13,14,18,19
1245,3,4,7,8,9,12,13,14,18,19
1246,3,4,7,8,9,12,13,14,18,19
1247,3,4,7,8,9,12,13,14,18,19
1248,3,4,7,8,9,12,13,14,18,19
1249,3,7,8,9,12,13,14,18,19
1250,3,7,8,9,12,13,14,18,19
1251,3,7,8,9,12,13,14,17,18,19
1252,3,7,8,9,12,13,14,17,18,19
1253,3,7,8,9,12,13,14,17,18,19
1254,3,7,8,9,12,13,14,17,18,19
1255,3,7,8,9,12,13,14,17,18,19
1256,3,7,8,9,12,13,14,17,18,19
1257,3,7,8,9,12,13,14,17,18,19
1258,3,7,8,9,12,13,14,17,18,19
1259,3,7,8,9,12,13,14,17,18,19
1260,3,7,8,9,12,13,14,17,18,19
1261,3,7,8,9,12,13,14,17,18,19
1262,3,7,8,9,12,13,14,17,18,19
1263,3,7,8,9,12,13,14,17,18,19
1264,3,7,8,9,12,13,14,17,18,19
1265,3,7,8,9,12,13,14,17,18,19
1266,3,7,8,9,12,13,14,17,18,19
1267,3,7,8,9,12,13,14,17,18,19
1268,3,7,8,9,12,13,14,17,18,19
1269,3,7,8,9,12,13,14,17,18
1270,3,7,8,9,12,13,14,17,18
1271,3,7,8,9,12,13,14,17,18
1272,3,7,8,9,12,13,14,17,18
1273,3,7,8,9,12,13,14,17,18
1274,3,7,8,9,12,13,14,17,18
1275,3,7,8,9,12,13,14,17,18
1276,3,7,8,9,12,13,14,17,18
1277,3,7,8,12,13,14,17,18
1278,3,7,8,12,13,14,17,18
1279,3,7,8,12,13,17,18
1280,3,7,8,12,13,17,18
1281,3,7,8,12,13,17,18
1282,3,7,8,12,13,17,18
1283,3,7,8,12,13,17,18
1284,3,7,8,12,13,17,18
1285,3,7,8,12,13,17,18
1286,3,7,8,12,13,17,18
1287,3,7,8,12,13,17,18
1288,3,7,8,12,13,17,18
1289,3,7,8,12,13,17,18
1290,3,7,8,12,13,17,18
1291,3,7,8,12,13,17,18
1292,3,7,8,12,13,17,18
1293,3,7,8,12,13,17,18
1294,3,7,8,12,13,17,18
1295,3,7,8,12,13,17,18
1296,3,7,8,12,13,17,18
1297,3,7,8,12,13,17,18
1298,3,7,8,12,13,17,18
1299,3,7,8,12,13,17,18
1300,3,7,8,12,13,17,18
1301,3,7,8,12,13,17,18
1302,3,7,8,12,13,17,18
1303,3,7,8,12,13,17,18
1304,3,7,8,12,13,17,18
1305,3,7,8,12,13,17,18
1306,3,7,8,12,13,17,18
1307,3,7,8,12,13,17,18
1308,3,7,8,12,13,17,18
1309,3,7,8,12,13,17,18
1310,3,7,8,12,13,17,18
1311,3,7,8,12,13,17,18
1312,3,7,8,12,13,17,18
1313,3,7,8,12,13,17,18
1314,3,7,8,12,13,17,18
1315,3,7,8,12,13,17,18
1316,3,7,8,12,13,17,18
1317,3,7,8,12,13,17,18
1318,3,7,8,12,13,17,18
1319,3,7,8,12,13,17,18
1320,3,7,8,12,13,17,18
1321,3,7,8,12,13,17,18
1322,3,7,8,12,13,17,18
1323,3,7,8,12,13,17,18
1324,3,7,8,12,13,17,18
1325,3,7,8,12,13,14,17,18
1326,3,7,8,12,13,14,17,18
1327,3,7,8,12,13,14,17,18
1328,3,7,8,12,13,14,17,18
1329,3,7,8,9,12,13,14,17,18
1330,3,7,8,9,12,13,14,17,18
1331,3,7,8,9,12,13,14,17,18
1332,3,7,8,9,12,13,14,17,18
1333,3,7,8,9,12,13,14,17,18,19
1334,3,7,8,9,12,13,14,17,18,19
1335,3,7,8,9,12,13,14,17,18,19
1336,3,7,8,9,12,13,14,17,18,19
1337,3,7,8,9,12,13,14,17,18,19
1338,3,7,8,9,12,13,14,17,18,19
1339,3,7,8,9,12,13,14,17,18,19
1340,3,7,8,9,12,13,14,17,18,19
1341,3,7,8,9,12,13,14,17,18,19
1342,3,7,8,9,12,13,14,17,18,19
1343,3,7,8,9,12,13,14,17,18,19
1344,3,7,8,9,12,13,14,17,18,19
1345,3,7,8,9,12,13,14,17,18,19
1346,3,7,8,9,12,13,14,17,18,19
1347,3,7,8,9,12,13,14,17,18,19
1348,3,7,8,9,12,13,14,17,18,19
1349,3,7,8,9,12,13,14,17,18,19
1350,3,7,8,9,12,13,14,17,18,19
1351,3,7,8,9,12,13,14,17,18,19
1352,3,7,8,9,12,13,14,17,18,19
1353,3,7,8,9,12,13,14,17,18,19
1354,3,7,8,9,12,13,14,17,18,19
1355,3,7,8,9,12,13,14,17,18,19
1356,3,7,8,9,12,13,14,17,18,19
1357,3,7,8,9,12,13,14,17,18,19
1358,3,7,8,9,12,13,14,17,18,19
1359,3,7,8,9,12,13,14,17,18,19
1360,3,7,8,9,12,13,14,17,18,19
1361,3,7,8,9,12,13,14,17,18,19
1362,3,7,8,9,12,13,14,17,18,19
1363,3,7,8,9,12,13,14,17,18,19
1364,3,7,8,9,12,13,14,17,18,19
1365,3,7,8,9,12,13,14,17,18,19
1366,3,7,8,9,12,13,14,17,18,19
1367,3,7,8,9,12,13,14,17,18,19
1368,3,7,8,9,12,13,14,17,18,19
1369,3,7,8,9,12,13,14,17,18,19
1370,3,7,8,9,12,13,14,17,18,19
1371,3,7,8,9,12,13,14,17,18,19
1372,3,7,8,9,12,13,14,17,18,19
1373,3,7,8,9,12,13,14,17,18,19
1374,3,7,8,9,12,13,14,17,18,19
1375,3,7,8,9,12,13,14,17,18,19
1376,3,7,8,9,12,13,14,17,18,19
1377,3,7,8,9,12,13,14,17,18,19
1378,3,7,8,9,12,13,14,17,18,19
1379,3,7,8,9,12,13,14,17,18,19
1380,3,7,8,9,12,13,14,17,18,19
1381,3,7,8,9,12,13,14,17,18,19
1382,3,7,8,9,12,13,14,17,18,19
1383,3,7,8,9,12,13,14,17,18,19
1384,3,7,8,9,12,13,14,17,18,19
1385,3,7,8,9,12,13,14,17,18,19
1386,3,7,8,9,12,13,14,17,18,19
1387,3,7,8,9,12,13,14,17,18,19
1388,3,7,8,9,12,13,14,17,18,19
1389,3,7,8,9,12,13,14,17,18,19
1390,3,7,8,9,12,13,14,17,18,19
1391,3,7,8,9,12,13,14,17,18,19
1392,3,7,8,9,12,13,14,17,18,19
1393,3,7,8,9,12,13,14,17,18,19
1394,3,7,8,9,12,13,14,17,18,19
1395,3,7,8,9,12,13,14,17,18,19
1396,3,7,8,9,12,13,14,17,18,19
1397,3,7,8,9,12,13,14,17,18,19
1398,3,7,8,9,12,13,14,17,18,19
1399,3,7,8,9,12,13,14,17,18,19
1400,3,7,8,9,12,13,14,17,18,19
1401,3,7,8,9,12,13,14,17,18,19
1402,3,7,8,9,12,13,14,17,18,19
1403,3,7,8,9,12,13,14,17,18,19
1404,3,7,8,9,12,13,14,17,18,19
1405,3,7,8,9,12,13,14,17,18,19
1406,3,7,8,9,12,13,14,17,18,19
1407,3,7,8,9,12,13,14,17,18,19
1408,3,7,8,9,12,13,14,17,18,19
1409,3,7,8,9,12,13,14,17,18,19
1410,3,7,8,9,12,13,14,17,18,19
1411,3,7,8,9,12,13,14,17,18,19
1412,3,7,8,9,12,13,14,17,18,19
1413,3,7,8,9,12,13,14,17,18,19
1414,3,7,8,9,12,13,14,17,18,19
1415,3,7,8,9,12,13,14,17,18,19
1416,3,7,8,9,12,13,14,17,18,19
1417,3,7,8,9,12,13,14,17,18,19
1418,3,7,8,9,12,13,14,17,18,19
1419,3,7,8,9,12,13,14,17,18,19
1420,3,7,8,9,12,13,14,17,18,19
1421,3,7,8,9,12,13,14,17,18,19
1422,3,7,8,9,12,13,14,17,18,19
1423,3,7,8,9,12,13,14,17,18,19
1424,3,7,8,9,12,13,14,17,18,19
1425,3,7,8,9,12,13,14,17,18,19
1426,3,7,8,9,12,13,14,17,18,19
1427,3,7,8,9,12,13,14,17,18,19
1428,3,7,8,9,12,13,14,17,18,19
1429,3,7,8,9,12,13,14,17,18,19
1430,3,7,8,9,12,13,14,17,18,19
1431,3,7,8,9,12,13,14,17,18,19
1432,3,7,8,9,12,13,14,17,18,19
1433,3,7,8,9,12,13,14,17,18,19
1434,3,7,8,9,12,13,14,17,18,19
1435,3,7,8,9,12,13,14,17,18,19
1436,3,7,8,9,12,13,14,17,18,19
1437,3,7,8,9,12,13,14,17,18,19
1438,3,7,8,9,12,13,14,17,18,19
1439,3,7,8,9,12,13,14,17,18,19
1440,3,7,8,9,12,13,14,17,18,19
1441,7,8,9,12,13,14,17,18,19
1442,7,8,9,12,13,14,17,18,19
1443,7,8,9,12,13,14,17,18,19
1444,7,8,9,12,13,14,17,18,19
1445,7,8,9,12,13,14,17,18,19
1446,7,8,9,12,13,14,17,18,19
1447,7,8,9,12,13,14,17,18,19,23
1448,7,8,9,12,13,14,17,18,19,23
1449,7,8,12,13,14,17,18,19,23
1450,7,8,12,13,14,17,18,19,23
1451,7,8,12,13,14,17,18,19,22,23
1452,7,8,12,13,14,17,18,19,22,23
1453,7,8,12,13,14,17,18,19,22,23
1454,7,8,12,13,14,17,18,19,22,23
1455,8,12,13,14,17,18,19,22,23,24
1456,8,12,13,14,17,18,19,22,23,24
1457,8,12,13,14,17,18,19,22,23,24
1458,8,12,13,14,17,18,19,22,23,24
1459,8,12,13,14,17,18,19,22,23,24
1460,8,12,13,14,17,18,19,22,23,24
1461,8,12,13,14,17,18,19,22,23,24
1462,8,12,13,14,17,18,19,22,23,24
1463,8,12,13,14,17,18,19,22,23,24
1464,8,12,13,14,17,18,19,22,23,24
1465,8,12,13,14,17,18,19,22,23,24
1466,8,12,13,14,17,18,19,22,23,24
1467,8,12,13,14,17,18,19,22,23,24
1468,8,12,13,14,17,18,19,22,23,24
1469,8,12,13,14,17,18,19,22,23,24
1470,8,12,13,14,17,18,19,22,23,24
1471,12,13,14,17,18,19,22,23,24
1472,12,13,14,17,18,19,22,23,24
1473,12,13,14,17,18,19,22,23,24
1474,12,13,14,17,18,19,22,23,24
1475,12,13,14,17,18,19,22,23,24
1476,12,13,14,17,18,19,22,23,24
1477,12,13,14,17,18,19,22,23,24
1478,12,13,14,17,18,19,22,23,24
1479,12,13,14,17,18,19,22,23,24
1480,12,13,14,17,18,19,22,23,24
1481,12,13,14,17,18,19,22,23,24
1482,12,13,14,17,18,19,22,23,24
1483,12,13,14,17,18,19,22,23,24
1484,12,13,14,17,18,19,22,23,24
1485,12,13,14,17,18,19,22,23,24
1486,12,13,14,17,18,19,22,23,24
1487,12,13,14,17,18,19,22,23,24
1488,12,13,14,17,18,19,22,23,24
1489,12,13,14,17,18,19,22,23,24
1490,12,13,14,17,18,19,22,23,24
1491,12,13,14,17,18,19,22,23,24
1492,12,13,14,17,18,19,22,23,24
1493,12,13,14,17,18,19,22,23,24
1494,12,13,14,17,18,19,22,23,24
1495,12,13,14,17,18,19,22,23,24
1496,12,13,14,17,18,19,22,23,24
1497,12,13,14,17,18,19,22,23,24
1498,12,13,14,17,18,19,22,23,24
1499,12,13,14,17,18,19,22,23,24
1500,12,13,14,17,18,19,22,23,24
1501,8,12,13,14,17,18,19,22,23,24
1502,8,12,13,14,17,18,19,22,23,24
1503,8,12,13,14,17,18,19,22,23,24
1504,8,12,13,14,17,18,19,22,23,24
1505,8,12,13,14,17,18,19,22,23,24
1506,8,12,13,14,17,18,19,22,23,24
1507,8,12,13,14,17,18,19,22,23,24
1508,8,12,13,14,17,18,19,22,23,24
1509,8,12,13,14,17,18,19,22,23,24
1510,8,12,13,14,17,18,19,22,23,24
1511,8,12,13,14,17,18,19,22,23,24
1512,8,12,13,14,17,18,19,22,23,24
1513,8,12,13,14,17,18,19,22,23,24
1514,8,12,13,14,17,18,19,22,23,24
1515,8,12,13,14,17,18,19,22,23
1516,8,12,13,14,17,18,19,22,23
1517,8,12,13,14,17,18,19,22,23
1518,8,12,13,14,17,18,19,22,23
1519,8,12,13,17,18,22,23
1520,8,12,13,17,18,22,23
1521,7,8,12,13,17,18,22,23
1522,7,8,12,13,17,18,22,23
1523,7,8,12,13,17,18,22,23
1524,7,8,12,13,17,18,22,23
1525,7,8,12,13,17,18,22,23
1526,7,8,12,13,17,18,22,23
1527,7,8,12,13,17,18,22,23
1528,7,8,12,13,17,18,22,23
1529,7,8,12,13,17,18,22,23
1530,7,8,12,13,17,18,22,23
1531,7,8,12,13,17,18,22,23
1532,7,8,12,13,17,18,22,23
1533,7,8,12,13,17,18,22,23
1534,7,8,12,13,17,18,22,23
1535,7,8,12,13,17,18,22,23
1536,7,8,12,13,17,18,22,23
1537,7,8,12,13,17,18,22,23
1538,7,8,12,13,17,18,22,23
1539,7,8,12,13,17,18,22,23
1540,7,8,12,13,17,18,22,23
1541,7,8,12,13,17,18,22,23
1542,7,8,12,13,17,18,22,23
1543,7,8,12,13,17,18,22,23
1544,7,8,12,13,17,18,22,23
1545,7,8,12,13,17,18,22,23
1546,7,8,12,13,17,18,22,23
1547,7,8,12,13,17,18,22,23
1548,7,8,12,13,17,18,22,23
1549,7,8,12,13,17,18,22,23
1550,7,8,12,13,17,18,22,23
1551,7,8,12,13,17,18,22
1552,7,8,12,13,17,18,22
1553,7,8,12,13,17,18,22
1554,7,8,12,13,17,18,22
1555,7,8,12,13,17,18
1556,7,8,12,13,17,18
1557,7,8,12,13,17,18
1558,7,8,12,13,17,18
1559,7,8,12,13,17,18
1560,7,8,12,13,17,18
1561,7,8,12,13,17,18
1562,7,8,12,13,17,18
1563,7,8,12,13,17,18
1564,7,8,12,13,17,18
1565,7,8,12,13,17,18
1566,7,8,12,13,17,18
1567,7,8,12,13,17,18
1568,7,8,12,13,17,18
1569,7,8,12,13,17,18
1570,7,8,12,13,17,18
1571,7,8,12,13,17,18
1572,7,8,12,13,17,18
1573,7,8,12,13,17,18
1574,7,8,12,13,17,18
1575,7,8,12,13,17,18
1576,7,8,12,13,17,18
1577,7,8,12,13,17,18
1578,7,8,12,13,17,18
1579,7,8,12,13,17,18
1580,7,8,12,13,17,18
1581,3,7,8,12,13,17,18
1582,3,7,8,12,13,17,18
1583,3,7,8,12,13,17,18
1584,3,7,8,12,13,17,18
1585,3,7,8,12,13,17,18
1586,3,7,8,12,13,17,18
1587,3,7,8,12,13,17,18
1588,3,7,8,12,13,17,18
1589,3,7,8,12,13,17,18
1590,3,7,8,12,13,17,18
1591,3,7,8,12,13,17,18
1592,3,7,8,12,13,17,18
1593,3,7,8,12,13,17,18
1594,3,7,8,12,13,17,18
1595,3,7,8,12,13,17,18
1596,3,7,8,12,13,17,18
1597,3,7,8,12,13,17,18
1598,3,7,8,12,13,17,18
1599,3,7,8,12,13,17,18
1600,3,7,8,12,13,17,18
1601,3,7,8,12,13,17,18
1602,3,7,8,12,13,17,18
1603,3,7,8,12,13,17,18
1604,3,7,8,12,13,17,18
1605,3,7,8,12,13,17,18
1606,3,7,8,12,13,17,18
1607,7,8,12,13,17,18
1608,7,8,12,13,17,18
1609,7,8,12,13,17,18
1610,7,8,12,13,17,18
1611,7,8,12,13,17,18
1612,7,8,12,13,17,18
1613,7,8,12,13,17,18
1614,7,8,12,13,17,18
1615,7,8,12,13,17,18
1616,7,8,12,13,17,18
1617,7,8,12,13,17,18
1618,7,8,12,13,17,18
1619,7,8,12,13,17,18
1620,7,8,12,13,17,18
1621,7,8,12,13,17,18
1622,7,8,12,13,17,18
1623,7,8,12,13,17,18
1624,7,8,12,13,17,18
1625,7,8,12,13,17,18
1626,7,8,12,13,17,18
1627,7,8,12,13,17,18
1628,7,8,12,13,17,18
1629,7,8,12,13,17,18
1630,7,8,12,13,17,18
1631,7,8,12,13,17,18
1632,7,8,12,13,17,18
1633,7,8,12,13,17,18
1634,7,8,12,13,17,18
1635,7,8,12,13,17,18
1636,7,8,12,13,17,18
1637,7,8,12,13,17,18
1638,7,8,12,13,17,18
1639,7,8,12,13,17,18
1640,7,8,12,13,17,18
1641,7,8,12,13,17,18
1642,7,8,12,13,17,18
1643,7,8,12,13,17,18
1644,7,8,12,13,17,18
1645,7,8,12,13,17,18
1646,7,8,12,13,17,18
1647,7,8,12,13,17,18
1648,7,8,12,13,17,18
1649,7,8,12,13,17,18
1650,7,8,12,13,17,18
1651,7,8,12,13,17,18
1652,7,8,12,13,17,18
1653,7,8,12,13,17,18
1654,7,8,12,13,17,18
1655,7,8,12,13,17,18
1656,7,8,12,13,17,18
1657,7,8,12,13,17,18
1658,7,8,12,13,17,18
1659,7,8,12,13,17,18
1660,7,8,12,13,17,18
1661,7,8,12,13,17,18
1662,7,8,12,13,17,18
1663,7,8,12,13,17,18
1664,7,8,12,13,17,18
1665,7,8,12,13,17,18
1666,7,8,12,13,17,18
1667,7,8,12,13,17,18
1668,7,8,12,13,17,18
1669,7,8,12,13,17,18
1670,7,8,12,13,17,18
1671,7,8,12,13,17,18
1672,7,8,12,13,17,18
1673,7,8,12,13,17,18
1674,7,8,12,13,17,18
1675,7,8,12,13,17,18
1676,7,8,12,13,17,18
1677,7,8,12,13,17,18
1678,7,8,12,13,17,18
1679,7,8,12,13,17,18
1680,7,8,12,13,17,18
1681,7,8,12,13,17,18
1682,7,8,12,13,17,18
1683,7,8,12,13,17,18
1684,7,8,12,13,17,18
1685,7,8,12,13,17,18
1686,7,8,12,13,17,18
1687,7,8,12,13,17,18
1688,7,8,12,13,17,18
1689,7,8,12,13,17,18
1690,7,8,12,13,17,18
1691,7,8,12,13,17,18
1692,7,8,12,13,17,18
1693,7,8,12,13,17,18
1694,7,8,12,13,17,18
1695,7,8,12,13,17,18
1696,7,8,12,13,17,18
1697,7,8,12,13,17,18
1698,7,8,12,13,17,18
1699,7,8,12,13,17,18
1700,7,8,12,13,17,18
1701,7,8,12,13,17,18
1702,7,8,12,13,17,18
1703,7,8,12,13,17,18
1704,7,8,12,13,17,18
1705,7,8,12,13,17,18
1706,7,8,12,13,17,18
1707,7,8,12,13,17,18
1708,7,8,12,13,17,18
1709,7,8,12,13,17,18
1710,7,8,12,13,17,18
1711,7,8,12,13,17,18
1712,7,8,12,13,17,18
1713,7,8,12,13,17,18
1714,7,8,12,13,17,18
1715,7,8,12,13,17,18
1716,7,8,12,13,17,18
1717,7,8,12,13,17,18
1718,7,8,12,13,17,18
1719,7,8,12,13,17,18
1720,7,8,12,13,17,18
1721,7,8,12,13,17,18
1722,7,8,12,13,17,18
1723,7,8,12,13,17,18
1724,7,8,12,13,17,18
1725,7,8,12,13,17,18
1726,7,8,12,13,17,18
1727,7,8,12,13,17,18
1728,7,8,12,13,17,18
1729,7,8,12,13,17,18
1730,7,8,12,13,17,18
1731,7,8,12,13,17,18
1732,7,8,12,13,17,18
1733,7,8,12,13,17,18
1734,7,8,12,13,17,18
1735,7,8,12,13,17,18
1736,7,8,12,13,17,18
1737,7,8,12,13,17,18
1738,7,8,12,13,17,18
1739,3,7,8,12,13,17,18
1740,3,7,8,12,13,17,18
1741,3,7,8,12,13,17,18
1742,3,7,8,12,13,17,18
1743,3,7,8,12,13,17,18
1744,3,7,8,12,13,17,18
1745,3,7,8,12,13,17,18
1746,3,7,8,12,13,17,18
1747,3,7,8,12,13,17,18
1748,3,7,8,12,13,17,18
1749,3,7,8,12,13,17,18
1750,3,7,8,12,13,17,18
1751,3,7,8,12,13,17,18
1752,3,7,8,12,13,17,18
1753,3,7,8,12,13,17,18
1754,3,7,8,12,13,17,18
1755,3,7,8,12,13,17,18
1756,3,7,8,12,13,17,18
1757,3,7,8,12,13,17,18
1758,3,7,8,12,13,17,18
1759,3,7,8,12,13,17,18
1760,3,7,8,12,13,17,18
1761,3,7,8,12,13,17,18
1762,3,7,8,12,13,17,18
1763,3,7,8,12,13,17,18
1764,3,7,8,12,13,17,18
1765,3,7,8,12,13,17,18
1766,3,7,8,12,13,17,18
1767,3,7,8,12,13,17,18
1768,3,7,8,12,13,17,18
1769,3,7,8,12,13,14,17,18
1770,3,7,8,12,13,14,17,18
1771,3,7,8,12,13,14,17,18
1772,3,7,8,12,13,14,17,18
1773,3,7,8,12,13,14,17,18
1774,3,7,8,12,13,14,17,18
1775,3,7,8,12,13,14,17,18
1776,3,7,8,12,13,14,17,18
1777,3,7,8,12,13,17,18
1778,3,7,8,12,13,17,18
1779,3,7,8,12,13,17,18
1780,3,7,8,12,13,17,18
1781,3,7,8,12,13,14,17,18
1782,3,7,8,12,13,14,17,18
1783,3,7,8,12,13,14,17,18
1784,3,7,8,12,13,14,17,18
1785,3,7,8,12,13,14,17,18
1786,3,7,8,12,13,14,17,18
1787,3,7,8,12,13,14,17,18
1788,3,7,8,12,13,14,17,18
1789,7,8,12,13,14,17,18
1790,7,8,12,13,14,17,18
1791,7,8,12,13,14,17,18
1792,7,8,12,13,14,17,18
1793,7,8,9,12,13,14,17,18
1794,7,8,9,12,13,14,17,18
1795,7,8,9,12,13,14,17,18
1796,7,8,9,12,13,14,17,18
1797,7,8,9,12,13,14,17,18,19
1798,7,8,9,12,13,14,17,18,19
1799,7,8,9,12,13,14,17,18,19
1800,7,8,9,12,13,14,17,18,19
