1,6,14,15,16,17,24,25,26,27,34,35,36,37
2,6,14,15,16,17,24,25,26,27,34,35,36,37
3,6,14,15,16,17,24,25,26,27,34,35,36,37
4,6,14,15,16,17,24,25,26,27,34,35,36,37
5,6,14,15,16,17,24,25,26,27,34,35,36,37
6,6,14,15,16,17,24,25,26,27,34,35,36,37
7,6,14,15,16,17,24,25,26,27,34,35,36,37
8,6,14,15,16,17,24,25,26,27,34,35,36,37
9,6,14,15,16,17,24,25,26,27,34,35,36,37
10,6,14,15,16,17,24,25,26,27,34,35,36,37
11,6,14,15,16,17,24,25,26,27,34,35,36,37
12,6,14,15,16,17,24,25,26,27,34,35,36,37
13,6,14,15,16,17,24,25,26,27,34,35,36,37
14,6,14,15,16,17,24,25,26,27,34,35,36,37
15,6,14,15,16,17,24,25,26,27,34,35,36,37
16,6,14,15,16,17,24,25,26,27,34,35,36,37
17,6,14,15,16,17,24,25,26,27,34,35,36,37
18,6,14,15,16,17,24,25,26,27,34,35,36,37
19,6,14,15,16,17,24,25,26,27,34,35,36,37
20,6,14,15,16,17,24,25,26,27,34,35,36,37
21,6,14,15,16,17,24,25,26,27,34,35,36,37
22,6,14,15,16,17,24,25,26,27,34,35,36,37
23,5,6,14,15,16,17,24,25,26,27,34,35,36,37
24,5,6,14,15,16,17,24,25,26,27,34,35,36,37
25,5,6,14,15,16,17,24,25,26,27,34,35,36,37
26,5,6,14,15,16,17,24,25,26,27,34,35,36,37
27,5,6,14,15,16,17,24,25,26,27,34,35,36,37
28,5,6,14,15,16,17,24,25,26,27,34,35,36,37
29,5,6,14,15,16,17,24,25,26,27,34,35,36,37
30,5,6,14,15,16,17,24,25,26,27,34,35,36,37
31,5,6,14,15,16,17,24,25,26,27,34,35,36,37
32,5,6,14,15,16,17,24,25,26,27,34,35,36,37
33,5,6,14,15,16,17,24,25,26,27,34,35,36,37
34,5,6,14,15,16,17,24,25,26,27,34,35,36,37
35,5,6,14,15,16,17,24,25,26,27,34,35,36,37
36,5,6,14,15,16,17,24,25,26,27,34,35,36,37
37,5,6,14,15,16,17,24,25,26,27,34,35,36,37
38,5,6,14,15,16,17,24,25,26,27,34,35,36,37
39,5,6,14,15,16,17,24,25,26,27,34,35,36
40,5,6,14,15,16,17,24,25,26,27,34,35,36
41,5,6,14,15,16,17,24,25,26,27,34,35,36
42,5,6,14,15,16,17,24,25,26,27,34,35,36
43,5,6,14,15,16,17,24,25,26,27,34,35,36
44,5,6,14,15,16,17,24,25,26,27,34,35,36
45,5,6,14,15,16,24,25,26,34,35,36
46,5,6,14,15,16,24,25,26,34,35,36
47,5,6,14,15,16,24,25,26,34,35,36
48,5,6,14,15,16,24,25,26,34,35,36
49,5,13,14,15,16,23,24,25,26,34,35,36
50,5,13,14,15,16,23,24,25,26,34,35,36
51,5,13,14,15,16,23,24,25,26,34,35,36
52,5,13,14,15,16,23,24,25,26,34,35,36
53,5,13,14,15,16,23,24,25,26,33,34,35,36
54,5,13,14,15,16,23,24,25,26,33,34,35,36
55,4,5,13,14,15,16,23,24,25,26,33,34,35,36
56,4,5,13,14,15,16,23,24,25,26,33,34,35,36
57,4,5,13,14,15,16,23,24,25,26,33,34,35,36
58,4,5,13,14,15,16,23,24,25,26,33,34,35,36
59,4,5,13,14,15,16,23,24,25,26,33,34,35,36
60,4,5,13,14,15,16,23,24,25,26,33,34,35,36
61,4,5,13,14,15,16,23,24,25,26,33,34,35,36
62,4,5,13,14,15,16,23,24,25,26,33,34,35,36
63,4,5,13,14,15,16,23,24,25,26,33,34,35
64,4,5,13,14,15,16,23,24,25,26,33,34,35
65,4,5,13,14,15,16,23,24,25,26,33,34,35
66,4,5,13,14,15,16,23,24,25,26,33,34,35
67,4,5,13,14,15,16,23,24,25,26,33,34,35
68,4,5,13,14,15,16,23,24,25,26,33,34,35
69,4,5,13,14,15,16,23,24,25,26,33,34,35
70,4,5,13,14,15,16,23,24,25,26,33,34,35
71,4,5,13,14,15,16,23,24,25,26,33,34,35
72,4,5,13,14,15,16,23,24,25,26,33,34,35
73,4,5,13,14,15,16,23,24,25,26,33,34,35
74,4,5,13,14,15,16,23,24,25,26,33,34,35
75,4,5,13,14,15,16,23,24,25,26,33,34,35,36
76,4,5,13,14,15,16,23,24,25,26,33,34,35,36
77,4,5,13,14,15,16,23,24,25,26,33,34,35,36
78,4,5,13,14,15,16,23,24,25,26,33,34,35,36
79,4,5,13,14,15,16,23,24,25,26,33,34,35,36
80,4,5,13,14,15,16,23,24,25,26,33,34,35,36
81,5,13,14,15,16,23,24,25,26,33,34,35,36
82,5,13,14,15,16,23,24,25,26,33,34,35,36
83,5,13,14,15,16,23,24,25,26,33,34,35,36
84,5,13,14,15,16,23,24,25,26,33,34,35,36
85,5,13,14,15,16,23,24,25,26,34,35,36
86,5,13,14,15,16,23,24,25,26,34,35,36
87,5,13,14,15,16,23,24,25,26,34,35,36
88,5,13,14,15,16,23,24,25,26,34,35,36
89,5,14,15,16,23,24,25,26,34,35,36
90,5,14,15,16,23,24,25,26,34,35,36
91,5,14,15,16,24,25,26,34,35,36
92,5,14,15,16,24,25,26,34,35,36
93,5,14,15,16,24,25,26,34,35,36
94,5,14,15,16,24,25,26,34,35,36
95,5,14,15,16,24,25,26,34,35,36
96,5,14,15,16,24,25,26,34,35,36
97,5,14,15,16,24,25,26,34,35,36
98,5,14,15,16,24,25,26,34,35,36
99,5,14,15,16,24,25,26,34,35,36
100,5,14,15,16,24,25,26,34,35,36
101,5,14,15,16,24,25,26,34,35,36
102,5,14,15,16,24,25,26,34,35,36
103,5,14,15,16,24,25,26,34,35,36
104,5,14,15,16,24,25,26,34,35,36
105,5,14,15,16,24,25,26,34,35,36
106,5,14,15,16,24,25,26,34,35,36
107,5,14,15,16,24,25,26,34,35,36
108,5,14,15,16,24,25,26,34,35,36
109,5,14,15,16,24,25,26,34,35,36
110,5,14,15,16,24,25,26,34,35,36
111,5,14,15,16,24,25,26,34,35,36
112,5,14,15,16,24,25,26,34,35,36
113,5,14,15,16,24,25,26,34,35,36
114,5,14,15,16,24,25,26,34,35,36
115,5,14,15,16,24,25,26,34,35,36
116,5,14,15,16,24,25,26,34,35,36
117,5,14,15,16,24,25,26,34,35,36
118,5,14,15,16,24,25,26,34,35,36
119,5,14,15,16,24,25,26,34,35,36
120,5,14,15,16,24,25,26,34,35,36
121,5,14,15,16,24,25,26,34,35,36
122,5,14,15,16,24,25,26,34,35,36
123,5,14,15,16,24,25,26,34,35,36
124,5,14,15,16,24,25,26,34,35,36
125,5,14,15,16,24,25,26,34,35,36
126,5,14,15,16,24,25,26,34,35,36
127,5,14,15,16,24,25,26,34,35,36
128,5,14,15,16,24,25,26,34,35,36
129,5,14,15,16,24,25,26,34,35,36
130,5,14,15,16,24,25,26,34,35,36
131,5,14,15,16,24,25,26,34,35,36
132,5,14,15,16,24,25,26,34,35,36
133,5,14,15,16,24,25,26,34,35,36
134,5,14,15,16,24,25,26,34,35,36
135,5,6,14,15,16,17,24,25,26,27,34,35,36
136,5,6,14,15,16,17,24,25,26,27,34,35,36
137,5,6,14,15,16,17,24,25,26,27,34,35,36
138,5,6,14,15,16,17,24,25,26,27,34,35,36
139,5,6,14,15,16,17,24,25,26,27,34,35,36,37
140,5,6,14,15,16,17,24,25,26,27,34,35,36,37
141,5,6,14,15,16,17,24,25,26,27,34,35,36,37
142,5,6,14,15,16,17,24,25,26,27,34,35,36,37
143,6,14,15,16,17,24,25,26,27,34,35,36,37
144,6,14,15,16,17,24,25,26,27,34,35,36,37
145,6,14,15,16,17,24,25,26,27,34,35,36,37
146,6,14,15,16,17,24,25,26,27,34,35,36,37
147,6,14,15,16,17,24,25,26,27,34,35,36,37
148,6,14,15,16,17,24,25,26,27,34,35,36,37
149,6,14,15,16,17,24,25,26,27,34,35,36,37
150,6,14,15,16,17,24,25,26,27,34,35,36,37
151,6,14,15,16,17,24,25,26,27,34,35,36,37
152,6,14,15,16,17,24,25,26,27,34,35,36,37
153,6,14,15,16,17,24,25,26,27,34,35,36,37
154,6,14,15,16,17,24,25,26,27,34,35,36,37
155,6,14,15,16,17,24,25,26,27,34,35,36,37
156,6,14,15,16,17,24,25,26,27,34,35,36,37
157,6,14,15,16,17,24,25,26,27,34,35,36,37
158,6,14,15,16,17,24,25,26,27,34,35,36,37
159,6,14,15,16,17,24,25,26,27,34,35,36,37
160,6,14,15,16,17,24,25,26,27,34,35,36,37
161,6,14,15,16,17,24,25,26,27,34,35,36,37
162,6,14,15,16,17,24,25,26,27,34,35,36,37
163,6,14,15,16,17,24,25,26,27,34,35,36,37
164,6,14,15,16,17,24,25,26,27,34,35,36,37
165,6,14,15,16,17,24,25,26,27,34,35,36,37
166,6,14,15,16,17,24,25,26,27,34,35,36,37
167,6,14,15,16,17,24,25,26,27,34,35,36,37
168,6,14,15,16,17,24,25,26,27,34,35,36,37
169,5,6,14,15,16,17,24,25,26,27,34,35,36,37
170,5,6,14,15,16,17,24,25,26,27,34,35,36,37
171,5,6,14,15,16,17,24,25,26,27,34,35,36,37
172,5,6,14,15,16,17,24,25,26,27,34,35,36,37
173,5,6,14,15,16,17,24,25,26,27,34,35,36
174,5,6,14,15,16,17,24,25,26,27,34,35,36
175,5,6,14,15,16,17,24,25,26,27,34,35,36
176,5,6,14,15,16,17,24,25,26,27,34,35,36
177,5,6,14,15,16,24,25,26,27,34,35,36
178,5,6,14,15,16,24,25,26,27,34,35,36
179,5,6,14,15,16,24,25,26,27,34,35,36
180,5,6,14,15,16,24,25,26,27,34,35,36
181,5,14,15,16,24,25,26,34,35,36
182,5,14,15,16,24,25,26,34,35,36
183,5,14,15,16,24,25,26,34,35,36
184,5,14,15,16,24,25,26,34,35,36
185,5,14,15,16,24,25,26,34,35,36
186,5,14,15,16,24,25,26,34,35,36
187,5,14,15,16,24,25,26,34,35,36
188,5,14,15,16,24,25,26,34,35,36
189,5,14,15,16,24,25,26,34,35,36
190,5,14,15,16,24,25,26,34,35,36
191,5,14,15,16,24,25,26,27,34,35,36
192,5,14,15,16,24,25,26,27,34,35,36
193,5,6,14,15,16,17,24,25,26,27,34,35,36
194,5,6,14,15,16,17,24,25,26,27,34,35,36
195,6,14,15,16,17,24,25,26,27,34,35,36,37
196,6,14,15,16,17,24,25,26,27,34,35,36,37
197,6,14,15,16,17,24,25,26,27,34,35,36,37
198,6,14,15,16,17,24,25,26,27,34,35,36,37
199,6,14,15,16,17,24,25,26,27,35,36,37
200,6,14,15,16,17,24,25,26,27,35,36,37
201,6,15,16,17,25,26,27,35,36,37
202,6,15,16,17,25,26,27,35,36,37
203,6,7,15,16,17,25,26,27,35,36,37
204,6,7,15,16,17,25,26,27,35,36,37
205,6,7,15,16,17,18,25,26,27,28,35,36,37
206,6,7,15,16,17,18,25,26,27,28,35,36,37
207,6,7,15,16,17,18,25,26,27,28,35,36,37
208,6,7,15,16,17,18,25,26,27,28,35,36,37
209,6,7,15,16,17,18,25,26,27,28,35,36,37,38
210,6,7,15,16,17,18,25,26,27,28,35,36,37,38
211,6,7,15,16,17,18,25,26,27,28,35,36,37,38
212,6,7,15,16,17,18,25,26,27,28,35,36,37,38
213,6,7,15,16,17,18,25,26,27,28,35,36,37,38
214,6,7,15,16,17,18,25,26,27,28,35,36,37,38
215,7,15,16,17,18,25,26,27,28,35,36,37,38
216,7,15,16,17,18,25,26,27,28,35,36,37,38
217,7,15,16,17,18,25,26,27,28,35,36,37,38
218,7,15,16,17,18,25,26,27,28,35,36,37,38
219,7,15,16,17,18,25,26,27,28,35,36,37,38
220,7,15,16,17,18,25,26,27,28,35,36,37,38
221,7,15,16,17,18,25,26,27,28,35,36,37,38
222,7,15,16,17,18,25,26,27,28,35,36,37,38
223,7,15,16,17,18,25,26,27,28,35,36,37,38
224,7,15,16,17,18,25,26,27,28,35,36,37,38
225,6,7,15,16,17,18,25,26,27,28,35,36,37,38
226,6,7,15,16,17,18,25,26,27,28,35,36,37,38
227,6,7,15,16,17,18,25,26,27,28,35,36,37,38
228,6,7,15,16,17,18,25,26,27,28,35,36,37,38
229,6,7,15,16,17,18,25,26,27,28,35,36,37
230,6,7,15,16,17,18,25,26,27,28,35,36,37
231,6,7,15,16,17,25,26,27,28,35,36,37
232,6,7,15,16,17,25,26,27,28,35,36,37
233,6,15,16,17,25,26,27,35,36,37
234,6,15,16,17,25,26,27,35,36,37
235,6,15,16,17,25,26,27,35,36,37
236,6,15,16,17,25,26,27,35,36,37
237,6,15,16,17,25,26,27,35,36,37
238,6,15,16,17,25,26,27,35,36,37
239,6,14,15,16,17,24,25,26,27,35,36,37
240,6,14,15,16,17,24,25,26,27,35,36,37
241,6,14,15,16,17,24,25,26,27,35,36,37
242,6,14,15,16,17,24,25,26,27,35,36,37
243,6,14,15,16,17,24,25,26,27,34,35,36,37
244,6,14,15,16,17,24,25,26,27,34,35,36,37
245,6,14,15,16,17,24,25,26,27,34,35,36,37
246,6,14,15,16,17,24,25,26,27,34,35,36,37
247,6,14,15,16,17,24,25,26,27,34,35,36,37
248,6,14,15,16,17,24,25,26,27,34,35,36,37
249,6,14,15,16,17,24,25,26,27,34,35,36,37
250,6,14,15,16,17,24,25,26,27,34,35,36,37
251,6,14,15,16,17,24,25,26,27,34,35,36,37
252,6,14,15,16,17,24,25,26,27,34,35,36,37
253,6,14,15,16,17,24,25,26,27,34,35,36,37
254,6,14,15,16,17,24,25,26,27,34,35,36,37
255,6,14,15,16,17,24,25,26,27,34,35,36,37
256,6,14,15,16,17,24,25,26,27,34,35,36,37
257,6,14,15,16,17,24,25,26,27,34,35,36,37
258,6,14,15,16,17,24,25,26,27,34,35,36,37
259,6,14,15,16,17,24,25,26,27,34,35,36,37
260,6,14,15,16,17,24,25,26,27,34,35,36,37
261,6,14,15,16,17,24,25,26,27,35,36,37
262,6,14,15,16,17,24,25,26,27,35,36,37
263,6,14,15,16,17,24,25,26,27,35,36,37
264,6,14,15,16,17,24,25,26,27,35,36,37
265,6,14,15,16,17,24,25,26,27,35,36,37
266,6,14,15,16,17,24,25,26,27,35,36,37
267,6,14,15,16,17,24,25,26,27,35,36,37
268,6,14,15,16,17,24,25,26,27,35,36,37
269,6,14,15,16,17,24,25,26,27,35,36,37
270,6,14,15,16,17,24,25,26,27,35,36,37
271,6,14,15,16,17,24,25,26,27,34,35,36,37
272,6,14,15,16,17,24,25,26,27,34,35,36,37
273,6,14,15,16,17,24,25,26,27,34,35,36,37
274,6,14,15,16,17,24,25,26,27,34,35,36,37
275,5,6,14,15,16,17,24,25,26,27,34,35,36,37
276,5,6,14,15,16,17,24,25,26,27,34,35,36,37
277,5,6,14,15,16,17,24,25,26,27,34,35,36,37
278,5,6,14,15,16,17,24,25,26,27,34,35,36,37
279,5,6,14,15,16,17,24,25,26,27,34,35,36,37
280,5,6,14,15,16,17,24,25,26,27,34,35,36,37
281,5,6,14,15,16,17,24,25,26,27,34,35,36,37
282,5,6,14,15,16,17,24,25,26,27,34,35,36,37
283,5,6,14,15,16,17,24,25,26,27,34,35,36
284,5,6,14,15,16,17,24,25,26,27,34,35,36
285,5,6,14,15,16,17,24,25,26,27,34,35,36
286,5,6,14,15,16,17,24,25,26,27,34,35,36
287,5,6,14,15,16,17,24,25,26,27,34,35,36
288,5,6,14,15,16,17,24,25,26,27,34,35,36
289,5,6,14,15,16,17,24,25,26,27,34,35,36
290,5,6,14,15,16,17,24,25,26,27,34,35,36
291,5,6,14,15,16,17,24,25,26,27,34,35,36
292,5,6,14,15,16,17,24,25,26,27,34,35,36
293,5,6,14,15,16,17,24,25,26,27,34,35,36,37
294,5,6,14,15,16,17,24,25,26,27,34,35,36,37
295,5,6,14,15,16,17,24,25,26,27,34,35,36,37
296,5,6,14,15,16,17,24,25,26,27,34,35,36,37
297,5,6,14,15,16,17,24,25,26,27,34,35,36,37
298,5,6,14,15,16,17,24,25,26,27,34,35,36,37
299,5,6,14,15,16,17,24,25,26,27,34,35,36,37
300,5,6,14,15,16,17,24,25,26,27,34,35,36,37
301,5,6,14,15,16,17,24,25,26,27,34,35,36,37
302,5,6,14,15,16,17,24,25,26,27,34,35,36,37
303,6,14,15,16,17,24,25,26,27,34,35,36,37
304,6,14,15,16,17,24,25,26,27,34,35,36,37
305,6,14,15,16,17,24,25,26,27,34,35,36,37
306,6,14,15,16,17,24,25,26,27,34,35,36,37
307,6,14,15,16,17,24,25,26,27,34,35,36,37
308,6,14,15,16,17,24,25,26,27,34,35,36,37
309,6,14,15,16,17,24,25,26,27,34,35,36,37
310,6,14,15,16,17,24,25,26,27,34,35,36,37
311,5,6,14,15,16,17,24,25,26,27,35,36,37
312,5,6,14,15,16,17,24,25,26,27,35,36,37
313,5,6,14,15,16,17,24,25,26,27,35,36,37
314,5,6,14,15,16,17,24,25,26,27,35,36,37
315,5,6,7,14,15,16,17,24,25,26,27,35,36,37
316,5,6,7,14,15,16,17,24,25,26,27,35,36,37
317,5,6,7,14,15,16,17,24,25,26,27,35,36,37
318,5,6,7,14,15,16,17,24,25,26,27,35,36,37
319,5,6,7,14,15,16,17,24,25,26,27,35,36,37
320,5,6,7,14,15,16,17,24,25,26,27,35,36,37
321,5,6,7,14,15,16,17,24,25,26,27,35,36,37
322,5,6,7,14,15,16,17,24,25,26,27,35,36,37
323,5,6,7,14,15,16,17,24,25,26,27,35,36,37
324,5,6,7,14,15,16,17,24,25,26,27,35,36,37
325,5,6,7,14,15,16,17,24,25,26,27,35,36,37
326,5,6,7,14,15,16,17,24,25,26,27,35,36,37
327,5,6,14,15,16,17,24,25,26,27,35,36,37
328,5,6,14,15,16,17,24,25,26,27,35,36,37
329,5,6,14,15,16,17,24,25,26,27,35,36,37
330,5,6,14,15,16,17,24,25,26,27,35,36,37
331,5,6,14,15,16,17,24,25,26,27,35,36,37
332,5,6,14,15,16,17,24,25,26,27,35,36,37
333,5,6,14,15,16,17,24,25,26,27,35,36,37
334,5,6,14,15,16,17,24,25,26,27,35,36,37
335,6,14,15,16,17,24,25,26,27,35,36,37
336,6,14,15,16,17,24,25,26,27,35,36,37
337,6,14,15,16,17,24,25,26,27,35,36,37
338,6,14,15,16,17,24,25,26,27,35,36,37
339,6,14,15,16,17,24,25,26,27,35,36,37
340,6,14,15,16,17,24,25,26,27,35,36,37
341,6,14,15,16,17,24,25,26,27,35,36,37
342,6,14,15,16,17,24,25,26,27,35,36,37
343,6,14,15,16,17,24,25,26,27,35,36,37
344,6,14,15,16,17,24,25,26,27,35,36,37
345,6,14,15,16,17,24,25,26,27,35,36,37
346,6,14,15,16,17,24,25,26,27,35,36,37
347,6,14,15,16,17,24,25,26,27,35,36,37
348,6,14,15,16,17,24,25,26,27,35,36,37
349,6,14,15,16,17,24,25,26,27,35,36,37
350,6,14,15,16,17,24,25,26,27,35,36,37
351,6,14,15,16,17,24,25,26,27,35,36,37
352,6,14,15,16,17,24,25,26,27,35,36,37
353,6,14,15,16,17,24,25,26,27,35,36,37
354,6,14,15,16,17,24,25,26,27,35,36,37
355,6,14,15,16,17,24,25,26,27,34,35,36,37
356,6,14,15,16,17,24,25,26,27,34,35,36,37
357,6,14,15,16,17,24,25,26,27,34,35,36,37
358,6,14,15,16,17,24,25,26,27,34,35,36,37
359,5,6,14,15,16,17,24,25,26,27,34,35,36,37
360,5,6,14,15,16,17,24,25,26,27,34,35,36,37
361,5,6,14,15,16,17,24,25,26,27,34,35,36,37
362,5,6,14,15,16,17,24,25,26,27,34,35,36,37
363,5,6,14,15,16,17,24,25,26,27,34,35,36,37
364,5,6,14,15,16,17,24,25,26,27,34,35,36,37
365,5,6,14,15,16,17,24,25,26,27,34,35,36
366,5,6,14,15,16,17,24,25,26,27,34,35,36
367,5,6,14,15,16,17,24,25,26,27,34,35,36
368,5,6,14,15,16,17,24,25,26,27,34,35,36
369,5,6,14,15,16,17,24,25,26,27,34,35,36
370,5,6,14,15,16,17,24,25,26,27,34,35,36
371,5,6,14,15,16,17,24,25,26,27,34,35,36
372,5,6,14,15,16,17,24,25,26,27,34,35,36
373,5,6,14,15,16,17,24,25,26,27,34,35,36
374,5,6,14,15,16,17,24,25,26,27,34,35,36
375,5,6,14,15,16,17,24,25,26,27,34,35,36
376,5,6,14,15,16,17,24,25,26,27,34,35,36
377,5,6,14,15,16,17,24,25,26,27,34,35,36
378,5,6,14,15,16,17,24,25,26,27,34,35,36
379,5,6,14,15,16,17,24,25,26,27,34,35,36
380,5,6,14,15,16,17,24,25,26,27,34,35,36
381,5,6,14,15,16,17,24,25,26,27,34,35,36
382,5,6,14,15,16,17,24,25,26,27,34,35,36
383,5,6,14,15,16,17,24,25,26,27,34,35,36
384,5,6,14,15,16,17,24,25,26,27,34,35,36
385,5,6,14,15,16,17,24,25,26,27,34,35,36
386,5,6,14,15,16,17,24,25,26,27,34,35,36
387,5,6,14,15,16,17,24,25,26,27,34,35,36
388,5,6,14,15,16,17,24,25,26,27,34,35,36
389,5,6,14,15,16,17,24,25,26,27,34,35,36
390,5,6,14,15,16,17,24,25,26,27,34,35,36
391,5,6,14,15,16,17,24,25,26,27,34,35,36
392,5,6,14,15,16,17,24,25,26,27,34,35,36
393,5,6,14,15,16,17,24,25,26,27,34,35,36
394,5,6,14,15,16,17,24,25,26,27,34,35,36
395,5,6,14,15,16,24,25,26,27,34,35,36
396,5,6,14,15,16,24,25,26,27,34,35,36
397,5,6,14,15,16,24,25,26,34,35,36
398,5,6,14,15,16,24,25,26,34,35,36
399,5,6,14,15,16,24,25,26,34,35,36
400,5,6,14,15,16,24,25,26,34,35,36
401,5,6,14,15,16,17,24,25,26,27,34,35,36
402,5,6,14,15,16,17,24,25,26,27,34,35,36
403,5,6,14,15,16,17,24,25,26,27,34,35,36
404,5,6,14,15,16,17,24,25,26,27,34,35,36
405,5,6,14,15,16,17,24,25,26,27,34,35,36,37
406,5,6,14,15,16,17,24,25,26,27,34,35,36,37
407,6,14,15,16,17,24,25,26,27,35,36,37
408,6,14,15,16,17,24,25,26,27,35,36,37
409,6,15,16,17,25,26,27,35,36,37
410,6,15,16,17,25,26,27,35,36,37
411,6,7,15,16,17,25,26,27,35,36,37
412,6,7,15,16,17,25,26,27,35,36,37
413,6,7,15,16,17,18,25,26,27,28,35,36,37
414,6,7,15,16,17,18,25,26,27,28,35,36,37
415,6,7,15,16,17,18,25,26,27,28,35,36,37
416,6,7,15,16,17,18,25,26,27,28,35,36,37
417,6,7,15,16,17,18,25,26,27,28,35,36,37,38
418,6,7,15,16,17,18,25,26,27,28,35,36,37,38
419,6,7,15,16,17,18,25,26,27,28,35,36,37,38
420,6,7,15,16,17,18,25,26,27,28,35,36,37,38
421,6,7,15,16,17,18,25,26,27,28,35,36,37,38
422,6,7,15,16,17,18,25,26,27,28,35,36,37,38
423,6,7,15,16,17,18,25,26,27,28,35,36,37,38
424,6,7,15,16,17,18,25,26,27,28,35,36,37,38
425,6,7,15,16,17,18,25,26,27,28,35,36,37,38
426,6,7,15,16,17,18,25,26,27,28,35,36,37,38
427,6,7,15,16,17,18,25,26,27,28,35,36,37,38
428,6,7,15,16,17,18,25,26,27,28,35,36,37,38
429,6,7,15,16,17,18,25,26,27,28,35,36,37,38
430,6,7,15,16,17,18,25,26,27,28,35,36,37,38
431,6,7,15,16,17,18,25,26,27,28,35,36,37
432,6,7,15,16,17,18,25,26,27,28,35,36,37
433,6,15,16,17,25,26,27,35,36,37
434,6,15,16,17,25,26,27,35,36,37
435,6,14,15,16,17,24,25,26,27,34,35,36,37
436,6,14,15,16,17,24,25,26,27,34,35,36,37
437,6,14,15,16,17,24,25,26,27,34,35,36,37
438,6,14,15,16,17,24,25,26,27,34,35,36,37
439,5,6,14,15,16,17,24,25,26,27,34,35,36
440,5,6,14,15,16,17,24,25,26,27,34,35,36
441,5,6,14,15,16,24,25,26,27,34,35,36
442,5,6,14,15,16,24,25,26,27,34,35,36
443,5,14,15,16,24,25,26,34,35,36
444,5,14,15,16,24,25,26,34,35,36
445,5,14,15,16,24,25,26,34,35,36
446,5,14,15,16,24,25,26,34,35,36
447,5,14,15,16,24,25,26,34,35,36
448,5,14,15,16,24,25,26,34,35,36
449,5,14,15,16,23,24,25,26,34,35,36
450,5,14,15,16,23,24,25,26,34,35,36
451,5,13,14,15,16,23,24,25,26,34,35,36
452,5,13,14,15,16,23,24,25,26,34,35,36
453,5,13,14,15,16,23,24,25,26,33,34,35,36
454,5,13,14,15,16,23,24,25,26,33,34,35,36
455,5,13,14,15,16,23,24,25,26,33,34,35,36
456,5,13,14,15,16,23,24,25,26,33,34,35,36
457,5,13,14,15,16,23,24,25,26,33,34,35,36
458,5,13,14,15,16,23,24,25,26,33,34,35,36
459,5,13,14,15,16,23,24,25,26,33,34,35,36
460,5,13,14,15,16,23,24,25,26,33,34,35,36
461,5,13,14,15,16,23,24,25,26,33,34,35,36
462,5,13,14,15,16,23,24,25,26,33,34,35,36
463,5,13,14,15,16,23,24,25,26,33,34,35,36
464,5,13,14,15,16,23,24,25,26,33,34,35,36
465,4,5,13,14,15,16,23,24,25,26,33,34,35,36
466,4,5,13,14,15,16,23,24,25,26,33,34,35,36
467,4,5,13,14,15,16,23,24,25,26,33,34,35,36
468,4,5,13,14,15,16,23,24,25,26,33,34,35,36
469,4,5,13,14,15,16,23,24,25,26,33,34,35,36
470,4,5,13,14,15,16,23,24,25,26,33,34,35,36
471,4,5,13,14,15,16,23,24,25,26,33,34,35,36
472,4,5,13,14,15,16,23,24,25,26,33,34,35,36
473,4,5,13,14,15,16,23,24,25,26,33,34,35
474,4,5,13,14,15,16,23,24,25,26,33,34,35
475,4,5,13,14,15,16,23,24,25,26,33,34,35
476,4,5,13,14,15,16,23,24,25,26,33,34,35
477,4,5,13,14,15,23,24,25,26,33,34,35
478,4,5,13,14,15,23,24,25,26,33,34,35
479,4,5,13,14,15,23,24,25,33,34,35
480,4,5,13,14,15,23,24,25,33,34,35
481,4,5,13,14,15,23,24,25,33,34,35
482,4,5,13,14,15,23,24,25,33,34,35
483,4,12,13,14,15,22,23,24,25,33,34,35
484,4,12,13,14,15,22,23,24,25,33,34,35
485,4,12,13,14,15,22,23,24,25,33,34,35
486,4,12,13,14,15,22,23,24,25,33,34,35
487,4,12,13,14,15,22,23,24,25,33,34,35
488,4,12,13,14,15,22,23,24,25,33,34,35
489,4,12,13,14,15,22,23,24,25,33,34,35
490,4,12,13,14,15,22,23,24,25,33,34,35
491,4,12,13,14,15,22,23,24,25,33,34,35
492,4,12,13,14,15,22,23,24,25,33,34,35
493,4,12,13,14,15,22,23,24,25,33,34,35
494,4,12,13,14,15,22,23,24,25,33,34,35
495,4,5,13,14,15,23,24,25,26,33,34,35
496,4,5,13,14,15,23,24,25,26,33,34,35
497,4,5,13,14,15,16,23,24,25,26,33,34,35,36
498,4,5,13,14,15,16,23,24,25,26,33,34,35,36
499,5,13,14,15,16,23,24,25,26,34,35,36
500,5,13,14,15,16,23,24,25,26,34,35,36
501,5,6,14,15,16,24,25,26,34,35,36
502,5,6,14,15,16,24,25,26,34,35,36
503,5,6,14,15,16,17,24,25,26,27,34,35,36
504,5,6,14,15,16,17,24,25,26,27,34,35,36
505,6,14,15,16,17,24,25,26,27,34,35,36,37
506,6,14,15,16,17,24,25,26,27,34,35,36,37
507,6,14,15,16,17,24,25,26,27,34,35,36,37
508,6,14,15,16,17,24,25,26,27,34,35,36,37
509,6,15,16,17,24,25,26,27,35,36,37
510,6,15,16,17,24,25,26,27,35,36,37
511,6,15,16,17,25,26,27,35,36,37
512,6,15,16,17,25,26,27,35,36,37
513,6,15,16,17,25,26,27,28,35,36,37
514,6,15,16,17,25,26,27,28,35,36,37
515,6,7,15,16,17,18,25,26,27,28,35,36,37
516,6,7,15,16,17,18,25,26,27,28,35,36,37
517,7,15,16,17,18,25,26,27,28,35,36,37,38
518,7,15,16,17,18,25,26,27,28,35,36,37,38
519,7,15,16,17,18,25,26,27,28,35,36,37,38
520,7,15,16,17,18,25,26,27,28,35,36,37,38
521,6,7,15,16,17,18,25,26,27,28,35,36,37,38
522,6,7,15,16,17,18,25,26,27,28,35,36,37,38
523,6,7,15,16,17,18,25,26,27,28,35,36,37,38
524,6,7,15,16,17,18,25,26,27,28,35,36,37,38
525,6,7,15,16,17,18,25,26,27,28,35,36,37,38
526,6,7,15,16,17,18,25,26,27,28,35,36,37,38
527,6,7,15,16,17,18,25,26,27,28,35,36,37
528,6,7,15,16,17,18,25,26,27,28,35,36,37
529,6,7,15,16,17,18,25,26,27,28,35,36,37
530,6,7,15,16,17,18,25,26,27,28,35,36,37
531,6,7,15,16,17,25,26,27,35,36,37
532,6,7,15,16,17,25,26,27,35,36,37
533,6,15,16,17,24,25,26,27,35,36,37
534,6,15,16,17,24,25,26,27,35,36,37
535,6,14,15,16,17,24,25,26,27,34,35,36,37
536,6,14,15,16,17,24,25,26,27,34,35,36,37
537,5,6,14,15,16,17,24,25,26,27,34,35,36,37
538,5,6,14,15,16,17,24,25,26,27,34,35,36,37
539,5,6,14,15,16,24,25,26,34,35,36
540,5,6,14,15,16,24,25,26,34,35,36
541,5,13,14,15,16,23,24,25,26,34,35,36
542,5,13,14,15,16,23,24,25,26,34,35,36
543,5,13,14,15,16,23,24,25,26,33,34,35,36
544,5,13,14,15,16,23,24,25,26,33,34,35,36
545,4,5,13,14,15,16,23,24,25,26,33,34,35,36
546,4,5,13,14,15,16,23,24,25,26,33,34,35,36
547,4,5,13,14,15,23,24,25,26,33,34,35
548,4,5,13,14,15,23,24,25,26,33,34,35
549,4,5,13,14,15,23,24,25,33,34,35
550,4,5,13,14,15,23,24,25,33,34,35
551,4,12,13,14,15,22,23,24,25,33,34,35
552,4,12,13,14,15,22,23,24,25,33,34,35
553,3,4,12,13,14,15,22,23,24,25,33,34,35
554,3,4,12,13,14,15,22,23,24,25,33,34,35
555,3,4,12,13,14,15,22,23,24,25,32,33,34,35
556,3,4,12,13,14,15,22,23,24,25,32,33,34,35
557,3,4,12,13,14,15,22,23,24,25,32,33,34
558,3,4,12,13,14,15,22,23,24,25,32,33,34
559,3,4,12,13,14,15,22,23,24,25,32,33,34
560,3,4,12,13,14,15,22,23,24,25,32,33,34
561,3,4,12,13,14,22,23,24,32,33,34
562,3,4,12,13,14,22,23,24,32,33,34
563,2,3,11,12,13,14,21,22,23,24,32,33,34
564,2,3,11,12,13,14,21,22,23,24,32,33,34
565,2,3,11,12,13,14,21,22,23,24,31,32,33,34
566,2,3,11,12,13,14,21,22,23,24,31,32,33,34
567,2,3,11,12,13,14,21,22,23,24,31,32,33,34
568,2,3,11,12,13,14,21,22,23,24,31,32,33,34
569,2,3,11,12,13,14,21,22,23,24,31,32,33,34
570,2,3,11,12,13,14,21,22,23,24,31,32,33,34
571,2,3,11,12,13,14,21,22,23,24,31,32,33
572,2,3,11,12,13,14,21,22,23,24,31,32,33
573,2,3,11,12,13,14,21,22,23,24,31,32,33
574,2,3,11,12,13,14,21,22,23,24,31,32,33
575,2,3,11,12,13,14,21,22,23,24,31,32,33
576,2,3,11,12,13,14,21,22,23,24,31,32,33
577,2,3,11,12,13,14,21,22,23,24,31,32,33
578,2,3,11,12,13,14,21,22,23,24,31,32,33
579,2,3,11,12,13,14,21,22,23,24,31,32,33
580,2,3,11,12,13,14,21,22,23,24,31,32,33
581,2,3,11,12,13,21,22,23,24,31,32,33
582,2,3,11,12,13,21,22,23,24,31,32,33
583,2,3,11,12,13,21,22,23,24,31,32,33
584,2,3,11,12,13,21,22,23,24,31,32,33
585,2,3,11,12,13,14,21,22,23,24,31,32,33
586,2,3,11,12,13,14,21,22,23,24,31,32,33
587,2,3,11,12,13,14,21,22,23,24,31,32,33
588,2,3,11,12,13,14,21,22,23,24,31,32,33
589,2,3,11,12,13,14,21,22,23,24,31,32,33
590,2,3,11,12,13,14,21,22,23,24,31,32,33
591,2,3,11,12,13,14,21,22,23,24,31,32,33,34
592,2,3,11,12,13,14,21,22,23,24,31,32,33,34
593,2,3,11,12,13,14,21,22,23,24,31,32,33,34
594,2,3,11,12,13,14,21,22,23,24,31,32,33,34
595,2,3,11,12,13,14,21,22,23,24,31,32,33,34
596,2,3,11,12,13,14,21,22,23,24,31,32,33,34
597,2,3,11,12,13,14,21,22,23,24,32,33,34
598,2,3,11,12,13,14,21,22,23,24,32,33,34
599,2,3,4,11,12,13,14,21,22,23,24,32,33,34
600,2,3,4,11,12,13,14,21,22,23,24,32,33,34
601,2,3,4,11,12,13,14,21,22,23,24,32,33,34
602,2,3,4,11,12,13,14,21,22,23,24,32,33,34
603,2,3,4,11,12,13,14,21,22,23,24,32,33,34
604,2,3,4,11,12,13,14,21,22,23,24,32,33,34
605,3,4,11,12,13,14,21,22,23,24,32,33,34
606,3,4,11,12,13,14,21,22,23,24,32,33,34
607,3,4,12,13,14,22,23,24,32,33,34
608,3,4,12,13,14,22,23,24,32,33,34
609,3,4,12,13,14,22,23,24,32,33,34
610,3,4,12,13,14,22,23,24,32,33,34
611,3,4,12,13,14,22,23,24,32,33,34
612,3,4,12,13,14,22,23,24,32,33,34
613,3,4,12,13,14,22,23,24,32,33,34
614,3,4,12,13,14,22,23,24,32,33,34
615,3,4,12,13,14,22,23,24,25,32,33,34
616,3,4,12,13,14,22,23,24,25,32,33,34
617,3,4,12,13,14,15,22,23,24,25,32,33,34
618,3,4,12,13,14,15,22,23,24,25,32,33,34
619,3,4,12,13,14,15,22,23,24,25,32,33,34
620,3,4,12,13,14,15,22,23,24,25,32,33,34
621,3,4,12,13,14,15,22,23,24,25,32,33,34,35
622,3,4,12,13,14,15,22,23,24,25,32,33,34,35
623,3,4,12,13,14,15,22,23,24,25,32,33,34,35
624,3,4,12,13,14,15,22,23,24,25,32,33,34,35
625,4,12,13,14,15,22,23,24,25,32,33,34,35
626,4,12,13,14,15,22,23,24,25,32,33,34,35
627,4,12,13,14,15,22,23,24,25,33,34,35
628,4,12,13,14,15,22,23,24,25,33,34,35
629,4,13,14,15,23,24,25,33,34,35
630,4,13,14,15,23,24,25,33,34,35
631,4,5,13,14,15,23,24,25,33,34,35
632,4,5,13,14,15,23,24,25,33,34,35
633,4,5,13,14,15,16,23,24,25,26,33,34,35
634,4,5,13,14,15,16,23,24,25,26,33,34,35
635,4,5,13,14,15,16,23,24,25,26,33,34,35,36
636,4,5,13,14,15,16,23,24,25,26,33,34,35,36
637,5,13,14,15,16,23,24,25,26,33,34,35,36
638,5,13,14,15,16,23,24,25,26,33,34,35,36
639,5,13,14,15,16,23,24,25,26,33,34,35,36
640,5,13,14,15,16,23,24,25,26,33,34,35,36
641,5,13,14,15,16,23,24,25,26,34,35,36
642,5,13,14,15,16,23,24,25,26,34,35,36
643,5,14,15,16,24,25,26,34,35,36
644,5,14,15,16,24,25,26,34,35,36
645,5,14,15,16,24,25,26,34,35,36
646,5,14,15,16,24,25,26,34,35,36
647,5,14,15,16,24,25,26,34,35,36
648,5,14,15,16,24,25,26,34,35,36
649,5,14,15,16,24,25,26,34,35,36
650,5,14,15,16,24,25,26,34,35,36
651,14,15,16,24,25,26,27,34,35,36
652,14,15,16,24,25,26,27,34,35,36
653,14,15,16,24,25,26,27,34,35,36
654,14,15,16,24,25,26,27,34,35,36
655,14,15,16,24,25,26,27,34,35,36
656,14,15,16,24,25,26,27,34,35,36
657,14,15,16,24,25,26,27,34,35,36
658,14,15,16,24,25,26,27,34,35,36
659,14,15,16,17,24,25,26,27,34,35,36,37
660,14,15,16,17,24,25,26,27,34,35,36,37
661,14,15,16,17,24,25,26,27,34,35,36,37
662,14,15,16,17,24,25,26,27,34,35,36,37
663,14,15,16,17,24,25,26,27,34,35,36,37
664,14,15,16,17,24,25,26,27,34,35,36,37
665,14,15,16,17,24,25,26,27,34,35,36,37
666,14,15,16,17,24,25,26,27,34,35,36,37
667,14,15,16,17,24,25,26,27,34,35,36,37
668,14,15,16,17,24,25,26,27,34,35,36,37
669,6,14,15,16,17,24,25,26,27,34,35,36,37
670,6,14,15,16,17,24,25,26,27,34,35,36,37
671,6,14,15,16,17,24,25,26,27,34,35,36,37
672,6,14,15,16,17,24,25,26,27,34,35,36,37
673,6,14,15,16,17,24,25,26,27,35,36,37
674,6,14,15,16,17,24,25,26,27,35,36,37
675,6,14,15,16,17,24,25,26,27,35,36,37
676,6,14,15,16,17,24,25,26,27,35,36,37
677,6,15,16,17,24,25,26,27,35,36,37
678,6,15,16,17,24,25,26,27,35,36,37
679,6,15,16,17,24,25,26,27,35,36,37
680,6,15,16,17,24,25,26,27,35,36,37
681,6,15,16,17,25,26,27,35,36,37
682,6,15,16,17,25,26,27,35,36,37
683,6,15,16,17,25,26,27,35,36,37
684,6,15,16,17,25,26,27,35,36,37
685,6,15,16,17,25,26,27,35,36,37
686,6,15,16,17,25,26,27,35,36,37
687,6,15,16,17,25,26,27,35,36,37
688,6,15,16,17,25,26,27,35,36,37
689,6,15,16,17,24,25,26,27,35,36,37
690,6,15,16,17,24,25,26,27,35,36,37
691,15,16,17,24,25,26,27,35,36,37
692,15,16,17,24,25,26,27,35,36,37
693,14,15,16,17,24,25,26,27,35,36,37
694,14,15,16,17,24,25,26,27,35,36,37
695,6,14,15,16,17,24,25,26,27,34,35,36,37
696,6,14,15,16,17,24,25,26,27,34,35,36,37
697,6,14,15,16,17,24,25,26,27,34,35,36,37
698,6,14,15,16,17,24,25,26,27,34,35,36,37
699,6,14,15,16,17,24,25,26,27,34,35,36,37
700,6,14,15,16,17,24,25,26,27,34,35,36,37
701,6,14,15,16,17,24,25,26,27,34,35,36,37
702,6,14,15,16,17,24,25,26,27,34,35,36,37
703,6,14,15,16,17,24,25,26,27,34,35,36,37
704,6,14,15,16,17,24,25,26,27,34,35,36,37
705,14,15,16,17,24,25,26,27,34,35,36,37
706,14,15,16,17,24,25,26,27,34,35,36,37
707,14,15,16,17,24,25,26,27,34,35,36,37
708,14,15,16,17,24,25,26,27,34,35,36,37
709,14,15,16,17,24,25,26,27,34,35,36
710,14,15,16,17,24,25,26,27,34,35,36
711,14,15,16,24,25,26,27,34,35,36
712,14,15,16,24,25,26,27,34,35,36
713,14,15,16,24,25,26,27,34,35,36
714,14,15,16,24,25,26,27,34,35,36
715,14,15,16,24,25,26,27,34,35,36
716,14,15,16,24,25,26,27,34,35,36
717,14,15,16,24,25,26,27,34,35,36
718,14,15,16,24,25,26,27,34,35,36
719,14,15,16,24,25,26,27,34,35,36
720,14,15,16,24,25,26,27,34,35,36
721,14,15,16,24,25,26,34,35,36
722,14,15,16,24,25,26,34,35,36
723,14,15,16,24,25,26,34,35,36
724,14,15,16,24,25,26,34,35,36
725,14,15,16,24,25,26,34,35,36
726,14,15,16,24,25,26,34,35,36
727,14,15,16,24,25,26,34,35,36
728,14,15,16,24,25,26,34,35,36
729,14,15,16,24,25,26,34,35,36
730,14,15,16,24,25,26,34,35,36
731,14,15,16,24,25,26,34,35,36
732,14,15,16,24,25,26,34,35,36
733,14,15,16,24,25,26,34,35,36
734,14,15,16,24,25,26,34,35,36
735,14,15,16,24,25,26,34,35,36
736,14,15,16,24,25,26,34,35,36
737,14,15,16,24,25,26,34,35,36
738,14,15,16,24,25,26,34,35,36
739,14,15,16,24,25,26,34,35,36
740,14,15,16,24,25,26,34,35,36
741,14,15,16,24,25,26,34,35,36
742,14,15,16,24,25,26,34,35,36
743,14,15,16,24,25,26,34,35,36
744,14,15,16,24,25,26,34,35,36
745,14,15,16,24,25,26,34,35,36
746,14,15,16,24,25,26,34,35,36
747,14,15,16,24,25,26,34,35,36
748,14,15,16,24,25,26,34,35,36
749,14,15,16,24,25,26,27,34,35,36
750,14,15,16,24,25,26,27,34,35,36
751,14,15,16,24,25,26,27,34,35,36
752,14,15,16,24,25,26,27,34,35,36
753,14,15,16,24,25,26,27,34,35,36
754,14,15,16,24,25,26,27,34,35,36
755,14,15,16,24,25,26,27,34,35,36
756,14,15,16,24,25,26,27,34,35,36
757,14,15,16,24,25,26,34,35,36
758,14,15,16,24,25,26,34,35,36
759,14,15,16,24,25,26,34,35,36
760,14,15,16,24,25,26,34,35,36
761,5,14,15,16,24,25,26,34,35,36
762,5,14,15,16,24,25,26,34,35,36
763,5,14,15,16,24,25,26,34,35,36
764,5,14,15,16,24,25,26,34,35,36
765,5,14,15,16,24,25,26,34,35,36
766,5,14,15,16,24,25,26,34,35,36
767,5,14,15,16,24,25,26,34,35,36
768,5,14,15,16,24,25,26,34,35,36
769,5,14,15,16,24,25,26,34,35,36
770,5,14,15,16,24,25,26,34,35,36
771,5,14,15,16,24,25,26,34,35,36
772,5,14,15,16,24,25,26,34,35,36
773,5,14,15,16,24,25,26,34,35,36
774,5,14,15,16,24,25,26,34,35,36
775,5,14,15,16,24,25,26,34,35,36
776,5,14,15,16,24,25,26,34,35,36
777,5,14,15,16,23,24,25,26,34,35,36
778,5,14,15,16,23,24,25,26,34,35,36
779,5,13,14,15,16,23,24,25,26,34,35,36
780,5,13,14,15,16,23,24,25,26,34,35,36
781,5,13,14,15,16,23,24,25,26,34,35,36
782,5,13,14,15,16,23,24,25,26,34,35,36
783,5,13,14,15,16,23,24,25,26,34,35,36
784,5,13,14,15,16,23,24,25,26,34,35,36
785,5,13,14,15,16,23,24,25,26,34,35,36
786,5,13,14,15,16,23,24,25,26,34,35,36
787,5,13,14,15,16,23,24,25,26,34,35,36
788,5,13,14,15,16,23,24,25,26,34,35,36
789,13,14,15,16,23,24,25,26,34,35,36
790,13,14,15,16,23,24,25,26,34,35,36
791,13,14,15,16,23,24,25,26,34,35,36
792,13,14,15,16,23,24,25,26,34,35,36
793,5,14,15,16,23,24,25,26,34,35,36
794,5,14,15,16,23,24,25,26,34,35,36
795,5,14,15,16,23,24,25,26,34,35,36
796,5,14,15,16,23,24,25,26,34,35,36
797,14,15,16,24,25,26,34,35,36
798,14,15,16,24,25,26,34,35,36
799,14,15,16,24,25,26,34,35,36
800,14,15,16,24,25,26,34,35,36
801,14,15,16,24,25,26,27,34,35,36
802,14,15,16,24,25,26,27,34,35,36
803,14,15,16,24,25,26,27,34,35,36
804,14,15,16,24,25,26,27,34,35,36
805,14,15,16,17,24,25,26,27,34,35,36,37
806,14,15,16,17,24,25,26,27,34,35,36,37
807,14,15,16,17,24,25,26,27,34,35,36,37
808,14,15,16,17,24,25,26,27,34,35,36,37
809,14,15,16,17,24,25,26,27,34,35,36,37
810,14,15,16,17,24,25,26,27,34,35,36,37
811,14,15,16,17,24,25,26,27,34,35,36,37
812,14,15,16,17,24,25,26,27,34,35,36,37
813,14,15,16,17,24,25,26,27,34,35,36,37
814,14,15,16,17,24,25,26,27,34,35,36,37
815,14,15,16,17,24,25,26,27,34,35,36,37
816,14,15,16,17,24,25,26,27,34,35,36,37
817,15,16,17,24,25,26,27,35,36,37
818,15,16,17,24,25,26,27,35,36,37
819,6,15,16,17,25,26,27,35,36,37
820,6,15,16,17,25,26,27,35,36,37
821,6,15,16,17,25,26,27,35,36,37
822,6,15,16,17,25,26,27,35,36,37
823,6,15,16,17,25,26,27,28,35,36,37
824,6,15,16,17,25,26,27,28,35,36,37
825,6,7,15,16,17,18,25,26,27,28,35,36,37
826,6,7,15,16,17,18,25,26,27,28,35,36,37
827,6,7,15,16,17,18,25,26,27,28,35,36,37,38
828,6,7,15,16,17,18,25,26,27,28,35,36,37,38
829,6,7,15,16,17,18,25,26,27,28,35,36,37,38
830,6,7,15,16,17,18,25,26,27,28,35,36,37,38
831,6,7,15,16,17,18,25,26,27,28,35,36,37,38
832,6,7,15,16,17,18,25,26,27,28,35,36,37,38
833,6,7,15,16,17,18,25,26,27,28,35,36,37,38
834,6,7,15,16,17,18,25,26,27,28,35,36,37,38
835,6,15,16,17,18,25,26,27,28,35,36,37
836,6,15,16,17,18,25,26,27,28,35,36,37
837,6,15,16,17,25,26,27,28,35,36,37
838,6,15,16,17,25,26,27,28,35,36,37
839,6,15,16,17,25,26,27,35,36,37
840,6,15,16,17,25,26,27,35,36,37
841,6,15,16,17,25,26,27,35,36,37
842,6,15,16,17,25,26,27,35,36,37
843,15,16,17,24,25,26,27,35,36,37
844,15,16,17,24,25,26,27,35,36,37
845,14,15,16,17,24,25,26,27,34,35,36,37
846,14,15,16,17,24,25,26,27,34,35,36,37
847,14,15,16,17,24,25,26,27,34,35,36,37
848,14,15,16,17,24,25,26,27,34,35,36,37
849,6,14,15,16,17,24,25,26,27,34,35,36,37
850,6,14,15,16,17,24,25,26,27,34,35,36,37
851,6,14,15,16,17,24,25,26,27,34,35,36,37
852,6,14,15,16,17,24,25,26,27,34,35,36,37
853,14,15,16,17,24,25,26,27,34,35,36,37
854,14,15,16,17,24,25,26,27,34,35,36,37
855,14,15,16,17,24,25,26,27,34,35,36,37
856,14,15,16,17,24,25,26,27,34,35,36,37
857,14,15,16,17,24,25,26,27,34,35,36,37
858,14,15,16,17,24,25,26,27,34,35,36,37
859,14,15,16,17,24,25,26,27,34,35,36,37
860,14,15,16,17,24,25,26,27,34,35,36,37
861,14,15,16,17,24,25,26,27,34,35,36
862,14,15,16,17,24,25,26,27,34,35,36
863,14,15,16,17,24,25,26,27,34,35,36
864,14,15,16,17,24,25,26,27,34,35,36
865,14,15,16,24,25,26,27,34,35,36
866,14,15,16,24,25,26,27,34,35,36
867,14,15,16,24,25,26,27,34,35,36
868,14,15,16,24,25,26,27,34,35,36
869,5,14,15,16,24,25,26,34,35,36
870,5,14,15,16,24,25,26,34,35,36
871,5,14,15,16,24,25,26,34,35,36
872,5,14,15,16,24,25,26,34,35,36
873,5,14,15,16,24,25,26,34,35,36
874,5,14,15,16,24,25,26,34,35,36
875,5,14,15,16,24,25,26,34,35,36
876,5,14,15,16,24,25,26,34,35,36
877,5,14,15,16,23,24,25,26,34,35,36
878,5,14,15,16,23,24,25,26,34,35,36
879,5,14,15,16,23,24,25,26,34,35,36
880,5,14,15,16,23,24,25,26,34,35,36
881,5,14,15,16,23,24,25,26,34,35,36
882,5,14,15,16,23,24,25,26,34,35,36
883,13,14,15,16,23,24,25,26,34,35,36
884,13,14,15,16,23,24,25,26,34,35,36
885,13,14,15,16,23,24,25,26,34,35,36
886,13,14,15,16,23,24,25,26,34,35,36
887,13,14,15,16,23,24,25,26,34,35,36
888,13,14,15,16,23,24,25,26,34,35,36
889,13,14,15,16,23,24,25,26,34,35,36
890,13,14,15,16,23,24,25,26,34,35,36
891,13,14,15,16,23,24,25,26,33,34,35,36
892,13,14,15,16,23,24,25,26,33,34,35,36
893,13,14,15,16,23,24,25,26,33,34,35,36
894,13,14,15,16,23,24,25,26,33,34,35,36
895,13,14,15,16,23,24,25,26,33,34,35,36
896,13,14,15,16,23,24,25,26,33,34,35,36
897,13,14,15,16,23,24,25,26,33,34,35,36
898,13,14,15,16,23,24,25,26,33,34,35,36
899,13,14,15,16,23,24,25,26,33,34,35,36
900,13,14,15,16,23,24,25,26,33,34,35,36
901,5,13,14,15,16,23,24,25,26,33,34,35,36
902,5,13,14,15,16,23,24,25,26,33,34,35,36
903,5,13,14,15,16,23,24,25,26,33,34,35,36
904,5,13,14,15,16,23,24,25,26,33,34,35,36
905,5,13,14,15,16,23,24,25,26,33,34,35,36
906,5,13,14,15,16,23,24,25,26,33,34,35,36
907,5,13,14,15,16,23,24,25,26,33,34,35,36
908,5,13,14,15,16,23,24,25,26,33,34,35,36
909,5,13,14,15,16,23,24,25,26,33,34,35,36
910,5,13,14,15,16,23,24,25,26,33,34,35,36
911,5,13,14,15,16,23,24,25,26,33,34,35,36
912,5,13,14,15,16,23,24,25,26,33,34,35,36
913,5,13,14,15,16,23,24,25,26,33,34,35,36
914,5,13,14,15,16,23,24,25,26,33,34,35,36
915,5,13,14,15,16,23,24,25,26,33,34,35,36
916,5,13,14,15,16,23,24,25,26,33,34,35,36
917,5,13,14,15,16,23,24,25,26,34,35,36
918,5,13,14,15,16,23,24,25,26,34,35,36
919,5,14,15,16,24,25,26,34,35,36
920,5,14,15,16,24,25,26,34,35,36
921,5,14,15,16,24,25,26,34,35,36
922,5,14,15,16,24,25,26,34,35,36
923,14,15,16,17,24,25,26,27,34,35,36,37
924,14,15,16,17,24,25,26,27,34,35,36,37
925,14,15,16,17,24,25,26,27,34,35,36,37
926,14,15,16,17,24,25,26,27,34,35,36,37
927,14,15,16,17,24,25,26,27,34,35,36,37
928,14,15,16,17,24,25,26,27,34,35,36,37
929,14,15,16,17,24,25,26,27,34,35,36,37
930,14,15,16,17,24,25,26,27,34,35,36,37
931,15,16,17,24,25,26,27,35,36,37
932,15,16,17,24,25,26,27,35,36,37
933,15,16,17,25,26,27,35,36,37,46
934,15,16,17,25,26,27,35,36,37,46
935,15,16,17,25,26,27,35,36,37,46
936,15,16,17,25,26,27,35,36,37,46
937,15,16,17,25,26,27,35,36,37
938,15,16,17,25,26,27,35,36,37
939,15,16,17,25,26,27,28,35,36,37
940,15,16,17,25,26,27,28,35,36,37
941,15,16,17,18,25,26,27,28,35,36,37,38
942,15,16,17,18,25,26,27,28,35,36,37,38
943,15,16,17,18,25,26,27,28,35,36,37,38
944,15,16,17,18,25,26,27,28,35,36,37,38
945,15,16,17,18,25,26,27,28,35,36,37,38
946,15,16,17,18,25,26,27,28,35,36,37,38
947,15,16,17,18,25,26,27,28,35,36,37,38
948,15,16,17,18,25,26,27,28,35,36,37,38
949,15,16,17,18,25,26,27,28,35,36,37,38
950,15,16,17,18,25,26,27,28,35,36,37,38
951,16,17,18,25,26,27,28,36,37,38
952,16,17,18,25,26,27,28,36,37,38
953,16,17,18,26,27,28,36,37,38
954,16,17,18,26,27,28,36,37,38
955,16,17,18,26,27,28,36,37,38
956,16,17,18,26,27,28,36,37,38
957,16,17,18,26,27,28,36,37,38
958,16,17,18,26,27,28,36,37,38
959,7,16,17,18,26,27,28,29,36,37,38
960,7,16,17,18,26,27,28,29,36,37,38
961,7,16,17,18,26,27,28,29,36,37,38
962,7,16,17,18,26,27,28,29,36,37,38
963,7,16,17,18,19,26,27,28,29,36,37,38
964,7,16,17,18,19,26,27,28,29,36,37,38
965,7,8,16,17,18,19,26,27,28,29,36,37,38
966,7,8,16,17,18,19,26,27,28,29,36,37,38
967,7,8,16,17,18,19,26,27,28,29,36,37,38
968,7,8,16,17,18,19,26,27,28,29,36,37,38
969,7,8,16,17,18,19,26,27,28,29,36,37,38
970,7,8,16,17,18,19,26,27,28,29,36,37,38
971,7,8,16,17,18,19,26,27,28,29,36,37,38
972,7,8,16,17,18,19,26,27,28,29,36,37,38
973,7,8,16,17,18,19,26,27,28,29,36,37,38
974,7,8,16,17,18,19,26,27,28,29,36,37,38
975,7,8,16,17,18,19,26,27,28,29,36,37,38
976,7,8,16,17,18,19,26,27,28,29,36,37,38
977,7,8,16,17,18,26,27,28,36,37,38
978,7,8,16,17,18,26,27,28,36,37,38
979,7,8,16,17,18,25,26,27,28,36,37,38
980,7,8,16,17,18,25,26,27,28,36,37,38
981,7,15,16,17,18,25,26,27,28,36,37,38
982,7,15,16,17,18,25,26,27,28,36,37,38
983,6,7,15,16,17,18,25,26,27,28,35,36,37,38
984,6,7,15,16,17,18,25,26,27,28,35,36,37,38
985,6,7,15,16,17,18,25,26,27,28,35,36,37
986,6,7,15,16,17,18,25,26,27,28,35,36,37
987,6,7,15,16,17,18,25,26,27,28,35,36,37
988,6,7,15,16,17,18,25,26,27,28,35,36,37
989,6,7,15,16,17,25,26,27,35,36,37
990,6,7,15,16,17,25,26,27,35,36,37
991,6,7,15,16,17,25,26,27,35,36,37
992,6,7,15,16,17,25,26,27,35,36,37
993,6,7,15,16,17,25,26,27,35,36,37
994,6,7,15,16,17,25,26,27,35,36,37
995,6,7,14,15,16,17,24,25,26,27,35,36,37
996,6,7,14,15,16,17,24,25,26,27,35,36,37
997,6,7,14,15,16,17,24,25,26,27,35,36,37
998,6,7,14,15,16,17,24,25,26,27,35,36,37
999,6,14,15,16,17,24,25,26,27,35,36,37
1000,6,14,15,16,17,24,25,26,27,35,36,37
1001,5,6,14,15,16,17,24,25,26,27,35,36,37
1002,5,6,14,15,16,17,24,25,26,27,35,36,37
1003,5,6,14,15,16,17,24,25,26,27,34,35,36,37
1004,5,6,14,15,16,17,24,25,26,27,34,35,36,37
1005,5,6,14,15,16,17,24,25,26,27,34,35,36,37
1006,5,6,14,15,16,17,24,25,26,27,34,35,36,37
1007,5,6,14,15,16,17,24,25,26,27,34,35,36,37
1008,5,6,14,15,16,17,24,25,26,27,34,35,36,37
1009,5,6,14,15,16,17,24,25,26,27,34,35,36,37
1010,5,6,14,15,16,17,24,25,26,27,34,35,36,37
1011,5,6,14,15,16,17,24,25,26,27,34,35,36,37
1012,5,6,14,15,16,17,24,25,26,27,34,35,36,37
1013,5,6,14,15,16,17,24,25,26,27,34,35,36,37
1014,5,6,14,15,16,17,24,25,26,27,34,35,36,37
1015,5,6,14,15,16,17,24,25,26,27,34,35,36,37
1016,5,6,14,15,16,17,24,25,26,27,34,35,36,37
1017,5,6,14,15,16,17,24,25,26,27,34,35,36,37
1018,5,6,14,15,16,17,24,25,26,27,34,35,36,37
1019,5,6,14,15,16,17,24,25,26,27,34,35,36,37
1020,5,6,14,15,16,17,24,25,26,27,34,35,36,37
1021,5,6,14,15,16,17,24,25,26,27,34,35,36,37
1022,5,6,14,15,16,17,24,25,26,27,34,35,36,37
1023,5,6,14,15,16,17,24,25,26,27,34,35,36
1024,5,6,14,15,16,17,24,25,26,27,34,35,36
1025,5,6,14,15,16,17,24,25,26,27,34,35,36
1026,5,6,14,15,16,17,24,25,26,27,34,35,36
1027,5,6,14,15,16,17,24,25,26,27,34,35,36
1028,5,6,14,15,16,17,24,25,26,27,34,35,36
1029,5,6,14,15,16,17,24,25,26,27,34,35,36
1030,5,6,14,15,16,17,24,25,26,27,34,35,36
1031,5,6,14,15,16,17,24,25,26,27,34,35,36
1032,5,6,14,15,16,17,24,25,26,27,34,35,36
1033,5,6,14,15,16,17,24,25,26,27,34,35,36
1034,5,6,14,15,16,17,24,25,26,27,34,35,36
1035,5,6,14,15,16,17,24,25,26,27,34,35,36
1036,5,6,14,15,16,17,24,25,26,27,34,35,36
1037,5,6,14,15,16,17,24,25,26,27,34,35,36
1038,5,6,14,15,16,17,24,25,26,27,34,35,36
1039,5,6,14,15,16,17,24,25,26,27,34,35,36
1040,5,6,14,15,16,17,24,25,26,27,34,35,36
1041,5,6,14,15,16,17,24,25,26,27,34,35,36
1042,5,6,14,15,16,17,24,25,26,27,34,35,36
1043,5,6,14,15,16,17,24,25,26,27,34,35,36
1044,5,6,14,15,16,17,24,25,26,27,34,35,36
1045,5,6,14,15,16,17,24,25,26,27,34,35,36
1046,5,6,14,15,16,17,24,25,26,27,34,35,36
1047,5,6,14,15,16,17,24,25,26,27,34,35,36
1048,5,6,14,15,16,17,24,25,26,27,34,35,36
1049,5,6,14,15,16,17,24,25,26,27,34,35,36
1050,5,6,14,15,16,17,24,25,26,27,34,35,36
1051,5,6,14,15,16,24,25,26,34,35,36
1052,5,6,14,15,16,24,25,26,34,35,36
1053,5,6,14,15,16,23,24,25,26,34,35,36
1054,5,6,14,15,16,23,24,25,26,34,35,36
1055,4,5,13,14,15,16,23,24,25,26,34,35,36
1056,4,5,13,14,15,16,23,24,25,26,34,35,36
1057,4,5,13,14,15,16,23,24,25,26,33,34,35,36
1058,4,5,13,14,15,16,23,24,25,26,33,34,35,36
1059,4,5,13,14,15,16,23,24,25,26,33,34,35,36
1060,4,5,13,14,15,16,23,24,25,26,33,34,35,36
1061,4,5,13,14,15,16,23,24,25,26,33,34,35
1062,4,5,13,14,15,16,23,24,25,26,33,34,35
1063,4,5,13,14,15,23,24,25,33,34,35
1064,4,5,13,14,15,23,24,25,33,34,35
1065,3,4,5,12,13,14,15,22,23,24,25,33,34,35
1066,3,4,5,12,13,14,15,22,23,24,25,33,34,35
1067,3,4,5,12,13,14,15,22,23,24,25,33,34,35
1068,3,4,5,12,13,14,15,22,23,24,25,33,34,35
1069,3,4,12,13,14,15,22,23,24,25,32,33,34,35
1070,3,4,12,13,14,15,22,23,24,25,32,33,34,35
1071,3,4,12,13,14,15,22,23,24,25,32,33,34,35
1072,3,4,12,13,14,15,22,23,24,25,32,33,34,35
1073,3,4,12,13,14,15,22,23,24,25,32,33,34
1074,3,4,12,13,14,15,22,23,24,25,32,33,34
1075,3,4,12,13,14,15,22,23,24,25,32,33,34
1076,3,4,12,13,14,15,22,23,24,25,32,33,34
1077,3,4,12,13,14,15,22,23,24,25,32,33,34
1078,3,4,12,13,14,15,22,23,24,25,32,33,34
1079,3,4,12,13,14,15,22,23,24,25,32,33,34
1080,3,4,12,13,14,15,22,23,24,25,32,33,34
1081,3,4,12,13,14,15,22,23,24,25,32,33,34
1082,3,4,12,13,14,15,22,23,24,25,32,33,34
1083,3,4,12,13,14,15,22,23,24,25,32,33,34,35
1084,3,4,12,13,14,15,22,23,24,25,32,33,34,35
1085,3,4,12,13,14,15,22,23,24,25,32,33,34,35
1086,3,4,12,13,14,15,22,23,24,25,32,33,34,35
1087,3,4,5,12,13,14,15,22,23,24,25,33,34,35
1088,3,4,5,12,13,14,15,22,23,24,25,33,34,35
1089,3,4,5,12,13,14,15,22,23,24,25,33,34,35
1090,3,4,5,12,13,14,15,22,23,24,25,33,34,35
1091,4,5,13,14,15,23,24,25,33,34,35
1092,4,5,13,14,15,23,24,25,33,34,35
1093,4,5,13,14,15,16,23,24,25,26,33,34,35
1094,4,5,13,14,15,16,23,24,25,26,33,34,35
1095,4,5,6,13,14,15,16,23,24,25,26,34,35,36
1096,4,5,6,13,14,15,16,23,24,25,26,34,35,36
1097,4,5,6,13,14,15,16,23,24,25,26,34,35,36
1098,4,5,6,13,14,15,16,23,24,25,26,34,35,36
1099,4,5,6,14,15,16,24,25,26,34,35,36
1100,4,5,6,14,15,16,24,25,26,34,35,36
1101,4,5,6,14,15,16,17,24,25,26,27,34,35,36
1102,4,5,6,14,15,16,17,24,25,26,27,34,35,36
1103,4,5,6,7,14,15,16,17,24,25,26,27,34,35,36
1104,4,5,6,7,14,15,16,17,24,25,26,27,34,35,36
1105,4,5,6,7,14,15,16,17,24,25,26,27,35,36
1106,4,5,6,7,14,15,16,17,24,25,26,27,35,36
1107,4,5,6,7,14,15,16,17,24,25,26,27,35,36
1108,4,5,6,7,14,15,16,17,24,25,26,27,35,36
1109,4,5,6,7,14,15,16,17,24,25,26,27,35,36
1110,4,5,6,7,14,15,16,17,24,25,26,27,35,36
1111,4,5,6,7,14,15,16,17,24,25,26,27,35,36
1112,4,5,6,7,14,15,16,17,24,25,26,27,35,36
1113,4,5,6,7,14,15,16,17,24,25,26,27,35,36
1114,4,5,6,7,14,15,16,17,24,25,26,27,35,36
1115,4,5,6,7,14,15,16,17,24,25,26,27,35,36
1116,4,5,6,7,14,15,16,17,24,25,26,27,35,36
1117,4,5,6,7,14,15,16,17,24,25,26,27,35,36
1118,4,5,6,7,14,15,16,17,24,25,26,27,35,36
1119,4,5,6,7,8,14,15,16,17,18,24,25,26,27,35,36
1120,4,5,6,7,8,14,15,16,17,18,24,25,26,27,35,36
1121,4,5,6,7,8,14,15,16,17,18,24,25,26,27,35,36
1122,4,5,6,7,8,14,15,16,17,18,24,25,26,27,35,36
1123,4,5,6,7,8,14,15,16,17,18,24,25,26,27,36
1124,4,5,6,7,8,14,15,16,17,18,24,25,26,27,36
1125,4,5,6,7,8,14,15,16,17,18,24,25,26,27,36
1126,4,5,6,7,8,14,15,16,17,18,24,25,26,27,36
1127,4,5,6,7,8,14,15,16,17,18,24,25,26,27,35,36
1128,4,5,6,7,8,14,15,16,17,18,24,25,26,27,35,36
1129,4,5,6,7,8,14,15,16,17,18,24,25,26,27,35,36
1130,4,5,6,7,8,14,15,16,17,18,24,25,26,27,35,36
1131,4,5,6,7,8,14,15,16,17,18,24,25,26,27,35,36
1132,4,5,6,7,8,14,15,16,17,18,24,25,26,27,35,36
1133,4,5,6,7,8,14,15,16,17,18,24,25,26,27,35,36,37
1134,4,5,6,7,8,14,15,16,17,18,24,25,26,27,35,36,37
1135,4,5,6,7,8,14,15,16,17,18,25,26,27,35,36,37
1136,4,5,6,7,8,14,15,16,17,18,25,26,27,35,36,37
1137,4,5,6,7,8,14,15,16,17,18,25,26,27,35,36,37
1138,4,5,6,7,8,14,15,16,17,18,25,26,27,35,36,37
1139,4,5,6,7,8,14,15,16,17,18,25,26,27,35,36,37
1140,4,5,6,7,8,14,15,16,17,18,25,26,27,35,36,37
1141,5,6,7,14,15,16,17,18,25,26,27,35,36,37
1142,5,6,7,14,15,16,17,18,25,26,27,35,36,37
1143,5,6,7,14,15,16,17,18,25,26,27,35,36,37
1144,5,6,7,14,15,16,17,18,25,26,27,35,36,37
1145,5,6,7,14,15,16,17,18,25,26,27,35,36,37
1146,5,6,7,14,15,16,17,18,25,26,27,35,36,37
1147,5,6,7,14,15,16,17,18,25,26,27,35,36,37
1148,5,6,7,14,15,16,17,18,25,26,27,35,36,37
1149,5,6,7,14,15,16,17,24,25,26,27,35,36,37
1150,5,6,7,14,15,16,17,24,25,26,27,35,36,37
1151,5,6,7,14,15,16,17,24,25,26,27,35,36,37
1152,5,6,7,14,15,16,17,24,25,26,27,35,36,37
1153,5,6,7,14,15,16,17,24,25,26,27,35,36,37
1154,5,6,7,14,15,16,17,24,25,26,27,35,36,37
1155,5,6,7,14,15,16,17,24,25,26,27,35,36,37
1156,5,6,7,14,15,16,17,24,25,26,27,35,36,37
1157,5,6,7,14,15,16,17,24,25,26,27,35,36,37
1158,5,6,7,14,15,16,17,24,25,26,27,35,36,37
1159,5,6,7,14,15,16,17,24,25,26,27,35,36,37
1160,5,6,7,14,15,16,17,24,25,26,27,35,36,37
1161,5,6,14,15,16,17,24,25,26,27,34,35,36,37
1162,5,6,14,15,16,17,24,25,26,27,34,35,36,37
1163,5,6,14,15,16,17,24,25,26,27,34,35,36,37
1164,5,6,14,15,16,17,24,25,26,27,34,35,36,37
1165,5,6,14,15,16,17,24,25,26,27,34,35,36,37
1166,5,6,14,15,16,17,24,25,26,27,34,35,36,37
1167,5,6,14,15,16,17,24,25,26,27,34,35,36,37
1168,5,6,14,15,16,17,24,25,26,27,34,35,36,37
1169,5,6,14,15,16,17,24,25,26,27,34,35,36,37
1170,5,6,14,15,16,17,24,25,26,27,34,35,36,37
1171,5,6,14,15,16,17,24,25,26,27,34,35,36,37
1172,5,6,14,15,16,17,24,25,26,27,34,35,36,37
1173,5,6,14,15,16,17,24,25,26,27,34,35,36,37
1174,5,6,14,15,16,17,24,25,26,27,34,35,36,37
1175,14,15,16,17,24,25,26,27,34,35,36,37
1176,14,15,16,17,24,25,26,27,34,35,36,37
1177,14,15,16,17,24,25,26,27,34,35,36,37
1178,14,15,16,17,24,25,26,27,34,35,36,37
1179,14,15,16,17,24,25,26,27,34,35,36
1180,14,15,16,17,24,25,26,27,34,35,36
1181,14,15,16,24,25,26,27,34,35,36
1182,14,15,16,24,25,26,27,34,35,36
1183,14,15,16,24,25,26,34,35,36
1184,14,15,16,24,25,26,34,35,36
1185,14,15,16,24,25,26,34,35,36
1186,14,15,16,24,25,26,34,35,36
1187,14,15,16,24,25,26,34,35,36
1188,14,15,16,24,25,26,34,35,36
1189,14,15,16,24,25,26,34,35,36
1190,14,15,16,24,25,26,34,35,36
1191,14,15,16,24,25,26,34,35,36
1192,14,15,16,24,25,26,34,35,36
1193,14,15,16,23,24,25,26,34,35,36
1194,14,15,16,23,24,25,26,34,35,36
1195,14,15,16,23,24,25,26,34,35,36
1196,14,15,16,23,24,25,26,34,35,36
1197,14,15,16,23,24,25,26,34,35,36
1198,14,15,16,23,24,25,26,34,35,36
1199,13,14,15,16,23,24,25,26,33,34,35,36
1200,13,14,15,16,23,24,25,26,33,34,35,36
1201,13,14,15,16,23,24,25,26,33,34,35,36
1202,13,14,15,16,23,24,25,26,33,34,35,36
1203,13,14,15,16,23,24,25,26,33,34,35,36
1204,13,14,15,16,23,24,25,26,33,34,35,36
1205,13,14,15,16,23,24,25,26,33,34,35,36
1206,13,14,15,16,23,24,25,26,33,34,35,36
1207,13,14,15,16,23,24,25,26,33,34,35,36
1208,13,14,15,16,23,24,25,26,33,34,35,36
1209,13,14,15,16,23,24,25,26,33,34,35,36
1210,13,14,15,16,23,24,25,26,33,34,35,36
1211,13,14,15,16,23,24,25,26,33,34,35,36
1212,13,14,15,16,23,24,25,26,33,34,35,36
1213,13,14,15,16,23,24,25,26,33,34,35,36
1214,13,14,15,16,23,24,25,26,33,34,35,36
1215,13,14,15,16,23,24,25,26,33,34,35,36
1216,13,14,15,16,23,24,25,26,33,34,35,36
1217,13,14,15,16,23,24,25,26,33,34,35,36
1218,13,14,15,16,23,24,25,26,33,34,35,36
1219,13,14,15,16,23,24,25,26,33,34,35
1220,13,14,15,16,23,24,25,26,33,34,35
1221,4,13,14,15,23,24,25,26,33,34,35
1222,4,13,14,15,23,24,25,26,33,34,35
1223,4,13,14,15,23,24,25,33,34,35
1224,4,13,14,15,23,24,25,33,34,35
1225,4,13,14,15,23,24,25,33,34,35
1226,4,13,14,15,23,24,25,33,34,35
1227,4,13,14,15,22,23,24,25,33,34,35
1228,4,13,14,15,22,23,24,25,33,34,35
1229,4,12,13,14,15,22,23,24,25,33,34,35
1230,4,12,13,14,15,22,23,24,25,33,34,35
1231,4,12,13,14,15,22,23,24,25,32,33,34,35
1232,4,12,13,14,15,22,23,24,25,32,33,34,35
1233,4,12,13,14,15,22,23,24,25,32,33,34,35
1234,4,12,13,14,15,22,23,24,25,32,33,34,35
1235,3,4,12,13,14,15,22,23,24,25,32,33,34,35
1236,3,4,12,13,14,15,22,23,24,25,32,33,34,35
1237,3,4,12,13,14,15,22,23,24,25,32,33,34,35
1238,3,4,12,13,14,15,22,23,24,25,32,33,34,35
1239,3,4,12,13,14,15,22,23,24,25,32,33,34
1240,3,4,12,13,14,15,22,23,24,25,32,33,34
1241,3,4,12,13,14,22,23,24,32,33,34
1242,3,4,12,13,14,22,23,24,32,33,34
1243,3,12,13,14,22,23,24,32,33,34
1244,3,12,13,14,22,23,24,32,33,34
1245,3,12,13,14,22,23,24,32,33,34
1246,3,12,13,14,22,23,24,32,33,34
1247,3,12,13,14,21,22,23,24,32,33,34
1248,3,12,13,14,21,22,23,24,32,33,34
1249,3,12,13,14,21,22,23,24,32,33,34
1250,3,12,13,14,21,22,23,24,32,33,34
1251,3,11,12,13,14,21,22,23,24,32,33,34
1252,3,11,12,13,14,21,22,23,24,32,33,34
1253,3,11,12,13,14,21,22,23,24,32,33,34
1254,3,11,12,13,14,21,22,23,24,32,33,34
1255,3,11,12,13,14,21,22,23,24,32,33,34
1256,3,11,12,13,14,21,22,23,24,32,33,34
1257,3,11,12,13,14,21,22,23,24,32,33,34
1258,3,11,12,13,14,21,22,23,24,32,33,34
1259,3,11,12,13,14,21,22,23,24,32,33,34
1260,3,11,12,13,14,21,22,23,24,32,33,34
1261,3,12,13,14,21,22,23,24,32,33,34
1262,3,12,13,14,21,22,23,24,32,33,34
1263,3,12,13,14,22,23,24,32,33,34
1264,3,12,13,14,22,23,24,32,33,34
1265,3,12,13,14,22,23,24,32,33,34
1266,3,12,13,14,22,23,24,32,33,34
1267,3,12,13,14,22,23,24,32,33,34
1268,3,12,13,14,22,23,24,32,33,34
1269,3,4,12,13,14,22,23,24,32,33,34
1270,3,4,12,13,14,22,23,24,32,33,34
1271,3,4,12,13,14,22,23,24,32,33,34
1272,3,4,12,13,14,22,23,24,32,33,34
1273,3,4,12,13,14,22,23,24,25,32,33,34
1274,3,4,12,13,14,22,23,24,25,32,33,34
1275,3,4,12,13,14,15,22,23,24,25,32,33,34
1276,3,4,12,13,14,15,22,23,24,25,32,33,34
1277,3,4,12,13,14,15,22,23,24,25,32,33,34
1278,3,4,12,13,14,15,22,23,24,25,32,33,34
1279,3,4,12,13,14,15,22,23,24,25,32,33,34,35
1280,3,4,12,13,14,15,22,23,24,25,32,33,34,35
1281,3,4,12,13,14,15,22,23,24,25,32,33,34,35
1282,3,4,12,13,14,15,22,23,24,25,32,33,34,35
1283,3,4,12,13,14,15,22,23,24,25,32,33,34,35
1284,3,4,12,13,14,15,22,23,24,25,32,33,34,35
1285,4,12,13,14,15,22,23,24,25,32,33,34,35
1286,4,12,13,14,15,22,23,24,25,32,33,34,35
1287,4,12,13,14,15,22,23,24,25,33,34,35
1288,4,12,13,14,15,22,23,24,25,33,34,35
1289,4,12,13,14,15,22,23,24,25,33,34,35
1290,4,12,13,14,15,22,23,24,25,33,34,35
1291,4,13,14,15,23,24,25,33,34,35
1292,4,13,14,15,23,24,25,33,34,35
1293,4,13,14,15,23,24,25,33,34,35
1294,4,13,14,15,23,24,25,33,34,35
1295,4,5,13,14,15,16,23,24,25,26,33,34,35
1296,4,5,13,14,15,16,23,24,25,26,33,34,35
1297,4,5,13,14,15,16,23,24,25,26,33,34,35,36
1298,4,5,13,14,15,16,23,24,25,26,33,34,35,36
1299,5,13,14,15,16,23,24,25,26,33,34,35,36
1300,5,13,14,15,16,23,24,25,26,33,34,35,36
1301,5,13,14,15,16,23,24,25,26,33,34,35,36
1302,5,13,14,15,16,23,24,25,26,33,34,35,36
1303,5,13,14,15,16,23,24,25,26,33,34,35,36
1304,5,13,14,15,16,23,24,25,26,33,34,35,36
1305,5,14,15,16,23,24,25,26,34,35,36
1306,5,14,15,16,23,24,25,26,34,35,36
1307,5,14,15,16,24,25,26,34,35,36
1308,5,14,15,16,24,25,26,34,35,36
1309,5,6,14,15,16,24,25,26,34,35,36
1310,5,6,14,15,16,24,25,26,34,35,36
1311,5,6,14,15,16,17,24,25,26,27,34,35,36
1312,5,6,14,15,16,17,24,25,26,27,34,35,36
1313,5,6,14,15,16,17,24,25,26,27,34,35,36,37
1314,5,6,14,15,16,17,24,25,26,27,34,35,36,37
1315,5,6,14,15,16,17,24,25,26,27,34,35,36,37
1316,5,6,14,15,16,17,24,25,26,27,34,35,36,37
1317,5,6,14,15,16,17,24,25,26,27,34,35,36,37
1318,5,6,14,15,16,17,24,25,26,27,34,35,36,37
1319,5,6,14,15,16,17,24,25,26,27,34,35,36,37
1320,5,6,14,15,16,17,24,25,26,27,34,35,36,37
1321,6,14,15,16,17,24,25,26,27,35,36,37
1322,6,14,15,16,17,24,25,26,27,35,36,37
1323,6,14,15,16,17,24,25,26,27,35,36,37
1324,6,14,15,16,17,24,25,26,27,35,36,37
1325,6,7,15,16,17,24,25,26,27,35,36,37
1326,6,7,15,16,17,24,25,26,27,35,36,37
1327,6,7,15,16,17,25,26,27,35,36,37
1328,6,7,15,16,17,25,26,27,35,36,37
1329,6,7,15,16,17,25,26,27,35,36,37
1330,6,7,15,16,17,25,26,27,35,36,37
1331,6,7,15,16,17,18,25,26,27,28,35,36,37
1332,6,7,15,16,17,18,25,26,27,28,35,36,37
1333,6,7,15,16,17,18,25,26,27,28,35,36,37
1334,6,7,15,16,17,18,25,26,27,28,35,36,37
1335,6,7,15,16,17,18,25,26,27,28,35,36,37
1336,6,7,15,16,17,18,25,26,27,28,35,36,37
1337,6,7,15,16,17,18,25,26,27,28,35,36,37,38
1338,6,7,15,16,17,18,25,26,27,28,35,36,37,38
1339,6,7,15,16,17,18,25,26,27,28,35,36,37,38
1340,6,7,15,16,17,18,25,26,27,28,35,36,37,38
1341,6,7,15,16,17,18,25,26,27,28,35,36,37,38
1342,6,7,15,16,17,18,25,26,27,28,35,36,37,38
1343,6,7,15,16,17,18,25,26,27,28,35,36,37,38
1344,6,7,15,16,17,18,25,26,27,28,35,36,37,38
1345,6,7,15,16,17,18,25,26,27,28,35,36,37,38
1346,6,7,15,16,17,18,25,26,27,28,35,36,37,38
1347,6,7,15,16,17,18,25,26,27,28,35,36,37,38
1348,6,7,15,16,17,18,25,26,27,28,35,36,37,38
1349,6,7,15,16,17,18,25,26,27,28,35,36,37,38
1350,6,7,15,16,17,18,25,26,27,28,35,36,37,38
1351,6,7,15,16,17,18,25,26,27,28,35,36,37,38
1352,6,7,15,16,17,18,25,26,27,28,35,36,37,38
1353,6,7,15,16,17,18,25,26,27,28,35,36,37,38
1354,6,7,15,16,17,18,25,26,27,28,35,36,37,38
1355,6,7,15,16,17,18,25,26,27,28,35,36,37,38
1356,6,7,15,16,17,18,25,26,27,28,35,36,37,38
1357,6,7,15,16,17,18,25,26,27,28,35,36,37,38
1358,6,7,15,16,17,18,25,26,27,28,35,36,37,38
1359,6,7,15,16,17,18,25,26,27,28,35,36,37
1360,6,7,15,16,17,18,25,26,27,28,35,36,37
1361,6,7,15,16,17,18,25,26,27,28,35,36,37
1362,6,7,15,16,17,18,25,26,27,28,35,36,37
1363,6,7,15,16,17,25,26,27,28,35,36,37
1364,6,7,15,16,17,25,26,27,28,35,36,37
1365,6,7,15,16,17,25,26,27,35,36,37
1366,6,7,15,16,17,25,26,27,35,36,37
1367,6,7,14,15,16,17,24,25,26,27,35,36,37
1368,6,7,14,15,16,17,24,25,26,27,35,36,37
1369,6,14,15,16,17,24,25,26,27,35,36,37
1370,6,14,15,16,17,24,25,26,27,35,36,37
1371,6,14,15,16,17,24,25,26,27,35,36,37
1372,6,14,15,16,17,24,25,26,27,35,36,37
1373,5,6,14,15,16,17,24,25,26,27,34,35,36,37
1374,5,6,14,15,16,17,24,25,26,27,34,35,36,37
1375,5,6,14,15,16,17,24,25,26,27,34,35,36,37
1376,5,6,14,15,16,17,24,25,26,27,34,35,36,37
1377,5,6,14,15,16,17,24,25,26,27,34,35,36,37
1378,5,6,14,15,16,17,24,25,26,27,34,35,36,37
1379,5,6,14,15,16,17,24,25,26,27,34,35,36
1380,5,6,14,15,16,17,24,25,26,27,34,35,36
1381,5,6,14,15,16,17,24,25,26,27,34,35,36
1382,5,6,14,15,16,17,24,25,26,27,34,35,36
1383,5,6,14,15,16,17,24,25,26,27,34,35,36
1384,5,6,14,15,16,17,24,25,26,27,34,35,36
1385,5,6,14,15,16,24,25,26,34,35,36
1386,5,6,14,15,16,24,25,26,34,35,36
1387,5,6,14,15,16,24,25,26,34,35,36
1388,5,6,14,15,16,24,25,26,34,35,36
1389,5,6,14,15,16,24,25,26,34,35,36
1390,5,6,14,15,16,24,25,26,34,35,36
1391,5,6,14,15,16,24,25,26,34,35,36
1392,5,6,14,15,16,24,25,26,34,35,36
1393,5,6,14,15,16,24,25,26,34,35,36
1394,5,6,14,15,16,24,25,26,34,35,36
1395,5,6,14,15,16,24,25,26,34,35,36
1396,5,6,14,15,16,24,25,26,34,35,36
1397,5,6,14,15,16,24,25,26,34,35,36
1398,5,6,14,15,16,24,25,26,34,35,36
1399,5,6,14,15,16,24,25,26,34,35,36
1400,5,6,14,15,16,24,25,26,34,35,36
1401,5,6,14,15,16,24,25,26,34,35,36
1402,5,6,14,15,16,24,25,26,34,35,36
1403,5,6,14,15,16,24,25,26,27,34,35,36
1404,5,6,14,15,16,24,25,26,27,34,35,36
1405,5,6,14,15,16,24,25,26,27,34,35,36
1406,5,6,14,15,16,24,25,26,27,34,35,36
1407,5,6,14,15,16,24,25,26,27,34,35,36
1408,5,6,14,15,16,24,25,26,27,34,35,36
1409,5,6,14,15,16,24,25,26,27,34,35,36
1410,5,6,14,15,16,24,25,26,27,34,35,36
1411,5,6,14,15,16,24,25,26,27,34,35,36
1412,5,6,14,15,16,24,25,26,27,34,35,36
1413,5,6,14,15,16,24,25,26,27,34,35,36
1414,5,6,14,15,16,24,25,26,27,34,35,36
1415,5,6,14,15,16,24,25,26,34,35,36
1416,5,6,14,15,16,24,25,26,34,35,36
1417,5,6,14,15,16,24,25,26,34,35,36
1418,5,6,14,15,16,24,25,26,34,35,36
1419,5,6,14,15,16,24,25,26,34,35,36
1420,5,6,14,15,16,24,25,26,34,35,36
1421,5,6,14,15,16,24,25,26,34,35,36
1422,5,6,14,15,16,24,25,26,34,35,36
1423,5,6,14,15,16,24,25,26,34,35,36
1424,5,6,14,15,16,24,25,26,34,35,36
1425,5,6,14,15,16,24,25,26,34,35,36
1426,5,6,14,15,16,24,25,26,34,35,36
1427,5,6,14,15,16,24,25,26,34,35,36
1428,5,6,14,15,16,24,25,26,34,35,36
1429,5,14,15,16,23,24,25,26,34,35,36
1430,5,14,15,16,23,24,25,26,34,35,36
1431,5,13,14,15,16,23,24,25,26,34,35,36
1432,5,13,14,15,16,23,24,25,26,34,35,36
1433,5,13,14,15,16,23,24,25,26,34,35,36
1434,5,13,14,15,16,23,24,25,26,34,35,36
1435,4,5,13,14,15,16,23,24,25,26,33,34,35,36
1436,4,5,13,14,15,16,23,24,25,26,33,34,35,36
1437,4,5,13,14,15,16,23,24,25,26,33,34,35,36
1438,4,5,13,14,15,16,23,24,25,26,33,34,35,36
1439,4,5,13,14,15,16,23,24,25,26,33,34,35,36
1440,4,5,13,14,15,16,23,24,25,26,33,34,35,36
1441,4,5,13,14,15,16,23,24,25,26,33,34,35,36
1442,4,5,13,14,15,16,23,24,25,26,33,34,35,36
1443,4,5,13,14,15,16,23,24,25,26,33,34,35,36
1444,4,5,13,14,15,16,23,24,25,26,33,34,35,36
1445,4,5,13,14,15,16,23,24,25,26,33,34,35
1446,4,5,13,14,15,16,23,24,25,26,33,34,35
1447,4,5,13,14,15,16,23,24,25,26,33,34,35,36
1448,4,5,13,14,15,16,23,24,25,26,33,34,35,36
1449,4,5,13,14,15,16,23,24,25,26,33,34,35,36
1450,4,5,13,14,15,16,23,24,25,26,33,34,35,36
1451,4,5,13,14,15,16,23,24,25,26,33,34,35,36
1452,4,5,13,14,15,16,23,24,25,26,33,34,35,36
1453,5,13,14,15,16,23,24,25,26,33,34,35,36
1454,5,13,14,15,16,23,24,25,26,33,34,35,36
1455,5,13,14,15,16,23,24,25,26,33,34,35,36
1456,5,13,14,15,16,23,24,25,26,33,34,35,36
1457,5,13,14,15,16,23,24,25,26,34,35,36
1458,5,13,14,15,16,23,24,25,26,34,35,36
1459,5,13,14,15,16,23,24,25,26,34,35,36
1460,5,13,14,15,16,23,24,25,26,34,35,36
1461,5,13,14,15,16,23,24,25,26,34,35,36
1462,5,13,14,15,16,23,24,25,26,34,35,36
1463,5,13,14,15,16,23,24,25,26,34,35,36
1464,5,14,15,16,23,24,25,26,34,35,36
1465,5,14,15,16,23,24,25,26,34,35,36
1466,5,14,15,16,23,24,25,26,34,35,36
1467,5,14,15,16,23,24,25,26,34,35,36
1468,5,14,15,16,24,25,26,34,35,36
1469,5,14,15,16,24,25,26,34,35,36
1470,5,14,15,16,24,25,26,34,35,36
1471,5,14,15,16,24,25,26,34,35,36
1472,5,14,15,16,24,25,26,34,35,36
1473,5,14,15,16,24,25,26,34,35,36
1474,5,14,15,16,24,25,26,34,35,36
1475,5,14,15,16,24,25,26,34,35,36
1476,5,14,15,16,24,25,26,34,35,36
1477,5,14,15,16,24,25,26,34,35,36
1478,5,14,15,16,24,25,26,34,35,36
1479,5,14,15,16,24,25,26,34,35,36
1480,5,14,15,16,24,25,26,34,35,36
1481,5,14,15,16,24,25,26,34,35,36
1482,5,14,15,16,24,25,26,34,35,36
1483,5,14,15,16,24,25,26,34,35,36
1484,5,14,15,16,24,25,26,34,35,36
1485,5,14,15,16,24,25,26,34,35,36
1486,5,14,15,16,24,25,26,34,35,36
1487,5,14,15,16,24,25,26,34,35,36
1488,5,14,15,16,24,25,26,34,35,36
1489,5,14,15,16,24,25,26,34,35,36
1490,5,14,15,16,24,25,26,34,35,36
1491,5,14,15,16,24,25,26,34,35,36
1492,5,14,15,16,24,25,26,34,35,36
1493,5,14,15,16,24,25,26,34,35,36
1494,5,14,15,16,24,25,26,34,35,36
1495,5,14,15,16,24,25,26,34,35,36
1496,5,14,15,16,24,25,26,34,35,36
1497,5,14,15,16,24,25,26,34,35,36
1498,5,14,15,16,23,24,25,26,34,35,36
1499,5,14,15,16,23,24,25,26,34,35,36
1500,5,14,15,16,23,24,25,26,34,35,36
1501,5,14,15,16,23,24,25,26,34,35,36
1502,5,14,15,16,23,24,25,26,34,35,36
1503,5,14,15,16,23,24,25,26,34,35,36
1504,5,14,15,16,23,24,25,26,34,35,36
1505,5,14,15,16,23,24,25,26,34,35,36
1506,5,14,15,16,23,24,25,26,34,35,36
1507,5,14,15,16,23,24,25,26,34,35,36
1508,5,13,14,15,16,23,24,25,26,34,35,36
1509,5,13,14,15,16,23,24,25,26,34,35,36
1510,5,13,14,15,16,23,24,25,26,34,35,36
1511,5,13,14,15,16,23,24,25,26,34,35,36
1512,5,13,14,15,16,23,24,25,26,34,35,36
1513,5,13,14,15,16,23,24,25,26,34,35,36
1514,5,13,14,15,16,23,24,25,26,34,35,36
1515,5,13,14,15,16,23,24,25,26,34,35,36
1516,5,14,15,16,23,24,25,26,34,35,36
1517,5,14,15,16,23,24,25,26,34,35,36
1518,5,14,15,16,24,25,26,34,35,36
1519,5,14,15,16,24,25,26,34,35,36
1520,5,14,15,16,24,25,26,34,35,36
1521,5,14,15,16,24,25,26,34,35,36
1522,5,14,15,16,24,25,26,34,35,36
1523,5,14,15,16,24,25,26,34,35,36
1524,5,14,15,16,24,25,26,34,35,36
1525,5,14,15,16,24,25,26,34,35,36
1526,5,14,15,16,24,25,26,34,35,36
1527,5,14,15,16,24,25,26,34,35,36
1528,5,14,15,16,24,25,26,34,35,36
1529,5,14,15,16,24,25,26,34,35,36
1530,5,13,14,15,16,23,24,25,26,33,34,35,36
1531,5,13,14,15,16,23,24,25,26,33,34,35,36
1532,5,13,14,15,16,23,24,25,26,33,34,35,36
1533,5,13,14,15,16,23,24,25,26,33,34,35,36
1534,4,5,13,14,15,16,23,24,25,26,33,34,35,36
1535,4,5,13,14,15,16,23,24,25,26,33,34,35,36
1536,4,5,13,14,15,16,23,24,25,26,33,34,35
1537,4,5,13,14,15,16,23,24,25,26,33,34,35
1538,4,5,13,14,15,23,24,25,33,34,35
1539,4,5,13,14,15,23,24,25,33,34,35
1540,4,5,13,14,15,23,24,25,33,34,35
1541,4,5,13,14,15,23,24,25,33,34,35
1542,4,5,12,13,14,15,22,23,24,25,33,34,35
1543,4,5,12,13,14,15,22,23,24,25,33,34,35
1544,3,4,12,13,14,15,22,23,24,25,33,34,35
1545,3,4,12,13,14,15,22,23,24,25,33,34,35
1546,3,4,12,13,14,15,22,23,24,25,32,33,34,35
1547,3,4,12,13,14,15,22,23,24,25,32,33,34,35
1548,3,4,12,13,14,15,22,23,24,25,32,33,34,35
1549,3,4,12,13,14,15,22,23,24,25,32,33,34,35
1550,3,4,12,13,14,15,22,23,24,25,32,33,34,35
1551,3,4,12,13,14,15,22,23,24,25,32,33,34,35
1552,3,4,12,13,14,15,22,23,24,25,32,33,34,35
1553,3,4,12,13,14,15,22,23,24,25,32,33,34,35
1554,3,4,12,13,14,15,22,23,24,25,32,33,34,35
1555,3,4,12,13,14,15,22,23,24,25,32,33,34,35
1556,3,4,12,13,14,15,22,23,24,25,32,33,34,35
1557,3,4,12,13,14,15,22,23,24,25,32,33,34,35
1558,3,4,12,13,14,15,22,23,24,25,32,33,34,35
1559,3,4,12,13,14,15,22,23,24,25,32,33,34,35
1560,3,4,12,13,14,15,22,23,24,25,32,33,34,35
1561,3,4,12,13,14,15,22,23,24,25,32,33,34,35
1562,3,4,12,13,14,15,22,23,24,25,32,33,34,35
1563,3,4,12,13,14,15,22,23,24,25,32,33,34,35
1564,3,4,12,13,14,15,22,23,24,25,33,34,35
1565,3,4,12,13,14,15,22,23,24,25,33,34,35
1566,3,4,12,13,14,15,22,23,24,25,33,34,35
1567,3,4,12,13,14,15,22,23,24,25,33,34,35
1568,3,4,12,13,14,15,22,23,24,25,33,34,35
1569,3,4,12,13,14,15,22,23,24,25,33,34,35
1570,3,4,12,13,14,15,22,23,24,25,33,34,35
1571,3,4,12,13,14,15,22,23,24,25,33,34,35
1572,3,4,12,13,14,15,22,23,24,25,33,34,35
1573,3,4,12,13,14,15,22,23,24,25,33,34,35
1574,3,4,12,13,14,15,22,23,24,25,33,34,35
1575,3,4,12,13,14,15,22,23,24,25,33,34,35
1576,4,12,13,14,15,22,23,24,25,33,34,35
1577,4,12,13,14,15,22,23,24,25,33,34,35
1578,4,12,13,14,15,22,23,24,25,33,34,35
1579,4,12,13,14,15,22,23,24,25,33,34,35
1580,4,12,13,14,15,22,23,24,25,33,34,35
1581,4,12,13,14,15,22,23,24,25,33,34,35
1582,4,12,13,14,15,22,23,24,25,33,34,35
1583,4,12,13,14,15,22,23,24,25,33,34,35
1584,4,12,13,14,15,22,23,24,25,33,34,35
1585,4,12,13,14,15,22,23,24,25,33,34,35
1586,4,12,13,14,15,22,23,24,25,33,34,35
1587,4,12,13,14,15,22,23,24,25,33,34,35
1588,4,12,13,14,15,22,23,24,25,33,34,35
1589,4,12,13,14,15,22,23,24,25,33,34,35
1590,4,12,13,14,15,22,23,24,25,33,34,35
1591,4,12,13,14,15,22,23,24,25,33,34,35
1592,4,12,13,14,15,22,23,24,25,33,34,35
1593,4,12,13,14,15,22,23,24,25,33,34,35
1594,4,12,13,14,15,22,23,24,25,33,34,35
1595,4,12,13,14,15,22,23,24,25,33,34,35
1596,4,12,13,14,15,22,23,24,25,33,34,35
1597,4,12,13,14,15,22,23,24,25,33,34,35
1598,4,12,13,14,15,22,23,24,25,33,34,35
1599,4,12,13,14,15,22,23,24,25,33,34,35
1600,4,12,13,14,15,22,23,24,25,33,34,35
1601,4,12,13,14,15,22,23,24,25,33,34,35
1602,4,13,14,15,22,23,24,25,33,34,35
1603,4,13,14,15,22,23,24,25,33,34,35
1604,4,13,14,15,23,24,25,33,34,35
1605,4,13,14,15,23,24,25,33,34,35
1606,4,13,14,15,23,24,25,33,34,35
1607,4,13,14,15,23,24,25,33,34,35
1608,4,13,14,15,23,24,25,33,34,35
1609,4,13,14,15,23,24,25,33,34,35
1610,4,13,14,15,23,24,25,33,34,35
1611,4,13,14,15,23,24,25,33,34,35
1612,4,13,14,15,23,24,25,26,33,34,35
1613,4,13,14,15,23,24,25,26,33,34,35
1614,4,13,14,15,23,24,25,26,33,34,35
1615,4,13,14,15,23,24,25,26,33,34,35
1616,5,13,14,15,16,23,24,25,26,33,34,35,36
1617,5,13,14,15,16,23,24,25,26,33,34,35,36
1618,5,13,14,15,16,23,24,25,26,33,34,35,36
1619,5,13,14,15,16,23,24,25,26,33,34,35,36
1620,5,13,14,15,16,23,24,25,26,33,34,35,36
1621,5,13,14,15,16,23,24,25,26,33,34,35,36
1622,5,13,14,15,16,23,24,25,26,33,34,35,36
1623,5,13,14,15,16,23,24,25,26,33,34,35,36
1624,13,14,15,16,23,24,25,26,33,34,35,36
1625,13,14,15,16,23,24,25,26,33,34,35,36
1626,14,15,16,23,24,25,26,34,35,36
1627,14,15,16,23,24,25,26,34,35,36
1628,5,14,15,16,24,25,26,34,35,36
1629,5,14,15,16,24,25,26,34,35,36
1630,5,14,15,16,24,25,26,34,35,36
1631,5,14,15,16,24,25,26,34,35,36
1632,5,14,15,16,24,25,26,34,35,36
1633,5,14,15,16,24,25,26,34,35,36
1634,5,14,15,16,24,25,26,34,35,36
1635,5,14,15,16,24,25,26,34,35,36
1636,5,14,15,16,24,25,26,27,34,35,36
1637,5,14,15,16,24,25,26,27,34,35,36
1638,5,14,15,16,24,25,26,27,34,35,36
1639,5,14,15,16,24,25,26,27,34,35,36
1640,5,14,15,16,17,24,25,26,27,34,35,36
1641,5,14,15,16,17,24,25,26,27,34,35,36
1642,5,6,14,15,16,17,24,25,26,27,34,35,36
1643,5,6,14,15,16,17,24,25,26,27,34,35,36
1644,5,6,14,15,16,17,24,25,26,27,34,35,36,37
1645,5,6,14,15,16,17,24,25,26,27,34,35,36,37
1646,5,6,14,15,16,17,24,25,26,27,34,35,36,37
1647,5,6,14,15,16,17,24,25,26,27,34,35,36,37
1648,6,14,15,16,17,24,25,26,27,34,35,36,37
1649,6,14,15,16,17,24,25,26,27,34,35,36,37
1650,6,14,15,16,17,24,25,26,27,34,35,36,37
1651,6,14,15,16,17,24,25,26,27,34,35,36,37
1652,6,14,15,16,17,24,25,26,27,34,35,36,37
1653,6,14,15,16,17,24,25,26,27,34,35,36,37
1654,6,14,15,16,17,24,25,26,27,34,35,36,37
1655,6,14,15,16,17,24,25,26,27,34,35,36,37
1656,6,14,15,16,17,24,25,26,27,34,35,36,37
1657,6,14,15,16,17,24,25,26,27,34,35,36,37
1658,6,14,15,16,17,24,25,26,27,34,35,36,37
1659,6,14,15,16,17,24,25,26,27,34,35,36,37
1660,6,14,15,16,17,24,25,26,27,34,35,36,37
1661,6,14,15,16,17,24,25,26,27,34,35,36,37
1662,6,14,15,16,17,24,25,26,27,34,35,36,37
1663,6,14,15,16,17,24,25,26,27,34,35,36,37
1664,6,14,15,16,17,24,25,26,27,35,36,37
1665,6,14,15,16,17,24,25,26,27,35,36,37
1666,6,14,15,16,17,24,25,26,27,35,36,37
1667,6,14,15,16,17,24,25,26,27,35,36,37
1668,6,14,15,16,17,24,25,26,27,35,36,37
1669,6,14,15,16,17,24,25,26,27,35,36,37
1670,6,14,15,16,17,24,25,26,27,35,36,37
1671,6,14,15,16,17,24,25,26,27,35,36,37
1672,6,14,15,16,17,24,25,26,27,35,36,37
1673,6,14,15,16,17,24,25,26,27,35,36,37
1674,6,15,16,17,24,25,26,27,35,36,37
1675,6,15,16,17,24,25,26,27,35,36,37
1676,6,15,16,17,24,25,26,27,35,36,37
1677,6,15,16,17,24,25,26,27,35,36,37
1678,6,15,16,17,25,26,27,35,36,37
1679,6,15,16,17,25,26,27,35,36,37
1680,6,15,16,17,25,26,27,35,36,37
1681,6,15,16,17,25,26,27,35,36,37
1682,6,15,16,17,25,26,27,35,36,37
1683,6,15,16,17,25,26,27,35,36,37
1684,6,7,15,16,17,25,26,27,28,35,36,37
1685,6,7,15,16,17,25,26,27,28,35,36,37
1686,6,7,15,16,17,18,25,26,27,28,35,36,37
1687,6,7,15,16,17,18,25,26,27,28,35,36,37
1688,6,7,15,16,17,18,25,26,27,28,35,36,37
1689,6,7,15,16,17,18,25,26,27,28,35,36,37
1690,6,7,15,16,17,18,25,26,27,28,35,36,37,38
1691,6,7,15,16,17,18,25,26,27,28,35,36,37,38
1692,6,7,15,16,17,18,25,26,27,28,35,36,37,38
1693,6,7,15,16,17,18,25,26,27,28,35,36,37,38
1694,6,7,15,16,17,18,25,26,27,28,35,36,37,38
1695,6,7,15,16,17,18,25,26,27,28,35,36,37,38
1696,6,7,15,16,17,18,25,26,27,28,35,36,37,38
1697,6,7,15,16,17,18,25,26,27,28,35,36,37,38
1698,6,7,15,16,17,18,25,26,27,28,35,36,37,38
1699,6,7,15,16,17,18,25,26,27,28,35,36,37,38
1700,7,15,16,17,18,25,26,27,28,36,37,38
1701,7,15,16,17,18,25,26,27,28,36,37,38
1702,7,15,16,17,18,25,26,27,28,36,37,38
1703,7,15,16,17,18,25,26,27,28,36,37,38
1704,7,15,16,17,18,25,26,27,28,36,37,38
1705,7,15,16,17,18,25,26,27,28,36,37,38
1706,7,8,15,16,17,18,25,26,27,28,36,37,38
1707,7,8,15,16,17,18,25,26,27,28,36,37,38
1708,7,8,15,16,17,18,25,26,27,28,36,37,38
1709,7,8,15,16,17,18,25,26,27,28,36,37,38
1710,7,8,15,16,17,18,25,26,27,28,36,37,38
1711,7,8,15,16,17,18,25,26,27,28,36,37,38
1712,6,7,8,15,16,17,18,25,26,27,28,36,37,38
1713,6,7,8,15,16,17,18,25,26,27,28,36,37,38
1714,6,7,8,16,17,18,26,27,28,36,37,38
1715,6,7,8,16,17,18,26,27,28,36,37,38
1716,6,7,8,16,17,18,26,27,28,36,37,38
1717,6,7,8,16,17,18,26,27,28,36,37,38
1718,7,8,16,17,18,26,27,28,36,37,38
1719,7,8,16,17,18,26,27,28,36,37,38
1720,7,8,16,17,18,26,27,28,36,37,38
1721,7,8,16,17,18,26,27,28,36,37,38
1722,7,8,16,17,18,26,27,28,36,37,38
1723,7,8,16,17,18,26,27,28,36,37,38
1724,7,8,16,17,18,26,27,28,36,37,38
1725,7,8,16,17,18,26,27,28,36,37,38
1726,7,8,16,17,18,26,27,28,36,37,38
1727,7,8,16,17,18,26,27,28,36,37,38
1728,7,8,16,17,18,26,27,28,36,37,38
1729,7,8,16,17,18,26,27,28,36,37,38
1730,7,8,16,17,18,26,27,28,36,37,38
1731,7,8,16,17,18,26,27,28,36,37,38
1732,7,8,15,16,17,18,25,26,27,28,36,37,38
1733,7,8,15,16,17,18,25,26,27,28,36,37,38
1734,7,8,15,16,17,18,25,26,27,28,36,37,38
1735,7,8,15,16,17,18,25,26,27,28,36,37,38
1736,6,7,15,16,17,18,25,26,27,28,36,37,38
1737,6,7,15,16,17,18,25,26,27,28,36,37,38
1738,6,7,15,16,17,18,25,26,27,28,35,36,37,38
1739,6,7,15,16,17,18,25,26,27,28,35,36,37,38
1740,6,7,15,16,17,18,25,26,27,28,35,36,37,38
1741,6,7,15,16,17,18,25,26,27,28,35,36,37,38
1742,6,7,15,16,17,18,25,26,27,28,35,36,37
1743,6,7,15,16,17,18,25,26,27,28,35,36,37
1744,6,7,15,16,17,25,26,27,28,35,36,37
1745,6,7,15,16,17,25,26,27,28,35,36,37
1746,6,7,15,16,17,25,26,27,35,36,37
1747,6,7,15,16,17,25,26,27,35,36,37
1748,6,7,15,16,17,25,26,27,35,36,37
1749,6,7,15,16,17,25,26,27,35,36,37
1750,6,14,15,16,17,24,25,26,27,35,36,37
1751,6,14,15,16,17,24,25,26,27,35,36,37
1752,6,14,15,16,17,24,25,26,27,35,36,37
1753,6,14,15,16,17,24,25,26,27,35,36,37
1754,6,14,15,16,17,24,25,26,27,35,36,37
1755,6,14,15,16,17,24,25,26,27,35,36,37
1756,6,14,15,16,17,24,25,26,27,35,36,37
1757,6,14,15,16,17,24,25,26,27,35,36,37
1758,6,14,15,16,17,24,25,26,27,35,36,37
1759,6,14,15,16,17,24,25,26,27,35,36,37
1760,5,6,14,15,16,17,24,25,26,27,34,35,36,37
1761,5,6,14,15,16,17,24,25,26,27,34,35,36,37
1762,5,6,14,15,16,17,24,25,26,27,34,35,36,37
1763,5,6,14,15,16,17,24,25,26,27,34,35,36,37
1764,5,6,14,15,16,17,24,25,26,27,34,35,36,37
1765,5,6,14,15,16,17,24,25,26,27,34,35,36,37
1766,5,6,14,15,16,17,24,25,26,27,34,35,36,37
1767,5,6,14,15,16,17,24,25,26,27,34,35,36,37
1768,5,6,14,15,16,17,24,25,26,27,34,35,36,37
1769,5,6,14,15,16,17,24,25,26,27,34,35,36,37
1770,5,6,14,15,16,17,24,25,26,27,34,35,36,37
1771,5,6,14,15,16,17,24,25,26,27,34,35,36,37
1772,5,6,14,15,16,17,24,25,26,27,34,35,36,37
1773,5,6,14,15,16,17,24,25,26,27,34,35,36,37
1774,5,6,14,15,16,17,24,25,26,27,34,35,36,37
1775,5,6,14,15,16,17,24,25,26,27,34,35,36,37
1776,5,6,14,15,16,17,24,25,26,27,34,35,36
1777,5,6,14,15,16,17,24,25,26,27,34,35,36
1778,5,6,14,15,16,17,24,25,26,27,34,35,36
1779,5,6,14,15,16,17,24,25,26,27,34,35,36
1780,5,6,14,15,16,17,24,25,26,27,34,35,36
1781,5,6,14,15,16,17,24,25,26,27,34,35,36
1782,5,6,14,15,16,24,25,26,27,34,35,36
1783,5,6,14,15,16,24,25,26,27,34,35,36
1784,5,14,15,16,24,25,26,27,34,35,36
1785,5,14,15,16,24,25,26,27,34,35,36
1786,5,14,15,16,24,25,26,27,34,35,36
1787,5,14,15,16,24,25,26,27,34,35,36
1788,5,14,15,16,24,25,26,27,34,35,36
1789,5,14,15,16,24,25,26,27,34,35,36
1790,5,14,15,16,24,25,26,34,35,36
1791,5,14,15,16,24,25,26,34,35,36
1792,5,14,15,16,24,25,26,34,35,36
1793,5,14,15,16,24,25,26,34,35,36
1794,5,14,15,16,24,25,26,34,35,36
1795,5,14,15,16,24,25,26,34,35,36
1796,5,14,15,16,24,25,26,34,35,36
1797,5,14,15,16,24,25,26,34,35,36
1798,5,14,15,16,24,25,26,34,35,36
1799,5,14,15,16,24,25,26,34,35,36
1800,5,14,15,16,24,25,26,34,35,36
