1,6,14,15,16,17,24,25,26,27,34,35,36,37
2,6,14,15,16,17,24,25,26,27,34,35,36,37
3,6,14,15,16,17,24,25,26,27,34,35,36,37
4,6,14,15,16,17,24,25,26,27,34,35,36,37
5,6,14,15,16,17,24,25,26,27,34,35,36,37
6,6,14,15,16,17,24,25,26,27,34,35,36,37
7,6,14,15,16,17,24,25,26,27,34,35,36,37
8,6,14,15,16,17,24,25,26,27,34,35,36,37
9,6,14,15,16,17,24,25,26,27,34,35,36,37
10,6,14,15,16,17,24,25,26,27,34,35,36,37
11,6,14,15,16,17,24,25,26,27,34,35,36,37
12,6,14,15,16,17,24,25,26,27,34,35,36,37
13,6,14,15,16,17,24,25,26,27,34,35,36,37
14,6,14,15,16,17,24,25,26,27,34,35,36,37
15,6,14,15,16,17,24,25,26,27,34,35,36,37
16,6,14,15,16,17,24,25,26,27,34,35,36,37
17,6,14,15,16,17,24,25,26,27,34,35,36,37
18,6,14,15,16,17,24,25,26,27,34,35,36,37
19,14,15,16,17,24,25,26,27,34,35,36,37
20,14,15,16,17,24,25,26,27,34,35,36,37
21,14,15,16,17,24,25,26,27,34,35,36,37
22,14,15,16,17,24,25,26,27,34,35,36,37
23,14,15,16,17,24,25,26,27,34,35,36,37
24,14,15,16,17,24,25,26,27,34,35,36,37
25,14,15,16,17,24,25,26,27,34,35,36,37
26,14,15,16,17,24,25,26,27,34,35,36,37
27,14,15,16,17,24,25,26,27,34,35,36,37
28,14,15,16,17,24,25,26,27,34,35,36,37
29,14,15,16,17,24,25,26,27,34,35,36,37
30,14,15,16,17,24,25,26,27,34,35,36,37
31,14,15,16,17,24,25,26,27,34,35,36,37
32,14,15,16,17,24,25,26,27,34,35,36,37
33,14,15,16,17,24,25,26,27,34,35,36,37
34,14,15,16,17,24,25,26,27,34,35,36,37
35,14,15,16,17,24,25,26,27,34,35,36,37
36,14,15,16,17,24,25,26,27,34,35,36,37
37,14,15,16,17,24,25,26,27,34,35,36,37,45,46
38,14,15,16,17,24,25,26,27,34,35,36,37,45,46
39,14,15,16,17,24,25,26,27,34,35,36,37,45,46
40,14,15,16,17,24,25,26,27,34,35,36,37,45,46
41,14,15,16,17,24,25,26,27,34,35,36,37,45,46
42,14,15,16,17,24,25,26,27,34,35,36,37,45,46
43,14,15,16,24,25,26,27,34,35,36,37,44,45,46
44,14,15,16,24,25,26,27,34,35,36,37,44,45,46
45,15,16,24,25,26,27,34,35,36,37,44,45,46,47
46,15,16,24,25,26,27,34,35,36,37,44,45,46,47
47,15,16,24,25,26,27,34,35,36,37,44,45,46,47
48,15,16,24,25,26,27,34,35,36,37,44,45,46,47
49,15,16,24,25,26,27,34,35,36,37,44,45,46,47
50,15,16,24,25,26,27,34,35,36,37,44,45,46,47
51,15,16,24,25,26,27,34,35,36,37,44,45,46,47
52,15,16,24,25,26,27,34,35,36,37,44,45,46,47
53,16,24,25,26,27,34,35,36,37,44,45,46,47
54,16,24,25,26,27,34,35,36,37,44,45,46,47
55,16,24,25,26,27,34,35,36,37,44,45,46,47
56,16,24,25,26,27,34,35,36,37,44,45,46,47
57,16,24,25,26,27,34,35,36,37,44,45,46,47
58,16,24,25,26,27,34,35,36,37,44,45,46,47
59,24,25,26,27,34,35,36,37,44,45,46,47
60,24,25,26,27,34,35,36,37,44,45,46,47
61,24,25,26,27,33,34,35,36,37,41,42,43,44,45,46,47,48,49,50
62,24,25,26,27,33,34,35,36,37,41,42,43,44,45,46,47,48,49,50
63,24,25,26,27,33,34,35,36,37,41,42,43,44,45,46,47,48,49,50
64,24,25,26,27,33,34,35,36,37,41,42,43,44,45,46,47,48,49,50
65,24,25,26,27,33,34,35,36,37,41,42,43,44,45,46,47,48,49,50
66,24,25,26,27,33,34,35,36,37,41,42,43,44,45,46,47,48,49,50
67,24,25,26,27,33,34,35,36,37,41,42,43,44,45,46,47,48,49,50
68,24,25,26,27,33,34,35,36,37,41,42,43,44,45,46,47,48,49,50
69,24,25,26,27,33,34,35,36,37,41,42,43,44,45,46,47,48,49,50
70,24,25,26,27,33,34,35,36,37,41,42,43,44,45,46,47,48,49,50
71,24,25,26,27,33,34,35,36,37,41,42,43,44,45,46,47,48,49,50
72,24,25,26,27,33,34,35,36,37,41,42,43,44,45,46,47,48,49,50
73,24,25,26,27,33,34,35,36,37,38,41,42,43,44,45,46,47,48,49,50
74,24,25,26,27,33,34,35,36,37,38,41,42,43,44,45,46,47,48,49,50
75,24,25,26,27,33,34,35,36,37,38,41,42,43,44,45,46,47,48,49,50
76,24,25,26,27,33,34,35,36,37,38,41,42,43,44,45,46,47,48,49,50
77,24,25,26,27,33,34,35,36,37,38,41,42,43,44,45,46,47,48,49,50
78,24,25,26,27,33,34,35,36,37,38,41,42,43,44,45,46,47,48,49,50
79,24,25,26,27,33,34,35,36,37,38,41,42,43,44,45,46,47,48,49,50
80,24,25,26,27,33,34,35,36,37,38,41,42,43,44,45,46,47,48,49,50
81,24,25,26,27,33,34,35,36,37,38,41,42,43,44,45,46,47,48,49,50
82,24,25,26,27,33,34,35,36,37,38,41,42,43,44,45,46,47,48,49,50
83,24,25,26,27,33,34,35,36,37,38,41,42,43,44,45,46,47,48,49,50
84,24,25,26,27,33,34,35,36,37,38,41,42,43,44,45,46,47,48,49,50
85,24,25,26,27,33,34,35,36,37,38,41,42,43,44,45,46,47,48,49,50
86,24,25,26,27,33,34,35,36,37,38,41,42,43,44,45,46,47,48,49,50
87,24,25,26,27,33,34,35,36,37,38,41,42,43,44,45,46,47,48,49,50
88,24,25,26,27,33,34,35,36,37,38,41,42,43,44,45,46,47,48,49,50
89,24,25,26,27,33,34,35,36,37,38,41,42,43,44,45,46,47,48,49,50
90,24,25,26,27,33,34,35,36,37,38,41,42,43,44,45,46,47,48,49,50
91,24,25,26,27,33,34,35,36,37,38,41,42,43,44,45,46,47,48,49,50
92,24,25,26,27,33,34,35,36,37,38,41,42,43,44,45,46,47,48,49,50
93,24,25,26,27,33,34,35,36,37,38,41,42,43,44,45,46,47,48,49,50
94,24,25,26,27,33,34,35,36,37,38,41,42,43,44,45,46,47,48,49,50
95,24,25,26,27,33,34,35,36,37,38,41,42,43,44,45,46,47,48,49,50
96,24,25,26,27,33,34,35,36,37,38,41,42,43,44,45,46,47,48,49,50
97,24,25,26,27,33,34,35,36,37,38,41,42,43,44,45,46,47,48,49,50
98,24,25,26,27,33,34,35,36,37,38,41,42,43,44,45,46,47,48,49,50
99,24,25,26,27,33,34,35,36,37,38,41,42,43,44,45,46,47,48,49,50
100,24,25,26,27,33,34,35,36,37,38,41,42,43,44,45,46,47,48,49,50
101,24,25,26,27,33,34,35,36,37,38,41,42,43,44,45,46,47,48,49,50
102,24,25,26,27,33,34,35,36,37,38,41,42,43,44,45,46,47,48,49,50
103,24,25,26,27,33,34,35,36,37,38,41,42,43,44,45,46,47,48,49,50
104,24,25,26,27,33,34,35,36,37,38,41,42,43,44,45,46,47,48,49,50
105,24,25,26,27,33,34,35,36,37,38,41,42,43,44,45,46,47,48,49,50
106,24,25,26,27,33,34,35,36,37,38,41,42,43,44,45,46,47,48,49,50
107,24,25,26,27,33,34,35,36,37,38,41,42,43,44,45,46,47,48,49,50
108,24,25,26,27,33,34,35,36,37,38,41,42,43,44,45,46,47,48,49,50
109,24,25,26,27,33,34,35,36,37,38,41,42,43,44,45,46,47,48,49,50
110,24,25,26,27,33,34,35,36,37,38,41,42,43,44,45,46,47,48,49,50
111,24,25,26,27,33,34,35,36,37,38,41,42,43,44,45,46,47,48,49,50
112,24,25,26,27,33,34,35,36,37,38,41,42,43,44,45,46,47,48,49,50
113,24,25,26,27,33,34,35,36,37,38,41,42,43,44,45,46,47,48,49,50
114,24,25,26,27,33,34,35,36,37,38,41,42,43,44,45,46,47,48,49,50
115,24,25,26,27,33,34,35,36,37,41,42,43,44,45,46,47,48,49,50
116,24,25,26,27,33,34,35,36,37,41,42,43,44,45,46,47,48,49,50
117,24,25,26,33,34,35,36,37,41,42,43,44,45,46,47,48,49,50
118,24,25,26,33,34,35,36,37,41,42,43,44,45,46,47,48,49,50
119,24,25,26,33,34,35,36,37,41,42,43,44,45,46,47,48,49,50
120,24,25,26,33,34,35,36,37,41,42,43,44,45,46,47,48,49,50
121,23,24,25,26,33,34,35,36,37,41,42,43,44,45,46,47,48,49,50
122,23,24,25,26,33,34,35,36,37,41,42,43,44,45,46,47,48,49,50
123,23,24,25,26,32,33,34,35,36,37,41,42,43,44,45,46,47,48,49,50
124,23,24,25,26,32,33,34,35,36,37,41,42,43,44,45,46,47,48,49,50
125,23,24,25,26,32,33,34,35,36,37,41,42,43,44,45,46,47,48,49,50
126,23,24,25,26,32,33,34,35,36,37,41,42,43,44,45,46,47,48,49,50
127,23,24,25,26,32,33,34,35,36,41,42,43,44,45,46,47,48,49,50
128,23,24,25,26,32,33,34,35,36,41,42,43,44,45,46,47,48,49,50
129,23,24,25,26,32,33,34,35,36,41,42,43,44,45,46,47,48,49,50
130,23,24,25,26,32,33,34,35,36,41,42,43,44,45,46,47,48,49,50
131,23,24,25,32,33,34,35,36,41,42,43,44,45,46,47,48,49,50
132,23,24,25,32,33,34,35,36,41,42,43,44,45,46,47,48,49,50
133,23,24,25,32,33,34,35,36,41,42,43,44,45,46,47,48,49,50
134,23,24,25,32,33,34,35,36,41,42,43,44,45,46,47,48,49,50
135,23,24,25,32,33,34,35,36,41,42,43,44,45,46,47,48,49,50
136,23,24,25,32,33,34,35,36,41,42,43,44,45,46,47,48,49,50
137,23,24,25,32,33,34,35,36,41,42,43,44,45,46,47,48,49,50
138,23,24,25,32,33,34,35,36,41,42,43,44,45,46,47,48,49,50
139,23,24,25,32,33,34,35,36,41,42,43,44,45,46,47,48,49,50
140,23,24,25,32,33,34,35,36,41,42,43,44,45,46,47,48,49,50
141,23,24,25,32,33,34,35,36,41,42,43,44,45,46,47,48,49,50
142,23,24,25,32,33,34,35,36,41,42,43,44,45,46,47,48,49,50
143,23,24,25,32,33,34,35,36,41,42,43,44,45,46,47,48,49,50
144,23,24,25,32,33,34,35,36,41,42,43,44,45,46,47,48,49,50
145,23,24,25,26,32,33,34,35,36,41,42,43,44,45,46,47,48,49,50
146,23,24,25,26,32,33,34,35,36,41,42,43,44,45,46,47,48,49,50
147,23,24,25,26,32,33,34,35,36,41,42,43,44,45,46,47,48,49,50
148,23,24,25,26,32,33,34,35,36,41,42,43,44,45,46,47,48,49,50
149,23,24,25,26,32,33,34,35,36,42,43,44,45,46
150,23,24,25,26,32,33,34,35,36,42,43,44,45,46
151,23,24,25,26,32,33,34,35,36,42,43,44,45,46
152,23,24,25,26,32,33,34,35,36,42,43,44,45,46
153,14,15,23,24,25,26,33,34,35,36,43,44,45,46
154,14,15,23,24,25,26,33,34,35,36,43,44,45,46
155,14,15,23,24,25,26,33,34,35,36,43,44,45,46
156,14,15,23,24,25,26,33,34,35,36,43,44,45,46
157,14,15,23,24,25,26,33,34,35,36,43,44,45,46
158,14,15,23,24,25,26,33,34,35,36,43,44,45,46
159,14,15,23,24,25,26,33,34,35,36,43,44,45,46
160,14,15,23,24,25,26,33,34,35,36,43,44,45,46
161,14,15,16,23,24,25,26,33,34,35,36,44,45
162,14,15,16,23,24,25,26,33,34,35,36,44,45
163,14,15,16,23,24,25,26,33,34,35,36,44,45
164,14,15,16,23,24,25,26,33,34,35,36,44,45
165,14,15,16,23,24,25,26,33,34,35,36,44,45
166,14,15,16,23,24,25,26,33,34,35,36,44,45
167,14,15,16,23,24,25,26,34,35,36
168,14,15,16,23,24,25,26,34,35,36
169,5,14,15,16,23,24,25,26,34,35,36
170,5,14,15,16,23,24,25,26,34,35,36
171,5,14,15,16,24,25,26,34,35,36
172,5,14,15,16,24,25,26,34,35,36
173,5,14,15,16,24,25,26,34,35,36
174,5,14,15,16,24,25,26,34,35,36
175,5,14,15,16,24,25,26,34,35,36
176,5,14,15,16,24,25,26,34,35,36
177,5,14,15,16,24,25,26,34,35,36
178,5,14,15,16,24,25,26,34,35,36
179,5,14,15,16,24,25,26,34,35,36
180,5,14,15,16,24,25,26,34,35,36
181,5,14,15,16,24,25,26,34,35,36
182,5,14,15,16,24,25,26,34,35,36
183,5,14,15,16,24,25,26,34,35,36
184,5,14,15,16,24,25,26,34,35,36
185,5,14,15,16,24,25,26,34,35,36
186,5,14,15,16,24,25,26,34,35,36
187,5,14,15,16,24,25,26,34,35,36
188,5,14,15,16,24,25,26,34,35,36
189,5,14,15,16,24,25,26,34,35,36
190,5,14,15,16,24,25,26,34,35,36
191,5,14,15,16,24,25,26,34,35,36
192,5,14,15,16,24,25,26,34,35,36
193,5,14,15,16,24,25,26,34,35,36
194,5,14,15,16,24,25,26,34,35,36
195,5,14,15,16,24,25,26,34,35,36
196,5,14,15,16,24,25,26,34,35,36
197,5,14,15,16,24,25,26,34,35,36
198,5,14,15,16,24,25,26,34,35,36
199,5,14,15,16,24,25,26,34,35,36
200,5,14,15,16,24,25,26,34,35,36
201,5,14,15,16,24,25,26,27,34,35,36
202,5,14,15,16,24,25,26,27,34,35,36
203,5,14,15,16,24,25,26,27,34,35,36
204,5,14,15,16,24,25,26,27,34,35,36
205,5,14,15,16,24,25,26,27,34,35,36
206,5,14,15,16,24,25,26,27,34,35,36
207,5,14,15,16,24,25,26,27,34,35,36
208,5,14,15,16,24,25,26,27,34,35,36
209,5,14,15,16,24,25,26,27,34,35,36
210,5,14,15,16,24,25,26,27,34,35,36
211,5,14,15,16,24,25,26,34,35,36
212,5,14,15,16,24,25,26,34,35,36
213,5,14,15,16,24,25,26,34,35,36
214,5,14,15,16,24,25,26,34,35,36
215,5,14,15,16,24,25,26,34,35,36
216,5,14,15,16,24,25,26,34,35,36
217,5,14,15,16,24,25,26,34,35,36
218,5,14,15,16,24,25,26,34,35,36
219,5,14,15,16,24,25,26,34,35,36
220,5,14,15,16,24,25,26,34,35,36
221,5,14,15,16,24,25,26,34,35,36
222,5,14,15,16,24,25,26,34,35,36
223,5,14,15,16,24,25,26,34,35,36
224,5,14,15,16,24,25,26,34,35,36
225,5,14,15,16,24,25,26,34,35,36
226,5,14,15,16,24,25,26,34,35,36
227,5,14,15,16,24,25,26,34,35,36
228,5,14,15,16,24,25,26,34,35,36
229,5,13,14,15,16,23,24,25,26,34,35,36
230,5,13,14,15,16,23,24,25,26,34,35,36
231,5,13,14,15,16,23,24,25,26,33,34,35,36
232,5,13,14,15,16,23,24,25,26,33,34,35,36
233,5,13,14,15,16,23,24,25,26,33,34,35,36
234,5,13,14,15,16,23,24,25,26,33,34,35,36
235,4,13,14,15,23,24,25,33,34,35
236,4,13,14,15,23,24,25,33,34,35
237,12,13,14,15,22,23,24,25,32,33,34,35
238,12,13,14,15,22,23,24,25,32,33,34,35
239,12,13,14,15,22,23,24,25,32,33,34,35
240,12,13,14,15,22,23,24,25,32,33,34,35
241,12,13,14,22,23,24,32,33,34
242,12,13,14,22,23,24,32,33,34
243,11,12,13,14,21,22,23,24,31,32,33,34,42,43
244,11,12,13,14,21,22,23,24,31,32,33,34,42,43
245,11,12,13,21,22,23,24,31,32,33,34,42,43
246,11,12,13,21,22,23,24,31,32,33,34,42,43
247,11,12,13,21,22,23,31,32,33,41,42,43
248,11,12,13,21,22,23,31,32,33,41,42,43
249,11,12,13,21,22,23,31,32,33,41,42,43
250,11,12,13,21,22,23,31,32,33,41,42,43
251,11,12,13,21,22,23,30,31,32,33,40,41,42,43
252,11,12,13,21,22,23,30,31,32,33,40,41,42,43
253,11,12,13,21,22,23,30,31,32,33,40,41,42
254,11,12,13,21,22,23,30,31,32,33,40,41,42
255,11,12,13,20,21,22,23,30,31,32,33,40,41,42
256,11,12,13,20,21,22,23,30,31,32,33,40,41,42
257,11,12,20,21,22,23,30,31,32,33,40,41,42
258,11,12,20,21,22,23,30,31,32,33,40,41,42
259,11,12,20,21,22,23,30,31,32,33,40,41,42,50
260,11,12,20,21,22,23,30,31,32,33,40,41,42,50
261,11,12,20,21,22,23,30,31,32,33,40,41,42,50
262,11,12,20,21,22,23,30,31,32,33,40,41,42,50
263,11,12,20,21,22,23,30,31,32,33,40,41,42,50
264,11,12,20,21,22,23,30,31,32,33,40,41,42,50
265,11,12,20,21,22,23,30,31,32,33,40,41,42,50
266,11,12,20,21,22,23,30,31,32,33,40,41,42,50
267,11,12,20,21,22,23,30,31,32,33,40,41,42,50
268,11,12,20,21,22,23,30,31,32,33,40,41,42,50
269,11,12,20,21,22,23,30,31,32,33,40,41,42,50
270,11,12,20,21,22,23,30,31,32,33,40,41,42,50
271,11,12,20,21,22,23,30,31,32,33,40,41,42,50
272,11,12,20,21,22,23,30,31,32,33,40,41,42,50
273,11,12,21,22,23,30,31,32,33,40,41,42,43,50
274,11,12,21,22,23,30,31,32,33,40,41,42,43,50
275,11,12,21,22,23,30,31,32,33,40,41,42,43,50
276,11,12,21,22,23,30,31,32,33,40,41,42,43,50
277,12,21,22,23,30,31,32,33,40,41,42,43,50
278,12,21,22,23,30,31,32,33,40,41,42,43,50
279,12,21,22,23,31,32,33,34,40,41,42,43,44,50
280,12,21,22,23,31,32,33,34,40,41,42,43,44,50
281,12,21,22,23,24,31,32,33,34,40,41,42,43,44,50
282,12,21,22,23,24,31,32,33,34,40,41,42,43,44,50
283,21,22,23,24,31,32,33,34,40,41,42,43,44,50
284,21,22,23,24,31,32,33,34,40,41,42,43,44,50
285,21,22,23,24,31,32,33,34,40,41,42,43,44,50
286,21,22,23,24,31,32,33,34,40,41,42,43,44,50
287,21,22,23,24,31,32,33,34,41,42,43,44,45,50
288,21,22,23,24,31,32,33,34,41,42,43,44,45,50
289,21,22,23,24,31,32,33,34,41,42,43,44,45,46,47,48,49,50
290,21,22,23,24,31,32,33,34,41,42,43,44,45,46,47,48,49,50
291,21,22,23,24,31,32,33,34,35,41,42,43,44,45,46,47,48,49,50
292,21,22,23,24,31,32,33,34,35,41,42,43,44,45,46,47,48,49,50
293,22,23,24,31,32,33,34,35,41,42,43,44,45,46,47,48,49,50
294,22,23,24,31,32,33,34,35,41,42,43,44,45,46,47,48,49,50
295,22,23,24,31,32,33,34,35,41,42,43,44,45,46,47,48,49,50
296,22,23,24,31,32,33,34,35,41,42,43,44,45,46,47,48,49,50
297,22,23,24,25,31,32,33,34,35,36,41,42,43,44,45,46,47,48,49,50
298,22,23,24,25,31,32,33,34,35,36,41,42,43,44,45,46,47,48,49,50
299,22,23,24,25,31,32,33,34,35,36,41,42,43,44,45,46,47,48,49,50
300,22,23,24,25,31,32,33,34,35,36,41,42,43,44,45,46,47,48,49,50
301,23,24,25,32,33,34,35,36,41,42,43,44,45,46,47,48,49,50
302,23,24,25,32,33,34,35,36,41,42,43,44,45,46,47,48,49,50
303,23,24,25,32,33,34,35,36,41,42,43,44,45,46,47,48,49,50
304,23,24,25,32,33,34,35,36,41,42,43,44,45,46,47,48,49,50
305,23,24,25,32,33,34,35,36,37,41,42,43,44,45,46,47,48,49,50
306,23,24,25,32,33,34,35,36,37,41,42,43,44,45,46,47,48,49,50
307,24,25,26,32,33,34,35,36,37,41,42,43,44,45,46,47,48,49,50
308,24,25,26,32,33,34,35,36,37,41,42,43,44,45,46,47,48,49,50
309,24,25,26,32,33,34,35,36,37,41,42,43,44,45,46,47,48,49,50
310,24,25,26,32,33,34,35,36,37,41,42,43,44,45,46,47,48,49,50
311,24,25,26,32,33,34,35,36,37,41,42,43,44,45,46,47,48,49,50
312,24,25,26,32,33,34,35,36,37,41,42,43,44,45,46,47,48,49,50
313,24,25,26,32,33,34,35,36,37,41,42,43,44,45,46,47,48,49,50
314,24,25,26,32,33,34,35,36,37,41,42,43,44,45,46,47,48,49,50
315,24,25,26,32,33,34,35,36,37,38,41,42,43,44,45,46,47,48,49,50
316,24,25,26,32,33,34,35,36,37,38,41,42,43,44,45,46,47,48,49,50
317,25,26,32,33,34,35,36,37,38,41,42,43,44,45,46,47,48,49,50
318,25,26,32,33,34,35,36,37,38,41,42,43,44,45,46,47,48,49,50
319,25,26,32,33,34,35,36,37,38,41,42,43,44,45,46,47,48,49,50
320,25,26,32,33,34,35,36,37,38,41,42,43,44,45,46,47,48,49,50
321,25,26,33,34,35,36,37,38,41,42,43,44,45,46,47,48,49,50
322,25,26,33,34,35,36,37,38,41,42,43,44,45,46,47,48,49,50
323,25,26,33,34,35,36,37,38,41,42,43,44,45,46,47,48,49,50
324,25,26,33,34,35,36,37,38,41,42,43,44,45,46,47,48,49,50
325,25,26,33,34,35,36,37,38,41,42,43,44,45,46,47,48,49,50
326,25,26,33,34,35,36,37,38,41,42,43,44,45,46,47,48,49,50
327,25,26,33,34,35,36,37,38,41,42,43,44,45,46,47,48,49,50
328,25,26,33,34,35,36,37,38,41,42,43,44,45,46,47,48,49,50
329,25,26,33,34,35,36,37,38,41,42,43,44,45,46,47,48,49,50
330,25,26,33,34,35,36,37,38,41,42,43,44,45,46,47,48,49,50
331,25,26,33,34,35,36,37,38,41,42,43,44,45,46,47,48,49,50
332,25,26,33,34,35,36,37,38,41,42,43,44,45,46,47,48,49,50
333,25,26,33,34,35,36,37,38,41,42,43,44,45,46,47,48,49,50
334,25,26,33,34,35,36,37,38,41,42,43,44,45,46,47,48,49,50
335,25,26,33,34,35,36,37,38,41,42,43,44,45,46,47,48,49,50
336,25,26,33,34,35,36,37,38,41,42,43,44,45,46,47,48,49,50
337,25,26,33,34,35,36,37,38,41,42,43,44,45,46,47,48,49,50
338,25,26,33,34,35,36,37,38,41,42,43,44,45,46,47,48,49,50
339,25,26,33,34,35,36,37,38,41,42,43,44,45,46,47,48,49,50
340,25,26,33,34,35,36,37,38,41,42,43,44,45,46,47,48,49,50
341,25,26,33,34,35,36,37,38,41,42,43,44,45,46,47,48,49,50
342,25,26,33,34,35,36,37,38,41,42,43,44,45,46,47,48,49,50
343,25,26,33,34,35,36,37,38,41,42,43,44,45,46,47,48,49,50
344,25,26,33,34,35,36,37,38,41,42,43,44,45,46,47,48,49,50
345,25,26,33,34,35,36,37,38,41,42,43,44,45,46,47,48,49,50
346,25,26,33,34,35,36,37,38,41,42,43,44,45,46,47,48,49,50
347,25,26,33,34,35,36,37,38,41,42,43,44,45,46,47,48,49,50
348,25,26,33,34,35,36,37,38,41,42,43,44,45,46,47,48,49,50
349,25,26,33,34,35,36,37,38,41,42,43,44,45,46,47,48,49,50
350,25,26,33,34,35,36,37,38,41,42,43,44,45,46,47,48,49,50
351,25,26,33,34,35,36,37,38,41,42,43,44,45,46,47,48,49,50
352,25,26,33,34,35,36,37,38,41,42,43,44,45,46,47,48,49,50
353,25,26,33,34,35,36,37,38,41,42,43,44,45,46,47,48,49,50
354,25,26,33,34,35,36,37,38,41,42,43,44,45,46,47,48,49,50
355,25,26,33,34,35,36,37,38,41,42,43,44,45,46,47,48,49,50
356,25,26,33,34,35,36,37,38,41,42,43,44,45,46,47,48,49,50
357,25,26,33,34,35,36,37,38,41,42,43,44,45,46,47,48,49,50
358,25,26,33,34,35,36,37,38,41,42,43,44,45,46,47,48,49,50
359,24,25,26,33,34,35,36,37,38,41,42,43,44,45,46,47,48,49,50
360,24,25,26,33,34,35,36,37,38,41,42,43,44,45,46,47,48,49,50
361,24,25,26,33,34,35,36,37,41,42,43,44,45,46,47,48,49,50
362,24,25,26,33,34,35,36,37,41,42,43,44,45,46,47,48,49,50
363,24,25,26,33,34,35,36,37,41,42,43,44,45,46,47,48,49,50
364,24,25,26,33,34,35,36,37,41,42,43,44,45,46,47,48,49,50
365,24,25,26,33,34,35,36,37,41,42,43,44,45,46,47,48,49,50
366,24,25,26,33,34,35,36,37,41,42,43,44,45,46,47,48,49,50
367,23,24,25,26,33,34,35,36,37,41,42,43,44,45,46,47,48,49,50
368,23,24,25,26,33,34,35,36,37,41,42,43,44,45,46,47,48,49,50
369,23,24,25,26,33,34,35,36,37,41,42,43,44,45,46,47,48,49,50
370,23,24,25,26,33,34,35,36,37,41,42,43,44,45,46,47,48,49,50
371,23,24,25,26,33,34,35,36,37,41,42,43,44,45,46,47,48,49,50
372,23,24,25,26,33,34,35,36,37,41,42,43,44,45,46,47,48,49,50
373,23,24,25,26,33,34,35,36,37,41,42,43,44,45,46,47,48,49,50
374,23,24,25,26,33,34,35,36,37,41,42,43,44,45,46,47,48,49,50
375,23,24,25,26,33,34,35,36,37,41,42,43,44,45,46,47,48,49,50
376,23,24,25,26,33,34,35,36,37,41,42,43,44,45,46,47,48,49,50
377,23,24,25,26,33,34,35,36,37,43,44,45,46,47
378,23,24,25,26,33,34,35,36,37,43,44,45,46,47
379,15,23,24,25,26,33,34,35,36,37,43,44,45,46,47
380,15,23,24,25,26,33,34,35,36,37,43,44,45,46,47
381,15,16,24,25,26,27,33,34,35,36,37,43,44,45,46,47
382,15,16,24,25,26,27,33,34,35,36,37,43,44,45,46,47
383,15,16,24,25,26,27,34,35,36,37,44,45,46,47
384,15,16,24,25,26,27,34,35,36,37,44,45,46,47
385,15,16,24,25,26,27,34,35,36,37,44,45,46,47
386,15,16,24,25,26,27,34,35,36,37,44,45,46,47
387,15,16,24,25,26,27,34,35,36,37,44,45,46,47
388,15,16,24,25,26,27,34,35,36,37,44,45,46,47
389,15,16,24,25,26,27,34,35,36,37,44,45,46
390,15,16,24,25,26,27,34,35,36,37,44,45,46
391,15,16,24,25,26,27,34,35,36,37,44,45,46
392,15,16,24,25,26,27,34,35,36,37,44,45,46
393,15,16,24,25,26,27,34,35,36,37,44,45,46
394,15,16,24,25,26,27,34,35,36,37,44,45,46
395,14,15,16,24,25,26,27,34,35,36,37,44,45,46
396,14,15,16,24,25,26,27,34,35,36,37,44,45,46
397,14,15,16,24,25,26,27,34,35,36,37,44,45,46
398,14,15,16,24,25,26,27,34,35,36,37,44,45,46
399,14,15,16,24,25,26,27,34,35,36,37,44,45,46
400,14,15,16,24,25,26,27,34,35,36,37,44,45,46
401,14,15,16,24,25,26,27,34,35,36,37,44,45,46
402,14,15,16,24,25,26,27,34,35,36,37,44,45,46
403,14,15,16,24,25,26,27,34,35,36,37,45,46
404,14,15,16,24,25,26,27,34,35,36,37,45,46
405,14,15,16,24,25,26,27,34,35,36,37,45,46
406,14,15,16,24,25,26,27,34,35,36,37,45,46
407,14,15,16,17,24,25,26,27,34,35,36,37,45,46
408,14,15,16,17,24,25,26,27,34,35,36,37,45,46
409,14,15,16,17,24,25,26,27,34,35,36,37
410,14,15,16,17,24,25,26,27,34,35,36,37
411,14,15,16,17,24,25,26,27,34,35,36,37
412,14,15,16,17,24,25,26,27,34,35,36,37
413,6,14,15,16,17,24,25,26,27,34,35,36,37
414,6,14,15,16,17,24,25,26,27,34,35,36,37
415,6,14,15,16,17,24,25,26,27,34,35,36,37
416,6,14,15,16,17,24,25,26,27,34,35,36,37
417,5,6,14,15,16,17,24,25,26,27,34,35,36,37
418,5,6,14,15,16,17,24,25,26,27,34,35,36,37
419,5,6,14,15,16,17,24,25,26,27,34,35,36
420,5,6,14,15,16,17,24,25,26,27,34,35,36
421,5,6,14,15,16,17,24,25,26,27,34,35,36
422,5,6,14,15,16,17,24,25,26,27,34,35,36
423,5,6,14,15,16,17,24,25,26,27,34,35,36
424,5,6,14,15,16,17,24,25,26,27,34,35,36
425,5,6,14,15,16,17,24,25,26,27,34,35,36
426,5,6,14,15,16,17,24,25,26,27,34,35,36
427,5,6,14,15,16,17,24,25,26,27,34,35,36
428,5,6,14,15,16,17,24,25,26,27,34,35,36
429,4,5,6,14,15,16,17,24,25,26,27,34,35,36
430,4,5,6,14,15,16,17,24,25,26,27,34,35,36
431,4,5,6,14,15,16,17,24,25,26,27,34,35,36
432,4,5,6,14,15,16,17,24,25,26,27,34,35,36
433,4,5,6,7,14,15,16,17,24,25,26,27,34,35,36
434,4,5,6,7,14,15,16,17,24,25,26,27,34,35,36
435,4,5,6,7,14,15,16,17,24,25,26,27,34,35,36
436,4,5,6,7,14,15,16,17,24,25,26,27,34,35,36
437,4,5,6,7,14,15,16,17,24,25,26,27,35,36
438,4,5,6,7,14,15,16,17,24,25,26,27,35,36
439,4,5,6,7,13,14,15,16,17,24,25,26,27,35,36
440,4,5,6,7,13,14,15,16,17,24,25,26,27,35,36
441,3,4,5,6,7,13,14,15,16,17,24,25,26,27,35
442,3,4,5,6,7,13,14,15,16,17,24,25,26,27,35
443,3,4,5,6,7,13,14,15,16,17,24,25,26,35
444,3,4,5,6,7,13,14,15,16,17,24,25,26,35
445,3,4,5,6,7,13,14,15,16,17,24,25,26,35
446,3,4,5,6,7,13,14,15,16,17,24,25,26,35
447,3,4,5,6,7,13,14,15,16,17,24,25,26,27,35
448,3,4,5,6,7,13,14,15,16,17,24,25,26,27,35
449,3,4,5,6,7,13,14,15,16,17,24,25,26,27,35
450,3,4,5,6,7,13,14,15,16,17,24,25,26,27,35
451,3,4,5,6,7,13,14,15,16,17,24,25,26,27,35
452,3,4,5,6,7,13,14,15,16,17,24,25,26,27,35
453,3,4,5,6,7,13,14,15,16,17,24,25,26,27,35,36
454,3,4,5,6,7,13,14,15,16,17,24,25,26,27,35,36
455,4,5,6,7,14,15,16,17,24,25,26,27,35,36
456,4,5,6,7,14,15,16,17,24,25,26,27,35,36
457,4,5,6,7,14,15,16,17,24,25,26,27,35,36
458,4,5,6,7,14,15,16,17,24,25,26,27,35,36
459,4,5,6,7,14,15,16,17,24,25,26,27,35,36
460,4,5,6,7,14,15,16,17,24,25,26,27,35,36
461,4,5,6,7,14,15,16,17,24,25,26,27,35,36
462,4,5,6,7,14,15,16,17,24,25,26,27,35,36
463,4,5,6,7,14,15,16,17,24,25,26,27,35,36
464,4,5,6,7,14,15,16,17,24,25,26,27,35,36
465,4,5,6,7,14,15,16,17,24,25,26,27,35,36
466,4,5,6,7,14,15,16,17,24,25,26,27,35,36
467,4,5,6,7,14,15,16,17,24,25,26,27,35,36
468,4,5,6,7,14,15,16,17,24,25,26,27,35,36
469,4,5,6,7,14,15,16,17,24,25,26,27,35,36
470,4,5,6,7,14,15,16,17,24,25,26,27,35,36
471,4,5,6,7,14,15,16,17,24,25,26,27,35,36
472,4,5,6,7,14,15,16,17,24,25,26,27,35,36
473,4,5,6,7,14,15,16,17,24,25,26,27,35,36
474,4,5,6,7,14,15,16,17,24,25,26,27,35,36
475,4,5,6,7,14,15,16,17,24,25,26,27,35,36
476,4,5,6,7,14,15,16,17,24,25,26,27,35,36
477,4,5,6,7,13,14,15,16,17,24,25,26,27,35,36
478,4,5,6,7,13,14,15,16,17,24,25,26,27,35,36
479,3,4,5,6,7,13,14,15,16,17,24,25,26,27,35,36
480,3,4,5,6,7,13,14,15,16,17,24,25,26,27,35,36
481,4,5,6,7,13,14,15,16,17,24,25,26,27,34,35,36
482,4,5,6,7,13,14,15,16,17,24,25,26,27,34,35,36
483,4,5,6,7,13,14,15,16,17,24,25,26,27,34,35,36
484,4,5,6,7,13,14,15,16,17,24,25,26,27,34,35,36
485,4,5,6,14,15,16,17,24,25,26,27,34,35,36
486,4,5,6,14,15,16,17,24,25,26,27,34,35,36
487,4,5,6,14,15,16,17,24,25,26,27,34,35,36
488,4,5,6,14,15,16,17,24,25,26,27,34,35,36
489,4,5,6,14,15,16,17,24,25,26,27,34,35,36
490,4,5,6,14,15,16,17,24,25,26,27,34,35,36
491,4,5,6,14,15,16,17,24,25,26,27,34,35,36
492,4,5,6,14,15,16,17,24,25,26,27,34,35,36
493,4,5,6,14,15,16,17,24,25,26,27,34,35,36
494,4,5,6,14,15,16,17,24,25,26,27,34,35,36
495,4,5,6,14,15,16,17,24,25,26,27,34,35,36
496,4,5,6,14,15,16,17,24,25,26,27,34,35,36
497,4,5,6,14,15,16,17,24,25,26,27,34,35,36
498,4,5,6,14,15,16,17,24,25,26,27,34,35,36
499,4,5,6,14,15,16,17,24,25,26,27,34,35,36
500,4,5,6,14,15,16,17,24,25,26,27,34,35,36
501,4,5,6,14,15,16,17,24,25,26,27,34,35,36
502,4,5,6,14,15,16,17,24,25,26,27,34,35,36
503,4,5,6,14,15,16,17,24,25,26,27,34,35,36
504,4,5,6,14,15,16,17,24,25,26,27,34,35,36
505,4,5,6,14,15,16,17,24,25,26,27,34,35,36
506,4,5,6,14,15,16,17,24,25,26,27,34,35,36
507,4,5,6,14,15,16,17,24,25,26,27,34,35,36
508,4,5,6,14,15,16,17,24,25,26,27,34,35,36
509,4,5,6,14,15,16,17,24,25,26,27,34,35,36
510,4,5,6,14,15,16,17,24,25,26,27,34,35,36
511,4,5,6,14,15,16,17,24,25,26,27,34,35,36
512,4,5,6,14,15,16,17,24,25,26,27,34,35,36
513,4,5,6,14,15,16,17,24,25,26,27,34,35,36
514,4,5,6,14,15,16,17,24,25,26,27,34,35,36
515,4,5,6,13,14,15,16,23,24,25,26,34,35,36
516,4,5,6,13,14,15,16,23,24,25,26,34,35,36
517,4,5,6,13,14,15,16,23,24,25,26,34,35,36
518,4,5,6,13,14,15,16,23,24,25,26,34,35,36
519,4,5,6,13,14,15,16,23,24,25,26,34,35,36
520,4,5,6,13,14,15,16,23,24,25,26,34,35,36
521,3,4,5,6,13,14,15,16,23,24,25,26,34,35,36
522,3,4,5,6,13,14,15,16,23,24,25,26,34,35,36
523,3,4,5,6,13,14,15,16,23,24,25,26,34,35,36
524,3,4,5,6,13,14,15,16,23,24,25,26,34,35,36
525,3,4,5,6,13,14,15,16,23,24,25,26,34,35,36
526,3,4,5,6,13,14,15,16,23,24,25,26,34,35,36
527,3,4,5,6,13,14,15,16,23,24,25,26,34,35
528,3,4,5,6,13,14,15,16,23,24,25,26,34,35
529,3,4,5,6,13,14,15,16,23,24,25,26,34,35
530,3,4,5,6,13,14,15,16,23,24,25,26,34,35
531,3,4,5,6,13,14,15,16,23,24,25,26,34,35
532,3,4,5,6,13,14,15,16,23,24,25,26,34,35
533,3,4,5,6,13,14,15,16,23,24,25,26,34,35
534,3,4,5,6,13,14,15,16,23,24,25,26,34,35
535,3,4,5,6,13,14,15,16,23,24,25,26,34,35
536,3,4,5,6,13,14,15,16,23,24,25,26,34,35
537,3,4,5,6,13,14,15,16,23,24,25,26,34,35
538,3,4,5,6,13,14,15,16,23,24,25,26,34,35
539,3,4,5,6,13,14,15,16,23,24,25,26,34,35
540,3,4,5,6,13,14,15,16,23,24,25,26,34,35
541,3,4,5,6,13,14,15,16,23,24,25,26,33,34,35
542,3,4,5,6,13,14,15,16,23,24,25,26,33,34,35
543,3,4,5,6,12,13,14,15,16,23,24,25,26,33,34,35
544,3,4,5,6,12,13,14,15,16,23,24,25,26,33,34,35
545,3,4,5,6,12,13,14,15,16,23,24,25,26,33,34,35
546,3,4,5,6,12,13,14,15,16,23,24,25,26,33,34,35
547,3,4,5,6,12,13,14,15,16,23,24,25,26,33,34,35
548,3,4,5,6,12,13,14,15,16,23,24,25,26,33,34,35
549,3,4,5,6,12,13,14,15,16,23,24,25,26,33,34,35
550,3,4,5,6,12,13,14,15,16,23,24,25,26,33,34,35
551,3,4,5,6,13,14,15,16,23,24,25,26,34,35
552,3,4,5,6,13,14,15,16,23,24,25,26,34,35
553,3,4,5,6,13,14,15,16,23,24,25,26,34,35
554,3,4,5,6,13,14,15,16,23,24,25,26,34,35
555,3,4,5,6,13,14,15,16,23,24,25,26,34,35
556,3,4,5,6,13,14,15,16,23,24,25,26,34,35
557,3,4,5,6,13,14,15,16,23,24,25,26,34,35
558,3,4,5,6,13,14,15,16,23,24,25,26,34,35
559,3,4,5,6,13,14,15,16,23,24,25,26,34,35
560,3,4,5,6,13,14,15,16,23,24,25,26,34,35
561,3,4,5,6,13,14,15,16,23,24,25,26,34,35
562,3,4,5,6,13,14,15,16,23,24,25,26,34,35
563,3,4,5,6,13,14,15,16,23,24,25,26,34,35
564,3,4,5,6,13,14,15,16,23,24,25,26,34,35
565,3,4,5,6,13,14,15,16,23,24,25,26,34,35
566,3,4,5,6,13,14,15,16,23,24,25,26,34,35
567,3,4,5,6,13,14,15,16,23,24,25,26,34,35
568,3,4,5,6,13,14,15,16,23,24,25,26,34,35
569,3,4,5,6,13,14,15,16,23,24,25,26,34,35
570,3,4,5,6,13,14,15,16,23,24,25,26,34,35
571,3,4,5,6,13,14,15,16,23,24,25,26,34,35
572,3,4,5,6,13,14,15,16,23,24,25,26,34,35
573,3,4,5,6,13,14,15,16,23,24,25,26,34,35
574,3,4,5,6,13,14,15,16,23,24,25,26,34,35
575,3,4,5,6,13,14,15,16,23,24,25,26,34,35
576,3,4,5,6,13,14,15,16,23,24,25,26,34,35
577,3,4,5,6,13,14,15,16,23,24,25,26,34,35
578,3,4,5,6,13,14,15,16,23,24,25,26,34,35
579,3,4,5,6,13,14,15,16,23,24,25,26,34,35
580,3,4,5,6,13,14,15,16,23,24,25,26,34,35
581,3,4,5,6,13,14,15,16,23,24,25,26,34,35
582,3,4,5,6,13,14,15,16,23,24,25,26,34,35
583,3,4,5,6,13,14,15,16,23,24,25,26,34,35
584,3,4,5,6,13,14,15,16,23,24,25,26,34,35
585,3,4,5,6,13,14,15,16,23,24,25,26,34,35
586,3,4,5,6,13,14,15,16,23,24,25,26,34,35
587,3,4,5,6,13,14,15,16,23,24,25,26,34,35
588,3,4,5,6,13,14,15,16,23,24,25,26,34,35
589,3,4,5,6,13,14,15,16,23,24,25,26,34,35
590,3,4,5,6,13,14,15,16,23,24,25,26,34,35
591,3,4,5,6,13,14,15,16,23,24,25,26,34,35
592,3,4,5,6,13,14,15,16,23,24,25,26,34,35
593,3,4,5,6,13,14,15,16,23,24,25,26,34,35
594,3,4,5,6,13,14,15,16,23,24,25,26,34,35
595,3,4,5,6,13,14,15,16,23,24,25,26,34,35
596,3,4,5,6,13,14,15,16,23,24,25,26,34,35
597,3,4,5,6,13,14,15,16,23,24,25,26,34,35
598,3,4,5,6,13,14,15,16,23,24,25,26,34,35
599,3,4,5,6,13,14,15,16,23,24,25,26,34,35
600,3,4,5,6,13,14,15,16,23,24,25,26,34,35
601,3,4,5,6,13,14,15,16,23,24,25,26,34,35
602,3,4,5,6,13,14,15,16,23,24,25,26,34,35
603,3,4,5,6,13,14,15,16,23,24,25,26,34,35
604,3,4,5,6,13,14,15,16,23,24,25,26,34,35
605,3,4,5,6,13,14,15,16,23,24,25,26,34,35
606,3,4,5,6,13,14,15,16,23,24,25,26,34,35
607,3,4,5,6,13,14,15,16,23,24,25,26,34,35
608,3,4,5,6,13,14,15,16,23,24,25,26,34,35
609,3,4,5,6,13,14,15,16,23,24,25,26,34,35
610,3,4,5,6,13,14,15,16,23,24,25,26,34,35
611,3,4,5,6,13,14,15,16,23,24,25,26,34,35
612,3,4,5,6,13,14,15,16,23,24,25,26,34,35
613,3,4,5,6,13,14,15,16,23,24,25,26,34,35
614,3,4,5,6,13,14,15,16,23,24,25,26,34,35
615,3,4,5,6,13,14,15,16,23,24,25,26,34,35
616,3,4,5,6,13,14,15,16,23,24,25,26,34,35
617,3,4,5,6,13,14,15,16,23,24,25,26,34,35
618,3,4,5,6,13,14,15,16,23,24,25,26,34,35
619,3,4,5,6,13,14,15,16,23,24,25,26,34,35
620,3,4,5,6,13,14,15,16,23,24,25,26,34,35
621,3,4,5,6,13,14,15,16,23,24,25,26,34,35
622,3,4,5,6,13,14,15,16,23,24,25,26,34,35
623,3,4,5,6,13,14,15,16,23,24,25,26,34,35
624,3,4,5,6,13,14,15,16,23,24,25,26,34,35
625,3,4,5,6,13,14,15,16,23,24,25,26,34,35
626,3,4,5,6,13,14,15,16,23,24,25,26,34,35
627,3,4,5,6,13,14,15,16,23,24,25,26,34,35
628,3,4,5,6,13,14,15,16,23,24,25,26,34,35
629,3,4,5,6,13,14,15,16,23,24,25,26,34,35
630,3,4,5,6,13,14,15,16,23,24,25,26,34,35
631,3,4,5,6,13,14,15,16,23,24,25,26,34,35
632,3,4,5,6,13,14,15,16,23,24,25,26,34,35
633,3,4,5,6,13,14,15,16,23,24,25,26,34,35
634,3,4,5,6,13,14,15,16,23,24,25,26,34,35
635,3,4,5,6,13,14,15,16,23,24,25,26,34,35
636,3,4,5,6,13,14,15,16,23,24,25,26,34,35
637,3,4,5,6,13,14,15,16,23,24,25,26,34,35
638,3,4,5,6,13,14,15,16,23,24,25,26,34,35
639,3,4,5,6,13,14,15,16,23,24,25,26,34,35
640,3,4,5,6,13,14,15,16,23,24,25,26,34,35
641,3,4,5,6,13,14,15,16,23,24,25,26,34,35
642,3,4,5,6,13,14,15,16,23,24,25,26,34,35
643,3,4,5,6,13,14,15,16,23,24,25,26,34,35
644,3,4,5,6,13,14,15,16,23,24,25,26,34,35
645,3,4,5,6,13,14,15,16,23,24,25,26,34,35
646,3,4,5,6,13,14,15,16,23,24,25,26,34,35
647,3,4,5,6,13,14,15,16,23,24,25,26,34,35
648,3,4,5,6,13,14,15,16,23,24,25,26,34,35
649,3,4,5,6,13,14,15,16,23,24,25,26,34,35
650,3,4,5,6,13,14,15,16,23,24,25,26,34,35
651,3,4,5,6,13,14,15,16,23,24,25,26,34,35
652,3,4,5,6,13,14,15,16,23,24,25,26,34,35
653,3,4,5,6,13,14,15,16,23,24,25,26,34,35
654,3,4,5,6,13,14,15,16,23,24,25,26,34,35
655,3,4,5,6,13,14,15,16,23,24,25,26,34,35
656,3,4,5,6,13,14,15,16,23,24,25,26,34,35
657,4,5,6,13,14,15,16,23,24,25,26,34,35,36
658,4,5,6,13,14,15,16,23,24,25,26,34,35,36
659,4,5,6,13,14,15,16,23,24,25,26,34,35,36
660,4,5,6,13,14,15,16,23,24,25,26,34,35,36
661,4,5,6,13,14,15,16,23,24,25,26,34,35,36
662,4,5,6,13,14,15,16,23,24,25,26,34,35,36
663,4,5,6,13,14,15,16,23,24,25,26,34,35,36
664,4,5,6,13,14,15,16,23,24,25,26,34,35,36
665,4,5,6,13,14,15,16,23,24,25,26,34,35,36
666,4,5,6,13,14,15,16,23,24,25,26,34,35,36
667,4,5,6,13,14,15,16,23,24,25,26,34,35,36
668,4,5,6,13,14,15,16,23,24,25,26,34,35,36
669,4,5,6,14,15,16,24,25,26,34,35,36
670,4,5,6,14,15,16,24,25,26,34,35,36
671,5,6,14,15,16,24,25,26,34,35,36
672,5,6,14,15,16,24,25,26,34,35,36
673,5,6,14,15,16,17,24,25,26,27,34,35,36
674,5,6,14,15,16,17,24,25,26,27,34,35,36
675,5,6,14,15,16,17,24,25,26,27,34,35,36
676,5,6,14,15,16,17,24,25,26,27,34,35,36
677,5,6,14,15,16,17,24,25,26,27,34,35,36
678,5,6,14,15,16,17,24,25,26,27,34,35,36
679,5,6,14,15,16,17,24,25,26,27,34,35,36
680,5,6,14,15,16,17,24,25,26,27,34,35,36
681,5,6,14,15,16,17,24,25,26,27,34,35,36
682,5,6,14,15,16,17,24,25,26,27,34,35,36
683,5,6,14,15,16,17,24,25,26,27,34,35,36
684,5,6,14,15,16,17,24,25,26,27,34,35,36
685,5,6,14,15,16,17,24,25,26,27,34,35,36
686,5,6,14,15,16,17,24,25,26,27,34,35,36
687,5,6,14,15,16,17,24,25,26,27,34,35,36
688,5,6,14,15,16,17,24,25,26,27,34,35,36
689,5,6,14,15,16,17,24,25,26,27,34,35,36
690,5,6,14,15,16,17,24,25,26,27,34,35,36
691,5,6,14,15,16,17,24,25,26,27,34,35,36
692,5,6,14,15,16,17,24,25,26,27,34,35,36
693,5,6,14,15,16,17,24,25,26,27,34,35,36
694,5,6,14,15,16,17,24,25,26,27,34,35,36
695,5,6,14,15,16,17,24,25,26,27,34,35,36
696,5,6,14,15,16,17,24,25,26,27,34,35,36
697,5,6,14,15,16,17,24,25,26,27,34,35,36
698,5,6,14,15,16,17,24,25,26,27,34,35,36
699,5,6,14,15,16,17,24,25,26,27,34,35,36
700,5,6,14,15,16,17,24,25,26,27,34,35,36
701,5,6,14,15,16,17,24,25,26,27,34,35,36
702,5,6,14,15,16,17,24,25,26,27,34,35,36
703,5,6,14,15,16,17,24,25,26,27,34,35,36
704,5,6,14,15,16,17,24,25,26,27,34,35,36
705,5,6,14,15,16,17,24,25,26,27,34,35,36
706,5,6,14,15,16,17,24,25,26,27,34,35,36
707,5,6,14,15,16,17,24,25,26,27,34,35,36
708,5,6,14,15,16,17,24,25,26,27,34,35,36
709,5,6,14,15,16,17,24,25,26,27,34,35,36
710,5,6,14,15,16,17,24,25,26,27,34,35,36
711,5,6,14,15,16,17,24,25,26,27,34,35,36
712,5,6,14,15,16,17,24,25,26,27,34,35,36
713,5,6,14,15,16,17,24,25,26,27,34,35,36
714,5,6,14,15,16,17,24,25,26,27,34,35,36
715,5,6,14,15,16,17,24,25,26,27,34,35,36
716,5,6,14,15,16,17,24,25,26,27,34,35,36
717,5,6,14,15,16,17,24,25,26,27,34,35,36
718,5,6,14,15,16,17,24,25,26,27,34,35,36
719,5,6,14,15,16,17,24,25,26,27,34,35,36
720,5,6,14,15,16,17,24,25,26,27,34,35,36
721,5,6,14,15,16,17,24,25,26,27,34,35,36
722,5,6,14,15,16,17,24,25,26,27,34,35,36
723,5,6,14,15,16,17,24,25,26,27,34,35,36
724,5,6,14,15,16,17,24,25,26,27,34,35,36
725,5,6,14,15,16,17,24,25,26,27,34,35,36
726,5,6,14,15,16,17,24,25,26,27,34,35,36
727,5,6,14,15,16,17,24,25,26,27,34,35,36
728,5,6,14,15,16,17,24,25,26,27,34,35,36
729,5,6,14,15,16,17,24,25,26,27,34,35,36
730,5,6,14,15,16,17,24,25,26,27,34,35,36
731,5,6,14,15,16,17,24,25,26,27,34,35,36
732,5,6,14,15,16,17,24,25,26,27,34,35,36
733,5,6,14,15,16,24,25,26,27,34,35,36
734,5,6,14,15,16,24,25,26,27,34,35,36
735,5,6,14,15,16,24,25,26,27,34,35,36
736,5,6,14,15,16,24,25,26,27,34,35,36
737,5,6,14,15,16,24,25,26,34,35,36
738,5,6,14,15,16,24,25,26,34,35,36
739,5,6,14,15,16,24,25,26,34,35,36
740,5,6,14,15,16,24,25,26,34,35,36
741,5,6,14,15,16,24,25,26,34,35,36
742,5,6,14,15,16,24,25,26,34,35,36
743,5,6,14,15,16,24,25,26,34,35,36
744,5,6,14,15,16,24,25,26,34,35,36
745,5,14,15,16,23,24,25,26,34,35,36
746,5,14,15,16,23,24,25,26,34,35,36
747,5,13,14,15,16,23,24,25,26,34,35,36
748,5,13,14,15,16,23,24,25,26,34,35,36
749,5,13,14,15,16,23,24,25,26,34,35,36
750,5,13,14,15,16,23,24,25,26,34,35,36
751,5,13,14,15,16,23,24,25,26,34,35,36
752,5,13,14,15,16,23,24,25,26,34,35,36
753,5,13,14,15,16,23,24,25,26,34,35,36
754,5,13,14,15,16,23,24,25,26,34,35,36
755,5,13,14,15,16,23,24,25,26,34,35,36
756,5,13,14,15,16,23,24,25,26,34,35,36
757,5,13,14,15,16,23,24,25,26,34,35,36
758,5,13,14,15,16,23,24,25,26,34,35,36
759,5,13,14,15,16,23,24,25,26,34,35,36
760,5,13,14,15,16,23,24,25,26,34,35,36
761,5,13,14,15,16,23,24,25,26,34,35,36
762,5,13,14,15,16,23,24,25,26,34,35,36
763,5,13,14,15,16,23,24,25,26,34,35,36
764,5,13,14,15,16,23,24,25,26,34,35,36
765,5,13,14,15,16,23,24,25,26,34,35,36
766,5,13,14,15,16,23,24,25,26,34,35,36
767,5,13,14,15,16,23,24,25,26,33,34,35,36
768,5,13,14,15,16,23,24,25,26,33,34,35,36
769,5,13,14,15,16,23,24,25,26,33,34,35,36
770,5,13,14,15,16,23,24,25,26,33,34,35,36
771,5,13,14,15,16,23,24,25,26,33,34,35,36
772,5,13,14,15,16,23,24,25,26,33,34,35,36
773,5,13,14,15,16,23,24,25,26,33,34,35,36
774,5,13,14,15,16,23,24,25,26,33,34,35,36
775,5,13,14,15,16,23,24,25,26,33,34,35,36
776,5,13,14,15,16,23,24,25,26,33,34,35,36
777,5,13,14,15,16,23,24,25,26,33,34,35,36
778,5,13,14,15,16,23,24,25,26,33,34,35,36
779,5,13,14,15,16,23,24,25,26,33,34,35,36
780,5,13,14,15,16,23,24,25,26,33,34,35,36
781,5,13,14,15,16,23,24,25,26,33,34,35,36
782,5,13,14,15,16,23,24,25,26,33,34,35,36
783,5,13,14,15,16,23,24,25,26,33,34,35,36
784,5,13,14,15,16,23,24,25,26,33,34,35,36
785,5,13,14,15,16,23,24,25,26,33,34,35,36
786,5,13,14,15,16,23,24,25,26,33,34,35,36
787,5,13,14,15,16,23,24,25,26,33,34,35,36
788,5,13,14,15,16,23,24,25,26,33,34,35,36
789,5,13,14,15,16,23,24,25,26,33,34,35,36
790,5,13,14,15,16,23,24,25,26,33,34,35,36
791,5,13,14,15,16,23,24,25,26,33,34,35,36
792,5,13,14,15,16,23,24,25,26,33,34,35,36
793,5,13,14,15,16,23,24,25,26,33,34,35,36
794,5,13,14,15,16,23,24,25,26,33,34,35,36
795,5,13,14,15,16,23,24,25,26,33,34,35,36
796,5,13,14,15,16,23,24,25,26,33,34,35,36
797,5,13,14,15,16,23,24,25,26,33,34,35,36
798,5,13,14,15,16,23,24,25,26,33,34,35,36
799,5,13,14,15,16,23,24,25,26,33,34,35,36
800,5,13,14,15,16,23,24,25,26,33,34,35,36
801,5,13,14,15,16,23,24,25,26,33,34,35,36
802,5,13,14,15,16,23,24,25,26,33,34,35,36
803,5,13,14,15,16,23,24,25,26,33,34,35,36
804,5,13,14,15,16,23,24,25,26,33,34,35,36
805,5,13,14,15,16,23,24,25,26,34,35,36
806,5,13,14,15,16,23,24,25,26,34,35,36
807,5,13,14,15,16,23,24,25,26,34,35,36
808,5,13,14,15,16,23,24,25,26,34,35,36
809,5,13,14,15,16,23,24,25,26,34,35,36
810,5,13,14,15,16,23,24,25,26,34,35,36
811,5,13,14,15,16,23,24,25,26,34,35,36
812,5,13,14,15,16,23,24,25,26,34,35,36
813,5,13,14,15,16,23,24,25,26,34,35,36
814,5,13,14,15,16,23,24,25,26,34,35,36
815,5,13,14,15,16,23,24,25,26,34,35,36
816,5,13,14,15,16,23,24,25,26,34,35,36
817,5,14,15,16,23,24,25,26,34,35,36
818,5,14,15,16,23,24,25,26,34,35,36
819,5,14,15,16,23,24,25,26,34,35,36
820,5,14,15,16,23,24,25,26,34,35,36
821,5,14,15,16,23,24,25,26,34,35,36
822,5,14,15,16,23,24,25,26,34,35,36
823,5,14,15,16,23,24,25,26,34,35,36
824,5,14,15,16,23,24,25,26,34,35,36
825,5,14,15,16,23,24,25,26,34,35,36
826,5,14,15,16,23,24,25,26,34,35,36
827,5,14,15,16,23,24,25,26,34,35,36
828,5,14,15,16,23,24,25,26,34,35,36
829,5,6,14,15,16,23,24,25,26,34,35,36
830,5,6,14,15,16,23,24,25,26,34,35,36
831,5,6,14,15,16,23,24,25,26,34,35,36
832,5,6,14,15,16,23,24,25,26,34,35,36
833,5,6,13,14,15,16,23,24,25,26,34,35,36
834,5,6,13,14,15,16,23,24,25,26,34,35,36
835,5,6,13,14,15,16,23,24,25,26,34,35,36
836,5,6,13,14,15,16,23,24,25,26,34,35,36
837,5,6,13,14,15,16,23,24,25,26,34,35,36
838,5,6,13,14,15,16,23,24,25,26,34,35,36
839,5,6,13,14,15,16,23,24,25,26,34,35,36
840,5,6,13,14,15,16,23,24,25,26,34,35,36
841,5,6,13,14,15,16,23,24,25,26,34,35,36
842,5,6,13,14,15,16,23,24,25,26,34,35,36
843,5,6,13,14,15,16,23,24,25,26,34,35,36
844,5,6,13,14,15,16,23,24,25,26,34,35,36
845,5,6,13,14,15,16,23,24,25,26,34,35,36
846,5,6,13,14,15,16,23,24,25,26,34,35,36
847,5,6,13,14,15,16,23,24,25,26,34,35,36
848,5,6,13,14,15,16,23,24,25,26,34,35,36
849,5,6,13,14,15,16,23,24,25,26,34,35,36
850,5,6,13,14,15,16,23,24,25,26,34,35,36
851,5,6,13,14,15,16,23,24,25,26,34,35,36
852,5,6,13,14,15,16,23,24,25,26,34,35,36
853,5,6,13,14,15,16,23,24,25,26,34,35,36
854,5,6,13,14,15,16,23,24,25,26,34,35,36
855,5,6,13,14,15,16,23,24,25,26,34,35,36
856,5,6,13,14,15,16,23,24,25,26,34,35,36
857,5,6,13,14,15,16,23,24,25,26,34,35,36
858,5,6,13,14,15,16,23,24,25,26,34,35,36
859,5,6,13,14,15,16,23,24,25,26,34,35,36
860,5,6,13,14,15,16,23,24,25,26,34,35,36
861,5,6,13,14,15,16,23,24,25,26,34,35,36
862,5,6,13,14,15,16,23,24,25,26,34,35,36
863,5,6,13,14,15,16,23,24,25,26,34,35,36
864,5,6,13,14,15,16,23,24,25,26,34,35,36
865,5,6,13,14,15,16,23,24,25,26,34,35,36
866,5,6,13,14,15,16,23,24,25,26,34,35,36
867,5,6,13,14,15,16,23,24,25,26,34,35,36
868,5,6,13,14,15,16,23,24,25,26,34,35,36
869,5,6,13,14,15,16,23,24,25,26,34,35,36
870,5,6,13,14,15,16,23,24,25,26,34,35,36
871,5,6,13,14,15,16,23,24,25,26,34,35,36
872,5,6,13,14,15,16,23,24,25,26,34,35,36
873,5,6,13,14,15,16,23,24,25,26,34,35,36
874,5,6,13,14,15,16,23,24,25,26,34,35,36
875,5,6,13,14,15,16,23,24,25,26,34,35,36
876,5,6,13,14,15,16,23,24,25,26,34,35,36
877,5,6,13,14,15,16,23,24,25,26,34,35,36
878,5,6,13,14,15,16,23,24,25,26,34,35,36
879,5,6,13,14,15,16,23,24,25,26,34,35,36
880,5,6,13,14,15,16,23,24,25,26,34,35,36
881,5,6,13,14,15,16,23,24,25,26,34,35,36
882,5,6,13,14,15,16,23,24,25,26,34,35,36
883,5,6,13,14,15,16,23,24,25,26,34,35,36
884,5,6,13,14,15,16,23,24,25,26,34,35,36
885,5,6,13,14,15,16,23,24,25,26,34,35,36
886,5,6,13,14,15,16,23,24,25,26,34,35,36
887,5,6,14,15,16,23,24,25,26,34,35,36
888,5,6,14,15,16,23,24,25,26,34,35,36
889,5,6,14,15,16,24,25,26,34,35,36
890,5,6,14,15,16,24,25,26,34,35,36
891,5,6,14,15,16,24,25,26,34,35,36
892,5,6,14,15,16,24,25,26,34,35,36
893,5,6,14,15,16,24,25,26,34,35,36
894,5,6,14,15,16,24,25,26,34,35,36
895,5,6,14,15,16,24,25,26,34,35,36
896,5,6,14,15,16,24,25,26,34,35,36
897,5,6,14,15,16,24,25,26,34,35,36
898,5,6,14,15,16,24,25,26,34,35,36
899,5,6,14,15,16,24,25,26,34,35,36
900,5,6,14,15,16,24,25,26,34,35,36
901,5,6,14,15,16,24,25,26,34,35,36
902,5,6,14,15,16,24,25,26,34,35,36
903,5,6,14,15,16,24,25,26,27,34,35,36
904,5,6,14,15,16,24,25,26,27,34,35,36
905,5,6,14,15,16,17,24,25,26,27,34,35,36
906,5,6,14,15,16,17,24,25,26,27,34,35,36
907,5,6,14,15,16,17,24,25,26,27,34,35,36
908,5,6,14,15,16,17,24,25,26,27,34,35,36
909,5,6,14,15,16,17,24,25,26,27,34,35,36
910,5,6,14,15,16,17,24,25,26,27,34,35,36
911,5,6,14,15,16,17,24,25,26,27,34,35,36
912,5,6,14,15,16,17,24,25,26,27,34,35,36
913,5,6,14,15,16,17,24,25,26,27,34,35,36
914,5,6,14,15,16,17,24,25,26,27,34,35,36
915,5,6,14,15,16,17,24,25,26,27,34,35,36
916,5,6,14,15,16,17,24,25,26,27,34,35,36
917,5,6,14,15,16,17,24,25,26,27,34,35,36
918,5,6,14,15,16,17,24,25,26,27,34,35,36
919,5,6,14,15,16,17,24,25,26,27,34,35,36
920,5,6,14,15,16,17,24,25,26,27,34,35,36
921,5,6,14,15,16,17,24,25,26,27,34,35,36
922,5,6,14,15,16,17,24,25,26,27,34,35,36
923,5,6,7,14,15,16,17,24,25,26,27,35,36,37
924,5,6,7,14,15,16,17,24,25,26,27,35,36,37
925,5,6,7,14,15,16,17,24,25,26,27,35,36,37
926,5,6,7,14,15,16,17,24,25,26,27,35,36,37
927,5,6,7,14,15,16,17,24,25,26,27,35,36,37
928,5,6,7,14,15,16,17,24,25,26,27,35,36,37
929,5,6,7,14,15,16,17,24,25,26,27,35,36,37
930,5,6,7,14,15,16,17,24,25,26,27,35,36,37
931,5,6,7,14,15,16,17,24,25,26,27,35,36,37
932,5,6,7,14,15,16,17,24,25,26,27,35,36,37
933,5,6,7,14,15,16,17,24,25,26,27,35,36,37
934,5,6,7,14,15,16,17,24,25,26,27,35,36,37
935,5,6,7,14,15,16,17,24,25,26,27,35,36,37
936,5,6,7,14,15,16,17,24,25,26,27,35,36,37
937,5,6,7,14,15,16,17,24,25,26,27,35,36,37
938,5,6,7,14,15,16,17,24,25,26,27,35,36,37
939,5,6,7,14,15,16,17,24,25,26,27,35,36,37
940,5,6,7,14,15,16,17,24,25,26,27,35,36,37
941,5,6,7,14,15,16,17,24,25,26,27,35,36,37
942,5,6,7,14,15,16,17,24,25,26,27,35,36,37
943,5,6,7,14,15,16,17,24,25,26,27,34,35,36,37
944,5,6,7,14,15,16,17,24,25,26,27,34,35,36,37
945,5,6,7,14,15,16,17,24,25,26,27,34,35,36,37
946,5,6,7,14,15,16,17,24,25,26,27,34,35,36,37
947,5,6,7,14,15,16,17,24,25,26,27,34,35,36,37
948,5,6,7,14,15,16,17,24,25,26,27,34,35,36,37
949,5,6,7,14,15,16,17,24,25,26,27,34,35,36,37
950,5,6,7,14,15,16,17,24,25,26,27,34,35,36,37
951,5,6,7,14,15,16,17,24,25,26,27,34,35,36,37
952,5,6,7,14,15,16,17,24,25,26,27,34,35,36,37
953,5,6,7,14,15,16,17,24,25,26,27,34,35,36,37
954,5,6,7,14,15,16,17,24,25,26,27,34,35,36,37
955,5,6,7,14,15,16,17,24,25,26,27,34,35,36,37
956,5,6,7,14,15,16,17,24,25,26,27,34,35,36,37
957,5,6,7,14,15,16,17,24,25,26,27,34,35,36,37
958,5,6,7,14,15,16,17,24,25,26,27,34,35,36,37
959,5,6,7,14,15,16,17,24,25,26,27,34,35,36,37
960,5,6,7,14,15,16,17,24,25,26,27,34,35,36,37
961,5,6,7,14,15,16,17,24,25,26,27,34,35,36,37
962,5,6,7,14,15,16,17,24,25,26,27,34,35,36,37
963,5,6,7,14,15,16,17,24,25,26,27,34,35,36,37
964,5,6,7,14,15,16,17,24,25,26,27,34,35,36,37
965,5,6,14,15,16,17,24,25,26,27,34,35,36,37
966,5,6,14,15,16,17,24,25,26,27,34,35,36,37
967,5,6,14,15,16,17,24,25,26,27,34,35,36,37
968,5,6,14,15,16,17,24,25,26,27,34,35,36,37
969,5,6,14,15,16,17,24,25,26,27,34,35,36,37
970,5,6,14,15,16,17,24,25,26,27,34,35,36,37
971,5,6,14,15,16,17,24,25,26,27,34,35,36,37
972,5,6,14,15,16,17,24,25,26,27,34,35,36,37
973,5,6,14,15,16,17,24,25,26,27,34,35,36,37
974,5,6,14,15,16,17,24,25,26,27,34,35,36,37
975,5,6,14,15,16,17,24,25,26,27,34,35,36,37
976,5,6,14,15,16,17,24,25,26,27,34,35,36,37
977,5,6,14,15,16,17,24,25,26,27,34,35,36,37
978,5,6,14,15,16,17,24,25,26,27,34,35,36,37
979,5,6,14,15,16,17,24,25,26,27,34,35,36,37
980,5,6,14,15,16,17,24,25,26,27,34,35,36,37
981,5,6,14,15,16,17,24,25,26,27,34,35,36,37
982,5,6,14,15,16,17,24,25,26,27,34,35,36,37
983,5,6,14,15,16,17,24,25,26,27,34,35,36,37
984,5,6,14,15,16,17,24,25,26,27,34,35,36,37
985,5,6,14,15,16,17,24,25,26,27,34,35,36,37
986,5,6,14,15,16,17,24,25,26,27,34,35,36,37
987,5,6,14,15,16,17,24,25,26,27,34,35,36,37
988,5,6,14,15,16,17,24,25,26,27,34,35,36,37
989,5,6,14,15,16,17,24,25,26,27,34,35,36,37
990,5,6,14,15,16,17,24,25,26,27,34,35,36,37
991,5,6,14,15,16,17,24,25,26,27,34,35,36,37
992,5,6,14,15,16,17,24,25,26,27,34,35,36,37
993,5,6,14,15,16,17,24,25,26,27,34,35,36,37
994,5,6,14,15,16,17,24,25,26,27,34,35,36,37
995,6,14,15,16,17,24,25,26,27,34,35,36,37
996,6,14,15,16,17,24,25,26,27,34,35,36,37
997,6,14,15,16,17,24,25,26,27,34,35,36,37
998,6,14,15,16,17,24,25,26,27,34,35,36,37
999,14,15,16,17,24,25,26,27,34,35,36,37
1000,14,15,16,17,24,25,26,27,34,35,36,37
1001,14,15,16,17,24,25,26,27,34,35,36,37
1002,14,15,16,17,24,25,26,27,34,35,36,37
1003,14,15,16,17,24,25,26,27,34,35,36,37
1004,14,15,16,17,24,25,26,27,34,35,36,37
1005,14,15,16,17,24,25,26,27,34,35,36,37
1006,14,15,16,17,24,25,26,27,34,35,36,37
1007,14,15,16,17,24,25,26,27,34,35,36,37
1008,14,15,16,17,24,25,26,27,34,35,36,37
1009,14,15,16,17,24,25,26,27,34,35,36,37,45,46
1010,14,15,16,17,24,25,26,27,34,35,36,37,45,46
1011,14,15,16,17,24,25,26,27,34,35,36,37,45,46
1012,14,15,16,17,24,25,26,27,34,35,36,37,45,46
1013,14,15,16,17,24,25,26,27,34,35,36,37,45,46
1014,14,15,16,17,24,25,26,27,34,35,36,37,45,46
1015,14,15,16,17,24,25,26,27,34,35,36,37,45,46
1016,14,15,16,17,24,25,26,27,34,35,36,37,45,46
1017,14,15,16,17,24,25,26,27,34,35,36,37,45,46
1018,14,15,16,17,24,25,26,27,34,35,36,37,45,46
1019,14,15,16,17,24,25,26,27,34,35,36,37,45,46
1020,14,15,16,17,24,25,26,27,34,35,36,37,45,46
1021,14,15,16,17,24,25,26,27,34,35,36,37,45,46
1022,14,15,16,17,24,25,26,27,34,35,36,37,45,46
1023,14,15,16,17,24,25,26,27,34,35,36,37,45,46
1024,14,15,16,17,24,25,26,27,34,35,36,37,45,46
1025,14,15,16,17,24,25,26,27,34,35,36,37,45,46
1026,14,15,16,17,24,25,26,27,34,35,36,37,45,46
1027,14,15,16,17,24,25,26,27,34,35,36,37,45,46
1028,14,15,16,17,24,25,26,27,34,35,36,37,45,46
1029,14,15,16,17,24,25,26,27,34,35,36,37,45,46
1030,14,15,16,17,24,25,26,27,34,35,36,37,45,46
1031,14,15,16,17,24,25,26,27,34,35,36,37,45,46
1032,14,15,16,17,24,25,26,27,34,35,36,37,45,46
1033,14,15,16,17,24,25,26,27,34,35,36,37,45,46
1034,14,15,16,17,24,25,26,27,34,35,36,37,45,46
1035,14,15,16,17,24,25,26,27,34,35,36,37,45,46
1036,14,15,16,17,24,25,26,27,34,35,36,37,45,46
1037,14,15,16,17,24,25,26,27,34,35,36,37,45,46
1038,14,15,16,17,24,25,26,27,34,35,36,37,45,46
1039,14,15,16,17,24,25,26,27,34,35,36,37,45,46
1040,14,15,16,17,24,25,26,27,34,35,36,37,45,46
1041,14,15,16,17,24,25,26,27,34,35,36,37,45,46
1042,14,15,16,17,24,25,26,27,34,35,36,37,45,46
1043,14,15,16,17,24,25,26,27,34,35,36,37,45,46
1044,14,15,16,17,24,25,26,27,34,35,36,37,45,46
1045,14,15,16,17,24,25,26,27,34,35,36,37,45,46
1046,14,15,16,17,24,25,26,27,34,35,36,37,45,46
1047,14,15,16,17,24,25,26,27,34,35,36,37,45,46
1048,14,15,16,17,24,25,26,27,34,35,36,37,45,46
1049,14,15,16,17,24,25,26,27,34,35,36,37,45,46
1050,14,15,16,17,24,25,26,27,34,35,36,37,45,46
1051,14,15,16,17,24,25,26,27,34,35,36,37,45,46
1052,14,15,16,17,24,25,26,27,34,35,36,37,45,46
1053,14,15,16,17,24,25,26,27,34,35,36,37,45,46
1054,14,15,16,17,24,25,26,27,34,35,36,37,45,46
1055,14,15,16,17,24,25,26,27,34,35,36,37,45,46
1056,14,15,16,17,24,25,26,27,34,35,36,37,45,46
1057,14,15,16,17,24,25,26,27,34,35,36,37,45,46
1058,14,15,16,17,24,25,26,27,34,35,36,37,45,46
1059,14,15,16,17,24,25,26,27,34,35,36,37,45,46
1060,14,15,16,17,24,25,26,27,34,35,36,37,45,46
1061,14,15,16,17,24,25,26,27,34,35,36,37,45,46
1062,14,15,16,17,24,25,26,27,34,35,36,37,45,46
1063,14,15,16,17,24,25,26,27,34,35,36,37,45,46
1064,14,15,16,17,24,25,26,27,34,35,36,37,45,46
1065,14,15,16,17,24,25,26,27,34,35,36,37,45,46
1066,14,15,16,17,24,25,26,27,34,35,36,37,45,46
1067,14,15,16,17,24,25,26,27,34,35,36,37,45,46
1068,14,15,16,17,24,25,26,27,34,35,36,37,45,46
1069,14,15,16,17,24,25,26,27,34,35,36,37,45,46
1070,14,15,16,17,24,25,26,27,34,35,36,37,45,46
1071,14,15,16,17,24,25,26,27,34,35,36,37,45,46
1072,14,15,16,17,24,25,26,27,34,35,36,37,45,46
1073,14,15,16,17,24,25,26,27,34,35,36,37,45,46
1074,14,15,16,17,24,25,26,27,34,35,36,37,45,46
1075,14,15,16,17,24,25,26,27,34,35,36,37,45,46
1076,14,15,16,17,24,25,26,27,34,35,36,37,45,46
1077,14,15,16,17,24,25,26,27,34,35,36,37,45,46
1078,14,15,16,17,24,25,26,27,34,35,36,37,45,46
1079,14,15,16,17,24,25,26,27,34,35,36,37,45,46
1080,14,15,16,17,24,25,26,27,34,35,36,37,45,46
1081,14,15,16,17,24,25,26,27,34,35,36,37,45,46
1082,14,15,16,17,24,25,26,27,34,35,36,37,45,46
1083,14,15,16,17,24,25,26,27,34,35,36,37,45,46
1084,14,15,16,17,24,25,26,27,34,35,36,37,45,46
1085,14,15,16,17,24,25,26,27,34,35,36,37,45,46
1086,14,15,16,17,24,25,26,27,34,35,36,37,45,46
1087,14,15,16,17,24,25,26,27,34,35,36,37,45,46
1088,14,15,16,17,24,25,26,27,34,35,36,37,45,46
1089,14,15,16,17,24,25,26,27,34,35,36,37,45,46
1090,14,15,16,17,24,25,26,27,34,35,36,37,45,46
1091,14,15,16,17,24,25,26,27,34,35,36,37,45,46
1092,14,15,16,17,24,25,26,27,34,35,36,37,45,46
1093,14,15,16,17,24,25,26,27,34,35,36,37,45,46
1094,14,15,16,17,24,25,26,27,34,35,36,37,45,46
1095,14,15,16,17,24,25,26,27,34,35,36,37,45,46
1096,14,15,16,17,24,25,26,27,34,35,36,37,45,46
1097,14,15,16,17,24,25,26,27,34,35,36,37,45,46
1098,14,15,16,17,24,25,26,27,34,35,36,37,45,46
1099,14,15,16,17,24,25,26,27,34,35,36,37,45,46
1100,14,15,16,17,24,25,26,27,34,35,36,37,45,46
1101,14,15,16,17,24,25,26,27,34,35,36,37,45,46
1102,14,15,16,17,24,25,26,27,34,35,36,37,45,46
1103,14,15,16,17,24,25,26,27,34,35,36,37,45,46
1104,14,15,16,17,24,25,26,27,34,35,36,37,45,46
1105,14,15,16,17,24,25,26,27,34,35,36,37,45,46
1106,14,15,16,17,24,25,26,27,34,35,36,37,45,46
1107,14,15,16,17,24,25,26,27,34,35,36,37,45,46
1108,14,15,16,17,24,25,26,27,34,35,36,37,45,46
1109,14,15,16,17,24,25,26,27,34,35,36,37,45,46
1110,14,15,16,17,24,25,26,27,34,35,36,37,45,46
1111,14,15,16,17,24,25,26,27,34,35,36,37,45,46
1112,14,15,16,17,24,25,26,27,34,35,36,37,45,46
1113,14,15,16,17,24,25,26,27,34,35,36,37,45,46
1114,14,15,16,17,24,25,26,27,34,35,36,37,45,46
1115,14,15,16,17,24,25,26,27,34,35,36,37,45,46
1116,14,15,16,17,24,25,26,27,34,35,36,37,45,46
1117,14,15,16,17,24,25,26,27,34,35,36,37,45,46
1118,14,15,16,17,24,25,26,27,34,35,36,37,45,46
1119,14,15,16,17,24,25,26,27,34,35,36,37,45,46
1120,14,15,16,17,24,25,26,27,34,35,36,37,45,46
1121,14,15,16,17,24,25,26,27,34,35,36,37,45,46
1122,14,15,16,17,24,25,26,27,34,35,36,37,45,46
1123,14,15,16,17,24,25,26,27,34,35,36,37,45,46
1124,14,15,16,17,24,25,26,27,34,35,36,37,45,46
1125,14,15,16,17,24,25,26,27,34,35,36,37,45,46
1126,14,15,16,17,24,25,26,27,34,35,36,37,45,46
1127,14,15,16,17,24,25,26,27,34,35,36,37,45,46
1128,14,15,16,17,24,25,26,27,34,35,36,37,45,46
1129,14,15,16,17,24,25,26,27,34,35,36,37,45,46
1130,14,15,16,17,24,25,26,27,34,35,36,37,45,46
1131,14,15,16,17,24,25,26,27,34,35,36,37,45,46
1132,14,15,16,17,24,25,26,27,34,35,36,37,45,46
1133,14,15,16,17,24,25,26,27,34,35,36,37,45,46
1134,14,15,16,17,24,25,26,27,34,35,36,37,45,46
1135,14,15,16,17,24,25,26,27,34,35,36,37,45,46
1136,14,15,16,17,24,25,26,27,34,35,36,37,45,46
1137,14,15,16,17,24,25,26,27,34,35,36,37,45,46
1138,14,15,16,17,24,25,26,27,34,35,36,37,45,46
1139,14,15,16,17,24,25,26,27,34,35,36,37,45,46
1140,14,15,16,17,24,25,26,27,34,35,36,37,45,46
1141,14,15,16,17,24,25,26,27,34,35,36,37,45,46
1142,14,15,16,17,24,25,26,27,34,35,36,37,45,46
1143,14,15,16,17,24,25,26,27,34,35,36,37,45,46
1144,14,15,16,17,24,25,26,27,34,35,36,37,45,46
1145,14,15,16,17,24,25,26,27,34,35,36,37,45,46
1146,14,15,16,17,24,25,26,27,34,35,36,37,45,46
1147,14,15,16,17,24,25,26,27,34,35,36,37,45,46
1148,14,15,16,17,24,25,26,27,34,35,36,37,45,46
1149,14,15,16,17,24,25,26,27,34,35,36,37,45,46
1150,14,15,16,17,24,25,26,27,34,35,36,37,45,46
1151,14,15,16,17,24,25,26,27,34,35,36,37,45,46
1152,14,15,16,17,24,25,26,27,34,35,36,37,45,46
1153,14,15,16,17,24,25,26,27,34,35,36,37,45,46
1154,14,15,16,17,24,25,26,27,34,35,36,37,45,46
1155,14,15,16,17,24,25,26,27,34,35,36,37,45
1156,14,15,16,17,24,25,26,27,34,35,36,37,45
1157,14,15,16,17,24,25,26,27,34,35,36,37,45
1158,14,15,16,17,24,25,26,27,34,35,36,37,45
1159,14,15,16,17,24,25,26,27,34,35,36,37,45
1160,14,15,16,17,24,25,26,27,34,35,36,37,45
1161,14,15,16,24,25,26,27,34,35,36,37,45
1162,14,15,16,24,25,26,27,34,35,36,37,45
1163,14,15,16,24,25,26,27,34,35,36,37,45
1164,14,15,16,24,25,26,27,34,35,36,37,45
1165,14,15,16,24,25,26,27,34,35,36,45
1166,14,15,16,24,25,26,27,34,35,36,45
1167,14,15,16,24,25,26,34,35,36
1168,14,15,16,24,25,26,34,35,36
1169,14,15,16,24,25,26,34,35,36
1170,14,15,16,24,25,26,34,35,36
1171,14,15,16,24,25,26,34,35,36
1172,14,15,16,24,25,26,34,35,36
1173,14,15,16,23,24,25,26,34,35,36
1174,14,15,16,23,24,25,26,34,35,36
1175,14,15,16,23,24,25,26,34,35,36
1176,14,15,16,23,24,25,26,34,35,36
1177,13,14,15,16,23,24,25,26,33,34,35,36
1178,13,14,15,16,23,24,25,26,33,34,35,36
1179,13,14,15,16,23,24,25,26,33,34,35,36
1180,13,14,15,16,23,24,25,26,33,34,35,36
1181,5,13,14,15,16,23,24,25,26,33,34,35,36
1182,5,13,14,15,16,23,24,25,26,33,34,35,36
1183,5,13,14,15,16,23,24,25,26,33,34,35,36
1184,5,13,14,15,16,23,24,25,26,33,34,35,36
1185,5,13,14,15,16,23,24,25,26,33,34,35,36
1186,5,13,14,15,16,23,24,25,26,33,34,35,36
1187,5,13,14,15,16,23,24,25,26,33,34,35,36
1188,5,13,14,15,16,23,24,25,26,33,34,35,36
1189,5,13,14,15,16,23,24,25,26,33,34,35,36
1190,5,13,14,15,16,23,24,25,26,33,34,35,36
1191,5,13,14,15,16,23,24,25,26,33,34,35,36
1192,5,13,14,15,16,23,24,25,26,33,34,35,36
1193,5,13,14,15,16,23,24,25,26,33,34,35,36
1194,5,13,14,15,16,23,24,25,26,33,34,35,36
1195,5,13,14,15,16,23,24,25,26,33,34,35,36
1196,5,13,14,15,16,23,24,25,26,33,34,35,36
1197,5,13,14,15,16,23,24,25,26,33,34,35,36
1198,5,13,14,15,16,23,24,25,26,33,34,35,36
1199,5,13,14,15,16,23,24,25,26,33,34,35,36
1200,5,13,14,15,16,23,24,25,26,33,34,35,36
1201,5,13,14,15,16,23,24,25,26,33,34,35,36
1202,5,13,14,15,16,23,24,25,26,33,34,35,36
1203,5,13,14,15,16,23,24,25,26,33,34,35,36
1204,5,13,14,15,16,23,24,25,26,33,34,35,36
1205,5,13,14,15,16,23,24,25,26,33,34,35,36
1206,5,13,14,15,16,23,24,25,26,33,34,35,36
1207,5,13,14,15,16,23,24,25,26,33,34,35,36
1208,5,13,14,15,16,23,24,25,26,33,34,35,36
1209,5,13,14,15,16,23,24,25,26,33,34,35,36
1210,5,13,14,15,16,23,24,25,26,33,34,35,36
1211,5,13,14,15,16,23,24,25,26,33,34,35,36
1212,5,13,14,15,16,23,24,25,26,33,34,35,36
1213,5,13,14,15,16,23,24,25,26,33,34,35,36
1214,5,13,14,15,16,23,24,25,26,33,34,35,36
1215,13,14,15,16,23,24,25,26,33,34,35,36
1216,13,14,15,16,23,24,25,26,33,34,35,36
1217,13,14,15,16,23,24,25,26,33,34,35,36
1218,13,14,15,16,23,24,25,26,33,34,35,36
1219,13,14,15,16,23,24,25,26,33,34,35,36
1220,13,14,15,16,23,24,25,26,33,34,35,36
1221,13,14,15,16,23,24,25,26,33,34,35,36
1222,13,14,15,16,23,24,25,26,33,34,35,36
1223,13,14,15,16,23,24,25,26,33,34,35,36
1224,13,14,15,16,23,24,25,26,33,34,35,36
1225,13,14,15,16,23,24,25,26,33,34,35,36
1226,13,14,15,16,23,24,25,26,33,34,35,36
1227,13,14,15,16,23,24,25,26,33,34,35,36
1228,13,14,15,16,23,24,25,26,33,34,35,36
1229,13,14,15,16,23,24,25,26,33,34,35,36
1230,13,14,15,16,23,24,25,26,33,34,35,36
1231,13,14,15,23,24,25,26,33,34,35
1232,13,14,15,23,24,25,26,33,34,35
1233,13,14,15,23,24,25,26,33,34,35
1234,13,14,15,23,24,25,26,33,34,35
1235,13,14,15,23,24,25,26,33,34,35
1236,13,14,15,23,24,25,26,33,34,35
1237,13,14,15,23,24,25,26,33,34,35
1238,13,14,15,23,24,25,26,33,34,35
1239,13,14,15,23,24,25,33,34,35
1240,13,14,15,23,24,25,33,34,35
1241,13,14,15,23,24,25,33,34,35
1242,13,14,15,23,24,25,33,34,35
1243,13,14,15,23,24,25,33,34,35
1244,13,14,15,23,24,25,33,34,35
1245,13,14,15,23,24,25,33,34,35
1246,13,14,15,23,24,25,33,34,35
1247,13,14,15,23,24,25,33,34,35
1248,13,14,15,23,24,25,33,34,35
1249,13,14,15,23,24,25,26,33,34,35
1250,13,14,15,23,24,25,26,33,34,35
1251,13,14,15,23,24,25,26,33,34,35
1252,13,14,15,23,24,25,26,33,34,35
1253,13,14,15,16,23,24,25,26,33,34,35,36
1254,13,14,15,16,23,24,25,26,33,34,35,36
1255,13,14,15,16,23,24,25,26,33,34,35,36
1256,13,14,15,16,23,24,25,26,33,34,35,36
1257,13,14,15,16,23,24,25,26,33,34,35,36
1258,13,14,15,16,23,24,25,26,33,34,35,36
1259,13,14,15,16,23,24,25,26,33,34,35,36
1260,13,14,15,16,23,24,25,26,33,34,35,36
1261,13,14,15,16,23,24,25,26,33,34,35,36
1262,13,14,15,16,23,24,25,26,33,34,35,36
1263,13,14,15,16,23,24,25,26,33,34,35,36
1264,13,14,15,16,23,24,25,26,33,34,35,36
1265,13,14,15,16,23,24,25,26,33,34,35,36
1266,13,14,15,16,23,24,25,26,33,34,35,36
1267,13,14,15,16,23,24,25,26,33,34,35,36
1268,13,14,15,16,23,24,25,26,33,34,35,36
1269,13,14,15,16,23,24,25,26,33,34,35,36
1270,13,14,15,16,23,24,25,26,33,34,35,36
1271,13,14,15,16,23,24,25,26,33,34,35,36
1272,13,14,15,16,23,24,25,26,33,34,35,36
1273,13,14,15,16,23,24,25,26,33,34,35,36
1274,13,14,15,16,23,24,25,26,33,34,35,36
1275,13,14,15,16,23,24,25,26,33,34,35,36
1276,13,14,15,16,23,24,25,26,33,34,35,36
1277,13,14,15,16,23,24,25,26,33,34,35,36
1278,13,14,15,16,23,24,25,26,33,34,35,36
1279,13,14,15,16,23,24,25,26,33,34,35,36
1280,13,14,15,16,23,24,25,26,33,34,35,36
1281,13,14,15,16,23,24,25,26,33,34,35,36
1282,13,14,15,16,23,24,25,26,33,34,35,36
1283,13,14,15,16,23,24,25,26,33,34,35,36
1284,13,14,15,16,23,24,25,26,33,34,35,36
1285,13,14,15,16,23,24,25,26,33,34,35,36
1286,13,14,15,16,23,24,25,26,33,34,35,36
1287,13,14,15,16,23,24,25,26,34,35,36
1288,13,14,15,16,23,24,25,26,34,35,36
1289,14,15,16,23,24,25,26,34,35,36
1290,14,15,16,23,24,25,26,34,35,36
1291,14,15,16,23,24,25,26,34,35,36
1292,14,15,16,23,24,25,26,34,35,36
1293,14,15,16,24,25,26,34,35,36
1294,14,15,16,24,25,26,34,35,36
1295,14,15,16,24,25,26,34,35,36
1296,14,15,16,24,25,26,34,35,36
1297,14,15,16,24,25,26,34,35,36
1298,14,15,16,24,25,26,34,35,36
1299,14,15,16,24,25,26,34,35,36
1300,14,15,16,24,25,26,34,35,36
1301,14,15,16,24,25,26,34,35,36
1302,14,15,16,24,25,26,34,35,36
1303,14,15,16,24,25,26,34,35,36
1304,14,15,16,24,25,26,34,35,36
1305,14,15,16,24,25,26,34,35,36
1306,14,15,16,24,25,26,34,35,36
1307,14,15,16,24,25,26,34,35,36
1308,14,15,16,24,25,26,34,35,36
1309,14,15,16,24,25,26,27,34,35,36
1310,14,15,16,24,25,26,27,34,35,36
1311,14,15,16,24,25,26,27,34,35,36
1312,14,15,16,24,25,26,27,34,35,36
1313,5,14,15,16,24,25,26,27,34,35,36
1314,5,14,15,16,24,25,26,27,34,35,36
1315,5,14,15,16,24,25,26,27,34,35,36
1316,5,14,15,16,24,25,26,27,34,35,36
1317,5,14,15,16,17,24,25,26,27,34,35,36
1318,5,14,15,16,17,24,25,26,27,34,35,36
1319,5,6,14,15,16,17,24,25,26,27,34,35,36
1320,5,6,14,15,16,17,24,25,26,27,34,35,36
1321,5,6,14,15,16,17,24,25,26,27,34,35,36
1322,5,6,14,15,16,17,24,25,26,27,34,35,36
1323,5,6,14,15,16,17,24,25,26,27,34,35,36
1324,5,6,14,15,16,17,24,25,26,27,34,35,36
1325,5,6,14,15,16,17,24,25,26,27,34,35,36
1326,5,6,14,15,16,17,24,25,26,27,34,35,36
1327,5,6,14,15,16,17,24,25,26,27,34,35,36,37
1328,5,6,14,15,16,17,24,25,26,27,34,35,36,37
1329,5,6,14,15,16,17,24,25,26,27,34,35,36,37
1330,5,6,14,15,16,17,24,25,26,27,34,35,36,37
1331,5,6,14,15,16,17,24,25,26,27,34,35,36,37
1332,5,6,14,15,16,17,24,25,26,27,34,35,36,37
1333,5,6,14,15,16,17,24,25,26,27,34,35,36,37
1334,5,6,14,15,16,17,24,25,26,27,34,35,36,37
1335,5,6,14,15,16,17,24,25,26,27,34,35,36,37
1336,5,6,14,15,16,17,24,25,26,27,34,35,36,37
1337,6,14,15,16,17,24,25,26,27,34,35,36,37
1338,6,14,15,16,17,24,25,26,27,34,35,36,37
1339,5,6,14,15,16,17,24,25,26,27,34,35,36,37
1340,5,6,14,15,16,17,24,25,26,27,34,35,36,37
1341,5,6,14,15,16,17,24,25,26,27,34,35,36,37
1342,5,6,14,15,16,17,24,25,26,27,34,35,36,37
1343,5,6,14,15,16,17,24,25,26,27,34,35,36,37
1344,5,6,14,15,16,17,24,25,26,27,34,35,36,37
1345,5,6,14,15,16,17,24,25,26,27,34,35,36
1346,5,6,14,15,16,17,24,25,26,27,34,35,36
1347,5,6,14,15,16,17,24,25,26,27,34,35,36
1348,5,6,14,15,16,17,24,25,26,27,34,35,36
1349,5,6,14,15,16,17,24,25,26,27,34,35,36
1350,5,6,14,15,16,17,24,25,26,27,34,35,36
1351,5,6,14,15,16,17,24,25,26,27,34,35,36
1352,5,6,14,15,16,17,24,25,26,27,34,35,36
1353,5,6,14,15,16,24,25,26,27,34,35,36
1354,5,6,14,15,16,24,25,26,27,34,35,36
1355,5,6,14,15,16,24,25,26,27,34,35,36
1356,5,6,14,15,16,24,25,26,27,34,35,36
1357,5,6,14,15,16,24,25,26,27,34,35,36
1358,5,6,14,15,16,24,25,26,27,34,35,36
1359,5,6,14,15,16,24,25,26,27,34,35,36
1360,5,6,14,15,16,24,25,26,27,34,35,36
1361,5,6,14,15,16,24,25,26,27,34,35,36
1362,5,6,14,15,16,24,25,26,27,34,35,36
1363,5,6,14,15,16,24,25,26,34,35,36
1364,5,6,14,15,16,24,25,26,34,35,36
1365,5,6,14,15,16,24,25,26,34,35,36
1366,5,6,14,15,16,24,25,26,34,35,36
1367,5,6,14,15,16,24,25,26,34,35,36
1368,5,6,14,15,16,24,25,26,34,35,36
1369,5,6,14,15,16,24,25,26,34,35,36
1370,5,6,14,15,16,24,25,26,34,35,36
1371,5,6,14,15,16,24,25,26,34,35,36
1372,5,6,14,15,16,24,25,26,34,35,36
1373,5,6,14,15,16,24,25,26,34,35,36
1374,5,6,14,15,16,24,25,26,34,35,36
1375,5,6,14,15,16,24,25,26,34,35,36
1376,5,6,14,15,16,24,25,26,34,35,36
1377,5,6,14,15,16,24,25,26,34,35,36
1378,5,6,14,15,16,24,25,26,34,35,36
1379,5,6,14,15,16,24,25,26,34,35,36
1380,5,6,14,15,16,24,25,26,34,35,36
1381,5,6,14,15,16,24,25,26,34,35,36
1382,5,6,14,15,16,24,25,26,34,35,36
1383,5,6,14,15,16,24,25,26,34,35,36
1384,5,6,14,15,16,24,25,26,34,35,36
1385,5,6,14,15,16,24,25,26,34,35,36
1386,5,6,14,15,16,24,25,26,34,35,36
1387,5,6,14,15,16,24,25,26,34,35,36
1388,5,6,14,15,16,24,25,26,34,35,36
1389,5,6,14,15,16,24,25,26,34,35,36
1390,5,6,14,15,16,24,25,26,34,35,36
1391,5,6,14,15,16,24,25,26,34,35,36
1392,5,6,14,15,16,24,25,26,34,35,36
1393,5,6,14,15,16,24,25,26,34,35,36
1394,5,6,14,15,16,24,25,26,34,35,36
1395,5,6,14,15,16,24,25,26,34,35,36
1396,5,6,14,15,16,24,25,26,34,35,36
1397,5,6,14,15,16,24,25,26,34,35,36
1398,5,6,14,15,16,24,25,26,34,35,36
1399,5,6,14,15,16,24,25,26,27,34,35,36
1400,5,6,14,15,16,24,25,26,27,34,35,36
1401,5,6,14,15,16,17,24,25,26,27,34,35,36
1402,5,6,14,15,16,17,24,25,26,27,34,35,36
1403,5,6,14,15,16,17,24,25,26,27,34,35,36
1404,5,6,14,15,16,17,24,25,26,27,34,35,36
1405,5,6,14,15,16,17,24,25,26,27,34,35,36
1406,5,6,14,15,16,17,24,25,26,27,34,35,36
1407,5,6,14,15,16,17,24,25,26,27,34,35,36
1408,5,6,14,15,16,17,24,25,26,27,34,35,36
1409,5,6,14,15,16,17,24,25,26,27,34,35,36
1410,5,6,14,15,16,17,24,25,26,27,34,35,36
1411,5,6,14,15,16,17,24,25,26,27,34,35,36
1412,5,6,14,15,16,17,24,25,26,27,34,35,36
1413,5,6,14,15,16,17,24,25,26,27,34,35,36
1414,5,6,14,15,16,17,24,25,26,27,34,35,36
1415,5,6,14,15,16,17,24,25,26,27,34,35,36
1416,5,6,14,15,16,17,24,25,26,27,34,35,36
1417,5,6,14,15,16,17,24,25,26,27,34,35,36
1418,5,6,14,15,16,17,24,25,26,27,34,35,36
1419,5,6,14,15,16,17,24,25,26,27,34,35,36
1420,5,6,14,15,16,17,24,25,26,27,34,35,36
1421,5,6,14,15,16,17,24,25,26,27,34,35,36
1422,5,6,14,15,16,17,24,25,26,27,34,35,36
1423,5,6,14,15,16,17,24,25,26,27,34,35,36
1424,5,6,14,15,16,17,24,25,26,27,34,35,36
1425,5,6,14,15,16,17,24,25,26,27,34,35,36
1426,5,6,14,15,16,17,24,25,26,27,34,35,36
1427,5,6,14,15,16,17,24,25,26,27,34,35,36
1428,5,6,14,15,16,17,24,25,26,27,34,35,36
1429,5,6,14,15,16,17,24,25,26,27,34,35,36
1430,5,6,14,15,16,17,24,25,26,27,34,35,36
1431,5,6,14,15,16,17,24,25,26,27,34,35,36
1432,5,6,14,15,16,17,24,25,26,27,34,35,36
1433,5,6,14,15,16,17,24,25,26,27,34,35,36
1434,5,6,14,15,16,17,24,25,26,27,34,35,36
1435,5,6,14,15,16,17,24,25,26,27,34,35,36
1436,5,6,14,15,16,17,24,25,26,27,34,35,36
1437,5,6,14,15,16,17,24,25,26,27,34,35,36
1438,5,6,14,15,16,17,24,25,26,27,34,35,36
1439,5,6,14,15,16,17,24,25,26,27,34,35,36
1440,5,6,14,15,16,17,24,25,26,27,34,35,36
1441,5,6,14,15,16,17,24,25,26,27,34,35,36
1442,5,6,14,15,16,17,24,25,26,27,34,35,36
1443,5,6,14,15,16,17,24,25,26,27,34,35,36
1444,5,6,14,15,16,17,24,25,26,27,34,35,36
1445,5,6,14,15,16,17,24,25,26,27,34,35,36
1446,5,6,14,15,16,17,24,25,26,27,34,35,36
1447,5,6,14,15,16,24,25,26,27,34,35,36
1448,5,6,14,15,16,24,25,26,27,34,35,36
1449,5,6,14,15,16,24,25,26,27,34,35,36
1450,5,6,14,15,16,24,25,26,27,34,35,36
1451,5,6,14,15,16,24,25,26,34,35,36
1452,5,6,14,15,16,24,25,26,34,35,36
1453,5,6,14,15,16,24,25,26,34,35,36
1454,5,6,14,15,16,24,25,26,34,35,36
1455,5,6,14,15,16,24,25,26,34,35,36
1456,5,6,14,15,16,24,25,26,34,35,36
1457,5,6,14,15,16,24,25,26,34,35,36
1458,5,6,14,15,16,24,25,26,34,35,36
1459,5,6,14,15,16,24,25,26,34,35,36
1460,5,6,14,15,16,24,25,26,34,35,36
1461,5,14,15,16,24,25,26,34,35,36
1462,5,14,15,16,24,25,26,34,35,36
1463,5,14,15,16,24,25,26,34,35,36
1464,5,14,15,16,24,25,26,34,35,36
1465,5,14,15,16,24,25,26,34,35,36
1466,5,14,15,16,24,25,26,34,35,36
1467,5,14,15,16,24,25,26,34,35,36
1468,5,14,15,16,24,25,26,34,35,36
1469,5,14,15,16,24,25,26,27,34,35,36
1470,5,14,15,16,24,25,26,27,34,35,36
1471,5,14,15,16,24,25,26,27,34,35,36
1472,5,14,15,16,24,25,26,27,34,35,36
1473,5,6,14,15,16,17,24,25,26,27,34,35,36
1474,5,6,14,15,16,17,24,25,26,27,34,35,36
1475,5,6,14,15,16,17,24,25,26,27,34,35,36
1476,5,6,14,15,16,17,24,25,26,27,34,35,36
1477,5,6,14,15,16,17,24,25,26,27,34,35,36
1478,5,6,14,15,16,17,24,25,26,27,34,35,36
1479,5,6,14,15,16,17,24,25,26,27,34,35,36,37
1480,5,6,14,15,16,17,24,25,26,27,34,35,36,37
1481,5,6,14,15,16,17,24,25,26,27,34,35,36,37
1482,5,6,14,15,16,17,24,25,26,27,34,35,36,37
1483,5,6,14,15,16,17,24,25,26,27,34,35,36,37
1484,5,6,14,15,16,17,24,25,26,27,34,35,36,37
1485,5,6,14,15,16,17,24,25,26,27,34,35,36,37
1486,5,6,14,15,16,17,24,25,26,27,34,35,36,37
1487,5,6,14,15,16,17,24,25,26,27,34,35,36,37
1488,5,6,14,15,16,17,24,25,26,27,34,35,36,37
1489,5,6,14,15,16,17,24,25,26,27,34,35,36,37
1490,5,6,14,15,16,17,24,25,26,27,34,35,36,37
1491,5,6,14,15,16,17,24,25,26,27,34,35,36,37
1492,5,6,14,15,16,17,24,25,26,27,34,35,36,37
1493,5,6,14,15,16,17,24,25,26,27,34,35,36,37
1494,5,6,14,15,16,17,24,25,26,27,34,35,36,37
1495,5,6,14,15,16,17,24,25,26,27,34,35,36,37
1496,5,6,14,15,16,17,24,25,26,27,34,35,36,37
1497,5,6,14,15,16,17,24,25,26,27,34,35,36,37
1498,5,6,14,15,16,17,24,25,26,27,34,35,36,37
1499,5,6,14,15,16,17,24,25,26,27,34,35,36,37
1500,5,6,14,15,16,17,24,25,26,27,34,35,36,37
1501,5,6,14,15,16,17,24,25,26,27,34,35,36
1502,5,6,14,15,16,17,24,25,26,27,34,35,36
1503,5,6,14,15,16,17,24,25,26,27,34,35,36
1504,5,6,14,15,16,17,24,25,26,27,34,35,36
1505,5,6,14,15,16,17,24,25,26,27,34,35,36
1506,5,6,14,15,16,17,24,25,26,27,34,35,36
1507,5,6,14,15,16,24,25,26,27,34,35,36
1508,5,6,14,15,16,24,25,26,27,34,35,36
1509,5,6,14,15,16,24,25,26,27,34,35,36
1510,5,6,14,15,16,24,25,26,27,34,35,36
1511,5,6,14,15,16,24,25,26,27,34,35,36
1512,5,6,14,15,16,24,25,26,27,34,35,36
1513,5,6,14,15,16,24,25,26,27,34,35,36
1514,5,6,14,15,16,24,25,26,27,34,35,36
1515,5,6,14,15,16,24,25,26,34,35,36
1516,5,6,14,15,16,24,25,26,34,35,36
1517,5,6,14,15,16,24,25,26,34,35,36
1518,5,6,14,15,16,24,25,26,34,35,36
1519,5,6,14,15,16,24,25,26,34,35,36
1520,5,6,14,15,16,24,25,26,34,35,36
1521,5,6,14,15,16,24,25,26,34,35,36
1522,5,6,14,15,16,24,25,26,34,35,36
1523,5,6,14,15,16,24,25,26,34,35,36
1524,5,6,14,15,16,24,25,26,34,35,36
1525,5,6,14,15,16,24,25,26,27,34,35,36
1526,5,6,14,15,16,24,25,26,27,34,35,36
1527,5,6,14,15,16,24,25,26,27,34,35,36
1528,5,6,14,15,16,24,25,26,27,34,35,36
1529,5,6,14,15,16,24,25,26,27,34,35,36
1530,5,6,14,15,16,24,25,26,27,34,35,36
1531,5,6,14,15,16,24,25,26,27,34,35,36
1532,5,6,14,15,16,24,25,26,27,34,35,36
1533,5,6,14,15,16,17,24,25,26,27,34,35,36
1534,5,6,14,15,16,17,24,25,26,27,34,35,36
1535,5,6,14,15,16,17,24,25,26,27,34,35,36
1536,5,6,14,15,16,17,24,25,26,27,34,35,36
1537,5,6,14,15,16,17,24,25,26,27,34,35,36
1538,5,6,14,15,16,17,24,25,26,27,34,35,36
1539,5,6,14,15,16,17,24,25,26,27,34,35,36
1540,5,6,14,15,16,17,24,25,26,27,34,35,36
1541,5,6,14,15,16,17,24,25,26,27,34,35,36,37
1542,5,6,14,15,16,17,24,25,26,27,34,35,36,37
1543,5,6,14,15,16,17,24,25,26,27,34,35,36,37
1544,5,6,14,15,16,17,24,25,26,27,34,35,36,37
1545,6,14,15,16,17,24,25,26,27,34,35,36,37
1546,6,14,15,16,17,24,25,26,27,34,35,36,37
1547,6,14,15,16,17,24,25,26,27,34,35,36,37
1548,6,14,15,16,17,24,25,26,27,34,35,36,37
1549,14,15,16,17,24,25,26,27,34,35,36,37
1550,14,15,16,17,24,25,26,27,34,35,36,37
1551,14,15,16,17,24,25,26,27,34,35,36,37
1552,14,15,16,17,24,25,26,27,34,35,36,37
1553,14,15,16,17,24,25,26,27,34,35,36,37
1554,14,15,16,17,24,25,26,27,34,35,36,37
1555,14,15,16,17,24,25,26,27,34,35,36,37,45,46
1556,14,15,16,17,24,25,26,27,34,35,36,37,45,46
1557,14,15,16,17,24,25,26,27,34,35,36,37,45,46
1558,14,15,16,17,24,25,26,27,34,35,36,37,45,46
1559,14,15,16,17,24,25,26,27,34,35,36,37,45,46
1560,14,15,16,17,24,25,26,27,34,35,36,37,45,46
1561,14,15,16,17,24,25,26,27,34,35,36,37,45,46
1562,14,15,16,17,24,25,26,27,34,35,36,37,45,46
1563,14,15,16,17,24,25,26,27,34,35,36,37,45,46
1564,14,15,16,17,24,25,26,27,34,35,36,37,45,46
1565,14,15,16,17,24,25,26,27,34,35,36,37,45,46
1566,14,15,16,17,24,25,26,27,34,35,36,37,45,46
1567,14,15,16,17,24,25,26,27,34,35,36,37,45,46
1568,14,15,16,17,24,25,26,27,34,35,36,37,45,46
1569,14,15,16,17,24,25,26,27,34,35,36,37,45,46
1570,14,15,16,17,24,25,26,27,34,35,36,37,45,46
1571,14,15,16,24,25,26,27,34,35,36,37,44,45,46
1572,14,15,16,24,25,26,27,34,35,36,37,44,45,46
1573,14,15,16,24,25,26,27,34,35,36,37,44,45,46,47
1574,14,15,16,24,25,26,27,34,35,36,37,44,45,46,47
1575,14,15,16,24,25,26,27,34,35,36,37,44,45,46,47
1576,14,15,16,24,25,26,27,34,35,36,37,44,45,46,47
1577,15,16,24,25,26,27,34,35,36,37,44,45,46,47
1578,15,16,24,25,26,27,34,35,36,37,44,45,46,47
1579,15,16,24,25,26,27,34,35,36,37,44,45,46,47
1580,15,16,24,25,26,27,34,35,36,37,44,45,46,47
1581,15,16,24,25,26,27,34,35,36,37,44,45,46,47
1582,15,16,24,25,26,27,34,35,36,37,44,45,46,47
1583,15,16,24,25,26,27,34,35,36,37,44,45,46,47
1584,15,16,24,25,26,27,34,35,36,37,44,45,46,47
1585,15,16,24,25,26,27,34,35,36,37,44,45,46,47
1586,15,16,24,25,26,27,34,35,36,37,44,45,46,47
1587,15,16,24,25,26,27,34,35,36,37,44,45,46,47
1588,15,16,24,25,26,27,34,35,36,37,44,45,46,47
1589,15,16,24,25,26,27,34,35,36,37,44,45,46,47
1590,15,16,24,25,26,27,34,35,36,37,44,45,46,47
1591,15,16,24,25,26,27,34,35,36,37,44,45,46,47
1592,15,16,24,25,26,27,34,35,36,37,44,45,46,47
1593,15,16,24,25,26,27,34,35,36,37,44,45,46,47
1594,15,16,24,25,26,27,34,35,36,37,44,45,46,47
1595,15,16,24,25,26,27,34,35,36,37,44,45,46,47
1596,15,16,24,25,26,27,34,35,36,37,44,45,46,47
1597,15,16,24,25,26,27,34,35,36,37,44,45,46,47
1598,15,16,24,25,26,27,34,35,36,37,44,45,46,47
1599,15,16,24,25,26,27,34,35,36,37,44,45,46,47
1600,15,16,24,25,26,27,34,35,36,37,44,45,46,47
1601,15,16,24,25,26,27,34,35,36,37,44,45,46,47
1602,15,16,24,25,26,27,34,35,36,37,44,45,46,47
1603,15,16,24,25,26,27,34,35,36,37,44,45,46,47
1604,15,16,24,25,26,27,34,35,36,37,44,45,46,47
1605,16,24,25,26,27,34,35,36,37,44,45,46,47
1606,16,24,25,26,27,34,35,36,37,44,45,46,47
1607,16,24,25,26,27,34,35,36,37,44,45,46,47
1608,16,24,25,26,27,34,35,36,37,44,45,46,47
1609,16,24,25,26,27,34,35,36,37,44,45,46,47
1610,16,24,25,26,27,34,35,36,37,44,45,46,47
1611,16,24,25,26,27,34,35,36,37,44,45,46,47
1612,16,24,25,26,27,34,35,36,37,44,45,46,47
1613,16,24,25,26,27,34,35,36,37,44,45,46,47
1614,16,24,25,26,27,34,35,36,37,44,45,46,47
1615,16,24,25,26,27,34,35,36,37,44,45,46,47
1616,16,24,25,26,27,34,35,36,37,44,45,46,47
1617,24,25,26,27,34,35,36,37,44,45,46,47
1618,24,25,26,27,34,35,36,37,44,45,46,47
1619,24,25,26,27,34,35,36,37,44,45,46,47
1620,24,25,26,27,34,35,36,37,44,45,46,47
1621,24,25,26,27,34,35,36,37,44,45,46,47
1622,24,25,26,27,34,35,36,37,44,45,46,47
1623,24,25,26,27,34,35,36,37,44,45,46,47
1624,24,25,26,27,34,35,36,37,44,45,46,47
1625,24,25,26,27,34,35,36,37,43,44,45,46,47
1626,24,25,26,27,34,35,36,37,43,44,45,46,47
1627,24,25,26,27,34,35,36,37,43,44,45,46,47
1628,24,25,26,27,34,35,36,37,43,44,45,46,47
1629,24,25,26,27,34,35,36,37,44,45,46,47
1630,24,25,26,27,34,35,36,37,44,45,46,47
1631,24,25,26,27,34,35,36,37,44,45,46,47
1632,24,25,26,27,34,35,36,37,44,45,46,47
1633,16,24,25,26,27,34,35,36,37,44,45,46,47
1634,16,24,25,26,27,34,35,36,37,44,45,46,47
1635,16,24,25,26,27,34,35,36,37,44,45,46,47
1636,16,24,25,26,27,34,35,36,37,44,45,46,47
1637,16,24,25,26,27,34,35,36,37,44,45,46,47
1638,16,24,25,26,27,34,35,36,37,44,45,46,47
1639,15,16,24,25,26,27,34,35,36,37,44,45,46,47
1640,15,16,24,25,26,27,34,35,36,37,44,45,46,47
1641,15,16,24,25,26,27,34,35,36,37,44,45,46,47
1642,15,16,24,25,26,27,34,35,36,37,44,45,46,47
1643,15,16,24,25,26,27,34,35,36,37,44,45,46,47
1644,15,16,24,25,26,27,34,35,36,37,44,45,46,47
1645,15,16,24,25,26,27,34,35,36,37,44,45,46,47
1646,15,16,24,25,26,27,34,35,36,37,44,45,46,47
1647,15,16,24,25,26,27,34,35,36,37,44,45,46,47
1648,15,16,24,25,26,27,34,35,36,37,44,45,46,47
1649,15,16,24,25,26,27,34,35,36,37,44,45,46,47
1650,15,16,24,25,26,27,34,35,36,37,44,45,46,47
1651,15,16,24,25,26,27,34,35,36,37,44,45,46,47
1652,15,16,24,25,26,27,34,35,36,37,44,45,46,47
1653,14,15,16,24,25,26,27,34,35,36,37,44,45,46,47
1654,14,15,16,24,25,26,27,34,35,36,37,44,45,46,47
1655,14,15,16,24,25,26,27,34,35,36,37,44,45,46,47
1656,14,15,16,24,25,26,27,34,35,36,37,44,45,46,47
1657,14,15,16,24,25,26,27,34,35,36,37,44,45,46
1658,14,15,16,24,25,26,27,34,35,36,37,44,45,46
1659,14,15,16,24,25,26,27,34,35,36,37,44,45,46
1660,14,15,16,24,25,26,27,34,35,36,37,44,45,46
1661,14,15,16,24,25,26,27,34,35,36,37,44,45,46
1662,14,15,16,24,25,26,27,34,35,36,37,44,45,46
1663,14,15,16,17,24,25,26,27,34,35,36,37,45,46
1664,14,15,16,17,24,25,26,27,34,35,36,37,45,46
1665,14,15,16,17,24,25,26,27,34,35,36,37,45,46
1666,14,15,16,17,24,25,26,27,34,35,36,37,45,46
1667,14,15,16,17,24,25,26,27,34,35,36,37,45,46
1668,14,15,16,17,24,25,26,27,34,35,36,37,45,46
1669,14,15,16,17,24,25,26,27,34,35,36,37,45,46
1670,14,15,16,17,24,25,26,27,34,35,36,37,45,46
1671,14,15,16,17,24,25,26,27,34,35,36,37,45,46
1672,14,15,16,17,24,25,26,27,34,35,36,37,45,46
1673,14,15,16,17,24,25,26,27,34,35,36,37,45,46
1674,14,15,16,17,24,25,26,27,34,35,36,37,45,46
1675,14,15,16,17,24,25,26,27,34,35,36,37,45,46
1676,14,15,16,17,24,25,26,27,34,35,36,37,45,46
1677,14,15,16,17,24,25,26,27,34,35,36,37,45,46
1678,14,15,16,17,24,25,26,27,34,35,36,37,45,46
1679,14,15,16,17,24,25,26,27,34,35,36,37,45,46
1680,14,15,16,17,24,25,26,27,34,35,36,37,45,46
1681,14,15,16,17,24,25,26,27,34,35,36,37,45,46
1682,14,15,16,17,24,25,26,27,34,35,36,37,45,46
1683,14,15,16,17,24,25,26,27,34,35,36,37,45,46
1684,14,15,16,17,24,25,26,27,34,35,36,37,45,46
1685,14,15,16,17,24,25,26,27,34,35,36,37,45,46
1686,14,15,16,17,24,25,26,27,34,35,36,37,45,46
1687,14,15,16,24,25,26,27,34,35,36,37,45,46
1688,14,15,16,24,25,26,27,34,35,36,37,45,46
1689,14,15,16,24,25,26,27,34,35,36,37,45,46
1690,14,15,16,24,25,26,27,34,35,36,37,45,46
1691,14,15,16,24,25,26,27,34,35,36,37,45,46
1692,14,15,16,24,25,26,27,34,35,36,37,45,46
1693,14,15,16,24,25,26,27,34,35,36,37,45,46
1694,14,15,16,24,25,26,27,34,35,36,37,45,46
1695,14,15,16,24,25,26,27,34,35,36,37,45,46
1696,14,15,16,24,25,26,27,34,35,36,37,45,46
1697,14,15,16,24,25,26,27,34,35,36,45,46
1698,14,15,16,24,25,26,27,34,35,36,45,46
1699,14,15,16,24,25,26,34,35,36,45,46
1700,14,15,16,24,25,26,34,35,36,45,46
1701,14,15,16,24,25,26,34,35,36,44,45,46
1702,14,15,16,24,25,26,34,35,36,44,45,46
1703,14,15,16,24,25,26,34,35,36,44,45
1704,14,15,16,24,25,26,34,35,36,44,45
1705,14,15,16,24,25,26,34,35,36,44,45
1706,14,15,16,24,25,26,34,35,36,44,45
1707,14,15,16,24,25,26,34,35,36,44,45
1708,14,15,16,24,25,26,34,35,36,44,45
1709,14,15,16,24,25,26,34,35,36,44,45
1710,14,15,16,24,25,26,34,35,36,44,45
1711,14,15,16,24,25,26,34,35,36,44,45
1712,14,15,16,24,25,26,34,35,36,44,45
1713,14,15,16,24,25,26,34,35,36,44,45
1714,14,15,16,24,25,26,34,35,36,44,45
1715,14,15,16,24,25,26,34,35,36,44,45
1716,14,15,16,24,25,26,34,35,36,44,45
1717,14,15,16,24,25,26,34,35,36,45
1718,14,15,16,24,25,26,34,35,36,45
1719,14,15,16,24,25,26,34,35,36,45
1720,14,15,16,24,25,26,34,35,36,45
1721,14,15,16,24,25,26,34,35,36,45
1722,14,15,16,24,25,26,34,35,36,45
1723,14,15,16,24,25,26,34,35,36,45
1724,14,15,16,24,25,26,34,35,36,45
1725,14,15,16,24,25,26,34,35,36,45
1726,14,15,16,24,25,26,34,35,36,45
1727,14,15,16,24,25,26,34,35,36,45
1728,14,15,16,24,25,26,34,35,36,45
1729,14,15,16,24,25,26,27,34,35,36,45
1730,14,15,16,24,25,26,27,34,35,36,45
1731,14,15,16,24,25,26,27,34,35,36,45
1732,14,15,16,24,25,26,27,34,35,36,45
1733,14,15,16,24,25,26,27,34,35,36,37,45,46
1734,14,15,16,24,25,26,27,34,35,36,37,45,46
1735,14,15,16,24,25,26,27,34,35,36,37,45,46
1736,14,15,16,24,25,26,27,34,35,36,37,45,46
1737,14,15,16,24,25,26,27,34,35,36,37,45,46
1738,14,15,16,24,25,26,27,34,35,36,37,45,46
1739,14,15,16,24,25,26,27,34,35,36,37,45,46
1740,14,15,16,24,25,26,27,34,35,36,37,45,46
1741,14,15,16,24,25,26,27,34,35,36,37,45,46
1742,14,15,16,24,25,26,27,34,35,36,37,45,46
1743,14,15,16,24,25,26,27,34,35,36,37,45,46
1744,14,15,16,24,25,26,27,34,35,36,37,45,46
1745,14,15,16,24,25,26,27,34,35,36,37,45,46
1746,14,15,16,24,25,26,27,34,35,36,37,45,46
1747,14,15,16,24,25,26,27,34,35,36,37,45
1748,14,15,16,24,25,26,27,34,35,36,37,45
1749,14,15,16,24,25,26,27,34,35,36,37,45
1750,14,15,16,24,25,26,27,34,35,36,37,45
1751,14,15,16,24,25,26,27,34,35,36,45
1752,14,15,16,24,25,26,27,34,35,36,45
1753,14,15,16,24,25,26,27,34,35,36
1754,14,15,16,24,25,26,27,34,35,36
1755,14,15,16,24,25,26,27,34,35,36
1756,14,15,16,24,25,26,27,34,35,36
1757,14,15,16,24,25,26,27,34,35,36
1758,14,15,16,24,25,26,27,34,35,36
1759,14,15,16,24,25,26,27,34,35,36
1760,14,15,16,24,25,26,27,34,35,36
1761,14,15,16,24,25,26,27,34,35,36
1762,14,15,16,24,25,26,27,34,35,36
1763,14,15,16,24,25,26,27,34,35,36
1764,14,15,16,24,25,26,27,34,35,36
1765,14,15,16,17,24,25,26,27,34,35,36
1766,14,15,16,17,24,25,26,27,34,35,36
1767,14,15,16,17,24,25,26,27,34,35,36,37
1768,14,15,16,17,24,25,26,27,34,35,36,37
1769,14,15,16,17,24,25,26,27,34,35,36,37
1770,14,15,16,17,24,25,26,27,34,35,36,37
1771,14,15,16,17,24,25,26,27,34,35,36,37
1772,14,15,16,17,24,25,26,27,34,35,36,37
1773,14,15,16,17,24,25,26,27,34,35,36,37
1774,14,15,16,17,24,25,26,27,34,35,36,37
1775,14,15,16,17,24,25,26,27,34,35,36,37
1776,14,15,16,17,24,25,26,27,34,35,36,37
1777,14,15,16,17,24,25,26,27,34,35,36,37
1778,14,15,16,17,24,25,26,27,34,35,36,37
1779,14,15,16,17,24,25,26,27,34,35,36,37
1780,14,15,16,17,24,25,26,27,34,35,36,37
1781,14,15,16,17,24,25,26,27,34,35,36,37
1782,14,15,16,17,24,25,26,27,34,35,36,37
1783,14,15,16,17,24,25,26,27,34,35,36,37
1784,14,15,16,17,24,25,26,27,34,35,36,37
1785,14,15,16,17,24,25,26,27,34,35,36,37
1786,14,15,16,17,24,25,26,27,34,35,36,37
1787,14,15,16,17,24,25,26,27,34,35,36,37
1788,14,15,16,17,24,25,26,27,34,35,36,37
1789,14,15,16,17,24,25,26,27,34,35,36,37
1790,14,15,16,17,24,25,26,27,34,35,36,37
1791,14,15,16,17,24,25,26,27,34,35,36,37
1792,14,15,16,17,24,25,26,27,34,35,36,37
1793,14,15,16,17,24,25,26,27,34,35,36,37
1794,14,15,16,17,24,25,26,27,34,35,36,37
1795,14,15,16,17,24,25,26,27,34,35,36,37
1796,14,15,16,17,24,25,26,27,34,35,36,37
1797,14,15,16,17,24,25,26,27,34,35,36,37
1798,14,15,16,17,24,25,26,27,34,35,36,37
1799,14,15,16,17,24,25,26,27,34,35,36,37
1800,14,15,16,17,24,25,26,27,34,35,36,37
