1,14,15,16,17,24,25,26,27,34,35,36,37
2,14,15,16,17,24,25,26,27,34,35,36,37
3,14,15,16,17,24,25,26,27,34,35,36,37
4,14,15,16,17,24,25,26,27,34,35,36,37
5,14,15,16,17,24,25,26,27,34,35,36,37
6,14,15,16,17,24,25,26,27,34,35,36,37
7,14,15,16,17,24,25,26,27,34,35,36,37
8,14,15,16,17,24,25,26,27,34,35,36,37
9,14,15,16,17,24,25,26,27,34,35,36,37
10,14,15,16,17,24,25,26,27,34,35,36,37
11,14,15,16,17,24,25,26,27,34,35,36,37
12,14,15,16,17,24,25,26,27,34,35,36,37
13,14,15,16,17,24,25,26,27,34,35,36,37
14,14,15,16,17,24,25,26,27,34,35,36,37
15,14,15,16,17,24,25,26,27,34,35,36,37
16,14,15,16,17,24,25,26,27,34,35,36,37
17,14,15,16,17,24,25,26,27,34,35,36,37
18,14,15,16,17,24,25,26,27,34,35,36,37
19,14,15,16,17,24,25,26,27,34,35,36,37
20,14,15,16,17,24,25,26,27,34,35,36,37
21,14,15,16,17,24,25,26,27,34,35,36,37
22,14,15,16,17,24,25,26,27,34,35,36,37
23,14,15,16,17,24,25,26,27,34,35,36,37
24,14,15,16,17,24,25,26,27,34,35,36,37
25,14,15,16,17,24,25,26,27,34,35,36,37
26,14,15,16,17,24,25,26,27,34,35,36,37
27,14,15,16,17,24,25,26,27,34,35,36,37
28,14,15,16,17,24,25,26,27,34,35,36,37
29,14,15,16,17,24,25,26,27,34,35,36,37,45,46
30,14,15,16,17,24,25,26,27,34,35,36,37,45,46
31,14,15,16,17,24,25,26,27,34,35,36,37,45,46
32,14,15,16,17,24,25,26,27,34,35,36,37,45,46
33,14,15,16,17,24,25,26,27,34,35,36,37,45,46
34,14,15,16,17,24,25,26,27,34,35,36,37,45,46
35,14,15,16,17,24,25,26,27,34,35,36,37,45,46
36,14,15,16,17,24,25,26,27,34,35,36,37,45,46
37,14,15,16,17,24,25,26,27,34,35,36,37,45,46
38,14,15,16,17,24,25,26,27,34,35,36,37,45,46
39,14,15,16,17,24,25,26,27,34,35,36,37,45,46
40,14,15,16,17,24,25,26,27,34,35,36,37,45,46
41,14,15,16,17,24,25,26,27,34,35,36,37,45,46
42,14,15,16,17,24,25,26,27,34,35,36,37,45,46
43,14,15,16,17,24,25,26,27,34,35,36,37,45,46
44,14,15,16,17,24,25,26,27,34,35,36,37,45,46
45,14,15,16,17,24,25,26,27,34,35,36,37,45,46
46,14,15,16,17,24,25,26,27,34,35,36,37,45,46
47,14,15,16,17,24,25,26,27,34,35,36,37,45,46
48,14,15,16,17,24,25,26,27,34,35,36,37,45,46
49,14,15,16,17,24,25,26,27,34,35,36,37,45,46
50,14,15,16,17,24,25,26,27,34,35,36,37,45,46
51,14,15,16,17,24,25,26,27,34,35,36,37,45,46
52,14,15,16,17,24,25,26,27,34,35,36,37,45,46
53,14,15,16,17,24,25,26,27,34,35,36,37,45,46
54,14,15,16,17,24,25,26,27,34,35,36,37,45,46
55,6,14,15,16,17,24,25,26,27,34,35,36,37
56,6,14,15,16,17,24,25,26,27,34,35,36,37
57,6,14,15,16,17,24,25,26,27,35,36,37
58,6,14,15,16,17,24,25,26,27,35,36,37
59,5,6,14,15,16,17,24,25,26,27,35,36,37
60,5,6,14,15,16,17,24,25,26,27,35,36,37
61,5,6,14,15,16,17,24,25,26,27,35,36,37
62,5,6,14,15,16,17,24,25,26,27,35,36,37
63,5,6,14,15,16,17,24,25,26,27,35,36,37
64,5,6,14,15,16,17,24,25,26,27,35,36,37
65,5,6,14,15,16,17,24,25,26,27,35,36,37
66,5,6,14,15,16,17,24,25,26,27,35,36,37
67,6,14,15,16,17,24,25,26,27,35,36,37
68,6,14,15,16,17,24,25,26,27,35,36,37
69,6,14,15,16,17,24,25,26,27,35,36,37
70,6,14,15,16,17,24,25,26,27,35,36,37
71,5,6,14,15,16,17,24,25,26,27,35,36,37
72,5,6,14,15,16,17,24,25,26,27,35,36,37
73,5,6,14,15,16,17,24,25,26,27,35,36,37
74,5,6,14,15,16,17,24,25,26,27,35,36,37
75,5,6,14,15,16,17,24,25,26,27,35,36,37
76,5,6,14,15,16,17,24,25,26,27,35,36,37
77,5,6,14,15,16,17,24,25,26,27,35,36,37
78,5,6,14,15,16,17,24,25,26,27,35,36,37
79,5,6,14,15,16,17,24,25,26,27,35,36,37
80,5,6,14,15,16,17,24,25,26,27,35,36,37
81,5,6,14,15,16,17,24,25,26,27,35,36,37
82,5,6,14,15,16,17,24,25,26,27,35,36,37
83,5,6,14,15,16,17,24,25,26,27,35,36,37
84,5,6,14,15,16,17,24,25,26,27,35,36,37
85,5,6,14,15,16,17,24,25,26,27,35,36,37
86,5,6,14,15,16,17,24,25,26,27,35,36,37
87,5,6,14,15,16,17,24,25,26,27,34,35,36,37
88,5,6,14,15,16,17,24,25,26,27,34,35,36,37
89,5,6,14,15,16,17,24,25,26,27,34,35,36,37
90,5,6,14,15,16,17,24,25,26,27,34,35,36,37
91,5,6,14,15,16,17,24,25,26,27,34,35,36,37
92,5,6,14,15,16,17,24,25,26,27,34,35,36,37
93,5,6,14,15,16,17,24,25,26,27,34,35,36,37
94,5,6,14,15,16,17,24,25,26,27,34,35,36,37
95,5,6,14,15,16,17,24,25,26,27,34,35,36,37
96,5,6,14,15,16,17,24,25,26,27,34,35,36,37
97,5,6,14,15,16,17,24,25,26,27,34,35,36,37
98,5,6,14,15,16,17,24,25,26,27,34,35,36,37
99,5,6,7,14,15,16,17,24,25,26,27,35,36,37
100,5,6,7,14,15,16,17,24,25,26,27,35,36,37
101,5,6,7,14,15,16,17,24,25,26,27,35,36,37
102,5,6,7,14,15,16,17,24,25,26,27,35,36,37
103,5,6,7,14,15,16,17,24,25,26,27,35,36,37
104,5,6,7,14,15,16,17,24,25,26,27,35,36,37
105,5,6,7,14,15,16,17,24,25,26,27,35,36,37
106,5,6,7,14,15,16,17,24,25,26,27,35,36,37
107,5,6,7,14,15,16,17,24,25,26,27,35,36,37
108,5,6,7,14,15,16,17,24,25,26,27,35,36,37
109,5,6,7,14,15,16,17,24,25,26,27,35,36,37
110,5,6,7,14,15,16,17,24,25,26,27,35,36,37
111,5,6,7,14,15,16,17,24,25,26,27,35,36,37
112,5,6,7,14,15,16,17,24,25,26,27,35,36,37
113,5,6,7,14,15,16,17,24,25,26,27,35,36,37
114,5,6,7,14,15,16,17,24,25,26,27,35,36,37
115,5,6,7,14,15,16,17,24,25,26,27,35,36,37
116,5,6,7,14,15,16,17,24,25,26,27,35,36,37
117,5,6,7,14,15,16,17,24,25,26,27,35,36,37
118,5,6,7,14,15,16,17,24,25,26,27,35,36,37
119,5,6,7,14,15,16,17,24,25,26,27,35,36,37
120,5,6,7,14,15,16,17,24,25,26,27,35,36,37
121,5,6,7,14,15,16,17,24,25,26,27,35,36,37
122,5,6,7,14,15,16,17,24,25,26,27,35,36,37
123,5,6,7,14,15,16,17,24,25,26,27,35,36,37
124,5,6,7,14,15,16,17,24,25,26,27,35,36,37
125,5,6,7,14,15,16,17,24,25,26,27,35,36,37
126,5,6,7,14,15,16,17,24,25,26,27,35,36,37
127,5,6,14,15,16,17,24,25,26,27,34,35,36,37
128,5,6,14,15,16,17,24,25,26,27,34,35,36,37
129,5,6,14,15,16,17,24,25,26,27,34,35,36,37
130,5,6,14,15,16,17,24,25,26,27,34,35,36,37
131,5,6,14,15,16,17,24,25,26,27,34,35,36,37
132,5,6,14,15,16,17,24,25,26,27,34,35,36,37
133,5,6,14,15,16,17,24,25,26,27,34,35,36,37
134,5,6,14,15,16,17,24,25,26,27,34,35,36,37
135,5,6,14,15,16,17,24,25,26,27,34,35,36,37
136,5,6,14,15,16,17,24,25,26,27,34,35,36,37
137,5,6,14,15,16,17,24,25,26,27,34,35,36,37
138,5,6,14,15,16,17,24,25,26,27,34,35,36,37
139,5,6,14,15,16,17,24,25,26,27,34,35,36
140,5,6,14,15,16,17,24,25,26,27,34,35,36
141,5,6,14,15,16,17,24,25,26,27,34,35,36
142,5,6,14,15,16,17,24,25,26,27,34,35,36
143,5,6,14,15,16,17,24,25,26,27,34,35,36
144,5,6,14,15,16,17,24,25,26,27,34,35,36
145,5,6,14,15,16,17,24,25,26,27,34,35,36
146,5,6,14,15,16,17,24,25,26,27,34,35,36
147,5,6,14,15,16,17,24,25,26,27,34,35,36
148,5,6,14,15,16,17,24,25,26,27,34,35,36
149,5,6,14,15,16,17,24,25,26,27,34,35,36
150,5,6,14,15,16,17,24,25,26,27,34,35,36
151,5,6,14,15,16,17,24,25,26,27,34,35,36
152,5,6,14,15,16,17,24,25,26,27,34,35,36
153,5,6,14,15,16,17,24,25,26,27,34,35,36
154,5,6,14,15,16,17,24,25,26,27,34,35,36
155,5,6,14,15,16,17,24,25,26,27,34,35,36
156,5,6,14,15,16,17,24,25,26,27,34,35,36
157,5,6,14,15,16,17,24,25,26,27,34,35,36
158,5,6,14,15,16,17,24,25,26,27,34,35,36
159,5,6,14,15,16,17,24,25,26,27,34,35,36
160,5,6,14,15,16,17,24,25,26,27,34,35,36
161,5,6,14,15,16,17,24,25,26,27,34,35,36
162,5,6,14,15,16,17,24,25,26,27,34,35,36
163,5,6,14,15,16,17,24,25,26,27,34,35,36
164,5,6,14,15,16,17,24,25,26,27,34,35,36
165,5,6,14,15,16,17,24,25,26,27,34,35,36
166,5,6,14,15,16,17,24,25,26,27,34,35,36
167,5,6,14,15,16,17,24,25,26,27,34,35,36
168,5,6,14,15,16,17,24,25,26,27,34,35,36
169,5,6,14,15,16,17,24,25,26,27,34,35,36
170,5,6,14,15,16,17,24,25,26,27,34,35,36
171,5,6,14,15,16,17,24,25,26,27,34,35,36
172,5,6,14,15,16,17,24,25,26,27,34,35,36
173,5,6,14,15,16,17,24,25,26,27,34,35,36
174,5,6,14,15,16,17,24,25,26,27,34,35,36
175,5,6,14,15,16,17,24,25,26,27,34,35,36
176,5,6,14,15,16,17,24,25,26,27,34,35,36
177,5,6,14,15,16,17,24,25,26,27,34,35,36
178,5,6,14,15,16,17,24,25,26,27,34,35,36
179,5,6,14,15,16,17,24,25,26,27,34,35,36
180,5,6,14,15,16,17,24,25,26,27,34,35,36
181,5,6,14,15,16,17,24,25,26,27,34,35,36
182,5,6,14,15,16,17,24,25,26,27,34,35,36
183,5,6,14,15,16,17,24,25,26,27,34,35,36
184,5,6,14,15,16,17,24,25,26,27,34,35,36
185,5,6,14,15,16,17,24,25,26,27,34,35,36
186,5,6,14,15,16,17,24,25,26,27,34,35,36
187,5,6,14,15,16,17,24,25,26,27,34,35,36
188,5,6,14,15,16,17,24,25,26,27,34,35,36
189,5,6,14,15,16,17,24,25,26,27,34,35,36
190,5,6,14,15,16,17,24,25,26,27,34,35,36
191,5,6,14,15,16,17,24,25,26,27,34,35,36
192,5,6,14,15,16,17,24,25,26,27,34,35,36
193,5,6,14,15,16,17,24,25,26,27,34,35,36
194,5,6,14,15,16,17,24,25,26,27,34,35,36
195,5,6,14,15,16,17,24,25,26,27,34,35,36
196,5,6,14,15,16,17,24,25,26,27,34,35,36
197,5,6,14,15,16,17,24,25,26,27,34,35,36
198,5,6,14,15,16,17,24,25,26,27,34,35,36
199,5,6,14,15,16,17,24,25,26,27,34,35,36
200,5,6,14,15,16,17,24,25,26,27,34,35,36
201,5,6,14,15,16,17,24,25,26,27,34,35,36
202,5,6,14,15,16,17,24,25,26,27,34,35,36
203,5,6,14,15,16,17,24,25,26,27,34,35,36
204,5,6,14,15,16,17,24,25,26,27,34,35,36
205,5,6,14,15,16,17,24,25,26,27,34,35,36
206,5,6,14,15,16,17,24,25,26,27,34,35,36
207,5,6,14,15,16,17,24,25,26,27,34,35,36
208,5,6,14,15,16,17,24,25,26,27,34,35,36
209,5,6,14,15,16,17,24,25,26,27,34,35,36
210,5,6,14,15,16,17,24,25,26,27,34,35,36
211,5,6,14,15,16,17,24,25,26,27,34,35,36
212,5,6,14,15,16,17,24,25,26,27,34,35,36
213,5,6,14,15,16,17,24,25,26,27,34,35,36
214,5,6,14,15,16,17,24,25,26,27,34,35,36
215,5,6,14,15,16,17,24,25,26,27,34,35,36,37
216,5,6,14,15,16,17,24,25,26,27,34,35,36,37
217,5,6,14,15,16,17,24,25,26,27,34,35,36,37
218,5,6,14,15,16,17,24,25,26,27,34,35,36,37
219,5,6,14,15,16,17,24,25,26,27,34,35,36,37
220,5,6,14,15,16,17,24,25,26,27,34,35,36,37
221,5,6,14,15,16,17,24,25,26,27,34,35,36,37
222,5,6,14,15,16,17,24,25,26,27,34,35,36,37
223,5,6,14,15,16,17,24,25,26,27,34,35,36,37
224,5,6,14,15,16,17,24,25,26,27,34,35,36,37
225,5,6,14,15,16,17,24,25,26,27,34,35,36,37
226,5,6,14,15,16,17,24,25,26,27,34,35,36,37
227,5,6,14,15,16,17,24,25,26,27,34,35,36,37
228,5,6,14,15,16,17,24,25,26,27,34,35,36,37
229,5,6,14,15,16,17,24,25,26,27,34,35,36,37
230,5,6,14,15,16,17,24,25,26,27,34,35,36,37
231,5,6,14,15,16,17,24,25,26,27,34,35,36,37
232,5,6,14,15,16,17,24,25,26,27,34,35,36,37
233,5,6,14,15,16,17,24,25,26,27,34,35,36,37
234,5,6,14,15,16,17,24,25,26,27,34,35,36,37
235,5,6,14,15,16,17,24,25,26,27,34,35,36,37
236,5,6,14,15,16,17,24,25,26,27,34,35,36,37
237,5,6,14,15,16,17,24,25,26,27,34,35,36,37
238,5,6,14,15,16,17,24,25,26,27,34,35,36,37
239,5,6,7,14,15,16,17,24,25,26,27,35,36,37
240,5,6,7,14,15,16,17,24,25,26,27,35,36,37
241,5,6,7,14,15,16,17,24,25,26,27,35,36,37
242,5,6,7,14,15,16,17,24,25,26,27,35,36,37
243,5,6,7,14,15,16,17,24,25,26,27,35,36,37
244,5,6,7,14,15,16,17,24,25,26,27,35,36,37
245,5,6,7,14,15,16,17,24,25,26,27,35,36,37
246,5,6,7,14,15,16,17,24,25,26,27,35,36,37
247,5,6,7,14,15,16,17,24,25,26,27,34,35,36,37
248,5,6,7,14,15,16,17,24,25,26,27,34,35,36,37
249,5,6,14,15,16,17,24,25,26,27,34,35,36
250,5,6,14,15,16,17,24,25,26,27,34,35,36
251,5,6,14,15,16,17,24,25,26,27,34,35,36
252,5,6,14,15,16,17,24,25,26,27,34,35,36
253,5,6,14,15,16,24,25,26,34,35,36
254,5,6,14,15,16,24,25,26,34,35,36
255,4,5,6,13,14,15,16,23,24,25,26,34,35,36
256,4,5,6,13,14,15,16,23,24,25,26,34,35,36
257,4,5,6,13,14,15,16,23,24,25,26,34,35
258,4,5,6,13,14,15,16,23,24,25,26,34,35
259,4,5,13,14,15,16,23,24,25,26,33,34,35
260,4,5,13,14,15,16,23,24,25,26,33,34,35
261,3,4,5,13,14,15,23,24,25,33,34,35
262,3,4,5,13,14,15,23,24,25,33,34,35
263,3,4,5,12,13,14,15,22,23,24,25,33,34,35
264,3,4,5,12,13,14,15,22,23,24,25,33,34,35
265,3,4,5,12,13,14,15,22,23,24,25,33,34,35
266,3,4,5,12,13,14,15,22,23,24,25,33,34,35
267,3,4,12,13,14,15,22,23,24,25,32,33,34
268,3,4,12,13,14,15,22,23,24,25,32,33,34
269,2,3,4,12,13,14,15,22,23,24,25,32,33,34
270,2,3,4,12,13,14,15,22,23,24,25,32,33,34
271,2,3,4,11,12,13,14,21,22,23,24,32,33,34
272,2,3,4,11,12,13,14,21,22,23,24,32,33,34
273,2,3,4,11,12,13,14,21,22,23,24,32,33,34
274,2,3,4,11,12,13,14,21,22,23,24,32,33,34
275,1,2,3,4,11,12,13,14,21,22,23,24,32,33,34
276,1,2,3,4,11,12,13,14,21,22,23,24,32,33,34
277,1,2,3,4,11,12,13,14,21,22,23,24,32,33,34
278,1,2,3,4,11,12,13,14,21,22,23,24,32,33,34
279,1,2,3,4,11,12,13,14,21,22,23,24,32,33,34
280,1,2,3,4,11,12,13,14,21,22,23,24,32,33,34
281,1,2,3,4,11,12,13,14,21,22,23,24,32,33,34
282,1,2,3,4,11,12,13,14,21,22,23,24,32,33,34
283,1,2,3,4,11,12,13,14,21,22,23,24,32,33,34
284,1,2,3,4,11,12,13,14,21,22,23,24,32,33,34
285,2,3,4,11,12,13,14,21,22,23,24,32,33,34
286,2,3,4,11,12,13,14,21,22,23,24,32,33,34
287,2,3,4,11,12,13,14,21,22,23,24,32,33,34
288,2,3,4,11,12,13,14,21,22,23,24,32,33,34
289,2,3,4,11,12,13,14,21,22,23,24,32,33,34
290,2,3,4,11,12,13,14,21,22,23,24,32,33,34
291,2,3,4,11,12,13,14,21,22,23,24,32,33,34
292,2,3,4,11,12,13,14,21,22,23,24,32,33,34
293,2,3,4,11,12,13,14,21,22,23,24,32,33,34
294,2,3,4,11,12,13,14,21,22,23,24,32,33,34
295,2,3,4,11,12,13,14,21,22,23,24,32,33,34
296,2,3,4,11,12,13,14,21,22,23,24,32,33,34
297,2,3,4,11,12,13,14,21,22,23,24,32,33,34
298,2,3,4,11,12,13,14,21,22,23,24,32,33,34
299,2,3,4,11,12,13,14,21,22,23,24,32,33,34
300,2,3,4,11,12,13,14,21,22,23,24,32,33,34
301,2,3,4,11,12,13,14,21,22,23,24,32,33,34
302,2,3,4,11,12,13,14,21,22,23,24,32,33,34
303,2,3,4,11,12,13,14,21,22,23,24,32,33,34
304,2,3,4,11,12,13,14,21,22,23,24,32,33,34
305,2,3,4,12,13,14,15,22,23,24,25,32,33,34
306,2,3,4,12,13,14,15,22,23,24,25,32,33,34
307,3,4,12,13,14,15,22,23,24,25,32,33,34
308,3,4,12,13,14,15,22,23,24,25,32,33,34
309,3,4,12,13,14,15,22,23,24,25,32,33,34
310,3,4,12,13,14,15,22,23,24,25,32,33,34
311,3,4,12,13,14,15,22,23,24,25,32,33,34
312,3,4,12,13,14,15,22,23,24,25,32,33,34
313,3,4,12,13,14,15,22,23,24,25,32,33,34
314,3,4,12,13,14,15,22,23,24,25,32,33,34
315,3,4,12,13,14,15,22,23,24,25,32,33,34
316,3,4,12,13,14,15,22,23,24,25,32,33,34
317,3,4,12,13,14,15,22,23,24,25,32,33,34
318,3,4,12,13,14,15,22,23,24,25,32,33,34
319,3,4,5,12,13,14,15,22,23,24,25,33,34
320,3,4,5,12,13,14,15,22,23,24,25,33,34
321,3,4,5,12,13,14,15,22,23,24,25,33,34,35
322,3,4,5,12,13,14,15,22,23,24,25,33,34,35
323,3,4,5,13,14,15,23,24,25,33,34,35
324,3,4,5,13,14,15,23,24,25,33,34,35
325,4,5,13,14,15,16,23,24,25,26,33,34,35
326,4,5,13,14,15,16,23,24,25,26,33,34,35
327,4,5,6,13,14,15,16,23,24,25,26,33,34,35
328,4,5,6,13,14,15,16,23,24,25,26,33,34,35
329,4,5,6,13,14,15,16,23,24,25,26,34,35,36
330,4,5,6,13,14,15,16,23,24,25,26,34,35,36
331,4,5,6,13,14,15,16,23,24,25,26,34,35,36
332,4,5,6,13,14,15,16,23,24,25,26,34,35,36
333,5,6,14,15,16,17,24,25,26,27,34,35,36
334,5,6,14,15,16,17,24,25,26,27,34,35,36
335,5,6,14,15,16,17,24,25,26,27,34,35,36
336,5,6,14,15,16,17,24,25,26,27,34,35,36
337,5,6,14,15,16,17,24,25,26,27,34,35,36
338,5,6,14,15,16,17,24,25,26,27,34,35,36
339,5,6,14,15,16,17,24,25,26,27,34,35,36
340,5,6,14,15,16,17,24,25,26,27,34,35,36
341,5,6,14,15,16,17,24,25,26,27,34,35,36,37
342,5,6,14,15,16,17,24,25,26,27,34,35,36,37
343,5,6,7,14,15,16,17,24,25,26,27,35,36,37
344,5,6,7,14,15,16,17,24,25,26,27,35,36,37
345,5,6,7,14,15,16,17,24,25,26,27,35,36,37
346,5,6,7,14,15,16,17,24,25,26,27,35,36,37
347,5,6,7,14,15,16,17,24,25,26,27,35,36,37
348,5,6,7,14,15,16,17,24,25,26,27,35,36,37
349,5,6,7,14,15,16,17,24,25,26,27,35,36,37
350,5,6,7,14,15,16,17,24,25,26,27,35,36,37
351,5,6,7,14,15,16,17,24,25,26,27,35,36,37
352,5,6,7,14,15,16,17,24,25,26,27,35,36,37
353,5,6,7,14,15,16,17,24,25,26,27,35,36,37
354,5,6,7,14,15,16,17,24,25,26,27,35,36,37
355,5,6,7,14,15,16,17,24,25,26,27,35,36,37
356,5,6,7,14,15,16,17,24,25,26,27,35,36,37
357,5,6,7,14,15,16,17,24,25,26,27,35,36,37
358,5,6,7,14,15,16,17,24,25,26,27,35,36,37
359,5,6,7,14,15,16,17,24,25,26,27,35,36,37
360,5,6,7,14,15,16,17,24,25,26,27,35,36,37
361,5,6,7,14,15,16,17,24,25,26,27,35,36,37
362,5,6,7,14,15,16,17,24,25,26,27,35,36,37
363,5,6,7,14,15,16,17,24,25,26,27,35,36,37
364,5,6,7,14,15,16,17,24,25,26,27,35,36,37
365,5,6,7,14,15,16,17,24,25,26,27,35,36,37
366,5,6,7,14,15,16,17,24,25,26,27,35,36,37
367,5,6,7,14,15,16,17,24,25,26,27,35,36,37
368,5,6,7,14,15,16,17,24,25,26,27,35,36,37
369,5,6,7,15,16,17,25,26,27,35,36,37
370,5,6,7,15,16,17,25,26,27,35,36,37
371,6,7,15,16,17,25,26,27,35,36,37
372,6,7,15,16,17,25,26,27,35,36,37
373,6,7,15,16,17,25,26,27,35,36,37
374,6,7,15,16,17,25,26,27,35,36,37
375,6,7,15,16,17,25,26,27,35,36,37
376,6,7,15,16,17,25,26,27,35,36,37
377,6,7,15,16,17,25,26,27,35,36,37
378,6,7,15,16,17,25,26,27,35,36,37
379,6,7,15,16,17,25,26,27,35,36,37
380,6,7,15,16,17,25,26,27,35,36,37
381,6,7,15,16,17,25,26,27,35,36,37
382,6,7,15,16,17,25,26,27,35,36,37
383,6,7,15,16,17,25,26,27,35,36,37
384,6,7,15,16,17,25,26,27,35,36,37
385,6,7,15,16,17,18,25,26,27,28,35,36,37
386,6,7,15,16,17,18,25,26,27,28,35,36,37
387,6,7,15,16,17,18,25,26,27,28,35,36,37
388,6,7,15,16,17,18,25,26,27,28,35,36,37
389,6,7,15,16,17,18,25,26,27,28,35,36,37
390,6,7,15,16,17,18,25,26,27,28,35,36,37
391,6,7,15,16,17,18,25,26,27,28,35,36,37
392,6,7,15,16,17,18,25,26,27,28,35,36,37
393,6,7,15,16,17,18,25,26,27,28,35,36,37
394,6,7,15,16,17,18,25,26,27,28,35,36,37
395,6,7,15,16,17,18,25,26,27,28,35,36,37
396,6,7,15,16,17,18,25,26,27,28,35,36,37
397,6,7,15,16,17,18,25,26,27,28,35,36,37
398,6,7,15,16,17,18,25,26,27,28,35,36,37
399,6,7,15,16,17,18,25,26,27,28,35,36,37
400,6,7,15,16,17,18,25,26,27,28,35,36,37
401,6,7,15,16,17,18,25,26,27,28,35,36,37
402,6,7,15,16,17,18,25,26,27,28,35,36,37
403,6,7,15,16,17,18,25,26,27,28,35,36,37
404,6,7,15,16,17,18,25,26,27,28,35,36,37
405,6,7,15,16,17,25,26,27,28,35,36,37
406,6,7,15,16,17,25,26,27,28,35,36,37
407,6,7,15,16,17,25,26,27,35,36,37
408,6,7,15,16,17,25,26,27,35,36,37
409,6,7,15,16,17,25,26,27,35,36,37
410,6,7,15,16,17,25,26,27,35,36,37
411,6,7,15,16,17,25,26,27,35,36,37
412,6,7,15,16,17,25,26,27,35,36,37
413,6,7,15,16,17,25,26,27,35,36,37
414,6,7,15,16,17,25,26,27,35,36,37
415,6,15,16,17,25,26,27,35,36,37
416,6,15,16,17,25,26,27,35,36,37
417,6,15,16,17,24,25,26,27,35,36,37
418,6,15,16,17,24,25,26,27,35,36,37
419,6,15,16,17,24,25,26,27,35,36,37
420,6,15,16,17,24,25,26,27,35,36,37
421,6,14,15,16,17,24,25,26,27,35,36,37
422,6,14,15,16,17,24,25,26,27,35,36,37
423,6,14,15,16,17,24,25,26,27,35,36,37
424,6,14,15,16,17,24,25,26,27,35,36,37
425,6,14,15,16,17,24,25,26,27,35,36,37
426,6,14,15,16,17,24,25,26,27,35,36,37
427,6,14,15,16,17,24,25,26,27,35,36,37
428,6,14,15,16,17,24,25,26,27,35,36,37
429,6,14,15,16,17,24,25,26,27,34,35,36,37
430,6,14,15,16,17,24,25,26,27,34,35,36,37
431,6,14,15,16,17,24,25,26,27,34,35,36,37
432,6,14,15,16,17,24,25,26,27,34,35,36,37
433,6,14,15,16,17,24,25,26,27,34,35,36,37
434,6,14,15,16,17,24,25,26,27,34,35,36,37
435,6,14,15,16,17,24,25,26,27,34,35,36,37
436,6,14,15,16,17,24,25,26,27,34,35,36,37
437,5,6,14,15,16,17,24,25,26,27,34,35,36,37
438,5,6,14,15,16,17,24,25,26,27,34,35,36,37
439,5,6,14,15,16,17,24,25,26,27,34,35,36,37
440,5,6,14,15,16,17,24,25,26,27,34,35,36,37
441,5,6,14,15,16,17,24,25,26,27,34,35,36,37
442,5,6,14,15,16,17,24,25,26,27,34,35,36,37
443,5,6,14,15,16,17,24,25,26,27,34,35,36
444,5,6,14,15,16,17,24,25,26,27,34,35,36
445,5,6,14,15,16,17,24,25,26,27,34,35,36
446,5,6,14,15,16,17,24,25,26,27,34,35,36
447,5,6,14,15,16,17,24,25,26,27,34,35,36
448,5,6,14,15,16,17,24,25,26,27,34,35,36
449,5,6,14,15,16,17,24,25,26,27,34,35,36
450,5,6,14,15,16,17,24,25,26,27,34,35,36
451,5,6,14,15,16,17,24,25,26,27,34,35,36
452,5,6,14,15,16,17,24,25,26,27,34,35,36
453,5,6,14,15,16,17,24,25,26,27,34,35,36
454,5,6,14,15,16,17,24,25,26,27,34,35,36
455,5,6,14,15,16,17,24,25,26,27,34,35,36
456,5,6,14,15,16,17,24,25,26,27,34,35,36
457,5,6,14,15,16,17,24,25,26,27,34,35,36
458,5,6,14,15,16,17,24,25,26,27,34,35,36
459,5,6,14,15,16,17,24,25,26,27,34,35,36
460,5,6,14,15,16,17,24,25,26,27,34,35,36
461,5,6,14,15,16,17,24,25,26,27,34,35,36
462,5,6,14,15,16,17,24,25,26,27,34,35,36
463,5,6,14,15,16,24,25,26,27,34,35,36
464,5,6,14,15,16,24,25,26,27,34,35,36
465,5,6,14,15,16,24,25,26,34,35,36
466,5,6,14,15,16,24,25,26,34,35,36
467,5,6,14,15,16,24,25,26,34,35,36
468,5,6,14,15,16,24,25,26,34,35,36
469,5,6,14,15,16,24,25,26,34,35,36
470,5,6,14,15,16,24,25,26,34,35,36
471,5,6,14,15,16,24,25,26,34,35,36
472,5,6,14,15,16,24,25,26,34,35,36
473,5,6,14,15,16,24,25,26,34,35,36
474,5,6,14,15,16,24,25,26,34,35,36
475,5,6,14,15,16,24,25,26,34,35,36
476,5,6,14,15,16,24,25,26,34,35,36
477,5,6,14,15,16,24,25,26,34,35,36
478,5,6,14,15,16,24,25,26,34,35,36
479,5,6,14,15,16,23,24,25,26,34,35,36
480,5,6,14,15,16,23,24,25,26,34,35,36
481,5,6,13,14,15,16,23,24,25,26,34,35,36
482,5,6,13,14,15,16,23,24,25,26,34,35,36
483,5,6,13,14,15,16,23,24,25,26,34,35,36
484,5,6,13,14,15,16,23,24,25,26,34,35,36
485,5,6,13,14,15,16,23,24,25,26,34,35,36
486,5,6,13,14,15,16,23,24,25,26,34,35,36
487,5,6,13,14,15,16,23,24,25,26,34,35,36
488,5,6,13,14,15,16,23,24,25,26,34,35,36
489,4,5,6,13,14,15,16,23,24,25,26,34,35,36
490,4,5,6,13,14,15,16,23,24,25,26,34,35,36
491,4,5,6,13,14,15,16,23,24,25,26,34,35,36
492,4,5,6,13,14,15,16,23,24,25,26,34,35,36
493,4,5,6,13,14,15,16,23,24,25,26,34,35,36
494,4,5,6,13,14,15,16,23,24,25,26,34,35,36
495,4,5,6,13,14,15,16,23,24,25,26,34,35,36
496,4,5,6,13,14,15,16,23,24,25,26,34,35,36
497,4,5,6,13,14,15,16,23,24,25,26,34,35,36
498,4,5,6,13,14,15,16,23,24,25,26,34,35,36
499,4,5,6,13,14,15,16,23,24,25,26,34,35,36
500,4,5,6,13,14,15,16,23,24,25,26,34,35,36
501,4,5,6,13,14,15,16,23,24,25,26,34,35,36
502,4,5,6,13,14,15,16,23,24,25,26,34,35,36
503,4,5,6,13,14,15,16,23,24,25,26,34,35,36
504,4,5,6,13,14,15,16,23,24,25,26,34,35,36
505,4,5,6,13,14,15,16,23,24,25,26,34,35,36
506,4,5,6,13,14,15,16,23,24,25,26,34,35,36
507,4,5,6,13,14,15,16,23,24,25,26,34,35,36
508,4,5,6,13,14,15,16,23,24,25,26,34,35,36
509,4,5,6,13,14,15,16,23,24,25,26,34,35,36
510,4,5,6,13,14,15,16,23,24,25,26,34,35,36
511,4,5,6,13,14,15,16,23,24,25,26,34,35,36
512,4,5,6,13,14,15,16,23,24,25,26,34,35,36
513,4,5,6,13,14,15,16,23,24,25,26,34,35,36
514,4,5,6,13,14,15,16,23,24,25,26,34,35,36
515,4,5,6,13,14,15,16,23,24,25,26,34,35,36
516,4,5,6,13,14,15,16,23,24,25,26,34,35,36
517,4,5,6,14,15,16,24,25,26,34,35,36
518,4,5,6,14,15,16,24,25,26,34,35,36
519,4,5,6,14,15,16,24,25,26,34,35,36
520,4,5,6,14,15,16,24,25,26,34,35,36
521,4,5,6,13,14,15,16,23,24,25,26,34,35,36
522,4,5,6,13,14,15,16,23,24,25,26,34,35,36
523,4,5,6,13,14,15,16,23,24,25,26,34,35,36
524,4,5,6,13,14,15,16,23,24,25,26,34,35,36
525,4,5,6,13,14,15,16,23,24,25,26,34,35,36
526,4,5,6,13,14,15,16,23,24,25,26,34,35,36
527,4,5,6,13,14,15,16,23,24,25,26,34,35,36
528,4,5,6,13,14,15,16,23,24,25,26,34,35,36
529,4,5,6,13,14,15,16,23,24,25,26,34,35,36
530,4,5,6,13,14,15,16,23,24,25,26,34,35,36
531,4,5,6,13,14,15,16,23,24,25,26,34,35,36
532,4,5,6,13,14,15,16,23,24,25,26,34,35,36
533,4,5,6,13,14,15,16,23,24,25,26,34,35,36
534,4,5,6,13,14,15,16,23,24,25,26,34,35,36
535,4,5,6,13,14,15,16,23,24,25,26,34,35,36
536,4,5,6,13,14,15,16,23,24,25,26,34,35,36
537,4,5,6,13,14,15,16,23,24,25,26,34,35,36
538,4,5,6,13,14,15,16,23,24,25,26,34,35,36
539,4,5,6,13,14,15,16,23,24,25,26,34,35,36
540,4,5,6,13,14,15,16,23,24,25,26,34,35,36
541,4,5,6,13,14,15,16,23,24,25,26,34,35,36
542,4,5,6,13,14,15,16,23,24,25,26,34,35,36
543,4,5,6,13,14,15,16,23,24,25,26,34,35,36
544,4,5,6,13,14,15,16,23,24,25,26,34,35,36
545,4,5,6,13,14,15,16,23,24,25,26,34,35,36
546,4,5,6,13,14,15,16,23,24,25,26,34,35,36
547,4,5,6,13,14,15,16,23,24,25,26,34,35,36
548,4,5,6,13,14,15,16,23,24,25,26,34,35,36
549,4,5,6,13,14,15,16,23,24,25,26,34,35,36
550,4,5,6,13,14,15,16,23,24,25,26,34,35,36
551,3,4,5,6,13,14,15,16,23,24,25,26,34,35
552,3,4,5,6,13,14,15,16,23,24,25,26,34,35
553,3,4,5,6,13,14,15,16,23,24,25,26,34,35
554,3,4,5,6,13,14,15,16,23,24,25,26,34,35
555,3,4,5,6,13,14,15,16,23,24,25,26,34,35
556,3,4,5,6,13,14,15,16,23,24,25,26,34,35
557,2,3,4,5,6,12,13,14,15,16,22,23,24,25,34
558,2,3,4,5,6,12,13,14,15,16,22,23,24,25,34
559,2,3,4,5,6,12,13,14,15,16,22,23,24,25,34
560,2,3,4,5,6,12,13,14,15,16,22,23,24,25,34
561,2,3,4,5,6,12,13,14,15,16,22,23,24,25
562,2,3,4,5,6,12,13,14,15,16,22,23,24,25
563,2,3,4,5,6,12,13,14,15,22,23,24,25
564,2,3,4,5,6,12,13,14,15,22,23,24,25
565,2,3,4,5,6,12,13,14,15,16,22,23,24,25
566,2,3,4,5,6,12,13,14,15,16,22,23,24,25
567,2,3,4,5,6,12,13,14,15,16,22,23,24,25
568,2,3,4,5,6,12,13,14,15,16,22,23,24,25
569,1,2,3,4,5,6,7,8,9,10,12,13,14,15,16,22,23,24,25
570,1,2,3,4,5,6,7,8,9,10,12,13,14,15,16,22,23,24,25
571,1,2,3,4,5,6,7,8,9,10,12,13,14,15,16,22,23,24,25
572,1,2,3,4,5,6,7,8,9,10,12,13,14,15,16,22,23,24,25
573,2,3,4,5,6,12,13,14,15,16,22,23,24,25
574,2,3,4,5,6,12,13,14,15,16,22,23,24,25
575,2,3,4,5,6,12,13,14,15,16,22,23,24,25
576,2,3,4,5,6,12,13,14,15,16,22,23,24,25
577,2,3,4,5,6,12,13,14,15,16,22,23,24,25
578,2,3,4,5,6,12,13,14,15,16,22,23,24,25
579,2,3,4,5,6,12,13,14,15,16,22,23,24,25,34
580,2,3,4,5,6,12,13,14,15,16,22,23,24,25,34
581,2,3,4,5,6,12,13,14,15,16,23,24,25,26,34
582,2,3,4,5,6,12,13,14,15,16,23,24,25,26,34
583,3,4,5,6,13,14,15,16,23,24,25,26,34,35
584,3,4,5,6,13,14,15,16,23,24,25,26,34,35
585,3,4,5,6,13,14,15,16,23,24,25,26,34,35
586,3,4,5,6,13,14,15,16,23,24,25,26,34,35
587,4,5,6,13,14,15,16,23,24,25,26,34,35,36
588,4,5,6,13,14,15,16,23,24,25,26,34,35,36
589,4,5,6,13,14,15,16,23,24,25,26,34,35,36
590,4,5,6,13,14,15,16,23,24,25,26,34,35,36
591,4,5,6,14,15,16,24,25,26,34,35,36
592,4,5,6,14,15,16,24,25,26,34,35,36
593,5,6,14,15,16,17,24,25,26,27,34,35,36
594,5,6,14,15,16,17,24,25,26,27,34,35,36
595,5,6,14,15,16,17,24,25,26,27,34,35,36
596,5,6,14,15,16,17,24,25,26,27,34,35,36
597,5,6,14,15,16,17,24,25,26,27,34,35,36
598,5,6,14,15,16,17,24,25,26,27,34,35,36
599,5,6,14,15,16,17,24,25,26,27,34,35,36
600,5,6,14,15,16,17,24,25,26,27,34,35,36
601,5,6,14,15,16,17,24,25,26,27,34,35,36
602,5,6,14,15,16,17,24,25,26,27,34,35,36
603,5,6,14,15,16,17,24,25,26,27,34,35,36
604,5,6,14,15,16,17,24,25,26,27,34,35,36
605,5,6,14,15,16,17,24,25,26,27,34,35,36,37
606,5,6,14,15,16,17,24,25,26,27,34,35,36,37
607,5,6,14,15,16,17,24,25,26,27,34,35,36,37
608,5,6,14,15,16,17,24,25,26,27,34,35,36,37
609,5,6,14,15,16,17,24,25,26,27,34,35,36,37
610,5,6,14,15,16,17,24,25,26,27,34,35,36,37
611,5,6,14,15,16,17,24,25,26,27,34,35,36,37
612,5,6,14,15,16,17,24,25,26,27,34,35,36,37
613,5,6,14,15,16,17,24,25,26,27,34,35,36,37
614,5,6,14,15,16,17,24,25,26,27,34,35,36,37
615,5,6,14,15,16,17,24,25,26,27,34,35,36,37
616,5,6,14,15,16,17,24,25,26,27,34,35,36,37
617,5,6,14,15,16,17,24,25,26,27,34,35,36,37
618,5,6,14,15,16,17,24,25,26,27,34,35,36,37
619,5,6,14,15,16,17,24,25,26,27,34,35,36,37
620,5,6,14,15,16,17,24,25,26,27,34,35,36,37
621,5,6,14,15,16,17,24,25,26,27,34,35,36,37
622,5,6,14,15,16,17,24,25,26,27,34,35,36,37
623,5,6,14,15,16,17,24,25,26,27,35,36,37
624,5,6,14,15,16,17,24,25,26,27,35,36,37
625,5,6,14,15,16,17,24,25,26,27,35,36,37
626,5,6,14,15,16,17,24,25,26,27,35,36,37
627,6,14,15,16,17,24,25,26,27,35,36,37
628,6,14,15,16,17,24,25,26,27,35,36,37
629,6,14,15,16,17,24,25,26,27,35,36,37
630,6,14,15,16,17,24,25,26,27,35,36,37
631,6,14,15,16,17,24,25,26,27,35,36,37
632,6,14,15,16,17,24,25,26,27,35,36,37
633,6,14,15,16,17,24,25,26,27,35,36,37
634,6,14,15,16,17,24,25,26,27,35,36,37
635,6,14,15,16,17,24,25,26,27,35,36,37
636,6,14,15,16,17,24,25,26,27,35,36,37
637,5,6,14,15,16,17,24,25,26,27,35,36,37
638,5,6,14,15,16,17,24,25,26,27,35,36,37
639,5,6,14,15,16,17,24,25,26,27,35,36,37
640,5,6,14,15,16,17,24,25,26,27,35,36,37
641,5,6,14,15,16,17,24,25,26,27,34,35,36,37
642,5,6,14,15,16,17,24,25,26,27,34,35,36,37
643,5,6,14,15,16,17,24,25,26,27,34,35,36,37
644,5,6,14,15,16,17,24,25,26,27,34,35,36,37
645,5,6,14,15,16,17,24,25,26,27,34,35,36,37
646,5,6,14,15,16,17,24,25,26,27,34,35,36,37
647,5,6,14,15,16,17,24,25,26,27,35,36,37
648,5,6,14,15,16,17,24,25,26,27,35,36,37
649,5,6,14,15,16,17,24,25,26,27,35,36,37
650,5,6,14,15,16,17,24,25,26,27,35,36,37
651,5,6,14,15,16,17,24,25,26,27,35,36,37
652,5,6,14,15,16,17,24,25,26,27,35,36,37
653,5,6,14,15,16,17,24,25,26,27,35,36,37
654,5,6,14,15,16,17,24,25,26,27,35,36,37
655,5,6,14,15,16,17,24,25,26,27,35,36,37
656,5,6,14,15,16,17,24,25,26,27,35,36,37
657,5,6,14,15,16,17,24,25,26,27,35,36,37
658,5,6,14,15,16,17,24,25,26,27,35,36,37
659,5,6,7,14,15,16,17,24,25,26,27,35,36,37
660,5,6,7,14,15,16,17,24,25,26,27,35,36,37
661,5,6,7,14,15,16,17,24,25,26,27,35,36,37
662,5,6,7,14,15,16,17,24,25,26,27,35,36,37
663,5,6,7,14,15,16,17,24,25,26,27,35,36,37
664,5,6,7,14,15,16,17,24,25,26,27,35,36,37
665,5,6,7,14,15,16,17,24,25,26,27,35,36,37
666,5,6,7,14,15,16,17,24,25,26,27,35,36,37
667,5,6,7,14,15,16,17,24,25,26,27,35,36,37
668,5,6,7,14,15,16,17,24,25,26,27,35,36,37
669,5,6,7,14,15,16,17,24,25,26,27,35,36,37
670,5,6,7,14,15,16,17,24,25,26,27,35,36,37
671,5,6,7,14,15,16,17,24,25,26,27,35,36,37
672,5,6,7,14,15,16,17,24,25,26,27,35,36,37
673,5,6,7,14,15,16,17,24,25,26,27,35,36,37
674,5,6,7,14,15,16,17,24,25,26,27,35,36,37
675,5,6,7,14,15,16,17,24,25,26,27,35,36,37
676,5,6,7,14,15,16,17,24,25,26,27,35,36,37
677,5,6,7,14,15,16,17,24,25,26,27,35,36,37
678,5,6,7,14,15,16,17,24,25,26,27,35,36,37
679,5,6,7,14,15,16,17,24,25,26,27,35,36,37
680,5,6,7,14,15,16,17,24,25,26,27,35,36,37
681,5,6,7,14,15,16,17,24,25,26,27,35,36,37
682,5,6,7,14,15,16,17,24,25,26,27,35,36,37
683,5,6,7,14,15,16,17,24,25,26,27,35,36,37
684,5,6,7,14,15,16,17,24,25,26,27,35,36,37
685,5,6,7,14,15,16,17,24,25,26,27,34,35,36,37
686,5,6,7,14,15,16,17,24,25,26,27,34,35,36,37
687,5,6,14,15,16,17,24,25,26,27,34,35,36,37
688,5,6,14,15,16,17,24,25,26,27,34,35,36,37
689,5,6,14,15,16,17,24,25,26,27,34,35,36,37
690,5,6,14,15,16,17,24,25,26,27,34,35,36,37
691,5,6,14,15,16,17,24,25,26,27,35,36,37
692,5,6,14,15,16,17,24,25,26,27,35,36,37
693,5,6,7,14,15,16,17,24,25,26,27,35,36,37
694,5,6,7,14,15,16,17,24,25,26,27,35,36,37
695,5,6,7,14,15,16,17,24,25,26,27,35,36,37
696,5,6,7,14,15,16,17,24,25,26,27,35,36,37
697,5,6,7,14,15,16,17,24,25,26,27,35,36,37
698,5,6,7,14,15,16,17,24,25,26,27,35,36,37
699,5,6,7,14,15,16,17,24,25,26,27,35,36,37
700,5,6,7,14,15,16,17,24,25,26,27,35,36,37
701,5,6,7,14,15,16,17,24,25,26,27,35,36,37
702,5,6,7,14,15,16,17,24,25,26,27,35,36,37
703,5,6,7,14,15,16,17,24,25,26,27,35,36,37
704,5,6,7,14,15,16,17,24,25,26,27,35,36,37
705,5,6,7,14,15,16,17,24,25,26,27,35,36,37
706,5,6,7,14,15,16,17,24,25,26,27,35,36,37
707,5,6,7,14,15,16,17,24,25,26,27,35,36,37
708,5,6,7,14,15,16,17,24,25,26,27,35,36,37
709,5,6,7,14,15,16,17,24,25,26,27,35,36,37
710,5,6,7,14,15,16,17,24,25,26,27,35,36,37
711,5,6,7,14,15,16,17,24,25,26,27,35,36,37
712,5,6,7,14,15,16,17,24,25,26,27,35,36,37
713,5,6,7,14,15,16,17,24,25,26,27,35,36,37
714,5,6,7,14,15,16,17,24,25,26,27,35,36,37
715,5,6,7,14,15,16,17,24,25,26,27,35,36,37
716,5,6,7,14,15,16,17,24,25,26,27,35,36,37
717,5,6,7,14,15,16,17,24,25,26,27,35,36,37
718,5,6,7,14,15,16,17,24,25,26,27,35,36,37
719,5,6,7,14,15,16,17,24,25,26,27,35,36,37
720,5,6,7,14,15,16,17,24,25,26,27,35,36,37
721,5,6,7,14,15,16,17,24,25,26,27,35,36,37
722,5,6,7,14,15,16,17,24,25,26,27,35,36,37
723,5,6,7,14,15,16,17,24,25,26,27,35,36,37
724,5,6,7,14,15,16,17,24,25,26,27,35,36,37
725,5,6,7,14,15,16,17,24,25,26,27,35,36,37
726,5,6,7,14,15,16,17,24,25,26,27,35,36,37
727,5,6,7,14,15,16,17,24,25,26,27,35,36,37
728,5,6,7,14,15,16,17,24,25,26,27,35,36,37
729,5,6,7,14,15,16,17,24,25,26,27,35,36,37
730,5,6,7,14,15,16,17,24,25,26,27,35,36,37
731,5,6,7,14,15,16,17,24,25,26,27,35,36,37
732,5,6,7,14,15,16,17,24,25,26,27,35,36,37
733,5,6,7,14,15,16,17,24,25,26,27,35,36,37
734,5,6,7,14,15,16,17,24,25,26,27,35,36,37
735,5,6,7,14,15,16,17,24,25,26,27,35,36,37
736,5,6,7,14,15,16,17,24,25,26,27,35,36,37
737,5,6,7,14,15,16,17,24,25,26,27,35,36,37
738,5,6,7,14,15,16,17,24,25,26,27,35,36,37
739,5,6,7,14,15,16,17,24,25,26,27,35,36,37
740,5,6,7,14,15,16,17,24,25,26,27,35,36,37
741,5,6,7,14,15,16,17,24,25,26,27,35,36,37
742,5,6,7,14,15,16,17,24,25,26,27,35,36,37
743,5,6,7,14,15,16,17,24,25,26,27,35,36,37
744,5,6,7,14,15,16,17,24,25,26,27,35,36,37
745,5,6,7,14,15,16,17,24,25,26,27,35,36,37
746,5,6,7,14,15,16,17,24,25,26,27,35,36,37
747,5,6,7,14,15,16,17,24,25,26,27,35,36,37
748,5,6,7,14,15,16,17,24,25,26,27,35,36,37
749,5,6,7,14,15,16,17,24,25,26,27,35,36,37
750,5,6,7,14,15,16,17,24,25,26,27,35,36,37
751,5,6,7,14,15,16,17,24,25,26,27,35,36,37
752,5,6,7,14,15,16,17,24,25,26,27,35,36,37
753,5,6,7,14,15,16,17,24,25,26,27,35,36,37
754,5,6,7,14,15,16,17,24,25,26,27,35,36,37
755,5,6,7,14,15,16,17,24,25,26,27,35,36,37
756,5,6,7,14,15,16,17,24,25,26,27,35,36,37
757,5,6,7,14,15,16,17,24,25,26,27,35,36,37
758,5,6,7,14,15,16,17,24,25,26,27,35,36,37
759,5,6,7,14,15,16,17,24,25,26,27,35,36,37
760,5,6,7,14,15,16,17,24,25,26,27,35,36,37
761,5,6,7,14,15,16,17,24,25,26,27,35,36,37
762,5,6,7,14,15,16,17,24,25,26,27,35,36,37
763,5,6,7,14,15,16,17,24,25,26,27,35,36,37
764,5,6,7,14,15,16,17,24,25,26,27,35,36,37
765,5,6,7,14,15,16,17,24,25,26,27,35,36,37
766,5,6,7,14,15,16,17,24,25,26,27,35,36,37
767,5,6,7,14,15,16,17,24,25,26,27,35,36,37
768,5,6,7,14,15,16,17,24,25,26,27,35,36,37
769,5,6,7,14,15,16,17,24,25,26,27,35,36,37
770,5,6,7,14,15,16,17,24,25,26,27,35,36,37
771,5,6,7,14,15,16,17,24,25,26,27,35,36,37
772,5,6,7,14,15,16,17,24,25,26,27,35,36,37
773,5,6,7,14,15,16,17,24,25,26,27,35,36,37
774,5,6,7,14,15,16,17,24,25,26,27,35,36,37
775,5,6,7,14,15,16,17,24,25,26,27,35,36,37
776,5,6,7,14,15,16,17,24,25,26,27,35,36,37
777,5,6,7,14,15,16,17,24,25,26,27,35,36,37
778,5,6,7,14,15,16,17,24,25,26,27,35,36,37
779,5,6,7,14,15,16,17,24,25,26,27,35,36,37
780,5,6,7,14,15,16,17,24,25,26,27,35,36,37
781,5,6,7,14,15,16,17,24,25,26,27,35,36,37
782,5,6,7,14,15,16,17,24,25,26,27,35,36,37
783,5,6,7,14,15,16,17,24,25,26,27,35,36,37
784,5,6,7,14,15,16,17,24,25,26,27,35,36,37
785,5,6,7,14,15,16,17,24,25,26,27,35,36,37
786,5,6,7,14,15,16,17,24,25,26,27,35,36,37
787,5,6,7,14,15,16,17,24,25,26,27,35,36,37
788,5,6,7,14,15,16,17,24,25,26,27,35,36,37
789,5,6,7,14,15,16,17,24,25,26,27,35,36,37
790,5,6,7,14,15,16,17,24,25,26,27,35,36,37
791,5,6,7,14,15,16,17,24,25,26,27,35,36,37
792,5,6,7,14,15,16,17,24,25,26,27,35,36,37
793,5,6,7,14,15,16,17,24,25,26,27,35,36,37
794,5,6,7,14,15,16,17,24,25,26,27,35,36,37
795,5,6,7,14,15,16,17,24,25,26,27,35,36,37
796,5,6,7,14,15,16,17,24,25,26,27,35,36,37
797,5,6,7,14,15,16,17,24,25,26,27,34,35,36,37
798,5,6,7,14,15,16,17,24,25,26,27,34,35,36,37
799,5,6,7,14,15,16,17,24,25,26,27,34,35,36
800,5,6,7,14,15,16,17,24,25,26,27,34,35,36
801,5,6,14,15,16,17,24,25,26,27,34,35,36
802,5,6,14,15,16,17,24,25,26,27,34,35,36
803,5,6,14,15,16,17,24,25,26,27,34,35,36
804,5,6,14,15,16,17,24,25,26,27,34,35,36
805,5,6,14,15,16,17,24,25,26,27,34,35,36
806,5,6,14,15,16,17,24,25,26,27,34,35,36
807,5,6,14,15,16,17,24,25,26,27,34,35,36
808,5,6,14,15,16,17,24,25,26,27,34,35,36
809,5,6,14,15,16,17,24,25,26,27,34,35,36
810,5,6,14,15,16,17,24,25,26,27,34,35,36
811,5,6,14,15,16,17,24,25,26,27,34,35,36
812,5,6,14,15,16,17,24,25,26,27,34,35,36
813,5,6,14,15,16,17,24,25,26,27,34,35,36
814,5,6,14,15,16,17,24,25,26,27,34,35,36
815,5,6,14,15,16,17,24,25,26,27,34,35,36
816,5,6,14,15,16,17,24,25,26,27,34,35,36
817,5,6,14,15,16,17,24,25,26,27,34,35,36
818,5,6,14,15,16,17,24,25,26,27,34,35,36
819,5,6,14,15,16,17,24,25,26,27,34,35,36
820,5,6,14,15,16,17,24,25,26,27,34,35,36
821,5,6,14,15,16,17,24,25,26,27,34,35,36
822,5,6,14,15,16,17,24,25,26,27,34,35,36
823,5,6,14,15,16,17,24,25,26,27,34,35,36
824,5,6,14,15,16,17,24,25,26,27,34,35,36
825,5,6,14,15,16,17,24,25,26,27,34,35,36
826,5,6,14,15,16,17,24,25,26,27,34,35,36
827,5,6,14,15,16,17,24,25,26,27,34,35,36
828,5,6,14,15,16,17,24,25,26,27,34,35,36
829,5,6,14,15,16,17,24,25,26,27,34,35,36
830,5,6,14,15,16,17,24,25,26,27,34,35,36
831,5,6,14,15,16,17,24,25,26,27,34,35,36
832,5,6,14,15,16,17,24,25,26,27,34,35,36
833,5,6,14,15,16,17,24,25,26,27,34,35,36
834,5,6,14,15,16,17,24,25,26,27,34,35,36
835,5,6,14,15,16,17,24,25,26,27,34,35,36
836,5,6,14,15,16,17,24,25,26,27,34,35,36
837,5,6,7,14,15,16,17,24,25,26,27,34,35,36
838,5,6,7,14,15,16,17,24,25,26,27,34,35,36
839,4,5,6,7,14,15,16,17,24,25,26,27,35,36
840,4,5,6,7,14,15,16,17,24,25,26,27,35,36
841,4,5,6,7,14,15,16,17,24,25,26,27,35,36
842,4,5,6,7,14,15,16,17,24,25,26,27,35,36
843,4,5,6,7,14,15,16,17,24,25,26,27,35,36
844,4,5,6,7,14,15,16,17,24,25,26,27,35,36
845,4,5,6,7,14,15,16,17,24,25,26,27,35,36
846,4,5,6,7,14,15,16,17,24,25,26,27,35,36
847,4,5,6,7,8,14,15,16,17,24,25,26,27
848,4,5,6,7,8,14,15,16,17,24,25,26,27
849,1,2,3,4,5,6,7,8,9,10,14,15,16,17,24,25,26,27
850,1,2,3,4,5,6,7,8,9,10,14,15,16,17,24,25,26,27
851,1,2,3,4,5,6,7,8,9,10,14,15,16,17,18,24,25,26,27
852,1,2,3,4,5,6,7,8,9,10,14,15,16,17,18,24,25,26,27
853,1,2,3,4,5,6,7,8,9,10,14,15,16,17,18,24,25,26,27
854,1,2,3,4,5,6,7,8,9,10,14,15,16,17,18,24,25,26,27
855,1,2,3,4,5,6,7,8,9,10,13,14,15,16,17,18,24,25,26,27
856,1,2,3,4,5,6,7,8,9,10,13,14,15,16,17,18,24,25,26,27
857,1,2,3,4,5,6,7,8,9,10,13,14,15,16,17,18,24,25,26,27
858,1,2,3,4,5,6,7,8,9,10,13,14,15,16,17,18,24,25,26,27
859,1,2,3,4,5,6,7,8,9,10,13,14,15,16,17,18,24,25,26,27
860,1,2,3,4,5,6,7,8,9,10,13,14,15,16,17,18,24,25,26,27
861,1,2,3,4,5,6,7,8,9,10,13,14,15,16,17,18,24,25,26,27
862,1,2,3,4,5,6,7,8,9,10,13,14,15,16,17,18,24,25,26,27
863,1,2,3,4,5,6,7,8,9,10,13,14,15,16,17,18,24,25,26,27
864,1,2,3,4,5,6,7,8,9,10,13,14,15,16,17,18,24,25,26,27
865,1,2,3,4,5,6,7,8,9,10,13,14,15,16,17,18,24,25,26,27
866,1,2,3,4,5,6,7,8,9,10,13,14,15,16,17,18,24,25,26,27
867,1,2,3,4,5,6,7,8,9,10,14,15,16,17,18,24,25,26,27
868,1,2,3,4,5,6,7,8,9,10,14,15,16,17,18,24,25,26,27
869,1,2,3,4,5,6,7,8,9,10,14,15,16,17,18,24,25,26,27
870,1,2,3,4,5,6,7,8,9,10,14,15,16,17,18,24,25,26,27
871,1,2,3,4,5,6,7,8,9,10,14,15,16,17,18,24,25,26,27
872,1,2,3,4,5,6,7,8,9,10,14,15,16,17,18,24,25,26,27
873,1,2,3,4,5,6,7,8,9,10,14,15,16,17,18,24,25,26,27
874,1,2,3,4,5,6,7,8,9,10,14,15,16,17,18,24,25,26,27
875,1,2,3,4,5,6,7,8,9,10,14,15,16,17,18,24,25,26,27
876,1,2,3,4,5,6,7,8,9,10,14,15,16,17,18,24,25,26,27
877,1,2,3,4,5,6,7,8,9,10,14,15,16,17,18,24,25,26,27
878,1,2,3,4,5,6,7,8,9,10,14,15,16,17,18,24,25,26,27
879,1,2,3,4,5,6,7,8,9,10,14,15,16,17,24,25,26,27
880,1,2,3,4,5,6,7,8,9,10,14,15,16,17,24,25,26,27
881,4,5,6,7,14,15,16,17,24,25,26,27,35,36
882,4,5,6,7,14,15,16,17,24,25,26,27,35,36
883,4,5,6,7,14,15,16,17,24,25,26,27,35,36
884,4,5,6,7,14,15,16,17,24,25,26,27,35,36
885,4,5,6,7,14,15,16,17,24,25,26,27,35,36
886,4,5,6,7,14,15,16,17,24,25,26,27,35,36
887,4,5,6,7,14,15,16,17,24,25,26,27,35,36
888,4,5,6,7,14,15,16,17,24,25,26,27,35,36
889,4,5,6,7,14,15,16,17,24,25,26,27,35,36
890,4,5,6,7,14,15,16,17,24,25,26,27,35,36
891,5,6,7,14,15,16,17,24,25,26,27,35,36,37
892,5,6,7,14,15,16,17,24,25,26,27,35,36,37
893,5,6,14,15,16,17,24,25,26,27,35,36,37
894,5,6,14,15,16,17,24,25,26,27,35,36,37
895,5,6,14,15,16,17,24,25,26,27,34,35,36,37
896,5,6,14,15,16,17,24,25,26,27,34,35,36,37
897,5,6,14,15,16,17,24,25,26,27,34,35,36,37
898,5,6,14,15,16,17,24,25,26,27,34,35,36,37
899,5,6,14,15,16,17,24,25,26,27,34,35,36,37
900,5,6,14,15,16,17,24,25,26,27,34,35,36,37
901,5,6,14,15,16,17,24,25,26,27,34,35,36,37
902,5,6,14,15,16,17,24,25,26,27,34,35,36,37
903,6,14,15,16,17,24,25,26,27,34,35,36,37
904,6,14,15,16,17,24,25,26,27,34,35,36,37
905,14,15,16,17,24,25,26,27,34,35,36,37
906,14,15,16,17,24,25,26,27,34,35,36,37
907,14,15,16,17,24,25,26,27,34,35,36,37,45,46
908,14,15,16,17,24,25,26,27,34,35,36,37,45,46
909,14,15,16,17,24,25,26,27,34,35,36,37,45,46
910,14,15,16,17,24,25,26,27,34,35,36,37,45,46
911,14,15,16,17,24,25,26,27,34,35,36,37,45,46
912,14,15,16,17,24,25,26,27,34,35,36,37,45,46
913,14,15,16,17,24,25,26,27,34,35,36,37,45,46
914,14,15,16,17,24,25,26,27,34,35,36,37,45,46
915,14,15,16,17,24,25,26,27,34,35,36,37,45,46
916,14,15,16,17,24,25,26,27,34,35,36,37,45,46
917,14,15,16,17,24,25,26,27,34,35,36,37,45,46
918,14,15,16,17,24,25,26,27,34,35,36,37,45,46
919,14,15,16,17,24,25,26,27,34,35,36,37,45,46
920,14,15,16,17,24,25,26,27,34,35,36,37,45,46
921,14,15,16,17,24,25,26,27,34,35,36,37,45,46
922,14,15,16,17,24,25,26,27,34,35,36,37,45,46
923,14,15,16,17,24,25,26,27,34,35,36,37,45,46
924,14,15,16,17,24,25,26,27,34,35,36,37,45,46
925,15,16,24,25,26,27,34,35,36,37,44,45,46,47
926,15,16,24,25,26,27,34,35,36,37,44,45,46,47
927,15,16,24,25,26,27,34,35,36,37,44,45,46,47
928,15,16,24,25,26,27,34,35,36,37,44,45,46,47
929,15,16,24,25,26,27,34,35,36,37,44,45,46,47
930,15,16,24,25,26,27,34,35,36,37,44,45,46,47
931,15,16,24,25,26,27,34,35,36,37,44,45,46,47
932,15,16,24,25,26,27,34,35,36,37,44,45,46,47
933,15,16,24,25,26,27,34,35,36,37,44,45,46,47
934,15,16,24,25,26,27,34,35,36,37,44,45,46,47
935,15,16,24,25,26,27,34,35,36,37,44,45,46,47
936,15,16,24,25,26,27,34,35,36,37,44,45,46,47
937,15,16,24,25,26,27,34,35,36,37,44,45,46,47
938,15,16,24,25,26,27,34,35,36,37,44,45,46,47
939,14,15,16,24,25,26,27,34,35,36,37,44,45,46
940,14,15,16,24,25,26,27,34,35,36,37,44,45,46
941,14,15,16,17,24,25,26,27,34,35,36,37,45,46
942,14,15,16,17,24,25,26,27,34,35,36,37,45,46
943,14,15,16,17,24,25,26,27,34,35,36,37,45,46
944,14,15,16,17,24,25,26,27,34,35,36,37,45,46
945,14,15,16,17,24,25,26,27,34,35,36,37,45,46
946,14,15,16,17,24,25,26,27,34,35,36,37,45,46
947,14,15,16,17,24,25,26,27,34,35,36,37,45,46
948,14,15,16,17,24,25,26,27,34,35,36,37,45,46
949,14,15,16,17,24,25,26,27,34,35,36,37,45,46
950,14,15,16,17,24,25,26,27,34,35,36,37,45,46
951,14,15,16,17,24,25,26,27,34,35,36,37,45,46
952,14,15,16,17,24,25,26,27,34,35,36,37,45,46
953,14,15,16,17,24,25,26,27,34,35,36,37,45,46
954,14,15,16,17,24,25,26,27,34,35,36,37,45,46
955,14,15,16,17,24,25,26,27,34,35,36,37,45,46
956,14,15,16,17,24,25,26,27,34,35,36,37,45,46
957,14,15,16,17,24,25,26,27,34,35,36,37,45,46
958,14,15,16,17,24,25,26,27,34,35,36,37,45,46
959,14,15,16,17,24,25,26,27,34,35,36,37,45,46
960,14,15,16,17,24,25,26,27,34,35,36,37,45,46
961,14,15,16,17,24,25,26,27,34,35,36,37,45,46
962,14,15,16,17,24,25,26,27,34,35,36,37,45,46
963,14,15,16,17,24,25,26,27,34,35,36,37,45,46
964,14,15,16,17,24,25,26,27,34,35,36,37,45,46
965,14,15,16,17,24,25,26,27,34,35,36,37,45,46
966,14,15,16,17,24,25,26,27,34,35,36,37,45,46
967,14,15,16,17,24,25,26,27,34,35,36,37,45,46
968,14,15,16,17,24,25,26,27,34,35,36,37,45,46
969,14,15,16,17,24,25,26,27,34,35,36,37,45,46
970,14,15,16,17,24,25,26,27,34,35,36,37,45,46
971,14,15,16,17,24,25,26,27,34,35,36,37,45,46
972,14,15,16,17,24,25,26,27,34,35,36,37,45,46
973,14,15,16,17,24,25,26,27,34,35,36,37,45,46
974,14,15,16,17,24,25,26,27,34,35,36,37,45,46
975,14,15,16,17,24,25,26,27,34,35,36,37,45,46
976,14,15,16,17,24,25,26,27,34,35,36,37,45,46
977,14,15,16,17,24,25,26,27,34,35,36,37,45,46
978,14,15,16,17,24,25,26,27,34,35,36,37,45,46
979,14,15,16,17,24,25,26,27,34,35,36,37,45,46
980,14,15,16,17,24,25,26,27,34,35,36,37,45,46
981,14,15,16,17,24,25,26,27,34,35,36,37,45,46
982,14,15,16,17,24,25,26,27,34,35,36,37,45,46
983,14,15,16,17,24,25,26,27,34,35,36,37,45,46
984,14,15,16,17,24,25,26,27,34,35,36,37,45,46
985,14,15,16,17,24,25,26,27,34,35,36,37
986,14,15,16,17,24,25,26,27,34,35,36,37
987,14,15,16,17,24,25,26,27,34,35,36,37
988,14,15,16,17,24,25,26,27,34,35,36,37
989,14,15,16,17,24,25,26,27,34,35,36,37
990,14,15,16,17,24,25,26,27,34,35,36,37
991,6,14,15,16,17,24,25,26,27,34,35,36,37
992,6,14,15,16,17,24,25,26,27,34,35,36,37
993,6,14,15,16,17,24,25,26,27,34,35,36,37
994,6,14,15,16,17,24,25,26,27,34,35,36,37
995,6,14,15,16,17,24,25,26,27,34,35,36,37
996,6,14,15,16,17,24,25,26,27,34,35,36,37
997,6,14,15,16,17,24,25,26,27,34,35,36,37
998,6,14,15,16,17,24,25,26,27,34,35,36,37
999,6,14,15,16,17,24,25,26,27,34,35,36,37
1000,6,14,15,16,17,24,25,26,27,34,35,36,37
1001,6,14,15,16,17,24,25,26,27,34,35,36,37
1002,6,14,15,16,17,24,25,26,27,34,35,36,37
1003,6,14,15,16,17,24,25,26,27,34,35,36,37
1004,6,14,15,16,17,24,25,26,27,34,35,36,37
1005,6,14,15,16,17,24,25,26,27,34,35,36,37
1006,6,14,15,16,17,24,25,26,27,34,35,36,37
1007,6,14,15,16,17,24,25,26,27,34,35,36,37
1008,6,14,15,16,17,24,25,26,27,34,35,36,37
1009,6,14,15,16,17,24,25,26,27,34,35,36,37
1010,6,14,15,16,17,24,25,26,27,34,35,36,37
1011,6,14,15,16,17,24,25,26,27,34,35,36,37
1012,6,14,15,16,17,24,25,26,27,34,35,36,37
1013,6,14,15,16,17,24,25,26,27,34,35,36,37
1014,6,14,15,16,17,24,25,26,27,34,35,36,37
1015,6,14,15,16,17,24,25,26,27,34,35,36,37
1016,6,14,15,16,17,24,25,26,27,34,35,36,37
1017,6,14,15,16,17,24,25,26,27,34,35,36,37
1018,6,14,15,16,17,24,25,26,27,34,35,36,37
1019,6,14,15,16,17,24,25,26,27,34,35,36,37
1020,6,14,15,16,17,24,25,26,27,34,35,36,37
1021,6,14,15,16,17,24,25,26,27,34,35,36,37
1022,6,14,15,16,17,24,25,26,27,34,35,36,37
1023,6,14,15,16,17,24,25,26,27,34,35,36,37
1024,6,14,15,16,17,24,25,26,27,34,35,36,37
1025,6,14,15,16,17,24,25,26,27,34,35,36,37
1026,6,14,15,16,17,24,25,26,27,34,35,36,37
1027,6,14,15,16,17,24,25,26,27,34,35,36,37
1028,6,14,15,16,17,24,25,26,27,34,35,36,37
1029,6,14,15,16,17,24,25,26,27,34,35,36,37
1030,6,14,15,16,17,24,25,26,27,34,35,36,37
1031,6,14,15,16,17,24,25,26,27,34,35,36,37
1032,6,14,15,16,17,24,25,26,27,34,35,36,37
1033,6,14,15,16,17,24,25,26,27,34,35,36,37
1034,6,14,15,16,17,24,25,26,27,34,35,36,37
1035,6,14,15,16,17,24,25,26,27,34,35,36,37
1036,6,14,15,16,17,24,25,26,27,34,35,36,37
1037,6,14,15,16,17,24,25,26,27,34,35,36,37
1038,6,14,15,16,17,24,25,26,27,34,35,36,37
1039,6,14,15,16,17,24,25,26,27,34,35,36,37
1040,6,14,15,16,17,24,25,26,27,34,35,36,37
1041,6,14,15,16,17,24,25,26,27,34,35,36,37
1042,6,14,15,16,17,24,25,26,27,34,35,36,37
1043,6,14,15,16,17,24,25,26,27,34,35,36,37
1044,6,14,15,16,17,24,25,26,27,34,35,36,37
1045,6,14,15,16,17,24,25,26,27,34,35,36,37
1046,6,14,15,16,17,24,25,26,27,34,35,36,37
1047,6,14,15,16,17,24,25,26,27,34,35,36,37
1048,6,14,15,16,17,24,25,26,27,34,35,36,37
1049,6,14,15,16,17,24,25,26,27,34,35,36,37
1050,6,14,15,16,17,24,25,26,27,34,35,36,37
1051,6,14,15,16,17,24,25,26,27,34,35,36,37
1052,6,14,15,16,17,24,25,26,27,34,35,36,37
1053,6,14,15,16,17,24,25,26,27,34,35,36,37
1054,6,14,15,16,17,24,25,26,27,34,35,36,37
1055,6,14,15,16,17,24,25,26,27,35,36,37
1056,6,14,15,16,17,24,25,26,27,35,36,37
1057,6,14,15,16,17,24,25,26,27,35,36,37
1058,6,14,15,16,17,24,25,26,27,35,36,37
1059,6,14,15,16,17,24,25,26,27,35,36,37
1060,6,14,15,16,17,24,25,26,27,35,36,37
1061,6,14,15,16,17,24,25,26,27,35,36,37
1062,6,14,15,16,17,24,25,26,27,35,36,37
1063,6,14,15,16,17,24,25,26,27,35,36,37
1064,6,14,15,16,17,24,25,26,27,35,36,37
1065,6,14,15,16,17,24,25,26,27,35,36,37
1066,6,14,15,16,17,24,25,26,27,35,36,37
1067,6,14,15,16,17,24,25,26,27,35,36,37
1068,6,14,15,16,17,24,25,26,27,35,36,37
1069,6,14,15,16,17,24,25,26,27,35,36,37
1070,6,14,15,16,17,24,25,26,27,35,36,37
1071,6,14,15,16,17,24,25,26,27,35,36,37
1072,6,14,15,16,17,24,25,26,27,35,36,37
1073,6,14,15,16,17,24,25,26,27,35,36,37
1074,6,14,15,16,17,24,25,26,27,35,36,37
1075,6,14,15,16,17,24,25,26,27,35,36,37
1076,6,14,15,16,17,24,25,26,27,35,36,37
1077,6,14,15,16,17,24,25,26,27,35,36,37
1078,6,14,15,16,17,24,25,26,27,35,36,37
1079,6,14,15,16,17,24,25,26,27,35,36,37
1080,6,14,15,16,17,24,25,26,27,35,36,37
1081,6,14,15,16,17,24,25,26,27,35,36,37
1082,6,14,15,16,17,24,25,26,27,35,36,37
1083,6,14,15,16,17,24,25,26,27,35,36,37
1084,6,14,15,16,17,24,25,26,27,35,36,37
1085,6,14,15,16,17,24,25,26,27,34,35,36,37
1086,6,14,15,16,17,24,25,26,27,34,35,36,37
1087,6,14,15,16,17,24,25,26,27,34,35,36,37
1088,6,14,15,16,17,24,25,26,27,34,35,36,37
1089,5,6,14,15,16,17,24,25,26,27,34,35,36,37
1090,5,6,14,15,16,17,24,25,26,27,34,35,36,37
1091,5,6,14,15,16,17,24,25,26,27,34,35,36,37
1092,5,6,14,15,16,17,24,25,26,27,34,35,36,37
1093,5,6,14,15,16,17,24,25,26,27,34,35,36,37
1094,5,6,14,15,16,17,24,25,26,27,34,35,36,37
1095,6,14,15,16,17,24,25,26,27,34,35,36,37
1096,6,14,15,16,17,24,25,26,27,34,35,36,37
1097,6,14,15,16,17,24,25,26,27,34,35,36,37
1098,6,14,15,16,17,24,25,26,27,34,35,36,37
1099,6,14,15,16,17,24,25,26,27,34,35,36,37
1100,6,14,15,16,17,24,25,26,27,34,35,36,37
1101,6,14,15,16,17,24,25,26,27,34,35,36,37
1102,6,14,15,16,17,24,25,26,27,34,35,36,37
1103,6,14,15,16,17,24,25,26,27,34,35,36,37
1104,6,14,15,16,17,24,25,26,27,34,35,36,37
1105,6,14,15,16,17,24,25,26,27,34,35,36,37
1106,6,14,15,16,17,24,25,26,27,34,35,36,37
1107,5,6,14,15,16,17,24,25,26,27,34,35,36,37
1108,5,6,14,15,16,17,24,25,26,27,34,35,36,37
1109,5,6,14,15,16,17,24,25,26,27,34,35,36,37
1110,5,6,14,15,16,17,24,25,26,27,34,35,36,37
1111,5,6,14,15,16,17,24,25,26,27,34,35,36,37
1112,5,6,14,15,16,17,24,25,26,27,34,35,36,37
1113,5,6,14,15,16,17,24,25,26,27,34,35,36,37
1114,5,6,14,15,16,17,24,25,26,27,34,35,36,37
1115,5,6,14,15,16,17,24,25,26,27,34,35,36,37
1116,5,6,14,15,16,17,24,25,26,27,34,35,36,37
1117,5,6,14,15,16,17,24,25,26,27,34,35,36,37
1118,5,6,14,15,16,17,24,25,26,27,34,35,36,37
1119,5,6,14,15,16,17,24,25,26,27,34,35,36,37
1120,5,6,14,15,16,17,24,25,26,27,34,35,36,37
1121,5,6,14,15,16,17,24,25,26,27,34,35,36,37
1122,5,6,14,15,16,17,24,25,26,27,34,35,36,37
1123,5,6,14,15,16,17,24,25,26,27,34,35,36,37
1124,5,6,14,15,16,17,24,25,26,27,34,35,36,37
1125,5,6,14,15,16,17,24,25,26,27,34,35,36,37
1126,5,6,14,15,16,17,24,25,26,27,34,35,36,37
1127,5,6,14,15,16,17,24,25,26,27,34,35,36,37
1128,5,6,14,15,16,17,24,25,26,27,34,35,36,37
1129,5,6,14,15,16,17,24,25,26,27,34,35,36,37
1130,5,6,14,15,16,17,24,25,26,27,34,35,36,37
1131,5,6,14,15,16,17,24,25,26,27,34,35,36,37
1132,5,6,14,15,16,17,24,25,26,27,34,35,36,37
1133,5,6,14,15,16,17,24,25,26,27,35,36,37
1134,5,6,14,15,16,17,24,25,26,27,35,36,37
1135,5,6,14,15,16,17,24,25,26,27,34,35,36,37
1136,5,6,14,15,16,17,24,25,26,27,34,35,36,37
1137,5,6,14,15,16,17,24,25,26,27,34,35,36,37
1138,5,6,14,15,16,17,24,25,26,27,34,35,36,37
1139,5,6,14,15,16,17,24,25,26,27,34,35,36,37
1140,5,6,14,15,16,17,24,25,26,27,34,35,36,37
1141,5,6,14,15,16,17,24,25,26,27,34,35,36,37
1142,5,6,14,15,16,17,24,25,26,27,34,35,36,37
1143,5,6,14,15,16,17,24,25,26,27,34,35,36,37
1144,5,6,14,15,16,17,24,25,26,27,34,35,36,37
1145,5,6,14,15,16,17,24,25,26,27,34,35,36,37
1146,5,6,14,15,16,17,24,25,26,27,34,35,36,37
1147,5,6,14,15,16,17,24,25,26,27,34,35,36,37
1148,5,6,14,15,16,17,24,25,26,27,34,35,36,37
1149,5,6,14,15,16,17,24,25,26,27,34,35,36,37
1150,5,6,14,15,16,17,24,25,26,27,34,35,36,37
1151,5,6,14,15,16,17,24,25,26,27,34,35,36,37
1152,5,6,14,15,16,17,24,25,26,27,34,35,36,37
1153,5,6,14,15,16,17,24,25,26,27,34,35,36,37
1154,5,6,14,15,16,17,24,25,26,27,34,35,36,37
1155,5,6,14,15,16,17,24,25,26,27,34,35,36,37
1156,5,6,14,15,16,17,24,25,26,27,34,35,36,37
1157,5,6,14,15,16,17,24,25,26,27,34,35,36,37
1158,5,6,14,15,16,17,24,25,26,27,34,35,36,37
1159,5,6,14,15,16,17,24,25,26,27,34,35,36,37
1160,5,6,14,15,16,17,24,25,26,27,34,35,36,37
1161,5,6,14,15,16,17,24,25,26,27,34,35,36,37
1162,5,6,14,15,16,17,24,25,26,27,34,35,36,37
1163,5,6,14,15,16,17,24,25,26,27,34,35,36,37
1164,5,6,14,15,16,17,24,25,26,27,34,35,36,37
1165,5,6,14,15,16,17,24,25,26,27,34,35,36,37
1166,5,6,14,15,16,17,24,25,26,27,34,35,36,37
1167,5,6,14,15,16,17,24,25,26,27,34,35,36,37
1168,5,6,14,15,16,17,24,25,26,27,34,35,36,37
1169,5,6,14,15,16,17,24,25,26,27,34,35,36,37
1170,5,6,14,15,16,17,24,25,26,27,34,35,36,37
1171,5,6,14,15,16,17,24,25,26,27,34,35,36,37
1172,5,6,14,15,16,17,24,25,26,27,34,35,36,37
1173,5,6,14,15,16,17,24,25,26,27,34,35,36,37
1174,5,6,14,15,16,17,24,25,26,27,34,35,36,37
1175,5,6,14,15,16,17,24,25,26,27,34,35,36,37
1176,5,6,14,15,16,17,24,25,26,27,34,35,36,37
1177,5,6,14,15,16,17,24,25,26,27,34,35,36,37
1178,5,6,14,15,16,17,24,25,26,27,34,35,36,37
1179,5,6,14,15,16,17,24,25,26,27,34,35,36,37
1180,5,6,14,15,16,17,24,25,26,27,34,35,36,37
1181,5,6,14,15,16,17,24,25,26,27,34,35,36,37
1182,5,6,14,15,16,17,24,25,26,27,34,35,36,37
1183,5,6,14,15,16,17,24,25,26,27,34,35,36,37
1184,5,6,14,15,16,17,24,25,26,27,34,35,36,37
1185,5,6,14,15,16,17,24,25,26,27,34,35,36,37
1186,5,6,14,15,16,17,24,25,26,27,34,35,36,37
1187,5,6,14,15,16,17,24,25,26,27,34,35,36,37
1188,5,6,14,15,16,17,24,25,26,27,34,35,36,37
1189,5,6,14,15,16,17,24,25,26,27,34,35,36,37
1190,5,6,14,15,16,17,24,25,26,27,34,35,36,37
1191,5,6,14,15,16,17,24,25,26,27,34,35,36,37
1192,5,6,14,15,16,17,24,25,26,27,34,35,36,37
1193,5,6,14,15,16,17,24,25,26,27,34,35,36,37
1194,5,6,14,15,16,17,24,25,26,27,34,35,36,37
1195,5,6,14,15,16,17,24,25,26,27,34,35,36,37
1196,5,6,14,15,16,17,24,25,26,27,34,35,36,37
1197,5,6,14,15,16,17,24,25,26,27,34,35,36,37
1198,5,6,14,15,16,17,24,25,26,27,34,35,36,37
1199,5,6,14,15,16,17,24,25,26,27,34,35,36,37
1200,5,6,14,15,16,17,24,25,26,27,34,35,36,37
1201,5,6,14,15,16,17,24,25,26,27,34,35,36,37
1202,5,6,14,15,16,17,24,25,26,27,34,35,36,37
1203,5,6,14,15,16,17,24,25,26,27,34,35,36,37
1204,5,6,14,15,16,17,24,25,26,27,34,35,36,37
1205,5,6,14,15,16,17,24,25,26,27,34,35,36,37
1206,5,6,14,15,16,17,24,25,26,27,34,35,36,37
1207,5,6,14,15,16,17,24,25,26,27,34,35,36,37
1208,5,6,14,15,16,17,24,25,26,27,34,35,36,37
1209,5,6,14,15,16,17,24,25,26,27,34,35,36,37
1210,5,6,14,15,16,17,24,25,26,27,34,35,36,37
1211,5,6,14,15,16,17,24,25,26,27,34,35,36,37
1212,5,6,14,15,16,17,24,25,26,27,34,35,36,37
1213,5,6,14,15,16,17,24,25,26,27,34,35,36,37
1214,5,6,14,15,16,17,24,25,26,27,34,35,36,37
1215,5,6,14,15,16,17,24,25,26,27,34,35,36,37
1216,5,6,14,15,16,17,24,25,26,27,34,35,36,37
1217,5,6,14,15,16,17,24,25,26,27,34,35,36,37
1218,5,6,14,15,16,17,24,25,26,27,34,35,36,37
1219,5,6,14,15,16,17,24,25,26,27,34,35,36,37
1220,5,6,14,15,16,17,24,25,26,27,34,35,36,37
1221,5,6,14,15,16,17,24,25,26,27,34,35,36,37
1222,5,6,14,15,16,17,24,25,26,27,34,35,36,37
1223,5,6,14,15,16,17,24,25,26,27,34,35,36,37
1224,5,6,14,15,16,17,24,25,26,27,34,35,36,37
1225,5,6,14,15,16,17,24,25,26,27,34,35,36,37
1226,5,6,14,15,16,17,24,25,26,27,34,35,36,37
1227,5,6,14,15,16,17,24,25,26,27,34,35,36,37
1228,5,6,14,15,16,17,24,25,26,27,34,35,36,37
1229,5,6,14,15,16,17,24,25,26,27,34,35,36,37
1230,5,6,14,15,16,17,24,25,26,27,34,35,36,37
1231,5,6,14,15,16,17,24,25,26,27,34,35,36,37
1232,5,6,14,15,16,17,24,25,26,27,34,35,36,37
1233,5,6,14,15,16,17,24,25,26,27,34,35,36,37
1234,5,6,14,15,16,17,24,25,26,27,34,35,36,37
1235,5,6,14,15,16,17,24,25,26,27,34,35,36
1236,5,6,14,15,16,17,24,25,26,27,34,35,36
1237,5,6,14,15,16,17,24,25,26,27,34,35,36
1238,5,6,14,15,16,17,24,25,26,27,34,35,36
1239,5,6,14,15,16,17,24,25,26,27,34,35,36
1240,5,6,14,15,16,17,24,25,26,27,34,35,36
1241,5,14,15,16,24,25,26,34,35,36
1242,5,14,15,16,24,25,26,34,35,36
1243,5,14,15,16,24,25,26,34,35,36
1244,5,14,15,16,24,25,26,34,35,36
1245,5,14,15,16,24,25,26,34,35,36
1246,5,14,15,16,24,25,26,34,35,36
1247,5,14,15,16,23,24,25,26,34,35,36
1248,5,14,15,16,23,24,25,26,34,35,36
1249,5,13,14,15,16,23,24,25,26,34,35,36
1250,5,13,14,15,16,23,24,25,26,34,35,36
1251,5,13,14,15,16,23,24,25,26,33,34,35,36
1252,5,13,14,15,16,23,24,25,26,33,34,35,36
1253,5,13,14,15,16,23,24,25,26,33,34,35,36
1254,5,13,14,15,16,23,24,25,26,33,34,35,36
1255,5,13,14,15,16,23,24,25,26,33,34,35,36
1256,5,13,14,15,16,23,24,25,26,33,34,35,36
1257,5,13,14,15,16,23,24,25,26,33,34,35,36
1258,5,13,14,15,16,23,24,25,26,33,34,35,36
1259,5,13,14,15,16,23,24,25,26,33,34,35,36
1260,5,13,14,15,16,23,24,25,26,33,34,35,36
1261,5,13,14,15,16,23,24,25,26,33,34,35,36
1262,5,13,14,15,16,23,24,25,26,33,34,35,36
1263,5,13,14,15,16,23,24,25,26,33,34,35,36
1264,5,13,14,15,16,23,24,25,26,33,34,35,36
1265,5,13,14,15,16,23,24,25,26,33,34,35,36
1266,5,13,14,15,16,23,24,25,26,33,34,35,36
1267,5,13,14,15,16,23,24,25,26,33,34,35,36
1268,5,13,14,15,16,23,24,25,26,33,34,35,36
1269,5,13,14,15,16,23,24,25,26,33,34,35,36
1270,5,13,14,15,16,23,24,25,26,33,34,35,36
1271,5,13,14,15,16,23,24,25,26,33,34,35,36
1272,5,13,14,15,16,23,24,25,26,33,34,35,36
1273,5,13,14,15,16,23,24,25,26,33,34,35,36
1274,5,13,14,15,16,23,24,25,26,33,34,35,36
1275,5,13,14,15,16,23,24,25,26,34,35,36
1276,5,13,14,15,16,23,24,25,26,34,35,36
1277,5,13,14,15,16,23,24,25,26,34,35,36
1278,5,13,14,15,16,23,24,25,26,34,35,36
1279,5,13,14,15,16,23,24,25,26,34,35,36
1280,5,13,14,15,16,23,24,25,26,34,35,36
1281,5,14,15,16,23,24,25,26,34,35,36
1282,5,14,15,16,23,24,25,26,34,35,36
1283,5,14,15,16,24,25,26,34,35,36
1284,5,14,15,16,24,25,26,34,35,36
1285,5,6,14,15,16,17,24,25,26,27,34,35,36
1286,5,6,14,15,16,17,24,25,26,27,34,35,36
1287,5,6,14,15,16,17,24,25,26,27,34,35,36,37
1288,5,6,14,15,16,17,24,25,26,27,34,35,36,37
1289,6,14,15,16,17,24,25,26,27,34,35,36,37
1290,6,14,15,16,17,24,25,26,27,34,35,36,37
1291,6,14,15,16,17,24,25,26,27,34,35,36,37
1292,6,14,15,16,17,24,25,26,27,34,35,36,37
1293,6,14,15,16,17,24,25,26,27,34,35,36,37
1294,6,14,15,16,17,24,25,26,27,34,35,36,37
1295,6,14,15,16,17,24,25,26,27,34,35,36,37
1296,6,14,15,16,17,24,25,26,27,34,35,36,37
1297,6,14,15,16,17,24,25,26,27,34,35,36,37
1298,6,14,15,16,17,24,25,26,27,34,35,36,37
1299,6,14,15,16,17,24,25,26,27,34,35,36,37
1300,6,14,15,16,17,24,25,26,27,34,35,36,37
1301,6,14,15,16,17,24,25,26,27,34,35,36,37
1302,6,14,15,16,17,24,25,26,27,34,35,36,37
1303,5,6,14,15,16,17,24,25,26,27,34,35,36,37
1304,5,6,14,15,16,17,24,25,26,27,34,35,36,37
1305,5,6,14,15,16,17,24,25,26,27,34,35,36,37
1306,5,6,14,15,16,17,24,25,26,27,34,35,36,37
1307,5,6,14,15,16,17,24,25,26,27,34,35,36,37
1308,5,6,14,15,16,17,24,25,26,27,34,35,36,37
1309,5,6,14,15,16,17,24,25,26,27,34,35,36,37
1310,5,6,14,15,16,17,24,25,26,27,34,35,36,37
1311,5,6,14,15,16,17,24,25,26,27,34,35,36,37
1312,5,6,14,15,16,17,24,25,26,27,34,35,36,37
1313,5,6,14,15,16,17,24,25,26,27,34,35,36,37
1314,5,6,14,15,16,17,24,25,26,27,34,35,36,37
1315,5,6,14,15,16,17,24,25,26,27,34,35,36,37
1316,5,6,14,15,16,17,24,25,26,27,34,35,36,37
1317,5,6,14,15,16,17,24,25,26,27,34,35,36,37
1318,5,6,14,15,16,17,24,25,26,27,34,35,36,37
1319,5,6,14,15,16,17,24,25,26,27,34,35,36,37
1320,5,6,14,15,16,17,24,25,26,27,34,35,36,37
1321,5,6,14,15,16,17,24,25,26,27,34,35,36,37
1322,5,6,14,15,16,17,24,25,26,27,34,35,36,37
1323,5,6,14,15,16,17,24,25,26,27,34,35,36,37
1324,5,6,14,15,16,17,24,25,26,27,34,35,36,37
1325,5,6,14,15,16,17,24,25,26,27,34,35,36,37
1326,5,6,14,15,16,17,24,25,26,27,34,35,36,37
1327,5,6,14,15,16,17,24,25,26,27,34,35,36,37
1328,5,6,14,15,16,17,24,25,26,27,34,35,36,37
1329,5,6,14,15,16,17,24,25,26,27,34,35,36,37
1330,5,6,14,15,16,17,24,25,26,27,34,35,36,37
1331,5,6,14,15,16,17,24,25,26,27,34,35,36,37
1332,5,6,14,15,16,17,24,25,26,27,34,35,36,37
1333,5,6,14,15,16,17,24,25,26,27,34,35,36,37
1334,5,6,14,15,16,17,24,25,26,27,34,35,36,37
1335,5,6,14,15,16,17,24,25,26,27,34,35,36,37
1336,5,6,14,15,16,17,24,25,26,27,34,35,36,37
1337,5,6,14,15,16,17,24,25,26,27,34,35,36,37
1338,5,6,14,15,16,17,24,25,26,27,34,35,36,37
1339,6,14,15,16,17,24,25,26,27,34,35,36,37
1340,6,14,15,16,17,24,25,26,27,34,35,36,37
1341,6,14,15,16,17,24,25,26,27,34,35,36,37
1342,6,14,15,16,17,24,25,26,27,34,35,36,37
1343,6,14,15,16,17,24,25,26,27,34,35,36,37
1344,6,14,15,16,17,24,25,26,27,34,35,36,37
1345,6,14,15,16,17,24,25,26,27,34,35,36,37
1346,6,14,15,16,17,24,25,26,27,34,35,36,37
1347,6,14,15,16,17,24,25,26,27,34,35,36,37
1348,6,14,15,16,17,24,25,26,27,34,35,36,37
1349,5,6,14,15,16,17,24,25,26,27,34,35,36,37
1350,5,6,14,15,16,17,24,25,26,27,34,35,36,37
1351,5,6,14,15,16,17,24,25,26,27,34,35,36,37
1352,5,6,14,15,16,17,24,25,26,27,34,35,36,37
1353,5,6,14,15,16,17,24,25,26,27,34,35,36,37
1354,5,6,14,15,16,17,24,25,26,27,34,35,36,37
1355,5,6,14,15,16,17,24,25,26,27,34,35,36,37
1356,5,6,14,15,16,17,24,25,26,27,34,35,36,37
1357,5,6,14,15,16,17,24,25,26,27,34,35,36,37
1358,5,6,14,15,16,17,24,25,26,27,34,35,36,37
1359,6,14,15,16,17,24,25,26,27,34,35,36,37
1360,6,14,15,16,17,24,25,26,27,34,35,36,37
1361,6,14,15,16,17,24,25,26,27,34,35,36,37
1362,6,14,15,16,17,24,25,26,27,34,35,36,37
1363,6,14,15,16,17,24,25,26,27,34,35,36,37
1364,6,14,15,16,17,24,25,26,27,34,35,36,37
1365,6,14,15,16,17,24,25,26,27,34,35,36,37
1366,6,14,15,16,17,24,25,26,27,34,35,36,37
1367,6,14,15,16,17,24,25,26,27,34,35,36,37
1368,6,14,15,16,17,24,25,26,27,34,35,36,37
1369,6,14,15,16,17,24,25,26,27,34,35,36,37
1370,6,14,15,16,17,24,25,26,27,34,35,36,37
1371,6,14,15,16,17,24,25,26,27,34,35,36,37
1372,6,14,15,16,17,24,25,26,27,34,35,36,37
1373,6,14,15,16,17,24,25,26,27,34,35,36,37
1374,6,14,15,16,17,24,25,26,27,34,35,36,37
1375,6,14,15,16,17,24,25,26,27,34,35,36,37
1376,6,14,15,16,17,24,25,26,27,34,35,36,37
1377,6,14,15,16,17,24,25,26,27,34,35,36,37
1378,6,14,15,16,17,24,25,26,27,34,35,36,37
1379,6,14,15,16,17,24,25,26,27,34,35,36,37
1380,6,14,15,16,17,24,25,26,27,34,35,36,37
1381,6,14,15,16,17,24,25,26,27,34,35,36,37
1382,6,14,15,16,17,24,25,26,27,34,35,36,37
1383,6,14,15,16,17,24,25,26,27,34,35,36,37
1384,6,14,15,16,17,24,25,26,27,34,35,36,37
1385,6,14,15,16,17,24,25,26,27,34,35,36,37
1386,6,14,15,16,17,24,25,26,27,34,35,36,37
1387,6,14,15,16,17,24,25,26,27,34,35,36,37
1388,6,14,15,16,17,24,25,26,27,34,35,36,37
1389,6,14,15,16,17,24,25,26,27,34,35,36,37
1390,6,14,15,16,17,24,25,26,27,34,35,36,37
1391,6,14,15,16,17,24,25,26,27,34,35,36,37
1392,6,14,15,16,17,24,25,26,27,34,35,36,37
1393,6,14,15,16,17,24,25,26,27,34,35,36,37
1394,6,14,15,16,17,24,25,26,27,34,35,36,37
1395,6,14,15,16,17,24,25,26,27,34,35,36,37
1396,6,14,15,16,17,24,25,26,27,34,35,36,37
1397,6,14,15,16,17,24,25,26,27,34,35,36,37
1398,6,14,15,16,17,24,25,26,27,34,35,36,37
1399,6,14,15,16,17,24,25,26,27,34,35,36,37
1400,6,14,15,16,17,24,25,26,27,34,35,36,37
1401,6,14,15,16,17,24,25,26,27,34,35,36,37
1402,6,14,15,16,17,24,25,26,27,34,35,36,37
1403,5,6,14,15,16,17,24,25,26,27,34,35,36,37
1404,5,6,14,15,16,17,24,25,26,27,34,35,36,37
1405,5,6,14,15,16,17,24,25,26,27,34,35,36,37
1406,5,6,14,15,16,17,24,25,26,27,34,35,36,37
1407,6,14,15,16,17,24,25,26,27,34,35,36,37
1408,6,14,15,16,17,24,25,26,27,34,35,36,37
1409,6,14,15,16,17,24,25,26,27,34,35,36,37
1410,6,14,15,16,17,24,25,26,27,34,35,36,37
1411,6,14,15,16,17,24,25,26,27,34,35,36,37
1412,6,14,15,16,17,24,25,26,27,34,35,36,37
1413,6,14,15,16,17,24,25,26,27,34,35,36,37
1414,6,14,15,16,17,24,25,26,27,34,35,36,37
1415,5,6,14,15,16,17,24,25,26,27,34,35,36,37
1416,5,6,14,15,16,17,24,25,26,27,34,35,36,37
1417,5,6,14,15,16,17,24,25,26,27,34,35,36,37
1418,5,6,14,15,16,17,24,25,26,27,34,35,36,37
1419,5,6,14,15,16,17,24,25,26,27,34,35,36,37
1420,5,6,14,15,16,17,24,25,26,27,34,35,36,37
1421,5,6,14,15,16,17,24,25,26,27,34,35,36,37
1422,5,6,14,15,16,17,24,25,26,27,34,35,36,37
1423,5,6,14,15,16,17,24,25,26,27,34,35,36,37
1424,5,6,14,15,16,17,24,25,26,27,34,35,36,37
1425,5,6,14,15,16,17,24,25,26,27,34,35,36,37
1426,5,6,14,15,16,17,24,25,26,27,34,35,36,37
1427,5,6,14,15,16,17,24,25,26,27,34,35,36,37
1428,5,6,14,15,16,17,24,25,26,27,34,35,36,37
1429,5,6,14,15,16,17,24,25,26,27,34,35,36,37
1430,5,6,14,15,16,17,24,25,26,27,34,35,36,37
1431,5,6,14,15,16,17,24,25,26,27,34,35,36,37
1432,5,6,14,15,16,17,24,25,26,27,34,35,36,37
1433,5,6,14,15,16,17,24,25,26,27,34,35,36,37
1434,5,6,14,15,16,17,24,25,26,27,34,35,36,37
1435,5,6,14,15,16,17,24,25,26,27,34,35,36,37
1436,5,6,14,15,16,17,24,25,26,27,34,35,36,37
1437,5,6,14,15,16,17,24,25,26,27,34,35,36,37
1438,5,6,14,15,16,17,24,25,26,27,34,35,36,37
1439,5,6,14,15,16,17,24,25,26,27,34,35,36,37
1440,5,6,14,15,16,17,24,25,26,27,34,35,36,37
1441,5,6,14,15,16,17,24,25,26,27,34,35,36,37
1442,5,6,14,15,16,17,24,25,26,27,34,35,36,37
1443,5,6,14,15,16,17,24,25,26,27,35,36,37
1444,5,6,14,15,16,17,24,25,26,27,35,36,37
1445,5,6,14,15,16,17,24,25,26,27,35,36,37
1446,5,6,14,15,16,17,24,25,26,27,35,36,37
1447,5,6,14,15,16,17,24,25,26,27,35,36,37
1448,5,6,14,15,16,17,24,25,26,27,35,36,37
1449,5,6,14,15,16,17,24,25,26,27,35,36,37
1450,5,6,14,15,16,17,24,25,26,27,35,36,37
1451,5,6,14,15,16,17,24,25,26,27,35,36,37
1452,5,6,14,15,16,17,24,25,26,27,35,36,37
1453,5,6,14,15,16,17,24,25,26,27,35,36,37
1454,5,6,14,15,16,17,24,25,26,27,35,36,37
1455,5,6,7,14,15,16,17,24,25,26,27,35,36,37
1456,5,6,7,14,15,16,17,24,25,26,27,35,36,37
1457,5,6,7,14,15,16,17,24,25,26,27,35,36,37
1458,5,6,7,14,15,16,17,24,25,26,27,35,36,37
1459,5,6,7,14,15,16,17,24,25,26,27,35,36,37
1460,5,6,7,14,15,16,17,24,25,26,27,35,36,37
1461,5,6,7,14,15,16,17,24,25,26,27,35,36,37
1462,5,6,7,14,15,16,17,24,25,26,27,35,36,37
1463,5,6,14,15,16,17,24,25,26,27,35,36,37
1464,5,6,14,15,16,17,24,25,26,27,35,36,37
1465,5,6,14,15,16,17,24,25,26,27,34,35,36,37
1466,5,6,14,15,16,17,24,25,26,27,34,35,36,37
1467,5,6,14,15,16,17,24,25,26,27,35,36,37
1468,5,6,14,15,16,17,24,25,26,27,35,36,37
1469,5,6,14,15,16,17,24,25,26,27,35,36,37
1470,5,6,14,15,16,17,24,25,26,27,35,36,37
1471,5,6,14,15,16,17,24,25,26,27,34,35,36,37
1472,5,6,14,15,16,17,24,25,26,27,34,35,36,37
1473,6,14,15,16,17,24,25,26,27,34,35,36,37
1474,6,14,15,16,17,24,25,26,27,34,35,36,37
1475,6,14,15,16,17,24,25,26,27,34,35,36,37
1476,6,14,15,16,17,24,25,26,27,34,35,36,37
1477,6,14,15,16,17,24,25,26,27,35,36,37
1478,6,14,15,16,17,24,25,26,27,35,36,37
1479,6,14,15,16,17,24,25,26,27,35,36,37
1480,6,14,15,16,17,24,25,26,27,35,36,37
1481,6,14,15,16,17,24,25,26,27,35,36,37
1482,6,14,15,16,17,24,25,26,27,35,36,37
1483,6,14,15,16,17,24,25,26,27,35,36,37
1484,6,14,15,16,17,24,25,26,27,35,36,37
1485,6,14,15,16,17,24,25,26,27,35,36,37
1486,6,14,15,16,17,24,25,26,27,35,36,37
1487,6,14,15,16,17,24,25,26,27,35,36,37
1488,6,14,15,16,17,24,25,26,27,35,36,37
1489,6,14,15,16,17,24,25,26,27,34,35,36,37
1490,6,14,15,16,17,24,25,26,27,34,35,36,37
1491,6,14,15,16,17,24,25,26,27,34,35,36,37
1492,6,14,15,16,17,24,25,26,27,34,35,36,37
1493,6,14,15,16,17,24,25,26,27,34,35,36,37
1494,6,14,15,16,17,24,25,26,27,34,35,36,37
1495,6,14,15,16,17,24,25,26,27,34,35,36,37
1496,6,14,15,16,17,24,25,26,27,34,35,36,37
1497,6,14,15,16,17,24,25,26,27,34,35,36,37
1498,6,14,15,16,17,24,25,26,27,34,35,36,37
1499,6,14,15,16,17,24,25,26,27,34,35,36,37
1500,6,14,15,16,17,24,25,26,27,34,35,36,37
1501,6,14,15,16,17,24,25,26,27,34,35,36,37
1502,6,14,15,16,17,24,25,26,27,34,35,36,37
1503,6,14,15,16,17,24,25,26,27,34,35,36,37
1504,6,14,15,16,17,24,25,26,27,34,35,36,37
1505,5,6,14,15,16,17,24,25,26,27,34,35,36,37
1506,5,6,14,15,16,17,24,25,26,27,34,35,36,37
1507,5,6,14,15,16,17,24,25,26,27,34,35,36,37
1508,5,6,14,15,16,17,24,25,26,27,34,35,36,37
1509,5,6,14,15,16,17,24,25,26,27,34,35,36,37
1510,5,6,14,15,16,17,24,25,26,27,34,35,36,37
1511,5,6,14,15,16,17,24,25,26,27,34,35,36,37
1512,5,6,14,15,16,17,24,25,26,27,34,35,36,37
1513,5,6,14,15,16,17,24,25,26,27,34,35,36,37
1514,5,6,14,15,16,17,24,25,26,27,34,35,36,37
1515,6,14,15,16,17,24,25,26,27,34,35,36,37
1516,6,14,15,16,17,24,25,26,27,34,35,36,37
1517,6,14,15,16,17,24,25,26,27,34,35,36,37
1518,6,14,15,16,17,24,25,26,27,34,35,36,37
1519,6,14,15,16,17,24,25,26,27,35,36,37
1520,6,14,15,16,17,24,25,26,27,35,36,37
1521,6,14,15,16,17,24,25,26,27,35,36,37
1522,6,14,15,16,17,24,25,26,27,35,36,37
1523,6,14,15,16,17,24,25,26,27,35,36,37
1524,6,14,15,16,17,24,25,26,27,35,36,37
1525,6,14,15,16,17,24,25,26,27,35,36,37
1526,6,14,15,16,17,24,25,26,27,35,36,37
1527,6,7,14,15,16,17,24,25,26,27,35,36,37
1528,6,7,14,15,16,17,24,25,26,27,35,36,37
1529,6,7,15,16,17,24,25,26,27,35,36,37
1530,6,7,15,16,17,24,25,26,27,35,36,37
1531,6,7,15,16,17,25,26,27,35,36,37
1532,6,7,15,16,17,25,26,27,35,36,37
1533,6,7,15,16,17,25,26,27,35,36,37
1534,6,7,15,16,17,25,26,27,35,36,37
1535,6,7,15,16,17,25,26,27,35,36,37
1536,6,7,15,16,17,25,26,27,35,36,37
1537,6,7,15,16,17,25,26,27,35,36,37
1538,6,7,15,16,17,25,26,27,35,36,37
1539,6,7,15,16,17,25,26,27,35,36,37
1540,6,7,15,16,17,25,26,27,35,36,37
1541,6,7,15,16,17,25,26,27,35,36,37
1542,6,7,15,16,17,25,26,27,35,36,37
1543,6,7,15,16,17,25,26,27,28,35,36,37
1544,6,7,15,16,17,25,26,27,28,35,36,37
1545,6,7,15,16,17,25,26,27,28,35,36,37
1546,6,7,15,16,17,25,26,27,28,35,36,37
1547,6,7,15,16,17,25,26,27,35,36,37
1548,6,7,15,16,17,25,26,27,35,36,37
1549,6,7,15,16,17,25,26,27,35,36,37
1550,6,7,15,16,17,25,26,27,35,36,37
1551,6,7,15,16,17,25,26,27,35,36,37
1552,6,7,15,16,17,25,26,27,35,36,37
1553,6,7,15,16,17,25,26,27,35,36,37
1554,6,7,15,16,17,25,26,27,35,36,37
1555,6,7,15,16,17,25,26,27,35,36,37
1556,6,7,15,16,17,25,26,27,35,36,37
1557,6,7,15,16,17,25,26,27,35,36,37
1558,6,7,15,16,17,25,26,27,35,36,37
1559,6,7,14,15,16,17,24,25,26,27,35,36,37
1560,6,7,14,15,16,17,24,25,26,27,35,36,37
1561,5,6,14,15,16,17,24,25,26,27,35,36,37
1562,5,6,14,15,16,17,24,25,26,27,35,36,37
1563,5,6,14,15,16,17,24,25,26,27,34,35,36,37
1564,5,6,14,15,16,17,24,25,26,27,34,35,36,37
1565,5,6,14,15,16,17,24,25,26,27,34,35,36,37
1566,5,6,14,15,16,17,24,25,26,27,34,35,36,37
1567,5,6,14,15,16,17,24,25,26,27,34,35,36,37
1568,5,6,14,15,16,17,24,25,26,27,34,35,36,37
1569,5,6,14,15,16,17,24,25,26,27,34,35,36,37
1570,5,6,14,15,16,17,24,25,26,27,34,35,36,37
1571,5,6,14,15,16,17,24,25,26,27,34,35,36,37
1572,5,6,14,15,16,17,24,25,26,27,34,35,36,37
1573,5,6,14,15,16,17,24,25,26,27,34,35,36,37
1574,5,6,14,15,16,17,24,25,26,27,34,35,36,37
1575,5,6,14,15,16,17,24,25,26,27,34,35,36,37
1576,5,6,14,15,16,17,24,25,26,27,34,35,36,37
1577,5,6,14,15,16,17,24,25,26,27,34,35,36,37
1578,5,6,14,15,16,17,24,25,26,27,34,35,36,37
1579,5,6,14,15,16,17,24,25,26,27,34,35,36,37
1580,5,6,14,15,16,17,24,25,26,27,34,35,36,37
1581,5,6,14,15,16,17,24,25,26,27,34,35,36,37
1582,5,6,14,15,16,17,24,25,26,27,34,35,36,37
1583,5,6,14,15,16,17,24,25,26,27,34,35,36,37
1584,5,6,14,15,16,17,24,25,26,27,34,35,36,37
1585,5,6,14,15,16,17,24,25,26,27,34,35,36,37
1586,5,6,14,15,16,17,24,25,26,27,34,35,36,37
1587,5,6,14,15,16,17,24,25,26,27,34,35,36,37
1588,5,6,14,15,16,17,24,25,26,27,34,35,36,37
1589,5,6,14,15,16,17,24,25,26,27,34,35,36,37
1590,5,6,14,15,16,17,24,25,26,27,34,35,36,37
1591,5,6,14,15,16,17,24,25,26,27,34,35,36,37
1592,5,6,14,15,16,17,24,25,26,27,34,35,36,37
1593,5,6,14,15,16,17,24,25,26,27,34,35,36,37
1594,5,6,14,15,16,17,24,25,26,27,34,35,36,37
1595,5,6,14,15,16,17,24,25,26,27,34,35,36,37
1596,5,6,14,15,16,17,24,25,26,27,34,35,36,37
1597,5,6,14,15,16,17,24,25,26,27,34,35,36,37
1598,5,6,14,15,16,17,24,25,26,27,34,35,36,37
1599,5,6,14,15,16,17,24,25,26,27,34,35,36,37
1600,5,6,14,15,16,17,24,25,26,27,34,35,36,37
1601,5,6,14,15,16,17,24,25,26,27,34,35,36,37
1602,5,6,14,15,16,17,24,25,26,27,34,35,36,37
1603,5,6,14,15,16,17,24,25,26,27,34,35,36,37
1604,5,6,14,15,16,17,24,25,26,27,34,35,36,37
1605,5,6,14,15,16,17,24,25,26,27,34,35,36,37
1606,5,6,14,15,16,17,24,25,26,27,34,35,36,37
1607,5,6,14,15,16,17,24,25,26,27,34,35,36,37
1608,5,6,14,15,16,17,24,25,26,27,34,35,36,37
1609,5,6,14,15,16,17,24,25,26,27,34,35,36,37
1610,5,6,14,15,16,17,24,25,26,27,34,35,36,37
1611,5,6,14,15,16,17,24,25,26,27,34,35,36,37
1612,5,6,14,15,16,17,24,25,26,27,34,35,36,37
1613,5,6,14,15,16,17,24,25,26,27,34,35,36,37
1614,5,6,14,15,16,17,24,25,26,27,34,35,36,37
1615,5,6,14,15,16,17,24,25,26,27,35,36,37
1616,5,6,14,15,16,17,24,25,26,27,35,36,37
1617,5,6,7,14,15,16,17,24,25,26,27,35,36,37
1618,5,6,7,14,15,16,17,24,25,26,27,35,36,37
1619,5,6,7,14,15,16,17,24,25,26,27,35,36,37
1620,5,6,7,14,15,16,17,24,25,26,27,35,36,37
1621,5,6,7,14,15,16,17,24,25,26,27,35,36,37
1622,5,6,7,14,15,16,17,24,25,26,27,35,36,37
1623,5,6,7,14,15,16,17,24,25,26,27,35,36,37
1624,5,6,7,14,15,16,17,24,25,26,27,35,36,37
1625,5,6,7,14,15,16,17,24,25,26,27,35,36,37
1626,5,6,7,14,15,16,17,24,25,26,27,35,36,37
1627,5,6,7,14,15,16,17,24,25,26,27,35,36,37
1628,5,6,7,14,15,16,17,24,25,26,27,35,36,37
1629,5,6,7,14,15,16,17,24,25,26,27,35,36,37
1630,5,6,7,14,15,16,17,24,25,26,27,35,36,37
1631,5,6,7,14,15,16,17,24,25,26,27,35,36,37
1632,5,6,7,14,15,16,17,24,25,26,27,35,36,37
1633,5,6,14,15,16,17,24,25,26,27,35,36,37
1634,5,6,14,15,16,17,24,25,26,27,35,36,37
1635,5,6,14,15,16,17,24,25,26,27,34,35,36,37
1636,5,6,14,15,16,17,24,25,26,27,34,35,36,37
1637,5,6,14,15,16,17,24,25,26,27,34,35,36,37
1638,5,6,14,15,16,17,24,25,26,27,34,35,36,37
1639,5,6,14,15,16,17,24,25,26,27,34,35,36
1640,5,6,14,15,16,17,24,25,26,27,34,35,36
1641,5,6,14,15,16,17,24,25,26,27,34,35,36
1642,5,6,14,15,16,17,24,25,26,27,34,35,36
1643,5,6,14,15,16,24,25,26,34,35,36
1644,5,6,14,15,16,24,25,26,34,35,36
1645,5,6,14,15,16,24,25,26,34,35,36
1646,5,6,14,15,16,24,25,26,34,35,36
1647,5,6,14,15,16,24,25,26,34,35,36
1648,5,6,14,15,16,24,25,26,34,35,36
1649,5,6,14,15,16,23,24,25,26,34,35,36
1650,5,6,14,15,16,23,24,25,26,34,35,36
1651,4,5,6,13,14,15,16,23,24,25,26,34,35,36
1652,4,5,6,13,14,15,16,23,24,25,26,34,35,36
1653,4,5,6,13,14,15,16,23,24,25,26,34,35,36
1654,4,5,6,13,14,15,16,23,24,25,26,34,35,36
1655,4,5,6,13,14,15,16,23,24,25,26,34,35,36
1656,4,5,6,13,14,15,16,23,24,25,26,34,35,36
1657,4,5,6,13,14,15,16,23,24,25,26,34,35,36
1658,4,5,6,13,14,15,16,23,24,25,26,34,35,36
1659,4,5,6,13,14,15,16,23,24,25,26,34,35,36
1660,4,5,6,13,14,15,16,23,24,25,26,34,35,36
1661,4,5,6,13,14,15,16,23,24,25,26,34,35,36
1662,4,5,6,13,14,15,16,23,24,25,26,34,35,36
1663,4,5,6,13,14,15,16,23,24,25,26,34,35,36
1664,4,5,6,13,14,15,16,23,24,25,26,34,35,36
1665,4,5,6,13,14,15,16,23,24,25,26,34,35,36
1666,4,5,6,13,14,15,16,23,24,25,26,34,35,36
1667,4,5,6,13,14,15,16,23,24,25,26,34,35,36
1668,4,5,6,13,14,15,16,23,24,25,26,34,35,36
1669,4,5,6,13,14,15,16,23,24,25,26,34,35,36
1670,4,5,6,13,14,15,16,23,24,25,26,34,35,36
1671,4,5,6,13,14,15,16,23,24,25,26,34,35,36
1672,4,5,6,13,14,15,16,23,24,25,26,34,35,36
1673,4,5,6,13,14,15,16,23,24,25,26,34,35,36
1674,4,5,6,13,14,15,16,23,24,25,26,34,35,36
1675,4,5,6,13,14,15,16,23,24,25,26,34,35,36
1676,4,5,6,13,14,15,16,23,24,25,26,34,35,36
1677,4,5,6,13,14,15,16,23,24,25,26,34,35,36
1678,4,5,6,13,14,15,16,23,24,25,26,34,35,36
1679,4,5,6,13,14,15,16,23,24,25,26,34,35,36
1680,4,5,6,13,14,15,16,23,24,25,26,34,35,36
1681,4,5,6,13,14,15,16,23,24,25,26,34,35,36
1682,4,5,6,13,14,15,16,23,24,25,26,34,35,36
1683,4,5,6,13,14,15,16,23,24,25,26,34,35,36
1684,4,5,6,13,14,15,16,23,24,25,26,34,35,36
1685,4,5,6,13,14,15,16,23,24,25,26,34,35,36
1686,4,5,6,13,14,15,16,23,24,25,26,34,35,36
1687,4,5,6,13,14,15,16,23,24,25,26,34,35,36
1688,4,5,6,13,14,15,16,23,24,25,26,34,35,36
1689,4,5,13,14,15,16,23,24,25,26,34,35,36
1690,4,5,13,14,15,16,23,24,25,26,34,35,36
1691,4,5,13,14,15,16,23,24,25,26,34,35,36
1692,4,5,13,14,15,16,23,24,25,26,34,35,36
1693,4,5,13,14,15,16,23,24,25,26,34,35,36
1694,4,5,13,14,15,16,23,24,25,26,34,35,36
1695,4,5,13,14,15,16,23,24,25,26,34,35,36
1696,4,5,13,14,15,16,23,24,25,26,34,35,36
1697,4,5,13,14,15,16,23,24,25,26,34,35,36
1698,4,5,13,14,15,16,23,24,25,26,34,35,36
1699,4,5,13,14,15,16,23,24,25,26,34,35,36
1700,4,5,13,14,15,16,23,24,25,26,34,35,36
1701,4,5,13,14,15,16,23,24,25,26,34,35,36
1702,4,5,13,14,15,16,23,24,25,26,34,35,36
1703,4,5,13,14,15,16,23,24,25,26,34,35,36
1704,4,5,13,14,15,16,23,24,25,26,34,35,36
1705,4,5,13,14,15,16,23,24,25,26,34,35,36
1706,4,5,13,14,15,16,23,24,25,26,34,35,36
1707,4,5,13,14,15,16,23,24,25,26,34,35,36
1708,4,5,13,14,15,16,23,24,25,26,34,35,36
1709,4,5,13,14,15,16,23,24,25,26,34,35,36
1710,4,5,13,14,15,16,23,24,25,26,34,35,36
1711,4,5,13,14,15,16,23,24,25,26,34,35,36
1712,4,5,13,14,15,16,23,24,25,26,34,35,36
1713,4,5,13,14,15,16,23,24,25,26,34,35,36
1714,4,5,13,14,15,16,23,24,25,26,34,35,36
1715,4,5,13,14,15,16,23,24,25,26,34,35,36
1716,4,5,13,14,15,16,23,24,25,26,34,35,36
1717,4,5,13,14,15,16,23,24,25,26,34,35,36
1718,4,5,13,14,15,16,23,24,25,26,34,35,36
1719,4,5,6,13,14,15,16,23,24,25,26,34,35,36
1720,4,5,6,13,14,15,16,23,24,25,26,34,35,36
1721,4,5,6,13,14,15,16,23,24,25,26,34,35,36
1722,4,5,6,13,14,15,16,23,24,25,26,34,35,36
1723,4,5,6,13,14,15,16,23,24,25,26,34,35,36
1724,4,5,6,13,14,15,16,23,24,25,26,34,35,36
1725,4,5,6,13,14,15,16,23,24,25,26,34,35,36
1726,4,5,6,13,14,15,16,23,24,25,26,34,35,36
1727,4,5,6,13,14,15,16,23,24,25,26,34,35,36
1728,4,5,6,13,14,15,16,23,24,25,26,34,35,36
1729,4,5,6,13,14,15,16,23,24,25,26,34,35,36
1730,4,5,6,13,14,15,16,23,24,25,26,34,35,36
1731,4,5,6,13,14,15,16,23,24,25,26,34,35,36
1732,4,5,6,13,14,15,16,23,24,25,26,34,35,36
1733,4,5,6,13,14,15,16,23,24,25,26,34,35,36
1734,4,5,6,13,14,15,16,23,24,25,26,34,35,36
1735,4,5,6,13,14,15,16,23,24,25,26,34,35,36
1736,4,5,6,13,14,15,16,23,24,25,26,34,35,36
1737,4,5,6,13,14,15,16,23,24,25,26,34,35,36
1738,4,5,6,13,14,15,16,23,24,25,26,34,35,36
1739,4,5,6,13,14,15,16,23,24,25,26,34,35,36
1740,4,5,6,13,14,15,16,23,24,25,26,34,35,36
1741,4,5,6,13,14,15,16,23,24,25,26,34,35,36
1742,4,5,6,13,14,15,16,23,24,25,26,34,35,36
1743,4,5,6,13,14,15,16,23,24,25,26,34,35,36
1744,4,5,6,13,14,15,16,23,24,25,26,34,35,36
1745,4,5,6,13,14,15,16,23,24,25,26,34,35,36
1746,4,5,6,13,14,15,16,23,24,25,26,34,35,36
1747,4,5,6,13,14,15,16,23,24,25,26,34,35,36
1748,4,5,6,13,14,15,16,23,24,25,26,34,35,36
1749,4,5,6,13,14,15,16,23,24,25,26,34,35,36
1750,4,5,6,13,14,15,16,23,24,25,26,34,35,36
1751,5,6,13,14,15,16,23,24,25,26,34,35,36
1752,5,6,13,14,15,16,23,24,25,26,34,35,36
1753,5,6,13,14,15,16,23,24,25,26,34,35,36
1754,5,6,13,14,15,16,23,24,25,26,34,35,36
1755,5,6,13,14,15,16,23,24,25,26,34,35,36
1756,5,6,13,14,15,16,23,24,25,26,34,35,36
1757,5,6,14,15,16,23,24,25,26,34,35,36
1758,5,6,14,15,16,23,24,25,26,34,35,36
1759,5,6,14,15,16,24,25,26,34,35,36
1760,5,6,14,15,16,24,25,26,34,35,36
1761,5,6,14,15,16,24,25,26,34,35,36
1762,5,6,14,15,16,24,25,26,34,35,36
1763,5,6,14,15,16,24,25,26,34,35,36
1764,5,6,14,15,16,24,25,26,34,35,36
1765,5,6,14,15,16,24,25,26,34,35,36
1766,5,6,14,15,16,24,25,26,34,35,36
1767,5,6,14,15,16,24,25,26,34,35,36
1768,5,6,14,15,16,24,25,26,34,35,36
1769,5,6,14,15,16,24,25,26,34,35,36
1770,5,6,14,15,16,24,25,26,34,35,36
1771,5,6,14,15,16,24,25,26,34,35,36
1772,5,6,14,15,16,24,25,26,34,35,36
1773,5,6,14,15,16,24,25,26,34,35,36
1774,5,6,14,15,16,24,25,26,34,35,36
1775,5,6,14,15,16,24,25,26,34,35,36
1776,5,6,14,15,16,24,25,26,34,35,36
1777,5,6,14,15,16,24,25,26,34,35,36
1778,5,6,14,15,16,24,25,26,34,35,36
1779,5,6,14,15,16,17,24,25,26,27,34,35,36
1780,5,6,14,15,16,17,24,25,26,27,34,35,36
1781,5,6,14,15,16,17,24,25,26,27,34,35,36
1782,5,6,14,15,16,17,24,25,26,27,34,35,36
1783,5,6,14,15,16,17,24,25,26,27,34,35,36
1784,5,6,14,15,16,17,24,25,26,27,34,35,36
1785,5,6,14,15,16,17,24,25,26,27,34,35,36
1786,5,6,14,15,16,17,24,25,26,27,34,35,36
1787,5,6,14,15,16,17,24,25,26,27,34,35,36
1788,5,6,14,15,16,17,24,25,26,27,34,35,36
1789,5,6,14,15,16,17,24,25,26,27,34,35,36
1790,5,6,14,15,16,17,24,25,26,27,34,35,36
1791,5,6,14,15,16,17,24,25,26,27,34,35,36,37
1792,5,6,14,15,16,17,24,25,26,27,34,35,36,37
1793,5,6,14,15,16,17,24,25,26,27,34,35,36,37
1794,5,6,14,15,16,17,24,25,26,27,34,35,36,37
1795,5,6,14,15,16,17,24,25,26,27,34,35,36,37
1796,5,6,14,15,16,17,24,25,26,27,34,35,36,37
1797,5,6,14,15,16,17,24,25,26,27,34,35,36,37
1798,5,6,14,15,16,17,24,25,26,27,34,35,36,37
1799,5,6,14,15,16,17,24,25,26,27,34,35,36,37
1800,5,6,14,15,16,17,24,25,26,27,34,35,36,37
