1,14,15,16,24,25,26,27,34,35,36,37,45,46
2,14,15,16,24,25,26,27,34,35,36,37,45,46
3,14,15,16,24,25,26,27,34,35,36,37,45,46
4,14,15,16,24,25,26,27,34,35,36,37,45,46
5,14,15,16,24,25,26,27,34,35,36,37,45,46
6,14,15,16,24,25,26,27,34,35,36,37,45,46
7,14,15,16,24,25,26,27,34,35,36,37,45,46
8,14,15,16,24,25,26,27,34,35,36,37,45,46
9,14,15,16,24,25,26,27,34,35,36,37,45,46
10,14,15,16,24,25,26,27,34,35,36,37,45,46
11,14,15,16,24,25,26,27,34,35,36,37,45,46
12,14,15,16,24,25,26,27,34,35,36,37,45,46
13,14,15,16,24,25,26,27,34,35,36,37,45,46
14,14,15,16,24,25,26,27,34,35,36,37,45,46
15,14,15,16,24,25,26,27,34,35,36,37,45,46
16,14,15,16,24,25,26,27,34,35,36,37,45,46
17,14,15,16,24,25,26,27,34,35,36,45,46
18,14,15,16,24,25,26,27,34,35,36,45,46
19,14,15,16,24,25,26,27,34,35,36,37,45,46
20,14,15,16,24,25,26,27,34,35,36,37,45,46
21,14,15,16,24,25,26,27,34,35,36,37,45,46
22,14,15,16,24,25,26,27,34,35,36,37,45,46
23,14,15,16,24,25,26,27,34,35,36,37,45,46
24,14,15,16,24,25,26,27,34,35,36,37,45,46
25,14,15,16,17,24,25,26,27,34,35,36,37,45,46
26,14,15,16,17,24,25,26,27,34,35,36,37,45,46
27,14,15,16,17,24,25,26,27,34,35,36,37,45,46
28,14,15,16,17,24,25,26,27,34,35,36,37,45,46
29,14,15,16,17,24,25,26,27,34,35,36,37,45,46
30,14,15,16,17,24,25,26,27,34,35,36,37,45,46
31,14,15,16,17,24,25,26,27,34,35,36,37,45,46
32,14,15,16,17,24,25,26,27,34,35,36,37,45,46
33,14,15,16,17,24,25,26,27,34,35,36,37,45,46
34,14,15,16,17,24,25,26,27,34,35,36,37,45,46
35,14,15,16,17,24,25,26,27,34,35,36,37,45,46
36,14,15,16,17,24,25,26,27,34,35,36,37,45,46
37,14,15,16,17,24,25,26,27,34,35,36,37,45,46
38,14,15,16,17,24,25,26,27,34,35,36,37,45,46
39,14,15,16,24,25,26,27,34,35,36,37,45,46
40,14,15,16,24,25,26,27,34,35,36,37,45,46
41,14,15,16,24,25,26,27,34,35,36,45
42,14,15,16,24,25,26,27,34,35,36,45
43,14,15,16,24,25,26,34,35,36,45
44,14,15,16,24,25,26,34,35,36,45
45,14,15,16,23,24,25,26,34,35,36,45
46,14,15,16,23,24,25,26,34,35,36,45
47,13,14,15,16,23,24,25,26,33,34,35,36
48,13,14,15,16,23,24,25,26,33,34,35,36
49,13,14,15,16,23,24,25,26,33,34,35,36
50,13,14,15,16,23,24,25,26,33,34,35,36
51,13,14,15,16,23,24,25,26,33,34,35,36
52,13,14,15,16,23,24,25,26,33,34,35,36
53,13,14,15,16,23,24,25,26,33,34,35,36
54,13,14,15,16,23,24,25,26,33,34,35,36
55,13,14,15,23,24,25,26,33,34,35
56,13,14,15,23,24,25,26,33,34,35
57,13,14,15,23,24,25,33,34,35
58,13,14,15,23,24,25,33,34,35
59,13,14,15,23,24,25,33,34,35
60,13,14,15,23,24,25,33,34,35
61,12,13,14,15,22,23,24,25,32,33,34,35
62,12,13,14,15,22,23,24,25,32,33,34,35
63,12,13,14,15,22,23,24,25,32,33,34,35
64,12,13,14,15,22,23,24,25,32,33,34,35
65,12,13,14,15,22,23,24,25,32,33,34,35
66,12,13,14,15,22,23,24,25,32,33,34,35
67,12,13,14,15,22,23,24,25,32,33,34,35
68,12,13,14,15,22,23,24,25,32,33,34,35
69,12,13,14,22,23,24,32,33,34
70,12,13,14,22,23,24,32,33,34
71,3,12,13,14,21,22,23,24,32,33,34
72,3,12,13,14,21,22,23,24,32,33,34
73,3,11,12,13,14,21,22,23,24,31,32,33,34
74,3,11,12,13,14,21,22,23,24,31,32,33,34
75,3,11,12,13,14,21,22,23,24,31,32,33,34
76,3,11,12,13,14,21,22,23,24,31,32,33,34
77,2,3,11,12,13,14,21,22,23,24,31,32,33
78,2,3,11,12,13,14,21,22,23,24,31,32,33
79,2,3,11,12,13,21,22,23,31,32,33
80,2,3,11,12,13,21,22,23,31,32,33
81,2,3,11,12,13,20,21,22,23,30,31,32,33
82,2,3,11,12,13,20,21,22,23,30,31,32,33
83,1,2,3,11,12,13,20,21,22,23,30,31,32,33
84,1,2,3,11,12,13,20,21,22,23,30,31,32,33
85,11,12,20,21,22,23,30,31,32,33,40,41,42,50
86,11,12,20,21,22,23,30,31,32,33,40,41,42,50
87,11,12,20,21,22,23,30,31,32,33,40,41,42,50
88,11,12,20,21,22,23,30,31,32,33,40,41,42,50
89,11,12,20,21,22,30,31,32,40,41,42,50
90,11,12,20,21,22,30,31,32,40,41,42,50
91,11,12,20,21,22,29,30,31,32,39,40,41,42,50
92,11,12,20,21,22,29,30,31,32,39,40,41,42,50
93,11,12,20,21,22,29,30,31,32,39,40,41,42,50
94,11,12,20,21,22,29,30,31,32,39,40,41,42,50
95,11,12,20,21,22,29,30,31,32,39,40,41,42,50
96,11,12,20,21,22,29,30,31,32,39,40,41,42,50
97,11,12,19,20,21,22,29,30,31,32,39,40,41,50
98,11,12,19,20,21,22,29,30,31,32,39,40,41,50
99,11,12,19,20,21,22,29,30,31,32,39,40,41,50
100,11,12,19,20,21,22,29,30,31,32,39,40,41,50
101,11,19,20,21,22,29,30,31,32,39,40,41,50
102,11,19,20,21,22,29,30,31,32,39,40,41,50
103,11,19,20,21,22,29,30,31,32,39,40,41,49,50
104,11,19,20,21,22,29,30,31,32,39,40,41,49,50
105,11,19,20,21,29,30,31,39,40,41,49,50
106,11,19,20,21,29,30,31,39,40,41,49,50
107,11,19,20,21,29,30,31,39,40,41,49,50
108,11,19,20,21,29,30,31,39,40,41,49,50
109,11,19,20,21,28,29,30,31,38,39,40,41,49,50
110,11,19,20,21,28,29,30,31,38,39,40,41,49,50
111,11,19,20,21,28,29,30,31,38,39,40,41,49,50
112,11,19,20,21,28,29,30,31,38,39,40,41,49,50
113,11,19,20,21,28,29,30,31,38,39,40,41,49,50
114,11,19,20,21,28,29,30,31,38,39,40,41,49,50
115,11,18,19,20,21,28,29,30,31,38,39,40,49,50
116,11,18,19,20,21,28,29,30,31,38,39,40,49,50
117,11,18,19,20,21,28,29,30,31,38,39,40,49,50
118,11,18,19,20,21,28,29,30,31,38,39,40,49,50
119,18,19,20,21,28,29,30,31,38,39,40,48,49,50
120,18,19,20,21,28,29,30,31,38,39,40,48,49,50
121,18,19,20,21,28,29,30,31,38,39,40,48,49,50
122,18,19,20,21,28,29,30,31,38,39,40,48,49,50
123,18,19,20,21,28,29,30,31,38,39,40,48,49,50
124,18,19,20,21,28,29,30,31,38,39,40,48,49,50
125,19,20,21,28,29,30,31,38,39,40,48,49,50
126,19,20,21,28,29,30,31,38,39,40,48,49,50
127,19,20,21,28,29,30,31,38,39,40,41,48,49,50
128,19,20,21,28,29,30,31,38,39,40,41,48,49,50
129,19,20,21,28,29,30,31,38,39,40,41,48,49,50
130,19,20,21,28,29,30,31,38,39,40,41,48,49,50
131,19,20,21,28,29,30,31,38,39,40,41,48,49,50
132,19,20,21,28,29,30,31,38,39,40,41,48,49,50
133,19,20,21,28,29,30,31,38,39,40,41,48,49,50
134,19,20,21,28,29,30,31,38,39,40,41,48,49,50
135,19,20,21,28,29,30,31,38,39,40,41,48,49,50
136,19,20,21,28,29,30,31,38,39,40,41,48,49,50
137,19,20,21,28,29,30,31,38,39,40,41,48,49,50
138,19,20,21,28,29,30,31,38,39,40,41,48,49,50
139,19,20,21,28,29,30,31,37,38,39,40,41,48,49,50
140,19,20,21,28,29,30,31,37,38,39,40,41,48,49,50
141,19,20,21,28,29,30,31,37,38,39,40,41,47,48,49,50
142,19,20,21,28,29,30,31,37,38,39,40,41,47,48,49,50
143,19,20,21,28,29,30,31,37,38,39,40,41,47,48,49,50
144,19,20,21,28,29,30,31,37,38,39,40,41,47,48,49,50
145,19,28,29,30,31,37,38,39,40,41,47,48,49,50
146,19,28,29,30,31,37,38,39,40,41,47,48,49,50
147,19,27,28,29,30,31,37,38,39,40,41,47,48,49,50
148,19,27,28,29,30,31,37,38,39,40,41,47,48,49,50
149,19,20,27,28,29,30,37,38,39,40,47,48,49,50
150,19,20,27,28,29,30,37,38,39,40,47,48,49,50
151,19,20,27,28,29,30,37,38,39,40,47,48,49,50
152,19,20,27,28,29,30,37,38,39,40,47,48,49,50
153,19,20,27,28,29,30,37,38,39,40,47,48,49,50
154,19,20,27,28,29,30,37,38,39,40,47,48,49,50
155,18,19,20,27,28,29,30,37,38,39,40,47,48,49,50
156,18,19,20,27,28,29,30,37,38,39,40,47,48,49,50
157,18,19,20,27,28,29,30,37,38,39,40,48,49,50
158,18,19,20,27,28,29,30,37,38,39,40,48,49,50
159,18,19,20,27,28,29,30,37,38,39,40,48,49,50
160,18,19,20,27,28,29,30,37,38,39,40,48,49,50
161,17,18,19,20,27,28,29,30,37,38,39,40,48,49
162,17,18,19,20,27,28,29,30,37,38,39,40,48,49
163,17,18,19,20,27,28,29,30,37,38,39,40,48,49
164,17,18,19,20,27,28,29,30,37,38,39,40,48,49
165,17,18,19,20,27,28,29,30,37,38,39,40,48,49
166,17,18,19,20,27,28,29,30,37,38,39,40,48,49
167,17,18,19,20,27,28,29,30,37,38,39,40,48,49
168,17,18,19,20,27,28,29,30,37,38,39,40,48,49
169,17,18,19,20,27,28,29,30,37,38,39,40,48,49
170,17,18,19,20,27,28,29,30,37,38,39,40,48,49
171,17,18,19,27,28,29,30,37,38,39,40,48,49
172,17,18,19,27,28,29,30,37,38,39,40,48,49
173,17,18,19,27,28,29,30,37,38,39,48
174,17,18,19,27,28,29,30,37,38,39,48
175,17,18,19,27,28,29,37,38,39,48
176,17,18,19,27,28,29,37,38,39,48
177,17,18,19,27,28,29,37,38,39
178,17,18,19,27,28,29,37,38,39
179,17,18,19,26,27,28,29,37,38,39
180,17,18,19,26,27,28,29,37,38,39
181,16,17,18,19,26,27,28,29,36,37,38,39
182,16,17,18,19,26,27,28,29,36,37,38,39
183,16,17,18,19,26,27,28,29,36,37,38,39
184,16,17,18,19,26,27,28,29,36,37,38,39
185,8,16,17,18,19,26,27,28,29,36,37,38,39
186,8,16,17,18,19,26,27,28,29,36,37,38,39
187,8,16,17,18,19,26,27,28,29,36,37,38,39
188,8,16,17,18,19,26,27,28,29,36,37,38,39
189,16,17,18,19,26,27,28,29,36,37,38
190,16,17,18,19,26,27,28,29,36,37,38
191,16,17,18,26,27,28,36,37,38
192,16,17,18,26,27,28,36,37,38
193,16,17,18,26,27,28,36,37,38
194,16,17,18,26,27,28,36,37,38
195,16,17,18,25,26,27,28,36,37,38
196,16,17,18,25,26,27,28,36,37,38
197,15,16,17,18,25,26,27,28,35,36,37,38
198,15,16,17,18,25,26,27,28,35,36,37,38
199,15,16,17,18,25,26,27,28,35,36,37,38
200,15,16,17,18,25,26,27,28,35,36,37,38
201,15,16,17,18,25,26,27,28,35,36,37,38,46,47
202,15,16,17,18,25,26,27,28,35,36,37,38,46,47
203,15,16,17,18,25,26,27,28,35,36,37,38,46,47
204,15,16,17,18,25,26,27,28,35,36,37,38,46,47
205,15,16,17,18,25,26,27,28,35,36,37,38,46
206,15,16,17,18,25,26,27,28,35,36,37,38,46
207,15,16,17,18,25,26,27,28,35,36,37,38
208,15,16,17,18,25,26,27,28,35,36,37,38
209,15,16,17,25,26,27,28,35,36,37,38
210,15,16,17,25,26,27,28,35,36,37,38
211,15,16,17,25,26,27,28,35,36,37
212,15,16,17,25,26,27,28,35,36,37
213,15,16,17,25,26,27,28,35,36,37
214,15,16,17,25,26,27,28,35,36,37
215,15,16,17,25,26,27,28,35,36,37
216,15,16,17,25,26,27,28,35,36,37
217,6,15,16,17,25,26,27,28,35,36,37
218,6,15,16,17,25,26,27,28,35,36,37
219,6,15,16,17,25,26,27,35,36,37
220,6,15,16,17,25,26,27,35,36,37
221,6,15,16,17,25,26,27,35,36,37
222,6,15,16,17,25,26,27,35,36,37
223,6,15,16,17,25,26,27,35,36,37
224,6,15,16,17,25,26,27,35,36,37
225,6,7,15,16,17,25,26,27,35,36,37
226,6,7,15,16,17,25,26,27,35,36,37
227,6,7,15,16,17,24,25,26,27,35,36,37
228,6,7,15,16,17,24,25,26,27,35,36,37
229,6,7,14,15,16,17,24,25,26,27,35,36,37
230,6,7,14,15,16,17,24,25,26,27,35,36,37
231,6,7,14,15,16,17,24,25,26,27,35,36,37
232,6,7,14,15,16,17,24,25,26,27,35,36,37
233,5,6,7,14,15,16,17,24,25,26,27,35,36,37
234,5,6,7,14,15,16,17,24,25,26,27,35,36,37
235,5,6,7,14,15,16,17,24,25,26,27,35,36,37
236,5,6,7,14,15,16,17,24,25,26,27,35,36,37
237,5,6,7,14,15,16,17,24,25,26,27,35,36,37
238,5,6,7,14,15,16,17,24,25,26,27,35,36,37
239,5,6,7,14,15,16,17,24,25,26,27,35,36,37
240,5,6,7,14,15,16,17,24,25,26,27,35,36,37
241,5,6,7,14,15,16,17,24,25,26,27,35,36,37
242,5,6,7,14,15,16,17,24,25,26,27,35,36,37
243,6,7,14,15,16,17,24,25,26,27,35,36,37
244,6,7,14,15,16,17,24,25,26,27,35,36,37
245,6,7,14,15,16,17,24,25,26,27,35,36,37
246,6,7,14,15,16,17,24,25,26,27,35,36,37
247,6,7,14,15,16,17,24,25,26,27,35,36,37
248,6,7,14,15,16,17,24,25,26,27,35,36,37
249,6,7,14,15,16,17,24,25,26,27,35,36,37
250,6,7,14,15,16,17,24,25,26,27,35,36,37
251,6,7,14,15,16,17,24,25,26,27,35,36,37
252,6,7,14,15,16,17,24,25,26,27,35,36,37
253,6,7,15,16,17,25,26,27,35,36,37
254,6,7,15,16,17,25,26,27,35,36,37
255,6,7,15,16,17,25,26,27,35,36,37
256,6,7,15,16,17,25,26,27,35,36,37
257,6,7,15,16,17,25,26,27,35,36,37
258,6,7,15,16,17,25,26,27,35,36,37
259,6,7,15,16,17,25,26,27,28,35,36,37
260,6,7,15,16,17,25,26,27,28,35,36,37
261,6,7,15,16,17,25,26,27,28,35,36,37
262,6,7,15,16,17,25,26,27,28,35,36,37
263,6,7,15,16,17,25,26,27,28,35,36,37
264,6,7,15,16,17,25,26,27,28,35,36,37
265,6,7,15,16,17,18,25,26,27,28,35,36,37
266,6,7,15,16,17,18,25,26,27,28,35,36,37
267,6,7,15,16,17,18,25,26,27,28,35,36,37
268,6,7,15,16,17,18,25,26,27,28,35,36,37
269,6,7,15,16,17,18,25,26,27,28,35,36,37
270,6,7,15,16,17,18,25,26,27,28,35,36,37
271,6,7,15,16,17,18,25,26,27,28,35,36,37
272,6,7,15,16,17,18,25,26,27,28,35,36,37
273,6,7,15,16,17,18,25,26,27,28,35,36,37
274,6,7,15,16,17,18,25,26,27,28,35,36,37
275,6,7,15,16,17,18,25,26,27,28,35,36,37
276,6,7,15,16,17,18,25,26,27,28,35,36,37
277,6,7,15,16,17,18,25,26,27,28,35,36,37
278,6,7,15,16,17,18,25,26,27,28,35,36,37
279,6,7,15,16,17,18,25,26,27,28,35,36,37
280,6,7,15,16,17,18,25,26,27,28,35,36,37
281,6,7,15,16,17,18,25,26,27,28,35,36,37
282,6,7,15,16,17,18,25,26,27,28,35,36,37
283,6,7,15,16,17,18,25,26,27,28,35,36,37
284,6,7,15,16,17,18,25,26,27,28,35,36,37
285,6,7,15,16,17,25,26,27,28,35,36,37
286,6,7,15,16,17,25,26,27,28,35,36,37
287,6,7,15,16,17,25,26,27,28,35,36,37
288,6,7,15,16,17,25,26,27,28,35,36,37
289,6,7,15,16,17,25,26,27,35,36,37
290,6,7,15,16,17,25,26,27,35,36,37
291,6,7,15,16,17,25,26,27,35,36,37
292,6,7,15,16,17,25,26,27,35,36,37
293,6,7,15,16,17,25,26,27,35,36,37
294,6,7,15,16,17,25,26,27,35,36,37
295,6,7,15,16,17,25,26,27,35,36,37
296,6,7,15,16,17,25,26,27,35,36,37
297,6,14,15,16,17,24,25,26,27,35,36,37
298,6,14,15,16,17,24,25,26,27,35,36,37
299,6,14,15,16,17,24,25,26,27,35,36,37
300,6,14,15,16,17,24,25,26,27,35,36,37
301,6,14,15,16,17,24,25,26,27,35,36,37
302,6,14,15,16,17,24,25,26,27,35,36,37
303,6,14,15,16,17,24,25,26,27,35,36,37
304,6,14,15,16,17,24,25,26,27,35,36,37
305,6,14,15,16,17,24,25,26,27,35,36,37
306,6,14,15,16,17,24,25,26,27,35,36,37
307,6,14,15,16,17,24,25,26,27,35,36,37
308,6,14,15,16,17,24,25,26,27,35,36,37
309,6,14,15,16,17,24,25,26,27,35,36,37
310,6,14,15,16,17,24,25,26,27,35,36,37
311,6,14,15,16,17,24,25,26,27,35,36,37
312,6,14,15,16,17,24,25,26,27,35,36,37
313,6,14,15,16,17,24,25,26,27,35,36,37
314,6,14,15,16,17,24,25,26,27,35,36,37
315,6,15,16,17,24,25,26,27,35,36,37
316,6,15,16,17,24,25,26,27,35,36,37
317,6,15,16,17,25,26,27,35,36,37
318,6,15,16,17,25,26,27,35,36,37
319,6,15,16,17,25,26,27,35,36,37
320,6,15,16,17,25,26,27,35,36,37
321,6,15,16,17,25,26,27,35,36,37
322,6,15,16,17,25,26,27,35,36,37
323,6,15,16,17,25,26,27,35,36,37
324,6,15,16,17,25,26,27,35,36,37
325,6,15,16,17,25,26,27,35,36,37
326,6,15,16,17,25,26,27,35,36,37
327,6,15,16,17,25,26,27,28,35,36,37
328,6,15,16,17,25,26,27,28,35,36,37
329,6,7,15,16,17,18,25,26,27,28,35,36,37
330,6,7,15,16,17,18,25,26,27,28,35,36,37
331,6,7,15,16,17,18,25,26,27,28,35,36,37
332,6,7,15,16,17,18,25,26,27,28,35,36,37
333,6,7,15,16,17,18,25,26,27,28,35,36,37,38
334,6,7,15,16,17,18,25,26,27,28,35,36,37,38
335,6,7,15,16,17,18,25,26,27,28,35,36,37,38
336,6,7,15,16,17,18,25,26,27,28,35,36,37,38
337,6,7,15,16,17,18,25,26,27,28,35,36,37
338,6,7,15,16,17,18,25,26,27,28,35,36,37
339,6,7,15,16,17,18,25,26,27,28,35,36,37
340,6,7,15,16,17,18,25,26,27,28,35,36,37
341,6,7,15,16,17,18,25,26,27,28,35,36,37
342,6,7,15,16,17,18,25,26,27,28,35,36,37
343,6,7,15,16,17,18,25,26,27,28,35,36,37
344,6,7,15,16,17,18,25,26,27,28,35,36,37
345,6,7,15,16,17,18,25,26,27,28,35,36,37
346,6,7,15,16,17,18,25,26,27,28,35,36,37
347,6,7,15,16,17,18,25,26,27,28,35,36,37
348,6,7,15,16,17,18,25,26,27,28,35,36,37
349,6,7,15,16,17,18,25,26,27,28,35,36,37
350,6,7,15,16,17,18,25,26,27,28,35,36,37
351,6,7,15,16,17,25,26,27,35,36,37
352,6,7,15,16,17,25,26,27,35,36,37
353,5,6,7,15,16,17,25,26,27,35,36,37
354,5,6,7,15,16,17,25,26,27,35,36,37
355,5,6,7,14,15,16,17,24,25,26,27,35,36,37
356,5,6,7,14,15,16,17,24,25,26,27,35,36,37
357,5,6,7,14,15,16,17,24,25,26,27,35,36,37
358,5,6,7,14,15,16,17,24,25,26,27,35,36,37
359,5,6,7,14,15,16,17,24,25,26,27,35,36,37
360,5,6,7,14,15,16,17,24,25,26,27,35,36,37
361,5,6,7,14,15,16,17,24,25,26,27,35,36,37
362,5,6,7,14,15,16,17,24,25,26,27,35,36,37
363,5,6,7,14,15,16,17,24,25,26,27,35,36
364,5,6,7,14,15,16,17,24,25,26,27,35,36
365,5,6,7,14,15,16,17,24,25,26,27,35,36
366,5,6,7,14,15,16,17,24,25,26,27,35,36
367,4,5,6,7,14,15,16,17,24,25,26,27,35,36
368,4,5,6,7,14,15,16,17,24,25,26,27,35,36
369,4,5,6,7,14,15,16,17,24,25,26,27,35,36
370,4,5,6,7,14,15,16,17,24,25,26,27,35,36
371,4,5,6,7,14,15,16,17,24,25,26,27,34,35,36
372,4,5,6,7,14,15,16,17,24,25,26,27,34,35,36
373,4,5,6,14,15,16,17,24,25,26,27,34,35,36
374,4,5,6,14,15,16,17,24,25,26,27,34,35,36
375,3,4,5,6,13,14,15,16,23,24,25,26,34,35,36
376,3,4,5,6,13,14,15,16,23,24,25,26,34,35,36
377,3,4,5,6,13,14,15,16,23,24,25,26,34,35
378,3,4,5,6,13,14,15,16,23,24,25,26,34,35
379,3,4,5,6,13,14,15,16,23,24,25,26,34,35
380,3,4,5,6,13,14,15,16,23,24,25,26,34,35
381,3,4,5,6,13,14,15,16,23,24,25,26,34,35
382,3,4,5,6,13,14,15,16,23,24,25,26,34,35
383,3,4,5,6,13,14,15,16,23,24,25,26,34,35
384,3,4,5,6,13,14,15,16,23,24,25,26,34,35
385,3,4,5,6,13,14,15,16,23,24,25,26,34,35
386,3,4,5,6,13,14,15,16,23,24,25,26,34,35
387,3,4,5,6,13,14,15,16,23,24,25,26,34,35
388,3,4,5,6,13,14,15,16,23,24,25,26,34,35
389,3,4,5,6,13,14,15,16,23,24,25,26,34,35
390,3,4,5,6,13,14,15,16,23,24,25,26,34,35
391,2,3,4,5,6,13,14,15,16,23,24,25,26
392,2,3,4,5,6,13,14,15,16,23,24,25,26
393,2,3,4,5,6,12,13,14,15,16,23,24,25,26
394,2,3,4,5,6,12,13,14,15,16,23,24,25,26
395,2,3,4,5,6,12,13,14,15,16,23,24,25,26
396,2,3,4,5,6,12,13,14,15,16,23,24,25,26
397,2,3,4,5,6,12,13,14,15,16,23,24,25,26
398,2,3,4,5,6,12,13,14,15,16,23,24,25,26
399,2,3,4,5,6,12,13,14,15,16,23,24,25,26,34
400,2,3,4,5,6,12,13,14,15,16,23,24,25,26,34
401,3,4,5,6,13,14,15,16,23,24,25,26,34,35
402,3,4,5,6,13,14,15,16,23,24,25,26,34,35
403,3,4,5,6,13,14,15,16,23,24,25,26,34,35
404,3,4,5,6,13,14,15,16,23,24,25,26,34,35
405,3,4,5,6,13,14,15,16,23,24,25,26,34,35
406,3,4,5,6,13,14,15,16,23,24,25,26,34,35
407,3,4,5,6,13,14,15,16,23,24,25,26,34,35,36
408,3,4,5,6,13,14,15,16,23,24,25,26,34,35,36
409,4,5,6,13,14,15,16,23,24,25,26,34,35,36
410,4,5,6,13,14,15,16,23,24,25,26,34,35,36
411,4,5,6,14,15,16,17,24,25,26,27,34,35,36
412,4,5,6,14,15,16,17,24,25,26,27,34,35,36
413,4,5,6,14,15,16,17,24,25,26,27,34,35,36
414,4,5,6,14,15,16,17,24,25,26,27,34,35,36
415,4,5,6,14,15,16,17,24,25,26,27,34,35,36
416,4,5,6,14,15,16,17,24,25,26,27,34,35,36
417,4,5,6,14,15,16,17,24,25,26,27,34,35,36
418,4,5,6,14,15,16,17,24,25,26,27,34,35,36
419,4,5,6,14,15,16,17,24,25,26,27,34,35,36
420,4,5,6,14,15,16,17,24,25,26,27,34,35,36
421,4,5,6,14,15,16,17,24,25,26,27,34,35,36
422,4,5,6,14,15,16,17,24,25,26,27,34,35,36
423,5,6,14,15,16,17,24,25,26,27,34,35,36
424,5,6,14,15,16,17,24,25,26,27,34,35,36
425,5,6,14,15,16,17,24,25,26,27,34,35,36
426,5,6,14,15,16,17,24,25,26,27,34,35,36
427,5,6,14,15,16,17,24,25,26,27,34,35,36
428,5,6,14,15,16,17,24,25,26,27,34,35,36
429,5,6,14,15,16,17,24,25,26,27,34,35,36
430,5,6,14,15,16,17,24,25,26,27,34,35,36
431,5,6,14,15,16,17,24,25,26,27,34,35,36
432,5,6,14,15,16,17,24,25,26,27,34,35,36
433,6,14,15,16,17,24,25,26,27,34,35,36,37
434,6,14,15,16,17,24,25,26,27,34,35,36,37
435,14,15,16,17,24,25,26,27,34,35,36,37
436,14,15,16,17,24,25,26,27,34,35,36,37
437,14,15,16,17,24,25,26,27,34,35,36,37
438,14,15,16,17,24,25,26,27,34,35,36,37
439,14,15,16,17,24,25,26,27,34,35,36,37
440,14,15,16,17,24,25,26,27,34,35,36,37
441,14,15,16,17,24,25,26,27,34,35,36,37
442,14,15,16,17,24,25,26,27,34,35,36,37
443,14,15,16,17,24,25,26,27,34,35,36,37
444,14,15,16,17,24,25,26,27,34,35,36,37
445,14,15,16,17,24,25,26,27,34,35,36,37
446,14,15,16,17,24,25,26,27,34,35,36,37
447,14,15,16,17,24,25,26,27,34,35,36,37
448,14,15,16,17,24,25,26,27,34,35,36,37
449,14,15,16,17,24,25,26,27,34,35,36,37
450,14,15,16,17,24,25,26,27,34,35,36,37
451,14,15,16,17,24,25,26,27,34,35,36,37
452,14,15,16,17,24,25,26,27,34,35,36,37
453,6,14,15,16,17,24,25,26,27,34,35,36,37
454,6,14,15,16,17,24,25,26,27,34,35,36,37
455,6,14,15,16,17,24,25,26,27,34,35,36,37
456,6,14,15,16,17,24,25,26,27,34,35,36,37
457,6,14,15,16,17,24,25,26,27,34,35,36,37
458,6,14,15,16,17,24,25,26,27,34,35,36,37
459,6,14,15,16,17,24,25,26,27,34,35,36,37
460,6,14,15,16,17,24,25,26,27,34,35,36,37
461,6,14,15,16,17,24,25,26,27,34,35,36,37
462,6,14,15,16,17,24,25,26,27,34,35,36,37
463,6,14,15,16,17,24,25,26,27,34,35,36,37
464,6,14,15,16,17,24,25,26,27,34,35,36,37
465,6,14,15,16,17,24,25,26,27,34,35,36,37
466,6,14,15,16,17,24,25,26,27,34,35,36,37
467,6,14,15,16,17,24,25,26,27,34,35,36,37
468,6,14,15,16,17,24,25,26,27,34,35,36,37
469,6,14,15,16,17,24,25,26,27,34,35,36,37
470,6,14,15,16,17,24,25,26,27,34,35,36,37
471,6,14,15,16,17,24,25,26,27,34,35,36,37
472,6,14,15,16,17,24,25,26,27,34,35,36,37
473,6,14,15,16,17,24,25,26,27,34,35,36,37
474,6,14,15,16,17,24,25,26,27,34,35,36,37
475,5,6,14,15,16,17,24,25,26,27,34,35,36,37
476,5,6,14,15,16,17,24,25,26,27,34,35,36,37
477,5,6,14,15,16,17,24,25,26,27,34,35,36,37
478,5,6,14,15,16,17,24,25,26,27,34,35,36,37
479,5,6,14,15,16,17,24,25,26,27,34,35,36,37
480,5,6,14,15,16,17,24,25,26,27,34,35,36,37
481,5,6,14,15,16,17,24,25,26,27,34,35,36,37
482,5,6,14,15,16,17,24,25,26,27,34,35,36,37
483,5,6,14,15,16,17,24,25,26,27,34,35,36,37
484,5,6,14,15,16,17,24,25,26,27,34,35,36,37
485,5,6,14,15,16,17,24,25,26,27,34,35,36,37
486,5,6,14,15,16,17,24,25,26,27,34,35,36,37
487,5,6,14,15,16,17,24,25,26,27,34,35,36
488,5,6,14,15,16,17,24,25,26,27,34,35,36
489,5,6,14,15,16,17,24,25,26,27,34,35,36
490,5,6,14,15,16,17,24,25,26,27,34,35,36
491,5,6,14,15,16,17,24,25,26,27,34,35,36
492,5,6,14,15,16,17,24,25,26,27,34,35,36
493,5,6,14,15,16,17,24,25,26,27,34,35,36
494,5,6,14,15,16,17,24,25,26,27,34,35,36
495,5,6,14,15,16,17,24,25,26,27,34,35,36
496,5,6,14,15,16,17,24,25,26,27,34,35,36
497,5,14,15,16,24,25,26,34,35,36
498,5,14,15,16,24,25,26,34,35,36
499,5,14,15,16,24,25,26,34,35,36
500,5,14,15,16,24,25,26,34,35,36
501,5,14,15,16,24,25,26,34,35,36
502,5,14,15,16,24,25,26,34,35,36
503,5,14,15,16,23,24,25,26,34,35,36
504,5,14,15,16,23,24,25,26,34,35,36
505,5,14,15,16,23,24,25,26,34,35,36
506,5,14,15,16,23,24,25,26,34,35,36
507,5,13,14,15,16,23,24,25,26,34,35,36
508,5,13,14,15,16,23,24,25,26,34,35,36
509,5,13,14,15,16,23,24,25,26,34,35,36
510,5,13,14,15,16,23,24,25,26,34,35,36
511,13,14,15,16,23,24,25,26,33,34,35,36
512,13,14,15,16,23,24,25,26,33,34,35,36
513,13,14,15,16,23,24,25,26,33,34,35,36
514,13,14,15,16,23,24,25,26,33,34,35,36
515,13,14,15,16,23,24,25,26,33,34,35,36
516,13,14,15,16,23,24,25,26,33,34,35,36
517,13,14,15,16,23,24,25,26,33,34,35,36
518,13,14,15,16,23,24,25,26,33,34,35,36
519,13,14,15,16,23,24,25,26,33,34,35,36
520,13,14,15,16,23,24,25,26,33,34,35,36
521,13,14,15,16,23,24,25,26,33,34,35,36
522,13,14,15,16,23,24,25,26,33,34,35,36
523,13,14,15,16,23,24,25,26,33,34,35,36
524,13,14,15,16,23,24,25,26,33,34,35,36
525,13,14,15,16,23,24,25,26,33,34,35,36,44,45
526,13,14,15,16,23,24,25,26,33,34,35,36,44,45
527,13,14,15,16,23,24,25,26,33,34,35,36,44,45
528,13,14,15,16,23,24,25,26,33,34,35,36,44,45
529,13,14,15,16,23,24,25,26,33,34,35,36,44,45
530,13,14,15,16,23,24,25,26,33,34,35,36,44,45
531,13,14,15,16,23,24,25,26,33,34,35,36,44,45
532,13,14,15,16,23,24,25,26,33,34,35,36,44,45
533,13,14,15,16,23,24,25,26,33,34,35,36,44,45
534,13,14,15,16,23,24,25,26,33,34,35,36,44,45
535,13,14,15,16,23,24,25,26,33,34,35,36,44,45
536,13,14,15,16,23,24,25,26,33,34,35,36,44,45
537,13,14,15,16,23,24,25,26,33,34,35,36,44,45
538,13,14,15,16,23,24,25,26,33,34,35,36,44,45
539,13,14,15,16,23,24,25,26,33,34,35,36,44,45
540,13,14,15,16,23,24,25,26,33,34,35,36,44,45
541,13,14,15,23,24,25,26,33,34,35,36,44
542,13,14,15,23,24,25,26,33,34,35,36,44
543,13,14,15,23,24,25,26,33,34,35,44
544,13,14,15,23,24,25,26,33,34,35,44
545,13,14,15,23,24,25,33,34,35,44
546,13,14,15,23,24,25,33,34,35,44
547,13,14,15,22,23,24,25,33,34,35
548,13,14,15,22,23,24,25,33,34,35
549,12,13,14,15,22,23,24,25,32,33,34,35
550,12,13,14,15,22,23,24,25,32,33,34,35
551,12,13,14,15,22,23,24,25,32,33,34,35
552,12,13,14,15,22,23,24,25,32,33,34,35
553,12,13,14,15,22,23,24,25,32,33,34,35,43
554,12,13,14,15,22,23,24,25,32,33,34,35,43
555,12,13,14,22,23,24,32,33,34,43
556,12,13,14,22,23,24,32,33,34,43
557,12,13,14,21,22,23,24,32,33,34,43
558,12,13,14,21,22,23,24,32,33,34,43
559,12,13,14,21,22,23,24,31,32,33,34,42,43
560,12,13,14,21,22,23,24,31,32,33,34,42,43
561,11,12,13,14,21,22,23,24,31,32,33,34,42,43
562,11,12,13,14,21,22,23,24,31,32,33,34,42,43
563,11,12,13,14,21,22,23,24,31,32,33,34,42,43
564,11,12,13,14,21,22,23,24,31,32,33,34,42,43
565,11,12,13,14,21,22,23,24,31,32,33,34,42,43
566,11,12,13,14,21,22,23,24,31,32,33,34,42,43
567,11,12,13,14,21,22,23,24,31,32,33,34,42,43
568,11,12,13,14,21,22,23,24,31,32,33,34,42,43
569,11,12,13,14,21,22,23,24,31,32,33,34,42,43
570,11,12,13,14,21,22,23,24,31,32,33,34,42,43
571,11,12,13,14,21,22,23,24,31,32,33,34,42,43
572,11,12,13,14,21,22,23,24,31,32,33,34,42,43
573,12,13,14,21,22,23,24,31,32,33,34,43
574,12,13,14,21,22,23,24,31,32,33,34,43
575,12,13,14,21,22,23,24,32,33,34,43
576,12,13,14,21,22,23,24,32,33,34,43
577,12,13,14,21,22,23,24,32,33,34
578,12,13,14,21,22,23,24,32,33,34
579,12,13,14,21,22,23,24,32,33,34
580,12,13,14,21,22,23,24,32,33,34
581,12,13,14,22,23,24,32,33,34
582,12,13,14,22,23,24,32,33,34
583,12,13,14,22,23,24,32,33,34
584,12,13,14,22,23,24,32,33,34
585,12,13,14,22,23,24,32,33,34
586,12,13,14,22,23,24,32,33,34
587,12,13,14,22,23,24,32,33,34
588,12,13,14,22,23,24,32,33,34
589,12,13,14,22,23,24,32,33,34
590,12,13,14,22,23,24,32,33,34
591,3,12,13,14,22,23,24,25,32,33,34
592,3,12,13,14,22,23,24,25,32,33,34
593,3,4,12,13,14,15,22,23,24,25,32,33,34
594,3,4,12,13,14,15,22,23,24,25,32,33,34
595,3,4,12,13,14,15,22,23,24,25,32,33,34
596,3,4,12,13,14,15,22,23,24,25,32,33,34
597,3,4,12,13,14,15,22,23,24,25,32,33,34
598,3,4,12,13,14,15,22,23,24,25,32,33,34
599,3,4,12,13,14,15,22,23,24,25,32,33,34
600,3,4,12,13,14,15,22,23,24,25,32,33,34
601,3,4,12,13,14,15,22,23,24,25,32,33,34
602,3,4,12,13,14,15,22,23,24,25,32,33,34
603,3,4,12,13,14,15,22,23,24,25,32,33,34
604,3,4,12,13,14,15,22,23,24,25,32,33,34
605,3,4,12,13,14,15,22,23,24,25,32,33,34,35
606,3,4,12,13,14,15,22,23,24,25,32,33,34,35
607,3,4,12,13,14,15,22,23,24,25,32,33,34,35
608,3,4,12,13,14,15,22,23,24,25,32,33,34,35
609,3,4,12,13,14,15,22,23,24,25,32,33,34,35
610,3,4,12,13,14,15,22,23,24,25,32,33,34,35
611,3,4,12,13,14,15,22,23,24,25,33,34,35
612,3,4,12,13,14,15,22,23,24,25,33,34,35
613,3,4,12,13,14,15,22,23,24,25,33,34,35
614,3,4,12,13,14,15,22,23,24,25,33,34,35
615,4,12,13,14,15,22,23,24,25,33,34,35
616,4,12,13,14,15,22,23,24,25,33,34,35
617,4,13,14,15,22,23,24,25,33,34,35
618,4,13,14,15,22,23,24,25,33,34,35
619,13,14,15,23,24,25,33,34,35
620,13,14,15,23,24,25,33,34,35
621,13,14,15,23,24,25,26,33,34,35
622,13,14,15,23,24,25,26,33,34,35
623,13,14,15,16,23,24,25,26,33,34,35,36
624,13,14,15,16,23,24,25,26,33,34,35,36
625,13,14,15,16,23,24,25,26,33,34,35,36,44,45
626,13,14,15,16,23,24,25,26,33,34,35,36,44,45
627,13,14,15,16,23,24,25,26,33,34,35,36,44,45
628,13,14,15,16,23,24,25,26,33,34,35,36,44,45
629,13,14,15,16,23,24,25,26,33,34,35,36,45
630,13,14,15,16,23,24,25,26,33,34,35,36,45
631,14,15,16,23,24,25,26,34,35,36,45
632,14,15,16,23,24,25,26,34,35,36,45
633,14,15,16,24,25,26,34,35,36,45
634,14,15,16,24,25,26,34,35,36,45
635,14,15,16,24,25,26,27,34,35,36,45,46
636,14,15,16,24,25,26,27,34,35,36,45,46
637,14,15,16,24,25,26,27,34,35,36,37,45,46
638,14,15,16,24,25,26,27,34,35,36,37,45,46
639,14,15,16,17,24,25,26,27,34,35,36,37,45,46
640,14,15,16,17,24,25,26,27,34,35,36,37,45,46
641,14,15,16,17,24,25,26,27,34,35,36,37,45,46
642,14,15,16,17,24,25,26,27,34,35,36,37,45,46
643,14,15,16,17,24,25,26,27,34,35,36,37,45,46
644,14,15,16,17,24,25,26,27,34,35,36,37,45,46
645,14,15,16,17,24,25,26,27,34,35,36,37,45,46
646,14,15,16,17,24,25,26,27,34,35,36,37,45,46
647,14,15,16,17,24,25,26,27,34,35,36,37,45,46
648,14,15,16,17,24,25,26,27,34,35,36,37,45,46
649,14,15,16,17,24,25,26,27,34,35,36,37,45,46
650,14,15,16,17,24,25,26,27,34,35,36,37,45,46
651,14,15,16,17,24,25,26,27,34,35,36,37,45,46
652,14,15,16,17,24,25,26,27,34,35,36,37,45,46
653,14,15,16,17,24,25,26,27,34,35,36,37,45,46
654,14,15,16,17,24,25,26,27,34,35,36,37,45,46
655,14,15,16,17,24,25,26,27,34,35,36,37,45,46
656,14,15,16,17,24,25,26,27,34,35,36,37,45,46
657,14,15,16,17,24,25,26,27,34,35,36,37,45,46
658,14,15,16,17,24,25,26,27,34,35,36,37,45,46
659,14,15,16,17,24,25,26,27,34,35,36,37,45,46
660,14,15,16,17,24,25,26,27,34,35,36,37,45,46
661,14,15,16,17,24,25,26,27,34,35,36,37,45,46
662,14,15,16,17,24,25,26,27,34,35,36,37,45,46
663,14,15,16,17,24,25,26,27,34,35,36,37,45,46
664,14,15,16,17,24,25,26,27,34,35,36,37,45,46
665,14,15,16,17,24,25,26,27,34,35,36,37,45,46
666,14,15,16,17,24,25,26,27,34,35,36,37,45,46
667,14,15,16,17,24,25,26,27,34,35,36,37,45,46
668,14,15,16,17,24,25,26,27,34,35,36,37,45,46
669,14,15,16,17,24,25,26,27,34,35,36,37,45,46
670,14,15,16,17,24,25,26,27,34,35,36,37,45,46
671,14,15,16,17,24,25,26,27,34,35,36,37,45,46
672,14,15,16,17,24,25,26,27,34,35,36,37,45,46
673,14,15,16,17,24,25,26,27,34,35,36,37,45,46
674,14,15,16,17,24,25,26,27,34,35,36,37,45,46
675,14,15,16,17,24,25,26,27,34,35,36,37,45,46
676,14,15,16,17,24,25,26,27,34,35,36,37,45,46
677,14,15,16,17,24,25,26,27,34,35,36,37,45,46
678,14,15,16,17,24,25,26,27,34,35,36,37,45,46
679,14,15,16,17,24,25,26,27,34,35,36,37,45,46
680,14,15,16,17,24,25,26,27,34,35,36,37,45,46
681,14,15,16,17,24,25,26,27,34,35,36,37,45,46
682,14,15,16,17,24,25,26,27,34,35,36,37,45,46
683,14,15,16,17,24,25,26,27,34,35,36,37,45,46
684,14,15,16,17,24,25,26,27,34,35,36,37,45,46
685,14,15,16,17,24,25,26,27,34,35,36,37,45,46
686,14,15,16,17,24,25,26,27,34,35,36,37,45,46
687,14,15,16,17,24,25,26,27,34,35,36,37,45,46
688,14,15,16,17,24,25,26,27,34,35,36,37,45,46
689,14,15,16,17,24,25,26,27,34,35,36,37,45,46
690,14,15,16,17,24,25,26,27,34,35,36,37,45,46
691,14,15,16,17,24,25,26,27,34,35,36,37,45,46
692,14,15,16,17,24,25,26,27,34,35,36,37,45,46
693,14,15,16,17,24,25,26,27,34,35,36,37,45,46
694,14,15,16,17,24,25,26,27,34,35,36,37,45,46
695,14,15,16,17,24,25,26,27,34,35,36,37,45,46
696,14,15,16,17,24,25,26,27,34,35,36,37,45,46
697,14,15,16,17,24,25,26,27,34,35,36,37,45,46
698,14,15,16,17,24,25,26,27,34,35,36,37,45,46
699,14,15,16,17,24,25,26,27,34,35,36,37,45,46
700,14,15,16,17,24,25,26,27,34,35,36,37,45,46
701,14,15,16,17,24,25,26,27,34,35,36,37,45,46
702,14,15,16,17,24,25,26,27,34,35,36,37,45,46
703,14,15,16,17,24,25,26,27,34,35,36,37,45,46
704,14,15,16,17,24,25,26,27,34,35,36,37,45,46
705,14,15,16,17,24,25,26,27,34,35,36,37,45,46
706,14,15,16,17,24,25,26,27,34,35,36,37,45,46
707,14,15,16,17,24,25,26,27,34,35,36,37,45,46
708,14,15,16,17,24,25,26,27,34,35,36,37,45,46
709,14,15,16,17,24,25,26,27,34,35,36,37,45,46
710,14,15,16,17,24,25,26,27,34,35,36,37,45,46
711,14,15,16,17,24,25,26,27,34,35,36,37,45,46
712,14,15,16,17,24,25,26,27,34,35,36,37,45,46
713,14,15,16,17,24,25,26,27,34,35,36,37,45,46
714,14,15,16,17,24,25,26,27,34,35,36,37,45,46
715,14,15,16,17,24,25,26,27,34,35,36,37,45,46
716,14,15,16,17,24,25,26,27,34,35,36,37,45,46
717,14,15,16,17,24,25,26,27,34,35,36,37,45,46
718,14,15,16,17,24,25,26,27,34,35,36,37,45,46
719,14,15,16,17,24,25,26,27,34,35,36,37,45,46
720,14,15,16,17,24,25,26,27,34,35,36,37,45,46
721,14,15,16,17,24,25,26,27,34,35,36,37
722,14,15,16,17,24,25,26,27,34,35,36,37
723,14,15,16,17,24,25,26,27,34,35,36,37
724,14,15,16,17,24,25,26,27,34,35,36,37
725,14,15,16,17,24,25,26,27,34,35,36,37,45,46
726,14,15,16,17,24,25,26,27,34,35,36,37,45,46
727,14,15,16,17,24,25,26,27,34,35,36,37,45,46
728,14,15,16,17,24,25,26,27,34,35,36,37,45,46
729,14,15,16,17,24,25,26,27,34,35,36,37,45,46
730,14,15,16,17,24,25,26,27,34,35,36,37,45,46
731,14,15,16,17,24,25,26,27,34,35,36,37,45,46
732,14,15,16,17,24,25,26,27,34,35,36,37,45,46
733,14,15,16,17,24,25,26,27,34,35,36,37,45,46
734,14,15,16,17,24,25,26,27,34,35,36,37,45,46
735,14,15,16,17,24,25,26,27,34,35,36,37,45,46
736,14,15,16,17,24,25,26,27,34,35,36,37,45,46
737,14,15,16,17,24,25,26,27,34,35,36,37,45,46
738,14,15,16,17,24,25,26,27,34,35,36,37,45,46
739,14,15,16,17,24,25,26,27,34,35,36,37,45,46
740,14,15,16,17,24,25,26,27,34,35,36,37,45,46
741,14,15,16,17,24,25,26,27,34,35,36,37,45,46
742,14,15,16,17,24,25,26,27,34,35,36,37,45,46
743,14,15,16,17,24,25,26,27,34,35,36,37,45,46
744,14,15,16,17,24,25,26,27,34,35,36,37,45,46
745,14,15,16,17,24,25,26,27,34,35,36,37,45,46
746,14,15,16,17,24,25,26,27,34,35,36,37,45,46
747,14,15,16,17,24,25,26,27,34,35,36,37,45,46
748,14,15,16,17,24,25,26,27,34,35,36,37,45,46
749,14,15,16,17,24,25,26,27,34,35,36,37,45,46
750,14,15,16,17,24,25,26,27,34,35,36,37,45,46
751,14,15,16,17,24,25,26,27,34,35,36,37,45,46
752,14,15,16,17,24,25,26,27,34,35,36,37,45,46
753,14,15,16,17,24,25,26,27,34,35,36,37,45,46
754,14,15,16,17,24,25,26,27,34,35,36,37,45,46
755,14,15,16,17,24,25,26,27,34,35,36,37,45,46
756,14,15,16,17,24,25,26,27,34,35,36,37,45,46
757,14,15,16,17,24,25,26,27,34,35,36,37,45,46
758,14,15,16,17,24,25,26,27,34,35,36,37,45,46
759,14,15,16,17,24,25,26,27,34,35,36,37,45,46
760,14,15,16,17,24,25,26,27,34,35,36,37,45,46
761,14,15,16,17,24,25,26,27,34,35,36,37,45,46
762,14,15,16,17,24,25,26,27,34,35,36,37,45,46
763,14,15,16,17,24,25,26,27,34,35,36,37,45,46
764,14,15,16,17,24,25,26,27,34,35,36,37,45,46
765,14,15,16,17,24,25,26,27,34,35,36,37,45,46
766,14,15,16,17,24,25,26,27,34,35,36,37,45,46
767,14,15,16,17,24,25,26,27,34,35,36,37,45,46
768,14,15,16,17,24,25,26,27,34,35,36,37,45,46
769,14,15,16,17,24,25,26,27,34,35,36,37,45,46
770,14,15,16,17,24,25,26,27,34,35,36,37,45,46
771,14,15,16,17,24,25,26,27,34,35,36,37,45,46
772,14,15,16,17,24,25,26,27,34,35,36,37,45,46
773,14,15,16,17,24,25,26,27,34,35,36,37,45,46
774,14,15,16,17,24,25,26,27,34,35,36,37,45,46
775,14,15,16,17,24,25,26,27,34,35,36,37,45,46
776,14,15,16,17,24,25,26,27,34,35,36,37,45,46
777,14,15,16,17,24,25,26,27,34,35,36,37,45,46
778,14,15,16,17,24,25,26,27,34,35,36,37,45,46
779,14,15,16,17,24,25,26,27,34,35,36,37,45,46
780,14,15,16,17,24,25,26,27,34,35,36,37,45,46
781,14,15,16,17,24,25,26,27,34,35,36,37,45,46
782,14,15,16,17,24,25,26,27,34,35,36,37,45,46
783,14,15,16,17,24,25,26,27,34,35,36,37,45,46
784,14,15,16,17,24,25,26,27,34,35,36,37,45,46
785,14,15,16,17,24,25,26,27,34,35,36,37,45,46
786,14,15,16,17,24,25,26,27,34,35,36,37,45,46
787,14,15,16,17,24,25,26,27,34,35,36,37,45,46
788,14,15,16,17,24,25,26,27,34,35,36,37,45,46
789,14,15,16,17,24,25,26,27,34,35,36,37,45,46
790,14,15,16,17,24,25,26,27,34,35,36,37,45,46
791,14,15,16,17,24,25,26,27,34,35,36,37,45,46
792,14,15,16,17,24,25,26,27,34,35,36,37,45,46
793,14,15,16,17,24,25,26,27,34,35,36,37,45,46
794,14,15,16,17,24,25,26,27,34,35,36,37,45,46
795,14,15,16,17,24,25,26,27,34,35,36,37,45,46
796,14,15,16,17,24,25,26,27,34,35,36,37,45,46
797,14,15,16,17,24,25,26,27,34,35,36,37,45,46
798,14,15,16,17,24,25,26,27,34,35,36,37,45,46
799,14,15,16,17,24,25,26,27,34,35,36,37,45,46
800,14,15,16,17,24,25,26,27,34,35,36,37,45,46
801,14,15,16,17,24,25,26,27,34,35,36,37,45,46
802,14,15,16,17,24,25,26,27,34,35,36,37,45,46
803,14,15,16,17,24,25,26,27,34,35,36,37,45,46
804,14,15,16,17,24,25,26,27,34,35,36,37,45,46
805,14,15,16,17,24,25,26,27,34,35,36,37,45,46
806,14,15,16,17,24,25,26,27,34,35,36,37,45,46
807,14,15,16,17,24,25,26,27,34,35,36,37,45,46
808,14,15,16,17,24,25,26,27,34,35,36,37,45,46
809,14,15,16,17,24,25,26,27,34,35,36,37,45,46
810,14,15,16,17,24,25,26,27,34,35,36,37,45,46
811,14,15,16,24,25,26,27,34,35,36,37,45,46
812,14,15,16,24,25,26,27,34,35,36,37,45,46
813,14,15,16,24,25,26,27,34,35,36,37,45,46
814,14,15,16,24,25,26,27,34,35,36,37,45,46
815,14,15,16,24,25,26,27,34,35,36,37,45,46
816,14,15,16,24,25,26,27,34,35,36,37,45,46
817,14,15,16,24,25,26,27,34,35,36,37,45,46
818,14,15,16,24,25,26,27,34,35,36,37,45,46
819,14,15,16,24,25,26,27,34,35,36,37,45,46
820,14,15,16,24,25,26,27,34,35,36,37,45,46
821,14,15,16,24,25,26,27,34,35,36,37,45,46
822,14,15,16,24,25,26,27,34,35,36,37,45,46
823,14,15,16,24,25,26,27,34,35,36,37,45,46
824,14,15,16,24,25,26,27,34,35,36,37,45,46
825,14,15,16,24,25,26,27,34,35,36,37,45,46
826,14,15,16,24,25,26,27,34,35,36,37,45,46
827,14,15,16,24,25,26,27,34,35,36,37,45,46
828,14,15,16,24,25,26,27,34,35,36,37,45,46
829,14,15,16,24,25,26,27,34,35,36,37,45,46
830,14,15,16,24,25,26,27,34,35,36,37,45,46
831,14,15,16,24,25,26,27,34,35,36,45,46
832,14,15,16,24,25,26,27,34,35,36,45,46
833,14,15,16,24,25,26,27,34,35,36,45,46
834,14,15,16,24,25,26,27,34,35,36,45,46
835,14,15,16,24,25,26,27,34,35,36,45,46
836,14,15,16,24,25,26,27,34,35,36,45,46
837,14,15,16,24,25,26,34,35,36,45,46
838,14,15,16,24,25,26,34,35,36,45,46
839,14,15,16,24,25,26,34,35,36,45,46
840,14,15,16,24,25,26,34,35,36,45,46
841,14,15,16,24,25,26,34,35,36,45,46
842,14,15,16,24,25,26,34,35,36,45,46
843,14,15,16,24,25,26,34,35,36,45,46
844,14,15,16,24,25,26,34,35,36,45,46
845,14,15,16,24,25,26,34,35,36,45,46
846,14,15,16,24,25,26,34,35,36,45,46
847,14,15,16,24,25,26,34,35,36,45,46
848,14,15,16,24,25,26,34,35,36,45,46
849,14,15,16,24,25,26,34,35,36,45,46
850,14,15,16,24,25,26,34,35,36,45,46
851,14,15,16,24,25,26,34,35,36,45,46
852,14,15,16,24,25,26,34,35,36,45,46
853,14,15,16,24,25,26,34,35,36,45,46
854,14,15,16,24,25,26,34,35,36,45,46
855,14,15,16,24,25,26,34,35,36,45,46
856,14,15,16,24,25,26,34,35,36,45,46
857,14,15,16,24,25,26,34,35,36,45
858,14,15,16,24,25,26,34,35,36,45
859,14,15,16,24,25,26,34,35,36,45
860,14,15,16,24,25,26,34,35,36,45
861,14,15,16,24,25,26,34,35,36,45
862,14,15,16,24,25,26,34,35,36,45
863,14,15,16,24,25,26,34,35,36,45
864,14,15,16,24,25,26,34,35,36,45
865,14,15,16,24,25,26,34,35,36,44,45
866,14,15,16,24,25,26,34,35,36,44,45
867,14,15,16,24,25,26,34,35,36,44,45
868,14,15,16,24,25,26,34,35,36,44,45
869,14,15,16,23,24,25,26,34,35,36,44,45
870,14,15,16,23,24,25,26,34,35,36,44,45
871,14,15,16,23,24,25,26,33,34,35,36,44,45
872,14,15,16,23,24,25,26,33,34,35,36,44,45
873,14,15,16,23,24,25,26,33,34,35,36,44,45
874,14,15,16,23,24,25,26,33,34,35,36,44,45
875,14,15,16,23,24,25,26,33,34,35,36,44,45
876,14,15,16,23,24,25,26,33,34,35,36,44,45
877,13,14,15,16,23,24,25,26,33,34,35,36,44,45
878,13,14,15,16,23,24,25,26,33,34,35,36,44,45
879,13,14,15,16,23,24,25,26,33,34,35,36,44,45
880,13,14,15,16,23,24,25,26,33,34,35,36,44,45
881,13,14,15,16,23,24,25,26,33,34,35,36,44,45
882,13,14,15,16,23,24,25,26,33,34,35,36,44,45
883,13,14,15,16,23,24,25,26,33,34,35,36,44,45
884,13,14,15,16,23,24,25,26,33,34,35,36,44,45
885,13,14,15,16,23,24,25,26,33,34,35,36,44,45
886,13,14,15,16,23,24,25,26,33,34,35,36,44,45
887,13,14,15,16,23,24,25,26,33,34,35,36,44,45
888,13,14,15,16,23,24,25,26,33,34,35,36,44,45
889,13,14,15,16,23,24,25,26,33,34,35,36,44,45
890,13,14,15,16,23,24,25,26,33,34,35,36,44,45
891,13,14,15,16,23,24,25,26,33,34,35,36,44,45
892,13,14,15,16,23,24,25,26,33,34,35,36,44,45
893,13,14,15,16,23,24,25,26,33,34,35,36,44,45
894,13,14,15,16,23,24,25,26,33,34,35,36,44,45
895,13,14,15,16,23,24,25,26,33,34,35,36,44,45
896,13,14,15,16,23,24,25,26,33,34,35,36,44,45
897,13,14,15,16,23,24,25,26,33,34,35,36,44,45
898,13,14,15,16,23,24,25,26,33,34,35,36,44,45
899,13,14,15,16,23,24,25,26,33,34,35,36,44,45
900,13,14,15,16,23,24,25,26,33,34,35,36,44,45
901,13,14,15,16,23,24,25,26,33,34,35,36,44,45
902,13,14,15,16,23,24,25,26,33,34,35,36,44,45
903,13,14,15,16,23,24,25,26,33,34,35,36,44,45
904,13,14,15,16,23,24,25,26,33,34,35,36,44,45
905,13,14,15,16,23,24,25,26,33,34,35,36,44,45
906,13,14,15,16,23,24,25,26,33,34,35,36,44,45
907,13,14,15,16,23,24,25,26,33,34,35,36,44,45
908,13,14,15,16,23,24,25,26,33,34,35,36,44,45
909,13,14,15,16,23,24,25,26,33,34,35,36,44,45
910,13,14,15,16,23,24,25,26,33,34,35,36,44,45
911,13,14,15,16,23,24,25,26,33,34,35,36,44,45
912,13,14,15,16,23,24,25,26,33,34,35,36,44,45
913,13,14,15,16,23,24,25,26,33,34,35,36,44,45
914,13,14,15,16,23,24,25,26,33,34,35,36,44,45
915,13,14,15,16,23,24,25,26,33,34,35,36,44,45
916,13,14,15,16,23,24,25,26,33,34,35,36,44,45
917,13,14,15,16,23,24,25,26,33,34,35,36,44,45
918,13,14,15,16,23,24,25,26,33,34,35,36,44,45
919,13,14,15,16,23,24,25,26,33,34,35,36,44,45
920,13,14,15,16,23,24,25,26,33,34,35,36,44,45
921,13,14,15,16,23,24,25,26,33,34,35,36,44,45
922,13,14,15,16,23,24,25,26,33,34,35,36,44,45
923,13,14,15,16,23,24,25,26,33,34,35,36,44,45
924,13,14,15,16,23,24,25,26,33,34,35,36,44,45
925,13,14,15,16,23,24,25,26,33,34,35,36,44,45
926,13,14,15,16,23,24,25,26,33,34,35,36,44,45
927,13,14,15,16,23,24,25,26,33,34,35,36,44,45
928,13,14,15,16,23,24,25,26,33,34,35,36,44,45
929,13,14,15,16,23,24,25,26,33,34,35,36,44,45
930,13,14,15,16,23,24,25,26,33,34,35,36,44,45
931,13,14,15,16,23,24,25,26,33,34,35,36,44,45
932,13,14,15,16,23,24,25,26,33,34,35,36,44,45
933,13,14,15,16,23,24,25,26,33,34,35,36,44,45
934,13,14,15,16,23,24,25,26,33,34,35,36,44,45
935,13,14,15,16,23,24,25,26,33,34,35,36,44,45
936,13,14,15,16,23,24,25,26,33,34,35,36,44,45
937,13,14,15,16,23,24,25,26,33,34,35,36,44,45
938,13,14,15,16,23,24,25,26,33,34,35,36,44,45
939,13,14,15,16,23,24,25,26,33,34,35,36,44,45
940,13,14,15,16,23,24,25,26,33,34,35,36,44,45
941,13,14,15,16,23,24,25,26,33,34,35,36,44,45
942,13,14,15,16,23,24,25,26,33,34,35,36,44,45
943,13,14,15,16,23,24,25,26,33,34,35,36,44,45
944,13,14,15,16,23,24,25,26,33,34,35,36,44,45
945,13,14,15,16,23,24,25,26,33,34,35,36,44,45
946,13,14,15,16,23,24,25,26,33,34,35,36,44,45
947,13,14,15,16,23,24,25,26,33,34,35,36,44,45
948,13,14,15,16,23,24,25,26,33,34,35,36,44,45
949,13,14,15,16,23,24,25,26,33,34,35,36,44,45
950,13,14,15,16,23,24,25,26,33,34,35,36,44,45
951,13,14,15,16,23,24,25,26,33,34,35,36,44,45
952,13,14,15,16,23,24,25,26,33,34,35,36,44,45
953,13,14,15,16,23,24,25,26,33,34,35,36,44,45
954,13,14,15,16,23,24,25,26,33,34,35,36,44,45
955,13,14,15,16,23,24,25,26,33,34,35,36,44,45
956,13,14,15,16,23,24,25,26,33,34,35,36,44,45
957,13,14,15,16,23,24,25,26,33,34,35,36,44,45
958,13,14,15,16,23,24,25,26,33,34,35,36,44,45
959,13,14,15,16,23,24,25,26,33,34,35,36,44,45
960,13,14,15,16,23,24,25,26,33,34,35,36,44,45
961,13,14,15,16,23,24,25,26,33,34,35,36,44,45
962,13,14,15,16,23,24,25,26,33,34,35,36,44,45
963,13,14,15,16,23,24,25,26,33,34,35,36,44,45
964,13,14,15,16,23,24,25,26,33,34,35,36,44,45
965,13,14,15,16,23,24,25,26,33,34,35,36,44,45
966,13,14,15,16,23,24,25,26,33,34,35,36,44,45
967,13,14,15,16,23,24,25,26,33,34,35,36,44,45
968,13,14,15,16,23,24,25,26,33,34,35,36,44,45
969,13,14,15,16,23,24,25,26,33,34,35,36,44,45
970,13,14,15,16,23,24,25,26,33,34,35,36,44,45
971,13,14,15,16,23,24,25,26,33,34,35,36,44,45
972,13,14,15,16,23,24,25,26,33,34,35,36,44,45
973,13,14,15,16,23,24,25,26,33,34,35,36,44,45
974,13,14,15,16,23,24,25,26,33,34,35,36,44,45
975,13,14,15,16,23,24,25,26,33,34,35,36,44,45
976,13,14,15,16,23,24,25,26,33,34,35,36,44,45
977,13,14,15,16,23,24,25,26,33,34,35,36,44,45
978,13,14,15,16,23,24,25,26,33,34,35,36,44,45
979,13,14,15,16,23,24,25,26,33,34,35,36,44,45
980,13,14,15,16,23,24,25,26,33,34,35,36,44,45
981,13,14,15,16,23,24,25,26,33,34,35,36,44,45
982,13,14,15,16,23,24,25,26,33,34,35,36,44,45
983,13,14,15,16,23,24,25,26,33,34,35,36,44,45
984,13,14,15,16,23,24,25,26,33,34,35,36,44,45
985,13,14,15,16,23,24,25,26,33,34,35,36,44,45
986,13,14,15,16,23,24,25,26,33,34,35,36,44,45
987,13,14,15,16,23,24,25,26,33,34,35,36,44,45
988,13,14,15,16,23,24,25,26,33,34,35,36,44,45
989,13,14,15,16,23,24,25,26,33,34,35,36,44,45
990,13,14,15,16,23,24,25,26,33,34,35,36,44,45
991,13,14,15,16,23,24,25,26,33,34,35,36,44,45
992,13,14,15,16,23,24,25,26,33,34,35,36,44,45
993,13,14,15,16,23,24,25,26,33,34,35,36,44,45
994,13,14,15,16,23,24,25,26,33,34,35,36,44,45
995,13,14,15,16,23,24,25,26,33,34,35,36,44,45
996,13,14,15,16,23,24,25,26,33,34,35,36,44,45
997,13,14,15,16,23,24,25,26,33,34,35,36,44,45
998,13,14,15,16,23,24,25,26,33,34,35,36,44,45
999,13,14,15,16,23,24,25,26,33,34,35,36,44,45
1000,13,14,15,16,23,24,25,26,33,34,35,36,44,45
1001,13,14,15,16,23,24,25,26,33,34,35,36,44,45
1002,13,14,15,16,23,24,25,26,33,34,35,36,44,45
1003,13,14,15,16,23,24,25,26,33,34,35,36,44,45
1004,13,14,15,16,23,24,25,26,33,34,35,36,44,45
1005,13,14,15,16,23,24,25,26,33,34,35,36,44,45
1006,13,14,15,16,23,24,25,26,33,34,35,36,44,45
1007,13,14,15,16,23,24,25,26,33,34,35,36,44,45
1008,13,14,15,16,23,24,25,26,33,34,35,36,44,45
1009,13,14,15,16,23,24,25,26,33,34,35,36,44,45
1010,13,14,15,16,23,24,25,26,33,34,35,36,44,45
1011,13,14,15,16,23,24,25,26,33,34,35,36,44,45
1012,13,14,15,16,23,24,25,26,33,34,35,36,44,45
1013,13,14,15,16,23,24,25,26,33,34,35,36,44,45
1014,13,14,15,16,23,24,25,26,33,34,35,36,44,45
1015,13,14,15,16,23,24,25,26,33,34,35,36,44,45
1016,13,14,15,16,23,24,25,26,33,34,35,36,44,45
1017,13,14,15,16,23,24,25,26,33,34,35,36,44,45
1018,13,14,15,16,23,24,25,26,33,34,35,36,44,45
1019,13,14,15,16,23,24,25,26,33,34,35,36,44,45
1020,13,14,15,16,23,24,25,26,33,34,35,36,44,45
1021,13,14,15,16,23,24,25,26,33,34,35,36,44,45
1022,13,14,15,16,23,24,25,26,33,34,35,36,44,45
1023,13,14,15,16,23,24,25,26,33,34,35,36,44,45
1024,13,14,15,16,23,24,25,26,33,34,35,36,44,45
1025,13,14,15,16,23,24,25,26,33,34,35,36,44,45
1026,13,14,15,16,23,24,25,26,33,34,35,36,44,45
1027,13,14,15,16,23,24,25,26,33,34,35,36,44,45
1028,13,14,15,16,23,24,25,26,33,34,35,36,44,45
1029,13,14,15,16,23,24,25,26,33,34,35,36,44,45
1030,13,14,15,16,23,24,25,26,33,34,35,36,44,45
1031,13,14,15,16,23,24,25,26,33,34,35,36,44,45
1032,13,14,15,16,23,24,25,26,33,34,35,36,44,45
1033,13,14,15,16,23,24,25,26,33,34,35,36,44,45
1034,13,14,15,16,23,24,25,26,33,34,35,36,44,45
1035,13,14,15,16,23,24,25,26,33,34,35,36,44,45
1036,13,14,15,16,23,24,25,26,33,34,35,36,44,45
1037,13,14,15,16,23,24,25,26,33,34,35,36,44,45
1038,13,14,15,16,23,24,25,26,33,34,35,36,44,45
1039,13,14,15,16,23,24,25,26,33,34,35,36,44,45
1040,13,14,15,16,23,24,25,26,33,34,35,36,44,45
1041,13,14,15,16,23,24,25,26,33,34,35,36,44,45
1042,13,14,15,16,23,24,25,26,33,34,35,36,44,45
1043,14,15,16,23,24,25,26,33,34,35,36,44,45
1044,14,15,16,23,24,25,26,33,34,35,36,44,45
1045,14,15,16,23,24,25,26,33,34,35,36,44,45
1046,14,15,16,23,24,25,26,33,34,35,36,44,45
1047,14,15,16,23,24,25,26,33,34,35,36,44,45
1048,14,15,16,23,24,25,26,33,34,35,36,44,45
1049,14,15,16,23,24,25,26,33,34,35,36,44,45
1050,14,15,16,23,24,25,26,33,34,35,36,44,45
1051,14,15,16,23,24,25,26,33,34,35,36,44,45
1052,14,15,16,23,24,25,26,33,34,35,36,44,45
1053,14,15,16,23,24,25,26,33,34,35,36,44,45
1054,14,15,16,23,24,25,26,33,34,35,36,44,45
1055,14,15,16,23,24,25,26,33,34,35,36,44,45
1056,14,15,16,23,24,25,26,33,34,35,36,44,45
1057,14,15,16,23,24,25,26,33,34,35,36,44,45
1058,14,15,16,23,24,25,26,33,34,35,36,44,45
1059,14,15,16,23,24,25,26,33,34,35,36,44,45
1060,14,15,16,23,24,25,26,33,34,35,36,44,45
1061,14,15,16,23,24,25,26,33,34,35,36,44,45
1062,14,15,16,23,24,25,26,33,34,35,36,44,45
1063,14,15,16,24,25,26,34,35,36,44,45,46
1064,14,15,16,24,25,26,34,35,36,44,45,46
1065,14,15,16,24,25,26,34,35,36,44,45,46
1066,14,15,16,24,25,26,34,35,36,44,45,46
1067,14,15,16,24,25,26,27,34,35,36,37,45,46
1068,14,15,16,24,25,26,27,34,35,36,37,45,46
1069,14,15,16,24,25,26,27,34,35,36,37,45,46
1070,14,15,16,24,25,26,27,34,35,36,37,45,46
1071,14,15,16,17,24,25,26,27,34,35,36,37,45,46
1072,14,15,16,17,24,25,26,27,34,35,36,37,45,46
1073,14,15,16,17,24,25,26,27,34,35,36,37,45,46
1074,14,15,16,17,24,25,26,27,34,35,36,37,45,46
1075,14,15,16,17,24,25,26,27,34,35,36,37,45,46
1076,14,15,16,17,24,25,26,27,34,35,36,37,45,46
1077,14,15,16,17,24,25,26,27,34,35,36,37,45,46
1078,14,15,16,17,24,25,26,27,34,35,36,37,45,46
1079,14,15,16,17,24,25,26,27,34,35,36,37,45,46
1080,14,15,16,17,24,25,26,27,34,35,36,37,45,46
1081,14,15,16,17,24,25,26,27,34,35,36,37,45,46
1082,14,15,16,17,24,25,26,27,34,35,36,37,45,46
1083,14,15,16,17,24,25,26,27,34,35,36,37,46
1084,14,15,16,17,24,25,26,27,34,35,36,37,46
1085,14,15,16,17,24,25,26,27,34,35,36,37
1086,14,15,16,17,24,25,26,27,34,35,36,37
1087,14,15,16,17,24,25,26,27,34,35,36,37
1088,14,15,16,17,24,25,26,27,34,35,36,37
1089,14,15,16,17,24,25,26,27,34,35,36,37
1090,14,15,16,17,24,25,26,27,34,35,36,37
1091,14,15,16,17,24,25,26,27,34,35,36,37
1092,14,15,16,17,24,25,26,27,34,35,36,37
1093,14,15,16,17,24,25,26,27,34,35,36,37
1094,14,15,16,17,24,25,26,27,34,35,36,37
1095,14,15,16,17,24,25,26,27,34,35,36,37
1096,14,15,16,17,24,25,26,27,34,35,36,37
1097,14,15,16,17,24,25,26,27,34,35,36,37
1098,14,15,16,17,24,25,26,27,34,35,36,37
1099,14,15,16,17,24,25,26,27,34,35,36,37
1100,14,15,16,17,24,25,26,27,34,35,36,37
1101,14,15,16,17,24,25,26,27,34,35,36,37
1102,14,15,16,17,24,25,26,27,34,35,36,37
1103,14,15,16,17,24,25,26,27,34,35,36,37
1104,14,15,16,17,24,25,26,27,34,35,36,37
1105,14,15,16,17,24,25,26,27,34,35,36,37
1106,14,15,16,17,24,25,26,27,34,35,36,37
1107,14,15,16,17,24,25,26,27,34,35,36,37
1108,14,15,16,17,24,25,26,27,34,35,36,37
1109,14,15,16,17,24,25,26,27,34,35,36,37
1110,14,15,16,17,24,25,26,27,34,35,36,37
1111,14,15,16,17,24,25,26,27,34,35,36,37
1112,14,15,16,17,24,25,26,27,34,35,36,37
1113,14,15,16,17,24,25,26,27,34,35,36,37
1114,14,15,16,17,24,25,26,27,34,35,36,37
1115,14,15,16,17,24,25,26,27,34,35,36,37
1116,14,15,16,17,24,25,26,27,34,35,36,37
1117,14,15,16,17,24,25,26,27,34,35,36,37
1118,14,15,16,17,24,25,26,27,34,35,36,37
1119,14,15,16,17,24,25,26,27,34,35,36,37
1120,14,15,16,17,24,25,26,27,34,35,36,37
1121,14,15,16,17,24,25,26,27,34,35,36,37
1122,14,15,16,17,24,25,26,27,34,35,36,37
1123,14,15,16,17,24,25,26,27,34,35,36,37
1124,14,15,16,17,24,25,26,27,34,35,36,37
1125,6,14,15,16,17,24,25,26,27,34,35,36,37
1126,6,14,15,16,17,24,25,26,27,34,35,36,37
1127,14,15,16,17,24,25,26,27,34,35,36,37
1128,14,15,16,17,24,25,26,27,34,35,36,37
1129,14,15,16,17,24,25,26,27,34,35,36,37
1130,14,15,16,17,24,25,26,27,34,35,36,37
1131,14,15,16,17,24,25,26,27,34,35,36,37
1132,14,15,16,17,24,25,26,27,34,35,36,37
1133,14,15,16,17,24,25,26,27,34,35,36,37
1134,14,15,16,17,24,25,26,27,34,35,36,37
1135,14,15,16,17,24,25,26,27,34,35,36,37
1136,14,15,16,17,24,25,26,27,34,35,36,37
1137,14,15,16,17,24,25,26,27,34,35,36,37
1138,14,15,16,17,24,25,26,27,34,35,36,37
1139,14,15,16,17,24,25,26,27,34,35,36,37
1140,14,15,16,17,24,25,26,27,34,35,36,37
1141,14,15,16,17,24,25,26,27,34,35,36,37
1142,14,15,16,17,24,25,26,27,34,35,36,37
1143,6,14,15,16,17,24,25,26,27,34,35,36,37
1144,6,14,15,16,17,24,25,26,27,34,35,36,37
1145,5,6,14,15,16,17,24,25,26,27,34,35,36,37
1146,5,6,14,15,16,17,24,25,26,27,34,35,36,37
1147,5,6,14,15,16,17,24,25,26,27,34,35,36,37
1148,5,6,14,15,16,17,24,25,26,27,34,35,36,37
1149,5,6,14,15,16,17,24,25,26,27,34,35,36,37
1150,5,6,14,15,16,17,24,25,26,27,34,35,36,37
1151,5,6,14,15,16,17,24,25,26,27,34,35,36,37
1152,5,6,14,15,16,17,24,25,26,27,34,35,36,37
1153,5,6,14,15,16,17,24,25,26,27,34,35,36
1154,5,6,14,15,16,17,24,25,26,27,34,35,36
1155,5,6,14,15,16,17,24,25,26,27,34,35,36
1156,5,6,14,15,16,17,24,25,26,27,34,35,36
1157,5,6,14,15,16,17,24,25,26,27,34,35,36
1158,5,6,14,15,16,17,24,25,26,27,34,35,36
1159,5,6,14,15,16,17,24,25,26,27,34,35,36
1160,5,6,14,15,16,17,24,25,26,27,34,35,36
1161,5,6,14,15,16,17,24,25,26,27,34,35,36
1162,5,6,14,15,16,17,24,25,26,27,34,35,36
1163,5,6,14,15,16,17,24,25,26,27,34,35,36
1164,5,6,14,15,16,17,24,25,26,27,34,35,36
1165,5,6,14,15,16,17,24,25,26,27,34,35,36
1166,5,6,14,15,16,17,24,25,26,27,34,35,36
1167,5,6,14,15,16,17,24,25,26,27,34,35,36
1168,5,6,14,15,16,17,24,25,26,27,34,35,36
1169,5,6,14,15,16,17,24,25,26,27,34,35,36
1170,5,6,14,15,16,17,24,25,26,27,34,35,36
1171,5,6,14,15,16,17,24,25,26,27,34,35,36,37
1172,5,6,14,15,16,17,24,25,26,27,34,35,36,37
1173,5,6,14,15,16,17,24,25,26,27,34,35,36,37
1174,5,6,14,15,16,17,24,25,26,27,34,35,36,37
1175,5,6,14,15,16,17,24,25,26,27,34,35,36,37
1176,5,6,14,15,16,17,24,25,26,27,34,35,36,37
1177,5,6,14,15,16,17,24,25,26,27,34,35,36,37
1178,5,6,14,15,16,17,24,25,26,27,34,35,36,37
1179,5,6,14,15,16,17,24,25,26,27,34,35,36,37
1180,5,6,14,15,16,17,24,25,26,27,34,35,36,37
1181,5,6,14,15,16,17,24,25,26,27,34,35,36,37
1182,5,6,14,15,16,17,24,25,26,27,34,35,36,37
1183,5,6,14,15,16,17,24,25,26,27,34,35,36,37
1184,5,6,14,15,16,17,24,25,26,27,34,35,36,37
1185,5,6,14,15,16,17,24,25,26,27,34,35,36,37
1186,5,6,14,15,16,17,24,25,26,27,34,35,36,37
1187,5,6,14,15,16,17,24,25,26,27,34,35,36,37
1188,5,6,14,15,16,17,24,25,26,27,34,35,36,37
1189,5,6,14,15,16,17,24,25,26,27,34,35,36,37
1190,5,6,14,15,16,17,24,25,26,27,34,35,36,37
1191,5,6,14,15,16,17,24,25,26,27,34,35,36,37
1192,5,6,14,15,16,17,24,25,26,27,34,35,36,37
1193,5,6,14,15,16,17,24,25,26,27,34,35,36,37
1194,5,6,14,15,16,17,24,25,26,27,34,35,36,37
1195,5,6,14,15,16,17,24,25,26,27,34,35,36,37
1196,5,6,14,15,16,17,24,25,26,27,34,35,36,37
1197,5,6,14,15,16,17,24,25,26,27,34,35,36,37
1198,5,6,14,15,16,17,24,25,26,27,34,35,36,37
1199,5,6,14,15,16,17,24,25,26,27,34,35,36,37
1200,5,6,14,15,16,17,24,25,26,27,34,35,36,37
1201,5,6,14,15,16,17,24,25,26,27,34,35,36,37
1202,5,6,14,15,16,17,24,25,26,27,34,35,36,37
1203,5,6,14,15,16,17,24,25,26,27,34,35,36,37
1204,5,6,14,15,16,17,24,25,26,27,34,35,36,37
1205,5,6,14,15,16,17,24,25,26,27,34,35,36
1206,5,6,14,15,16,17,24,25,26,27,34,35,36
1207,5,6,14,15,16,17,24,25,26,27,34,35,36
1208,5,6,14,15,16,17,24,25,26,27,34,35,36
1209,5,6,14,15,16,17,24,25,26,27,34,35,36
1210,5,6,14,15,16,17,24,25,26,27,34,35,36
1211,5,6,14,15,16,17,24,25,26,27,34,35,36
1212,5,6,14,15,16,17,24,25,26,27,34,35,36
1213,5,6,14,15,16,17,24,25,26,27,34,35,36
1214,5,6,14,15,16,17,24,25,26,27,34,35,36
1215,5,6,14,15,16,17,24,25,26,27,34,35,36
1216,5,6,14,15,16,17,24,25,26,27,34,35,36
1217,5,6,14,15,16,17,24,25,26,27,34,35,36
1218,5,6,14,15,16,17,24,25,26,27,34,35,36
1219,5,6,7,14,15,16,17,24,25,26,27,34,35,36
1220,5,6,7,14,15,16,17,24,25,26,27,34,35,36
1221,4,5,6,7,14,15,16,17,24,25,26,27,35,36
1222,4,5,6,7,14,15,16,17,24,25,26,27,35,36
1223,4,5,6,7,14,15,16,17,24,25,26,27,35,36
1224,4,5,6,7,14,15,16,17,24,25,26,27,35,36
1225,5,6,7,14,15,16,17,24,25,26,27,34,35,36
1226,5,6,7,14,15,16,17,24,25,26,27,34,35,36
1227,5,6,14,15,16,17,24,25,26,27,34,35,36,37
1228,5,6,14,15,16,17,24,25,26,27,34,35,36,37
1229,14,15,16,17,24,25,26,27,34,35,36,37,45,46
1230,14,15,16,17,24,25,26,27,34,35,36,37,45,46
1231,15,16,24,25,26,27,34,35,36,37,44,45,46,47
1232,15,16,24,25,26,27,34,35,36,37,44,45,46,47
1233,15,16,24,25,26,27,34,35,36,37,44,45,46,47
1234,15,16,24,25,26,27,34,35,36,37,44,45,46,47
1235,16,24,25,26,27,34,35,36,37,44,45,46,47
1236,16,24,25,26,27,34,35,36,37,44,45,46,47
1237,24,25,26,27,34,35,36,37,41,42,43,44,45,46,47,48,49,50
1238,24,25,26,27,34,35,36,37,41,42,43,44,45,46,47,48,49,50
1239,24,25,26,27,33,34,35,36,37,38,41,42,43,44,45,46,47,48,49,50
1240,24,25,26,27,33,34,35,36,37,38,41,42,43,44,45,46,47,48,49,50
1241,24,25,26,27,33,34,35,36,37,38,41,42,43,44,45,46,47,48,49,50
1242,24,25,26,27,33,34,35,36,37,38,41,42,43,44,45,46,47,48,49,50
1243,24,25,26,27,33,34,35,36,37,38,41,42,43,44,45,46,47,48,49,50
1244,24,25,26,27,33,34,35,36,37,38,41,42,43,44,45,46,47,48,49,50
1245,24,25,26,27,33,34,35,36,37,38,41,42,43,44,45,46,47,48,49,50
1246,24,25,26,27,33,34,35,36,37,38,41,42,43,44,45,46,47,48,49,50
1247,24,25,26,27,33,34,35,36,37,38,41,42,43,44,45,46,47,48,49,50
1248,24,25,26,27,33,34,35,36,37,38,41,42,43,44,45,46,47,48,49,50
1249,24,25,26,27,33,34,35,36,37,38,41,42,43,44,45,46,47,48,49,50
1250,24,25,26,27,33,34,35,36,37,38,41,42,43,44,45,46,47,48,49,50
1251,24,25,26,27,33,34,35,36,37,38,41,42,43,44,45,46,47,48,49,50
1252,24,25,26,27,33,34,35,36,37,38,41,42,43,44,45,46,47,48,49,50
1253,24,25,26,27,33,34,35,36,37,38,41,42,43,44,45,46,47,48,49,50
1254,24,25,26,27,33,34,35,36,37,38,41,42,43,44,45,46,47,48,49,50
1255,24,25,26,27,33,34,35,36,37,38,41,42,43,44,45,46,47,48,49,50
1256,24,25,26,27,33,34,35,36,37,38,41,42,43,44,45,46,47,48,49,50
1257,25,26,27,33,34,35,36,37,38,41,42,43,44,45,46,47,48,49,50
1258,25,26,27,33,34,35,36,37,38,41,42,43,44,45,46,47,48,49,50
1259,25,26,27,33,34,35,36,37,38,41,42,43,44,45,46,47,48,49,50
1260,25,26,27,33,34,35,36,37,38,41,42,43,44,45,46,47,48,49,50
1261,25,26,27,33,34,35,36,37,38,41,42,43,44,45,46,47,48,49,50
1262,25,26,27,33,34,35,36,37,38,41,42,43,44,45,46,47,48,49,50
1263,25,26,27,33,34,35,36,37,38,41,42,43,44,45,46,47,48,49,50
1264,25,26,27,33,34,35,36,37,38,41,42,43,44,45,46,47,48,49,50
1265,25,26,27,33,34,35,36,37,38,41,42,43,44,45,46,47,48,49,50
1266,25,26,27,33,34,35,36,37,38,41,42,43,44,45,46,47,48,49,50
1267,25,26,27,33,34,35,36,37,38,41,42,43,44,45,46,47,48,49,50
1268,25,26,27,33,34,35,36,37,38,41,42,43,44,45,46,47,48,49,50
1269,25,26,27,33,34,35,36,37,38,41,42,43,44,45,46,47,48,49,50
1270,25,26,27,33,34,35,36,37,38,41,42,43,44,45,46,47,48,49,50
1271,25,26,27,33,34,35,36,37,38,41,42,43,44,45,46,47,48,49,50
1272,25,26,27,33,34,35,36,37,38,41,42,43,44,45,46,47,48,49,50
1273,25,26,27,33,34,35,36,37,38,41,42,43,44,45,46,47,48,49,50
1274,25,26,27,33,34,35,36,37,38,41,42,43,44,45,46,47,48,49,50
1275,25,26,27,33,34,35,36,37,38,41,42,43,44,45,46,47,48,49,50
1276,25,26,27,33,34,35,36,37,38,41,42,43,44,45,46,47,48,49,50
1277,25,26,27,33,34,35,36,37,38,41,42,43,44,45,46,47,48,49,50
1278,25,26,27,33,34,35,36,37,38,41,42,43,44,45,46,47,48,49,50
1279,25,26,27,33,34,35,36,37,38,41,42,43,44,45,46,47,48,49,50
1280,25,26,27,33,34,35,36,37,38,41,42,43,44,45,46,47,48,49,50
1281,25,26,27,33,34,35,36,37,38,41,42,43,44,45,46,47,48,49,50
1282,25,26,27,33,34,35,36,37,38,41,42,43,44,45,46,47,48,49,50
1283,25,26,27,33,34,35,36,37,38,41,42,43,44,45,46,47,48,49,50
1284,25,26,27,33,34,35,36,37,38,41,42,43,44,45,46,47,48,49,50
1285,25,26,27,33,34,35,36,37,38,41,42,43,44,45,46,47,48,49,50
1286,25,26,27,33,34,35,36,37,38,41,42,43,44,45,46,47,48,49,50
1287,25,26,27,33,34,35,36,37,38,41,42,43,44,45,46,47,48,49,50
1288,25,26,27,33,34,35,36,37,38,41,42,43,44,45,46,47,48,49,50
1289,25,26,27,33,34,35,36,37,38,41,42,43,44,45,46,47,48,49,50
1290,25,26,27,33,34,35,36,37,38,41,42,43,44,45,46,47,48,49,50
1291,25,26,27,33,34,35,36,37,38,39,41,42,43,44,45,46,47,48,49,50
1292,25,26,27,33,34,35,36,37,38,39,41,42,43,44,45,46,47,48,49,50
1293,26,27,33,34,35,36,37,38,39,41,42,43,44,45,46,47,48,49,50
1294,26,27,33,34,35,36,37,38,39,41,42,43,44,45,46,47,48,49,50
1295,26,27,33,34,35,36,37,38,39,41,42,43,44,45,46,47,48,49,50
1296,26,27,33,34,35,36,37,38,39,41,42,43,44,45,46,47,48,49,50
1297,26,27,33,34,35,36,37,38,39,41,42,43,44,45,46,47,48,49,50
1298,26,27,33,34,35,36,37,38,39,41,42,43,44,45,46,47,48,49,50
1299,26,27,33,34,35,36,37,38,39,41,42,43,44,45,46,47,48,49,50
1300,26,27,33,34,35,36,37,38,39,41,42,43,44,45,46,47,48,49,50
1301,26,27,33,34,35,36,37,38,39,41,42,43,44,45,46,47,48,49,50
1302,26,27,33,34,35,36,37,38,39,41,42,43,44,45,46,47,48,49,50
1303,26,27,33,34,35,36,37,38,39,41,42,43,44,45,46,47,48,49,50
1304,26,27,33,34,35,36,37,38,39,41,42,43,44,45,46,47,48,49,50
1305,26,27,33,34,35,36,37,38,39,41,42,43,44,45,46,47,48,49,50
1306,26,27,33,34,35,36,37,38,39,41,42,43,44,45,46,47,48,49,50
1307,26,27,33,34,35,36,37,38,39,41,42,43,44,45,46,47,48,49,50
1308,26,27,33,34,35,36,37,38,39,41,42,43,44,45,46,47,48,49,50
1309,26,27,33,34,35,36,37,38,39,41,42,43,44,45,46,47,48,49,50
1310,26,27,33,34,35,36,37,38,39,41,42,43,44,45,46,47,48,49,50
1311,26,27,33,34,35,36,37,38,39,41,42,43,44,45,46,47,48,49,50
1312,26,27,33,34,35,36,37,38,39,41,42,43,44,45,46,47,48,49,50
1313,26,27,33,34,35,36,37,38,39,41,42,43,44,45,46,47,48,49,50
1314,26,27,33,34,35,36,37,38,39,41,42,43,44,45,46,47,48,49,50
1315,26,27,33,34,35,36,37,38,39,41,42,43,44,45,46,47,48,49,50
1316,26,27,33,34,35,36,37,38,39,41,42,43,44,45,46,47,48,49,50
1317,26,27,33,34,35,36,37,38,39,41,42,43,44,45,46,47,48,49,50
1318,26,27,33,34,35,36,37,38,39,41,42,43,44,45,46,47,48,49,50
1319,26,27,33,34,35,36,37,38,39,41,42,43,44,45,46,47,48,49,50
1320,26,27,33,34,35,36,37,38,39,41,42,43,44,45,46,47,48,49,50
1321,25,26,27,33,34,35,36,37,38,39,41,42,43,44,45,46,47,48,49,50
1322,25,26,27,33,34,35,36,37,38,39,41,42,43,44,45,46,47,48,49,50
1323,25,26,27,33,34,35,36,37,38,39,41,42,43,44,45,46,47,48,49,50
1324,25,26,27,33,34,35,36,37,38,39,41,42,43,44,45,46,47,48,49,50
1325,25,26,27,34,35,36,37,38,41,42,43,44,45,46,47,48,49,50
1326,25,26,27,34,35,36,37,38,41,42,43,44,45,46,47,48,49,50
1327,25,26,27,34,35,36,37,38,41,42,43,44,45,46,47,48,49,50
1328,25,26,27,34,35,36,37,38,41,42,43,44,45,46,47,48,49,50
1329,24,25,26,27,34,35,36,37,38,41,42,43,44,45,46,47,48,49,50
1330,24,25,26,27,34,35,36,37,38,41,42,43,44,45,46,47,48,49,50
1331,24,25,26,27,34,35,36,37,38,41,42,43,44,45,46,47,48,49,50
1332,24,25,26,27,34,35,36,37,38,41,42,43,44,45,46,47,48,49,50
1333,24,25,26,27,34,35,36,37,38,44,45,46,47,48
1334,24,25,26,27,34,35,36,37,38,44,45,46,47,48
1335,16,24,25,26,27,34,35,36,37,44,45,46,47
1336,16,24,25,26,27,34,35,36,37,44,45,46,47
1337,15,16,24,25,26,27,34,35,36,37,44,45,46,47
1338,15,16,24,25,26,27,34,35,36,37,44,45,46,47
1339,15,16,17,24,25,26,27,34,35,36,37,45,46,47
1340,15,16,17,24,25,26,27,34,35,36,37,45,46,47
1341,15,16,17,24,25,26,27,34,35,36,37,45,46,47
1342,15,16,17,24,25,26,27,34,35,36,37,45,46,47
1343,15,16,17,24,25,26,27,34,35,36,37,45,46
1344,15,16,17,24,25,26,27,34,35,36,37,45,46
1345,14,15,16,17,24,25,26,27,34,35,36,37,45,46
1346,14,15,16,17,24,25,26,27,34,35,36,37,45,46
1347,14,15,16,17,24,25,26,27,34,35,36,37,45,46
1348,14,15,16,17,24,25,26,27,34,35,36,37,45,46
1349,14,15,16,17,24,25,26,27,34,35,36,37,45,46
1350,14,15,16,17,24,25,26,27,34,35,36,37,45,46
1351,14,15,16,17,24,25,26,27,34,35,36,37,45,46
1352,14,15,16,17,24,25,26,27,34,35,36,37,45,46
1353,14,15,16,17,24,25,26,27,34,35,36,37,45,46
1354,14,15,16,17,24,25,26,27,34,35,36,37,45,46
1355,14,15,16,24,25,26,27,34,35,36,37,45,46
1356,14,15,16,24,25,26,27,34,35,36,37,45,46
1357,14,15,16,24,25,26,27,34,35,36,37,45,46
1358,14,15,16,24,25,26,27,34,35,36,37,45,46
1359,14,15,16,24,25,26,27,34,35,36,37,45,46
1360,14,15,16,24,25,26,27,34,35,36,37,45,46
1361,14,15,16,24,25,26,34,35,36,44,45,46
1362,14,15,16,24,25,26,34,35,36,44,45,46
1363,14,15,16,24,25,26,34,35,36,44,45,46
1364,14,15,16,24,25,26,34,35,36,44,45,46
1365,14,15,16,23,24,25,26,33,34,35,36,44,45
1366,14,15,16,23,24,25,26,33,34,35,36,44,45
1367,13,14,15,16,23,24,25,26,33,34,35,36,44,45
1368,13,14,15,16,23,24,25,26,33,34,35,36,44,45
1369,13,14,15,16,23,24,25,26,33,34,35,36,44,45
1370,13,14,15,16,23,24,25,26,33,34,35,36,44,45
1371,13,14,15,16,23,24,25,26,33,34,35,36,44,45
1372,13,14,15,16,23,24,25,26,33,34,35,36,44,45
1373,13,14,15,16,23,24,25,26,33,34,35,36,44,45
1374,13,14,15,16,23,24,25,26,33,34,35,36,44,45
1375,13,14,15,16,23,24,25,26,33,34,35,36,44,45
1376,13,14,15,16,23,24,25,26,33,34,35,36,44,45
1377,13,14,15,16,23,24,25,26,33,34,35,36,44,45
1378,13,14,15,16,23,24,25,26,33,34,35,36,44,45
1379,13,14,15,16,23,24,25,26,33,34,35,36,44,45
1380,13,14,15,16,23,24,25,26,33,34,35,36,44,45
1381,13,14,15,16,23,24,25,26,33,34,35,36,44,45
1382,13,14,15,16,23,24,25,26,33,34,35,36,44,45
1383,13,14,15,16,23,24,25,26,33,34,35,36,44,45
1384,13,14,15,16,23,24,25,26,33,34,35,36,44,45
1385,13,14,15,16,23,24,25,26,33,34,35,36,44,45
1386,13,14,15,16,23,24,25,26,33,34,35,36,44,45
1387,13,14,15,16,23,24,25,26,33,34,35,36,44,45
1388,13,14,15,16,23,24,25,26,33,34,35,36,44,45
1389,13,14,15,16,23,24,25,26,33,34,35,36,44,45
1390,13,14,15,16,23,24,25,26,33,34,35,36,44,45
1391,13,14,15,16,23,24,25,26,33,34,35,36,44,45
1392,13,14,15,16,23,24,25,26,33,34,35,36,44,45
1393,13,14,15,16,23,24,25,26,33,34,35,36,44,45
1394,13,14,15,16,23,24,25,26,33,34,35,36,44,45
1395,14,15,16,23,24,25,26,33,34,35,36,44,45
1396,14,15,16,23,24,25,26,33,34,35,36,44,45
1397,14,15,16,23,24,25,26,33,34,35,36,44,45
1398,14,15,16,23,24,25,26,33,34,35,36,44,45
1399,14,15,16,23,24,25,26,33,34,35,36,44,45
1400,14,15,16,23,24,25,26,33,34,35,36,44,45
1401,14,15,16,23,24,25,26,33,34,35,36,45
1402,14,15,16,23,24,25,26,33,34,35,36,45
1403,13,14,15,16,23,24,25,26,33,34,35,36,45
1404,13,14,15,16,23,24,25,26,33,34,35,36,45
1405,13,14,15,16,23,24,25,26,33,34,35,36
1406,13,14,15,16,23,24,25,26,33,34,35,36
1407,13,14,15,16,23,24,25,26,33,34,35,36
1408,13,14,15,16,23,24,25,26,33,34,35,36
1409,13,14,15,16,23,24,25,26,33,34,35,36
1410,13,14,15,16,23,24,25,26,33,34,35,36
1411,13,14,15,16,23,24,25,26,33,34,35,36
1412,13,14,15,16,23,24,25,26,33,34,35,36
1413,13,14,15,16,23,24,25,26,33,34,35,36
1414,13,14,15,16,23,24,25,26,33,34,35,36
1415,13,14,15,16,23,24,25,26,33,34,35,36
1416,13,14,15,16,23,24,25,26,33,34,35,36
1417,13,14,15,16,23,24,25,26,33,34,35,36
1418,13,14,15,16,23,24,25,26,33,34,35,36
1419,13,14,15,16,23,24,25,26,33,34,35,36
1420,13,14,15,16,23,24,25,26,33,34,35,36
1421,5,13,14,15,16,23,24,25,26,33,34,35,36
1422,5,13,14,15,16,23,24,25,26,33,34,35,36
1423,5,13,14,15,16,23,24,25,26,33,34,35,36
1424,5,13,14,15,16,23,24,25,26,33,34,35,36
1425,4,5,13,14,15,16,23,24,25,26,33,34,35,36
1426,4,5,13,14,15,16,23,24,25,26,33,34,35,36
1427,4,5,13,14,15,16,23,24,25,26,33,34,35
1428,4,5,13,14,15,16,23,24,25,26,33,34,35
1429,4,5,13,14,15,23,24,25,33,34,35
1430,4,5,13,14,15,23,24,25,33,34,35
1431,4,5,12,13,14,15,22,23,24,25,33,34,35
1432,4,5,12,13,14,15,22,23,24,25,33,34,35
1433,4,5,12,13,14,15,22,23,24,25,33,34,35
1434,4,5,12,13,14,15,22,23,24,25,33,34,35
1435,4,5,13,14,15,22,23,24,25,33,34,35
1436,4,5,13,14,15,22,23,24,25,33,34,35
1437,4,5,12,13,14,15,22,23,24,25,33,34,35
1438,4,5,12,13,14,15,22,23,24,25,33,34,35
1439,3,4,5,12,13,14,15,22,23,24,25,33,34,35
1440,3,4,5,12,13,14,15,22,23,24,25,33,34,35
1441,3,4,5,12,13,14,15,22,23,24,25,33,34,35
1442,3,4,5,12,13,14,15,22,23,24,25,33,34,35
1443,3,4,5,12,13,14,15,22,23,24,25,33,34,35
1444,3,4,5,12,13,14,15,22,23,24,25,33,34,35
1445,2,3,4,5,12,13,14,15,22,23,24,25,33,34,35
1446,2,3,4,5,12,13,14,15,22,23,24,25,33,34,35
1447,2,3,4,5,12,13,14,15,22,23,24,25,33,34
1448,2,3,4,5,12,13,14,15,22,23,24,25,33,34
1449,2,3,4,5,12,13,14,15,22,23,24,25,33,34
1450,2,3,4,5,12,13,14,15,22,23,24,25,33,34
1451,2,3,4,5,12,13,14,15,22,23,24,25,33,34
1452,2,3,4,5,12,13,14,15,22,23,24,25,33,34
1453,2,3,4,5,12,13,14,15,22,23,24,25,33,34
1454,2,3,4,5,12,13,14,15,22,23,24,25,33,34
1455,2,3,4,5,12,13,14,15,22,23,24,25,33,34
1456,2,3,4,5,12,13,14,15,22,23,24,25,33,34
1457,2,3,4,5,6,12,13,14,15,16,22,23,24,25,33,34
1458,2,3,4,5,6,12,13,14,15,16,22,23,24,25,33,34
1459,2,3,4,5,6,12,13,14,15,16,22,23,24,25,33,34
1460,2,3,4,5,6,12,13,14,15,16,22,23,24,25,33,34
1461,2,3,4,5,6,12,13,14,15,16,22,23,24,25,34
1462,2,3,4,5,6,12,13,14,15,16,22,23,24,25,34
1463,2,3,4,5,6,12,13,14,15,16,23,24,25,34
1464,2,3,4,5,6,12,13,14,15,16,23,24,25,34
1465,2,3,4,5,6,12,13,14,15,16,23,24,25,26,34,35
1466,2,3,4,5,6,12,13,14,15,16,23,24,25,26,34,35
1467,3,4,5,6,13,14,15,16,23,24,25,26,34,35
1468,3,4,5,6,13,14,15,16,23,24,25,26,34,35
1469,3,4,5,6,13,14,15,16,23,24,25,26,34,35
1470,3,4,5,6,13,14,15,16,23,24,25,26,34,35
1471,3,4,5,6,13,14,15,16,23,24,25,26,34,35
1472,3,4,5,6,13,14,15,16,23,24,25,26,34,35
1473,4,5,6,13,14,15,16,23,24,25,26,34,35
1474,4,5,6,13,14,15,16,23,24,25,26,34,35
1475,4,5,6,13,14,15,16,23,24,25,26,34,35,36
1476,4,5,6,13,14,15,16,23,24,25,26,34,35,36
1477,5,6,13,14,15,16,23,24,25,26,34,35,36
1478,5,6,13,14,15,16,23,24,25,26,34,35,36
1479,5,6,14,15,16,24,25,26,34,35,36
1480,5,6,14,15,16,24,25,26,34,35,36
1481,14,15,16,24,25,26,27,34,35,36
1482,14,15,16,24,25,26,27,34,35,36
1483,14,15,16,24,25,26,27,34,35,36,37,45,46
1484,14,15,16,24,25,26,27,34,35,36,37,45,46
1485,14,15,16,24,25,26,27,34,35,36,37,45,46
1486,14,15,16,24,25,26,27,34,35,36,37,45,46
1487,14,15,16,24,25,26,27,34,35,36,37,44,45,46
1488,14,15,16,24,25,26,27,34,35,36,37,44,45,46
1489,14,15,16,24,25,26,27,34,35,36,37,44,45,46
1490,14,15,16,24,25,26,27,34,35,36,37,44,45,46
1491,14,15,16,24,25,26,27,34,35,36,37,44,45,46
1492,14,15,16,24,25,26,27,34,35,36,37,44,45,46
1493,14,15,16,24,25,26,27,34,35,36,37,45,46
1494,14,15,16,24,25,26,27,34,35,36,37,45,46
1495,14,15,16,24,25,26,27,34,35,36,37,45,46
1496,14,15,16,24,25,26,27,34,35,36,37,45,46
1497,14,15,16,17,24,25,26,27,34,35,36,37,45,46
1498,14,15,16,17,24,25,26,27,34,35,36,37,45,46
1499,14,15,16,17,24,25,26,27,34,35,36,37,45,46
1500,14,15,16,17,24,25,26,27,34,35,36,37,45,46
1501,14,15,16,17,24,25,26,27,34,35,36,37,45,46
1502,14,15,16,17,24,25,26,27,34,35,36,37,45,46
1503,14,15,16,17,24,25,26,27,34,35,36,37,45,46
1504,14,15,16,17,24,25,26,27,34,35,36,37,45,46
1505,14,15,16,17,24,25,26,27,34,35,36,37,45,46
1506,14,15,16,17,24,25,26,27,34,35,36,37,45,46
1507,14,15,16,17,24,25,26,27,34,35,36,37,45,46
1508,14,15,16,17,24,25,26,27,34,35,36,37,45,46
1509,14,15,16,17,24,25,26,27,34,35,36,37,45,46
1510,14,15,16,17,24,25,26,27,34,35,36,37,45,46
1511,14,15,16,17,24,25,26,27,34,35,36,37,45,46
1512,14,15,16,17,24,25,26,27,34,35,36,37,45,46
1513,14,15,16,17,24,25,26,27,34,35,36,37,45,46
1514,14,15,16,17,24,25,26,27,34,35,36,37,45,46
1515,14,15,16,17,24,25,26,27,34,35,36,37,45,46
1516,14,15,16,17,24,25,26,27,34,35,36,37,45,46
1517,14,15,16,17,24,25,26,27,34,35,36,37,45,46
1518,14,15,16,17,24,25,26,27,34,35,36,37,45,46
1519,14,15,16,17,24,25,26,27,34,35,36,37,45,46
1520,14,15,16,17,24,25,26,27,34,35,36,37,45,46
1521,14,15,16,17,24,25,26,27,34,35,36,37,45,46
1522,14,15,16,17,24,25,26,27,34,35,36,37,45,46
1523,14,15,16,17,24,25,26,27,34,35,36,37,45,46
1524,14,15,16,17,24,25,26,27,34,35,36,37,45,46
1525,14,15,16,17,24,25,26,27,34,35,36,37,45,46
1526,14,15,16,17,24,25,26,27,34,35,36,37,45,46
1527,14,15,16,17,24,25,26,27,34,35,36,37,46
1528,14,15,16,17,24,25,26,27,34,35,36,37,46
1529,14,15,16,17,24,25,26,27,34,35,36,37
1530,14,15,16,17,24,25,26,27,34,35,36,37
1531,14,15,16,17,24,25,26,27,34,35,36,37
1532,14,15,16,17,24,25,26,27,34,35,36,37
1533,14,15,16,17,24,25,26,27,34,35,36,37
1534,14,15,16,17,24,25,26,27,34,35,36,37
1535,14,15,16,17,24,25,26,27,34,35,36,37
1536,14,15,16,17,24,25,26,27,34,35,36,37
1537,14,15,16,17,24,25,26,27,34,35,36,37
1538,14,15,16,17,24,25,26,27,34,35,36,37
1539,14,15,16,17,24,25,26,27,34,35,36,37
1540,14,15,16,17,24,25,26,27,34,35,36,37
1541,14,15,16,17,24,25,26,27,34,35,36,37,45,46
1542,14,15,16,17,24,25,26,27,34,35,36,37,45,46
1543,14,15,16,17,24,25,26,27,34,35,36,37,45,46
1544,14,15,16,17,24,25,26,27,34,35,36,37,45,46
1545,14,15,16,17,24,25,26,27,34,35,36,37,45,46
1546,14,15,16,17,24,25,26,27,34,35,36,37,45,46
1547,14,15,16,17,24,25,26,27,34,35,36,37,45,46
1548,14,15,16,17,24,25,26,27,34,35,36,37,45,46
1549,14,15,16,17,24,25,26,27,34,35,36,37,46
1550,14,15,16,17,24,25,26,27,34,35,36,37,46
1551,14,15,16,17,24,25,26,27,34,35,36,37
1552,14,15,16,17,24,25,26,27,34,35,36,37
1553,14,15,16,17,24,25,26,27,34,35,36,37
1554,14,15,16,17,24,25,26,27,34,35,36,37
1555,14,15,16,17,24,25,26,27,34,35,36,37
1556,14,15,16,17,24,25,26,27,34,35,36,37
1557,14,15,16,17,24,25,26,27,34,35,36,37
1558,14,15,16,17,24,25,26,27,34,35,36,37
1559,14,15,16,17,24,25,26,27,34,35,36,37
1560,14,15,16,17,24,25,26,27,34,35,36,37
1561,14,15,16,17,24,25,26,27,34,35,36,37
1562,14,15,16,17,24,25,26,27,34,35,36,37
1563,14,15,16,17,24,25,26,27,34,35,36,37
1564,14,15,16,17,24,25,26,27,34,35,36,37
1565,14,15,16,17,24,25,26,27,34,35,36,37
1566,14,15,16,17,24,25,26,27,34,35,36,37
1567,14,15,16,17,24,25,26,27,34,35,36,37
1568,14,15,16,17,24,25,26,27,34,35,36,37
1569,14,15,16,17,24,25,26,27,34,35,36,37
1570,14,15,16,17,24,25,26,27,34,35,36,37
1571,14,15,16,17,24,25,26,27,34,35,36,37
1572,14,15,16,17,24,25,26,27,34,35,36,37
1573,14,15,16,17,24,25,26,27,34,35,36,37
1574,14,15,16,17,24,25,26,27,34,35,36,37
1575,14,15,16,17,24,25,26,27,34,35,36,37
1576,14,15,16,17,24,25,26,27,34,35,36,37
1577,14,15,16,17,24,25,26,27,34,35,36,37
1578,14,15,16,17,24,25,26,27,34,35,36,37
1579,14,15,16,17,24,25,26,27,34,35,36,37
1580,14,15,16,17,24,25,26,27,34,35,36,37
1581,14,15,16,17,24,25,26,27,34,35,36,37
1582,14,15,16,17,24,25,26,27,34,35,36,37
1583,14,15,16,17,24,25,26,27,34,35,36,37
1584,14,15,16,17,24,25,26,27,34,35,36,37
1585,14,15,16,17,24,25,26,27,34,35,36,37
1586,14,15,16,17,24,25,26,27,34,35,36,37
1587,14,15,16,17,24,25,26,27,34,35,36,37
1588,14,15,16,17,24,25,26,27,34,35,36,37
1589,14,15,16,17,24,25,26,27,34,35,36,37
1590,14,15,16,17,24,25,26,27,34,35,36,37
1591,14,15,16,17,24,25,26,27,34,35,36,37
1592,14,15,16,17,24,25,26,27,34,35,36,37
1593,14,15,16,17,24,25,26,27,34,35,36,37
1594,14,15,16,17,24,25,26,27,34,35,36,37
1595,14,15,16,17,24,25,26,27,34,35,36,37
1596,14,15,16,17,24,25,26,27,34,35,36,37
1597,14,15,16,17,24,25,26,27,34,35,36,37
1598,14,15,16,17,24,25,26,27,34,35,36,37
1599,14,15,16,17,24,25,26,27,34,35,36,37
1600,14,15,16,17,24,25,26,27,34,35,36,37
1601,14,15,16,17,24,25,26,27,34,35,36,37
1602,14,15,16,17,24,25,26,27,34,35,36,37
1603,14,15,16,17,24,25,26,27,34,35,36,37
1604,14,15,16,17,24,25,26,27,34,35,36,37
1605,14,15,16,17,24,25,26,27,34,35,36,37
1606,14,15,16,17,24,25,26,27,34,35,36,37
1607,14,15,16,17,24,25,26,27,34,35,36,37
1608,14,15,16,17,24,25,26,27,34,35,36,37
1609,14,15,16,17,24,25,26,27,34,35,36,37
1610,14,15,16,17,24,25,26,27,34,35,36,37
1611,14,15,16,17,24,25,26,27,34,35,36,37
1612,14,15,16,17,24,25,26,27,34,35,36,37
1613,14,15,16,17,24,25,26,27,34,35,36,37
1614,14,15,16,17,24,25,26,27,34,35,36,37
1615,14,15,16,17,24,25,26,27,34,35,36,37
1616,14,15,16,17,24,25,26,27,34,35,36,37
1617,14,15,16,17,24,25,26,27,34,35,36,37
1618,14,15,16,17,24,25,26,27,34,35,36,37
1619,14,15,16,17,24,25,26,27,34,35,36,37
1620,14,15,16,17,24,25,26,27,34,35,36,37
1621,14,15,16,17,24,25,26,27,34,35,36,37
1622,14,15,16,17,24,25,26,27,34,35,36,37
1623,14,15,16,17,24,25,26,27,34,35,36,37
1624,14,15,16,17,24,25,26,27,34,35,36,37
1625,14,15,16,17,24,25,26,27,34,35,36,37
1626,14,15,16,17,24,25,26,27,34,35,36,37
1627,14,15,16,17,24,25,26,27,34,35,36,37
1628,14,15,16,17,24,25,26,27,34,35,36,37
1629,14,15,16,17,24,25,26,27,34,35,36,37
1630,14,15,16,17,24,25,26,27,34,35,36,37
1631,14,15,16,17,24,25,26,27,34,35,36,37
1632,14,15,16,17,24,25,26,27,34,35,36,37
1633,14,15,16,17,24,25,26,27,34,35,36,37
1634,14,15,16,17,24,25,26,27,34,35,36,37
1635,14,15,16,17,24,25,26,27,34,35,36,37
1636,14,15,16,17,24,25,26,27,34,35,36,37
1637,14,15,16,17,24,25,26,27,34,35,36,37
1638,14,15,16,17,24,25,26,27,34,35,36,37
1639,14,15,16,17,24,25,26,27,34,35,36,37
1640,14,15,16,17,24,25,26,27,34,35,36,37
1641,14,15,16,17,24,25,26,27,34,35,36,37
1642,14,15,16,17,24,25,26,27,34,35,36,37
1643,14,15,16,17,24,25,26,27,34,35,36,37
1644,14,15,16,17,24,25,26,27,34,35,36,37
1645,14,15,16,17,24,25,26,27,34,35,36,37
1646,14,15,16,17,24,25,26,27,34,35,36,37
1647,14,15,16,17,24,25,26,27,34,35,36,37
1648,14,15,16,17,24,25,26,27,34,35,36,37
1649,14,15,16,17,24,25,26,27,34,35,36,37
1650,14,15,16,17,24,25,26,27,34,35,36,37
1651,14,15,16,17,24,25,26,27,34,35,36,37
1652,14,15,16,17,24,25,26,27,34,35,36,37
1653,14,15,16,17,24,25,26,27,34,35,36,37
1654,14,15,16,17,24,25,26,27,34,35,36,37
1655,14,15,16,17,24,25,26,27,34,35,36,37
1656,14,15,16,17,24,25,26,27,34,35,36,37
1657,14,15,16,17,24,25,26,27,34,35,36,37
1658,14,15,16,17,24,25,26,27,34,35,36,37
1659,14,15,16,17,24,25,26,27,34,35,36,37
1660,14,15,16,17,24,25,26,27,34,35,36,37
1661,15,16,17,24,25,26,27,35,36,37
1662,15,16,17,24,25,26,27,35,36,37
1663,15,16,17,25,26,27,35,36,37
1664,15,16,17,25,26,27,35,36,37
1665,6,15,16,17,25,26,27,28,35,36,37
1666,6,15,16,17,25,26,27,28,35,36,37
1667,6,7,15,16,17,18,25,26,27,28,35,36,37
1668,6,7,15,16,17,18,25,26,27,28,35,36,37
1669,6,7,15,16,17,18,25,26,27,28,35,36,37,38
1670,6,7,15,16,17,18,25,26,27,28,35,36,37,38
1671,6,7,15,16,17,18,25,26,27,28,35,36,37,38
1672,6,7,15,16,17,18,25,26,27,28,35,36,37,38
1673,6,7,15,16,17,18,25,26,27,28,35,36,37,38
1674,6,7,15,16,17,18,25,26,27,28,35,36,37,38
1675,6,7,15,16,17,18,25,26,27,28,35,36,37,38
1676,6,7,15,16,17,18,25,26,27,28,35,36,37,38
1677,6,7,15,16,17,18,25,26,27,28,35,36,37,38
1678,6,7,15,16,17,18,25,26,27,28,35,36,37,38
1679,7,15,16,17,18,25,26,27,28,35,36,37,38
1680,7,15,16,17,18,25,26,27,28,35,36,37,38
1681,7,15,16,17,18,25,26,27,28,35,36,37,38
1682,7,15,16,17,18,25,26,27,28,35,36,37,38
1683,7,15,16,17,18,25,26,27,28,35,36,37,38
1684,7,15,16,17,18,25,26,27,28,35,36,37,38
1685,7,15,16,17,18,25,26,27,28,35,36,37,38
1686,7,15,16,17,18,25,26,27,28,35,36,37,38
1687,15,16,17,18,25,26,27,28,35,36,37,38
1688,15,16,17,18,25,26,27,28,35,36,37,38
1689,15,16,17,18,25,26,27,28,35,36,37,38
1690,15,16,17,18,25,26,27,28,35,36,37,38
1691,15,16,17,18,25,26,27,28,35,36,37,38
1692,15,16,17,18,25,26,27,28,35,36,37,38
1693,15,16,17,18,25,26,27,28,35,36,37,38
1694,15,16,17,18,25,26,27,28,35,36,37,38
1695,15,16,17,18,25,26,27,28,35,36,37,38
1696,15,16,17,18,25,26,27,28,35,36,37,38
1697,15,16,17,18,25,26,27,28,35,36,37,38
1698,15,16,17,18,25,26,27,28,35,36,37,38
1699,15,16,17,18,25,26,27,28,35,36,37,38
1700,15,16,17,18,25,26,27,28,35,36,37,38
1701,15,16,17,18,25,26,27,28,35,36,37,38
1702,15,16,17,18,25,26,27,28,35,36,37,38
1703,15,16,17,18,25,26,27,28,35,36,37,38
1704,15,16,17,18,25,26,27,28,35,36,37,38
1705,15,16,17,18,25,26,27,28,35,36,37,38
1706,15,16,17,18,25,26,27,28,35,36,37,38
1707,15,16,17,18,25,26,27,28,35,36,37,38
1708,15,16,17,18,25,26,27,28,35,36,37,38
1709,15,16,17,18,25,26,27,28,35,36,37,38
1710,15,16,17,18,25,26,27,28,35,36,37,38
1711,15,16,17,18,25,26,27,28,35,36,37,38
1712,15,16,17,18,25,26,27,28,35,36,37,38
1713,15,16,17,18,25,26,27,28,35,36,37,38
1714,15,16,17,18,25,26,27,28,35,36,37,38
1715,15,16,17,18,25,26,27,28,35,36,37,38
1716,15,16,17,18,25,26,27,28,35,36,37,38
1717,15,16,17,18,25,26,27,28,35,36,37,38
1718,15,16,17,18,25,26,27,28,35,36,37,38
1719,15,16,17,18,25,26,27,28,35,36,37,38
1720,15,16,17,18,25,26,27,28,35,36,37,38
1721,15,16,17,25,26,27,28,35,36,37
1722,15,16,17,25,26,27,28,35,36,37
1723,15,16,17,25,26,27,35,36,37
1724,15,16,17,25,26,27,35,36,37
1725,15,16,17,25,26,27,35,36,37
1726,15,16,17,25,26,27,35,36,37
1727,15,16,17,25,26,27,35,36,37
1728,15,16,17,25,26,27,35,36,37
1729,15,16,17,24,25,26,27,35,36,37
1730,15,16,17,24,25,26,27,35,36,37
1731,15,16,17,24,25,26,27,35,36,37
1732,15,16,17,24,25,26,27,35,36,37
1733,15,16,17,24,25,26,27,35,36,37
1734,15,16,17,24,25,26,27,35,36,37
1735,15,16,17,24,25,26,27,35,36,37
1736,15,16,17,24,25,26,27,35,36,37
1737,15,16,17,24,25,26,27,35,36,37
1738,15,16,17,24,25,26,27,35,36,37
1739,15,16,17,24,25,26,27,35,36,37
1740,15,16,17,24,25,26,27,35,36,37
1741,15,16,17,25,26,27,35,36,37
1742,15,16,17,25,26,27,35,36,37
1743,15,16,17,25,26,27,35,36,37
1744,15,16,17,25,26,27,35,36,37
1745,15,16,17,25,26,27,35,36,37
1746,15,16,17,25,26,27,35,36,37
1747,15,16,17,25,26,27,35,36,37
1748,15,16,17,25,26,27,35,36,37
1749,15,16,17,25,26,27,35,36,37
1750,15,16,17,25,26,27,35,36,37
1751,15,16,17,25,26,27,35,36,37
1752,15,16,17,25,26,27,35,36,37
1753,15,16,17,25,26,27,35,36,37
1754,15,16,17,25,26,27,35,36,37
1755,15,16,17,25,26,27,35,36,37
1756,15,16,17,25,26,27,35,36,37
1757,15,16,17,25,26,27,35,36,37
1758,15,16,17,25,26,27,35,36,37
1759,15,16,17,25,26,27,35,36,37
1760,15,16,17,25,26,27,35,36,37
1761,15,16,17,25,26,27,35,36,37
1762,15,16,17,25,26,27,35,36,37
1763,15,16,17,25,26,27,35,36,37
1764,15,16,17,25,26,27,35,36,37
1765,6,15,16,17,25,26,27,35,36,37
1766,6,15,16,17,25,26,27,35,36,37
1767,6,15,16,17,25,26,27,35,36,37
1768,6,15,16,17,25,26,27,35,36,37
1769,6,15,16,17,25,26,27,35,36,37
1770,6,15,16,17,25,26,27,35,36,37
1771,6,15,16,17,25,26,27,35,36,37
1772,6,15,16,17,25,26,27,35,36,37
1773,6,15,16,17,25,26,27,35,36,37
1774,6,15,16,17,25,26,27,35,36,37
1775,6,15,16,17,25,26,27,35,36,37
1776,6,15,16,17,25,26,27,35,36,37
1777,6,15,16,17,25,26,27,35,36,37
1778,6,15,16,17,25,26,27,35,36,37
1779,6,15,16,17,25,26,27,35,36,37
1780,6,15,16,17,25,26,27,35,36,37
1781,6,15,16,17,25,26,27,35,36,37
1782,6,15,16,17,25,26,27,35,36,37
1783,6,15,16,17,25,26,27,35,36,37
1784,6,15,16,17,25,26,27,35,36,37
1785,6,15,16,17,25,26,27,35,36,37
1786,6,15,16,17,25,26,27,35,36,37
1787,6,15,16,17,25,26,27,35,36,37
1788,6,15,16,17,25,26,27,35,36,37
1789,6,15,16,17,24,25,26,27,35,36,37
1790,6,15,16,17,24,25,26,27,35,36,37
1791,15,16,17,24,25,26,27,35,36,37
1792,15,16,17,24,25,26,27,35,36,37
1793,15,16,17,24,25,26,27,35,36,37
1794,15,16,17,24,25,26,27,35,36,37
1795,15,16,17,24,25,26,27,35,36,37
1796,15,16,17,24,25,26,27,35,36,37
1797,15,16,17,24,25,26,27,35,36,37
1798,15,16,17,24,25,26,27,35,36,37
1799,15,16,17,24,25,26,27,35,36,37
1800,15,16,17,24,25,26,27,35,36,37
