1,11,12,13,21,22,23,31,32,33,41,42,43
2,11,12,13,21,22,23,31,32,33,41,42,43
3,11,12,13,21,22,23,30,31,32,33,41,42,43
4,11,12,13,21,22,23,30,31,32,33,41,42,43
5,11,12,13,21,22,23,30,31,32,33,40,41,42
6,11,12,13,21,22,23,30,31,32,33,40,41,42
7,11,12,13,21,22,23,30,31,32,33,40,41,42
8,11,12,13,21,22,23,30,31,32,33,40,41,42
9,11,12,13,21,22,23,30,31,32,33,40,41,42
10,11,12,13,21,22,23,30,31,32,33,40,41,42
11,11,12,13,21,22,23,30,31,32,33,40,41,42
12,11,12,13,21,22,23,30,31,32,33,40,41,42
13,11,12,13,20,21,22,23,30,31,32,33,40,41,42
14,11,12,13,20,21,22,23,30,31,32,33,40,41,42
15,11,12,13,20,21,22,23,30,31,32,33,40,41,42
16,11,12,13,20,21,22,23,30,31,32,33,40,41,42
17,11,12,13,20,21,22,23,30,31,32,33,40,41,42
18,11,12,13,20,21,22,23,30,31,32,33,40,41,42
19,11,12,13,20,21,22,23,30,31,32,33,40,41,42
20,11,12,13,20,21,22,23,30,31,32,33,40,41,42
21,11,12,13,20,21,22,23,30,31,32,33,40,41,42
22,11,12,13,20,21,22,23,30,31,32,33,40,41,42
23,11,12,13,20,21,22,23,30,31,32,33,40,41,42
24,11,12,13,20,21,22,23,30,31,32,33,40,41,42
25,11,12,20,21,22,29,30,31,32,39,40,41,42,50
26,11,12,20,21,22,29,30,31,32,39,40,41,42,50
27,11,12,20,21,22,29,30,31,32,39,40,41,42,50
28,11,12,20,21,22,29,30,31,32,39,40,41,42,50
29,11,12,20,21,22,29,30,31,32,39,40,41,42,49,50
30,11,12,20,21,22,29,30,31,32,39,40,41,42,49,50
31,11,20,21,22,29,30,31,32,39,40,41,42,49,50
32,11,20,21,22,29,30,31,32,39,40,41,42,49,50
33,11,20,21,22,29,30,31,32,39,40,41,42,49,50
34,11,20,21,22,29,30,31,32,39,40,41,42,49,50
35,11,20,21,22,29,30,31,32,39,40,41,42,49,50
36,11,20,21,22,29,30,31,32,39,40,41,42,49,50
37,11,20,21,22,29,30,31,32,39,40,41,42,49,50
38,11,20,21,22,29,30,31,32,39,40,41,42,49,50
39,11,20,21,22,29,30,31,32,39,40,41,42,49,50
40,11,20,21,22,29,30,31,32,39,40,41,42,49,50
41,19,20,21,22,29,30,31,32,39,40,41,42,49,50
42,19,20,21,22,29,30,31,32,39,40,41,42,49,50
43,19,20,21,22,29,30,31,32,39,40,41,49,50
44,19,20,21,22,29,30,31,32,39,40,41,49,50
45,19,20,21,28,29,30,31,38,39,40,41,49,50
46,19,20,21,28,29,30,31,38,39,40,41,49,50
47,19,20,21,28,29,30,31,38,39,40,41,49,50
48,19,20,21,28,29,30,31,38,39,40,41,49,50
49,19,20,21,28,29,30,31,38,39,40,41,49,50
50,19,20,21,28,29,30,31,38,39,40,41,49,50
51,19,20,21,28,29,30,31,38,39,40,41,49,50
52,19,20,21,28,29,30,31,38,39,40,41,49,50
53,19,20,21,28,29,30,31,38,39,40,41,48,49,50
54,19,20,21,28,29,30,31,38,39,40,41,48,49,50
55,19,20,21,28,29,30,31,38,39,40,41,48,49,50
56,19,20,21,28,29,30,31,38,39,40,41,48,49,50
57,19,20,21,28,29,30,31,38,39,40,41,48,49,50
58,19,20,21,28,29,30,31,38,39,40,41,48,49,50
59,20,21,28,29,30,31,38,39,40,41,48,49,50
60,20,21,28,29,30,31,38,39,40,41,48,49,50
61,20,21,28,29,30,31,38,39,40,41,48,49,50
62,20,21,28,29,30,31,38,39,40,41,48,49,50
63,20,21,28,29,30,31,38,39,40,41,48,49,50
64,20,21,28,29,30,31,38,39,40,41,48,49,50
65,20,21,28,29,30,31,38,39,40,41,48,49,50
66,20,21,28,29,30,31,38,39,40,41,48,49,50
67,20,21,28,29,30,31,38,39,40,41,48,49,50
68,20,21,28,29,30,31,38,39,40,41,48,49,50
69,20,21,28,29,30,31,38,39,40,41,48,49,50
70,20,21,28,29,30,31,38,39,40,41,48,49,50
71,19,20,21,28,29,30,31,38,39,40,41,48,49,50
72,19,20,21,28,29,30,31,38,39,40,41,48,49,50
73,19,20,21,28,29,30,31,38,39,40,41,48,49,50
74,19,20,21,28,29,30,31,38,39,40,41,48,49,50
75,19,20,21,28,29,30,31,38,39,40,41,48,49,50
76,19,20,21,28,29,30,31,38,39,40,41,48,49,50
77,20,21,28,29,30,31,38,39,40,41,48,49,50
78,20,21,28,29,30,31,38,39,40,41,48,49,50
79,20,21,28,29,30,31,38,39,40,41,48,49,50
80,20,21,28,29,30,31,38,39,40,41,48,49,50
81,21,28,29,30,31,38,39,40,41,47,48,49,50
82,21,28,29,30,31,38,39,40,41,47,48,49,50
83,21,28,29,30,31,37,38,39,40,41,42,43,44,45,46,47,48,49,50
84,21,28,29,30,31,37,38,39,40,41,42,43,44,45,46,47,48,49,50
85,21,28,29,30,31,37,38,39,40,41,42,43,44,45,46,47,48,49,50
86,21,28,29,30,31,37,38,39,40,41,42,43,44,45,46,47,48,49,50
87,21,28,29,30,31,37,38,39,40,41,42,43,44,45,46,47,48,49,50
88,21,28,29,30,31,37,38,39,40,41,42,43,44,45,46,47,48,49,50
89,21,28,29,30,31,38,39,40,41,42,43,44,45,46,47,48,49,50
90,21,28,29,30,31,38,39,40,41,42,43,44,45,46,47,48,49,50
91,21,28,29,30,31,38,39,40,41,42,43,44,45,46,47,48,49,50
92,21,28,29,30,31,38,39,40,41,42,43,44,45,46,47,48,49,50
93,21,28,29,30,31,38,39,40,41,42,43,44,45,46,47,48,49,50
94,21,28,29,30,31,38,39,40,41,42,43,44,45,46,47,48,49,50
95,21,28,29,30,31,32,38,39,40,41,42,43,44,45,46,47,48,49,50
96,21,28,29,30,31,32,38,39,40,41,42,43,44,45,46,47,48,49,50
97,21,28,29,30,31,32,38,39,40,41,42,43,44,45,46,47,48,49,50
98,21,28,29,30,31,32,38,39,40,41,42,43,44,45,46,47,48,49,50
99,21,28,29,30,31,32,38,39,40,41,42,43,44,45,46,47,48,49,50
100,21,28,29,30,31,32,38,39,40,41,42,43,44,45,46,47,48,49,50
101,21,28,29,30,31,32,38,39,40,41,42,43,44,45,46,47,48,49,50
102,21,28,29,30,31,32,38,39,40,41,42,43,44,45,46,47,48,49,50
103,21,28,29,30,31,32,38,39,40,41,42,43,44,45,46,47,48,49,50
104,21,28,29,30,31,32,38,39,40,41,42,43,44,45,46,47,48,49,50
105,21,28,29,30,31,32,38,39,40,41,42,43,44,45,46,47,48,49,50
106,21,28,29,30,31,32,38,39,40,41,42,43,44,45,46,47,48,49,50
107,21,28,29,30,31,32,38,39,40,41,42,43,44,45,46,47,48,49,50
108,21,28,29,30,31,32,38,39,40,41,42,43,44,45,46,47,48,49,50
109,21,28,29,30,31,38,39,40,41,42,47,48,49,50
110,21,28,29,30,31,38,39,40,41,42,47,48,49,50
111,20,21,28,29,30,31,38,39,40,41,48,49,50
112,20,21,28,29,30,31,38,39,40,41,48,49,50
113,19,20,21,28,29,30,31,38,39,40,41,48,49,50
114,19,20,21,28,29,30,31,38,39,40,41,48,49,50
115,19,20,21,28,29,30,31,38,39,40,41,48,49,50
116,19,20,21,28,29,30,31,38,39,40,41,48,49,50
117,19,20,21,28,29,30,31,38,39,40,48,49,50
118,19,20,21,28,29,30,31,38,39,40,48,49,50
119,18,19,20,21,28,29,30,31,38,39,40,48,49,50
120,18,19,20,21,28,29,30,31,38,39,40,48,49,50
121,18,19,20,21,28,29,30,38,39,40,48,49,50
122,18,19,20,21,28,29,30,38,39,40,48,49,50
123,18,19,20,28,29,30,38,39,40,48,49,50
124,18,19,20,28,29,30,38,39,40,48,49,50
125,18,19,20,27,28,29,30,37,38,39,40,48,49
126,18,19,20,27,28,29,30,37,38,39,40,48,49
127,17,18,19,20,27,28,29,30,37,38,39,40,48,49
128,17,18,19,20,27,28,29,30,37,38,39,40,48,49
129,17,18,19,20,27,28,29,30,37,38,39,40,48,49
130,17,18,19,20,27,28,29,30,37,38,39,40,48,49
131,17,18,19,27,28,29,30,37,38,39,40,48,49
132,17,18,19,27,28,29,30,37,38,39,40,48,49
133,17,18,19,27,28,29,37,38,39,47,48,49
134,17,18,19,27,28,29,37,38,39,47,48,49
135,17,18,19,26,27,28,29,36,37,38,39,47,48
136,17,18,19,26,27,28,29,36,37,38,39,47,48
137,16,17,18,19,26,27,28,29,36,37,38,39,47,48
138,16,17,18,19,26,27,28,29,36,37,38,39,47,48
139,16,17,18,26,27,28,29,36,37,38,39,47,48
140,16,17,18,26,27,28,29,36,37,38,39,47,48
141,16,17,18,26,27,28,29,36,37,38,47
142,16,17,18,26,27,28,29,36,37,38,47
143,16,17,18,26,27,28,36,37,38
144,16,17,18,26,27,28,36,37,38
145,16,17,18,26,27,28,36,37,38
146,16,17,18,26,27,28,36,37,38
147,7,16,17,18,26,27,28,36,37,38
148,7,16,17,18,26,27,28,36,37,38
149,7,15,16,17,18,25,26,27,28,36,37,38
150,7,15,16,17,18,25,26,27,28,36,37,38
151,6,7,15,16,17,18,25,26,27,28,36,37,38
152,6,7,15,16,17,18,25,26,27,28,36,37,38
153,6,7,15,16,17,18,25,26,27,28,35,36,37,38
154,6,7,15,16,17,18,25,26,27,28,35,36,37,38
155,6,7,15,16,17,18,25,26,27,28,35,36,37,38
156,6,7,15,16,17,18,25,26,27,28,35,36,37,38
157,6,7,15,16,17,18,25,26,27,28,35,36,37
158,6,7,15,16,17,18,25,26,27,28,35,36,37
159,6,7,15,16,17,18,25,26,27,28,35,36,37
160,6,7,15,16,17,18,25,26,27,28,35,36,37
161,6,7,15,16,17,18,25,26,27,28,35,36,37
162,6,7,15,16,17,18,25,26,27,28,35,36,37
163,6,7,15,16,17,18,25,26,27,28,35,36,37
164,6,7,15,16,17,18,25,26,27,28,35,36,37
165,6,7,15,16,17,18,25,26,27,28,35,36,37
166,6,7,15,16,17,18,25,26,27,28,35,36,37
167,5,6,7,15,16,17,25,26,27,35,36,37
168,5,6,7,15,16,17,25,26,27,35,36,37
169,5,6,7,15,16,17,25,26,27,35,36,37
170,5,6,7,15,16,17,25,26,27,35,36,37
171,5,6,7,15,16,17,25,26,27,35,36,37
172,5,6,7,15,16,17,25,26,27,35,36,37
173,5,6,7,15,16,17,25,26,27,35,36,37
174,5,6,7,15,16,17,25,26,27,35,36,37
175,5,6,7,15,16,17,18,25,26,27,28,35,36,37
176,5,6,7,15,16,17,18,25,26,27,28,35,36,37
177,5,6,7,15,16,17,25,26,27,35,36,37
178,5,6,7,15,16,17,25,26,27,35,36,37
179,5,6,7,15,16,17,25,26,27,35,36,37
180,5,6,7,15,16,17,25,26,27,35,36,37
181,5,6,7,14,15,16,17,24,25,26,27,35,36,37
182,5,6,7,14,15,16,17,24,25,26,27,35,36,37
183,5,6,7,14,15,16,17,24,25,26,27,35,36,37
184,5,6,7,14,15,16,17,24,25,26,27,35,36,37
185,5,6,7,14,15,16,17,24,25,26,27,35,36,37
186,5,6,7,14,15,16,17,24,25,26,27,35,36,37
187,5,6,7,14,15,16,17,24,25,26,27,35,36,37
188,5,6,7,14,15,16,17,24,25,26,27,35,36,37
189,5,6,7,14,15,16,17,24,25,26,27,35,36,37
190,5,6,7,14,15,16,17,24,25,26,27,35,36,37
191,5,6,7,14,15,16,17,24,25,26,27,35,36,37
192,5,6,7,14,15,16,17,24,25,26,27,35,36,37
193,5,6,7,14,15,16,17,24,25,26,27,35,36,37
194,5,6,7,14,15,16,17,24,25,26,27,35,36,37
195,5,6,7,14,15,16,17,24,25,26,27,35,36,37
196,5,6,7,14,15,16,17,24,25,26,27,35,36,37
197,5,6,7,14,15,16,17,24,25,26,27,35,36,37
198,5,6,7,14,15,16,17,24,25,26,27,35,36,37
199,5,6,7,14,15,16,17,24,25,26,27,35,36,37
200,5,6,7,14,15,16,17,24,25,26,27,35,36,37
201,5,6,14,15,16,17,24,25,26,27,34,35,36,37
202,5,6,14,15,16,17,24,25,26,27,34,35,36,37
203,5,6,14,15,16,17,24,25,26,27,34,35,36,37
204,5,6,14,15,16,17,24,25,26,27,34,35,36,37
205,5,6,14,15,16,17,24,25,26,27,34,35,36,37
206,5,6,14,15,16,17,24,25,26,27,34,35,36,37
207,5,6,7,14,15,16,17,24,25,26,27,34,35,36,37
208,5,6,7,14,15,16,17,24,25,26,27,34,35,36,37
209,5,6,7,14,15,16,17,24,25,26,27,35,36
210,5,6,7,14,15,16,17,24,25,26,27,35,36
211,4,5,6,7,14,15,16,17,24,25,26,27,35,36
212,4,5,6,7,14,15,16,17,24,25,26,27,35,36
213,4,5,6,7,14,15,16,17,24,25,26,27,35,36
214,4,5,6,7,14,15,16,17,24,25,26,27,35,36
215,4,5,6,7,14,15,16,17,24,25,26,27,35,36
216,4,5,6,7,14,15,16,17,24,25,26,27,35,36
217,4,5,6,7,14,15,16,17,24,25,26,27,35,36
218,4,5,6,7,14,15,16,17,24,25,26,27,35,36
219,4,5,6,7,14,15,16,17,24,25,26,27,35,36
220,4,5,6,7,14,15,16,17,24,25,26,27,35,36
221,4,5,6,7,14,15,16,17,24,25,26,27,35
222,4,5,6,7,14,15,16,17,24,25,26,27,35
223,3,4,5,6,7,14,15,16,17,24,25,26,27,35
224,3,4,5,6,7,14,15,16,17,24,25,26,27,35
225,3,4,5,6,7,13,14,15,16,17,24,25,26,27,35
226,3,4,5,6,7,13,14,15,16,17,24,25,26,27,35
227,3,4,5,6,7,13,14,15,16,17,24,25,26,27,35
228,3,4,5,6,7,13,14,15,16,17,24,25,26,27,35
229,4,5,6,7,14,15,16,17,24,25,26,27,35,36
230,4,5,6,7,14,15,16,17,24,25,26,27,35,36
231,4,5,6,7,14,15,16,17,24,25,26,27,35,36
232,4,5,6,7,14,15,16,17,24,25,26,27,35,36
233,4,5,6,14,15,16,17,24,25,26,27,34,35,36
234,4,5,6,14,15,16,17,24,25,26,27,34,35,36
235,5,6,14,15,16,17,24,25,26,27,34,35,36
236,5,6,14,15,16,17,24,25,26,27,34,35,36
237,5,6,14,15,16,17,24,25,26,27,34,35,36
238,5,6,14,15,16,17,24,25,26,27,34,35,36
239,14,15,16,24,25,26,27,34,35,36,37,45,46
240,14,15,16,24,25,26,27,34,35,36,37,45,46
241,14,15,16,24,25,26,27,34,35,36,37,45,46
242,14,15,16,24,25,26,27,34,35,36,37,45,46
243,14,15,16,24,25,26,27,34,35,36,37,45,46
244,14,15,16,24,25,26,27,34,35,36,37,45,46
245,14,15,16,24,25,26,27,34,35,36,37,45,46
246,14,15,16,24,25,26,27,34,35,36,37,45,46
247,14,15,16,24,25,26,27,34,35,36,37,45,46
248,14,15,16,24,25,26,27,34,35,36,37,45,46
249,14,15,16,17,24,25,26,27,34,35,36,37,45,46
250,14,15,16,17,24,25,26,27,34,35,36,37,45,46
251,14,15,16,17,24,25,26,27,34,35,36,37,45,46
252,14,15,16,17,24,25,26,27,34,35,36,37,45,46
253,6,14,15,16,17,24,25,26,27,34,35,36,37
254,6,14,15,16,17,24,25,26,27,34,35,36,37
255,6,7,14,15,16,17,24,25,26,27,35,36,37
256,6,7,14,15,16,17,24,25,26,27,35,36,37
257,6,7,15,16,17,25,26,27,28,35,36,37
258,6,7,15,16,17,25,26,27,28,35,36,37
259,6,7,15,16,17,18,25,26,27,28,35,36,37
260,6,7,15,16,17,18,25,26,27,28,35,36,37
261,6,7,15,16,17,18,25,26,27,28,35,36,37
262,6,7,15,16,17,18,25,26,27,28,35,36,37
263,6,7,15,16,17,18,25,26,27,28,35,36,37
264,6,7,15,16,17,18,25,26,27,28,35,36,37
265,6,7,15,16,17,18,25,26,27,28,35,36,37
266,6,7,15,16,17,18,25,26,27,28,35,36,37
267,6,7,15,16,17,18,25,26,27,28,35,36,37
268,6,7,15,16,17,18,25,26,27,28,35,36,37
269,6,7,15,16,17,18,25,26,27,28,35,36,37,38
270,6,7,15,16,17,18,25,26,27,28,35,36,37,38
271,6,7,15,16,17,18,25,26,27,28,35,36,37,38
272,6,7,15,16,17,18,25,26,27,28,35,36,37,38
273,6,7,15,16,17,18,25,26,27,28,35,36,37,38
274,6,7,15,16,17,18,25,26,27,28,35,36,37,38
275,6,7,15,16,17,18,25,26,27,28,35,36,37,38
276,6,7,15,16,17,18,25,26,27,28,35,36,37,38
277,6,7,15,16,17,18,25,26,27,28,36,37,38
278,6,7,15,16,17,18,25,26,27,28,36,37,38
279,6,7,8,15,16,17,18,25,26,27,28,36,37,38
280,6,7,8,15,16,17,18,25,26,27,28,36,37,38
281,6,7,8,15,16,17,18,25,26,27,28,36,37,38
282,6,7,8,15,16,17,18,25,26,27,28,36,37,38
283,6,7,8,15,16,17,18,25,26,27,28,36,37,38
284,6,7,8,15,16,17,18,25,26,27,28,36,37,38
285,6,7,8,15,16,17,18,25,26,27,28,36,37,38
286,6,7,8,15,16,17,18,25,26,27,28,36,37,38
287,6,7,8,15,16,17,18,25,26,27,28,36,37,38
288,6,7,8,15,16,17,18,25,26,27,28,36,37,38
289,6,7,8,15,16,17,18,25,26,27,28,36,37
290,6,7,8,15,16,17,18,25,26,27,28,36,37
291,6,7,8,15,16,17,18,25,26,27,28,36,37
292,6,7,8,15,16,17,18,25,26,27,28,36,37
293,6,7,8,15,16,17,18,25,26,27,28,35,36,37
294,6,7,8,15,16,17,18,25,26,27,28,35,36,37
295,6,7,15,16,17,18,25,26,27,28,35,36,37
296,6,7,15,16,17,18,25,26,27,28,35,36,37
297,6,7,15,16,17,18,25,26,27,28,35,36,37
298,6,7,15,16,17,18,25,26,27,28,35,36,37
299,6,7,15,16,17,18,25,26,27,28,35,36,37
300,6,7,15,16,17,18,25,26,27,28,35,36,37
301,6,7,15,16,17,18,25,26,27,28,35,36,37
302,6,7,15,16,17,18,25,26,27,28,35,36,37
303,6,7,15,16,17,18,25,26,27,28,35,36,37
304,6,7,15,16,17,18,25,26,27,28,35,36,37
305,6,7,15,16,17,18,25,26,27,28,35,36,37
306,6,7,15,16,17,18,25,26,27,28,35,36,37
307,6,7,15,16,17,18,25,26,27,28,35,36,37
308,6,7,15,16,17,18,25,26,27,28,35,36,37
309,6,7,15,16,17,18,25,26,27,28,35,36,37
310,6,7,15,16,17,18,25,26,27,28,35,36,37
311,6,7,15,16,17,18,25,26,27,28,35,36,37
312,6,7,15,16,17,18,25,26,27,28,35,36,37
313,6,7,15,16,17,18,25,26,27,28,35,36,37
314,6,7,15,16,17,18,25,26,27,28,35,36,37
315,6,7,15,16,17,18,25,26,27,28,35,36,37
316,6,7,15,16,17,18,25,26,27,28,35,36,37
317,6,7,15,16,17,18,25,26,27,28,35,36,37
318,6,7,15,16,17,18,25,26,27,28,35,36,37
319,6,7,15,16,17,18,25,26,27,28,35,36,37
320,6,7,15,16,17,18,25,26,27,28,35,36,37
321,6,7,15,16,17,25,26,27,35,36,37
322,6,7,15,16,17,25,26,27,35,36,37
323,6,7,15,16,17,25,26,27,35,36,37
324,6,7,15,16,17,25,26,27,35,36,37
325,6,7,15,16,17,25,26,27,35,36,37
326,6,7,15,16,17,25,26,27,35,36,37
327,6,7,15,16,17,25,26,27,35,36,37
328,6,7,15,16,17,25,26,27,35,36,37
329,6,7,14,15,16,17,24,25,26,27,35,36,37
330,6,7,14,15,16,17,24,25,26,27,35,36,37
331,5,6,7,14,15,16,17,24,25,26,27,35,36,37
332,5,6,7,14,15,16,17,24,25,26,27,35,36,37
333,5,6,14,15,16,17,24,25,26,27,35,36,37
334,5,6,14,15,16,17,24,25,26,27,35,36,37
335,5,6,14,15,16,17,24,25,26,27,34,35,36,37
336,5,6,14,15,16,17,24,25,26,27,34,35,36,37
337,5,6,14,15,16,17,24,25,26,27,34,35,36,37
338,5,6,14,15,16,17,24,25,26,27,34,35,36,37
339,5,6,14,15,16,17,24,25,26,27,34,35,36
340,5,6,14,15,16,17,24,25,26,27,34,35,36
341,5,6,14,15,16,17,24,25,26,27,34,35,36
342,5,6,14,15,16,17,24,25,26,27,34,35,36
343,5,6,14,15,16,17,24,25,26,27,34,35,36
344,5,6,14,15,16,17,24,25,26,27,34,35,36
345,5,6,14,15,16,17,24,25,26,27,34,35,36
346,5,6,14,15,16,17,24,25,26,27,34,35,36
347,5,6,14,15,16,17,24,25,26,27,34,35,36
348,5,6,14,15,16,17,24,25,26,27,34,35,36
349,5,6,14,15,16,17,24,25,26,27,34,35,36
350,5,6,14,15,16,17,24,25,26,27,34,35,36
351,5,6,14,15,16,17,24,25,26,27,34,35,36
352,5,6,14,15,16,17,24,25,26,27,34,35,36
353,5,6,14,15,16,17,24,25,26,27,34,35,36
354,5,6,14,15,16,17,24,25,26,27,34,35,36
355,4,5,6,14,15,16,17,24,25,26,27,34,35,36
356,4,5,6,14,15,16,17,24,25,26,27,34,35,36
357,4,5,6,14,15,16,17,24,25,26,27,34,35,36
358,4,5,6,14,15,16,17,24,25,26,27,34,35,36
359,4,5,6,14,15,16,17,24,25,26,27,34,35,36
360,4,5,6,14,15,16,17,24,25,26,27,34,35,36
361,4,5,6,14,15,16,17,24,25,26,27,34,35,36
362,4,5,6,14,15,16,17,24,25,26,27,34,35,36
363,4,5,6,14,15,16,17,24,25,26,27,34,35,36
364,4,5,6,14,15,16,17,24,25,26,27,34,35,36
365,4,5,6,14,15,16,17,24,25,26,27,34,35,36
366,4,5,6,14,15,16,17,24,25,26,27,34,35,36
367,4,5,6,14,15,16,17,24,25,26,27,34,35,36
368,4,5,6,14,15,16,17,24,25,26,27,34,35,36
369,4,5,6,14,15,16,17,24,25,26,27,34,35,36
370,4,5,6,14,15,16,17,24,25,26,27,34,35,36
371,4,5,6,14,15,16,17,24,25,26,27,34,35,36
372,4,5,6,14,15,16,17,24,25,26,27,34,35,36
373,4,5,6,14,15,16,17,24,25,26,27,34,35,36
374,4,5,6,14,15,16,17,24,25,26,27,34,35,36
375,4,5,6,14,15,16,17,24,25,26,27,34,35,36
376,4,5,6,14,15,16,17,24,25,26,27,34,35,36
377,5,6,14,15,16,17,24,25,26,27,34,35,36
378,5,6,14,15,16,17,24,25,26,27,34,35,36
379,5,6,14,15,16,17,24,25,26,27,34,35,36
380,5,6,14,15,16,17,24,25,26,27,34,35,36
381,5,6,14,15,16,17,24,25,26,27,34,35,36
382,5,6,14,15,16,17,24,25,26,27,34,35,36
383,5,6,14,15,16,17,24,25,26,27,34,35,36
384,5,6,14,15,16,17,24,25,26,27,34,35,36
385,5,6,14,15,16,17,24,25,26,27,34,35,36
386,5,6,14,15,16,17,24,25,26,27,34,35,36
387,5,6,14,15,16,17,24,25,26,27,34,35,36
388,5,6,14,15,16,17,24,25,26,27,34,35,36
389,5,6,14,15,16,17,24,25,26,27,34,35,36
390,5,6,14,15,16,17,24,25,26,27,34,35,36
391,5,6,14,15,16,17,24,25,26,27,34,35,36,37
392,5,6,14,15,16,17,24,25,26,27,34,35,36,37
393,5,6,7,14,15,16,17,24,25,26,27,35,36,37
394,5,6,7,14,15,16,17,24,25,26,27,35,36,37
395,6,7,15,16,17,25,26,27,35,36,37
396,6,7,15,16,17,25,26,27,35,36,37
397,6,7,15,16,17,18,25,26,27,28,35,36,37
398,6,7,15,16,17,18,25,26,27,28,35,36,37
399,6,7,15,16,17,18,25,26,27,28,35,36,37,38
400,6,7,15,16,17,18,25,26,27,28,35,36,37,38
401,7,15,16,17,18,25,26,27,28,35,36,37,38
402,7,15,16,17,18,25,26,27,28,35,36,37,38
403,7,15,16,17,18,25,26,27,28,35,36,37,38
404,7,15,16,17,18,25,26,27,28,35,36,37,38
405,7,15,16,17,18,25,26,27,28,36,37,38
406,7,15,16,17,18,25,26,27,28,36,37,38
407,7,15,16,17,18,25,26,27,28,36,37,38
408,7,15,16,17,18,25,26,27,28,36,37,38
409,7,15,16,17,18,25,26,27,28,36,37,38
410,7,15,16,17,18,25,26,27,28,36,37,38
411,7,15,16,17,18,25,26,27,28,36,37,38
412,7,15,16,17,18,25,26,27,28,36,37,38
413,7,8,15,16,17,18,25,26,27,28,36,37,38
414,7,8,15,16,17,18,25,26,27,28,36,37,38
415,7,8,15,16,17,18,25,26,27,28,36,37,38
416,7,8,15,16,17,18,25,26,27,28,36,37,38
417,7,8,15,16,17,18,25,26,27,28,36,37,38
418,7,8,15,16,17,18,25,26,27,28,36,37,38
419,7,15,16,17,18,25,26,27,28,36,37,38
420,7,15,16,17,18,25,26,27,28,36,37,38
421,6,7,15,16,17,18,25,26,27,28,36,37,38
422,6,7,15,16,17,18,25,26,27,28,36,37,38
423,6,7,15,16,17,18,25,26,27,28,36,37,38
424,6,7,15,16,17,18,25,26,27,28,36,37,38
425,6,7,15,16,17,18,25,26,27,28,36,37,38
426,6,7,15,16,17,18,25,26,27,28,36,37,38
427,6,7,15,16,17,18,25,26,27,28,36,37,38
428,6,7,15,16,17,18,25,26,27,28,36,37,38
429,6,7,8,15,16,17,18,25,26,27,28,36,37,38
430,6,7,8,15,16,17,18,25,26,27,28,36,37,38
431,6,7,8,15,16,17,18,25,26,27,28,36,37,38
432,6,7,8,15,16,17,18,25,26,27,28,36,37,38
433,6,7,15,16,17,18,25,26,27,28,36,37,38
434,6,7,15,16,17,18,25,26,27,28,36,37,38
435,6,7,15,16,17,18,25,26,27,28,35,36,37,38
436,6,7,15,16,17,18,25,26,27,28,35,36,37,38
437,6,7,15,16,17,18,25,26,27,28,35,36,37,38
438,6,7,15,16,17,18,25,26,27,28,35,36,37,38
439,6,7,15,16,17,18,25,26,27,28,35,36,37,38
440,6,7,15,16,17,18,25,26,27,28,35,36,37,38
441,6,7,15,16,17,18,25,26,27,28,36,37,38
442,6,7,15,16,17,18,25,26,27,28,36,37,38
443,6,7,15,16,17,18,25,26,27,28,36,37,38
444,6,7,15,16,17,18,25,26,27,28,36,37,38
445,6,7,15,16,17,18,25,26,27,28,35,36,37,38
446,6,7,15,16,17,18,25,26,27,28,35,36,37,38
447,6,7,15,16,17,18,25,26,27,28,35,36,37,38
448,6,7,15,16,17,18,25,26,27,28,35,36,37,38
449,6,7,15,16,17,18,25,26,27,28,35,36,37,38
450,6,7,15,16,17,18,25,26,27,28,35,36,37,38
451,6,7,15,16,17,18,25,26,27,28,35,36,37,38
452,6,7,15,16,17,18,25,26,27,28,35,36,37,38
453,6,7,15,16,17,18,25,26,27,28,35,36,37,38
454,6,7,15,16,17,18,25,26,27,28,35,36,37,38
455,6,7,15,16,17,18,25,26,27,28,35,36,37,38
456,6,7,15,16,17,18,25,26,27,28,35,36,37,38
457,6,7,15,16,17,18,25,26,27,28,35,36,37,38
458,6,7,15,16,17,18,25,26,27,28,35,36,37,38
459,6,7,15,16,17,18,25,26,27,28,35,36,37
460,6,7,15,16,17,18,25,26,27,28,35,36,37
461,6,7,15,16,17,18,25,26,27,28,35,36,37
462,6,7,15,16,17,18,25,26,27,28,35,36,37
463,6,7,15,16,17,25,26,27,35,36,37
464,6,7,15,16,17,25,26,27,35,36,37
465,6,14,15,16,17,24,25,26,27,35,36,37
466,6,14,15,16,17,24,25,26,27,35,36,37
467,5,6,14,15,16,17,24,25,26,27,34,35,36,37
468,5,6,14,15,16,17,24,25,26,27,34,35,36,37
469,5,6,14,15,16,17,24,25,26,27,34,35,36,37
470,5,6,14,15,16,17,24,25,26,27,34,35,36,37
471,5,6,14,15,16,17,24,25,26,27,34,35,36,37
472,5,6,14,15,16,17,24,25,26,27,34,35,36,37
473,5,6,14,15,16,17,24,25,26,27,34,35,36
474,5,6,14,15,16,17,24,25,26,27,34,35,36
475,5,6,14,15,16,17,24,25,26,27,34,35,36
476,5,6,14,15,16,17,24,25,26,27,34,35,36
477,5,6,14,15,16,17,24,25,26,27,34,35,36
478,5,6,14,15,16,17,24,25,26,27,34,35,36
479,5,6,14,15,16,17,24,25,26,27,34,35,36
480,5,6,14,15,16,17,24,25,26,27,34,35,36
481,5,6,14,15,16,17,24,25,26,27,34,35,36
482,5,6,14,15,16,17,24,25,26,27,34,35,36
483,5,6,14,15,16,17,24,25,26,27,34,35,36
484,5,6,14,15,16,17,24,25,26,27,34,35,36
485,5,6,14,15,16,24,25,26,34,35,36
486,5,6,14,15,16,24,25,26,34,35,36
487,4,5,6,14,15,16,24,25,26,34,35,36
488,4,5,6,14,15,16,24,25,26,34,35,36
489,4,5,6,14,15,16,24,25,26,34,35,36
490,4,5,6,14,15,16,24,25,26,34,35,36
491,4,5,6,13,14,15,16,23,24,25,26,34,35,36
492,4,5,6,13,14,15,16,23,24,25,26,34,35,36
493,4,5,6,13,14,15,16,23,24,25,26,34,35,36
494,4,5,6,13,14,15,16,23,24,25,26,34,35,36
495,3,4,5,6,13,14,15,16,23,24,25,26,34,35,36
496,3,4,5,6,13,14,15,16,23,24,25,26,34,35,36
497,3,4,5,6,13,14,15,16,23,24,25,26,34,35,36
498,3,4,5,6,13,14,15,16,23,24,25,26,34,35,36
499,3,4,5,6,13,14,15,16,23,24,25,26,34,35,36
500,3,4,5,6,13,14,15,16,23,24,25,26,34,35,36
501,3,4,5,6,13,14,15,16,23,24,25,26,34,35,36
502,3,4,5,6,13,14,15,16,23,24,25,26,34,35,36
503,3,4,5,6,13,14,15,16,23,24,25,26,34,35,36
504,3,4,5,6,13,14,15,16,23,24,25,26,34,35,36
505,3,4,5,6,13,14,15,16,23,24,25,26,34,35,36
506,3,4,5,6,13,14,15,16,23,24,25,26,34,35,36
507,3,4,5,6,13,14,15,16,23,24,25,26,34,35,36
508,3,4,5,6,13,14,15,16,23,24,25,26,34,35,36
509,3,4,5,6,13,14,15,16,23,24,25,26,34,35,36
510,3,4,5,6,13,14,15,16,23,24,25,26,34,35,36
511,3,4,5,6,13,14,15,16,23,24,25,26,34,35,36
512,3,4,5,6,13,14,15,16,23,24,25,26,34,35,36
513,3,4,5,6,13,14,15,16,23,24,25,26,34,35,36
514,3,4,5,6,13,14,15,16,23,24,25,26,34,35,36
515,3,4,5,6,13,14,15,16,23,24,25,26,34,35,36
516,3,4,5,6,13,14,15,16,23,24,25,26,34,35,36
517,3,4,5,6,13,14,15,16,23,24,25,26,34,35,36
518,3,4,5,6,13,14,15,16,23,24,25,26,34,35,36
519,3,4,5,6,13,14,15,16,23,24,25,26,34,35,36
520,3,4,5,6,13,14,15,16,23,24,25,26,34,35,36
521,4,5,6,13,14,15,16,23,24,25,26,34,35,36
522,4,5,6,13,14,15,16,23,24,25,26,34,35,36
523,4,5,6,13,14,15,16,23,24,25,26,34,35,36
524,4,5,6,13,14,15,16,23,24,25,26,34,35,36
525,4,5,6,13,14,15,16,23,24,25,26,34,35,36
526,4,5,6,13,14,15,16,23,24,25,26,34,35,36
527,4,5,6,13,14,15,16,23,24,25,26,34,35,36
528,4,5,6,13,14,15,16,23,24,25,26,34,35,36
529,4,5,6,13,14,15,16,23,24,25,26,34,35,36
530,4,5,6,13,14,15,16,23,24,25,26,34,35,36
531,4,5,6,13,14,15,16,23,24,25,26,34,35,36
532,4,5,6,13,14,15,16,23,24,25,26,34,35,36
533,4,5,13,14,15,16,23,24,25,26,33,34,35,36
534,4,5,13,14,15,16,23,24,25,26,33,34,35,36
535,4,5,13,14,15,16,23,24,25,26,33,34,35
536,4,5,13,14,15,16,23,24,25,26,33,34,35
537,4,5,13,14,15,16,23,24,25,26,33,34,35
538,4,5,13,14,15,16,23,24,25,26,33,34,35
539,4,5,13,14,15,16,23,24,25,26,33,34,35
540,4,5,13,14,15,16,23,24,25,26,33,34,35
541,4,5,13,14,15,16,23,24,25,26,33,34,35
542,4,5,13,14,15,16,23,24,25,26,33,34,35
543,4,5,13,14,15,16,23,24,25,26,33,34,35
544,4,5,13,14,15,16,23,24,25,26,33,34,35
545,4,5,13,14,15,16,23,24,25,26,33,34,35
546,4,5,13,14,15,16,23,24,25,26,33,34,35
547,4,5,13,14,15,16,23,24,25,26,33,34,35
548,4,5,13,14,15,16,23,24,25,26,33,34,35
549,4,5,13,14,15,16,23,24,25,26,33,34,35
550,4,5,13,14,15,16,23,24,25,26,33,34,35
551,4,5,13,14,15,16,23,24,25,26,33,34,35
552,4,5,13,14,15,16,23,24,25,26,33,34,35
553,4,5,13,14,15,16,23,24,25,26,33,34,35
554,4,5,13,14,15,16,23,24,25,26,33,34,35
555,4,5,13,14,15,16,23,24,25,26,33,34,35
556,4,5,13,14,15,16,23,24,25,26,33,34,35
557,4,5,13,14,15,16,23,24,25,26,33,34,35
558,4,5,13,14,15,16,23,24,25,26,33,34,35
559,4,5,6,13,14,15,16,23,24,25,26,33,34,35
560,4,5,6,13,14,15,16,23,24,25,26,33,34,35
561,4,5,6,13,14,15,16,23,24,25,26,33,34,35
562,4,5,6,13,14,15,16,23,24,25,26,33,34,35
563,4,5,6,13,14,15,16,23,24,25,26,33,34,35
564,4,5,6,13,14,15,16,23,24,25,26,33,34,35
565,4,5,6,13,14,15,16,23,24,25,26,33,34,35
566,4,5,6,13,14,15,16,23,24,25,26,33,34,35
567,4,5,6,13,14,15,16,23,24,25,26,33,34,35
568,4,5,6,13,14,15,16,23,24,25,26,33,34,35
569,4,5,13,14,15,16,23,24,25,26,33,34,35
570,4,5,13,14,15,16,23,24,25,26,33,34,35
571,4,5,13,14,15,16,23,24,25,26,33,34,35
572,4,5,13,14,15,16,23,24,25,26,33,34,35
573,4,5,13,14,15,16,23,24,25,26,33,34,35
574,4,5,13,14,15,16,23,24,25,26,33,34,35
575,4,5,13,14,15,16,23,24,25,26,33,34,35
576,4,5,13,14,15,16,23,24,25,26,33,34,35
577,4,5,13,14,15,16,23,24,25,26,33,34,35
578,4,5,13,14,15,16,23,24,25,26,33,34,35
579,4,5,13,14,15,16,23,24,25,26,33,34,35
580,4,5,13,14,15,16,23,24,25,26,33,34,35
581,4,5,13,14,15,16,23,24,25,26,33,34,35
582,4,5,13,14,15,16,23,24,25,26,33,34,35
583,4,5,13,14,15,16,23,24,25,26,33,34,35
584,4,5,13,14,15,16,23,24,25,26,33,34,35
585,4,5,13,14,15,16,23,24,25,26,33,34,35
586,4,5,13,14,15,16,23,24,25,26,33,34,35
587,4,5,13,14,15,16,23,24,25,26,33,34,35
588,4,5,13,14,15,16,23,24,25,26,33,34,35
589,4,5,13,14,15,16,23,24,25,26,33,34,35
590,4,5,13,14,15,16,23,24,25,26,33,34,35
591,4,5,13,14,15,16,23,24,25,26,33,34,35
592,4,5,13,14,15,16,23,24,25,26,33,34,35
593,4,5,13,14,15,16,23,24,25,26,33,34,35
594,4,5,13,14,15,16,23,24,25,26,33,34,35
595,4,5,13,14,15,16,23,24,25,26,33,34,35
596,4,5,13,14,15,16,23,24,25,26,33,34,35
597,4,5,13,14,15,16,23,24,25,26,33,34,35,36
598,4,5,13,14,15,16,23,24,25,26,33,34,35,36
599,4,5,13,14,15,16,23,24,25,26,33,34,35,36
600,4,5,13,14,15,16,23,24,25,26,33,34,35,36
601,5,13,14,15,16,23,24,25,26,33,34,35,36
602,5,13,14,15,16,23,24,25,26,33,34,35,36
603,5,13,14,15,16,23,24,25,26,34,35,36
604,5,13,14,15,16,23,24,25,26,34,35,36
605,5,13,14,15,16,23,24,25,26,34,35,36
606,5,13,14,15,16,23,24,25,26,34,35,36
607,5,6,14,15,16,23,24,25,26,34,35,36
608,5,6,14,15,16,23,24,25,26,34,35,36
609,5,6,14,15,16,24,25,26,34,35,36
610,5,6,14,15,16,24,25,26,34,35,36
611,5,6,14,15,16,24,25,26,34,35,36
612,5,6,14,15,16,24,25,26,34,35,36
613,5,6,14,15,16,17,24,25,26,27,34,35,36
614,5,6,14,15,16,17,24,25,26,27,34,35,36
615,5,6,14,15,16,17,24,25,26,27,34,35,36
616,5,6,14,15,16,17,24,25,26,27,34,35,36
617,5,6,14,15,16,17,24,25,26,27,34,35,36
618,5,6,14,15,16,17,24,25,26,27,34,35,36
619,5,6,14,15,16,17,24,25,26,27,34,35,36
620,5,6,14,15,16,17,24,25,26,27,34,35,36
621,5,6,14,15,16,17,24,25,26,27,34,35,36
622,5,6,14,15,16,17,24,25,26,27,34,35,36
623,5,6,14,15,16,17,24,25,26,27,34,35,36
624,5,6,14,15,16,17,24,25,26,27,34,35,36
625,4,5,6,7,14,15,16,17,24,25,26,27,34,35,36
626,4,5,6,7,14,15,16,17,24,25,26,27,34,35,36
627,4,5,6,7,14,15,16,17,24,25,26,27,34,35,36
628,4,5,6,7,14,15,16,17,24,25,26,27,34,35,36
629,4,5,6,7,14,15,16,17,24,25,26,27,35,36
630,4,5,6,7,14,15,16,17,24,25,26,27,35,36
631,4,5,6,7,14,15,16,17,24,25,26,27,35,36
632,4,5,6,7,14,15,16,17,24,25,26,27,35,36
633,4,5,6,7,14,15,16,17,24,25,26,27,35,36
634,4,5,6,7,14,15,16,17,24,25,26,27,35,36
635,4,5,6,7,14,15,16,17,24,25,26,27,35,36
636,4,5,6,7,14,15,16,17,24,25,26,27,35,36
637,4,5,6,7,14,15,16,17,24,25,26,27,35,36
638,4,5,6,7,14,15,16,17,24,25,26,27,35,36
639,4,5,6,7,14,15,16,17,24,25,26,27,35,36
640,4,5,6,7,14,15,16,17,24,25,26,27,35,36
641,4,5,6,7,14,15,16,17,24,25,26,27,35,36
642,4,5,6,7,14,15,16,17,24,25,26,27,35,36
643,4,5,6,7,14,15,16,17,24,25,26,27,35,36
644,4,5,6,7,14,15,16,17,24,25,26,27,35,36
645,4,5,6,7,14,15,16,17,24,25,26,27,35,36
646,4,5,6,7,14,15,16,17,24,25,26,27,35,36
647,4,5,6,7,14,15,16,17,24,25,26,27,35,36
648,4,5,6,7,14,15,16,17,24,25,26,27,35,36
649,4,5,6,7,14,15,16,17,24,25,26,27,35,36
650,4,5,6,7,14,15,16,17,24,25,26,27,35,36
651,5,6,7,14,15,16,17,24,25,26,27,35,36
652,5,6,7,14,15,16,17,24,25,26,27,35,36
653,5,6,7,14,15,16,17,24,25,26,27,35,36
654,5,6,7,14,15,16,17,24,25,26,27,35,36
655,5,6,14,15,16,17,24,25,26,27,34,35,36,37
656,5,6,14,15,16,17,24,25,26,27,34,35,36,37
657,5,6,14,15,16,17,24,25,26,27,35,36,37
658,5,6,14,15,16,17,24,25,26,27,35,36,37
659,6,14,15,16,17,24,25,26,27,35,36,37
660,6,14,15,16,17,24,25,26,27,35,36,37
661,6,15,16,17,25,26,27,35,36,37
662,6,15,16,17,25,26,27,35,36,37
663,6,15,16,17,25,26,27,35,36,37
664,6,15,16,17,25,26,27,35,36,37
665,6,7,15,16,17,25,26,27,35,36,37
666,6,7,15,16,17,25,26,27,35,36,37
667,6,7,15,16,17,25,26,27,28,35,36,37
668,6,7,15,16,17,25,26,27,28,35,36,37
669,6,7,15,16,17,18,25,26,27,28,35,36,37
670,6,7,15,16,17,18,25,26,27,28,35,36,37
671,6,7,15,16,17,18,25,26,27,28,35,36,37
672,6,7,15,16,17,18,25,26,27,28,35,36,37
673,6,7,15,16,17,18,25,26,27,28,35,36,37,38
674,6,7,15,16,17,18,25,26,27,28,35,36,37,38
675,6,7,15,16,17,18,25,26,27,28,35,36,37,38
676,6,7,15,16,17,18,25,26,27,28,35,36,37,38
677,6,7,15,16,17,18,25,26,27,28,35,36,37,38
678,6,7,15,16,17,18,25,26,27,28,35,36,37,38
679,6,7,15,16,17,18,25,26,27,28,35,36,37,38
680,6,7,15,16,17,18,25,26,27,28,35,36,37,38
681,6,7,15,16,17,18,25,26,27,28,35,36,37,38
682,6,7,15,16,17,18,25,26,27,28,35,36,37,38
683,6,7,15,16,17,18,25,26,27,28,35,36,37,38
684,6,7,15,16,17,18,25,26,27,28,35,36,37,38
685,6,7,15,16,17,18,25,26,27,28,35,36,37,38
686,6,7,15,16,17,18,25,26,27,28,35,36,37,38
687,6,7,15,16,17,18,25,26,27,28,36,37,38
688,6,7,15,16,17,18,25,26,27,28,36,37,38
689,6,7,15,16,17,18,25,26,27,28,36,37,38
690,6,7,15,16,17,18,25,26,27,28,36,37,38
691,6,7,8,15,16,17,18,25,26,27,28,36,37,38
692,6,7,8,15,16,17,18,25,26,27,28,36,37,38
693,6,7,8,15,16,17,18,25,26,27,28,36,37,38
694,6,7,8,15,16,17,18,25,26,27,28,36,37,38
695,6,7,8,15,16,17,18,25,26,27,28,36,37,38
696,6,7,8,15,16,17,18,25,26,27,28,36,37,38
697,6,7,8,15,16,17,18,25,26,27,28,36,37
698,6,7,8,15,16,17,18,25,26,27,28,36,37
699,6,7,8,15,16,17,18,25,26,27,28,36,37
700,6,7,8,15,16,17,18,25,26,27,28,36,37
701,6,7,8,15,16,17,18,25,26,27,28,35,36,37
702,6,7,8,15,16,17,18,25,26,27,28,35,36,37
703,6,7,8,15,16,17,18,25,26,27,28,35,36,37
704,6,7,8,15,16,17,18,25,26,27,28,35,36,37
705,6,7,8,15,16,17,18,25,26,27,28,35,36,37
706,6,7,8,15,16,17,18,25,26,27,28,35,36,37
707,6,7,8,15,16,17,18,25,26,27,28,35,36,37
708,6,7,8,15,16,17,18,25,26,27,28,35,36,37
709,6,7,15,16,17,18,25,26,27,28,35,36,37
710,6,7,15,16,17,18,25,26,27,28,35,36,37
711,6,7,15,16,17,18,25,26,27,28,35,36,37
712,6,7,15,16,17,18,25,26,27,28,35,36,37
713,6,7,15,16,17,18,25,26,27,28,35,36,37
714,6,7,15,16,17,18,25,26,27,28,35,36,37
715,6,7,15,16,17,18,25,26,27,28,35,36,37
716,6,7,15,16,17,18,25,26,27,28,35,36,37
717,6,7,15,16,17,18,25,26,27,28,35,36,37
718,6,7,15,16,17,18,25,26,27,28,35,36,37
719,6,7,15,16,17,18,25,26,27,28,35,36,37
720,6,7,15,16,17,18,25,26,27,28,35,36,37
721,6,7,15,16,17,18,25,26,27,28,35,36,37
722,6,7,15,16,17,18,25,26,27,28,35,36,37
723,6,7,15,16,17,18,25,26,27,28,35,36,37
724,6,7,15,16,17,18,25,26,27,28,35,36,37
725,6,7,15,16,17,18,25,26,27,28,35,36,37
726,6,7,15,16,17,18,25,26,27,28,35,36,37
727,6,7,15,16,17,18,25,26,27,28,35,36,37
728,6,7,15,16,17,18,25,26,27,28,35,36,37
729,6,7,15,16,17,18,25,26,27,28,35,36,37
730,6,7,15,16,17,18,25,26,27,28,35,36,37
731,6,7,15,16,17,25,26,27,35,36,37
732,6,7,15,16,17,25,26,27,35,36,37
733,6,7,15,16,17,25,26,27,35,36,37
734,6,7,15,16,17,25,26,27,35,36,37
735,6,7,15,16,17,25,26,27,35,36,37
736,6,7,15,16,17,25,26,27,35,36,37
737,6,7,14,15,16,17,24,25,26,27,35,36,37
738,6,7,14,15,16,17,24,25,26,27,35,36,37
739,5,6,7,14,15,16,17,24,25,26,27,35,36,37
740,5,6,7,14,15,16,17,24,25,26,27,35,36,37
741,5,6,7,14,15,16,17,24,25,26,27,35,36,37
742,5,6,7,14,15,16,17,24,25,26,27,35,36,37
743,5,6,7,14,15,16,17,24,25,26,27,35,36,37
744,5,6,7,14,15,16,17,24,25,26,27,35,36,37
745,5,6,7,14,15,16,17,24,25,26,27,35,36,37
746,5,6,7,14,15,16,17,24,25,26,27,35,36,37
747,5,6,14,15,16,17,24,25,26,27,34,35,36
748,5,6,14,15,16,17,24,25,26,27,34,35,36
749,5,6,14,15,16,17,24,25,26,27,34,35,36
750,5,6,14,15,16,17,24,25,26,27,34,35,36
751,5,6,14,15,16,17,24,25,26,27,34,35,36
752,5,6,14,15,16,17,24,25,26,27,34,35,36
753,5,6,14,15,16,17,24,25,26,27,34,35,36
754,5,6,14,15,16,17,24,25,26,27,34,35,36
755,5,6,14,15,16,17,24,25,26,27,34,35,36
756,5,6,14,15,16,17,24,25,26,27,34,35,36
757,4,5,6,14,15,16,17,24,25,26,27,34,35,36
758,4,5,6,14,15,16,17,24,25,26,27,34,35,36
759,4,5,6,14,15,16,24,25,26,34,35,36
760,4,5,6,14,15,16,24,25,26,34,35,36
761,4,5,6,13,14,15,16,24,25,26,34,35,36
762,4,5,6,13,14,15,16,24,25,26,34,35,36
763,4,5,6,13,14,15,16,23,24,25,26,34,35,36
764,4,5,6,13,14,15,16,23,24,25,26,34,35,36
765,4,5,6,13,14,15,16,23,24,25,26,34,35,36
766,4,5,6,13,14,15,16,23,24,25,26,34,35,36
767,4,5,6,13,14,15,16,23,24,25,26,34,35,36
768,4,5,6,13,14,15,16,23,24,25,26,34,35,36
769,4,5,6,13,14,15,16,23,24,25,26,34,35,36
770,4,5,6,13,14,15,16,23,24,25,26,34,35,36
771,4,5,6,13,14,15,16,23,24,25,26,34,35,36
772,4,5,6,13,14,15,16,23,24,25,26,34,35,36
773,4,5,6,13,14,15,16,23,24,25,26,34,35,36
774,4,5,6,13,14,15,16,23,24,25,26,34,35,36
775,4,5,6,13,14,15,16,23,24,25,26,34,35,36
776,4,5,6,13,14,15,16,23,24,25,26,34,35,36
777,4,5,6,13,14,15,16,23,24,25,26,34,35,36
778,4,5,6,13,14,15,16,23,24,25,26,34,35,36
779,4,5,6,13,14,15,16,23,24,25,26,34,35,36
780,4,5,6,13,14,15,16,23,24,25,26,34,35,36
781,4,5,6,13,14,15,16,23,24,25,26,34,35,36
782,4,5,6,13,14,15,16,23,24,25,26,34,35,36
783,4,5,6,13,14,15,16,23,24,25,26,34,35,36
784,4,5,6,13,14,15,16,23,24,25,26,34,35,36
785,4,5,6,13,14,15,16,23,24,25,26,34,35,36
786,4,5,6,13,14,15,16,23,24,25,26,34,35,36
787,4,5,6,13,14,15,16,23,24,25,26,34,35,36
788,4,5,6,13,14,15,16,23,24,25,26,34,35,36
789,4,5,6,13,14,15,16,23,24,25,26,34,35,36
790,4,5,6,13,14,15,16,23,24,25,26,34,35,36
791,4,5,6,13,14,15,16,23,24,25,26,34,35,36
792,4,5,6,13,14,15,16,23,24,25,26,34,35,36
793,4,5,6,13,14,15,16,23,24,25,26,34,35,36
794,4,5,6,13,14,15,16,23,24,25,26,34,35,36
795,4,5,6,13,14,15,16,23,24,25,26,34,35,36
796,4,5,6,13,14,15,16,23,24,25,26,34,35,36
797,4,5,6,13,14,15,16,23,24,25,26,34,35,36
798,4,5,6,13,14,15,16,23,24,25,26,34,35,36
799,4,5,6,13,14,15,16,23,24,25,26,34,35,36
800,4,5,6,13,14,15,16,23,24,25,26,34,35,36
801,4,5,6,13,14,15,16,23,24,25,26,34,35,36
802,4,5,6,13,14,15,16,23,24,25,26,34,35,36
803,4,5,6,13,14,15,16,23,24,25,26,34,35,36
804,4,5,6,13,14,15,16,23,24,25,26,34,35,36
805,4,5,6,13,14,15,16,23,24,25,26,34,35,36
806,4,5,6,13,14,15,16,23,24,25,26,34,35,36
807,4,5,6,13,14,15,16,23,24,25,26,34,35,36
808,4,5,6,13,14,15,16,23,24,25,26,34,35,36
809,4,5,6,13,14,15,16,23,24,25,26,34,35,36
810,4,5,6,13,14,15,16,23,24,25,26,34,35,36
811,4,5,6,13,14,15,16,23,24,25,26,34,35,36
812,4,5,6,13,14,15,16,23,24,25,26,34,35,36
813,4,5,6,13,14,15,16,23,24,25,26,34,35,36
814,4,5,6,13,14,15,16,23,24,25,26,34,35,36
815,4,5,6,13,14,15,16,23,24,25,26,34,35,36
816,4,5,6,13,14,15,16,23,24,25,26,34,35,36
817,4,5,6,13,14,15,16,23,24,25,26,34,35,36
818,4,5,6,13,14,15,16,23,24,25,26,34,35,36
819,4,5,6,13,14,15,16,23,24,25,26,34,35,36
820,4,5,6,13,14,15,16,23,24,25,26,34,35,36
821,4,5,6,13,14,15,16,23,24,25,26,34,35,36
822,4,5,6,13,14,15,16,23,24,25,26,34,35,36
823,4,5,6,13,14,15,16,23,24,25,26,33,34,35
824,4,5,6,13,14,15,16,23,24,25,26,33,34,35
825,4,5,13,14,15,16,23,24,25,26,33,34,35
826,4,5,13,14,15,16,23,24,25,26,33,34,35
827,4,5,13,14,15,16,23,24,25,26,33,34,35
828,4,5,13,14,15,16,23,24,25,26,33,34,35
829,4,5,13,14,15,16,23,24,25,26,33,34,35
830,4,5,13,14,15,16,23,24,25,26,33,34,35
831,4,5,13,14,15,16,23,24,25,26,33,34,35
832,4,5,13,14,15,16,23,24,25,26,33,34,35
833,4,5,13,14,15,16,23,24,25,26,33,34,35
834,4,5,13,14,15,16,23,24,25,26,33,34,35
835,4,5,13,14,15,16,23,24,25,26,33,34,35
836,4,5,13,14,15,16,23,24,25,26,33,34,35
837,4,5,13,14,15,16,23,24,25,26,33,34,35
838,4,5,13,14,15,16,23,24,25,26,33,34,35
839,4,5,13,14,15,16,23,24,25,26,33,34,35
840,4,5,13,14,15,16,23,24,25,26,33,34,35
841,4,5,13,14,15,16,23,24,25,26,33,34,35
842,4,5,13,14,15,16,23,24,25,26,33,34,35
843,4,5,13,14,15,16,23,24,25,26,33,34,35
844,4,5,13,14,15,16,23,24,25,26,33,34,35
845,4,5,13,14,15,16,23,24,25,26,33,34,35
846,4,5,13,14,15,16,23,24,25,26,33,34,35
847,4,5,13,14,15,16,23,24,25,26,33,34,35
848,4,5,13,14,15,16,23,24,25,26,33,34,35
849,4,5,13,14,15,16,23,24,25,26,33,34,35
850,4,5,13,14,15,16,23,24,25,26,33,34,35
851,4,5,13,14,15,16,23,24,25,26,33,34,35
852,4,5,13,14,15,16,23,24,25,26,33,34,35
853,4,5,13,14,15,16,23,24,25,26,33,34,35
854,4,5,13,14,15,16,23,24,25,26,33,34,35
855,3,4,5,13,14,15,16,23,24,25,26,33,34,35
856,3,4,5,13,14,15,16,23,24,25,26,33,34,35
857,3,4,5,13,14,15,16,23,24,25,26,33,34,35
858,3,4,5,13,14,15,16,23,24,25,26,33,34,35
859,3,4,5,13,14,15,16,23,24,25,26,33,34,35
860,3,4,5,13,14,15,16,23,24,25,26,33,34,35
861,3,4,5,13,14,15,16,23,24,25,26,33,34,35
862,3,4,5,13,14,15,16,23,24,25,26,33,34,35
863,3,4,5,13,14,15,16,23,24,25,26,33,34,35
864,3,4,5,13,14,15,16,23,24,25,26,33,34,35
865,3,4,5,13,14,15,16,23,24,25,26,33,34,35
866,3,4,5,13,14,15,16,23,24,25,26,33,34,35
867,3,4,5,13,14,15,16,23,24,25,26,33,34,35
868,3,4,5,13,14,15,16,23,24,25,26,33,34,35
869,3,4,5,13,14,15,16,23,24,25,26,33,34,35
870,3,4,5,13,14,15,16,23,24,25,26,33,34,35
871,3,4,5,13,14,15,16,23,24,25,26,33,34,35
872,3,4,5,13,14,15,16,23,24,25,26,33,34,35
873,3,4,5,13,14,15,16,23,24,25,26,33,34,35
874,3,4,5,13,14,15,16,23,24,25,26,33,34,35
875,3,4,5,13,14,15,16,23,24,25,26,33,34,35
876,3,4,5,13,14,15,16,23,24,25,26,33,34,35
877,3,4,5,13,14,15,16,23,24,25,26,33,34,35
878,3,4,5,13,14,15,16,23,24,25,26,33,34,35
879,3,4,5,13,14,15,16,23,24,25,26,33,34,35
880,3,4,5,13,14,15,16,23,24,25,26,33,34,35
881,3,4,5,13,14,15,16,23,24,25,26,33,34,35
882,3,4,5,13,14,15,16,23,24,25,26,33,34,35
883,3,4,5,13,14,15,16,23,24,25,26,33,34,35
884,3,4,5,13,14,15,16,23,24,25,26,33,34,35
885,3,4,5,13,14,15,16,23,24,25,26,33,34,35
886,3,4,5,13,14,15,16,23,24,25,26,33,34,35
887,3,4,5,13,14,15,16,23,24,25,26,33,34,35
888,3,4,5,13,14,15,16,23,24,25,26,33,34,35
889,3,4,5,13,14,15,16,23,24,25,26,33,34,35
890,3,4,5,13,14,15,16,23,24,25,26,33,34,35
891,3,4,5,13,14,15,16,23,24,25,26,33,34,35
892,3,4,5,13,14,15,16,23,24,25,26,33,34,35
893,3,4,5,13,14,15,16,23,24,25,26,33,34,35
894,3,4,5,13,14,15,16,23,24,25,26,33,34,35
895,4,5,13,14,15,16,23,24,25,26,33,34,35
896,4,5,13,14,15,16,23,24,25,26,33,34,35
897,4,5,13,14,15,16,23,24,25,26,33,34,35
898,4,5,13,14,15,16,23,24,25,26,33,34,35
899,4,5,6,13,14,15,16,23,24,25,26,33,34,35
900,4,5,6,13,14,15,16,23,24,25,26,33,34,35
901,4,5,6,13,14,15,16,23,24,25,26,33,34,35
902,4,5,6,13,14,15,16,23,24,25,26,33,34,35
903,4,5,6,13,14,15,16,23,24,25,26,34,35
904,4,5,6,13,14,15,16,23,24,25,26,34,35
905,4,5,6,13,14,15,16,23,24,25,26,34,35,36
906,4,5,6,13,14,15,16,23,24,25,26,34,35,36
907,4,5,6,13,14,15,16,23,24,25,26,34,35,36
908,4,5,6,13,14,15,16,23,24,25,26,34,35,36
909,5,6,14,15,16,17,24,25,26,27,34,35,36
910,5,6,14,15,16,17,24,25,26,27,34,35,36
911,5,6,14,15,16,17,24,25,26,27,34,35,36
912,5,6,14,15,16,17,24,25,26,27,34,35,36
913,5,6,14,15,16,17,24,25,26,27,34,35,36
914,5,6,14,15,16,17,24,25,26,27,34,35,36
915,5,6,14,15,16,17,24,25,26,27,34,35,36,37
916,5,6,14,15,16,17,24,25,26,27,34,35,36,37
917,5,6,14,15,16,17,24,25,26,27,34,35,36,37
918,5,6,14,15,16,17,24,25,26,27,34,35,36,37
919,5,6,14,15,16,17,24,25,26,27,34,35,36,37
920,5,6,14,15,16,17,24,25,26,27,34,35,36,37
921,5,6,7,14,15,16,17,24,25,26,27,35,36,37
922,5,6,7,14,15,16,17,24,25,26,27,35,36,37
923,5,6,7,14,15,16,17,24,25,26,27,35,36
924,5,6,7,14,15,16,17,24,25,26,27,35,36
925,5,6,7,14,15,16,17,24,25,26,27,35,36
926,5,6,7,14,15,16,17,24,25,26,27,35,36
927,4,5,6,7,14,15,16,17,24,25,26,27,35,36
928,4,5,6,7,14,15,16,17,24,25,26,27,35,36
929,4,5,6,7,14,15,16,17,24,25,26,27,35,36
930,4,5,6,7,14,15,16,17,24,25,26,27,35,36
931,4,5,6,7,14,15,16,17,24,25,26,27,35,36
932,4,5,6,7,14,15,16,17,24,25,26,27,35,36
933,4,5,6,7,14,15,16,17,24,25,26,27,35,36
934,4,5,6,7,14,15,16,17,24,25,26,27,35,36
935,4,5,6,7,14,15,16,17,24,25,26,27,35,36
936,4,5,6,7,14,15,16,17,24,25,26,27,35,36
937,4,5,6,7,14,15,16,17,24,25,26,27,35,36
938,4,5,6,7,14,15,16,17,24,25,26,27,35,36
939,4,5,6,7,14,15,16,17,24,25,26,27,35,36
940,4,5,6,7,14,15,16,17,24,25,26,27,35,36
941,4,5,6,7,14,15,16,17,24,25,26,27,35,36
942,4,5,6,7,14,15,16,17,24,25,26,27,35,36
943,5,6,7,14,15,16,17,24,25,26,27,35,36
944,5,6,7,14,15,16,17,24,25,26,27,35,36
945,5,6,7,14,15,16,17,24,25,26,27,35,36
946,5,6,7,14,15,16,17,24,25,26,27,35,36
947,5,6,7,14,15,16,17,24,25,26,27,35,36
948,5,6,7,14,15,16,17,24,25,26,27,35,36
949,5,6,7,14,15,16,17,24,25,26,27,35,36
950,5,6,7,14,15,16,17,24,25,26,27,35,36
951,5,6,7,14,15,16,17,24,25,26,27,35,36,37
952,5,6,7,14,15,16,17,24,25,26,27,35,36,37
953,5,6,7,14,15,16,17,24,25,26,27,35,36,37
954,5,6,7,14,15,16,17,24,25,26,27,35,36,37
955,5,6,7,14,15,16,17,24,25,26,27,35,36,37
956,5,6,7,14,15,16,17,24,25,26,27,35,36,37
957,5,6,7,14,15,16,17,24,25,26,27,35,36,37
958,5,6,7,14,15,16,17,24,25,26,27,35,36,37
959,5,6,7,14,15,16,17,24,25,26,27,35,36,37
960,5,6,7,14,15,16,17,24,25,26,27,35,36,37
961,5,6,7,14,15,16,17,24,25,26,27,35,36,37
962,5,6,7,14,15,16,17,24,25,26,27,35,36,37
963,5,6,7,14,15,16,17,24,25,26,27,35,36,37
964,5,6,7,14,15,16,17,24,25,26,27,35,36,37
965,5,6,7,14,15,16,17,24,25,26,27,35,36,37
966,5,6,7,14,15,16,17,24,25,26,27,35,36,37
967,5,6,7,14,15,16,17,24,25,26,27,35,36,37
968,5,6,7,14,15,16,17,24,25,26,27,35,36,37
969,5,6,7,14,15,16,17,24,25,26,27,35,36,37
970,5,6,7,14,15,16,17,24,25,26,27,35,36,37
971,5,6,7,14,15,16,17,24,25,26,27,35,36,37
972,5,6,7,14,15,16,17,24,25,26,27,35,36,37
973,5,6,7,14,15,16,17,24,25,26,27,35,36,37
974,5,6,7,14,15,16,17,24,25,26,27,35,36,37
975,5,6,7,14,15,16,17,24,25,26,27,35,36,37
976,5,6,7,14,15,16,17,24,25,26,27,35,36,37
977,5,6,7,15,16,17,25,26,27,35,36,37
978,5,6,7,15,16,17,25,26,27,35,36,37
979,5,6,7,15,16,17,25,26,27,35,36,37
980,5,6,7,15,16,17,25,26,27,35,36,37
981,5,6,7,15,16,17,25,26,27,35,36,37
982,5,6,7,15,16,17,25,26,27,35,36,37
983,6,7,15,16,17,25,26,27,35,36,37
984,6,7,15,16,17,25,26,27,35,36,37
985,6,7,15,16,17,25,26,27,35,36,37
986,6,7,15,16,17,25,26,27,35,36,37
987,6,7,15,16,17,25,26,27,35,36,37
988,6,7,15,16,17,25,26,27,35,36,37
989,6,7,15,16,17,25,26,27,35,36,37
990,6,7,15,16,17,25,26,27,35,36,37
991,6,7,15,16,17,25,26,27,35,36,37
992,6,7,15,16,17,25,26,27,35,36,37
993,6,7,15,16,17,25,26,27,35,36,37
994,6,7,15,16,17,25,26,27,35,36,37
995,6,7,15,16,17,25,26,27,35,36,37
996,6,7,15,16,17,25,26,27,35,36,37
997,6,7,15,16,17,25,26,27,35,36,37
998,6,7,15,16,17,25,26,27,35,36,37
999,6,7,15,16,17,25,26,27,35,36,37
1000,6,7,15,16,17,25,26,27,35,36,37
1001,6,7,15,16,17,25,26,27,35,36,37
1002,6,7,15,16,17,25,26,27,35,36,37
1003,6,7,15,16,17,25,26,27,35,36,37
1004,6,7,15,16,17,25,26,27,35,36,37
1005,6,7,15,16,17,25,26,27,35,36,37
1006,6,7,15,16,17,25,26,27,35,36,37
1007,6,7,15,16,17,25,26,27,35,36,37
1008,6,7,15,16,17,25,26,27,35,36,37
1009,6,7,15,16,17,25,26,27,35,36,37
1010,6,7,15,16,17,25,26,27,35,36,37
1011,6,7,15,16,17,25,26,27,35,36,37
1012,6,7,15,16,17,25,26,27,35,36,37
1013,6,7,15,16,17,25,26,27,35,36,37
1014,6,7,15,16,17,25,26,27,35,36,37
1015,6,7,15,16,17,25,26,27,35,36,37
1016,6,7,15,16,17,25,26,27,35,36,37
1017,6,7,15,16,17,25,26,27,35,36,37
1018,6,7,15,16,17,25,26,27,35,36,37
1019,6,7,15,16,17,25,26,27,35,36,37
1020,6,7,15,16,17,25,26,27,35,36,37
1021,6,7,15,16,17,24,25,26,27,35,36,37
1022,6,7,15,16,17,24,25,26,27,35,36,37
1023,6,7,14,15,16,17,24,25,26,27,35,36,37
1024,6,7,14,15,16,17,24,25,26,27,35,36,37
1025,6,7,14,15,16,17,24,25,26,27,35,36,37
1026,6,7,14,15,16,17,24,25,26,27,35,36,37
1027,6,7,14,15,16,17,24,25,26,27,35,36,37
1028,6,7,14,15,16,17,24,25,26,27,35,36,37
1029,6,7,14,15,16,17,24,25,26,27,35,36,37
1030,6,7,14,15,16,17,24,25,26,27,35,36,37
1031,5,6,7,14,15,16,17,24,25,26,27,35,36,37
1032,5,6,7,14,15,16,17,24,25,26,27,35,36,37
1033,5,6,7,14,15,16,17,24,25,26,27,35,36,37
1034,5,6,7,14,15,16,17,24,25,26,27,35,36,37
1035,5,6,7,14,15,16,17,24,25,26,27,35,36,37
1036,5,6,7,14,15,16,17,24,25,26,27,35,36,37
1037,5,6,7,14,15,16,17,24,25,26,27,35,36,37
1038,5,6,7,14,15,16,17,24,25,26,27,35,36,37
1039,5,6,7,14,15,16,17,24,25,26,27,35,36,37
1040,5,6,7,14,15,16,17,24,25,26,27,35,36,37
1041,5,6,7,14,15,16,17,24,25,26,27,35,36,37
1042,5,6,7,14,15,16,17,24,25,26,27,35,36,37
1043,5,6,7,14,15,16,17,24,25,26,27,35,36
1044,5,6,7,14,15,16,17,24,25,26,27,35,36
1045,5,6,7,14,15,16,17,24,25,26,27,34,35,36
1046,5,6,7,14,15,16,17,24,25,26,27,34,35,36
1047,5,6,7,14,15,16,17,24,25,26,27,34,35,36
1048,5,6,7,14,15,16,17,24,25,26,27,34,35,36
1049,5,6,7,14,15,16,17,24,25,26,27,34,35,36
1050,5,6,7,14,15,16,17,24,25,26,27,34,35,36
1051,5,6,7,14,15,16,17,24,25,26,27,34,35,36
1052,5,6,7,14,15,16,17,24,25,26,27,34,35,36
1053,4,5,6,7,14,15,16,17,24,25,26,27,34,35,36
1054,4,5,6,7,14,15,16,17,24,25,26,27,34,35,36
1055,4,5,6,7,14,15,16,17,24,25,26,27,34,35,36
1056,4,5,6,7,14,15,16,17,24,25,26,27,34,35,36
1057,4,5,6,7,14,15,16,17,24,25,26,27,34,35,36
1058,4,5,6,7,14,15,16,17,24,25,26,27,34,35,36
1059,4,5,6,7,14,15,16,17,24,25,26,27,34,35,36
1060,4,5,6,7,14,15,16,17,24,25,26,27,34,35,36
1061,4,5,6,7,14,15,16,17,24,25,26,27,34,35,36
1062,4,5,6,7,14,15,16,17,24,25,26,27,34,35,36
1063,4,5,6,7,14,15,16,17,24,25,26,27,34,35,36
1064,4,5,6,7,14,15,16,17,24,25,26,27,34,35,36
1065,4,5,6,7,14,15,16,17,24,25,26,27,34,35,36
1066,4,5,6,7,14,15,16,17,24,25,26,27,34,35,36
1067,4,5,6,7,14,15,16,17,24,25,26,27,34,35,36
1068,4,5,6,7,14,15,16,17,24,25,26,27,34,35,36
1069,4,5,6,7,14,15,16,17,24,25,26,27,34,35,36
1070,4,5,6,7,14,15,16,17,24,25,26,27,34,35,36
1071,4,5,6,7,14,15,16,17,24,25,26,27,34,35,36
1072,4,5,6,7,14,15,16,17,24,25,26,27,34,35,36
1073,4,5,6,7,14,15,16,17,24,25,26,27,34,35,36
1074,4,5,6,7,14,15,16,17,24,25,26,27,34,35,36
1075,4,5,6,7,14,15,16,17,24,25,26,27,34,35,36
1076,4,5,6,7,14,15,16,17,24,25,26,27,34,35,36
1077,5,6,7,14,15,16,17,24,25,26,27,34,35,36
1078,5,6,7,14,15,16,17,24,25,26,27,34,35,36
1079,5,6,7,14,15,16,17,24,25,26,27,34,35,36
1080,5,6,7,14,15,16,17,24,25,26,27,34,35,36
1081,5,6,7,14,15,16,17,24,25,26,27,34,35,36
1082,5,6,7,14,15,16,17,24,25,26,27,34,35,36
1083,5,6,7,14,15,16,17,24,25,26,27,35,36
1084,5,6,7,14,15,16,17,24,25,26,27,35,36
1085,5,6,7,14,15,16,17,24,25,26,27,35,36,37
1086,5,6,7,14,15,16,17,24,25,26,27,35,36,37
1087,5,6,7,14,15,16,17,24,25,26,27,35,36,37
1088,5,6,7,14,15,16,17,24,25,26,27,35,36,37
1089,5,6,7,14,15,16,17,24,25,26,27,35,36,37
1090,5,6,7,14,15,16,17,24,25,26,27,35,36,37
1091,5,6,7,14,15,16,17,24,25,26,27,35,36,37
1092,5,6,7,14,15,16,17,24,25,26,27,35,36,37
1093,6,7,15,16,17,25,26,27,35,36,37
1094,6,7,15,16,17,25,26,27,35,36,37
1095,6,7,15,16,17,25,26,27,35,36,37
1096,6,7,15,16,17,25,26,27,35,36,37
1097,6,7,15,16,17,25,26,27,35,36,37
1098,6,7,15,16,17,25,26,27,35,36,37
1099,6,7,15,16,17,25,26,27,35,36,37
1100,6,7,15,16,17,25,26,27,35,36,37
1101,6,7,15,16,17,18,25,26,27,28,35,36,37
1102,6,7,15,16,17,18,25,26,27,28,35,36,37
1103,6,7,15,16,17,18,25,26,27,28,35,36,37
1104,6,7,15,16,17,18,25,26,27,28,35,36,37
1105,6,7,15,16,17,18,25,26,27,28,35,36,37
1106,6,7,15,16,17,18,25,26,27,28,35,36,37
1107,6,7,15,16,17,18,25,26,27,28,35,36,37
1108,6,7,15,16,17,18,25,26,27,28,35,36,37
1109,6,7,15,16,17,18,25,26,27,28,35,36,37
1110,6,7,15,16,17,18,25,26,27,28,35,36,37
1111,6,7,15,16,17,18,25,26,27,28,35,36,37
1112,6,7,15,16,17,18,25,26,27,28,35,36,37
1113,6,7,15,16,17,18,25,26,27,28,35,36,37
1114,6,7,15,16,17,18,25,26,27,28,35,36,37
1115,6,7,15,16,17,18,25,26,27,28,35,36,37
1116,6,7,15,16,17,18,25,26,27,28,35,36,37
1117,6,7,15,16,17,18,25,26,27,28,35,36,37
1118,6,7,15,16,17,18,25,26,27,28,35,36,37
1119,6,7,15,16,17,18,25,26,27,28,35,36,37
1120,6,7,15,16,17,18,25,26,27,28,35,36,37
1121,6,7,15,16,17,18,25,26,27,28,35,36,37
1122,6,7,15,16,17,18,25,26,27,28,35,36,37
1123,6,7,15,16,17,18,25,26,27,28,35,36,37
1124,6,7,15,16,17,18,25,26,27,28,35,36,37
1125,6,7,15,16,17,18,25,26,27,28,35,36,37
1126,6,7,15,16,17,18,25,26,27,28,35,36,37
1127,6,7,15,16,17,18,25,26,27,28,35,36,37
1128,6,7,15,16,17,18,25,26,27,28,35,36,37
1129,6,7,15,16,17,18,25,26,27,28,35,36,37
1130,6,7,15,16,17,18,25,26,27,28,35,36,37
1131,6,7,15,16,17,18,25,26,27,28,35,36,37
1132,6,7,15,16,17,18,25,26,27,28,35,36,37
1133,6,7,15,16,17,18,25,26,27,28,35,36,37
1134,6,7,15,16,17,18,25,26,27,28,35,36,37
1135,6,7,15,16,17,18,25,26,27,28,35,36,37
1136,6,7,15,16,17,18,25,26,27,28,35,36,37
1137,6,7,15,16,17,18,25,26,27,28,35,36,37
1138,6,7,15,16,17,18,25,26,27,28,35,36,37
1139,6,7,15,16,17,18,25,26,27,28,35,36,37
1140,6,7,15,16,17,18,25,26,27,28,35,36,37
1141,6,7,15,16,17,18,25,26,27,28,35,36,37
1142,6,7,15,16,17,18,25,26,27,28,35,36,37
1143,6,7,15,16,17,25,26,27,28,35,36,37
1144,6,7,15,16,17,25,26,27,28,35,36,37
1145,6,7,15,16,17,25,26,27,35,36,37
1146,6,7,15,16,17,25,26,27,35,36,37
1147,6,7,15,16,17,25,26,27,35,36,37
1148,6,7,15,16,17,25,26,27,35,36,37
1149,6,7,15,16,17,25,26,27,35,36,37
1150,6,7,15,16,17,25,26,27,35,36,37
1151,6,7,15,16,17,25,26,27,35,36,37
1152,6,7,15,16,17,25,26,27,35,36,37
1153,6,7,15,16,17,25,26,27,35,36,37
1154,6,7,15,16,17,25,26,27,35,36,37
1155,6,7,15,16,17,25,26,27,35,36,37
1156,6,7,15,16,17,25,26,27,35,36,37
1157,6,7,15,16,17,25,26,27,35,36,37
1158,6,7,15,16,17,25,26,27,35,36,37
1159,6,7,15,16,17,25,26,27,35,36,37
1160,6,7,15,16,17,25,26,27,35,36,37
1161,6,7,15,16,17,25,26,27,28,35,36,37
1162,6,7,15,16,17,25,26,27,28,35,36,37
1163,6,7,15,16,17,18,25,26,27,28,35,36,37
1164,6,7,15,16,17,18,25,26,27,28,35,36,37
1165,6,7,15,16,17,18,25,26,27,28,35,36,37
1166,6,7,15,16,17,18,25,26,27,28,35,36,37
1167,6,7,15,16,17,18,25,26,27,28,35,36,37
1168,6,7,15,16,17,18,25,26,27,28,35,36,37
1169,6,7,15,16,17,18,25,26,27,28,35,36,37
1170,6,7,15,16,17,18,25,26,27,28,35,36,37
1171,6,7,15,16,17,18,25,26,27,28,35,36,37
1172,6,7,15,16,17,18,25,26,27,28,35,36,37
1173,6,7,15,16,17,18,25,26,27,28,35,36,37
1174,6,7,15,16,17,18,25,26,27,28,35,36,37
1175,6,7,15,16,17,18,25,26,27,28,35,36,37
1176,6,7,15,16,17,18,25,26,27,28,35,36,37
1177,6,7,15,16,17,25,26,27,28,35,36,37
1178,6,7,15,16,17,25,26,27,28,35,36,37
1179,6,7,15,16,17,25,26,27,35,36,37
1180,6,7,15,16,17,25,26,27,35,36,37
1181,6,7,15,16,17,25,26,27,35,36,37
1182,6,7,15,16,17,25,26,27,35,36,37
1183,6,7,15,16,17,25,26,27,35,36,37
1184,6,7,15,16,17,25,26,27,35,36,37
1185,6,7,15,16,17,18,25,26,27,28,35,36,37
1186,6,7,15,16,17,18,25,26,27,28,35,36,37
1187,6,7,15,16,17,18,25,26,27,28,35,36,37
1188,6,7,15,16,17,18,25,26,27,28,35,36,37
1189,6,7,15,16,17,18,25,26,27,28,35,36,37
1190,6,7,15,16,17,18,25,26,27,28,35,36,37
1191,6,7,15,16,17,18,25,26,27,28,35,36,37
1192,6,7,15,16,17,18,25,26,27,28,35,36,37
1193,6,7,15,16,17,18,25,26,27,28,35,36,37
1194,6,7,15,16,17,18,25,26,27,28,35,36,37
1195,6,7,15,16,17,18,25,26,27,28,35,36,37
1196,6,7,15,16,17,18,25,26,27,28,35,36,37
1197,6,7,15,16,17,18,25,26,27,28,35,36,37
1198,6,7,15,16,17,18,25,26,27,28,35,36,37
1199,6,7,15,16,17,18,25,26,27,28,35,36,37
1200,6,7,15,16,17,18,25,26,27,28,35,36,37
1201,6,7,15,16,17,18,25,26,27,28,35,36,37
1202,6,7,15,16,17,18,25,26,27,28,35,36,37
1203,6,7,15,16,17,18,25,26,27,28,35,36,37
1204,6,7,15,16,17,18,25,26,27,28,35,36,37
1205,6,7,15,16,17,18,25,26,27,28,35,36,37
1206,6,7,15,16,17,18,25,26,27,28,35,36,37
1207,6,7,15,16,17,18,25,26,27,28,35,36,37
1208,6,7,15,16,17,18,25,26,27,28,35,36,37
1209,6,7,15,16,17,18,25,26,27,28,35,36,37
1210,6,7,15,16,17,18,25,26,27,28,35,36,37
1211,6,7,15,16,17,18,25,26,27,28,35,36,37
1212,6,7,15,16,17,18,25,26,27,28,35,36,37
1213,6,7,15,16,17,18,25,26,27,28,35,36,37
1214,6,7,15,16,17,18,25,26,27,28,35,36,37
1215,6,7,15,16,17,18,25,26,27,28,35,36,37
1216,6,7,15,16,17,18,25,26,27,28,35,36,37
1217,6,7,15,16,17,18,25,26,27,28,35,36,37
1218,6,7,15,16,17,18,25,26,27,28,35,36,37
1219,6,7,15,16,17,18,25,26,27,28,35,36,37
1220,6,7,15,16,17,18,25,26,27,28,35,36,37
1221,6,7,15,16,17,18,25,26,27,28,35,36,37
1222,6,7,15,16,17,18,25,26,27,28,35,36,37
1223,6,7,15,16,17,18,25,26,27,28,35,36,37
1224,6,7,15,16,17,18,25,26,27,28,35,36,37
1225,6,7,15,16,17,18,25,26,27,28,35,36,37
1226,6,7,15,16,17,18,25,26,27,28,35,36,37
1227,6,7,15,16,17,18,25,26,27,28,35,36,37
1228,6,7,15,16,17,18,25,26,27,28,35,36,37
1229,6,7,15,16,17,18,25,26,27,28,35,36,37
1230,6,7,15,16,17,18,25,26,27,28,35,36,37
1231,6,7,15,16,17,18,25,26,27,28,35,36,37
1232,6,7,15,16,17,18,25,26,27,28,35,36,37
1233,6,7,15,16,17,18,25,26,27,28,35,36,37
1234,6,7,15,16,17,18,25,26,27,28,35,36,37
1235,6,7,15,16,17,18,25,26,27,28,35,36,37
1236,6,7,15,16,17,18,25,26,27,28,35,36,37
1237,6,7,15,16,17,18,25,26,27,28,35,36,37
1238,6,7,15,16,17,18,25,26,27,28,35,36,37
1239,6,7,15,16,17,18,25,26,27,28,35,36,37
1240,6,7,15,16,17,18,25,26,27,28,35,36,37
1241,6,7,15,16,17,18,25,26,27,28,35,36,37
1242,6,7,15,16,17,18,25,26,27,28,35,36,37
1243,6,7,15,16,17,18,25,26,27,28,35,36,37
1244,6,7,15,16,17,18,25,26,27,28,35,36,37
1245,6,7,15,16,17,18,25,26,27,28,35,36,37
1246,6,7,15,16,17,18,25,26,27,28,35,36,37
1247,6,7,15,16,17,18,25,26,27,28,35,36,37
1248,6,7,15,16,17,18,25,26,27,28,35,36,37
1249,6,7,15,16,17,25,26,27,35,36,37
1250,6,7,15,16,17,25,26,27,35,36,37
1251,6,7,15,16,17,25,26,27,35,36,37
1252,6,7,15,16,17,25,26,27,35,36,37
1253,5,6,7,15,16,17,25,26,27,35,36,37
1254,5,6,7,15,16,17,25,26,27,35,36,37
1255,5,6,7,14,15,16,17,24,25,26,27,35,36,37
1256,5,6,7,14,15,16,17,24,25,26,27,35,36,37
1257,5,6,7,14,15,16,17,24,25,26,27,35,36,37
1258,5,6,7,14,15,16,17,24,25,26,27,35,36,37
1259,5,6,14,15,16,17,24,25,26,27,34,35,36,37
1260,5,6,14,15,16,17,24,25,26,27,34,35,36,37
1261,5,6,14,15,16,17,24,25,26,27,34,35,36
1262,5,6,14,15,16,17,24,25,26,27,34,35,36
1263,5,6,14,15,16,17,24,25,26,27,34,35,36
1264,5,6,14,15,16,17,24,25,26,27,34,35,36
1265,5,6,14,15,16,17,24,25,26,27,34,35,36
1266,5,6,14,15,16,17,24,25,26,27,34,35,36
1267,5,6,14,15,16,17,24,25,26,27,34,35,36
1268,5,6,14,15,16,17,24,25,26,27,34,35,36
1269,5,6,14,15,16,17,24,25,26,27,34,35,36
1270,5,6,14,15,16,17,24,25,26,27,34,35,36
1271,5,6,14,15,16,17,24,25,26,27,34,35,36
1272,5,6,14,15,16,17,24,25,26,27,34,35,36
1273,5,6,14,15,16,17,24,25,26,27,34,35,36
1274,5,6,14,15,16,17,24,25,26,27,34,35,36
1275,5,6,14,15,16,17,24,25,26,27,34,35,36
1276,5,6,14,15,16,17,24,25,26,27,34,35,36
1277,5,6,14,15,16,17,24,25,26,27,34,35,36
1278,5,6,14,15,16,17,24,25,26,27,34,35,36
1279,5,6,14,15,16,17,24,25,26,27,34,35,36
1280,5,6,14,15,16,17,24,25,26,27,34,35,36
1281,5,6,14,15,16,17,24,25,26,27,34,35,36
1282,5,6,14,15,16,17,24,25,26,27,34,35,36
1283,5,6,14,15,16,17,24,25,26,27,34,35,36
1284,5,6,14,15,16,17,24,25,26,27,34,35,36
1285,5,6,14,15,16,17,24,25,26,27,34,35,36
1286,5,6,14,15,16,17,24,25,26,27,34,35,36
1287,5,6,14,15,16,17,24,25,26,27,34,35,36
1288,5,6,14,15,16,17,24,25,26,27,34,35,36
1289,5,6,14,15,16,17,24,25,26,27,34,35,36
1290,5,6,14,15,16,17,24,25,26,27,34,35,36
1291,5,6,14,15,16,17,24,25,26,27,34,35,36
1292,5,6,14,15,16,17,24,25,26,27,34,35,36
1293,5,6,14,15,16,17,24,25,26,27,34,35,36
1294,5,6,14,15,16,17,24,25,26,27,34,35,36
1295,5,6,14,15,16,17,24,25,26,27,34,35,36
1296,5,6,14,15,16,17,24,25,26,27,34,35,36
1297,5,6,7,14,15,16,17,24,25,26,27,35,36,37
1298,5,6,7,14,15,16,17,24,25,26,27,35,36,37
1299,5,6,7,14,15,16,17,24,25,26,27,35,36,37
1300,5,6,7,14,15,16,17,24,25,26,27,35,36,37
1301,5,6,7,14,15,16,17,24,25,26,27,35,36,37
1302,5,6,7,14,15,16,17,24,25,26,27,35,36,37
1303,5,6,7,14,15,16,17,24,25,26,27,35,36,37
1304,5,6,7,14,15,16,17,24,25,26,27,35,36,37
1305,5,6,7,14,15,16,17,24,25,26,27,35,36,37
1306,5,6,7,14,15,16,17,24,25,26,27,35,36,37
1307,6,7,14,15,16,17,24,25,26,27,35,36,37
1308,6,7,14,15,16,17,24,25,26,27,35,36,37
1309,6,7,15,16,17,25,26,27,35,36,37
1310,6,7,15,16,17,25,26,27,35,36,37
1311,6,7,15,16,17,25,26,27,35,36,37
1312,6,7,15,16,17,25,26,27,35,36,37
1313,6,7,15,16,17,25,26,27,35,36,37
1314,6,7,15,16,17,25,26,27,35,36,37
1315,6,7,15,16,17,25,26,27,35,36,37
1316,6,7,15,16,17,25,26,27,35,36,37
1317,6,7,15,16,17,18,25,26,27,28,35,36,37
1318,6,7,15,16,17,18,25,26,27,28,35,36,37
1319,6,7,15,16,17,18,25,26,27,28,35,36,37
1320,6,7,15,16,17,18,25,26,27,28,35,36,37
1321,6,7,15,16,17,18,25,26,27,28,35,36,37
1322,6,7,15,16,17,18,25,26,27,28,35,36,37
1323,6,7,15,16,17,18,25,26,27,28,35,36,37
1324,6,7,15,16,17,18,25,26,27,28,35,36,37
1325,6,7,15,16,17,18,25,26,27,28,35,36,37
1326,6,7,15,16,17,18,25,26,27,28,35,36,37
1327,6,7,15,16,17,18,25,26,27,28,35,36,37
1328,6,7,15,16,17,18,25,26,27,28,35,36,37
1329,6,7,15,16,17,18,25,26,27,28,35,36,37
1330,6,7,15,16,17,18,25,26,27,28,35,36,37
1331,6,7,15,16,17,18,25,26,27,28,35,36,37
1332,6,7,15,16,17,18,25,26,27,28,35,36,37
1333,6,7,15,16,17,18,25,26,27,28,35,36,37
1334,6,7,15,16,17,18,25,26,27,28,35,36,37
1335,6,7,15,16,17,18,25,26,27,28,35,36,37
1336,6,7,15,16,17,18,25,26,27,28,35,36,37
1337,6,7,15,16,17,18,25,26,27,28,35,36,37
1338,6,7,15,16,17,18,25,26,27,28,35,36,37
1339,6,7,15,16,17,18,25,26,27,28,35,36,37
1340,6,7,15,16,17,18,25,26,27,28,35,36,37
1341,6,7,15,16,17,18,25,26,27,28,35,36,37
1342,6,7,15,16,17,18,25,26,27,28,35,36,37
1343,6,7,15,16,17,18,25,26,27,28,35,36,37
1344,6,7,15,16,17,18,25,26,27,28,35,36,37
1345,6,7,15,16,17,18,25,26,27,28,35,36,37
1346,6,7,15,16,17,18,25,26,27,28,35,36,37
1347,6,7,15,16,17,18,25,26,27,28,35,36,37
1348,6,7,15,16,17,18,25,26,27,28,35,36,37
1349,6,7,15,16,17,18,25,26,27,28,35,36,37
1350,6,7,15,16,17,18,25,26,27,28,35,36,37
1351,6,7,15,16,17,18,25,26,27,28,35,36,37
1352,6,7,15,16,17,18,25,26,27,28,35,36,37
1353,6,7,15,16,17,18,25,26,27,28,35,36,37
1354,6,7,15,16,17,18,25,26,27,28,35,36,37
1355,6,7,15,16,17,25,26,27,35,36,37
1356,6,7,15,16,17,25,26,27,35,36,37
1357,6,7,15,16,17,25,26,27,35,36,37
1358,6,7,15,16,17,25,26,27,35,36,37
1359,5,6,7,15,16,17,25,26,27,35,36,37
1360,5,6,7,15,16,17,25,26,27,35,36,37
1361,5,6,7,15,16,17,25,26,27,35,36,37
1362,5,6,7,15,16,17,25,26,27,35,36,37
1363,5,6,7,14,15,16,17,24,25,26,27,35,36,37
1364,5,6,7,14,15,16,17,24,25,26,27,35,36,37
1365,5,6,7,14,15,16,17,24,25,26,27,35,36,37
1366,5,6,7,14,15,16,17,24,25,26,27,35,36,37
1367,5,6,7,14,15,16,17,24,25,26,27,35,36,37
1368,5,6,7,14,15,16,17,24,25,26,27,35,36,37
1369,5,6,7,14,15,16,17,24,25,26,27,35,36,37
1370,5,6,7,14,15,16,17,24,25,26,27,35,36,37
1371,5,6,7,14,15,16,17,24,25,26,27,35,36,37
1372,5,6,7,14,15,16,17,24,25,26,27,35,36,37
1373,5,6,7,14,15,16,17,24,25,26,27,35,36,37
1374,5,6,7,14,15,16,17,24,25,26,27,35,36,37
1375,5,6,7,14,15,16,17,24,25,26,27,35,36,37
1376,5,6,7,14,15,16,17,24,25,26,27,35,36,37
1377,5,6,7,14,15,16,17,24,25,26,27,35,36,37
1378,5,6,7,14,15,16,17,24,25,26,27,35,36,37
1379,5,6,14,15,16,17,24,25,26,27,34,35,36
1380,5,6,14,15,16,17,24,25,26,27,34,35,36
1381,5,6,14,15,16,17,24,25,26,27,34,35,36
1382,5,6,14,15,16,17,24,25,26,27,34,35,36
1383,5,6,14,15,16,24,25,26,34,35,36
1384,5,6,14,15,16,24,25,26,34,35,36
1385,4,5,6,13,14,15,16,23,24,25,26,34,35,36
1386,4,5,6,13,14,15,16,23,24,25,26,34,35,36
1387,4,5,6,13,14,15,16,23,24,25,26,34,35,36
1388,4,5,6,13,14,15,16,23,24,25,26,34,35,36
1389,4,5,6,13,14,15,16,23,24,25,26,34,35,36
1390,4,5,6,13,14,15,16,23,24,25,26,34,35,36
1391,4,5,6,13,14,15,16,23,24,25,26,34,35,36
1392,4,5,6,13,14,15,16,23,24,25,26,34,35,36
1393,4,5,6,13,14,15,16,23,24,25,26,34,35,36
1394,4,5,6,13,14,15,16,23,24,25,26,34,35,36
1395,4,5,6,13,14,15,16,23,24,25,26,34,35,36
1396,4,5,6,13,14,15,16,23,24,25,26,34,35,36
1397,4,5,6,13,14,15,16,23,24,25,26,34,35,36
1398,4,5,6,13,14,15,16,23,24,25,26,34,35,36
1399,4,5,6,14,15,16,24,25,26,34,35,36
1400,4,5,6,14,15,16,24,25,26,34,35,36
1401,4,5,6,14,15,16,24,25,26,34,35,36
1402,4,5,6,14,15,16,24,25,26,34,35,36
1403,4,5,6,14,15,16,24,25,26,34,35,36
1404,4,5,6,14,15,16,24,25,26,34,35,36
1405,4,5,6,14,15,16,24,25,26,34,35,36
1406,4,5,6,14,15,16,24,25,26,34,35,36
1407,4,5,6,14,15,16,24,25,26,34,35,36
1408,4,5,6,14,15,16,24,25,26,34,35,36
1409,4,5,6,14,15,16,17,24,25,26,27,34,35,36
1410,4,5,6,14,15,16,17,24,25,26,27,34,35,36
1411,5,6,14,15,16,17,24,25,26,27,34,35,36
1412,5,6,14,15,16,17,24,25,26,27,34,35,36
1413,5,6,14,15,16,17,24,25,26,27,34,35,36
1414,5,6,14,15,16,17,24,25,26,27,34,35,36
1415,5,6,14,15,16,17,24,25,26,27,34,35,36,37
1416,5,6,14,15,16,17,24,25,26,27,34,35,36,37
1417,6,14,15,16,17,24,25,26,27,35,36,37
1418,6,14,15,16,17,24,25,26,27,35,36,37
1419,6,15,16,17,25,26,27,35,36,37
1420,6,15,16,17,25,26,27,35,36,37
1421,6,7,15,16,17,25,26,27,28,35,36,37
1422,6,7,15,16,17,25,26,27,28,35,36,37
1423,6,7,15,16,17,18,25,26,27,28,35,36,37
1424,6,7,15,16,17,18,25,26,27,28,35,36,37
1425,6,7,15,16,17,18,25,26,27,28,35,36,37,38
1426,6,7,15,16,17,18,25,26,27,28,35,36,37,38
1427,6,7,15,16,17,18,25,26,27,28,35,36,37,38
1428,6,7,15,16,17,18,25,26,27,28,35,36,37,38
1429,6,7,15,16,17,18,25,26,27,28,35,36,37,38
1430,6,7,15,16,17,18,25,26,27,28,35,36,37,38
1431,6,7,15,16,17,18,25,26,27,28,35,36,37,38
1432,6,7,15,16,17,18,25,26,27,28,35,36,37,38
1433,7,15,16,17,18,25,26,27,28,35,36,37,38
1434,7,15,16,17,18,25,26,27,28,35,36,37,38
1435,7,15,16,17,18,25,26,27,28,35,36,37,38
1436,7,15,16,17,18,25,26,27,28,35,36,37,38
1437,7,15,16,17,18,25,26,27,28,35,36,37,38
1438,7,15,16,17,18,25,26,27,28,35,36,37,38
1439,7,15,16,17,18,25,26,27,28,36,37,38
1440,7,15,16,17,18,25,26,27,28,36,37,38
1441,7,15,16,17,18,25,26,27,28,36,37,38
1442,7,15,16,17,18,25,26,27,28,36,37,38
1443,7,15,16,17,18,25,26,27,28,36,37,38
1444,7,15,16,17,18,25,26,27,28,36,37,38
1445,7,8,15,16,17,18,25,26,27,28,36,37,38
1446,7,8,15,16,17,18,25,26,27,28,36,37,38
1447,7,8,15,16,17,18,25,26,27,28,36,37,38
1448,7,8,15,16,17,18,25,26,27,28,36,37,38
1449,7,8,15,16,17,18,25,26,27,28,36,37,38
1450,7,8,15,16,17,18,25,26,27,28,36,37,38
1451,7,8,15,16,17,18,25,26,27,28,36,37,38
1452,7,8,15,16,17,18,25,26,27,28,36,37,38
1453,7,8,16,17,18,25,26,27,28,36,37,38
1454,7,8,16,17,18,25,26,27,28,36,37,38
1455,7,8,16,17,18,25,26,27,28,36,37,38
1456,7,8,16,17,18,25,26,27,28,36,37,38
1457,7,8,16,17,18,25,26,27,28,36,37,38
1458,7,8,16,17,18,25,26,27,28,36,37,38
1459,6,7,8,15,16,17,18,25,26,27,28,36,37,38
1460,6,7,8,15,16,17,18,25,26,27,28,36,37,38
1461,6,7,8,15,16,17,18,25,26,27,28,36,37,38
1462,6,7,8,15,16,17,18,25,26,27,28,36,37,38
1463,6,7,8,15,16,17,18,25,26,27,28,36,37,38
1464,6,7,8,15,16,17,18,25,26,27,28,36,37,38
1465,6,7,8,15,16,17,18,25,26,27,28,36,37,38
1466,6,7,8,15,16,17,18,25,26,27,28,36,37,38
1467,6,7,8,15,16,17,18,25,26,27,28,36,37,38
1468,6,7,8,15,16,17,18,25,26,27,28,36,37,38
1469,6,7,8,15,16,17,18,25,26,27,28,36,37,38
1470,6,7,8,15,16,17,18,25,26,27,28,36,37,38
1471,6,7,8,15,16,17,18,25,26,27,28,36,37,38
1472,6,7,8,15,16,17,18,25,26,27,28,36,37,38
1473,6,7,8,15,16,17,18,25,26,27,28,36,37,38
1474,6,7,8,15,16,17,18,25,26,27,28,36,37,38
1475,6,7,8,15,16,17,18,25,26,27,28,36,37,38
1476,6,7,8,15,16,17,18,25,26,27,28,36,37,38
1477,6,7,8,15,16,17,18,25,26,27,28,36,37,38
1478,6,7,8,15,16,17,18,25,26,27,28,36,37,38
1479,6,7,8,15,16,17,18,25,26,27,28,36,37,38
1480,6,7,8,15,16,17,18,25,26,27,28,36,37,38
1481,6,7,8,15,16,17,18,25,26,27,28,36,37,38
1482,6,7,8,15,16,17,18,25,26,27,28,36,37,38
1483,6,7,8,15,16,17,18,25,26,27,28,36,37,38
1484,6,7,8,15,16,17,18,25,26,27,28,36,37,38
1485,6,7,8,15,16,17,18,25,26,27,28,36,37,38
1486,6,7,8,15,16,17,18,25,26,27,28,36,37,38
1487,6,7,8,15,16,17,18,25,26,27,28,36,37,38
1488,6,7,8,15,16,17,18,25,26,27,28,36,37,38
1489,6,7,8,15,16,17,18,25,26,27,28,36,37,38
1490,6,7,8,15,16,17,18,25,26,27,28,36,37,38
1491,6,7,8,15,16,17,18,25,26,27,28,36,37,38
1492,6,7,8,15,16,17,18,25,26,27,28,36,37,38
1493,6,7,8,15,16,17,18,25,26,27,28,36,37,38
1494,6,7,8,15,16,17,18,25,26,27,28,36,37,38
1495,6,7,8,15,16,17,18,25,26,27,28,36,37,38
1496,6,7,8,15,16,17,18,25,26,27,28,36,37,38
1497,6,7,8,15,16,17,18,25,26,27,28,36,37,38
1498,6,7,8,15,16,17,18,25,26,27,28,36,37,38
1499,6,7,8,15,16,17,18,25,26,27,28,36,37,38
1500,6,7,8,15,16,17,18,25,26,27,28,36,37,38
1501,6,7,8,15,16,17,18,25,26,27,28,36,37,38
1502,6,7,8,15,16,17,18,25,26,27,28,36,37,38
1503,6,7,8,15,16,17,18,25,26,27,28,36,37,38
1504,6,7,8,15,16,17,18,25,26,27,28,36,37,38
1505,6,7,8,15,16,17,18,25,26,27,28,36,37,38
1506,6,7,8,15,16,17,18,25,26,27,28,36,37,38
1507,6,7,8,15,16,17,18,25,26,27,28,36,37,38
1508,6,7,8,15,16,17,18,25,26,27,28,36,37,38
1509,6,7,8,15,16,17,18,25,26,27,28,36,37,38
1510,6,7,8,15,16,17,18,25,26,27,28,36,37,38
1511,6,7,8,15,16,17,18,25,26,27,28,36,37,38
1512,6,7,8,15,16,17,18,25,26,27,28,36,37,38
1513,6,7,8,15,16,17,18,25,26,27,28,36,37,38
1514,6,7,8,15,16,17,18,25,26,27,28,36,37,38
1515,6,7,8,15,16,17,18,25,26,27,28,36,37,38
1516,6,7,8,15,16,17,18,25,26,27,28,36,37,38
1517,6,7,8,15,16,17,18,25,26,27,28,36,37,38
1518,6,7,8,15,16,17,18,25,26,27,28,36,37,38
1519,6,7,8,15,16,17,18,25,26,27,28,36,37,38
1520,6,7,8,15,16,17,18,25,26,27,28,36,37,38
1521,6,7,8,15,16,17,18,25,26,27,28,36,37,38
1522,6,7,8,15,16,17,18,25,26,27,28,36,37,38
1523,6,7,15,16,17,18,25,26,27,28,35,36,37
1524,6,7,15,16,17,18,25,26,27,28,35,36,37
1525,6,7,15,16,17,18,25,26,27,28,35,36,37
1526,6,7,15,16,17,18,25,26,27,28,35,36,37
1527,6,7,15,16,17,18,25,26,27,28,35,36,37
1528,6,7,15,16,17,18,25,26,27,28,35,36,37
1529,6,7,15,16,17,18,25,26,27,28,35,36,37
1530,6,7,15,16,17,18,25,26,27,28,35,36,37
1531,6,7,15,16,17,25,26,27,35,36,37
1532,6,7,15,16,17,25,26,27,35,36,37
1533,6,7,15,16,17,24,25,26,27,35,36,37
1534,6,7,15,16,17,24,25,26,27,35,36,37
1535,6,14,15,16,17,24,25,26,27,35,36,37
1536,6,14,15,16,17,24,25,26,27,35,36,37
1537,6,14,15,16,17,24,25,26,27,35,36,37
1538,6,14,15,16,17,24,25,26,27,35,36,37
1539,6,14,15,16,17,24,25,26,27,34,35,36,37
1540,6,14,15,16,17,24,25,26,27,34,35,36,37
1541,5,6,14,15,16,17,24,25,26,27,34,35,36,37
1542,5,6,14,15,16,17,24,25,26,27,34,35,36,37
1543,5,6,14,15,16,17,24,25,26,27,34,35,36
1544,5,6,14,15,16,17,24,25,26,27,34,35,36
1545,5,6,14,15,16,24,25,26,34,35,36
1546,5,6,14,15,16,24,25,26,34,35,36
1547,5,14,15,16,23,24,25,26,34,35,36
1548,5,14,15,16,23,24,25,26,34,35,36
1549,5,13,14,15,16,23,24,25,26,34,35,36
1550,5,13,14,15,16,23,24,25,26,34,35,36
1551,5,13,14,15,16,23,24,25,26,33,34,35,36
1552,5,13,14,15,16,23,24,25,26,33,34,35,36
1553,4,5,13,14,15,16,23,24,25,26,33,34,35,36
1554,4,5,13,14,15,16,23,24,25,26,33,34,35,36
1555,4,5,13,14,15,16,23,24,25,26,33,34,35,36
1556,4,5,13,14,15,16,23,24,25,26,33,34,35,36
1557,4,5,13,14,15,16,23,24,25,26,33,34,35
1558,4,5,13,14,15,16,23,24,25,26,33,34,35
1559,4,5,13,14,15,23,24,25,33,34,35
1560,4,5,13,14,15,23,24,25,33,34,35
1561,4,5,13,14,15,23,24,25,33,34,35
1562,4,5,13,14,15,23,24,25,33,34,35
1563,3,4,5,12,13,14,15,22,23,24,25,33,34,35
1564,3,4,5,12,13,14,15,22,23,24,25,33,34,35
1565,3,4,12,13,14,15,22,23,24,25,33,34,35
1566,3,4,12,13,14,15,22,23,24,25,33,34,35
1567,3,4,12,13,14,15,22,23,24,25,32,33,34,35
1568,3,4,12,13,14,15,22,23,24,25,32,33,34,35
1569,3,4,12,13,14,15,22,23,24,25,32,33,34,35
1570,3,4,12,13,14,15,22,23,24,25,32,33,34,35
1571,3,4,12,13,14,15,22,23,24,25,32,33,34,35
1572,3,4,12,13,14,15,22,23,24,25,32,33,34,35
1573,3,4,12,13,14,15,22,23,24,25,32,33,34,35
1574,3,4,12,13,14,15,22,23,24,25,32,33,34,35
1575,3,4,12,13,14,15,22,23,24,25,32,33,34,35
1576,3,4,12,13,14,15,22,23,24,25,32,33,34,35
1577,3,4,12,13,14,15,22,23,24,25,32,33,34
1578,3,4,12,13,14,15,22,23,24,25,32,33,34
1579,3,4,12,13,14,15,22,23,24,25,32,33,34
1580,3,4,12,13,14,15,22,23,24,25,32,33,34
1581,3,4,12,13,14,15,22,23,24,25,32,33,34
1582,3,4,12,13,14,15,22,23,24,25,32,33,34
1583,3,4,12,13,14,15,22,23,24,25,32,33,34
1584,3,4,12,13,14,15,22,23,24,25,32,33,34
1585,3,4,12,13,14,15,22,23,24,25,32,33,34
1586,3,4,12,13,14,15,22,23,24,25,32,33,34
1587,3,4,12,13,14,15,22,23,24,25,32,33,34
1588,3,4,12,13,14,15,22,23,24,25,32,33,34
1589,3,4,12,13,14,15,22,23,24,25,32,33,34
1590,3,4,12,13,14,15,22,23,24,25,32,33,34
1591,3,4,12,13,14,15,22,23,24,25,32,33,34
1592,3,4,12,13,14,15,22,23,24,25,32,33,34
1593,3,4,12,13,14,15,22,23,24,25,32,33,34
1594,3,4,12,13,14,15,22,23,24,25,32,33,34
1595,3,4,12,13,14,15,22,23,24,25,32,33,34
1596,3,4,12,13,14,15,22,23,24,25,32,33,34
1597,3,4,12,13,14,15,22,23,24,25,32,33,34
1598,3,4,12,13,14,15,22,23,24,25,32,33,34
1599,3,4,12,13,14,15,22,23,24,25,32,33,34
1600,3,4,12,13,14,15,22,23,24,25,32,33,34
1601,3,4,12,13,14,15,22,23,24,25,32,33,34
1602,3,4,12,13,14,15,22,23,24,25,32,33,34
1603,3,4,12,13,14,15,22,23,24,25,32,33,34
1604,3,4,12,13,14,15,22,23,24,25,32,33,34
1605,3,4,12,13,14,15,22,23,24,25,32,33,34
1606,3,4,12,13,14,15,22,23,24,25,32,33,34
1607,3,4,12,13,14,15,22,23,24,25,32,33,34
1608,3,4,12,13,14,15,22,23,24,25,32,33,34
1609,3,4,12,13,14,15,22,23,24,25,32,33,34
1610,3,4,12,13,14,15,22,23,24,25,32,33,34
1611,3,4,12,13,14,15,22,23,24,25,32,33,34
1612,3,4,12,13,14,15,22,23,24,25,32,33,34
1613,3,4,12,13,14,15,22,23,24,25,32,33,34
1614,3,4,12,13,14,15,22,23,24,25,32,33,34
1615,3,4,12,13,14,15,22,23,24,25,32,33,34
1616,3,4,12,13,14,15,22,23,24,25,32,33,34
1617,3,4,12,13,14,15,22,23,24,25,32,33,34
1618,3,4,12,13,14,15,22,23,24,25,32,33,34
1619,3,4,12,13,14,15,22,23,24,25,32,33,34
1620,3,4,12,13,14,15,22,23,24,25,32,33,34
1621,3,4,12,13,14,15,22,23,24,25,32,33,34
1622,3,4,12,13,14,15,22,23,24,25,32,33,34
1623,3,4,12,13,14,15,22,23,24,25,32,33,34,35
1624,3,4,12,13,14,15,22,23,24,25,32,33,34,35
1625,4,12,13,14,15,22,23,24,25,32,33,34,35
1626,4,12,13,14,15,22,23,24,25,32,33,34,35
1627,4,12,13,14,15,22,23,24,25,33,34,35
1628,4,12,13,14,15,22,23,24,25,33,34,35
1629,13,14,15,22,23,24,25,33,34,35
1630,13,14,15,22,23,24,25,33,34,35
1631,13,14,15,23,24,25,33,34,35,44
1632,13,14,15,23,24,25,33,34,35,44
1633,13,14,15,23,24,25,33,34,35,44
1634,13,14,15,23,24,25,33,34,35,44
1635,13,14,15,23,24,25,33,34,35
1636,13,14,15,23,24,25,33,34,35
1637,13,14,15,23,24,25,26,33,34,35
1638,13,14,15,23,24,25,26,33,34,35
1639,13,14,15,23,24,25,26,33,34,35
1640,13,14,15,23,24,25,26,33,34,35
1641,13,14,15,16,23,24,25,26,33,34,35,36
1642,13,14,15,16,23,24,25,26,33,34,35,36
1643,13,14,15,16,23,24,25,26,33,34,35,36
1644,13,14,15,16,23,24,25,26,33,34,35,36
1645,14,15,16,23,24,25,26,34,35,36
1646,14,15,16,23,24,25,26,34,35,36
1647,5,14,15,16,24,25,26,27,34,35,36
1648,5,14,15,16,24,25,26,27,34,35,36
1649,5,6,14,15,16,17,24,25,26,27,34,35,36,37
1650,5,6,14,15,16,17,24,25,26,27,34,35,36,37
1651,5,6,14,15,16,17,24,25,26,27,34,35,36,37
1652,5,6,14,15,16,17,24,25,26,27,34,35,36,37
1653,5,6,14,15,16,17,24,25,26,27,34,35,36,37
1654,5,6,14,15,16,17,24,25,26,27,34,35,36,37
1655,5,6,14,15,16,17,24,25,26,27,34,35,36,37
1656,5,6,14,15,16,17,24,25,26,27,34,35,36,37
1657,5,6,14,15,16,17,24,25,26,27,35,36,37
1658,5,6,14,15,16,17,24,25,26,27,35,36,37
1659,5,6,7,14,15,16,17,24,25,26,27,35,36,37
1660,5,6,7,14,15,16,17,24,25,26,27,35,36,37
1661,5,6,7,14,15,16,17,24,25,26,27,35,36,37
1662,5,6,7,14,15,16,17,24,25,26,27,35,36,37
1663,5,6,7,14,15,16,17,24,25,26,27,35,36,37
1664,5,6,7,14,15,16,17,24,25,26,27,35,36,37
1665,5,6,7,14,15,16,17,24,25,26,27,35,36,37
1666,5,6,7,14,15,16,17,24,25,26,27,35,36,37
1667,6,7,15,16,17,25,26,27,35,36,37
1668,6,7,15,16,17,25,26,27,35,36,37
1669,6,7,15,16,17,18,25,26,27,28,35,36,37
1670,6,7,15,16,17,18,25,26,27,28,35,36,37
1671,6,7,15,16,17,18,25,26,27,28,35,36,37
1672,6,7,15,16,17,18,25,26,27,28,35,36,37
1673,6,7,15,16,17,18,25,26,27,28,35,36,37
1674,6,7,15,16,17,18,25,26,27,28,35,36,37
1675,6,7,15,16,17,18,25,26,27,28,35,36,37,38
1676,6,7,15,16,17,18,25,26,27,28,35,36,37,38
1677,7,15,16,17,18,25,26,27,28,35,36,37,38
1678,7,15,16,17,18,25,26,27,28,35,36,37,38
1679,7,15,16,17,18,25,26,27,28,35,36,37,38
1680,7,15,16,17,18,25,26,27,28,35,36,37,38
1681,7,15,16,17,18,25,26,27,28,35,36,37,38
1682,7,15,16,17,18,25,26,27,28,35,36,37,38
1683,7,15,16,17,18,25,26,27,28,35,36,37,38
1684,7,15,16,17,18,25,26,27,28,35,36,37,38
1685,6,7,15,16,17,18,25,26,27,28,35,36,37,38
1686,6,7,15,16,17,18,25,26,27,28,35,36,37,38
1687,6,7,15,16,17,18,25,26,27,28,35,36,37,38
1688,6,7,15,16,17,18,25,26,27,28,35,36,37,38
1689,6,7,15,16,17,18,25,26,27,28,35,36,37,38
1690,6,7,15,16,17,18,25,26,27,28,35,36,37,38
1691,6,7,15,16,17,18,25,26,27,28,35,36,37,38
1692,6,7,15,16,17,18,25,26,27,28,35,36,37,38
1693,6,7,15,16,17,18,25,26,27,28,36,37,38
1694,6,7,15,16,17,18,25,26,27,28,36,37,38
1695,6,7,8,15,16,17,18,25,26,27,28,36,37,38
1696,6,7,8,15,16,17,18,25,26,27,28,36,37,38
1697,6,7,8,15,16,17,18,25,26,27,28,36,37,38
1698,6,7,8,15,16,17,18,25,26,27,28,36,37,38
1699,6,7,8,15,16,17,18,25,26,27,28,36,37,38
1700,6,7,8,15,16,17,18,25,26,27,28,36,37,38
1701,6,7,8,15,16,17,18,25,26,27,28,36,37,38
1702,6,7,8,15,16,17,18,25,26,27,28,36,37,38
1703,6,7,8,15,16,17,18,25,26,27,28,36,37,38
1704,6,7,8,15,16,17,18,25,26,27,28,36,37,38
1705,6,7,8,15,16,17,18,25,26,27,28,36,37,38
1706,6,7,8,15,16,17,18,25,26,27,28,36,37,38
1707,6,7,8,15,16,17,18,25,26,27,28,36,37,38
1708,6,7,8,15,16,17,18,25,26,27,28,36,37,38
1709,6,7,8,15,16,17,18,25,26,27,28,36,37,38
1710,6,7,8,15,16,17,18,25,26,27,28,36,37,38
1711,6,7,8,15,16,17,18,25,26,27,28,36,37,38
1712,6,7,8,15,16,17,18,25,26,27,28,36,37,38
1713,6,7,8,15,16,17,18,25,26,27,28,36,37,38
1714,6,7,8,15,16,17,18,25,26,27,28,36,37,38
1715,6,7,8,15,16,17,18,25,26,27,28,36,37,38
1716,6,7,8,15,16,17,18,25,26,27,28,36,37,38
1717,6,7,8,15,16,17,18,25,26,27,28,36,37,38
1718,6,7,8,15,16,17,18,25,26,27,28,36,37,38
1719,6,7,15,16,17,18,25,26,27,28,35,36,37,38
1720,6,7,15,16,17,18,25,26,27,28,35,36,37,38
1721,6,7,15,16,17,18,25,26,27,28,35,36,37,38
1722,6,7,15,16,17,18,25,26,27,28,35,36,37,38
1723,6,7,15,16,17,18,25,26,27,28,35,36,37
1724,6,7,15,16,17,18,25,26,27,28,35,36,37
1725,6,7,15,16,17,18,25,26,27,28,35,36,37
1726,6,7,15,16,17,18,25,26,27,28,35,36,37
1727,6,7,15,16,17,18,25,26,27,28,35,36,37
1728,6,7,15,16,17,18,25,26,27,28,35,36,37
1729,6,7,15,16,17,18,25,26,27,28,35,36,37
1730,6,7,15,16,17,18,25,26,27,28,35,36,37
1731,6,7,15,16,17,18,25,26,27,28,35,36,37
1732,6,7,15,16,17,18,25,26,27,28,35,36,37
1733,6,7,15,16,17,25,26,27,35,36,37
1734,6,7,15,16,17,25,26,27,35,36,37
1735,6,7,15,16,17,25,26,27,35,36,37
1736,6,7,15,16,17,25,26,27,35,36,37
1737,6,7,14,15,16,17,24,25,26,27,35,36,37
1738,6,7,14,15,16,17,24,25,26,27,35,36,37
1739,6,7,14,15,16,17,24,25,26,27,35,36,37
1740,6,7,14,15,16,17,24,25,26,27,35,36,37
1741,5,6,7,14,15,16,17,24,25,26,27,35,36,37
1742,5,6,7,14,15,16,17,24,25,26,27,35,36,37
1743,5,6,7,14,15,16,17,24,25,26,27,35,36,37
1744,5,6,7,14,15,16,17,24,25,26,27,35,36,37
1745,5,6,7,14,15,16,17,24,25,26,27,35,36,37
1746,5,6,7,14,15,16,17,24,25,26,27,35,36,37
1747,5,6,14,15,16,17,24,25,26,27,35,36,37
1748,5,6,14,15,16,17,24,25,26,27,35,36,37
1749,5,6,14,15,16,17,24,25,26,27,35,36,37
1750,5,6,14,15,16,17,24,25,26,27,35,36,37
1751,5,6,14,15,16,17,24,25,26,27,34,35,36,37
1752,5,6,14,15,16,17,24,25,26,27,34,35,36,37
1753,5,6,14,15,16,17,24,25,26,27,34,35,36,37
1754,5,6,14,15,16,17,24,25,26,27,34,35,36,37
1755,5,6,14,15,16,17,24,25,26,27,34,35,36
1756,5,6,14,15,16,17,24,25,26,27,34,35,36
1757,5,6,14,15,16,17,24,25,26,27,34,35,36
1758,5,6,14,15,16,17,24,25,26,27,34,35,36
1759,5,6,14,15,16,17,24,25,26,27,34,35,36
1760,5,6,14,15,16,17,24,25,26,27,34,35,36
1761,5,6,14,15,16,17,24,25,26,27,34,35,36
1762,5,6,14,15,16,17,24,25,26,27,34,35,36
1763,5,6,14,15,16,17,24,25,26,27,34,35,36
1764,5,6,14,15,16,17,24,25,26,27,34,35,36
1765,5,6,14,15,16,17,24,25,26,27,34,35,36
1766,5,6,14,15,16,17,24,25,26,27,34,35,36
1767,5,6,7,14,15,16,17,24,25,26,27,34,35,36
1768,5,6,7,14,15,16,17,24,25,26,27,34,35,36
1769,4,5,6,7,14,15,16,17,24,25,26,27,34,35,36
1770,4,5,6,7,14,15,16,17,24,25,26,27,34,35,36
1771,4,5,6,7,14,15,16,17,24,25,26,27,34,35,36
1772,4,5,6,7,14,15,16,17,24,25,26,27,34,35,36
1773,4,5,6,7,14,15,16,17,24,25,26,27,34,35,36
1774,4,5,6,7,14,15,16,17,24,25,26,27,34,35,36
1775,4,5,6,7,14,15,16,17,24,25,26,27,34,35,36
1776,4,5,6,7,14,15,16,17,24,25,26,27,34,35,36
1777,5,6,7,14,15,16,17,24,25,26,27,34,35,36
1778,5,6,7,14,15,16,17,24,25,26,27,34,35,36
1779,5,6,7,14,15,16,17,24,25,26,27,34,35,36
1780,5,6,7,14,15,16,17,24,25,26,27,34,35,36
1781,5,6,7,14,15,16,17,24,25,26,27,34,35,36
1782,5,6,7,14,15,16,17,24,25,26,27,34,35,36
1783,5,6,14,15,16,17,24,25,26,27,34,35,36
1784,5,6,14,15,16,17,24,25,26,27,34,35,36
1785,5,6,14,15,16,17,24,25,26,27,34,35,36
1786,5,6,14,15,16,17,24,25,26,27,34,35,36
1787,5,6,14,15,16,17,24,25,26,27,34,35,36
1788,5,6,14,15,16,17,24,25,26,27,34,35,36
1789,5,6,14,15,16,17,24,25,26,27,34,35,36
1790,5,6,14,15,16,17,24,25,26,27,34,35,36
1791,5,6,14,15,16,17,24,25,26,27,34,35,36
1792,5,6,14,15,16,17,24,25,26,27,34,35,36
1793,5,6,14,15,16,17,24,25,26,27,34,35,36
1794,5,6,14,15,16,17,24,25,26,27,34,35,36
1795,5,6,14,15,16,17,24,25,26,27,34,35,36,37
1796,5,6,14,15,16,17,24,25,26,27,34,35,36,37
1797,5,6,14,15,16,17,24,25,26,27,34,35,36,37
1798,5,6,14,15,16,17,24,25,26,27,34,35,36,37
1799,5,6,14,15,16,17,24,25,26,27,34,35,36,37
1800,5,6,14,15,16,17,24,25,26,27,34,35,36,37
