1,14,15,16,17,24,25,26,27,34,35,36,37
2,14,15,16,17,24,25,26,27,34,35,36,37
3,6,14,15,16,17,24,25,26,27,34,35,36,37
4,6,14,15,16,17,24,25,26,27,34,35,36,37
5,6,14,15,16,17,24,25,26,27,34,35,36,37
6,6,14,15,16,17,24,25,26,27,34,35,36,37
7,6,14,15,16,17,24,25,26,27,34,35,36,37
8,6,14,15,16,17,24,25,26,27,34,35,36,37
9,6,14,15,16,17,24,25,26,27,34,35,36,37
10,6,14,15,16,17,24,25,26,27,34,35,36,37
11,6,14,15,16,17,24,25,26,27,34,35,36,37
12,6,14,15,16,17,24,25,26,27,34,35,36,37
13,6,14,15,16,17,24,25,26,27,34,35,36,37
14,6,14,15,16,17,24,25,26,27,34,35,36,37
15,6,14,15,16,17,24,25,26,27,34,35,36,37
16,6,14,15,16,17,24,25,26,27,34,35,36,37
17,6,14,15,16,17,24,25,26,27,34,35,36,37
18,6,14,15,16,17,24,25,26,27,34,35,36,37
19,6,14,15,16,17,24,25,26,27,35,36,37
20,6,14,15,16,17,24,25,26,27,35,36,37
21,6,7,14,15,16,17,24,25,26,27,35,36,37
22,6,7,14,15,16,17,24,25,26,27,35,36,37
23,6,7,14,15,16,17,24,25,26,27,35,36,37
24,6,7,14,15,16,17,24,25,26,27,35,36,37
25,6,7,15,16,17,25,26,27,35,36,37
26,6,7,15,16,17,25,26,27,35,36,37
27,6,7,15,16,17,25,26,27,35,36,37
28,6,7,15,16,17,25,26,27,35,36,37
29,6,7,15,16,17,18,25,26,27,28,35,36,37
30,6,7,15,16,17,18,25,26,27,28,35,36,37
31,6,7,15,16,17,18,25,26,27,28,35,36,37
32,6,7,15,16,17,18,25,26,27,28,35,36,37
33,6,7,15,16,17,18,25,26,27,28,35,36,37,38
34,6,7,15,16,17,18,25,26,27,28,35,36,37,38
35,6,7,15,16,17,18,25,26,27,28,36,37,38
36,6,7,15,16,17,18,25,26,27,28,36,37,38
37,6,7,15,16,17,18,25,26,27,28,36,37,38
38,6,7,15,16,17,18,25,26,27,28,36,37,38
39,6,7,8,15,16,17,18,25,26,27,28,36,37,38
40,6,7,8,15,16,17,18,25,26,27,28,36,37,38
41,6,7,8,15,16,17,18,25,26,27,28,36,37,38
42,6,7,8,15,16,17,18,25,26,27,28,36,37,38
43,6,7,8,15,16,17,18,25,26,27,28,36,37,38
44,6,7,8,15,16,17,18,25,26,27,28,36,37,38
45,6,7,8,15,16,17,18,25,26,27,28,36,37,38
46,6,7,8,15,16,17,18,25,26,27,28,36,37,38
47,6,7,15,16,17,18,25,26,27,28,35,36,37,38
48,6,7,15,16,17,18,25,26,27,28,35,36,37,38
49,6,7,15,16,17,18,25,26,27,28,35,36,37,38
50,6,7,15,16,17,18,25,26,27,28,35,36,37,38
51,6,7,15,16,17,18,25,26,27,28,35,36,37
52,6,7,15,16,17,18,25,26,27,28,35,36,37
53,6,7,15,16,17,25,26,27,35,36,37
54,6,7,15,16,17,25,26,27,35,36,37
55,6,14,15,16,17,24,25,26,27,35,36,37
56,6,14,15,16,17,24,25,26,27,35,36,37
57,5,6,14,15,16,17,24,25,26,27,34,35,36,37
58,5,6,14,15,16,17,24,25,26,27,34,35,36,37
59,5,6,14,15,16,17,24,25,26,27,34,35,36,37
60,5,6,14,15,16,17,24,25,26,27,34,35,36,37
61,5,6,14,15,16,17,24,25,26,27,34,35,36
62,5,6,14,15,16,17,24,25,26,27,34,35,36
63,5,6,14,15,16,17,24,25,26,27,34,35,36
64,5,6,14,15,16,17,24,25,26,27,34,35,36
65,4,5,6,14,15,16,24,25,26,34,35,36
66,4,5,6,14,15,16,24,25,26,34,35,36
67,4,5,6,13,14,15,16,24,25,26,34,35,36
68,4,5,6,13,14,15,16,24,25,26,34,35,36
69,3,4,5,6,13,14,15,16,23,24,25,26,34,35,36
70,3,4,5,6,13,14,15,16,23,24,25,26,34,35,36
71,3,4,5,6,13,14,15,16,23,24,25,26,34,35
72,3,4,5,6,13,14,15,16,23,24,25,26,34,35
73,3,4,5,6,7,13,14,15,16,17,23,24,25,26,34,35
74,3,4,5,6,7,13,14,15,16,17,23,24,25,26,34,35
75,3,4,5,6,7,13,14,15,16,17,23,24,25,26
76,3,4,5,6,7,13,14,15,16,17,23,24,25,26
77,1,2,3,4,5,6,7,8,9,10,13,14,15,16,17,23,24,25,26
78,1,2,3,4,5,6,7,8,9,10,13,14,15,16,17,23,24,25,26
79,1,2,3,4,5,6,7,8,9,10,13,14,15,16,17,24,25,26
80,1,2,3,4,5,6,7,8,9,10,13,14,15,16,17,24,25,26
81,1,2,3,4,5,6,7,8,9,10,13,14,15,16,17,24,25,26
82,1,2,3,4,5,6,7,8,9,10,13,14,15,16,17,24,25,26
83,1,2,3,4,5,6,7,8,9,10,13,14,15,16,17,24,25,26
84,1,2,3,4,5,6,7,8,9,10,13,14,15,16,17,24,25,26
85,1,2,3,4,5,6,7,8,9,10,13,14,15,16,17,24,25,26,27
86,1,2,3,4,5,6,7,8,9,10,13,14,15,16,17,24,25,26,27
87,3,4,5,6,7,13,14,15,16,17,24,25,26,27
88,3,4,5,6,7,13,14,15,16,17,24,25,26,27
89,3,4,5,6,7,13,14,15,16,17,23,24,25,26,35
90,3,4,5,6,7,13,14,15,16,17,23,24,25,26,35
91,3,4,5,6,13,14,15,16,23,24,25,26,34,35,36
92,3,4,5,6,13,14,15,16,23,24,25,26,34,35,36
93,4,5,6,13,14,15,16,23,24,25,26,34,35,36
94,4,5,6,13,14,15,16,23,24,25,26,34,35,36
95,4,5,6,13,14,15,16,23,24,25,26,34,35,36
96,4,5,6,13,14,15,16,23,24,25,26,34,35,36
97,4,5,6,13,14,15,16,23,24,25,26,34,35,36
98,4,5,6,13,14,15,16,23,24,25,26,34,35,36
99,5,13,14,15,16,23,24,25,26,33,34,35,36
100,5,13,14,15,16,23,24,25,26,33,34,35,36
101,13,14,15,16,23,24,25,26,33,34,35,36
102,13,14,15,16,23,24,25,26,33,34,35,36
103,13,14,15,16,23,24,25,26,33,34,35,36,44,45
104,13,14,15,16,23,24,25,26,33,34,35,36,44,45
105,13,14,15,16,23,24,25,26,33,34,35,36,44,45
106,13,14,15,16,23,24,25,26,33,34,35,36,44,45
107,13,14,15,16,23,24,25,26,33,34,35,36,44,45
108,13,14,15,16,23,24,25,26,33,34,35,36,44,45
109,13,14,15,16,23,24,25,26,33,34,35,36,44,45
110,13,14,15,16,23,24,25,26,33,34,35,36,44,45
111,13,14,15,16,23,24,25,26,33,34,35,36,44,45
112,13,14,15,16,23,24,25,26,33,34,35,36,44,45
113,13,14,15,16,23,24,25,26,33,34,35,36,44,45
114,13,14,15,16,23,24,25,26,33,34,35,36,44,45
115,13,14,15,16,23,24,25,26,33,34,35,36
116,13,14,15,16,23,24,25,26,33,34,35,36
117,5,13,14,15,16,23,24,25,26,33,34,35,36
118,5,13,14,15,16,23,24,25,26,33,34,35,36
119,4,5,13,14,15,16,23,24,25,26,33,34,35,36
120,4,5,13,14,15,16,23,24,25,26,33,34,35,36
121,4,5,13,14,15,16,23,24,25,26,33,34,35
122,4,5,13,14,15,16,23,24,25,26,33,34,35
123,4,5,13,14,15,23,24,25,33,34,35
124,4,5,13,14,15,23,24,25,33,34,35
125,4,5,13,14,15,23,24,25,33,34,35
126,4,5,13,14,15,23,24,25,33,34,35
127,4,5,12,13,14,15,22,23,24,25,33,34,35
128,4,5,12,13,14,15,22,23,24,25,33,34,35
129,3,4,5,12,13,14,15,22,23,24,25,33,34,35
130,3,4,5,12,13,14,15,22,23,24,25,33,34,35
131,3,4,5,12,13,14,15,22,23,24,25,33,34,35
132,3,4,5,12,13,14,15,22,23,24,25,33,34,35
133,3,4,5,12,13,14,15,22,23,24,25,33,34,35
134,3,4,5,12,13,14,15,22,23,24,25,33,34,35
135,3,4,5,12,13,14,15,22,23,24,25,33,34,35
136,3,4,5,12,13,14,15,22,23,24,25,33,34,35
137,3,4,5,12,13,14,15,22,23,24,25,33,34
138,3,4,5,12,13,14,15,22,23,24,25,33,34
139,2,3,4,5,12,13,14,15,22,23,24,25,33,34
140,2,3,4,5,12,13,14,15,22,23,24,25,33,34
141,2,3,4,5,12,13,14,15,22,23,24,25,33,34
142,2,3,4,5,12,13,14,15,22,23,24,25,33,34
143,2,3,4,5,12,13,14,15,22,23,24,25,33,34
144,2,3,4,5,12,13,14,15,22,23,24,25,33,34
145,2,3,4,5,12,13,14,15,22,23,24,25,33,34
146,2,3,4,5,12,13,14,15,22,23,24,25,33,34
147,2,3,4,5,12,13,14,15,22,23,24,25,33,34
148,2,3,4,5,12,13,14,15,22,23,24,25,33,34
149,2,3,4,5,12,13,14,15,22,23,24,25,33,34
150,2,3,4,5,12,13,14,15,22,23,24,25,33,34
151,3,4,5,12,13,14,15,22,23,24,25,33,34
152,3,4,5,12,13,14,15,22,23,24,25,33,34
153,3,4,5,12,13,14,15,22,23,24,25,33,34
154,3,4,5,12,13,14,15,22,23,24,25,33,34
155,3,4,5,12,13,14,15,22,23,24,25,33,34
156,3,4,5,12,13,14,15,22,23,24,25,33,34
157,2,3,4,5,12,13,14,15,22,23,24,25,33,34,35
158,2,3,4,5,12,13,14,15,22,23,24,25,33,34,35
159,2,3,4,5,12,13,14,15,22,23,24,25,33,34,35
160,2,3,4,5,12,13,14,15,22,23,24,25,33,34,35
161,3,4,5,12,13,14,15,22,23,24,25,33,34,35
162,3,4,5,12,13,14,15,22,23,24,25,33,34,35
163,3,4,5,12,13,14,15,22,23,24,25,33,34,35
164,3,4,5,12,13,14,15,22,23,24,25,33,34,35
165,3,4,5,13,14,15,23,24,25,33,34,35
166,3,4,5,13,14,15,23,24,25,33,34,35
167,4,5,13,14,15,16,23,24,25,26,33,34,35
168,4,5,13,14,15,16,23,24,25,26,33,34,35
169,4,5,13,14,15,16,23,24,25,26,33,34,35
170,4,5,13,14,15,16,23,24,25,26,33,34,35
171,4,5,13,14,15,16,23,24,25,26,33,34,35
172,4,5,13,14,15,16,23,24,25,26,33,34,35
173,4,5,13,14,15,16,23,24,25,26,33,34,35,36
174,4,5,13,14,15,16,23,24,25,26,33,34,35,36
175,4,5,13,14,15,16,23,24,25,26,33,34,35,36
176,4,5,13,14,15,16,23,24,25,26,33,34,35,36
177,4,5,13,14,15,16,23,24,25,26,33,34,35,36
178,4,5,13,14,15,16,23,24,25,26,33,34,35,36
179,4,5,13,14,15,16,23,24,25,26,33,34,35,36
180,4,5,13,14,15,16,23,24,25,26,33,34,35,36
181,5,13,14,15,16,23,24,25,26,33,34,35,36
182,5,13,14,15,16,23,24,25,26,33,34,35,36
183,5,13,14,15,16,23,24,25,26,33,34,35,36
184,5,13,14,15,16,23,24,25,26,33,34,35,36
185,5,13,14,15,16,23,24,25,26,34,35,36
186,5,13,14,15,16,23,24,25,26,34,35,36
187,5,13,14,15,16,23,24,25,26,34,35,36
188,5,13,14,15,16,23,24,25,26,34,35,36
189,5,13,14,15,16,23,24,25,26,34,35,36
190,5,13,14,15,16,23,24,25,26,34,35,36
191,5,6,13,14,15,16,23,24,25,26,34,35,36
192,5,6,13,14,15,16,23,24,25,26,34,35,36
193,5,6,13,14,15,16,23,24,25,26,34,35,36
194,5,6,13,14,15,16,23,24,25,26,34,35,36
195,5,6,14,15,16,24,25,26,34,35,36
196,5,6,14,15,16,24,25,26,34,35,36
197,5,6,14,15,16,24,25,26,34,35,36
198,5,6,14,15,16,24,25,26,34,35,36
199,5,6,14,15,16,17,24,25,26,27,34,35,36
200,5,6,14,15,16,17,24,25,26,27,34,35,36
201,5,6,14,15,16,17,24,25,26,27,34,35,36
202,5,6,14,15,16,17,24,25,26,27,34,35,36
203,5,6,14,15,16,17,24,25,26,27,34,35,36
204,5,6,14,15,16,17,24,25,26,27,34,35,36
205,4,5,6,7,14,15,16,17,24,25,26,27,34,35,36
206,4,5,6,7,14,15,16,17,24,25,26,27,34,35,36
207,4,5,6,7,14,15,16,17,24,25,26,27,35,36
208,4,5,6,7,14,15,16,17,24,25,26,27,35,36
209,4,5,6,7,14,15,16,17,24,25,26,27,35,36
210,4,5,6,7,14,15,16,17,24,25,26,27,35,36
211,4,5,6,7,14,15,16,17,24,25,26,27,35,36
212,4,5,6,7,14,15,16,17,24,25,26,27,35,36
213,4,5,6,7,14,15,16,17,24,25,26,27,35,36
214,4,5,6,7,14,15,16,17,24,25,26,27,35,36
215,4,5,6,7,14,15,16,17,24,25,26,27,35,36
216,4,5,6,7,14,15,16,17,24,25,26,27,35,36
217,4,5,6,7,14,15,16,17,24,25,26,27,35,36
218,4,5,6,7,14,15,16,17,24,25,26,27,35,36
219,4,5,6,7,14,15,16,17,24,25,26,27,35,36,37
220,4,5,6,7,14,15,16,17,24,25,26,27,35,36,37
221,4,5,6,7,14,15,16,17,24,25,26,27,35,36,37
222,4,5,6,7,14,15,16,17,24,25,26,27,35,36,37
223,4,5,6,7,14,15,16,17,24,25,26,27,35,36,37
224,4,5,6,7,14,15,16,17,24,25,26,27,35,36,37
225,4,5,6,7,14,15,16,17,24,25,26,27,35,36,37
226,4,5,6,7,14,15,16,17,24,25,26,27,35,36,37
227,5,6,7,14,15,16,17,24,25,26,27,35,36,37
228,5,6,7,14,15,16,17,24,25,26,27,35,36,37
229,5,6,7,14,15,16,17,24,25,26,27,35,36,37
230,5,6,7,14,15,16,17,24,25,26,27,35,36,37
231,5,6,7,14,15,16,17,24,25,26,27,35,36,37
232,5,6,7,14,15,16,17,24,25,26,27,35,36,37
233,5,6,7,14,15,16,17,24,25,26,27,35,36
234,5,6,7,14,15,16,17,24,25,26,27,35,36
235,5,6,7,14,15,16,17,24,25,26,27,35,36
236,5,6,7,14,15,16,17,24,25,26,27,35,36
237,5,6,7,14,15,16,17,24,25,26,27,35,36
238,5,6,7,14,15,16,17,24,25,26,27,35,36
239,5,6,7,14,15,16,17,24,25,26,27,34,35,36
240,5,6,7,14,15,16,17,24,25,26,27,34,35,36
241,5,6,14,15,16,17,24,25,26,27,34,35,36
242,5,6,14,15,16,17,24,25,26,27,34,35,36
243,5,6,14,15,16,17,24,25,26,27,34,35,36
244,5,6,14,15,16,17,24,25,26,27,34,35,36
245,5,6,14,15,16,17,24,25,26,27,34,35,36
246,5,6,14,15,16,17,24,25,26,27,34,35,36
247,5,6,14,15,16,17,24,25,26,27,34,35,36
248,5,6,14,15,16,17,24,25,26,27,34,35,36
249,5,6,14,15,16,17,24,25,26,27,34,35,36,37
250,5,6,14,15,16,17,24,25,26,27,34,35,36,37
251,5,6,14,15,16,17,24,25,26,27,34,35,36,37
252,5,6,14,15,16,17,24,25,26,27,34,35,36,37
253,5,6,7,14,15,16,17,24,25,26,27,35,36,37
254,5,6,7,14,15,16,17,24,25,26,27,35,36,37
255,6,7,14,15,16,17,24,25,26,27,35,36,37
256,6,7,14,15,16,17,24,25,26,27,35,36,37
257,6,7,15,16,17,25,26,27,35,36,37
258,6,7,15,16,17,25,26,27,35,36,37
259,6,7,15,16,17,18,25,26,27,28,35,36,37
260,6,7,15,16,17,18,25,26,27,28,35,36,37
261,6,7,15,16,17,18,25,26,27,28,35,36,37
262,6,7,15,16,17,18,25,26,27,28,35,36,37
263,6,7,15,16,17,18,25,26,27,28,35,36,37
264,6,7,15,16,17,18,25,26,27,28,35,36,37
265,6,7,15,16,17,18,25,26,27,28,35,36,37
266,6,7,15,16,17,18,25,26,27,28,35,36,37
267,6,7,15,16,17,18,25,26,27,28,35,36,37
268,6,7,15,16,17,18,25,26,27,28,35,36,37
269,6,7,8,15,16,17,18,25,26,27,28,35,36,37
270,6,7,8,15,16,17,18,25,26,27,28,35,36,37
271,6,7,8,15,16,17,18,25,26,27,28,36,37,38
272,6,7,8,15,16,17,18,25,26,27,28,36,37,38
273,6,7,8,15,16,17,18,25,26,27,28,36,37,38
274,6,7,8,15,16,17,18,25,26,27,28,36,37,38
275,6,7,8,15,16,17,18,25,26,27,28,36,37,38
276,6,7,8,15,16,17,18,25,26,27,28,36,37,38
277,6,7,8,15,16,17,18,25,26,27,28,36,37,38
278,6,7,8,15,16,17,18,25,26,27,28,36,37,38
279,6,7,8,15,16,17,18,25,26,27,28,36,37,38
280,6,7,8,15,16,17,18,25,26,27,28,36,37,38
281,6,7,8,15,16,17,18,25,26,27,28,36,37,38
282,6,7,8,15,16,17,18,25,26,27,28,36,37,38
283,6,7,8,15,16,17,18,25,26,27,28,36,37,38
284,6,7,8,15,16,17,18,25,26,27,28,36,37,38
285,6,7,8,15,16,17,18,25,26,27,28,36,37,38
286,6,7,8,15,16,17,18,25,26,27,28,36,37,38
287,6,7,8,15,16,17,18,25,26,27,28,36,37
288,6,7,8,15,16,17,18,25,26,27,28,36,37
289,5,6,7,8,15,16,17,18,25,26,27,28,36,37
290,5,6,7,8,15,16,17,18,25,26,27,28,36,37
291,5,6,7,8,15,16,17,18,25,26,27,28,35,36,37
292,5,6,7,8,15,16,17,18,25,26,27,28,35,36,37
293,5,6,7,15,16,17,18,25,26,27,28,35,36,37
294,5,6,7,15,16,17,18,25,26,27,28,35,36,37
295,5,6,7,15,16,17,18,25,26,27,28,35,36,37
296,5,6,7,15,16,17,18,25,26,27,28,35,36,37
297,5,6,7,15,16,17,25,26,27,35,36,37
298,5,6,7,15,16,17,25,26,27,35,36,37
299,6,7,15,16,17,25,26,27,35,36,37
300,6,7,15,16,17,25,26,27,35,36,37
301,6,15,16,17,25,26,27,35,36,37
302,6,15,16,17,25,26,27,35,36,37
303,15,16,17,25,26,27,35,36,37
304,15,16,17,25,26,27,35,36,37
305,15,16,17,25,26,27,35,36,37,46
306,15,16,17,25,26,27,35,36,37,46
307,15,16,17,25,26,27,35,36,37
308,15,16,17,25,26,27,35,36,37
309,15,16,17,25,26,27,35,36,37
310,15,16,17,25,26,27,35,36,37
311,15,16,17,25,26,27,35,36,37
312,15,16,17,25,26,27,35,36,37
313,6,15,16,17,25,26,27,35,36,37
314,6,15,16,17,25,26,27,35,36,37
315,6,15,16,17,25,26,27,35,36,37
316,6,15,16,17,25,26,27,35,36,37
317,6,15,16,17,25,26,27,35,36,37
318,6,15,16,17,25,26,27,35,36,37
319,6,15,16,17,25,26,27,35,36,37
320,6,15,16,17,25,26,27,35,36,37
321,6,15,16,17,24,25,26,27,35,36,37
322,6,15,16,17,24,25,26,27,35,36,37
323,6,14,15,16,17,24,25,26,27,35,36,37
324,6,14,15,16,17,24,25,26,27,35,36,37
325,6,14,15,16,17,24,25,26,27,34,35,36,37
326,6,14,15,16,17,24,25,26,27,34,35,36,37
327,6,14,15,16,17,24,25,26,27,34,35,36,37
328,6,14,15,16,17,24,25,26,27,34,35,36,37
329,6,14,15,16,17,24,25,26,27,34,35,36,37
330,6,14,15,16,17,24,25,26,27,34,35,36,37
331,5,6,14,15,16,17,24,25,26,27,34,35,36,37
332,5,6,14,15,16,17,24,25,26,27,34,35,36,37
333,5,6,14,15,16,17,24,25,26,27,34,35,36,37
334,5,6,14,15,16,17,24,25,26,27,34,35,36,37
335,5,6,14,15,16,17,24,25,26,27,34,35,36,37
336,5,6,14,15,16,17,24,25,26,27,34,35,36,37
337,5,6,14,15,16,17,24,25,26,27,34,35,36
338,5,6,14,15,16,17,24,25,26,27,34,35,36
339,5,6,14,15,16,24,25,26,27,34,35,36
340,5,6,14,15,16,24,25,26,27,34,35,36
341,5,6,14,15,16,24,25,26,34,35,36
342,5,6,14,15,16,24,25,26,34,35,36
343,5,6,13,14,15,16,23,24,25,26,34,35,36
344,5,6,13,14,15,16,23,24,25,26,34,35,36
345,5,13,14,15,16,23,24,25,26,34,35,36
346,5,13,14,15,16,23,24,25,26,34,35,36
347,4,5,13,14,15,16,23,24,25,26,33,34,35,36
348,4,5,13,14,15,16,23,24,25,26,33,34,35,36
349,4,5,13,14,15,16,23,24,25,26,33,34,35,36
350,4,5,13,14,15,16,23,24,25,26,33,34,35,36
351,4,5,13,14,15,16,23,24,25,26,33,34,35,36
352,4,5,13,14,15,16,23,24,25,26,33,34,35,36
353,4,5,13,14,15,16,23,24,25,26,33,34,35,36
354,4,5,13,14,15,16,23,24,25,26,33,34,35,36
355,4,5,13,14,15,16,23,24,25,26,33,34,35,36
356,4,5,13,14,15,16,23,24,25,26,33,34,35,36
357,4,5,13,14,15,16,23,24,25,26,33,34,35,36
358,4,5,13,14,15,16,23,24,25,26,33,34,35,36
359,4,5,13,14,15,16,23,24,25,26,33,34,35,36
360,4,5,13,14,15,16,23,24,25,26,33,34,35,36
361,4,5,13,14,15,16,23,24,25,26,33,34,35,36
362,4,5,13,14,15,16,23,24,25,26,33,34,35,36
363,4,5,13,14,15,16,23,24,25,26,34,35,36
364,4,5,13,14,15,16,23,24,25,26,34,35,36
365,4,5,6,13,14,15,16,23,24,25,26,34,35,36
366,4,5,6,13,14,15,16,23,24,25,26,34,35,36
367,4,5,6,13,14,15,16,23,24,25,26,34,35,36
368,4,5,6,13,14,15,16,23,24,25,26,34,35,36
369,4,5,6,13,14,15,16,23,24,25,26,34,35,36
370,4,5,6,13,14,15,16,23,24,25,26,34,35,36
371,4,5,6,13,14,15,16,23,24,25,26,34,35,36
372,4,5,6,13,14,15,16,23,24,25,26,34,35,36
373,4,5,6,13,14,15,16,23,24,25,26,34,35,36
374,4,5,6,13,14,15,16,23,24,25,26,34,35,36
375,4,5,6,13,14,15,16,23,24,25,26,34,35,36
376,4,5,6,13,14,15,16,23,24,25,26,34,35,36
377,4,5,6,13,14,15,16,23,24,25,26,34,35,36
378,4,5,6,13,14,15,16,23,24,25,26,34,35,36
379,5,6,13,14,15,16,23,24,25,26,34,35,36
380,5,6,13,14,15,16,23,24,25,26,34,35,36
381,5,6,14,15,16,24,25,26,34,35,36
382,5,6,14,15,16,24,25,26,34,35,36
383,5,6,14,15,16,24,25,26,34,35,36
384,5,6,14,15,16,24,25,26,34,35,36
385,5,6,14,15,16,17,24,25,26,27,34,35,36
386,5,6,14,15,16,17,24,25,26,27,34,35,36
387,5,6,14,15,16,17,24,25,26,27,34,35,36
388,5,6,14,15,16,17,24,25,26,27,34,35,36
389,5,6,14,15,16,17,24,25,26,27,34,35,36,37
390,5,6,14,15,16,17,24,25,26,27,34,35,36,37
391,5,6,14,15,16,17,24,25,26,27,35,36,37
392,5,6,14,15,16,17,24,25,26,27,35,36,37
393,5,6,7,14,15,16,17,24,25,26,27,35,36,37
394,5,6,7,14,15,16,17,24,25,26,27,35,36,37
395,6,7,15,16,17,25,26,27,35,36,37
396,6,7,15,16,17,25,26,27,35,36,37
397,6,7,15,16,17,25,26,27,35,36,37
398,6,7,15,16,17,25,26,27,35,36,37
399,6,7,15,16,17,18,25,26,27,28,35,36,37
400,6,7,15,16,17,18,25,26,27,28,35,36,37
401,6,7,15,16,17,18,25,26,27,28,35,36,37
402,6,7,15,16,17,18,25,26,27,28,35,36,37
403,6,7,15,16,17,18,25,26,27,28,35,36,37
404,6,7,15,16,17,18,25,26,27,28,35,36,37
405,6,7,15,16,17,18,25,26,27,28,35,36,37,38
406,6,7,15,16,17,18,25,26,27,28,35,36,37,38
407,6,7,15,16,17,18,25,26,27,28,36,37,38
408,6,7,15,16,17,18,25,26,27,28,36,37,38
409,6,7,8,15,16,17,18,25,26,27,28,36,37,38
410,6,7,8,15,16,17,18,25,26,27,28,36,37,38
411,6,7,8,15,16,17,18,25,26,27,28,36,37,38
412,6,7,8,15,16,17,18,25,26,27,28,36,37,38
413,6,7,8,15,16,17,18,25,26,27,28,36,37,38
414,6,7,8,15,16,17,18,25,26,27,28,36,37,38
415,6,7,8,15,16,17,18,25,26,27,28,36,37,38
416,6,7,8,15,16,17,18,25,26,27,28,36,37,38
417,6,7,8,15,16,17,18,25,26,27,28,36,37,38
418,6,7,8,15,16,17,18,25,26,27,28,36,37,38
419,6,7,8,15,16,17,18,25,26,27,28,36,37,38
420,6,7,8,15,16,17,18,25,26,27,28,36,37,38
421,6,7,8,15,16,17,18,25,26,27,28,36,37,38
422,6,7,8,15,16,17,18,25,26,27,28,36,37,38
423,6,7,8,15,16,17,18,25,26,27,28,36,37,38
424,6,7,8,15,16,17,18,25,26,27,28,36,37,38
425,6,7,8,15,16,17,18,25,26,27,28,36,37,38
426,6,7,8,15,16,17,18,25,26,27,28,36,37,38
427,6,7,8,15,16,17,18,25,26,27,28,36,37,38
428,6,7,8,15,16,17,18,25,26,27,28,36,37,38
429,6,7,8,15,16,17,18,25,26,27,28,36,37,38
430,6,7,8,15,16,17,18,25,26,27,28,36,37,38
431,6,7,8,15,16,17,18,25,26,27,28,36,37,38
432,6,7,8,15,16,17,18,25,26,27,28,36,37,38
433,6,7,8,15,16,17,18,25,26,27,28,36,37,38
434,6,7,8,15,16,17,18,25,26,27,28,36,37,38
435,6,7,8,15,16,17,18,25,26,27,28,36,37,38
436,6,7,8,15,16,17,18,25,26,27,28,36,37,38
437,6,7,8,15,16,17,18,25,26,27,28,36,37,38
438,6,7,8,15,16,17,18,25,26,27,28,36,37,38
439,6,7,8,15,16,17,18,25,26,27,28,36,37,38
440,6,7,8,15,16,17,18,25,26,27,28,36,37,38
441,6,7,15,16,17,18,25,26,27,28,36,37,38
442,6,7,15,16,17,18,25,26,27,28,36,37,38
443,7,15,16,17,18,25,26,27,28,35,36,37,38
444,7,15,16,17,18,25,26,27,28,35,36,37,38
445,15,16,17,18,25,26,27,28,35,36,37,38
446,15,16,17,18,25,26,27,28,35,36,37,38
447,16,17,18,25,26,27,28,35,36,37,38,47
448,16,17,18,25,26,27,28,35,36,37,38,47
449,16,17,18,25,26,27,28,35,36,37,38,46,47
450,16,17,18,25,26,27,28,35,36,37,38,46,47
451,16,17,18,25,26,27,28,35,36,37,38,46,47
452,16,17,18,25,26,27,28,35,36,37,38,46,47
453,16,17,18,25,26,27,28,35,36,37,38,46,47
454,16,17,18,25,26,27,28,35,36,37,38,46,47
455,15,16,17,18,25,26,27,28,35,36,37,38,46,47
456,15,16,17,18,25,26,27,28,35,36,37,38,46,47
457,15,16,17,25,26,27,28,35,36,37,38,45,46,47
458,15,16,17,25,26,27,28,35,36,37,38,45,46,47
459,16,17,25,26,27,28,35,36,37,38,45,46,47
460,16,17,25,26,27,28,35,36,37,38,45,46,47
461,16,17,25,26,27,28,35,36,37,38,45,46,47
462,16,17,25,26,27,28,35,36,37,38,45,46,47
463,16,17,25,26,27,28,35,36,37,38,45,46,47
464,16,17,25,26,27,28,35,36,37,38,45,46,47
465,16,17,24,25,26,27,34,35,36,37,45,46,47
466,16,17,24,25,26,27,34,35,36,37,45,46,47
467,15,16,17,24,25,26,27,34,35,36,37,45,46,47
468,15,16,17,24,25,26,27,34,35,36,37,45,46,47
469,15,16,17,24,25,26,27,34,35,36,37,45,46,47
470,15,16,17,24,25,26,27,34,35,36,37,45,46,47
471,14,15,16,17,24,25,26,27,34,35,36,37,45,46
472,14,15,16,17,24,25,26,27,34,35,36,37,45,46
473,14,15,16,24,25,26,27,34,35,36,37,45,46
474,14,15,16,24,25,26,27,34,35,36,37,45,46
475,14,15,16,24,25,26,27,34,35,36,37,45,46
476,14,15,16,24,25,26,27,34,35,36,37,45,46
477,14,15,16,24,25,26,27,34,35,36,45,46
478,14,15,16,24,25,26,27,34,35,36,45,46
479,14,15,16,24,25,26,34,35,36,45
480,14,15,16,24,25,26,34,35,36,45
481,14,15,16,24,25,26,34,35,36
482,14,15,16,24,25,26,34,35,36
483,5,14,15,16,23,24,25,26,34,35,36
484,5,14,15,16,23,24,25,26,34,35,36
485,5,6,13,14,15,16,23,24,25,26,34,35,36
486,5,6,13,14,15,16,23,24,25,26,34,35,36
487,4,5,6,13,14,15,16,23,24,25,26,34,35,36
488,4,5,6,13,14,15,16,23,24,25,26,34,35,36
489,4,5,6,13,14,15,16,23,24,25,26,34,35,36
490,4,5,6,13,14,15,16,23,24,25,26,34,35,36
491,3,4,5,6,13,14,15,16,23,24,25,26,34,35,36
492,3,4,5,6,13,14,15,16,23,24,25,26,34,35,36
493,3,4,5,6,13,14,15,16,23,24,25,26,34,35,36
494,3,4,5,6,13,14,15,16,23,24,25,26,34,35,36
495,3,4,5,6,13,14,15,16,23,24,25,26,34,35,36
496,3,4,5,6,13,14,15,16,23,24,25,26,34,35,36
497,3,4,5,6,13,14,15,16,23,24,25,26,34,35,36
498,3,4,5,6,13,14,15,16,23,24,25,26,34,35,36
499,3,4,5,6,13,14,15,16,23,24,25,26,34,35,36
500,3,4,5,6,13,14,15,16,23,24,25,26,34,35,36
501,4,5,6,13,14,15,16,23,24,25,26,34,35,36
502,4,5,6,13,14,15,16,23,24,25,26,34,35,36
503,4,5,6,13,14,15,16,23,24,25,26,34,35,36
504,4,5,6,13,14,15,16,23,24,25,26,34,35,36
505,4,5,6,14,15,16,24,25,26,34,35,36
506,4,5,6,14,15,16,24,25,26,34,35,36
507,4,5,6,14,15,16,24,25,26,34,35,36
508,4,5,6,14,15,16,24,25,26,34,35,36
509,5,6,14,15,16,24,25,26,27,34,35,36
510,5,6,14,15,16,24,25,26,27,34,35,36
511,5,6,14,15,16,17,24,25,26,27,34,35,36
512,5,6,14,15,16,17,24,25,26,27,34,35,36
513,5,6,14,15,16,17,24,25,26,27,34,35,36
514,5,6,14,15,16,17,24,25,26,27,34,35,36
515,5,6,14,15,16,24,25,26,34,35,36
516,5,6,14,15,16,24,25,26,34,35,36
517,5,6,14,15,16,24,25,26,34,35,36
518,5,6,14,15,16,24,25,26,34,35,36
519,5,6,14,15,16,24,25,26,34,35,36
520,5,6,14,15,16,24,25,26,34,35,36
521,5,6,14,15,16,24,25,26,34,35,36
522,5,6,14,15,16,24,25,26,34,35,36
523,5,13,14,15,16,23,24,25,26,34,35,36
524,5,13,14,15,16,23,24,25,26,34,35,36
525,5,13,14,15,16,23,24,25,26,34,35,36
526,5,13,14,15,16,23,24,25,26,34,35,36
527,5,13,14,15,16,23,24,25,26,33,34,35,36
528,5,13,14,15,16,23,24,25,26,33,34,35,36
529,5,13,14,15,16,23,24,25,26,33,34,35,36
530,5,13,14,15,16,23,24,25,26,33,34,35,36
531,4,5,13,14,15,16,23,24,25,26,33,34,35,36
532,4,5,13,14,15,16,23,24,25,26,33,34,35,36
533,4,5,13,14,15,16,23,24,25,26,33,34,35
534,4,5,13,14,15,16,23,24,25,26,33,34,35
535,4,5,13,14,15,23,24,25,33,34,35
536,4,5,13,14,15,23,24,25,33,34,35
537,4,13,14,15,23,24,25,33,34,35
538,4,13,14,15,23,24,25,33,34,35
539,4,12,13,14,15,22,23,24,25,33,34,35
540,4,12,13,14,15,22,23,24,25,33,34,35
541,3,4,12,13,14,15,22,23,24,25,33,34,35
542,3,4,12,13,14,15,22,23,24,25,33,34,35
543,3,4,12,13,14,15,22,23,24,25,32,33,34,35
544,3,4,12,13,14,15,22,23,24,25,32,33,34,35
545,3,4,12,13,14,15,22,23,24,25,32,33,34,35
546,3,4,12,13,14,15,22,23,24,25,32,33,34,35
547,3,4,12,13,14,15,22,23,24,25,32,33,34
548,3,4,12,13,14,15,22,23,24,25,32,33,34
549,3,4,12,13,14,22,23,24,32,33,34
550,3,4,12,13,14,22,23,24,32,33,34
551,3,11,12,13,14,21,22,23,24,32,33,34
552,3,11,12,13,14,21,22,23,24,32,33,34
553,3,11,12,13,14,21,22,23,24,31,32,33,34
554,3,11,12,13,14,21,22,23,24,31,32,33,34
555,3,11,12,13,14,21,22,23,24,31,32,33,34
556,3,11,12,13,14,21,22,23,24,31,32,33,34
557,11,12,13,14,21,22,23,24,31,32,33,34
558,11,12,13,14,21,22,23,24,31,32,33,34
559,11,12,13,21,22,23,31,32,33
560,11,12,13,21,22,23,31,32,33
561,11,12,13,21,22,23,31,32,33,42
562,11,12,13,21,22,23,31,32,33,42
563,11,12,13,21,22,23,30,31,32,33,40,41,42
564,11,12,13,21,22,23,30,31,32,33,40,41,42
565,11,12,13,20,21,22,23,30,31,32,33,40,41,42
566,11,12,13,20,21,22,23,30,31,32,33,40,41,42
567,11,12,13,20,21,22,23,30,31,32,33,40,41,42
568,11,12,13,20,21,22,23,30,31,32,33,40,41,42
569,11,12,13,20,21,22,23,30,31,32,33,40,41,42
570,11,12,13,20,21,22,23,30,31,32,33,40,41,42
571,11,12,13,20,21,22,23,30,31,32,33,40,41,42
572,11,12,13,20,21,22,23,30,31,32,33,40,41,42
573,11,12,13,20,21,22,23,30,31,32,33,40,41,42
574,11,12,13,20,21,22,23,30,31,32,33,40,41,42
575,11,12,20,21,22,23,30,31,32,33,40,41
576,11,12,20,21,22,23,30,31,32,33,40,41
577,11,12,20,21,22,23,30,31,32,40,41
578,11,12,20,21,22,23,30,31,32,40,41
579,11,12,20,21,22,29,30,31,32,39,40,41,42,50
580,11,12,20,21,22,29,30,31,32,39,40,41,42,50
581,11,12,20,21,22,29,30,31,32,39,40,41,50
582,11,12,20,21,22,29,30,31,32,39,40,41,50
583,11,12,19,20,21,22,29,30,31,32,39,40,41,50
584,11,12,19,20,21,22,29,30,31,32,39,40,41,50
585,11,12,19,20,21,22,29,30,31,32,39,40,41,50
586,11,12,19,20,21,22,29,30,31,32,39,40,41,50
587,11,12,19,20,21,22,29,30,31,32,39,40,41,50
588,11,12,19,20,21,22,29,30,31,32,39,40,41,50
589,11,19,20,21,22,29,30,31,32,39,40,41,50
590,11,19,20,21,22,29,30,31,32,39,40,41,50
591,11,19,20,21,22,29,30,31,32,39,40,41,50
592,11,19,20,21,22,29,30,31,32,39,40,41,50
593,11,19,20,21,22,29,30,31,32,39,40,41,50
594,11,19,20,21,22,29,30,31,32,39,40,41,50
595,11,19,20,21,22,29,30,31,32,39,40,41,50
596,11,19,20,21,22,29,30,31,32,39,40,41,50
597,11,19,20,21,22,29,30,31,32,39,40,41,49,50
598,11,19,20,21,22,29,30,31,32,39,40,41,49,50
599,11,19,20,21,22,29,30,31,32,39,40,41,49,50
600,11,19,20,21,22,29,30,31,32,39,40,41,49,50
601,11,19,20,21,22,29,30,31,32,39,40,41,49,50
602,11,19,20,21,22,29,30,31,32,39,40,41,49,50
603,11,19,20,21,29,30,31,39,40,41,49,50
604,11,19,20,21,29,30,31,39,40,41,49,50
605,11,19,20,21,29,30,31,39,40,41,49,50
606,11,19,20,21,29,30,31,39,40,41,49,50
607,11,19,20,21,28,29,30,31,38,39,40,41,49,50
608,11,19,20,21,28,29,30,31,38,39,40,41,49,50
609,11,19,20,21,28,29,30,31,38,39,40,41,49,50
610,11,19,20,21,28,29,30,31,38,39,40,41,49,50
611,11,19,20,21,28,29,30,31,38,39,40,41,49,50
612,11,19,20,21,28,29,30,31,38,39,40,41,49,50
613,11,19,20,21,28,29,30,31,38,39,40,41,49,50
614,11,19,20,21,28,29,30,31,38,39,40,41,49,50
615,11,19,20,21,28,29,30,31,38,39,40,41,49,50
616,11,19,20,21,28,29,30,31,38,39,40,41,49,50
617,11,19,20,21,28,29,30,31,38,39,40,41,49,50
618,11,19,20,21,28,29,30,31,38,39,40,41,49,50
619,11,19,20,21,28,29,30,31,38,39,40,41,49,50
620,11,19,20,21,28,29,30,31,38,39,40,41,49,50
621,11,19,20,21,28,29,30,31,38,39,40,41,49,50
622,11,19,20,21,28,29,30,31,38,39,40,41,49,50
623,11,19,20,21,28,29,30,31,38,39,40,41,49,50
624,11,19,20,21,28,29,30,31,38,39,40,41,49,50
625,11,19,20,21,28,29,30,31,38,39,40,41,49,50
626,11,19,20,21,28,29,30,31,38,39,40,41,49,50
627,11,18,19,20,21,28,29,30,31,38,39,40,49,50
628,11,18,19,20,21,28,29,30,31,38,39,40,49,50
629,11,18,19,20,21,28,29,30,31,38,39,40,49,50
630,11,18,19,20,21,28,29,30,31,38,39,40,49,50
631,11,18,19,20,21,28,29,30,31,38,39,40,49,50
632,11,18,19,20,21,28,29,30,31,38,39,40,49,50
633,11,18,19,20,21,28,29,30,31,38,39,40,49,50
634,11,18,19,20,21,28,29,30,31,38,39,40,49,50
635,11,18,19,20,21,28,29,30,31,38,39,40,49,50
636,11,18,19,20,21,28,29,30,31,38,39,40,49,50
637,11,18,19,20,21,28,29,30,31,38,39,40
638,11,18,19,20,21,28,29,30,31,38,39,40
639,11,18,19,20,21,28,29,30,31,38,39,40
640,11,18,19,20,21,28,29,30,31,38,39,40
641,11,18,19,20,21,28,29,30,31,38,39,40
642,11,18,19,20,21,28,29,30,31,38,39,40
643,11,18,19,20,21,28,29,30,31,38,39,40,49,50
644,11,18,19,20,21,28,29,30,31,38,39,40,49,50
645,11,18,19,20,21,28,29,30,31,38,39,40
646,11,18,19,20,21,28,29,30,31,38,39,40
647,11,18,19,20,21,28,29,30,31,38,39,40
648,11,18,19,20,21,28,29,30,31,38,39,40
649,11,19,20,21,28,29,30,31,39,40
650,11,19,20,21,28,29,30,31,39,40
651,11,19,20,21,29,30,31,39,40
652,11,19,20,21,29,30,31,39,40
653,11,19,20,21,22,29,30,31,39,40
654,11,19,20,21,22,29,30,31,39,40
655,11,12,19,20,21,22,29,30,31,32,39,40
656,11,12,19,20,21,22,29,30,31,32,39,40
657,11,12,19,20,21,22,29,30,31,32,39,40
658,11,12,19,20,21,22,29,30,31,32,39,40
659,11,12,19,20,21,22,29,30,31,32,39,40
660,11,12,19,20,21,22,29,30,31,32,39,40
661,11,12,19,20,21,22,29,30,31,32,40
662,11,12,19,20,21,22,29,30,31,32,40
663,11,12,20,21,22,30,31,32,40
664,11,12,20,21,22,30,31,32,40
665,1,2,11,12,13,20,21,22,23,30,31,32,40
666,1,2,11,12,13,20,21,22,23,30,31,32,40
667,1,2,11,12,13,20,21,22,23,30,31,32,33,40
668,1,2,11,12,13,20,21,22,23,30,31,32,33,40
669,2,11,12,13,20,21,22,23,30,31,32,33
670,2,11,12,13,20,21,22,23,30,31,32,33
671,2,3,11,12,13,21,22,23,24,31,32,33
672,2,3,11,12,13,21,22,23,24,31,32,33
673,2,3,11,12,13,14,21,22,23,24,31,32,33,34
674,2,3,11,12,13,14,21,22,23,24,31,32,33,34
675,2,3,4,11,12,13,14,21,22,23,24,32,33,34
676,2,3,4,11,12,13,14,21,22,23,24,32,33,34
677,3,4,12,13,14,22,23,24,32,33,34
678,3,4,12,13,14,22,23,24,32,33,34
679,3,4,12,13,14,15,22,23,24,25,32,33,34
680,3,4,12,13,14,15,22,23,24,25,32,33,34
681,3,4,12,13,14,15,22,23,24,25,32,33,34
682,3,4,12,13,14,15,22,23,24,25,32,33,34
683,3,4,5,12,13,14,15,22,23,24,25,33,34,35
684,3,4,5,12,13,14,15,22,23,24,25,33,34,35
685,3,4,5,12,13,14,15,22,23,24,25,33,34,35
686,3,4,5,12,13,14,15,22,23,24,25,33,34,35
687,3,4,5,13,14,15,23,24,25,33,34,35
688,3,4,5,13,14,15,23,24,25,33,34,35
689,4,5,13,14,15,16,23,24,25,26,33,34,35
690,4,5,13,14,15,16,23,24,25,26,33,34,35
691,4,5,13,14,15,16,23,24,25,26,33,34,35
692,4,5,13,14,15,16,23,24,25,26,33,34,35
693,4,5,6,13,14,15,16,23,24,25,26,34,35,36
694,4,5,6,13,14,15,16,23,24,25,26,34,35,36
695,5,6,14,15,16,24,25,26,34,35,36
696,5,6,14,15,16,24,25,26,34,35,36
697,5,6,14,15,16,17,24,25,26,27,34,35,36
698,5,6,14,15,16,17,24,25,26,27,34,35,36
699,5,6,14,15,16,17,24,25,26,27,34,35,36,37
700,5,6,14,15,16,17,24,25,26,27,34,35,36,37
701,5,6,7,14,15,16,17,24,25,26,27,35,36,37
702,5,6,7,14,15,16,17,24,25,26,27,35,36,37
703,6,7,15,16,17,25,26,27,35,36,37
704,6,7,15,16,17,25,26,27,35,36,37
705,6,7,15,16,17,18,25,26,27,28,35,36,37
706,6,7,15,16,17,18,25,26,27,28,35,36,37
707,6,7,15,16,17,18,25,26,27,28,35,36,37
708,6,7,15,16,17,18,25,26,27,28,35,36,37
709,6,7,15,16,17,18,25,26,27,28,35,36,37
710,6,7,15,16,17,18,25,26,27,28,35,36,37
711,6,7,15,16,17,18,25,26,27,28,35,36,37
712,6,7,15,16,17,18,25,26,27,28,35,36,37
713,6,7,15,16,17,18,25,26,27,28,35,36,37
714,6,7,15,16,17,18,25,26,27,28,35,36,37
715,6,7,15,16,17,18,25,26,27,28,35,36,37
716,6,7,15,16,17,18,25,26,27,28,35,36,37
717,6,7,15,16,17,18,25,26,27,28,35,36,37
718,6,7,15,16,17,18,25,26,27,28,35,36,37
719,6,7,15,16,17,18,25,26,27,28,35,36,37
720,6,7,15,16,17,18,25,26,27,28,35,36,37
721,15,16,17,25,26,27,35,36,37
722,15,16,17,25,26,27,35,36,37
723,15,16,17,25,26,27,35,36,37,45,46,47
724,15,16,17,25,26,27,35,36,37,45,46,47
725,15,16,17,25,26,27,35,36,37,45,46,47
726,15,16,17,25,26,27,35,36,37,45,46,47
727,15,16,17,24,25,26,27,34,35,36,37,45,46
728,15,16,17,24,25,26,27,34,35,36,37,45,46
729,15,16,17,24,25,26,27,34,35,36,37,45,46
730,15,16,17,24,25,26,27,34,35,36,37,45,46
731,15,16,17,24,25,26,27,34,35,36,37,45,46
732,15,16,17,24,25,26,27,34,35,36,37,45,46
733,14,15,16,17,24,25,26,27,34,35,36,37,45,46
734,14,15,16,17,24,25,26,27,34,35,36,37,45,46
735,14,15,16,17,24,25,26,27,34,35,36,37
736,14,15,16,17,24,25,26,27,34,35,36,37
737,6,14,15,16,17,24,25,26,27,34,35,36,37
738,6,14,15,16,17,24,25,26,27,34,35,36,37
739,5,6,7,14,15,16,17,24,25,26,27,35,36,37
740,5,6,7,14,15,16,17,24,25,26,27,35,36,37
741,5,6,7,14,15,16,17,24,25,26,27,35,36
742,5,6,7,14,15,16,17,24,25,26,27,35,36
743,4,5,6,7,14,15,16,17,24,25,26,27,35,36
744,4,5,6,7,14,15,16,17,24,25,26,27,35,36
745,4,5,6,7,14,15,16,17,24,25,26,27,35,36
746,4,5,6,7,14,15,16,17,24,25,26,27,35,36
747,4,5,6,7,14,15,16,17,24,25,26,27,35,36
748,4,5,6,7,14,15,16,17,24,25,26,27,35,36
749,4,5,6,7,14,15,16,17,24,25,26,27,35,36
750,4,5,6,7,14,15,16,17,24,25,26,27,35,36
751,4,5,6,7,14,15,16,17,24,25,26,27,35,36
752,4,5,6,7,14,15,16,17,24,25,26,27,35,36
753,4,5,6,7,14,15,16,17,24,25,26,27,35,36
754,4,5,6,7,14,15,16,17,24,25,26,27,35,36
755,4,5,6,7,14,15,16,17,24,25,26,27,35,36
756,4,5,6,7,14,15,16,17,24,25,26,27,35,36
757,4,5,6,7,14,15,16,17,24,25,26,27,35,36
758,4,5,6,7,14,15,16,17,24,25,26,27,35,36
759,4,5,6,7,14,15,16,17,24,25,26,27,35,36
760,4,5,6,7,14,15,16,17,24,25,26,27,35,36
761,3,4,5,6,7,13,14,15,16,17,24,25,26,27,35,36
762,3,4,5,6,7,13,14,15,16,17,24,25,26,27,35,36
763,3,4,5,6,7,13,14,15,16,17,24,25,26,27,35,36
764,3,4,5,6,7,13,14,15,16,17,24,25,26,27,35,36
765,3,4,5,6,7,13,14,15,16,17,24,25,26,27,35,36
766,3,4,5,6,7,13,14,15,16,17,24,25,26,27,35,36
767,3,4,5,6,7,13,14,15,16,17,24,25,26,27,35,36
768,3,4,5,6,7,13,14,15,16,17,24,25,26,27,35,36
769,3,4,5,6,7,13,14,15,16,17,24,25,26,27,34,35,36
770,3,4,5,6,7,13,14,15,16,17,24,25,26,27,34,35,36
771,3,4,5,6,7,13,14,15,16,17,24,25,26,34,35,36
772,3,4,5,6,7,13,14,15,16,17,24,25,26,34,35,36
773,4,5,6,13,14,15,16,23,24,25,26,34,35,36
774,4,5,6,13,14,15,16,23,24,25,26,34,35,36
775,4,5,6,13,14,15,16,23,24,25,26,34,35,36
776,4,5,6,13,14,15,16,23,24,25,26,34,35,36
777,4,5,6,14,15,16,24,25,26,34,35,36
778,4,5,6,14,15,16,24,25,26,34,35,36
779,5,6,14,15,16,24,25,26,34,35,36
780,5,6,14,15,16,24,25,26,34,35,36
781,14,15,16,24,25,26,34,35,36
782,14,15,16,24,25,26,34,35,36
783,14,15,16,24,25,26,34,35,36,44,45
784,14,15,16,24,25,26,34,35,36,44,45
785,14,15,16,24,25,26,34,35,36,44,45,46
786,14,15,16,24,25,26,34,35,36,44,45,46
787,14,15,16,24,25,26,34,35,36,44,45,46
788,14,15,16,24,25,26,34,35,36,44,45,46
789,14,15,16,24,25,26,34,35,36,44,45,46
790,14,15,16,24,25,26,34,35,36,44,45,46
791,14,15,16,24,25,26,34,35,36,44,45,46
792,14,15,16,24,25,26,34,35,36,44,45,46
793,14,15,16,24,25,26,34,35,36,44,45,46
794,14,15,16,24,25,26,34,35,36,44,45,46
795,14,15,16,24,25,26,34,35,36,44,45,46
796,14,15,16,24,25,26,34,35,36,44,45,46
797,14,15,16,23,24,25,26,34,35,36,44,45,46
798,14,15,16,23,24,25,26,34,35,36,44,45,46
799,14,15,16,23,24,25,26,33,34,35,36,44,45
800,14,15,16,23,24,25,26,33,34,35,36,44,45
801,13,14,15,16,23,24,25,26,33,34,35,36
802,13,14,15,16,23,24,25,26,33,34,35,36
803,5,13,14,15,16,23,24,25,26,33,34,35,36
804,5,13,14,15,16,23,24,25,26,33,34,35,36
805,4,5,13,14,15,16,23,24,25,26,33,34,35,36
806,4,5,13,14,15,16,23,24,25,26,33,34,35,36
807,4,5,13,14,15,16,23,24,25,26,33,34,35
808,4,5,13,14,15,16,23,24,25,26,33,34,35
809,4,5,13,14,15,16,23,24,25,26,33,34,35
810,4,5,13,14,15,16,23,24,25,26,33,34,35
811,4,5,13,14,15,16,23,24,25,26,33,34,35
812,4,5,13,14,15,16,23,24,25,26,33,34,35
813,3,4,5,13,14,15,16,23,24,25,26,33,34,35
814,3,4,5,13,14,15,16,23,24,25,26,33,34,35
815,3,4,5,13,14,15,16,23,24,25,26,33,34,35
816,3,4,5,13,14,15,16,23,24,25,26,33,34,35
817,3,4,5,13,14,15,16,23,24,25,26,33,34,35
818,3,4,5,13,14,15,16,23,24,25,26,33,34,35
819,3,4,5,13,14,15,23,24,25,33,34,35
820,3,4,5,13,14,15,23,24,25,33,34,35
821,4,5,13,14,15,23,24,25,33,34,35
822,4,5,13,14,15,23,24,25,33,34,35
823,4,5,13,14,15,23,24,25,33,34,35
824,4,5,13,14,15,23,24,25,33,34,35
825,3,4,5,13,14,15,23,24,25,33,34,35
826,3,4,5,13,14,15,23,24,25,33,34,35
827,3,4,5,13,14,15,23,24,25,33,34,35
828,3,4,5,13,14,15,23,24,25,33,34,35
829,3,4,5,13,14,15,23,24,25,33,34,35
830,3,4,5,13,14,15,23,24,25,33,34,35
831,3,4,5,12,13,14,15,16,23,24,25,33,34,35
832,3,4,5,12,13,14,15,16,23,24,25,33,34,35
833,2,3,4,5,6,12,13,14,15,16,23,24,25,26,34,35
834,2,3,4,5,6,12,13,14,15,16,23,24,25,26,34,35
835,2,3,4,5,6,12,13,14,15,16,23,24,25,26,34
836,2,3,4,5,6,12,13,14,15,16,23,24,25,26,34
837,2,3,4,5,6,12,13,14,15,16,23,24,25,26,34
838,2,3,4,5,6,12,13,14,15,16,23,24,25,26,34
839,2,3,4,5,6,12,13,14,15,16,23,24,25,26,34
840,2,3,4,5,6,12,13,14,15,16,23,24,25,26,34
841,2,3,4,5,6,12,13,14,15,16,23,24,25,26,34
842,2,3,4,5,6,12,13,14,15,16,23,24,25,26,34
843,2,3,4,5,6,12,13,14,15,16,23,24,25,26,34
844,2,3,4,5,6,12,13,14,15,16,23,24,25,26,34
845,2,3,4,5,6,12,13,14,15,16,23,24,25,26,34,35
846,2,3,4,5,6,12,13,14,15,16,23,24,25,26,34,35
847,3,4,5,6,12,13,14,15,16,23,24,25,26,33,34,35
848,3,4,5,6,12,13,14,15,16,23,24,25,26,33,34,35
849,3,4,5,13,14,15,16,23,24,25,26,33,34,35
850,3,4,5,13,14,15,16,23,24,25,26,33,34,35
851,3,4,5,13,14,15,23,24,25,33,34,35
852,3,4,5,13,14,15,23,24,25,33,34,35
853,3,4,5,13,14,15,23,24,25,33,34,35
854,3,4,5,13,14,15,23,24,25,33,34,35
855,4,5,13,14,15,23,24,25,33,34,35
856,4,5,13,14,15,23,24,25,33,34,35
857,4,5,13,14,15,23,24,25,33,34,35
858,4,5,13,14,15,23,24,25,33,34,35
859,4,5,13,14,15,23,24,25,33,34,35
860,4,5,13,14,15,23,24,25,33,34,35
861,4,5,13,14,15,23,24,25,33,34,35
862,4,5,13,14,15,23,24,25,33,34,35
863,4,5,13,14,15,23,24,25,33,34,35
864,4,5,13,14,15,23,24,25,33,34,35
865,4,5,13,14,15,23,24,25,33,34,35
866,4,5,13,14,15,23,24,25,33,34,35
867,4,5,13,14,15,23,24,25,33,34,35
868,4,5,13,14,15,23,24,25,33,34,35
869,4,5,13,14,15,23,24,25,33,34,35
870,4,5,13,14,15,23,24,25,33,34,35
871,4,5,13,14,15,23,24,25,33,34,35
872,4,5,13,14,15,23,24,25,33,34,35
873,4,5,13,14,15,23,24,25,33,34,35
874,4,5,13,14,15,23,24,25,33,34,35
875,4,5,13,14,15,23,24,25,33,34,35
876,4,5,13,14,15,23,24,25,33,34,35
877,4,5,13,14,15,23,24,25,33,34,35
878,4,5,13,14,15,23,24,25,33,34,35
879,4,5,13,14,15,23,24,25,33,34,35
880,4,5,13,14,15,23,24,25,33,34,35
881,4,5,13,14,15,16,23,24,25,26,33,34,35
882,4,5,13,14,15,16,23,24,25,26,33,34,35
883,4,5,13,14,15,16,23,24,25,26,33,34,35
884,4,5,13,14,15,16,23,24,25,26,33,34,35
885,4,5,13,14,15,16,23,24,25,26,33,34,35
886,4,5,13,14,15,16,23,24,25,26,33,34,35
887,4,5,13,14,15,16,23,24,25,26,33,34,35
888,4,5,13,14,15,16,23,24,25,26,33,34,35
889,4,5,13,14,15,16,23,24,25,26,33,34,35
890,4,5,13,14,15,16,23,24,25,26,33,34,35
891,4,5,6,13,14,15,16,23,24,25,26,34,35,36
892,4,5,6,13,14,15,16,23,24,25,26,34,35,36
893,4,5,6,13,14,15,16,23,24,25,26,34,35,36
894,4,5,6,13,14,15,16,23,24,25,26,34,35,36
895,4,5,6,13,14,15,16,23,24,25,26,34,35,36
896,4,5,6,13,14,15,16,23,24,25,26,34,35,36
897,5,6,14,15,16,24,25,26,34,35,36
898,5,6,14,15,16,24,25,26,34,35,36
899,5,6,14,15,16,24,25,26,27,34,35,36
900,5,6,14,15,16,24,25,26,27,34,35,36
901,5,6,14,15,16,17,24,25,26,27,34,35,36
902,5,6,14,15,16,17,24,25,26,27,34,35,36
903,5,6,14,15,16,17,24,25,26,27,34,35,36,37
904,5,6,14,15,16,17,24,25,26,27,34,35,36,37
905,5,6,14,15,16,17,24,25,26,27,34,35,36,37
906,5,6,14,15,16,17,24,25,26,27,34,35,36,37
907,5,6,14,15,16,17,24,25,26,27,35,36,37
908,5,6,14,15,16,17,24,25,26,27,35,36,37
909,6,7,14,15,16,17,24,25,26,27,35,36,37
910,6,7,14,15,16,17,24,25,26,27,35,36,37
911,6,7,15,16,17,25,26,27,35,36,37
912,6,7,15,16,17,25,26,27,35,36,37
913,6,7,15,16,17,25,26,27,35,36,37
914,6,7,15,16,17,25,26,27,35,36,37
915,6,7,15,16,17,25,26,27,28,35,36,37
916,6,7,15,16,17,25,26,27,28,35,36,37
917,6,7,15,16,17,25,26,27,28,35,36,37
918,6,7,15,16,17,25,26,27,28,35,36,37
919,6,7,15,16,17,25,26,27,35,36,37
920,6,7,15,16,17,25,26,27,35,36,37
921,6,7,15,16,17,25,26,27,35,36,37
922,6,7,15,16,17,25,26,27,35,36,37
923,5,6,7,15,16,17,25,26,27,35,36,37
924,5,6,7,15,16,17,25,26,27,35,36,37
925,5,6,7,14,15,16,17,24,25,26,27,35,36,37
926,5,6,7,14,15,16,17,24,25,26,27,35,36,37
927,5,6,7,14,15,16,17,24,25,26,27,35,36,37
928,5,6,7,14,15,16,17,24,25,26,27,35,36,37
929,4,5,6,7,14,15,16,17,24,25,26,27,35,36
930,4,5,6,7,14,15,16,17,24,25,26,27,35,36
931,4,5,6,7,14,15,16,17,24,25,26,27,35,36
932,4,5,6,7,14,15,16,17,24,25,26,27,35,36
933,4,5,6,7,14,15,16,17,24,25,26,27,35,36
934,4,5,6,7,14,15,16,17,24,25,26,27,35,36
935,4,5,6,7,14,15,16,17,24,25,26,27,35,36
936,4,5,6,7,14,15,16,17,24,25,26,27,35,36
937,4,5,6,7,14,15,16,17,24,25,26,27,35,36
938,4,5,6,7,14,15,16,17,24,25,26,27,35,36
939,4,5,6,7,14,15,16,17,24,25,26,27,35,36
940,4,5,6,7,14,15,16,17,24,25,26,27,35,36
941,4,5,6,7,14,15,16,17,24,25,26,27,34,35,36
942,4,5,6,7,14,15,16,17,24,25,26,27,34,35,36
943,5,6,14,15,16,17,24,25,26,27,34,35,36
944,5,6,14,15,16,17,24,25,26,27,34,35,36
945,5,6,14,15,16,17,24,25,26,27,34,35,36
946,5,6,14,15,16,17,24,25,26,27,34,35,36
947,14,15,16,17,24,25,26,27,34,35,36,37,45,46
948,14,15,16,17,24,25,26,27,34,35,36,37,45,46
949,14,15,16,17,24,25,26,27,34,35,36,37,45,46
950,14,15,16,17,24,25,26,27,34,35,36,37,45,46
951,15,16,17,24,25,26,27,34,35,36,37,45,46,47
952,15,16,17,24,25,26,27,34,35,36,37,45,46,47
953,15,16,17,24,25,26,27,34,35,36,37,45,46,47
954,15,16,17,24,25,26,27,34,35,36,37,45,46,47
955,15,16,17,24,25,26,27,34,35,36,37,45,46,47
956,15,16,17,24,25,26,27,34,35,36,37,45,46,47
957,15,16,17,25,26,27,35,36,37,45,46,47
958,15,16,17,25,26,27,35,36,37,45,46,47
959,15,16,17,25,26,27,35,36,37,45,46,47
960,15,16,17,25,26,27,35,36,37,45,46,47
961,15,16,17,25,26,27,28,35,36,37,38,45,46,47
962,15,16,17,25,26,27,28,35,36,37,38,45,46,47
963,15,16,17,25,26,27,28,35,36,37,38,45,46,47
964,15,16,17,25,26,27,28,35,36,37,38,45,46,47
965,15,16,17,25,26,27,28,35,36,37,38,46,47
966,15,16,17,25,26,27,28,35,36,37,38,46,47
967,15,16,17,25,26,27,28,35,36,37,38,46,47
968,15,16,17,25,26,27,28,35,36,37,38,46,47
969,15,16,17,18,25,26,27,28,35,36,37,38,46
970,15,16,17,18,25,26,27,28,35,36,37,38,46
971,15,16,17,18,25,26,27,28,35,36,37,38
972,15,16,17,18,25,26,27,28,35,36,37,38
973,15,16,17,18,25,26,27,28,35,36,37,38
974,15,16,17,18,25,26,27,28,35,36,37,38
975,15,16,17,18,25,26,27,28,35,36,37,38
976,15,16,17,18,25,26,27,28,35,36,37,38
977,6,7,15,16,17,18,25,26,27,28,35,36,37
978,6,7,15,16,17,18,25,26,27,28,35,36,37
979,6,7,15,16,17,18,25,26,27,28,35,36,37
980,6,7,15,16,17,18,25,26,27,28,35,36,37
981,15,16,17,18,25,26,27,28,35,36,37,38
982,15,16,17,18,25,26,27,28,35,36,37,38
983,15,16,17,18,25,26,27,28,35,36,37,38,46,47
984,15,16,17,18,25,26,27,28,35,36,37,38,46,47
985,15,16,17,18,25,26,27,28,35,36,37,38,46,47
986,15,16,17,18,25,26,27,28,35,36,37,38,46,47
987,16,17,18,25,26,27,28,35,36,37,38,46,47
988,16,17,18,25,26,27,28,35,36,37,38,46,47
989,16,17,18,25,26,27,28,35,36,37,38,46,47,48
990,16,17,18,25,26,27,28,35,36,37,38,46,47,48
991,16,17,18,25,26,27,28,35,36,37,38,46,47,48
992,16,17,18,25,26,27,28,35,36,37,38,46,47,48
993,16,17,18,25,26,27,28,35,36,37,38,46,47,48
994,16,17,18,25,26,27,28,35,36,37,38,46,47,48
995,16,17,18,25,26,27,28,35,36,37,38,46,47,48
996,16,17,18,25,26,27,28,35,36,37,38,46,47,48
997,16,17,18,25,26,27,28,35,36,37,38,46,47,48
998,16,17,18,25,26,27,28,35,36,37,38,46,47,48
999,16,17,18,25,26,27,28,35,36,37,38,46,47
1000,16,17,18,25,26,27,28,35,36,37,38,46,47
1001,15,16,17,18,25,26,27,28,35,36,37,38,46,47
1002,15,16,17,18,25,26,27,28,35,36,37,38,46,47
1003,15,16,17,18,25,26,27,28,35,36,37,38,46,47
1004,15,16,17,18,25,26,27,28,35,36,37,38,46,47
1005,15,16,17,18,25,26,27,28,35,36,37,38,46,47
1006,15,16,17,18,25,26,27,28,35,36,37,38,46,47
1007,15,16,17,25,26,27,28,35,36,37
1008,15,16,17,25,26,27,28,35,36,37
1009,6,15,16,17,25,26,27,35,36,37
1010,6,15,16,17,25,26,27,35,36,37
1011,6,7,15,16,17,25,26,27,35,36,37
1012,6,7,15,16,17,25,26,27,35,36,37
1013,6,7,14,15,16,17,24,25,26,27,35,36,37
1014,6,7,14,15,16,17,24,25,26,27,35,36,37
1015,5,6,7,14,15,16,17,24,25,26,27,35,36,37
1016,5,6,7,14,15,16,17,24,25,26,27,35,36,37
1017,5,6,7,14,15,16,17,24,25,26,27,35,36,37
1018,5,6,7,14,15,16,17,24,25,26,27,35,36,37
1019,5,6,14,15,16,17,24,25,26,27,34,35,36
1020,5,6,14,15,16,17,24,25,26,27,34,35,36
1021,5,6,14,15,16,17,24,25,26,27,34,35,36
1022,5,6,14,15,16,17,24,25,26,27,34,35,36
1023,5,6,14,15,16,24,25,26,34,35,36
1024,5,6,14,15,16,24,25,26,34,35,36
1025,4,5,6,13,14,15,16,23,24,25,26,34,35,36
1026,4,5,6,13,14,15,16,23,24,25,26,34,35,36
1027,4,5,6,13,14,15,16,23,24,25,26,34,35,36
1028,4,5,6,13,14,15,16,23,24,25,26,34,35,36
1029,4,5,6,13,14,15,16,23,24,25,26,34,35,36
1030,4,5,6,13,14,15,16,23,24,25,26,34,35,36
1031,4,5,6,13,14,15,16,23,24,25,26,34,35,36
1032,4,5,6,13,14,15,16,23,24,25,26,34,35,36
1033,4,5,6,13,14,15,16,23,24,25,26,34,35,36
1034,4,5,6,13,14,15,16,23,24,25,26,34,35,36
1035,4,5,6,13,14,15,16,23,24,25,26,34,35
1036,4,5,6,13,14,15,16,23,24,25,26,34,35
1037,4,5,6,13,14,15,16,23,24,25,26,34,35
1038,4,5,6,13,14,15,16,23,24,25,26,34,35
1039,3,4,5,6,13,14,15,16,23,24,25,26,34,35
1040,3,4,5,6,13,14,15,16,23,24,25,26,34,35
1041,3,4,5,6,13,14,15,16,23,24,25,26,34,35
1042,3,4,5,6,13,14,15,16,23,24,25,26,34,35
1043,3,4,5,6,13,14,15,16,23,24,25,26,34,35
1044,3,4,5,6,13,14,15,16,23,24,25,26,34,35
1045,3,4,5,6,13,14,15,16,23,24,25,26,34,35
1046,3,4,5,6,13,14,15,16,23,24,25,26,34,35
1047,3,4,5,6,13,14,15,16,23,24,25,26,34,35
1048,3,4,5,6,13,14,15,16,23,24,25,26,34,35
1049,3,4,5,6,13,14,15,16,23,24,25,26,34,35
1050,3,4,5,6,13,14,15,16,23,24,25,26,34,35
1051,4,5,6,13,14,15,16,23,24,25,26,34,35
1052,4,5,6,13,14,15,16,23,24,25,26,34,35
1053,3,4,5,6,13,14,15,16,23,24,25,26,34,35
1054,3,4,5,6,13,14,15,16,23,24,25,26,34,35
1055,3,4,5,6,13,14,15,16,23,24,25,26,34,35
1056,3,4,5,6,13,14,15,16,23,24,25,26,34,35
1057,3,4,5,6,13,14,15,16,23,24,25,26,34,35
1058,3,4,5,6,13,14,15,16,23,24,25,26,34,35
1059,3,4,5,6,13,14,15,16,23,24,25,26,34,35
1060,3,4,5,6,13,14,15,16,23,24,25,26,34,35
1061,3,4,5,6,13,14,15,16,23,24,25,26,34,35
1062,3,4,5,6,13,14,15,16,23,24,25,26,34,35
1063,3,4,5,6,13,14,15,16,23,24,25,26,34,35
1064,3,4,5,6,13,14,15,16,23,24,25,26,34,35
1065,4,5,6,13,14,15,16,23,24,25,26,34,35,36
1066,4,5,6,13,14,15,16,23,24,25,26,34,35,36
1067,4,5,6,13,14,15,16,23,24,25,26,34,35,36
1068,4,5,6,13,14,15,16,23,24,25,26,34,35,36
1069,4,5,6,13,14,15,16,23,24,25,26,34,35,36
1070,4,5,6,13,14,15,16,23,24,25,26,34,35,36
1071,5,6,14,15,16,24,25,26,34,35,36
1072,5,6,14,15,16,24,25,26,34,35,36
1073,5,6,14,15,16,17,24,25,26,27,34,35,36
1074,5,6,14,15,16,17,24,25,26,27,34,35,36
1075,6,14,15,16,17,24,25,26,27,34,35,36,37
1076,6,14,15,16,17,24,25,26,27,34,35,36,37
1077,14,15,16,17,24,25,26,27,34,35,36,37,45,46
1078,14,15,16,17,24,25,26,27,34,35,36,37,45,46
1079,15,16,17,24,25,26,27,34,35,36,37,45,46
1080,15,16,17,24,25,26,27,34,35,36,37,45,46
1081,15,16,17,24,25,26,27,34,35,36,37,45,46,47
1082,15,16,17,24,25,26,27,34,35,36,37,45,46,47
1083,15,16,17,24,25,26,27,34,35,36,37,45,46,47
1084,15,16,17,24,25,26,27,34,35,36,37,45,46,47
1085,15,16,17,24,25,26,27,34,35,36,37,45,46
1086,15,16,17,24,25,26,27,34,35,36,37,45,46
1087,15,16,17,24,25,26,27,35,36,37,45,46
1088,15,16,17,24,25,26,27,35,36,37,45,46
1089,15,16,17,25,26,27,35,36,37,46
1090,15,16,17,25,26,27,35,36,37,46
1091,15,16,17,25,26,27,35,36,37
1092,15,16,17,25,26,27,35,36,37
1093,6,15,16,17,25,26,27,35,36,37
1094,6,15,16,17,25,26,27,35,36,37
1095,6,15,16,17,25,26,27,35,36,37
1096,6,15,16,17,25,26,27,35,36,37
1097,6,7,15,16,17,25,26,27,35,36,37
1098,6,7,15,16,17,25,26,27,35,36,37
1099,6,7,15,16,17,25,26,27,28,35,36,37
1100,6,7,15,16,17,25,26,27,28,35,36,37
1101,6,7,15,16,17,25,26,27,28,35,36,37
1102,6,7,15,16,17,25,26,27,28,35,36,37
1103,6,7,15,16,17,18,25,26,27,28,35,36,37
1104,6,7,15,16,17,18,25,26,27,28,35,36,37
1105,6,7,15,16,17,18,25,26,27,28,35,36,37
1106,6,7,15,16,17,18,25,26,27,28,35,36,37
1107,6,7,15,16,17,18,25,26,27,28,35,36,37
1108,6,7,15,16,17,18,25,26,27,28,35,36,37
1109,6,7,15,16,17,18,25,26,27,28,35,36,37
1110,6,7,15,16,17,18,25,26,27,28,35,36,37
1111,6,7,15,16,17,18,25,26,27,28,35,36,37
1112,6,7,15,16,17,18,25,26,27,28,35,36,37
1113,6,7,15,16,17,18,25,26,27,28,35,36,37
1114,6,7,15,16,17,18,25,26,27,28,35,36,37
1115,6,7,15,16,17,18,25,26,27,28,35,36,37
1116,6,7,15,16,17,18,25,26,27,28,35,36,37
1117,6,7,15,16,17,18,25,26,27,28,35,36,37
1118,6,7,15,16,17,18,25,26,27,28,35,36,37
1119,6,7,15,16,17,18,25,26,27,28,35,36,37
1120,6,7,15,16,17,18,25,26,27,28,35,36,37
1121,6,7,15,16,17,18,25,26,27,28,35,36,37
1122,6,7,15,16,17,18,25,26,27,28,35,36,37
1123,6,7,15,16,17,18,25,26,27,28,35,36,37
1124,6,7,15,16,17,18,25,26,27,28,35,36,37
1125,6,7,15,16,17,18,25,26,27,28,35,36,37
1126,6,7,15,16,17,18,25,26,27,28,35,36,37
1127,6,7,15,16,17,18,25,26,27,28,35,36,37
1128,6,7,15,16,17,18,25,26,27,28,35,36,37
1129,6,7,15,16,17,18,25,26,27,28,35,36,37
1130,6,7,15,16,17,18,25,26,27,28,35,36,37
1131,6,7,15,16,17,18,25,26,27,28,35,36,37
1132,6,7,15,16,17,18,25,26,27,28,35,36,37
1133,6,7,15,16,17,18,25,26,27,28,35,36,37
1134,6,7,15,16,17,18,25,26,27,28,35,36,37
1135,6,7,15,16,17,18,25,26,27,28,35,36,37
1136,6,7,15,16,17,18,25,26,27,28,35,36,37
1137,6,7,15,16,17,18,25,26,27,28,35,36,37
1138,6,7,15,16,17,18,25,26,27,28,35,36,37
1139,6,7,15,16,17,25,26,27,28,35,36,37
1140,6,7,15,16,17,25,26,27,28,35,36,37
1141,6,7,15,16,17,25,26,27,28,35,36,37
1142,6,7,15,16,17,25,26,27,28,35,36,37
1143,6,7,15,16,17,25,26,27,35,36,37
1144,6,7,15,16,17,25,26,27,35,36,37
1145,6,7,15,16,17,25,26,27,35,36,37
1146,6,7,15,16,17,25,26,27,35,36,37
1147,6,7,15,16,17,25,26,27,35,36,37
1148,6,7,15,16,17,25,26,27,35,36,37
1149,6,7,15,16,17,25,26,27,35,36,37
1150,6,7,15,16,17,25,26,27,35,36,37
1151,6,7,15,16,17,25,26,27,35,36,37
1152,6,7,15,16,17,25,26,27,35,36,37
1153,6,7,15,16,17,25,26,27,35,36,37
1154,6,7,15,16,17,25,26,27,35,36,37
1155,6,7,15,16,17,25,26,27,35,36,37
1156,6,7,15,16,17,25,26,27,35,36,37
1157,6,7,15,16,17,25,26,27,35,36,37
1158,6,7,15,16,17,25,26,27,35,36,37
1159,6,7,15,16,17,25,26,27,35,36,37
1160,6,7,15,16,17,25,26,27,35,36,37
1161,6,7,15,16,17,25,26,27,35,36,37
1162,6,7,15,16,17,25,26,27,35,36,37
1163,6,7,15,16,17,25,26,27,35,36,37
1164,6,7,15,16,17,25,26,27,35,36,37
1165,6,7,15,16,17,25,26,27,35,36,37
1166,6,7,15,16,17,25,26,27,35,36,37
1167,6,7,15,16,17,25,26,27,35,36,37
1168,6,7,15,16,17,25,26,27,35,36,37
1169,6,7,15,16,17,25,26,27,35,36,37
1170,6,7,15,16,17,25,26,27,35,36,37
1171,6,7,15,16,17,25,26,27,35,36,37
1172,6,7,15,16,17,25,26,27,35,36,37
1173,6,7,15,16,17,25,26,27,35,36,37
1174,6,7,15,16,17,25,26,27,35,36,37
1175,6,7,15,16,17,25,26,27,35,36,37
1176,6,7,15,16,17,25,26,27,35,36,37
1177,6,7,15,16,17,25,26,27,35,36,37
1178,6,7,15,16,17,25,26,27,35,36,37
1179,6,7,15,16,17,25,26,27,35,36,37
1180,6,7,15,16,17,25,26,27,35,36,37
1181,6,7,15,16,17,25,26,27,35,36,37
1182,6,7,15,16,17,25,26,27,35,36,37
1183,6,7,15,16,17,25,26,27,35,36,37
1184,6,7,15,16,17,25,26,27,35,36,37
1185,6,7,15,16,17,25,26,27,35,36,37
1186,6,7,15,16,17,25,26,27,35,36,37
1187,6,7,15,16,17,25,26,27,35,36,37
1188,6,7,15,16,17,25,26,27,35,36,37
1189,6,7,15,16,17,25,26,27,35,36,37
1190,6,7,15,16,17,25,26,27,35,36,37
1191,6,7,15,16,17,25,26,27,35,36,37
1192,6,7,15,16,17,25,26,27,35,36,37
1193,6,7,15,16,17,25,26,27,35,36,37
1194,6,7,15,16,17,25,26,27,35,36,37
1195,6,7,15,16,17,25,26,27,35,36,37
1196,6,7,15,16,17,25,26,27,35,36,37
1197,6,7,15,16,17,25,26,27,35,36,37
1198,6,7,15,16,17,25,26,27,35,36,37
1199,6,7,15,16,17,25,26,27,28,35,36,37
1200,6,7,15,16,17,25,26,27,28,35,36,37
1201,6,7,15,16,17,25,26,27,28,35,36,37
1202,6,7,15,16,17,25,26,27,28,35,36,37
1203,6,7,15,16,17,25,26,27,35,36,37
1204,6,7,15,16,17,25,26,27,35,36,37
1205,6,7,15,16,17,25,26,27,35,36,37
1206,6,7,15,16,17,25,26,27,35,36,37
1207,6,7,15,16,17,25,26,27,35,36,37
1208,6,7,15,16,17,25,26,27,35,36,37
1209,6,7,15,16,17,25,26,27,35,36,37
1210,6,7,15,16,17,25,26,27,35,36,37
1211,6,7,15,16,17,25,26,27,35,36,37
1212,6,7,15,16,17,25,26,27,35,36,37
1213,6,7,15,16,17,25,26,27,35,36,37
1214,6,7,15,16,17,25,26,27,35,36,37
1215,6,7,15,16,17,25,26,27,35,36,37
1216,6,7,15,16,17,25,26,27,35,36,37
1217,6,7,15,16,17,25,26,27,35,36,37
1218,6,7,15,16,17,25,26,27,35,36,37
1219,6,7,15,16,17,25,26,27,35,36,37
1220,6,7,15,16,17,25,26,27,35,36,37
1221,6,7,15,16,17,25,26,27,35,36,37
1222,6,7,15,16,17,25,26,27,35,36,37
1223,6,7,15,16,17,25,26,27,35,36,37
1224,6,7,15,16,17,25,26,27,35,36,37
1225,6,7,15,16,17,25,26,27,35,36,37
1226,6,7,15,16,17,25,26,27,35,36,37
1227,6,7,15,16,17,25,26,27,35,36,37
1228,6,7,15,16,17,25,26,27,35,36,37
1229,6,15,16,17,25,26,27,35,36,37
1230,6,15,16,17,25,26,27,35,36,37
1231,6,15,16,17,25,26,27,35,36,37
1232,6,15,16,17,25,26,27,35,36,37
1233,6,15,16,17,25,26,27,35,36,37
1234,6,15,16,17,25,26,27,35,36,37
1235,6,15,16,17,25,26,27,35,36,37
1236,6,15,16,17,25,26,27,35,36,37
1237,6,15,16,17,24,25,26,27,35,36,37
1238,6,15,16,17,24,25,26,27,35,36,37
1239,6,14,15,16,17,24,25,26,27,35,36,37
1240,6,14,15,16,17,24,25,26,27,35,36,37
1241,6,14,15,16,17,24,25,26,27,35,36,37
1242,6,14,15,16,17,24,25,26,27,35,36,37
1243,6,14,15,16,17,24,25,26,27,35,36,37
1244,6,14,15,16,17,24,25,26,27,35,36,37
1245,6,14,15,16,17,24,25,26,27,34,35,36,37
1246,6,14,15,16,17,24,25,26,27,34,35,36,37
1247,6,14,15,16,17,24,25,26,27,34,35,36,37
1248,6,14,15,16,17,24,25,26,27,34,35,36,37
1249,5,6,14,15,16,17,24,25,26,27,34,35,36,37
1250,5,6,14,15,16,17,24,25,26,27,34,35,36,37
1251,5,6,14,15,16,17,24,25,26,27,34,35,36,37
1252,5,6,14,15,16,17,24,25,26,27,34,35,36,37
1253,5,6,14,15,16,17,24,25,26,27,34,35,36
1254,5,6,14,15,16,17,24,25,26,27,34,35,36
1255,5,6,14,15,16,17,24,25,26,27,34,35,36
1256,5,6,14,15,16,17,24,25,26,27,34,35,36
1257,5,6,14,15,16,17,24,25,26,27,34,35,36
1258,5,6,14,15,16,17,24,25,26,27,34,35,36
1259,4,5,6,14,15,16,24,25,26,34,35,36
1260,4,5,6,14,15,16,24,25,26,34,35,36
1261,4,5,6,14,15,16,24,25,26,34,35,36
1262,4,5,6,14,15,16,24,25,26,34,35,36
1263,4,5,6,13,14,15,16,23,24,25,26,34,35,36
1264,4,5,6,13,14,15,16,23,24,25,26,34,35,36
1265,3,4,5,6,13,14,15,16,17,23,24,25,26,34,35,36
1266,3,4,5,6,13,14,15,16,17,23,24,25,26,34,35,36
1267,3,4,5,6,7,13,14,15,16,17,23,24,25,26,34,35
1268,3,4,5,6,7,13,14,15,16,17,23,24,25,26,34,35
1269,3,4,5,6,7,13,14,15,16,17,23,24,25,26,34,35
1270,3,4,5,6,7,13,14,15,16,17,23,24,25,26,34,35
1271,3,4,5,6,7,13,14,15,16,17,23,24,25,26,34,35
1272,3,4,5,6,7,13,14,15,16,17,23,24,25,26,34,35
1273,4,5,6,7,13,14,15,16,17,24,25,26,27,34,35,36
1274,4,5,6,7,13,14,15,16,17,24,25,26,27,34,35,36
1275,4,5,6,14,15,16,17,24,25,26,27,34,35,36
1276,4,5,6,14,15,16,17,24,25,26,27,34,35,36
1277,5,6,14,15,16,17,24,25,26,27,34,35,36
1278,5,6,14,15,16,17,24,25,26,27,34,35,36
1279,5,6,14,15,16,17,24,25,26,27,34,35,36,37
1280,5,6,14,15,16,17,24,25,26,27,34,35,36,37
1281,14,15,16,17,24,25,26,27,34,35,36,37
1282,14,15,16,17,24,25,26,27,34,35,36,37
1283,15,16,17,24,25,26,27,34,35,36,37,45,46,47
1284,15,16,17,24,25,26,27,34,35,36,37,45,46,47
1285,15,16,17,25,26,27,35,36,37,45,46,47
1286,15,16,17,25,26,27,35,36,37,45,46,47
1287,16,17,25,26,27,28,35,36,37,38,45,46,47
1288,16,17,25,26,27,28,35,36,37,38,45,46,47
1289,16,17,25,26,27,28,35,36,37,38,45,46,47
1290,16,17,25,26,27,28,35,36,37,38,45,46,47
1291,16,17,25,26,27,28,35,36,37,38,45,46,47
1292,16,17,25,26,27,28,35,36,37,38,45,46,47
1293,16,17,25,26,27,28,35,36,37,38,45,46,47
1294,16,17,25,26,27,28,35,36,37,38,45,46,47
1295,16,17,25,26,27,28,35,36,37,38,45,46,47
1296,16,17,25,26,27,28,35,36,37,38,45,46,47
1297,16,17,25,26,27,28,35,36,37,38,45,46,47
1298,16,17,25,26,27,28,35,36,37,38,45,46,47
1299,16,17,25,26,27,28,35,36,37,38,45,46,47
1300,16,17,25,26,27,28,35,36,37,38,45,46,47
1301,16,17,25,26,27,28,35,36,37,38,45,46,47
1302,16,17,25,26,27,28,35,36,37,38,45,46,47
1303,15,16,17,25,26,27,28,35,36,37,38,45,46,47
1304,15,16,17,25,26,27,28,35,36,37,38,45,46,47
1305,15,16,17,25,26,27,28,35,36,37,38,45,46,47
1306,15,16,17,25,26,27,28,35,36,37,38,45,46,47
1307,15,16,17,18,25,26,27,28,35,36,37,38,46,47
1308,15,16,17,18,25,26,27,28,35,36,37,38,46,47
1309,15,16,17,18,25,26,27,28,35,36,37,38
1310,15,16,17,18,25,26,27,28,35,36,37,38
1311,7,15,16,17,18,25,26,27,28,35,36,37,38
1312,7,15,16,17,18,25,26,27,28,35,36,37,38
1313,6,7,15,16,17,18,25,26,27,28,35,36,37,38
1314,6,7,15,16,17,18,25,26,27,28,35,36,37,38
1315,6,7,15,16,17,18,25,26,27,28,35,36,37,38
1316,6,7,15,16,17,18,25,26,27,28,35,36,37,38
1317,6,7,15,16,17,18,25,26,27,28,35,36,37,38
1318,6,7,15,16,17,18,25,26,27,28,35,36,37,38
1319,6,7,15,16,17,18,25,26,27,28,35,36,37,38
1320,6,7,15,16,17,18,25,26,27,28,35,36,37,38
1321,6,7,15,16,17,18,25,26,27,28,35,36,37
1322,6,7,15,16,17,18,25,26,27,28,35,36,37
1323,6,7,15,16,17,18,25,26,27,28,35,36,37
1324,6,7,15,16,17,18,25,26,27,28,35,36,37
1325,6,7,15,16,17,18,25,26,27,28,35,36,37
1326,6,7,15,16,17,18,25,26,27,28,35,36,37
1327,6,7,15,16,17,18,25,26,27,28,35,36,37
1328,6,7,15,16,17,18,25,26,27,28,35,36,37
1329,6,7,15,16,17,18,25,26,27,28,35,36,37
1330,6,7,15,16,17,18,25,26,27,28,35,36,37
1331,6,7,8,15,16,17,18,25,26,27,28,35,36,37
1332,6,7,8,15,16,17,18,25,26,27,28,35,36,37
1333,6,7,8,15,16,17,18,25,26,27,28,35,36,37
1334,6,7,8,15,16,17,18,25,26,27,28,35,36,37
1335,6,7,15,16,17,18,25,26,27,28,35,36,37
1336,6,7,15,16,17,18,25,26,27,28,35,36,37
1337,6,7,15,16,17,18,25,26,27,28,35,36,37
1338,6,7,15,16,17,18,25,26,27,28,35,36,37
1339,6,7,15,16,17,18,25,26,27,28,35,36,37
1340,6,7,15,16,17,18,25,26,27,28,35,36,37
1341,6,7,15,16,17,18,25,26,27,28,35,36,37
1342,6,7,15,16,17,18,25,26,27,28,35,36,37
1343,6,7,15,16,17,25,26,27,35,36,37
1344,6,7,15,16,17,25,26,27,35,36,37
1345,6,7,15,16,17,25,26,27,35,36,37
1346,6,7,15,16,17,25,26,27,35,36,37
1347,5,6,7,14,15,16,17,24,25,26,27,35,36,37
1348,5,6,7,14,15,16,17,24,25,26,27,35,36,37
1349,5,6,7,14,15,16,17,24,25,26,27,35,36,37
1350,5,6,7,14,15,16,17,24,25,26,27,35,36,37
1351,6,14,15,16,17,24,25,26,27,35,36,37
1352,6,14,15,16,17,24,25,26,27,35,36,37
1353,6,14,15,16,17,24,25,26,27,34,35,36,37
1354,6,14,15,16,17,24,25,26,27,34,35,36,37
1355,14,15,16,17,24,25,26,27,34,35,36,37,45,46
1356,14,15,16,17,24,25,26,27,34,35,36,37,45,46
1357,14,15,16,24,25,26,27,34,35,36,37,45,46
1358,14,15,16,24,25,26,27,34,35,36,37,45,46
1359,14,15,16,24,25,26,27,34,35,36,37,44,45,46
1360,14,15,16,24,25,26,27,34,35,36,37,44,45,46
1361,14,15,16,24,25,26,27,34,35,36,44,45,46
1362,14,15,16,24,25,26,27,34,35,36,44,45,46
1363,14,15,16,24,25,26,34,35,36,44,45,46
1364,14,15,16,24,25,26,34,35,36,44,45,46
1365,14,15,16,24,25,26,34,35,36,44,45
1366,14,15,16,24,25,26,34,35,36,44,45
1367,14,15,16,23,24,25,26,34,35,36,44,45
1368,14,15,16,23,24,25,26,34,35,36,44,45
1369,13,14,15,16,23,24,25,26,33,34,35,36
1370,13,14,15,16,23,24,25,26,33,34,35,36
1371,5,13,14,15,16,23,24,25,26,33,34,35,36
1372,5,13,14,15,16,23,24,25,26,33,34,35,36
1373,5,13,14,15,16,23,24,25,26,34,35,36
1374,5,13,14,15,16,23,24,25,26,34,35,36
1375,4,5,13,14,15,16,23,24,25,26,34,35,36
1376,4,5,13,14,15,16,23,24,25,26,34,35,36
1377,4,5,6,13,14,15,16,23,24,25,26,34,35,36
1378,4,5,6,13,14,15,16,23,24,25,26,34,35,36
1379,4,5,6,13,14,15,16,23,24,25,26,34,35,36
1380,4,5,6,13,14,15,16,23,24,25,26,34,35,36
1381,4,5,6,13,14,15,16,23,24,25,26,34,35,36
1382,4,5,6,13,14,15,16,23,24,25,26,34,35,36
1383,3,4,5,6,13,14,15,16,23,24,25,26,34,35
1384,3,4,5,6,13,14,15,16,23,24,25,26,34,35
1385,3,4,5,6,13,14,15,16,23,24,25,26,34,35
1386,3,4,5,6,13,14,15,16,23,24,25,26,34,35
1387,3,4,5,6,13,14,15,16,23,24,25,26,34,35
1388,3,4,5,6,13,14,15,16,23,24,25,26,34,35
1389,3,4,5,6,13,14,15,16,23,24,25,26,34,35
1390,3,4,5,6,13,14,15,16,23,24,25,26,34,35
1391,3,4,5,6,13,14,15,16,23,24,25,26,34,35
1392,3,4,5,6,13,14,15,16,23,24,25,26,34,35
1393,3,4,5,6,13,14,15,16,23,24,25,26,34,35
1394,3,4,5,6,13,14,15,16,23,24,25,26,34,35
1395,3,4,5,6,13,14,15,16,23,24,25,26,34,35
1396,3,4,5,6,13,14,15,16,23,24,25,26,34,35
1397,3,4,5,6,13,14,15,16,23,24,25,26,34,35,36
1398,3,4,5,6,13,14,15,16,23,24,25,26,34,35,36
1399,3,4,5,6,13,14,15,16,23,24,25,26,34,35,36
1400,3,4,5,6,13,14,15,16,23,24,25,26,34,35,36
1401,4,5,6,13,14,15,16,23,24,25,26,34,35,36
1402,4,5,6,13,14,15,16,23,24,25,26,34,35,36
1403,4,5,6,14,15,16,17,24,25,26,34,35,36
1404,4,5,6,14,15,16,17,24,25,26,34,35,36
1405,4,5,6,14,15,16,17,24,25,26,27,34,35,36
1406,4,5,6,14,15,16,17,24,25,26,27,34,35,36
1407,5,6,14,15,16,17,24,25,26,27,34,35,36
1408,5,6,14,15,16,17,24,25,26,27,34,35,36
1409,5,6,14,15,16,17,24,25,26,27,34,35,36
1410,5,6,14,15,16,17,24,25,26,27,34,35,36
1411,14,15,16,17,24,25,26,27,34,35,36,37
1412,14,15,16,17,24,25,26,27,34,35,36,37
1413,14,15,16,17,24,25,26,27,34,35,36,37,45,46
1414,14,15,16,17,24,25,26,27,34,35,36,37,45,46
1415,14,15,16,17,24,25,26,27,34,35,36,37,45,46
1416,14,15,16,17,24,25,26,27,34,35,36,37,45,46
1417,15,16,17,24,25,26,27,34,35,36,37,45,46,47
1418,15,16,17,24,25,26,27,34,35,36,37,45,46,47
1419,15,16,17,24,25,26,27,34,35,36,37,45,46,47
1420,15,16,17,24,25,26,27,34,35,36,37,45,46,47
1421,15,16,17,25,26,27,35,36,37,45,46,47
1422,15,16,17,25,26,27,35,36,37,45,46,47
1423,15,16,17,25,26,27,28,35,36,37,38,46,47
1424,15,16,17,25,26,27,28,35,36,37,38,46,47
1425,15,16,17,18,25,26,27,28,35,36,37,38,46,47
1426,15,16,17,18,25,26,27,28,35,36,37,38,46,47
1427,15,16,17,18,25,26,27,28,35,36,37,38
1428,15,16,17,18,25,26,27,28,35,36,37,38
1429,7,15,16,17,18,25,26,27,28,35,36,37,38
1430,7,15,16,17,18,25,26,27,28,35,36,37,38
1431,6,7,15,16,17,18,25,26,27,28,35,36,37,38
1432,6,7,15,16,17,18,25,26,27,28,35,36,37,38
1433,6,7,15,16,17,18,25,26,27,28,36,37,38
1434,6,7,15,16,17,18,25,26,27,28,36,37,38
1435,6,7,8,15,16,17,18,25,26,27,28,36,37,38
1436,6,7,8,15,16,17,18,25,26,27,28,36,37,38
1437,6,7,8,15,16,17,18,25,26,27,28,36,37,38
1438,6,7,8,15,16,17,18,25,26,27,28,36,37,38
1439,6,7,8,15,16,17,18,25,26,27,28,36,37,38
1440,6,7,8,15,16,17,18,25,26,27,28,36,37,38
1441,6,7,8,15,16,17,18,25,26,27,28,36,37,38
1442,6,7,8,15,16,17,18,25,26,27,28,36,37,38
1443,6,7,8,15,16,17,18,25,26,27,28,36,37,38
1444,6,7,8,15,16,17,18,25,26,27,28,36,37,38
1445,6,7,8,15,16,17,18,25,26,27,28,36,37,38
1446,6,7,8,15,16,17,18,25,26,27,28,36,37,38
1447,6,7,8,15,16,17,18,25,26,27,28,36,37,38
1448,6,7,8,15,16,17,18,25,26,27,28,36,37,38
1449,6,7,8,15,16,17,18,25,26,27,28,36,37,38
1450,6,7,8,15,16,17,18,25,26,27,28,36,37,38
1451,6,7,8,15,16,17,18,25,26,27,28,36,37,38
1452,6,7,8,15,16,17,18,25,26,27,28,36,37,38
1453,6,7,8,15,16,17,18,25,26,27,28,36,37,38
1454,6,7,8,15,16,17,18,25,26,27,28,36,37,38
1455,5,6,7,8,15,16,17,18,25,26,27,28,36,37
1456,5,6,7,8,15,16,17,18,25,26,27,28,36,37
1457,5,6,7,8,15,16,17,18,25,26,27,28,36,37
1458,5,6,7,8,15,16,17,18,25,26,27,28,36,37
1459,5,6,7,8,15,16,17,18,25,26,27,28,36,37
1460,5,6,7,8,15,16,17,18,25,26,27,28,36,37
1461,5,6,7,8,15,16,17,18,25,26,27,28,36,37
1462,5,6,7,8,15,16,17,18,25,26,27,28,36,37
1463,5,6,7,8,15,16,17,18,25,26,27,28,36,37
1464,5,6,7,8,15,16,17,18,25,26,27,28,36,37
1465,5,6,7,8,15,16,17,18,25,26,27,28,36,37
1466,5,6,7,8,15,16,17,18,25,26,27,28,36,37
1467,5,6,7,8,15,16,17,18,25,26,27,28,36,37
1468,5,6,7,8,15,16,17,18,25,26,27,28,36,37
1469,5,6,7,8,15,16,17,18,25,26,27,28,36,37
1470,5,6,7,8,15,16,17,18,25,26,27,28,36,37
1471,6,7,8,15,16,17,18,25,26,27,28,36,37
1472,6,7,8,15,16,17,18,25,26,27,28,36,37
1473,6,7,15,16,17,18,25,26,27,28,35,36,37,38
1474,6,7,15,16,17,18,25,26,27,28,35,36,37,38
1475,6,7,15,16,17,18,25,26,27,28,35,36,37,38
1476,6,7,15,16,17,18,25,26,27,28,35,36,37,38
1477,6,7,15,16,17,18,25,26,27,28,35,36,37,38
1478,6,7,15,16,17,18,25,26,27,28,35,36,37,38
1479,6,7,15,16,17,18,25,26,27,28,35,36,37,38
1480,6,7,15,16,17,18,25,26,27,28,35,36,37,38
1481,6,7,15,16,17,18,25,26,27,28,35,36,37,38
1482,6,7,15,16,17,18,25,26,27,28,35,36,37,38
1483,6,7,15,16,17,18,25,26,27,28,35,36,37,38
1484,6,7,15,16,17,18,25,26,27,28,35,36,37,38
1485,6,7,15,16,17,18,25,26,27,28,35,36,37,38
1486,6,7,15,16,17,18,25,26,27,28,35,36,37,38
1487,6,7,15,16,17,18,25,26,27,28,35,36,37,38
1488,6,7,15,16,17,18,25,26,27,28,35,36,37,38
1489,6,7,15,16,17,18,25,26,27,28,35,36,37,38
1490,6,7,15,16,17,18,25,26,27,28,35,36,37,38
1491,6,7,15,16,17,18,25,26,27,28,35,36,37,38
1492,6,7,15,16,17,18,25,26,27,28,35,36,37,38
1493,6,7,15,16,17,18,25,26,27,28,35,36,37,38
1494,6,7,15,16,17,18,25,26,27,28,35,36,37,38
1495,6,7,15,16,17,18,25,26,27,28,35,36,37,38
1496,6,7,15,16,17,18,25,26,27,28,35,36,37,38
1497,6,7,15,16,17,18,25,26,27,28,35,36,37,38
1498,6,7,15,16,17,18,25,26,27,28,35,36,37,38
1499,6,7,15,16,17,18,25,26,27,28,35,36,37,38
1500,6,7,15,16,17,18,25,26,27,28,35,36,37,38
1501,6,7,15,16,17,18,25,26,27,28,35,36,37,38
1502,6,7,15,16,17,18,25,26,27,28,35,36,37,38
1503,6,7,15,16,17,18,25,26,27,28,35,36,37,38
1504,6,7,15,16,17,18,25,26,27,28,35,36,37,38
1505,6,7,15,16,17,18,25,26,27,28,35,36,37,38
1506,6,7,15,16,17,18,25,26,27,28,35,36,37,38
1507,6,7,15,16,17,18,25,26,27,28,35,36,37,38
1508,6,7,15,16,17,18,25,26,27,28,35,36,37,38
1509,6,7,15,16,17,18,25,26,27,28,35,36,37,38
1510,6,7,15,16,17,18,25,26,27,28,35,36,37,38
1511,6,7,15,16,17,18,25,26,27,28,35,36,37,38
1512,6,7,15,16,17,18,25,26,27,28,35,36,37,38
1513,6,7,15,16,17,18,25,26,27,28,35,36,37,38
1514,6,7,15,16,17,18,25,26,27,28,35,36,37,38
1515,6,7,15,16,17,18,25,26,27,28,35,36,37,38
1516,6,7,15,16,17,18,25,26,27,28,35,36,37,38
1517,6,7,15,16,17,18,25,26,27,28,35,36,37,38
1518,6,7,15,16,17,18,25,26,27,28,35,36,37,38
1519,6,7,15,16,17,18,25,26,27,28,35,36,37,38
1520,6,7,15,16,17,18,25,26,27,28,35,36,37,38
1521,6,7,15,16,17,18,25,26,27,28,35,36,37,38
1522,6,7,15,16,17,18,25,26,27,28,35,36,37,38
1523,6,7,15,16,17,18,25,26,27,28,35,36,37
1524,6,7,15,16,17,18,25,26,27,28,35,36,37
1525,6,7,15,16,17,18,25,26,27,28,35,36,37
1526,6,7,15,16,17,18,25,26,27,28,35,36,37
1527,6,7,15,16,17,25,26,27,28,35,36,37
1528,6,7,15,16,17,25,26,27,28,35,36,37
1529,6,15,16,17,25,26,27,35,36,37
1530,6,15,16,17,25,26,27,35,36,37
1531,6,15,16,17,25,26,27,35,36,37
1532,6,15,16,17,25,26,27,35,36,37
1533,6,14,15,16,17,24,25,26,27,35,36,37
1534,6,14,15,16,17,24,25,26,27,35,36,37
1535,6,14,15,16,17,24,25,26,27,34,35,36,37
1536,6,14,15,16,17,24,25,26,27,34,35,36,37
1537,6,14,15,16,17,24,25,26,27,34,35,36,37
1538,6,14,15,16,17,24,25,26,27,34,35,36,37
1539,6,14,15,16,17,24,25,26,27,34,35,36,37
1540,6,14,15,16,17,24,25,26,27,34,35,36,37
1541,6,14,15,16,17,24,25,26,27,34,35,36,37
1542,6,14,15,16,17,24,25,26,27,34,35,36,37
1543,5,6,14,15,16,17,24,25,26,27,34,35,36
1544,5,6,14,15,16,17,24,25,26,27,34,35,36
1545,5,6,14,15,16,24,25,26,34,35,36
1546,5,6,14,15,16,24,25,26,34,35,36
1547,5,6,14,15,16,23,24,25,26,34,35,36
1548,5,6,14,15,16,23,24,25,26,34,35,36
1549,5,13,14,15,16,23,24,25,26,34,35,36
1550,5,13,14,15,16,23,24,25,26,34,35,36
1551,4,5,13,14,15,16,23,24,25,26,33,34,35,36
1552,4,5,13,14,15,16,23,24,25,26,33,34,35,36
1553,4,5,13,14,15,16,23,24,25,26,33,34,35,36
1554,4,5,13,14,15,16,23,24,25,26,33,34,35,36
1555,4,5,13,14,15,16,23,24,25,26,33,34,35,36
1556,4,5,13,14,15,16,23,24,25,26,33,34,35,36
1557,4,5,13,14,15,23,24,25,26,33,34,35
1558,4,5,13,14,15,23,24,25,26,33,34,35
1559,4,13,14,15,23,24,25,33,34,35
1560,4,13,14,15,23,24,25,33,34,35
1561,4,5,12,13,14,15,22,23,24,25,33,34,35
1562,4,5,12,13,14,15,22,23,24,25,33,34,35
1563,3,4,5,12,13,14,15,22,23,24,25,33,34,35
1564,3,4,5,12,13,14,15,22,23,24,25,33,34,35
1565,3,4,12,13,14,15,22,23,24,25,33,34,35
1566,3,4,12,13,14,15,22,23,24,25,33,34,35
1567,3,4,12,13,14,15,22,23,24,25,32,33,34,35
1568,3,4,12,13,14,15,22,23,24,25,32,33,34,35
1569,3,4,12,13,14,15,22,23,24,25,32,33,34,35
1570,3,4,12,13,14,15,22,23,24,25,32,33,34,35
1571,3,4,12,13,14,15,22,23,24,25,32,33,34
1572,3,4,12,13,14,15,22,23,24,25,32,33,34
1573,3,4,12,13,14,15,22,23,24,25,32,33,34
1574,3,4,12,13,14,15,22,23,24,25,32,33,34
1575,3,4,12,13,14,15,22,23,24,25,32,33,34
1576,3,4,12,13,14,15,22,23,24,25,32,33,34
1577,3,4,12,13,14,15,22,23,24,25,32,33,34
1578,3,4,12,13,14,15,22,23,24,25,32,33,34
1579,3,4,12,13,14,22,23,24,32,33,34
1580,3,4,12,13,14,22,23,24,32,33,34
1581,3,4,12,13,14,22,23,24,32,33,34
1582,3,4,12,13,14,22,23,24,32,33,34
1583,2,3,4,12,13,14,22,23,24,32,33,34
1584,2,3,4,12,13,14,22,23,24,32,33,34
1585,2,3,4,11,12,13,14,21,22,23,24,32,33,34
1586,2,3,4,11,12,13,14,21,22,23,24,32,33,34
1587,2,3,4,11,12,13,14,21,22,23,24,32,33,34
1588,2,3,4,11,12,13,14,21,22,23,24,32,33,34
1589,2,3,4,11,12,13,14,21,22,23,24,32,33,34
1590,2,3,4,11,12,13,14,21,22,23,24,32,33,34
1591,2,3,4,11,12,13,14,21,22,23,24,32,33,34
1592,2,3,4,11,12,13,14,21,22,23,24,32,33,34
1593,2,3,4,11,12,13,14,21,22,23,24,32,33,34
1594,2,3,4,11,12,13,14,21,22,23,24,32,33,34
1595,2,3,4,11,12,13,14,21,22,23,24,32,33,34
1596,2,3,4,11,12,13,14,21,22,23,24,32,33,34
1597,2,3,4,11,12,13,14,21,22,23,24,32,33,34
1598,2,3,4,11,12,13,14,21,22,23,24,32,33,34
1599,2,3,4,11,12,13,14,21,22,23,24,32,33,34
1600,2,3,4,11,12,13,14,21,22,23,24,32,33,34
1601,2,3,4,12,13,14,22,23,24,32,33,34
1602,2,3,4,12,13,14,22,23,24,32,33,34
1603,3,4,12,13,14,22,23,24,32,33,34
1604,3,4,12,13,14,22,23,24,32,33,34
1605,3,4,12,13,14,22,23,24,32,33,34
1606,3,4,12,13,14,22,23,24,32,33,34
1607,3,4,12,13,14,22,23,24,32,33,34
1608,3,4,12,13,14,22,23,24,32,33,34
1609,3,4,12,13,14,22,23,24,32,33,34
1610,3,4,12,13,14,22,23,24,32,33,34
1611,3,4,12,13,14,22,23,24,32,33,34
1612,3,4,12,13,14,22,23,24,32,33,34
1613,3,4,12,13,14,22,23,24,32,33,34
1614,3,4,12,13,14,22,23,24,32,33,34
1615,3,4,12,13,14,22,23,24,32,33,34
1616,3,4,12,13,14,22,23,24,32,33,34
1617,3,4,12,13,14,22,23,24,32,33,34
1618,3,4,12,13,14,22,23,24,32,33,34
1619,3,4,12,13,14,22,23,24,32,33,34
1620,3,4,12,13,14,22,23,24,32,33,34
1621,3,4,12,13,14,22,23,24,32,33,34
1622,3,4,12,13,14,22,23,24,32,33,34
1623,3,4,12,13,14,15,22,23,24,25,32,33,34
1624,3,4,12,13,14,15,22,23,24,25,32,33,34
1625,4,12,13,14,15,22,23,24,25,32,33,34,35
1626,4,12,13,14,15,22,23,24,25,32,33,34,35
1627,12,13,14,15,22,23,24,25,32,33,34,35
1628,12,13,14,15,22,23,24,25,32,33,34,35
1629,13,14,15,23,24,25,33,34,35
1630,13,14,15,23,24,25,33,34,35
1631,13,14,15,23,24,25,26,33,34,35
1632,13,14,15,23,24,25,26,33,34,35
1633,13,14,15,16,23,24,25,26,33,34,35,36
1634,13,14,15,16,23,24,25,26,33,34,35,36
1635,13,14,15,16,23,24,25,26,33,34,35,36
1636,13,14,15,16,23,24,25,26,33,34,35,36
1637,5,13,14,15,16,23,24,25,26,34,35,36
1638,5,13,14,15,16,23,24,25,26,34,35,36
1639,5,6,14,15,16,24,25,26,34,35,36
1640,5,6,14,15,16,24,25,26,34,35,36
1641,5,6,14,15,16,24,25,26,34,35,36
1642,5,6,14,15,16,24,25,26,34,35,36
1643,5,6,14,15,16,17,24,25,26,27,34,35,36
1644,5,6,14,15,16,17,24,25,26,27,34,35,36
1645,5,6,14,15,16,17,24,25,26,27,34,35,36
1646,5,6,14,15,16,17,24,25,26,27,34,35,36
1647,5,6,14,15,16,17,24,25,26,27,34,35,36
1648,5,6,14,15,16,17,24,25,26,27,34,35,36
1649,5,6,14,15,16,17,24,25,26,27,34,35,36
1650,5,6,14,15,16,17,24,25,26,27,34,35,36
1651,5,6,7,14,15,16,17,24,25,26,27,34,35,36
1652,5,6,7,14,15,16,17,24,25,26,27,34,35,36
1653,5,6,7,14,15,16,17,24,25,26,27,34,35,36
1654,5,6,7,14,15,16,17,24,25,26,27,34,35,36
1655,5,6,7,14,15,16,17,24,25,26,27,35,36
1656,5,6,7,14,15,16,17,24,25,26,27,35,36
1657,5,6,7,14,15,16,17,24,25,26,27,35,36
1658,5,6,7,14,15,16,17,24,25,26,27,35,36
1659,5,6,7,14,15,16,17,24,25,26,27,35,36
1660,5,6,7,14,15,16,17,24,25,26,27,35,36
1661,5,6,7,14,15,16,17,24,25,26,27,35,36
1662,5,6,7,14,15,16,17,24,25,26,27,35,36
1663,5,6,7,14,15,16,17,24,25,26,27,35,36,37
1664,5,6,7,14,15,16,17,24,25,26,27,35,36,37
1665,5,6,7,14,15,16,17,24,25,26,27,35,36,37
1666,5,6,7,14,15,16,17,24,25,26,27,35,36,37
1667,5,6,7,14,15,16,17,24,25,26,27,35,36,37
1668,5,6,7,14,15,16,17,24,25,26,27,35,36,37
1669,5,6,7,14,15,16,17,24,25,26,27,35,36,37
1670,5,6,7,14,15,16,17,24,25,26,27,35,36,37
1671,6,7,14,15,16,17,24,25,26,27,35,36,37
1672,6,7,14,15,16,17,24,25,26,27,35,36,37
1673,6,7,15,16,17,25,26,27,35,36,37
1674,6,7,15,16,17,25,26,27,35,36,37
1675,6,7,15,16,17,25,26,27,35,36,37
1676,6,7,15,16,17,25,26,27,35,36,37
1677,6,7,15,16,17,25,26,27,35,36,37
1678,6,7,15,16,17,25,26,27,35,36,37
1679,6,7,15,16,17,25,26,27,35,36,37
1680,6,7,15,16,17,25,26,27,35,36,37
1681,6,7,15,16,17,25,26,27,35,36,37
1682,6,7,15,16,17,25,26,27,35,36,37
1683,6,7,15,16,17,25,26,27,35,36,37
1684,6,7,15,16,17,25,26,27,35,36,37
1685,6,7,15,16,17,25,26,27,35,36,37
1686,6,7,15,16,17,25,26,27,35,36,37
1687,6,7,15,16,17,25,26,27,35,36,37
1688,6,7,15,16,17,25,26,27,35,36,37
1689,6,7,15,16,17,25,26,27,28,35,36,37
1690,6,7,15,16,17,25,26,27,28,35,36,37
1691,6,7,15,16,17,25,26,27,28,35,36,37
1692,6,7,15,16,17,25,26,27,28,35,36,37
1693,6,7,15,16,17,25,26,27,28,35,36,37
1694,6,7,15,16,17,25,26,27,28,35,36,37
1695,6,7,15,16,17,25,26,27,28,35,36,37
1696,6,7,15,16,17,25,26,27,28,35,36,37
1697,6,7,15,16,17,18,25,26,27,28,35,36,37
1698,6,7,15,16,17,18,25,26,27,28,35,36,37
1699,6,7,15,16,17,18,25,26,27,28,35,36,37
1700,6,7,15,16,17,18,25,26,27,28,35,36,37
1701,6,7,15,16,17,18,25,26,27,28,35,36,37
1702,6,7,15,16,17,18,25,26,27,28,35,36,37
1703,6,7,15,16,17,18,25,26,27,28,35,36,37
1704,6,7,15,16,17,18,25,26,27,28,35,36,37
1705,6,7,15,16,17,18,25,26,27,28,35,36,37
1706,6,7,15,16,17,18,25,26,27,28,35,36,37
1707,6,7,15,16,17,18,25,26,27,28,35,36,37
1708,6,7,15,16,17,18,25,26,27,28,35,36,37
1709,6,7,15,16,17,18,25,26,27,28,35,36,37
1710,6,7,15,16,17,18,25,26,27,28,35,36,37
1711,6,7,15,16,17,25,26,27,28,35,36,37
1712,6,7,15,16,17,25,26,27,28,35,36,37
1713,6,7,15,16,17,25,26,27,35,36,37
1714,6,7,15,16,17,25,26,27,35,36,37
1715,6,7,15,16,17,25,26,27,35,36,37
1716,6,7,15,16,17,25,26,27,35,36,37
1717,6,7,15,16,17,25,26,27,35,36,37
1718,6,7,15,16,17,25,26,27,35,36,37
1719,6,7,15,16,17,25,26,27,35,36,37
1720,6,7,15,16,17,25,26,27,35,36,37
1721,6,7,15,16,17,25,26,27,35,36,37
1722,6,7,15,16,17,25,26,27,35,36,37
1723,6,7,15,16,17,25,26,27,35,36,37
1724,6,7,15,16,17,25,26,27,35,36,37
1725,6,7,15,16,17,24,25,26,27,35,36,37
1726,6,7,15,16,17,24,25,26,27,35,36,37
1727,6,14,15,16,17,24,25,26,27,35,36,37
1728,6,14,15,16,17,24,25,26,27,35,36,37
1729,6,14,15,16,17,24,25,26,27,35,36,37
1730,6,14,15,16,17,24,25,26,27,35,36,37
1731,6,14,15,16,17,24,25,26,27,35,36,37
1732,6,14,15,16,17,24,25,26,27,35,36,37
1733,5,6,14,15,16,17,24,25,26,27,34,35,36,37
1734,5,6,14,15,16,17,24,25,26,27,34,35,36,37
1735,5,6,14,15,16,17,24,25,26,27,34,35,36,37
1736,5,6,14,15,16,17,24,25,26,27,34,35,36,37
1737,5,6,14,15,16,17,24,25,26,27,34,35,36,37
1738,5,6,14,15,16,17,24,25,26,27,34,35,36,37
1739,5,6,14,15,16,17,24,25,26,27,34,35,36,37
1740,5,6,14,15,16,17,24,25,26,27,34,35,36,37
1741,5,6,14,15,16,17,24,25,26,27,34,35,36
1742,5,6,14,15,16,17,24,25,26,27,34,35,36
1743,5,6,14,15,16,17,24,25,26,27,34,35,36
1744,5,6,14,15,16,17,24,25,26,27,34,35,36
1745,5,6,14,15,16,17,24,25,26,27,34,35,36
1746,5,6,14,15,16,17,24,25,26,27,34,35,36
1747,5,6,14,15,16,24,25,26,34,35,36
1748,5,6,14,15,16,24,25,26,34,35,36
1749,4,5,6,14,15,16,24,25,26,34,35,36
1750,4,5,6,14,15,16,24,25,26,34,35,36
1751,4,5,6,13,14,15,16,23,24,25,26,34,35,36
1752,4,5,6,13,14,15,16,23,24,25,26,34,35,36
1753,4,5,6,13,14,15,16,23,24,25,26,34,35,36
1754,4,5,6,13,14,15,16,23,24,25,26,34,35,36
1755,4,5,6,13,14,15,16,23,24,25,26,34,35,36
1756,4,5,6,13,14,15,16,23,24,25,26,34,35,36
1757,4,5,13,14,15,16,23,24,25,26,33,34,35,36
1758,4,5,13,14,15,16,23,24,25,26,33,34,35,36
1759,4,5,6,13,14,15,16,23,24,25,26,33,34,35,36
1760,4,5,6,13,14,15,16,23,24,25,26,33,34,35,36
1761,4,5,6,13,14,15,16,23,24,25,26,34,35
1762,4,5,6,13,14,15,16,23,24,25,26,34,35
1763,4,5,6,13,14,15,16,23,24,25,26,34,35
1764,4,5,6,13,14,15,16,23,24,25,26,34,35
1765,3,4,5,6,13,14,15,16,23,24,25,26,34,35
1766,3,4,5,6,13,14,15,16,23,24,25,26,34,35
1767,3,4,5,6,13,14,15,16,23,24,25,26,34,35
1768,3,4,5,6,13,14,15,16,23,24,25,26,34,35
1769,3,4,5,6,13,14,15,16,23,24,25,26,34,35
1770,3,4,5,6,13,14,15,16,23,24,25,26,34,35
1771,3,4,5,6,13,14,15,16,23,24,25,26,34,35
1772,3,4,5,6,13,14,15,16,23,24,25,26,34,35
1773,3,4,5,6,13,14,15,16,23,24,25,26,34,35,36
1774,3,4,5,6,13,14,15,16,23,24,25,26,34,35,36
1775,4,5,6,14,15,16,17,24,25,26,27,34,35,36
1776,4,5,6,14,15,16,17,24,25,26,27,34,35,36
1777,4,5,6,14,15,16,17,24,25,26,27,34,35,36
1778,4,5,6,14,15,16,17,24,25,26,27,34,35,36
1779,5,6,14,15,16,17,24,25,26,27,34,35,36
1780,5,6,14,15,16,17,24,25,26,27,34,35,36
1781,5,6,14,15,16,17,24,25,26,27,34,35,36,37
1782,5,6,14,15,16,17,24,25,26,27,34,35,36,37
1783,14,15,16,17,24,25,26,27,34,35,36,37
1784,14,15,16,17,24,25,26,27,34,35,36,37
1785,14,15,16,17,24,25,26,27,34,35,36,37,45,46
1786,14,15,16,17,24,25,26,27,34,35,36,37,45,46
1787,14,15,16,17,24,25,26,27,34,35,36,37,45,46
1788,14,15,16,17,24,25,26,27,34,35,36,37,45,46
1789,14,15,16,17,24,25,26,27,34,35,36,37,45,46
1790,14,15,16,17,24,25,26,27,34,35,36,37,45,46
1791,14,15,16,17,24,25,26,27,34,35,36,37,45,46
1792,14,15,16,17,24,25,26,27,34,35,36,37,45,46
1793,14,15,16,17,24,25,26,27,34,35,36,37,45,46
1794,14,15,16,17,24,25,26,27,34,35,36,37,45,46
1795,14,15,16,17,24,25,26,27,34,35,36,37
1796,14,15,16,17,24,25,26,27,34,35,36,37
1797,14,15,16,17,24,25,26,27,34,35,36,37
1798,14,15,16,17,24,25,26,27,34,35,36,37
1799,5,14,15,16,24,25,26,27,34,35,36
1800,5,14,15,16,24,25,26,27,34,35,36
