1,0,16,24,25,26,27,34,35,36,37,44,45,46,47,54,55,56,57,64,65,66,67,75,76
2,0,16,24,25,26,27,34,35,36,37,44,45,46,47,54,55,56,57,64,65,66,67,75,76,13,14,15,17,74
3,0,16,24,25,26,27,34,35,36,37,44,45,46,47,54,55,56,57,64,65,66,67,75,76,23,74,77,42,43,52,53,62,63,72,73,81,82,83,84,85,86,91,92,93,94,95,96,97,98,99,100
4,0,16,24,25,26,27,34,35,36,37,44,45,46,47,54,55,56,57,64,65,66,67,75,76,41,42,43,51,52,53,61,62,63,69,70,71,72,73,79,80,81,82,83,84,85,87,88,89,90,91,92,93,94,95,96,97,98,99,100,21,22,23,31,32,33,74
5,0,16,24,25,26,27,34,35,36,37,44,45,46,47,54,55,56,57,64,65,66,67,75,76,31,32,33,42,43,52,53,61,62,63,71,72,73,74,81,82,83,84,85,86,88,89,90
6,0,34,35,36,44,45,46,53,54,55,56,63,64,65,66,73,74,75,76,84,85,86,32,33,42,43,52,62,71,72,81,82,83,89,90,31
7,0,33,34,42,43,44,52,53,54,55,62,63,64,65,72,73,74,75,82,83,84,31,32,61,71,81,85,89,90,21,28,29,30,38,39,40,41,48,49,50,51,58,59,60,68,69,70,78,79,80,87,88
8,0,33,34,42,43,44,52,53,54,55,62,63,64,65,72,73,74,75,82,83,84,21,22,28,29,30,31,38,39,40,41,48,49,50,51,58,59,60,61,68,69,70,71,78,79,80,81,87,88,89,90,27,77,86
9,0,23,32,33,34,42,43,44,45,52,53,54,55,62,63,64,65,72,73,74,75,82,83,84,1,2,3,4,5,6,7,8,9,10,11,15,16,17,18,19,20,26,27,28,29,30,37,38,39,47,48,49,57,58,59,67,68,69,12,13,21,22,31,40,41,50,51,60,61,70,71,78,79,80
10,0,22,31,32,33,41,42,43,51,52,53,61,62,63,71,72,73,81,82,83,39,40,69,70,79,80,84,88,89,90,21,27,28,29,30,38,48,49,50,58,59,60,67,68,77,78,86,87
11,0,21,30,31,32,40,41,42,49,50,51,52,59,60,61,62,69,70,71,72,79,80,81,82,90,22,28,29,38,39,48,58,68,78,87,88,89,23,33,73
12,0,11,20,21,29,30,31,32,39,40,41,42,49,50,51,52,59,60,61,69,70,71,80,35,36,37,45,46,47,55,56,57,65,66,67,75,76,77,78,84,85,86,87,88,89,91,92,93,94,95,96,97,98,99,100,74,83
13,0,21,30,31,32,40,41,42,49,50,51,52,59,60,61,62,69,70,71,72,80,81,90,55,56,57,65,66,67,75,76,77,84,85,86,87,88,91,92,93,94,95,96,97,98,99,100,64,74,83
14,0,21,22,30,31,32,40,41,42,50,51,52,60,61,62,70,71,72,80,81,82,77,78,79,83,85,86,87,88,89,90,91,92,93,94,95,96,97,98,99,100,73,74,75,84
15,0,35,36,44,45,46,54,55,56,57,64,65,66,67,74,75,76,77,84,85,86,94,95,96,63,72,73,81,82,83,91,92,93,97,98,99,100,87,88
16,0,55,56,57,64,65,66,67,68,73,74,75,76,77,78,81,82,83,84,85,86,87,88,89,90,91,92,93,94,95,96,97,98,99,100
17,0,64,65,66,71,72,73,74,75,76,77,78,79,80,81,82,83,84,85,86,87,88,89,90,91,92,93,94,95,96,97,98,99,100,55,56,57,67
18,0,64,65,66,71,72,73,74,75,76,77,78,79,80,81,82,83,84,85,86,87,88,89,90,91,92,93,94,95,96,97,98,99,100,46,47,48,56,57,58,67,68,26,27,28,29,36,37,38,39
19,0,65,66,67,71,72,73,74,75,76,77,78,79,80,81,82,83,84,85,86,87,88,89,90,91,92,93,94,95,96,97,98,99,100,36,37,38,46,47,48,56,57,58,68
20,0,57,64,65,66,67,68,73,74,75,76,77,78,79,80,81,82,83,84,85,86,87,88,89,90,91,92,93,94,95,96,97,98,99,100,25,26,27,28,29,36,37,38,46,47,48,56,58,35,45,55
21,0,38,46,47,48,56,57,58,59,66,67,68,69,76,77,78,79,86,87,88,89,96,97,98,99,33,34,35,43,44,45,53,54,55,63,64,65,72,73,74,75,81,82,83,84,85,90,11,12,13,14,15,16,22,23,24,25
22,0,38,46,47,48,49,56,57,58,59,66,67,68,69,76,77,78,79,86,87,88,89,96,97,98,99,1,2,3,4,5,6,7,8,9,10,12,13,14,15,16,23,24,25,33,34,35,43,44,45,53,54,55,63,64,65,11,17
23,0,27,28,36,37,38,39,46,47,48,49,56,57,58,59,66,67,68,69,76,77,78,79,87,88,11,12,13,14,15,16,22,23,24,25,32,33,34,42,43,44,52,53,54,62,63,64,72,73,74,75,26,35,45,55,65
24,0,24,25,26,34,35,36,44,45,46,54,55,56,64,65,66,74,75,76,73,83,84,85,86,87,23,27,77
25,0,14,15,16,23,24,25,26,33,34,35,36,43,44,45,46,53,54,55,56,64,65,66,74,75,12,13,17,18,27,1,2,3,4,5,6,7,8,9,10
26,0,14,15,23,24,25,33,34,35,36,43,44,45,46,53,54,55,56,63,64,65,74,75,1,2,3,4,5,6,7,8,9,10,12,13,16,17,26,66,11,18,19
27,0,25,26,34,35,36,37,44,45,46,47,54,55,56,57,64,65,66,67,74,75,76,1,2,3,4,5,6,7,8,9,10,13,14,15,16,17,23,24,12
28,0,15,16,17,24,25,26,27,34,35,36,37,44,45,46,47,54,55,56,57,64,65,66,1,2,3,4,5,6,7,8,9,10,13,14,23,12
29,0,5,6,14,15,16,17,24,25,26,27,34,35,36,37,44,45,46,47,54,55,56,57,65,66,11,12,13,18,19,64
30,0,5,6,14,15,16,17,24,25,26,27,34,35,36,37,44,45,46,47,54,55,56,57,65,66,11,12,13,18,19,64,1,2,3,4,7,8,9
31,0,5,6,14,15,16,17,24,25,26,27,34,35,36,37,44,45,46,47,54,55,56,57,65,66,11,12,13,18,64
32,0,5,6,14,15,16,17,24,25,26,27,34,35,36,37,44,45,46,47,54,55,56,57,65,66,12,13,18,23,64
33,0,5,6,14,15,16,17,24,25,26,27,34,35,36,37,44,45,46,47,54,55,56,57,65,66,22,23,33,43,53,63,64,72,73,74,75,76
34,0,6,14,15,16,17,24,25,26,27,34,35,36,37,44,45,46,47,54,55,56,57,65,66,23,63,64,73,74,75,76,33
35,0,15,16,24,25,26,27,34,35,36,37,44,45,46,47,54,55,56,57,64,65,66,75,76,23,33,63,73,74
36,0,15,24,25,26,34,35,36,44,45,46,54,55,56,64,65,66,74,75,76,23,63,73,13,14,16,33,53
37,0,15,24,25,26,34,35,36,44,45,46,54,55,56,64,65,66,74,75,76,23,33,63,73
38,0,15,24,25,26,34,35,36,44,45,46,54,55,56,64,65,66,74,75,76,23,33,63,73
39,0,15,24,25,26,34,35,36,44,45,46,54,55,56,64,65,66,74,75,76,23,33,63,73
40,0,15,24,25,26,34,35,36,44,45,46,54,55,56,64,65,66,74,75,76,23,63,73
41,0,15,24,25,26,34,35,36,44,45,46,54,55,56,64,65,66,74,75,76,23,63,73,13,14,16,17
42,0,15,24,25,26,34,35,36,44,45,46,54,55,56,64,65,66,74,75,76,13,14,16,17,23,73
43,0,15,24,25,26,34,35,36,44,45,46,54,55,56,64,65,66,74,75,76,12,13,14,16,17,23,73,18,33,63
44,0,15,24,25,26,34,35,36,44,45,46,54,55,56,64,65,66,74,75,76,1,2,3,4,5,6,7,8,9,10,11,12,13,14,16,17,18,23
45,0,15,16,24,25,26,34,35,36,44,45,46,47,54,55,56,57,64,65,66,74,75,76,12,13,14,17,18,23,33,63
46,0,15,16,24,25,26,34,35,36,37,44,45,46,47,54,55,56,64,65,66,75,76,12,13,14,17,23,33,63,73,74,43,53
47,0,5,6,14,15,16,17,24,25,26,27,34,35,36,37,44,45,46,47,54,55,56,64,65,66,12,13,23,33,63,73,74,75,76,1,2,3,4,7,8,9,10,11,18
48,0,14,15,16,24,25,26,34,35,36,37,44,45,46,47,54,55,56,64,65,66,75,1,2,3,4,5,6,7,8,9,10,12,13,17,23,33,63
49,0,15,16,24,25,26,34,35,36,44,45,46,54,55,56,64,65,66,74,75,76,1,2,3,4,5,6,7,8,9,10,12,13,14,17,23
50,0,5,14,15,16,24,25,26,33,34,35,36,44,45,46,54,55,56,64,65,66,1,2,3,4,6,7,8,9,10,12,13,17,23
51,0,5,6,14,15,16,24,25,26,27,34,35,36,37,44,45,46,47,54,55,56,64,65,66,1,2,3,4,7,8,9,10,12,13,17,23
52,0,5,6,14,15,16,24,25,26,27,34,35,36,37,44,45,46,47,54,55,56,64,65,66,11,12,13,17,18,23
53,0,5,6,14,15,16,17,24,25,26,27,34,35,36,37,44,45,46,47,54,55,56,64,65,66,13,23,74,75,76,12,18
54,0,5,6,14,15,16,17,24,25,26,27,34,35,36,37,44,45,46,47,54,55,56,64,65,66,12,13,23,74,75,76
55,0,15,16,24,25,26,27,34,35,36,37,44,45,46,47,54,55,56,57,64,65,66,12,13,14,17,18,23
56,0,15,16,24,25,26,27,34,35,36,37,44,45,46,47,54,55,56,57,64,65,66,75,76,12,13,14,17,18,23
57,0,15,16,24,25,26,27,34,35,36,37,44,45,46,47,54,55,56,57,64,65,66,75,76,12,13,14,17,18,23
58,0,15,16,24,25,26,27,34,35,36,37,44,45,46,47,54,55,56,57,64,65,66,75,76,12,13,14,17,18,23
59,0,15,16,24,25,26,27,34,35,36,37,44,45,46,47,54,55,56,57,64,65,66,75,76,12,13,14,17,18,23
60,0,15,16,24,25,26,27,34,35,36,37,44,45,46,47,54,55,56,57,64,65,66,75,76,12,13,14,17,18,23
